119727
42
[([[591, 198], [1038, 198], [1038, 380], [591, 380]], '기?', 0.031100184754794674), ([[612, 354], [1025, 354], [1025, 443], [612, 443]], '비 [  [ "수', 0.03145453652939658), ([[54, 1284], [291, 1284], [291, 1334], [54, 1334]], '스괴 소-때 -미!', 0.00027884298194046607), ([[64, 1326], [294, 1326], [294, 1404], [64, 1404]], '신 $0)', 0.004708353099043657), ([[187, 1397], [225, 1397], [225, 1411], [187, 1411]], '7토마', 0.003095596359510171), ([[84.01471854987147, 1372.0486573537019], [298.78598276565504, 1407.9421998857267], [279.9852814501285, 1492.9513426462981], [65.21401723434498, 1457.0578001142733]], '0해', 0.00794368136776716)]
[]
[]
[]
[([[227, 799], [426, 799], [426, 1085], [227, 1085]], '7', 0.7494811872702236)]
[]
[]
[]
[]
[]
[]
[]
[([[481, 37], [521, 37], [521, 73], [481, 73]], '자:', 0.19803290960290468), ([[549, 35], [1049, 35], [1049, 77], [549, 77]], '잠깐만 루지 이 , 이런 곳에서: . 아양!', 0.6077828372478141), ([[479, 71], [693, 71], [693, 113], [479, 113]], '지금은 수련중 .', 0.6334809833720157), ([[711, 73], [861, 73], [861, 111], [711, 111]], '인데 . 양!', 0.3652939643984334), ([[482, 112], [518, 112], [518, 144], [482, 144]], '미', 0.9999814034372889), ([[529, 109], [805, 109], [805, 147], [529, 147]], '미안 . . 그래도 , 나:', 0.5003456927173933), ([[482, 140], [868, 140], [868, 188], [482, 188]], '더이상은  참지 못하켓어  ', 0.41181162689686257), ([[479, 179], [941, 179], [941, 221], [479, 221]], '하아양 ! 저 , 저기 루지 안덮다 고 . .', 0.21852260704152787), ([[481, 213], [1015, 213], [1015, 257], [481, 257]], '햇잖아  아양 ! 그, 그렇게 비벼대면. !', 0.23899640208258), ([[475, 246], [714, 246], [714, 294], [475, 294]], '아아아아아아양 !', 0.9412222447551581), ([[481, 289], [789, 289], [789, 329], [481, 329]], '코, 코토나씨 . 미안 .', 0.3838033543391388), ([[47, 1065], [449, 1065], [449, 1107], [47, 1107]], '하양 ! 자, 잠깐만 너:  넣으면', 0.6025803355790479), ([[483, 1065], [693, 1065], [693, 1107], [483, 1107]], '안돼. . 하아양 !', 0.4400384000514428), ([[51, 1101], [869, 1101], [869, 1143], [51, 1143]], '코토나씨의 속안 , 따뜻하고 꽉 끼고:. 어: 엄청 기분좋아요!', 0.4802860794966863), ([[49, 1137], [585, 1137], [585, 1180], [49, 1180]], '아, 안팎다니까 . 지금: . 양: 수련 중인', 0.25733975199240683), ([[615, 1137], [789, 1137], [789, 1179], [615, 1179]], '아아아아양 !', 0.9720892143575802), ([[51, 1173], [643, 1173], [643, 1217], [51, 1217]], '루지 , 그, 그렇게 격결:. 하게 흔들지 말아쥐', 0.22339836800060722), ([[675, 1173], [787, 1173], [787, 1215], [675, 1215]], '아아양 !', 0.8165449647853806), ([[46, 1204], [534, 1204], [534, 1253], [46, 1253]], '좋아요 엄청 좋아요! 코토나상의 안 ,', 0.4354697657616896), ([[49, 1244], [651, 1244], [651, 1287], [49, 1287]], '미골미골거려서 제꺼름 잡고 놔주질 않아요!', 0.49940945785052276), ([[50, 1286], [86, 1286], [86, 1318], [50, 1318]], '더', 0.9999492174873836), ([[119, 1281], [925, 1281], [925, 1323], [119, 1323]], '더는  하 하지만: . 나: 나도:: 이상하게 되버려: . 루지::', 0.23055393878121613), ([[51, 1317], [843, 1317], [843, 1359], [51, 1359]], '조 , 좀더 빠 르게 흔들어: 쥐엇 ! 아양 양 양양 하아아양 !', 0.3731315685446278), ([[51, 1357], [231, 1357], [231, 1395], [51, 1395]], '너무 좋아서::', 0.8269026080459542), ([[245, 1351], [455, 1351], [455, 1396], [245, 1396]], '참울 수가 없어', 0.5344158396173145)]
[([[65, 1051], [693, 1051], [693, 1093], [65, 1093]], '루. 루지, 아: 안 돼 또나: 하아양 양 양 !', 0.37381785561233505), ([[61, 1085], [709, 1085], [709, 1129], [61, 1129]], "이젠 잠깐: 아양 ! 조:' 좋아 , 좋아아 좋아아앗 !", 0.5741237194711005), ([[65, 1125], [179, 1125], [179, 1165], [65, 1165]], '조, 좀더', 0.5501363315694888), ([[211, 1121], [757, 1121], [757, 1165], [211, 1165]], '좀다 강하게 ! 양 양 아양 아양 하아아양 !', 0.6016917966001585), ([[63, 1161], [335, 1161], [335, 1201], [63, 1201]], '코토나씨 코토나씨 !', 0.7351319070230096), ([[61, 1195], [643, 1195], [643, 1238], [61, 1238]], '양양! 나, 나: 이젠 갈 것: 같아! 하아양 !', 0.5507341426172265), ([[61, 1233], [99, 1233], [99, 1269], [61, 1269]], '이', 0.999055132051808), ([[131, 1229], [585, 1229], [585, 1273], [131, 1273]], '이젠 저도: 싸; 싸요: 씹니다 !', 0.4683466863768179), ([[61, 1267], [533, 1267], [533, 1309], [61, 1309]], '아: 안에다가늘: 싸지 말아쥐 !', 0.4866979729804499), ([[63, 1303], [363, 1303], [363, 1345], [63, 1345]], '가옷:    갑니다아아 !', 0.41135880713555745), ([[61, 1339], [677, 1339], [677, 1381], [61, 1381]], '아양 ! 루 , 루지! 가, 가앗! 가아아아아아아앗 !', 0.367009193792678)]
[]
[([[43, 1387], [511, 1387], [511, 1431], [43, 1431]], '표겨울 코미 69회용 표지 일러스트', 0.5452447501740071), ([[25, 1441], [51, 1441], [51, 1461], [25, 1461]], '17', 0.9656974570396614)]
[([[82, 1225], [982, 1225], [982, 1354], [82, 1354]], '구근 주구구 신디구*글', 0.014599369447535985), ([[544, 1358], [1014, 1358], [1014, 1406], [544, 1406]], '[겨울 코미 69회 연습용 일러스트', 0.3565825119552395), ([[1008, 1436], [1036, 1436], [1036, 1460], [1008, 1460]], '18', 0.9999998314126102)]
[([[69, 213], [605, 213], [605, 489], [69, 489]], '[#깔', 0.0012112830007930222), ([[67, 1459], [91, 1459], [91, 1477], [67, 1477]], '19', 0.6388460397720337)]
[]
[([[889, 67], [954, 67], [954, 108], [889, 108]], '오늘', 0.7561424970626831), ([[859, 105], [983, 105], [983, 143], [859, 143]], '사이주로', 0.2895754277706146), ([[212, 144], [242, 144], [242, 178], [212, 178]], '몸', 0.9997439548379248), ([[869, 141], [975, 141], [975, 179], [869, 179]], '씨와 한', 0.9977244973465036), ([[199, 179], [263, 179], [263, 215], [199, 215]], '이곳', 0.9953231393517453), ([[887, 175], [953, 175], [953, 215], [887, 215]], '수행', 0.999928519693208), ([[191, 215], [283, 215], [283, 253], [191, 253]], '저끗이', 0.6590295214063948), ([[847, 211], [1003, 211], [1003, 253], [847, 253]], '힘들없논지', 0.439113992495078), ([[191, 249], [283, 249], [283, 287], [191, 287]], '4시네', 0.33341452483993606), ([[29, 459], [153, 459], [153, 501], [29, 501]], '좀더수행', 0.37904906272888184), ([[521, 459], [597, 459], [597, 497], [521, 497]], '아니,', 0.8802576822942374), ([[27, 497], [169, 497], [169, 537], [27, 537]], '해야깊어 !', 0.6590811622748732), ([[491, 495], [615, 495], [615, 533], [491, 533]], '이래서는', 0.7176789045333862), ([[521, 531], [585, 531], [585, 567], [521, 567]], '아직', 0.9999542288293288), ([[503, 567], [611, 567], [611, 607], [503, 607]], '멀없어 !', 0.6215915619298846), ([[16, 650], [66, 650], [66, 676], [16, 676]], '적의', 0.9994975622495834), ([[336, 664], [410, 664], [410, 694], [336, 694]], '다음에', 0.9948896000332383), ([[10, 680], [84, 680], [84, 710], [10, 710]], '손아귀', 0.9986967650433842), ([[14, 708], [68, 708], [68, 736], [14, 736]], '에서', 0.9955621292054582), ([[120, 704], [144, 704], [144, 732], [120, 732]], '래', 0.9806886590047306), ([[190, 692], [316, 692], [316, 722], [190, 722]], '자이런 녀석', 0.793918909142419), ([[333, 689], [444, 689], [444, 726], [333, 726]], '만날 때는', 0.8792119487238687), ([[598, 664], [622, 664], [622, 740], [598, 740]], '물', 0.041007668471682024), ([[121, 729], [141, 729], [141, 753], [121, 753]], '도', 0.9999896288186996), ([[189, 719], [311, 719], [311, 751], [189, 751]], '뒤에서부터', 0.9986653351585474), ([[334, 722], [442, 722], [442, 752], [334, 752]], '뒤릎 조심', 0.7403258403226157), ([[10, 736], [86, 736], [86, 766], [10, 766]], '벗어날', 0.9982165311569497), ([[189, 747], [321, 747], [321, 783], [189, 783]], '강한 훈련올', 0.5139884169166237), ([[332, 746], [411, 746], [411, 782], [332, 782]], '하라구', 0.9923385704672218), ([[16, 764], [68, 764], [68, 796], [16, 796]], '수도', 0.9996329206858664), ([[198, 778], [298, 778], [298, 810], [198, 810]], '받고있는', 0.3230334222316742), ([[18, 794], [68, 794], [68, 824], [18, 824]], '없고', 0.9929874130656131), ([[206, 806], [296, 806], [296, 834], [206, 834]], '건가  ?', 0.6945086691544139), ([[634, 772], [666, 772], [666, 864], [634, 864]], '시', 0.03619926754998759), ([[33, 885], [53, 885], [53, 915], [33, 915]], '음', 0.9998046255181556), ([[565, 1163], [605, 1163], [605, 1295], [565, 1295]], '국', 0.029075731391348114), ([[568, 1296], [596, 1296], [596, 1330], [568, 1330]], '?', 0.8115593921917394), ([[75, 1289], [123, 1289], [123, 1409], [75, 1409]], '육', 0.8182654024233358), ([[725.4095257509892, 26.04382253162789], [758.6189599041879, 18.048179073261586], [776.5904742490108, 100.95617746837212], [744.3810400958121, 108.9518209267384]], '용', 0.27882547763212884), ([[275.388137237664, 572.0630587407871], [298.6285872661926, 568.0665927577678], [308.611862762336, 625.9369412592129], [285.3714127338074, 629.9334072422322]], '불', 0.14044870004824261), ([[435.43431457505073, 745.0402020253554], [465.67318585156806, 739.0570542979584], [480.56568542494927, 822.9597979746446], [450.32681414843194, 828.9429457020416]], '햇', 0.027739471829150375)]
[([[241, 21], [335, 21], [335, 59], [241, 59]], '그런데', 0.9999595995317914), ([[372, 42], [472, 42], [472, 72], [372, 72]], '놀래키지', 0.9905247092247009), ([[541, 41], [613, 41], [613, 79], [541, 79]], '뭐야 ,', 0.4543611804848745), ([[654, 28], [766, 28], [766, 76], [654, 76]], '우후후', 0.20198851775310003), ([[224, 56], [343, 56], [343, 94], [224, 94]], '코토나씨', 0.9988695383071899), ([[372, 70], [480, 70], [480, 102], [372, 102]], '좀 마세요', 0.9991068224233517), ([[533, 77], [627, 77], [627, 115], [533, 115]], '코토나', 0.9990462769602148), ([[652, 74], [764, 74], [764, 116], [652, 116]], '루지군', 0.5025100074191889), ([[241, 93], [335, 93], [335, 131], [241, 131]], '웬일로', 0.998410850469279), ([[252, 132], [316, 132], [316, 164], [252, 164]], '여기', 0.999996628253784), ([[531, 113], [625, 113], [625, 151], [531, 151]], '씨스네', 0.5619662661671483), ([[665, 117], [739, 117], [739, 161], [665, 161]], '발견', 0.9999720146072846), ([[241, 165], [325, 165], [325, 203], [241, 203]], '까지?', 0.976918956393018), ([[925, 45], [1009, 45], [1009, 298], [925, 298]], '품', 0.062268598385238016), ([[355, 249], [391, 249], [391, 287], [355, 287]], '뭐', 0.9999917745759355), ([[345, 285], [409, 285], [409, 323], [345, 323]], '인사', 0.9999522058083213), ([[945, 297], [991, 297], [991, 341], [945, 341]], '!?', 0.9762793053351598), ([[343, 319], [407, 319], [407, 357], [343, 357]], '처례', 0.3263857905466946), ([[335, 357], [417, 357], [417, 395], [335, 395]], '정도?', 0.999971162164751), ([[494, 450], [526, 450], [526, 514], [494, 514]], '', 0.0), ([[494, 518], [526, 518], [526, 612], [494, 612]], '흙', 0.5910404571278747), ([[500, 618], [524, 618], [524, 646], [500, 646]], '2', 0.9380567096473555), ([[82, 702], [112, 702], [112, 734], [82, 734]], '네', 0.9977870323189251), ([[92, 740], [116, 740], [116, 768], [92, 768]], '2', 0.9504055024742151), ([[242, 824], [270, 824], [270, 848], [242, 848]], '아', 0.999975204621478), ([[514, 820], [602, 820], [602, 850], [514, 850]], '아 , 아뇨', 0.6272419256940205), ([[119, 831], [211, 831], [211, 869], [119, 869]], '루지도', 0.6637995698191951), ([[248, 848], [276, 848], [276, 874], [248, 874]], '놔', 0.9412255905915323), ([[530, 850], [574, 850], [574, 876], [530, 876]], '그 ', 0.5854254773656553), ([[119, 867], [223, 867], [223, 905], [119, 905]], '참 쉽게', 0.3460306791181148), ([[514, 878], [602, 878], [602, 908], [514, 908]], '그다지 !', 0.9958062906667973), ([[127, 901], [191, 901], [191, 941], [127, 941]], '낚인', 0.29007459108472), ([[119, 939], [215, 939], [215, 977], [119, 977]], '다니까', 0.9964724946085798), ([[506, 944], [558, 944], [558, 976], [506, 976]], '두근', 0.9995794003635573), ([[450, 988], [504, 988], [504, 1020], [450, 1020]], '두근', 0.9992682405652371), ([[878, 1110], [971, 1110], [971, 1151], [878, 1151]], '루지틀', 0.14539683919804702), ([[879, 1149], [973, 1149], [973, 1185], [879, 1185]], '숨어서', 0.9985328316688538), ([[103, 1181], [219, 1181], [219, 1217], [103, 1217]], '저 , 저기', 0.8034217436609221), ([[887, 1185], [953, 1185], [953, 1221], [887, 1221]], '기다', 0.999952542978406), ([[103, 1217], [233, 1217], [233, 1253], [103, 1253]], '그, 그거:.', 0.5194423267707485), ([[877, 1219], [971, 1219], [971, 1259], [877, 1259]], '렇다구', 0.38834208976868745), ([[93, 1251], [267, 1251], [267, 1291], [93, 1291]], '정찰인거조?', 0.9933362380118904), ([[133, 1289], [225, 1289], [225, 1327], [133, 1327]], '중네요', 0.9612514554605094), ([[113, 1325], [181, 1325], [181, 1361], [113, 1361]], '저도', 0.9999808653843955), ([[191, 1325], [239, 1325], [239, 1361], [191, 1361]], '가 ,', 0.895950968520932), ([[91, 1357], [255, 1357], [255, 1399], [91, 1399]], '같이 정찰해', 0.9985342682690846), ([[105, 1397], [247, 1397], [247, 1433], [105, 1433]], '드럽가요?', 0.1852046050414076), ([[343.30093001828124, 449.0306022084062], [401.69943715464836, 437.1825890886176], [426.69906998171876, 578.9693977915938], [368.30056284535164, 590.8174109113824]], '둘', 0.33397907948989314), ([[507.02985749985464, 980.1194299994187], [562.7947331922021, 992.7350889359326], [554.9701425001454, 1027.8805700005814], [498.20526680779795, 1014.2649110640674]], '두근', 0.9996096582064355), ([[737.2583685632087, 1070.069353385006], [765.5819759619793, 1063.0425634585406], [781.7416314367913, 1130.930646614994], [754.4180240380207, 1138.9574365414594]], '속', 0.791266383411827)]
[([[120, 4], [194, 4], [194, 34], [120, 34]], '그렇게', 0.984196323012055), ([[120, 32], [194, 32], [194, 64], [120, 64]], '큰소리', 0.9294227064847328), ([[136, 62], [188, 62], [188, 92], [136, 92]], '내면', 0.9999198376352314), ([[611, 53], [675, 53], [675, 93], [611, 93]], '너름', 0.315748616654431), ([[112, 118], [212, 118], [212, 150], [112, 150]], '녀석들이', 0.919264937279354), ([[120, 90], [198, 90], [198, 120], [120, 120]], '가라가', 0.9998450065486202), ([[418, 48], [450, 48], [450, 164], [418, 164]], '축', 0.02046018622367285), ([[580, 85], [705, 85], [705, 129], [580, 129]], '정찰하러', 0.9810013771057129), ([[593, 127], [689, 127], [689, 165], [593, 165]], '온거야', 0.9903992562854335), ([[118, 148], [198, 148], [198, 178], [118, 178]], '깨어나', 0.5393304228782654), ([[112, 176], [224, 176], [224, 208], [112, 208]], '버린다구 !', 0.6962341998580046), ([[82, 268], [110, 268], [110, 298], [82, 298]], '네', 0.9998692316847304), ([[80, 296], [112, 296], [112, 328], [80, 328]], '에', 0.8741937933364371), ([[254, 546], [377, 546], [377, 589], [254, 589]], '조사해볼', 0.9846442937850952), ([[417, 569], [545, 569], [545, 607], [417, 607]], '아 진짜 -', 0.8829691480449365), ([[263, 587], [361, 587], [361, 623], [263, 623]], '가치가', 0.9998361970707936), ([[419, 605], [549, 605], [549, 643], [419, 643]], '루지 너무', 0.8068417835644114), ([[251, 619], [377, 619], [377, 661], [251, 661]], '있격논걸', 0.015341411344707012), ([[419, 641], [555, 641], [555, 679], [419, 679]], '귀엽잖아 !', 0.5735325710241748), ([[5, 749], [41, 749], [41, 813], [5, 813]], '옛', 0.997939695273601), ([[708, 748], [740, 748], [740, 814], [708, 814]], '옷', 0.16649166959911454), ([[360, 902], [384, 902], [384, 936], [360, 936]], '응', 0.9989281190360231), ([[4, 998], [52, 998], [52, 1108], [4, 1108]], '푹', 0.9370654169615591), ([[13, 1123], [57, 1123], [57, 1189], [13, 1189]], '축', 0.7053719651432857), ([[1, 1181], [41, 1181], [41, 1247], [1, 1247]], '춤', 0.9919452205733172), ([[838, 1320], [866, 1320], [866, 1386], [838, 1386]], '응', 0.9972091147465676), ([[56, 1404], [86, 1404], [86, 1474], [56, 1474]], '흉', 0.1676280662650811), ([[675.4262341340786, 244.0164739329682], [747.8926486110873, 225.03992076049974], [799.5737658659214, 437.9835260670318], [727.1073513889127, 456.96007923950026]], '넷', 0.6179968331964325), ([[836.230342157116, 801.0747450012914], [866.8864844143559, 793.0994685768342], [881.769657842884, 859.9252549987086], [850.1135155856441, 866.9005314231658]], '찍', 0.10494771058343932), ([[461.20883699001877, 819.0313460742366], [536.3551878628979, 809.5796648464791], [552.7911630099812, 964.9686539257634], [477.6448121371021, 974.4203351535209]], '확', 0.47632054631776555)]
[([[271, 43], [365, 43], [365, 79], [271, 79]], '루지의', 0.9170035580027429), ([[91, 35], [127, 35], [127, 125], [91, 125]], '양', 0.07087597818853286), ([[272, 80], [362, 80], [362, 110], [272, 110]], '여기 ', 0.5237549636497928), ([[271, 115], [369, 115], [369, 151], [271, 151]], '커작네', 0.16171736471885623), ([[921, 75], [989, 75], [989, 232], [921, 232]], '화', 0.033878541590733), ([[82, 380], [154, 380], [154, 404], [82, 404]], '굉장해 ', 0.9807707667350769), ([[458, 264], [498, 264], [498, 417], [458, 417]], '품', 0.262179121293471), ([[64, 400], [182, 400], [182, 426], [64, 426]], '루지의 돌들이', 0.6674348201281414), ([[82, 422], [158, 422], [158, 446], [82, 446]], '불근불끈', 0.9282436966896057), ([[82, 444], [160, 444], [160, 468], [82, 468]], '거리논게', 0.6094251393379534), ([[74, 464], [170, 464], [170, 490], [74, 490]], '지금이라도', 0.9988868786025783), ([[82, 488], [158, 488], [158, 512], [82, 512]], '터저버랗', 0.14808198809623718), ([[84, 510], [166, 510], [166, 534], [84, 534]], '것만 같아', 0.9637316475979237), ([[1012, 604], [1044, 604], [1044, 640], [1012, 640]], '코', 0.9999340783493302), ([[80, 662], [162, 662], [162, 688], [80, 688]], '아  코', 0.9060605319017694), ([[336, 672], [438, 672], [438, 702], [336, 702]], '지금부터', 0.9992549419403076), ([[527, 649], [593, 649], [593, 685], [527, 685]], '그런', 0.9565834125879128), ([[973, 603], [1009, 603], [1009, 739], [973, 739]], '출', 0.9384929612995307), ([[86, 690], [160, 690], [160, 716], [86, 716]], '코토나', 0.9928105173138236), ([[344, 700], [426, 700], [426, 732], [344, 732]], '즐겁게', 0.9330254197120667), ([[523, 683], [561, 683], [561, 721], [523, 721]], '덜', 0.5287534838056587), ([[1008, 640], [1046, 640], [1046, 767], [1008, 767]], '푹', 0.16968555949336306), ([[103, 723], [151, 723], [151, 743], [103, 743]], "씨''", 0.7857920767101194), ([[336, 730], [438, 730], [438, 762], [336, 762]], '해출게0', 0.5542324185371399), ([[574, 802], [652, 802], [652, 962], [574, 962]], '@*', 0.03506048402192569), ([[901, 913], [1037, 913], [1037, 949], [901, 949]], '내 키스가', 0.9001964200984164), ([[919, 949], [1017, 949], [1017, 989], [919, 989]], '그렇게', 0.47738057374954224), ([[929, 987], [995, 987], [995, 1023], [929, 1023]], '기분', 0.999916297384918), ([[909, 1019], [1021, 1019], [1021, 1061], [909, 1061]], '좋앉어?', 0.4690602123737335), ([[361, 1185], [487, 1185], [487, 1223], [361, 1223]], '돌들이도', 0.9519144296646118), ([[351, 1221], [479, 1221], [479, 1259], [351, 1259]], '귀여운길', 0.33671635389328003), ([[392, 1260], [454, 1260], [454, 1292], [392, 1292]], '루지', 0.8279820691933074), ([[871, 1275], [1005, 1275], [1005, 1311], [871, 1311]], '저 , 저기:', 0.41730343099718736), ([[883, 1311], [1007, 1311], [1007, 1347], [883, 1347]], '코토나씨', 0.9988218545913696), ([[89, 1287], [129, 1287], [129, 1447], [89, 1447]], '아', 0.007914194336545999), ([[643, 1313], [761, 1313], [761, 1427], [643, 1427]], '4', 0.06464761898714588), ([[883, 1383], [1037, 1383], [1037, 1421], [883, 1421]], '말라니까요', 0.9945944603201459), ([[904, 1348], [996, 1348], [996, 1380], [904, 1380]], '그러지', 0.9997298717498779), ([[903, 1419], [1047, 1419], [1047, 1455], [903, 1455]], '안돼: . 요!', 0.5034037196541077), ([[382.23034215711596, 260.0747450012914], [414.92909872822327, 252.10939907556508], [429.76965784288404, 318.9252549987086], [397.07090127177673, 326.8906009244349]], '하', 0.7166377993650173), ([[511.200159952016, 267.0807837648784], [545.2649110640674, 260.20526680779795], [555.799840047984, 323.9192162351216], [521.7350889359326, 330.79473319220205]], '하', 0.8826746493054181), ([[118.40011996401199, 850.0605878236588], [145.45617155276182, 842.0348849070482], [162.599880035988, 904.9394121763412], [135.54382844723818, 912.9651150929518]], '꿀', 0.2454200493651939), ([[51.272393124891, 935.089572499564], [73.47769731647386, 924.038276637862], [100.727606875109, 980.910427500436], [78.52230268352614, 991.961723362138]], '중', 0.37579155078960014), ([[554.00059982006, 1248.3029391182938], [717.7403165994242, 1195.8095584271189], [749.99940017994, 1326.6970608817062], [586.2596834005758, 1379.1904415728811]], "'내", 0.010367579862532792)]
[([[48, 14], [104, 14], [104, 114], [48, 114]], '욕', 0.7336734745825915), ([[201, 35], [367, 35], [367, 73], [201, 73]], '남자 아이는', 0.7244516908565249), ([[229, 71], [327, 71], [327, 109], [229, 109]], '여기틀', 0.28225239976861827), ([[201, 107], [357, 107], [357, 145], [201, 145]], '자극해주면', 0.9999069700230492), ([[203, 143], [353, 143], [353, 181], [203, 181]], '기분 쫓지?', 0.9476415622833941), ([[933, 293], [1029, 293], [1029, 331], [933, 331]], '굉장해', 0.9995669624206457), ([[912, 328], [1047, 328], [1047, 368], [912, 368]], '아직도 더', 0.9989941342880607), ([[934, 368], [1028, 368], [1028, 400], [934, 400]], '커지고', 0.9996905668974142), ([[949, 399], [1018, 399], [1018, 440], [949, 440]], '있어', 0.9971908894614132), ([[464, 464], [496, 464], [496, 540], [464, 540]], '좌', 0.0025450657728801757), ([[524, 416], [576, 416], [576, 540], [524, 540]], '양', 0.9902365081969187), ([[962, 564], [992, 564], [992, 658], [962, 658]], '톤', 0.016982936713392016), ([[722, 658], [752, 658], [752, 692], [722, 692]], '양', 0.9175711303351477), ([[40, 666], [70, 666], [70, 732], [40, 732]], '응', 0.859412298667511), ([[109, 817], [159, 817], [159, 855], [109, 855]], ' 대', 0.04597123769062445), ([[613, 789], [652, 789], [652, 860], [613, 860]], '통', 0.031184110758730732), ([[165, 927], [215, 927], [215, 965], [165, 965]], '값대', 0.008406625880682772), ([[242, 926], [270, 926], [270, 970], [242, 970]], '유', 0.044273477556491025), ([[19, 935], [61, 935], [61, 1017], [19, 1017]], '앗', 0.40194988238182816), ([[200, 1031], [238, 1031], [238, 1102], [200, 1102]], '통', 0.10524787561208004), ([[643, 1009], [679, 1009], [679, 1101], [643, 1101]], '몇', 0.08585496278721294), ([[717, 1169], [757, 1169], [757, 1231], [717, 1231]], '#', 0.15439721774136306), ([[688, 1240], [736, 1240], [736, 1300], [688, 1300]], "철'", 0.2898991148289956), ([[422, 1268], [473, 1268], [473, 1376], [422, 1376]], '늙', 0.3826316100457916), ([[939, 1309], [1007, 1309], [1007, 1347], [939, 1347]], '우음', 0.761620761699476), ([[939, 1347], [1005, 1347], [1005, 1385], [939, 1385]], '기분', 0.9999067724439678), ([[458, 1372], [540, 1372], [540, 1398], [458, 1398]], '어때:  ?', 0.3597658476335054), ([[40, 1382], [70, 1382], [70, 1448], [40, 1448]], '응', 0.9152245333262989), ([[452, 1398], [554, 1398], [554, 1424], [452, 1424]], '느껴저: ?', 0.3226267030868043), ([[933, 1381], [999, 1381], [999, 1421], [933, 1421]], '좋아', 0.9974877929706182), ([[488, 1426], [534, 1426], [534, 1450], [488, 1450]], '루지', 0.8865195477461071), ([[376.2828546384055, -4.948302995001777], [417.7424411275657, -8.686565791383655], [426.7171453615945, 73.94830299500178], [385.2575588724343, 78.68656579138366]], '"', 0.021816794505866932), ([[825.263428220882, 400.31125619638146], [857.6608186004551, 376.04386049658683], [899.736571779118, 436.68874380361854], [868.3391813995449, 460.95613950341317]], '흙', 0.00917851175350265), ([[856.2716429592708, 581.0668719800622], [885.4961389383568, 568.0308884931453], [916.7283570407292, 642.9331280199378], [886.5038610616432, 655.9691115068547]], '육', 0.08275911370425604), ([[891.3424040507786, 662.0544243046714], [921.5218180502856, 654.0341828178298], [941.6575959492214, 729.9455756953286], [911.4781819497144, 737.9658171821702]], '육', 0.4242191147387899), ([[789.3391813995449, 660.0438604965868], [829.4819960743623, 654.2246793159438], [839.6608186004551, 744.9561395034132], [799.5180039256377, 750.7753206840562]], '톤', 0.11369830347426646), ([[916.5432027610058, 1223.0209100949623], [956.9782956827526, 1233.9838133975004], [925.4567972389942, 1341.9790899050377], [885.0217043172474, 1331.0161866024996]], '손', 0.7806176087974883), ([[526.3170000317804, 1248.03340032416], [576.5906073092449, 1239.1831115318075], [595.6829999682196, 1363.96659967584], [545.4093926907551, 1372.8168884681925]], '맨', 0.0491483585014727)]
[([[72, 4], [104, 4], [104, 68], [72, 68]], '양', 0.591328997390761), ([[380, 2], [412, 2], [412, 98], [380, 98]], '틀', 0.33251053892308846), ([[570, 0], [600, 0], [600, 66], [570, 66]], '{', 0.0182369647225622), ([[729, 39], [765, 39], [765, 101], [729, 101]], '틀', 0.01081257428500676), ([[955, 31], [975, 31], [975, 75], [955, 75]], '호', 0.0029991176018541316), ([[443, 93], [479, 93], [479, 175], [443, 175]], '중', 0.03948616530910365), ([[964, 134], [1024, 134], [1024, 166], [964, 166]], '나도', 0.9999527958559914), ([[964, 172], [1024, 172], [1024, 202], [964, 202]], '느껴', 0.9877015645748952), ([[951, 203], [1047, 203], [1047, 241], [951, 241]], '버럿네', 0.566918470852517), ([[482, 360], [544, 360], [544, 390], [482, 390]], '화  ', 0.32796039246504893), ([[1006, 334], [1036, 334], [1036, 382], [1006, 382]], ';', 0.0032745582354446606), ([[473, 395], [569, 395], [569, 431], [473, 431]], '보라구', 0.8795151615733721), ([[463, 429], [587, 429], [587, 467], [463, 467]], '내쪽도: ', 0.12242574732299398), ([[491, 467], [557, 467], [557, 503], [491, 503]], '벌써', 0.9966367388488507), ([[471, 503], [569, 503], [569, 541], [471, 541]], '이렇게', 0.8230439191831925), ([[463, 539], [587, 539], [587, 577], [463, 577]], '맺다구  ', 0.2772847188046294), ([[399, 761], [455, 761], [455, 781], [399, 781]], '루지의', 0.940195537754029), ([[398, 782], [456, 782], [456, 806], [398, 806]], '놀들이', 0.464006247035567), ([[393, 803], [467, 803], [467, 823], [393, 823]], '즉에서도', 0.5303789377212524), ([[392, 824], [468, 824], [468, 850], [392, 850]], '끈적끈적', 0.7042234630397459), ([[409, 847], [451, 847], [451, 867], [409, 867]], '단게', 0.36228065321561115), ([[399, 869], [457, 869], [457, 889], [399, 889]], '나오기', 0.9446363158935411), ([[380, 888], [474, 888], [474, 912], [380, 912]], '시작하네  ', 0.5589039803012649), ([[295, 989], [337, 989], [337, 1083], [295, 1083]], '$', 0.641332040797554), ([[86, 1132], [130, 1132], [130, 1158], [86, 1158]], '아 ', 0.36205127213170085), ([[86, 1160], [140, 1160], [140, 1190], [86, 1190]], '미안', 0.9626072471333892), ([[994, 1142], [1024, 1142], [1024, 1196], [994, 1196]], '곁', 0.1587949544709808), ([[70, 1190], [160, 1190], [160, 1220], [70, 1220]], '아쨌어?', 0.20458915829658508), ([[994, 1195], [1024, 1195], [1024, 1321], [994, 1321]], '#', 0.06171386609169738), ([[324, 1306], [354, 1306], [354, 1382], [324, 1382]], '팩', 0.03070229827101678), ([[57, 1407], [89, 1407], [89, 1421], [57, 1421]], '아;', 0.3605454210108916), ([[55, 1429], [93, 1429], [93, 1445], [55, 1445]], '아뇨', 0.9997348223283545), ([[46, 1446], [96, 1446], [96, 1470], [46, 1470]], '괜찮;', 0.1401107352763836), ([[55, 1469], [91, 1469], [91, 1489], [55, 1489]], '아뇨', 0.9169513236697949), ([[251.77198888030895, 12.193165528957795], [280.5502734850987, -7.961969092711007], [320.228011119691, 50.8068344710422], [291.4497265149013, 71.961969092711]], '도', 0.06781529843027911), ([[435.3315670795699, 18.056245769462144], [469.649492781819, 8.05308232586933], [490.6684329204301, 84.94375423053785], [455.350507218181, 94.94691767413067]], '숲', 0.11783008068329082), ([[79.49134273605854, 797.0324733412566], [111.21880078490092, 803.6717988226486], [94.50865726394146, 882.9675266587434], [62.781199215099086, 876.3282011773514]], '국', 0.011774215292632617), ([[685.4910134014407, 881.0658509254747], [703.3708157183956, 874.034676692503], [723.5089865985593, 922.9341490745253], [705.6291842816044, 930.965323307497]], '둘', 0.11314406932744081), ([[320.2397140787303, 919.058141511747], [358.54616275934427, 906.0299188899671], [385.7602859212697, 993.941858488253], [347.45383724065573, 1006.9700811100329]], '5', 0.21094719259064565), ([[838.9632031319512, 1133.090257852122], [873.5481566867932, 1107.025092113955], [939.0367968680488, 1201.909742147878], [904.4518433132068, 1227.974907886045]], '줄', 0.5617157274243176), ([[624.2964901225008, 1160.0103131772785], [943.692862001469, 1382.1726915228396], [825.7035098774992, 1548.9896868227215], [506.30713799853095, 1326.8273084771604]], '[6머벼', 0.00034909480018541217)]
[([[28, 0], [58, 0], [58, 64], [28, 64]], '통', 0.7981932982443709), ([[532, 12], [562, 12], [562, 76], [532, 76]], '유', 0.05118137278827817), ([[252, 70], [284, 70], [284, 108], [252, 108]], '응', 0.9997102232127908), ([[24, 94], [62, 94], [62, 195], [24, 195]], '틀', 0.1784605075758714), ([[244, 106], [276, 106], [276, 178], [244, 178]], '우', 0.6755983053352885), ([[272, 106], [304, 106], [304, 144], [272, 144]], '응', 0.9996946091196293), ([[273, 141], [309, 141], [309, 179], [273, 179]], '움', 0.9030410480527848), ([[947, 117], [1015, 117], [1015, 155], [947, 155]], '미안', 0.7695065613902764), ([[940, 156], [1018, 156], [1018, 188], [940, 188]], '루지:.', 0.5718898773193359), ([[251, 177], [287, 177], [287, 215], [251, 215]], '응', 0.9990212928983624), ([[917, 191], [1043, 191], [1043, 227], [917, 227]], '이번에는', 0.8243729472160339), ([[919, 225], [1045, 225], [1045, 263], [919, 263]], '부드럽게', 0.9070039391517639), ([[939, 261], [1033, 261], [1033, 299], [939, 299]], '입으로', 0.999877285114825), ([[917, 297], [1027, 297], [1027, 335], [917, 335]], '해줄게;', 0.555090069770813), ([[62, 484], [94, 484], [94, 582], [62, 582]], '통', 0.184332353603339), ([[575, 517], [627, 517], [627, 557], [575, 557]], '마', 0.1860052292664136), ([[815, 483], [879, 483], [879, 549], [815, 549]], '#', 0.2836589987118856), ([[833, 541], [893, 541], [893, 579], [833, 579]], '련오', 0.005415832396227124), ([[546, 616], [576, 616], [576, 654], [546, 654]], '응', 0.9994244211873458), ([[933, 535], [995, 535], [995, 695], [933, 695]], '맛', 0.6638754763624242), ([[245, 637], [333, 637], [333, 741], [245, 741]], '6', 0.11070861510834007), ([[402, 848], [466, 848], [466, 878], [402, 878]], '자 ', 0.8371894673356544), ([[906, 770], [934, 770], [934, 866], [906, 866]], '중', 0.04517662173741943), ([[964, 820], [996, 820], [996, 886], [964, 886]], '응', 0.5382238237048718), ([[385, 883], [451, 883], [451, 919], [385, 919]], '루지', 0.36100497968014006), ([[373, 919], [493, 919], [493, 955], [373, 955]], '이번엔:.', 0.9690218725297755), ([[948, 934], [1002, 934], [1002, 1026], [948, 1026]], '꿀', 0.06643658579054446), ([[944, 1062], [1004, 1062], [1004, 1090], [944, 1090]], '코: .', 0.1933913230895996), ([[934, 1098], [1028, 1098], [1028, 1130], [934, 1130]], '코토나', 0.9985899672693906), ([[944, 1134], [1018, 1134], [1018, 1162], [944, 1162]], '"씨', 0.8275056243820159), ([[11, 1315], [139, 1315], [139, 1353], [11, 1353]], '내 가슴: ', 0.8030652547870232), ([[39, 1353], [117, 1353], [117, 1389], [39, 1389]], '맛 좀', 0.9807524085044861), ([[41, 1389], [121, 1389], [121, 1427], [41, 1427]], '볼래?', 0.6093645388752408), ([[651, 1317], [691, 1317], [691, 1479], [651, 1479]], '7', 0.027141912703767312), ([[119.28229299945399, 69.02866249317488], [183.7317301464891, 55.16817625290558], [214.717707000546, 211.97133750682514], [150.2682698535109, 225.8318237470944]], '표', 0.007368527637235334), ([[373.4416853037704, 97.02603275034303], [509.91298663942325, 167.98186985016554], [483.5583146962296, 215.97396724965697], [347.08701336057675, 144.01813014983446]], '**33', 0.24780532717704773), ([[1.7649849578111236, 291.09590372999116], [48.550416732923026, 250.01895737261614], [143.23501504218888, 370.90409627000884], [97.44958326707697, 410.9810426273839]], '출', 0.4952525053936938), ([[159.6076433315133, 368.4975796624806], [193.7010474854044, 337.04109637406276], [249.3923566684867, 402.5024203375194], [215.2989525145956, 433.95890362593724]], '높', 0.2627849802113502), ([[822.5326350097304, 376.0273975827085], [857.7298088655056, 370.0671411136643], [874.4673649902696, 468.9726024172915], [838.2701911344944, 474.9328588863357]], '*', 0.02800823002287367), ([[542.3300583289099, 912.037519127298], [613.838852040062, 971.6187661840713], [580.6699416710901, 1012.962480872702], [509.1611479599381, 952.3812338159287]], '나들', 0.0074357573109771966)]
[([[442, 64], [544, 64], [544, 94], [442, 94]], '그러면서', 0.9959897994995117), ([[964, 38], [992, 38], [992, 96], [964, 96]], '?', 0.5317032670066055), ([[434, 92], [554, 92], [554, 124], [434, 124]], '달거잡아  ', 0.3599916752246675), ([[466, 122], [520, 122], [520, 152], [466, 152]], '후릇', 0.32361933031718015), ([[444, 150], [552, 150], [552, 180], [444, 180]], '루지도 참', 0.6237746869791919), ([[961, 105], [997, 105], [997, 213], [961, 213]], '품', 0.040032051066996255), ([[452, 246], [484, 246], [484, 292], [452, 292]], '호', 0.0520490954599504), ([[447, 325], [487, 325], [487, 371], [447, 371]], '병', 0.2141083428530841), ([[314, 432], [390, 432], [390, 460], [314, 460]], '무지의', 0.45339458324599907), ([[314, 460], [390, 460], [390, 492], [314, 492]], '돌돌이', 0.6294503687164696), ([[338, 490], [388, 490], [388, 516], [338, 516]], '뜨거', 0.9988898582016897), ([[455, 469], [497, 469], [497, 547], [455, 547]], '어', 0.4246954360779718), ([[332, 520], [380, 520], [380, 546], [332, 546]], "'위", 0.5826586676669704), ([[856, 910], [894, 910], [894, 940], [856, 940]], '코', 0.9994400331703588), ([[905, 907], [1003, 907], [1003, 943], [905, 943]], '코토나', 0.9986231349709517), ([[845, 941], [1009, 941], [1009, 979], [845, 979]], '씨의 가슴:', 0.6429616604912397), ([[322, 958], [372, 958], [372, 1060], [322, 1060]], '읽', 0.0758679857452913), ([[769, 977], [817, 977], [817, 1013], [769, 1013]], "'3말", 0.05991967378716278), ([[875, 979], [985, 979], [985, 1015], [875, 1015]], '굉장히 .', 0.3351483206626843), ([[857, 1015], [1009, 1015], [1009, 1051], [857, 1051]], '부드러워서', 0.9780291423752443), ([[864, 1052], [902, 1052], [902, 1084], [864, 1084]], '허', 0.45994611304687183), ([[913, 1051], [1013, 1051], [1013, 1087], [913, 1087]], '허리가', 0.999914519199348), ([[865, 1087], [1003, 1087], [1003, 1125], [865, 1125]], '멋대로: !', 0.7620710920984228), ([[715, 1147], [775, 1147], [775, 1223], [715, 1223]], '$', 0.7913195105562068), ([[420, 1182], [476, 1182], [476, 1290], [420, 1290]], '옆', 0.42354861751627837), ([[219, 1311], [353, 1311], [353, 1349], [219, 1349]], '기:. 기분', 0.304797846687309), ([[239, 1347], [333, 1347], [333, 1385], [239, 1385]], '좋아요', 0.9974307043630201), ([[240, 1386], [334, 1386], [334, 1418], [240, 1418]], '코토나', 0.9975852348046961), ([[248, 1422], [324, 1422], [324, 1452], [248, 1452]], '씨:!', 0.5545394127808344), ([[405, 1385], [473, 1385], [473, 1475], [405, 1475]], '$', 0.07099912181729451), ([[897, 1365], [981, 1365], [981, 1479], [897, 1479]], '올', 0.014288154687783161), ([[610.9820268028815, 75.13170185094941], [638.6796276660306, 65.0581595370226], [659.0179731971185, 120.86829814905059], [630.3203723339694, 130.94184046297738]], '호', 0.0592599295401266), ([[13.306963069081265, 271.03007529443454], [70.47818538223228, 245.01430411672098], [136.69303693091874, 401.96992470556546], [79.52181461776772, 427.985695883279]], '월', 0.006402093200146064), ([[385.5303431976097, 718.0100308240665], [473.5569712172583, 733.5068408371837], [430.4696568023903, 973.9899691759335], [342.4430287827417, 957.4931591628163]], '꿀', 0.15546681340822577), ([[927.322277621567, 1203.0208974693844], [1014.2910152613487, 1214.9765235645302], [989.677722378433, 1386.9791025306156], [902.7089847386513, 1375.0234764354698]], '탑', 0.13590857171284743)]
[([[882, 41], [1020, 41], [1020, 97], [882, 97]], '욕! 싸', 0.7601685328746357), ([[892, 100], [1016, 100], [1016, 152], [892, 152]], '싸요!', 0.795478639479955), ([[521, 252], [573, 252], [573, 446], [521, 446]], '물', 0.017355707365951156), ([[778, 436], [806, 436], [806, 474], [778, 474]], '1', 0.3523242056008371), ([[501, 537], [661, 537], [661, 849], [501, 849]], '및', 0.011324860214438681), ([[831, 572], [897, 572], [897, 828], [831, 828]], '꿀', 0.0577289442873552), ([[130, 1188], [199, 1188], [199, 1445], [130, 1445]], '물', 0.02158291495484499), ([[730, 928], [922, 928], [922, 1440], [730, 1440]], '달', 0.021251764111696048), ([[407.78827363456685, 54.43778508444071], [474.7393335037452, -8.977202760671622], [576.2117263654332, 113.56221491555928], [509.2606664962548, 176.97720276067162]], '초', 0.13098105951080985), ([[-31.727483925911415, 97.01150794119935], [122.63716875472703, 39.00882743359966], [264.72748392591143, 458.98849205880066], [109.36283124527297, 517.9911725664003]], '꿀', 0.15514453751528468), ([[-11.177854402637564, 841.0365441175352], [125.45517923207152, 809.1301745648752], [169.17785440263756, 1039.9634558824648], [30.544820767928492, 1071.8698254351248]], '댁', 0.03438673499580602), ([[274.0221615176293, 1153.0207956642882], [442.0809303226879, 1110.818424618377], [509.9778384823707, 1433.9792043357118], [341.9190696773121, 1476.181575381623]], '댁', 0.17319059865620634)]
[([[429, 39], [471, 39], [471, 119], [429, 119]], '앗', 0.3359588650170373), ([[525, 3], [615, 3], [615, 107], [525, 107]], '팬', 0.8335976020224258), ([[797, 0], [865, 0], [865, 109], [797, 109]], '뜰', 0.8836256566956422), ([[75, 97], [119, 97], [119, 173], [75, 173]], '아', 0.7031931450570461), ([[915, 107], [959, 107], [959, 187], [915, 187]], '옷', 0.8119939567046117), ([[350, 256], [468, 256], [468, 332], [350, 332]], '{간', 0.025656789857000678), ([[919, 393], [1021, 393], [1021, 433], [919, 433]], '우후릇;', 0.2297026664018631), ([[919, 431], [1045, 431], [1045, 469], [919, 469]], '굉장하네', 0.9995810985565186), ([[927, 467], [1023, 467], [1023, 505], [927, 505]], '정말로', 0.9998193352086425), ([[929, 505], [1023, 505], [1023, 541], [929, 541]], '기운이', 0.9984057584679723), ([[929, 541], [1025, 541], [1025, 577], [929, 577]], '넘치논', 0.4812400869754898), ([[920, 574], [1045, 574], [1045, 614], [920, 614]], '느낌이네', 0.9966995716094971), ([[524, 660], [578, 660], [578, 752], [524, 752]], '병', 0.09144613424553061), ([[956, 674], [1010, 674], [1010, 774], [956, 774]], '국', 0.079308109904205), ([[35, 721], [73, 721], [73, 797], [35, 797]], '응', 0.911699059382741), ([[33, 835], [73, 835], [73, 881], [33, 881]], '응', 0.9973287563726139), ([[1001, 799], [1045, 799], [1045, 891], [1001, 891]], '봄', 0.024929240162364863), ([[236, 1118], [268, 1118], [268, 1152], [236, 1152]], '응', 0.9995999736375438), ([[338, 1238], [400, 1238], [400, 1270], [338, 1270]], '벌써', 0.9912740668783782), ([[317, 1271], [411, 1271], [411, 1307], [317, 1307]], '루지의', 0.9292632281381483), ([[307, 1307], [431, 1307], [431, 1345], [307, 1345]], '정액으로', 0.998781144618988), ([[307, 1341], [431, 1341], [431, 1381], [307, 1381]], '끈적끈적', 0.73478102684021), ([[132.11068062025495, 56.03962294685538], [206.46548661089463, 31.107965376461294], [253.88931937974505, 187.9603770531446], [179.53451338910537, 212.8920346235387]], '및', 0.012932101093281523), ([[146.8069000274562, 612.1820800878598], [174.58197596197934, 594.0425634585406], [210.1930999725438, 651.8179199121402], [183.41802403802066, 669.9574365414594]], '숲', 0.6237747946585479), ([[50.379826327053955, 960.0386106164317], [90.43673942783172, 955.2108685738942], [100.62017367294604, 1049.9613893835683], [60.563260572168275, 1054.7891314261058]], '축', 0.2310987513381093)]
[([[861, 23], [987, 23], [987, 61], [861, 61]], '이번에는', 0.791991651058197), ([[891, 59], [957, 59], [957, 97], [891, 97]], '나름', 0.49728139274452704), ([[853, 95], [989, 95], [989, 133], [853, 133]], '기분 쫓계', 0.623143875126477), ([[869, 131], [967, 131], [967, 169], [869, 169]], '해주는', 0.8955791226672716), ([[876, 170], [966, 170], [966, 202], [876, 202]], '거야 ', 0.7448253996361572), ([[42, 390], [102, 390], [102, 418], [42, 418]], '자 .', 0.3008159238427703), ([[11, 425], [135, 425], [135, 461], [11, 461]], '이번에는', 0.8809332251548767), ([[12, 462], [119, 462], [119, 494], [12, 494]], '루지가:', 0.7653952240943909), ([[29, 495], [125, 495], [125, 533], [29, 533]], '해주는', 0.8782631811065837), ([[44, 534], [108, 534], [108, 566], [44, 566]], '거야', 0.999816918999149), ([[919, 671], [999, 671], [999, 707], [919, 707]], '너의:.', 0.37052903752374644), ([[438, 706], [536, 706], [536, 734], [438, 734]], '아아   앗', 0.3605198378436099), ([[899, 707], [1023, 707], [1023, 745], [899, 745]], '정액과  .', 0.3095822474465303), ([[440, 734], [530, 734], [530, 762], [440, 762]], '뜨거위:', 0.4371734857559204), ([[931, 745], [995, 745], [995, 781], [931, 781]], '같이', 0.999725129319934), ([[22, 774], [96, 774], [96, 800], [22, 800]], '무지의', 0.29834768176078796), ([[919, 779], [1013, 779], [1013, 817], [919, 817]], '말야 ', 0.4954003511501474), ([[20, 802], [96, 802], [96, 830], [20, 830]], '귀두  ', 0.7444989085197449), ([[6, 830], [113, 830], [113, 862], [6, 862]], '엄청 미골', 0.7602157173842681), ([[20, 858], [76, 858], [76, 890], [20, 890]], '미골', 0.5541423010681632), ([[24, 888], [74, 888], [74, 914], [24, 914]], '거려', 0.9978795767567583), ([[89, 1041], [133, 1041], [133, 1191], [89, 1191]], '출', 0.004604272781031149), ([[710, 1014], [842, 1014], [842, 1142], [710, 1142]], '값', 0.07343402096783169), ([[982, 1014], [1014, 1014], [1014, 1108], [982, 1108]], '응', 0.029092701913633556), ([[574, 1146], [698, 1146], [698, 1184], [574, 1184]], '응후:  웃', 0.43183039926807526), ([[572, 1182], [698, 1182], [698, 1222], [572, 1222]], '들어럼어', 0.17800131469352923), ([[29, 1221], [167, 1221], [167, 1369], [29, 1369]], '헤', 0.03689162040609517), ([[121, 1377], [237, 1377], [237, 1493], [121, 1493]], '쥐', 0.013996280497503344), ([[619, 1365], [731, 1365], [731, 1485], [619, 1485]], '끈', 0.02786059218081527), ([[859.3528998917341, 614.0526893395779], [890.6831468941438, 607.0587679184015], [907.6471001082659, 682.9473106604221], [876.3168531058562, 689.9412320815985]], '북', 0.6235210840582681), ([[115.10116772343203, 682.0677069746514], [158.55831469622962, 662.026032750343], [201.89883227656796, 759.9322930253486], [158.44168530377038, 780.973967249657]], '술', 0.1496353062203184), ([[711.2583685632087, 910.0693533850061], [742.8497185773242, 902.0912945443088], [757.7416314367913, 970.9306466149939], [726.1502814226758, 978.9087054556912]], '병', 0.2211174143953123), ([[945.6954548742862, 917.1731830348587], [980.5910644489255, 893.0350586290252], [1023.3045451257138, 963.8268169651413], [988.4089355510745, 986.9649413709748]], '봄', 0.39391252771019936), ([[557.5461990789988, 1296.096493092491], [632.6092579765647, 1262.118350825134], [683.4538009210012, 1392.903506907509], [608.3907420234353, 1425.881649174866]], '힘', 0.11379935955492115)]
[([[425, 59], [503, 59], [503, 95], [425, 95]], '아양!', 0.34371488165187714), ([[417, 95], [523, 95], [523, 133], [417, 133]], '굉장해!', 0.9947552680969238), ([[418, 132], [508, 132], [508, 164], [418, 164]], '루지의', 0.8574008553139058), ([[407, 165], [517, 165], [517, 205], [407, 205]], '돌들이 .', 0.8366475271964846), ([[407, 203], [543, 203], [543, 239], [407, 239]], '굉장해앗!', 0.4572746606566735), ([[954, 204], [1050, 204], [1050, 308], [954, 308]], "'", 0.03719975313452384), ([[953, 339], [997, 339], [997, 459], [953, 459]], '양', 0.3914177710698574), ([[561, 453], [599, 453], [599, 551], [561, 551]], '천', 0.02092792423958323), ([[22, 780], [56, 780], [56, 812], [22, 812]], '코', 0.9998353787467273), ([[71, 777], [195, 777], [195, 813], [71, 813]], '코토나씨', 0.5584718995030533), ([[31, 813], [179, 813], [179, 851], [31, 851]], '그, 그렇게', 0.5214279392670106), ([[31, 849], [171, 849], [171, 887], [31, 887]], '흔드시면:', 0.9685213209837775), ([[859, 843], [967, 843], [967, 881], [859, 881]], '좋아앗!', 0.7362914681434631), ([[877, 877], [945, 877], [945, 917], [877, 917]], '엄청', 0.9681638278967066), ([[879, 915], [957, 915], [957, 953], [879, 953]], '중앗!', 0.18121171926679325), ([[11, 939], [167, 939], [167, 1213], [11, 1213]], '역', 0.023192171942920448), ([[618, 1176], [650, 1176], [650, 1240], [618, 1240]], '좀', 0.44316468837882894), ([[53, 1363], [89, 1363], [89, 1487], [53, 1487]], '꿀', 0.22072320874272666), ([[278, 1404], [312, 1404], [312, 1434], [278, 1434]], '지', 0.9998976018417558), ([[280, 1374], [310, 1374], [310, 1408], [280, 1408]], '루', 0.9867016505997981), ([[313, 1361], [349, 1361], [349, 1463], [313, 1463]], '품', 0.27561339688591957), ([[971, 1280], [1015, 1280], [1015, 1445], [971, 1445]], '탑', 0.002050885546032291), ([[658.1116703186811, -10.969613347254729], [758.2524373304811, -27.284818954723356], [786.8883296813189, 160.96961334725472], [686.7475626695189, 179.28481895472336]], '딸', 0.005116520558935689), ([[561.6271251567345, 65.00695420048223], [633.1081158823431, 56.06158568023555], [670.3728748432655, 352.99304579951774], [598.8918841176569, 362.93841431976443]], '국', 0.026589985703949992), ([[481.212229311181, 1172.025885529951], [560.5575367922296, 1140.0129589670632], [634.787770688819, 1347.974114470049], [555.4424632077704, 1378.9870410329368]], '물', 0.2971273532813399), ([[739.4423423675725, 1241.0141446411762], [816.53547909142, 1226.1076951952393], [858.5576576324275, 1459.9858553588238], [781.46452090858, 1474.8923048047607]], '욕', 0.009861232238322026), ([[398.5954730951788, 1234.0081854509165], [474.53625074111466, 1248.0880737652437], [429.4045269048212, 1500.9918145490835], [352.46374925888534, 1487.9119262347563]], '륙', 0.02449517811192181), ([[613.4181608737334, 1261.0141139989091], [700.5511419199739, 1234.0126632405672], [775.5818391262666, 1490.9858860010909], [687.4488580800261, 1518.9873367594328]], '꿀', 0.05608430403825637)]
[([[895, 41], [1003, 41], [1003, 79], [895, 79]], '그렇지!', 0.997956395149231), ([[307, 55], [351, 55], [351, 171], [307, 171]], '뜻', 0.008002605112079009), ([[516, 60], [548, 60], [548, 122], [516, 122]], '양', 0.9790737740776336), ([[886, 116], [1004, 116], [1004, 148], [886, 148]], '루지도:.', 0.5267941354314871), ([[903, 77], [981, 77], [981, 115], [903, 115]], '아양!', 0.6248213419890037), ([[896, 152], [988, 152], [988, 184], [896, 184]], '루지도', 0.8439781314271502), ([[875, 185], [1013, 185], [1013, 223], [875, 223]], '움직여쥐!', 0.7800204739535933), ([[107, 593], [149, 593], [149, 671], [107, 671]], '종', 0.033666018434257206), ([[754, 518], [852, 518], [852, 712], [754, 712]], '몇', 0.15228891968686842), ([[485, 741], [693, 741], [693, 923], [485, 923]], '스의', 0.01568503179740438), ([[49, 923], [93, 923], [93, 1063], [49, 1063]], '햇', 0.014354282578765698), ([[583, 917], [623, 917], [623, 1041], [583, 1041]], '품', 0.05014569322981388), ([[6, 1208], [102, 1208], [102, 1288], [6, 1288]], '50', 0.9040382881959177), ([[141, 1201], [185, 1201], [185, 1293], [141, 1293]], '좀', 0.08929322550617158), ([[897, 1249], [947, 1249], [947, 1366], [897, 1366]], '당', 0.28366852235882334), ([[141, 1295], [185, 1295], [185, 1447], [141, 1447]], '#', 0.007617420848443024), ([[11.145605799779027, -39.97717154413223], [195.96740663448185, 60.979252543914406], [128.85439420022098, 178.97717154413223], [-54.96740663448185, 77.0207474560856]], '7&', 0.03666281928966153), ([[318.3996823944976, 384.0078357092569], [619.4853535055549, 664.7914931478778], [487.6003176055024, 812.9921642907432], [186.51464649444506, 532.2085068521222]], '(같8씹위)', 0.0005337797360565255)]
[([[54, 0], [151, 0], [151, 73], [54, 73]], '(', 0.01827620989593015), ([[312, 0], [428, 0], [428, 72], [312, 72]], '1하;', 0.059024709593045364), ([[507, 11], [557, 11], [557, 51], [507, 51]], '나 ,', 0.9993165939260495), ([[683, 7], [823, 7], [823, 51], [683, 51]], '이, 이젠', 0.6936678357276567), ([[991, 9], [1035, 9], [1035, 59], [991, 59]], '훌', 0.012479922467632187), ([[107, 35], [211, 35], [211, 125], [107, 125]], '서!', 0.012381893293650309), ([[473, 51], [553, 51], [553, 95], [473, 95]], '나도', 0.9999394776619794), ([[685, 51], [813, 51], [813, 93], [685, 93]], '저 . 싸', 0.2310901082281212), ([[836, 0], [1008, 0], [1008, 134], [836, 134]], '[93,', 0.01183154247701168), ([[437, 95], [579, 95], [579, 139], [437, 139]], '갈 것 끝', 0.5994644150761066), ([[682, 92], [810, 92], [810, 136], [682, 136]], '쌀것 같', 0.4056268508989813), ([[437, 141], [483, 141], [483, 181], [437, 181]], '아', 0.9970472230775727), ([[495, 141], [577, 141], [577, 183], [495, 183]], '안에', 0.9862784240488205), ([[697, 139], [813, 139], [813, 177], [697, 177]], '"아뇨!', 0.6038805842399597), ([[439, 185], [565, 185], [565, 223], [439, 223]], '다가  !', 0.536624473411973), ([[165, 399], [249, 399], [249, 693], [165, 693]], '품', 0.03159683409009184), ([[311, 461], [465, 461], [465, 601], [311, 601]], '70', 0.8504957072191379), ([[909, 404], [1000, 404], [1000, 727], [909, 727]], '푹', 0.4374470693569634), ([[409, 737], [445, 737], [445, 799], [409, 799]], '양', 0.9730231926697321), ([[41, 803], [297, 803], [297, 939], [41, 939]], '끼3가', 0.1257304713532792), ([[555, 973], [592, 973], [592, 1040], [555, 1040]], '욕', 0.6818806718244197), ([[901, 971], [1035, 971], [1035, 1011], [901, 1011]], '더 이상은', 0.999324061510267), ([[901, 1009], [1025, 1009], [1025, 1045], [901, 1045]], '무리예요', 0.9905354380607605), ([[903, 1045], [1037, 1045], [1037, 1081], [903, 1081]], '갑니다앗!', 0.7108850642441921), ([[285, 1109], [445, 1109], [445, 1182], [285, 1182]], '라8소;', 0.0015527982031926513), ([[716, 1154], [776, 1154], [776, 1202], [716, 1202]], '32', 0.18861267554858216), ([[985, 1257], [1023, 1257], [1023, 1353], [985, 1353]], '양', 0.5744155716313379), ([[435, 1292], [473, 1292], [473, 1422], [435, 1422]], '알', 0.09206257950518193), ([[44.30513841808188, 92.0815813559439], [68.46313064082082, 81.0359638987467], [93.69486158191812, 139.9184186440561], [69.53686935917918, 150.9640361012533]], '호', 0.028389419925645143), ([[948.3587765501088, 115.02287170152339], [1012.2581124997457, 100.08836979346745], [1049.6412234498912, 272.9771282984766], [985.7418875002543, 287.91163020653255]], '꿀', 0.010448772796653794), ([[664.3627110670069, 290.0684709082316], [686.527371915451, 285.04671727347454], [700.6372889329931, 341.9315290917684], [678.472628084549, 346.95328272652546]], '병', 0.012856168211566266), ([[602.007698233973, 626.5115473509594], [709.2242777178342, 583.6714993124826], [734.992301766027, 656.4884526490406], [626.7757222821658, 699.3285006875174]], '있', 0.11334474999660316), ([[696.4180240380207, 845.0425634585406], [729.4620034326982, 836.026770478795], [750.5819759619793, 920.9574365414594], [718.5379965673018, 929.973229521205]], '9', 0.09680934265543417), ([[46.149099649269395, 1020.0241538271413], [319.90762147964665, 1105.3378261764854], [277.8509003507306, 1225.9758461728586], [3.0923785203533285, 1140.6621738235146]], '[3,', 0.0038753597139888885), ([[59.29451937684457, 1310.01915653394], [224.8908053454209, 1426.318590607119], [158.70548062315544, 1519.98084346606], [-7.890805345420883, 1402.681409392881]], '쓰청]', 0.00036366526161418414)]
[([[198, 38], [248, 38], [248, 338], [198, 338]], '}', 0.020742139854912134), ([[210, 336], [236, 336], [236, 368], [210, 368]], '1', 0.914665915125866), ([[866, 160], [1036, 160], [1036, 408], [866, 408]], '연', 0.01417695187330198), ([[48, 934], [174, 934], [174, 1191], [48, 1191]], '륙', 0.09920031030002807), ([[746, 908], [896, 908], [896, 1080], [746, 1080]], '7', 0.021013795057115203), ([[394.5806758252796, -9.992671397003049], [489.46570965176784, 5.317022044271933], [441.4193241747204, 299.99267139700305], [346.53429034823216, 284.68297795572806]], '록', 0.012487767587316734), ([[49.50192978510559, 402.004594352723], [249.36599380320416, 428.9982876181903], [170.4980702148944, 997.995405647277], [-29.36599380320417, 970.0017123818096]], "'", 0.005554112019445834), ([[818.3360700566927, 1002.0116036214118], [956.1920354018988, 1066.5893882570892], [834.6639299433073, 1325.988396378588], [696.8079645981012, 1261.4106117429108]], '$', 0.014786553250733192), ([[459.2707900647846, 1072.0085777533463], [697.2315324114132, 1122.5120223031881], [602.7292099352154, 1558.9914222466537], [364.76846758858676, 1508.4879776968119]], '굶', 0.07856608031262002)]
[([[79, 23], [123, 23], [123, 135], [79, 135]], '하', 0.32164816616847247), ([[522, 74], [558, 74], [558, 102], [522, 102]], '해', 0.07096078772139336), ([[941, 89], [983, 89], [983, 165], [941, 165]], '탁', 0.4273281241265501), ([[131, 341], [174, 341], [174, 418], [131, 418]], '항', 0.9243001071283743), ([[661, 577], [701, 577], [701, 613], [661, 613]], '네', 0.9999058268785035), ([[935, 569], [1043, 569], [1043, 609], [935, 609]], "저기:'", 0.5234073996543884), ([[935, 611], [1013, 611], [1013, 653], [935, 653]], '루지', 0.9622960863242868), ([[54, 722], [118, 722], [118, 754], [54, 754]], '라칸', 0.9586693595483732), ([[216, 588], [260, 588], [260, 766], [216, 766]], '#', 0.013628892874351095), ([[397, 691], [523, 691], [523, 735], [397, 735]], '한번 더', 0.7992799373417889), ([[43, 753], [139, 753], [139, 793], [43, 793]], '녀석들', 0.9399484436892801), ([[421, 735], [515, 735], [515, 777], [421, 777]], '하자!', 0.9966734414975418), ([[43, 793], [139, 793], [139, 829], [43, 829]], '에계는', 0.16317073750414293), ([[53, 829], [119, 829], [119, 865], [53, 865]], '비밀', 0.9998865425690479), ([[42, 862], [139, 862], [139, 902], [42, 902]], '이야0', 0.28704166591456626), ([[741, 1143], [837, 1143], [837, 1181], [741, 1181]], '사람을', 0.5412485666748125), ([[67, 1181], [161, 1181], [161, 1217], [67, 1217]], '절대로', 0.9957923011385496), ([[721, 1181], [845, 1181], [845, 1213], [721, 1213]], '기다리게', 0.9995622038841248), ([[67, 1217], [161, 1217], [161, 1253], [67, 1253]], '비리리', 0.7259225086971228), ([[721, 1215], [845, 1215], [845, 1253], [721, 1253]], '만들다니', 0.9998663067817688), ([[76, 1254], [142, 1254], [142, 1286], [76, 1286]], '해서', 0.9979192546431557), ([[713, 1251], [859, 1251], [859, 1289], [713, 1289]], '루지 녀석!', 0.8732204769208725), ([[67, 1289], [163, 1289], [163, 1325], [67, 1325]], '비리리', 0.6897126727990207), ([[67, 1325], [175, 1325], [175, 1361], [67, 1361]], '해주지!', 0.9941680431365967), ([[281, 1389], [317, 1389], [317, 1485], [281, 1485]], '절', 0.9740666162747544), ([[691, 1433], [1035, 1433], [1035, 1477], [691, 1477]], '과연 루지의 운명은-하?', 0.18476312647737117), ([[526.439262401342, 103.92711488161049], [549.7553895746005, 83.07197421207741], [583.560737598658, 122.07288511838951], [560.2446104253995, 142.9280257879226]], '돈', 0.42779098298993645), ([[266.3446046887869, 82.03590266796057], [343.9032194605994, 141.9266873708001], [310.6553953112131, 184.96409733203944], [233.09678053940056, 126.0733126291999]], '새^', 0.5324056331548469), ([[994.037927696395, 239.09343125161422], [1028.9543482955112, 228.0919230516571], [1048.962072303605, 299.9065687483858], [1013.0456517044889, 309.9080769483429]], '딸', 0.2710171827921535), ([[881.3756770666055, 536.0656822130455], [904.7400378419048, 532.0927084782312], [912.6243229333945, 588.9343177869545], [889.2599621580952, 592.9072915217688]], '병', 0.04273083973936309), ([[714.3051384180819, 818.0815813559439], [737.8781428162823, 814.1314001334777], [744.6948615819181, 865.9184186440561], [721.1218571837177, 868.8685998665223]], '호', 0.008341969008243633), ([[390.73740977039364, 1203.0086285099837], [419.6828999131099, 1210.3712470623568], [381.26259022960636, 1362.9913714900163], [352.3171000868901, 1355.6287529376432]], '"', 0.05532061846234004)]
[([[753, 0], [943, 0], [943, 69], [753, 69]], '안랫삼', 0.461628058651063), ([[71, 67], [107, 67], [107, 185], [71, 185]], '7', 0.001141644253046581), ([[107, 67], [145, 67], [145, 243], [107, 243]], '"', 0.06098928536657966), ([[71, 187], [109, 187], [109, 333], [71, 333]], '월', 0.4119970483944293), ([[905, 293], [941, 293], [941, 391], [905, 391]], '올', 0.9993626895023091), ([[905, 393], [941, 393], [941, 487], [905, 487]], '통', 0.5281378631156173), ([[905, 481], [943, 481], [943, 627], [905, 627]], '볼', 0.23149892841628628), ([[24, 1462], [54, 1462], [54, 1486], [24, 1486]], '37', 0.56203227167486)]
[([[831, 207], [871, 207], [871, 249], [831, 249]], '본', 0.9998531395476675), ([[872, 210], [904, 210], [904, 296], [872, 296]], '물', 0.42419015420009387), ([[836, 250], [868, 250], [868, 380], [836, 380]], '물', 0.8041953646882263), ([[872, 332], [904, 332], [904, 398], [872, 398]], '원', 0.07448800106999443), ([[836, 380], [868, 380], [868, 448], [836, 448]], '절', 0.838866899411542), ([[827, 395], [911, 395], [911, 551], [827, 551]], '물', 0.21428867236188953), ([[871, 528], [907, 528], [907, 628], [871, 628]], '틀', 0.6686214442825076), ([[830, 546], [908, 546], [908, 758], [830, 758]], '#', 0.0034548750786095456), ([[836, 770], [868, 770], [868, 898], [836, 898]], '출', 0.11962157522706107)]
[([[28, 1460], [56, 1460], [56, 1484], [28, 1484]], '39', 0.9999091326038505)]
[([[173, 1299], [875, 1299], [875, 1343], [173, 1343]], '이 일러스트는, 사실 연습용으로 그런 것이엿습니다', 0.6408081512793369), ([[173, 1337], [881, 1337], [881, 1379], [173, 1379]], '폐이지 관계상 컬러로 나오게 하지 못한게 조금 안습', 0.7745069749703651), ([[997, 1467], [1023, 1467], [1023, 1487], [997, 1487]], '40', 0.9999982298328214)]
[([[54, 52], [236, 52], [236, 156], [54, 156]], '후기', 0.46291031017298195), ([[37, 163], [605, 163], [605, 201], [37, 201]], "겨울 코미 신간 '0바메규'틀 구입해주서서 진심으로", 0.354082787386666), ([[38, 194], [595, 194], [595, 232], [38, 232]], '감사드립니다: 이번에는 5^7토 동인지 이후로; 1년', 0.18502258075357325), ([[40, 226], [550, 226], [550, 258], [40, 258]], '반만에 망가름 그리게 횟습니다만 어떠석나요?', 0.3825209833985094), ([[36, 250], [581, 250], [581, 288], [36, 288]], '평소처럼 자연스럽게 그렇터 실수투성이의 망가는', 0.38439100644098), ([[37, 281], [613, 281], [613, 317], [37, 317]], '아니지만 부디 너그럼게 화주세요(땀) 어쨌든 이번엔', 0.44251247307572955), ([[40, 312], [622, 312], [622, 344], [40, 344]], '코토나 * 루지로 그려보앗습니다만. 역시 루지논 소타', 0.595241492054697), ([[38, 340], [542, 340], [542, 372], [38, 372]], '캐릭터로군요. 사실은 코토나 누남에게 당하게', 0.5283312386274573), ([[40, 370], [142, 370], [142, 400], [40, 400]], '되버되자', 0.9884254336357117), ([[151, 365], [601, 365], [601, 403], [151, 403]], "질까보나앗! '이라며 발기하게 되버로지만", 0.32678726199366814), ([[40, 398], [118, 398], [118, 430], [40, 430]], '말이조', 0.9494849868401001), ([[127, 395], [565, 395], [565, 431], [127, 431]], '속도 중시의 하아테에게 예불트해버리면', 0.5939468769755755), ([[40, 426], [564, 426], [564, 458], [40, 458]], '스피디하게 가버칠테지만 공수 모두 강력한 무껑', 0.44849182251083), ([[37, 453], [621, 453], [621, 489], [37, 489]], '이라면 루지도 괜찮음 ! (대충은) 행은 역시 사이주로로', 0.5005727120281509), ([[40, 484], [614, 484], [614, 516], [40, 516]], '결정 (우히?) 그리고 최강의 스토리 캐릭터로 통구이', 0.6438732007090452), ([[39, 511], [591, 511], [591, 547], [39, 547]], '공주 레미남의 망가도 그리고 싶엇습니다만 시간이', 0.8824812260809671), ([[39, 539], [551, 539], [551, 575], [39, 575]], '없는 관계로. 그려도 스토리의 대부분은 통구이', 0.8466696010998687), ([[40, 569], [606, 569], [606, 602], [40, 602]], '라거나 통구이라거나 통구이라거나해서 전혀 야하지', 0.7078863671564919), ([[39, 597], [641, 597], [641, 633], [39, 633]], '않군요. 단지 그 부분은 역시 여러가지로 망상의 날개가', 0.5943032107799293), ([[39, 625], [753, 625], [753, 663], [39, 663]], '펼쳐지논군요. 어쨌든, 코미 관련 작업도 적응이 되어서인지, 책상', 0.5318470318167852), ([[38, 657], [702, 657], [702, 690], [38, 690]], '아래에 계속 잠들어있논 덧도리곤올 만들어야돼! 그건 그렇고', 0.20418488120942252), ([[37, 682], [743, 682], [743, 720], [37, 720]], '연말연시마저도 바뿐건 왜일까요. 조이드의 장난감이라고 한다면', 0.6451591598508831), ([[39, 712], [791, 712], [791, 748], [39, 748]], '무한 라이가도 꽤나 멋지답니다. 하지만 저에게 있어서 이번 조이드는', 0.6714158659629104), ([[39, 739], [801, 739], [801, 778], [39, 778]], '역시 콩! 애니메이선에서의 넷도리 콩은 엄청 마음에 들니다. 장난감은', 0.49467443365025826), ([[37, 768], [859, 768], [859, 807], [37, 807]], '봉대의 봉인름 풀지 않논게 조금은 슬프지만 말이조. 그런 이유로 2005년도', 0.32583587364244926), ([[39, 797], [877, 797], [877, 836], [39, 836]], '눈 깜박할 사이에. 저 자신이 이 1년동안 책상에 앉아있터 것 이외에는 무엇올', 0.16421900095227768), ([[39, 827], [847, 827], [847, 863], [39, 863]], '햇는지 그외에는 기억이 나질 않논군요. 일 이외에 다른 무엇이라고 한다면', 0.443710386870363), ([[45, 857], [885, 857], [885, 893], [45, 893]], "'큰스단린'과 스타위즈 트명-어어처 3클 밖던것 정도. 그밖의 영화들도 꽤나 밖던", 0.015219168927675369), ([[471, 885], [989, 885], [989, 921], [471, 921]], '결로 기억합니다만, 대부분은 일흘 하면서 [신)', 0.20690377037267563), ([[470, 916], [1014, 916], [1014, 948], [470, 948]], '감상을 하거나 해서, 대사는 기억이 나지만 장면은', 0.7520580906208287), ([[469, 943], [1029, 943], [1029, 979], [469, 979]], '거의다 기억이 나지 않분다거나 하는 일이 비일비재', 0.419156516607077), ([[469, 969], [979, 969], [979, 1008], [469, 1008]], '합니다 (땀) . 그전까지는 매년 타러 자련 스노우', 0.5791992387130643), ([[472, 1002], [950, 1002], [950, 1034], [472, 1034]], '보드도 타러 가지 양고 운동부족으로 역시나', 0.6449506988289455), ([[469, 1029], [953, 1029], [953, 1065], [469, 1065]], '불안감을 느진다거나아. 2006년에는 체력도', 0.6493857349587958), ([[469, 1059], [951, 1059], [951, 1095], [469, 1095]], '확실히 키위서 분발할 생각입니다! 여름부터', 0.6733895235668571), ([[469, 1087], [909, 1087], [909, 1123], [469, 1123]], '4개월동안 계속 떨어지지 않고 붙어앗던', 0.34798790491949233), ([[469, 1115], [927, 1115], [927, 1151], [469, 1151]], '기치군에계는 제발 기침군 저리가취! 라는', 0.30345971893389373), ([[469, 1144], [927, 1144], [927, 1181], [469, 1181]], '기분입니다. 일도 지금 이상으로 우당탕탕', 0.5740487031920553), ([[469, 1173], [1023, 1173], [1023, 1209], [469, 1209]], '거리논 느낌이라 좀더 분발하지 않으면 안되켓지요', 0.7068011593801922), ([[485, 1201], [1005, 1201], [1005, 1239], [485, 1239]], '그런 이유로 여러가지로 해야 하늘, 하지 않으면', 0.6295547418315041), ([[494, 1234], [980, 1234], [980, 1266], [494, 1266]], '안되논 것들 투성이입니다. 그러면 다시 여름', 0.8424404841873577), ([[502, 1262], [678, 1262], [678, 1294], [502, 1294]], '코의때 만나요~', 0.7719808730994965), ([[67, 1469], [89, 1469], [89, 1487], [67, 1487]], '41', 0.9999993256504904)]
[([[634, 899], [956, 899], [956, 1063], [634, 1063]], '[;', 0.004366993922031302), ([[586, 1194], [892, 1194], [892, 1222], [586, 1222]], '잔;타 2005 쇼 12 벼 30 타*]#포출돈-7', 0.007218634032221465), ([[586, 1228], [764, 1228], [764, 1254], [586, 1254]], '3산;37 12 4간7 "-:$', 0.0021129900412157135), ([[586, 1260], [696, 1260], [696, 1288], [586, 1288]], '돼;-기 가어미!', 0.0003263434516056824), ([[652, 1294], [848, 1294], [848, 1318], [652, 1318]], '+라`라_+어7훨고;.6라|니어라물처', 2.927451574334105e-06), ([[852, 1296], [906, 1296], [906, 1320], [852, 1320]], '미즌.훨명', 0.0007893136248627284), ([[652, 1328], [1011, 1328], [1011, 1354], [652, 1354]], '훌++: / /험감감.이~||기라물빚 "~.;명/자/+라`고_+아,!', 5.493875761834629e-07), ([[650, 1360], [980, 1360], [980, 1386], [650, 1386]], '주162-0804 롯료3*57굽 다 토미] 7 좁교', 0.017813805380306236), ([[646, 1392], [758, 1392], [758, 1418], [646, 1418]], '올#느 15', 0.12108386929132524), ([[766, 1392], [902, 1392], [902, 1418], [766, 1418]], '7-10년-거니', 0.07058681838558946), ([[586, 1426], [610, 1426], [610, 1450], [586, 1450]], '꼬물', 0.0009870130649660002), ([[622, 1425], [771, 1425], [771, 1454], [622, 1454]], '^ 그-)런#:', 0.024678872229050845), ([[1003, 1465], [1029, 1465], [1029, 1485], [1003, 1485]], '42', 1.0)]
[]
