246365
22
[([[1229, 303], [1399, 303], [1399, 339], [1229, 339]], '성인용  동인지', 0.9585437830903789), ([[166, 1342], [437, 1342], [437, 1465], [166, 1465]], '지히|]', 0.001972140045836568), ([[470.09399788384616, 1382.0373743945383], [727.8581602552234, 1430.2392172559098], [704.9060021161539, 1524.9626256054617], [447.1418397447766, 1475.7607827440902]], '@[투움', 0.0008340958156622946), ([[753.2680182571896, 1424.019148712321], [1342.9994989976371, 1530.8815609221858], [1313.7319817428104, 1642.980851287679], [724.0005010023627, 1536.1184390778142]], '[의@]침산하차', 1.8732531565339796e-05), ([[94.08948147331374, 1376.00782174686], [1527.7285489390674, 1641.6427500729967], [1418.9105185266862, 2063.99217825314], [-14.728548939067366, 1798.3572499270033]], '{표말골밤', 0.00908819306100193), ([[63.267206508373704, 1777.0384618295502], [325.9927248562124, 1824.6809403107432], [310.7327934916263, 1885.9615381704498], [49.00727514378756, 1837.3190596892568]], '저 질 쾌 감', 0.893179142586361), ([[346.3720990679193, 1837.0395826365625], [611.9998586752215, 1882.96240707763], [601.6279009320807, 1925.9604173634375], [336.0001413247785, 1881.03759292237]], '< 0 여 그 ;', 0.021091327307599075), ([[614.2281155986319, 1879.0599398312445], [785.9931691076986, 1911.7387295234344], [775.7718844013681, 1952.9400601687555], [604.0068308923014, 1921.2612704765656]], '0 /1  서', 0.03256412881290166)]
[([[544, 70], [793, 70], [793, 123], [544, 123]], '^,히] 묘대도독거', 0.00013212338386146773), ([[804, 77], [901, 77], [901, 117], [804, 117]], "<포'", 0.016379778409662243), ([[140, 1370], [372, 1370], [372, 1403], [140, 1403]], '이번엔 올걸러입니다', 0.596050909583587), ([[137, 1397], [615, 1397], [615, 1435], [137, 1435]], '폐이지계산을 잘못해서 후기가 맨앞입니다 .', 0.6101888574602699), ([[137, 1451], [686, 1451], [686, 1489], [137, 1489]], '죽올 죄흘 진것도 아니니 용서파원 안발깊습니다 .', 0.13298023032158063), ([[137, 1533], [1007, 1533], [1007, 1574], [137, 1574]], '어차피 쓸 말도 없습니다 . 이번엔 올걸러이니 만큼 좀 품위잎게  끝내켓습니다 .', 0.17640235232972637), ([[136, 1585], [1097, 1585], [1097, 1630], [136, 1630]], '후루흉껍껍꿀격 꿀격 별름 썰름앞앞주압주압혈떡혈떡 -적 4걱질픽질픽부르르로로로로로로로', 0.005023405260127709), ([[140, 1616], [252, 1616], [252, 1648], [140, 1648]], '허 허어억', 0.5749828307623629), ([[137, 1641], [193, 1641], [193, 1677], [137, 1677]], '휴우_', 0.5096698267233681), ([[134, 1693], [285, 1693], [285, 1730], [134, 1730]], '2010.2.12', 0.560048276642391), ([[137, 1723], [285, 1723], [285, 1759], [137, 1759]], '부산테리우스', 0.8597940850090411), ([[1024, 1812], [1096, 1812], [1096, 1836], [1024, 1836]], "'그림제공", 0.3843135332040641), ([[1112, 1812], [1290, 1812], [1290, 1836], [1112, 1836]], '더레지에서버 (4로가버럿', 0.3762854895619388), ([[533, 1902], [649, 1902], [649, 1945], [533, 1945]], '이+어', 0.0763587437868681), ([[663, 1903], [699, 1903], [699, 1941], [663, 1941]], '8', 0.4673444210666844), ([[718, 1902], [937, 1902], [937, 1944], [718, 1944]], '48+말주어*_', 0.0002455250593321424), ([[437.0318714849337, 1053.0246811047004], [581.8537434419721, 1091.1523713022366], [528.9681285150663, 1286.9753188952996], [384.14625655802786, 1248.8476286977634]], '0', 0.5943126507992567)]
[([[534, 8], [781, 8], [781, 59], [534, 59]], '^,히어 묘대도독거', 0.00013228045087731693), ([[793, 16], [889, 16], [889, 52], [793, 52]], '<포+걸', 0.0031243995763361454), ([[594, 1945], [792, 1945], [792, 2001], [594, 2001]], '6져명명이처마', 0.00023165712681225806)]
[([[522, 18], [771, 18], [771, 69], [522, 69]], '^,히] 묘산도독거', 4.4864769020809424e-05), ([[783, 27], [879, 27], [879, 63], [783, 63]], '<확+$', 0.012789355590939522), ([[452, 1958], [917, 1958], [917, 2018], [452, 2018]], '/역탁9서,/-쑤고,<^서,(>)', 6.059872864562173e-07)]
[([[501, 9], [603, 9], [603, 49], [501, 49]], '4,히어', 0.0012089633382856846), ([[618, 6], [747, 6], [747, 57], [618, 57]], '[4도독>', 0.00037858065643602543), ([[759, 15], [853, 15], [853, 51], [759, 51]], '_견+$', 0.002735926304012537), ([[560, 1964], [793, 1964], [793, 2006], [560, 2006]], '서닿금역도+.<', 1.3282356237198443e-05)]
[([[530, 14], [777, 14], [777, 65], [530, 65]], '4,히] 묘4도:거', 3.720966630366439e-05), ([[789, 23], [883, 23], [883, 59], [789, 59]], "_('$", 0.0018956351559609175), ([[633, 1969], [751, 1969], [751, 2011], [633, 2011]], '가^~+', 0.0014009306905791163)]
[([[550, 10], [798, 10], [798, 63], [550, 63]], '^,역] 묘4도:거', 9.151170890937552e-05), ([[809, 21], [905, 21], [905, 57], [809, 57]], '_(+$', 0.005210760049521923), ([[431, 1963], [650, 1963], [650, 2015], [431, 2015]], '답포9뱀-3,]', 0.0002561979155424043), ([[666, 1976], [758, 1976], [758, 2008], [666, 2008]], '곰,즌', 0.0006528274085462007), ([[773, 1975], [923, 1975], [923, 2011], [773, 2011]], '(거시+]5', 0.00018258700359108447), ([[937, 1971], [1036, 1971], [1036, 2016], [937, 2016]], '벼~,.', 0.01926509104669094)]
[([[31, 9], [335, 9], [335, 119], [31, 119]], '^,즉어', 0.00207179831340909), ([[393, 7], [764, 7], [764, 133], [393, 133]], '[우--거', 0.0030609731196429017), ([[824, 25], [1100, 25], [1100, 123], [824, 123]], '(+$', 0.015503781358019076)]
[([[574, 1934], [1009, 1934], [1009, 2019], [574, 2019]], '.-.검.미+히', 0.0011558710960979026), ([[1043, 1949], [1341, 1949], [1341, 2017], [1043, 2017]], '교(하+풍5', 0.0002284902700521875)]
[([[540, 14], [789, 14], [789, 65], [540, 65]], '^,역것 묘4도독>', 0.00015396510816587916), ([[800, 21], [897, 21], [897, 59], [800, 59]], '<역+$', 0.004314078949391842), ([[539, 1965], [868, 1965], [868, 2018], [539, 2018]], '-싣역,술도 9,역표/', 4.4132384609667184e-05)]
[([[588, 8], [835, 8], [835, 61], [588, 61]], '^,역어 묘4도:>', 0.0001117018755517049), ([[846, 15], [943, 15], [943, 55], [846, 55]], '포+$', 0.00476720097437219), ([[536, 1959], [930, 1959], [930, 2016], [536, 2016]], '이*;도 {어,+서-미9즌,', 1.0008828687521276e-05)]
[([[536, 10], [787, 10], [787, 61], [536, 61]], '^,역] 묘초도독거', 0.00024048100947599092), ([[797, 19], [895, 19], [895, 55], [797, 55]], '_좀+$', 0.01965169422328472), ([[540, 1962], [691, 1962], [691, 2007], [540, 2007]], '세포할이@7', 8.296883777650997e-05), ([[703, 1967], [871, 1967], [871, 2009], [703, 2009]], '*+-고니]', 0.0017682323802906761)]
[([[573, 9], [675, 9], [675, 47], [573, 47]], '4,히어', 0.0028354115784168243), ([[690, 8], [819, 8], [819, 57], [690, 57]], '[4도독>', 0.0011722035361995255), ([[830, 13], [927, 13], [927, 53], [830, 53]], '_포+걸', 0.0007738936692476273), ([[529, 1957], [902, 1957], [902, 2013], [529, 2013]], '어오실버히 벼역9싣역<@', 3.059705602518619e-05)]
[([[536, 10], [787, 10], [787, 61], [536, 61]], '^,히] 묘45:거', 5.0985151136233114e-05), ([[797, 16], [893, 16], [893, 52], [797, 52]], '<쑤+', 0.004759512646618067), ([[569, 1961], [685, 1961], [685, 2005], [569, 2005]], '-서,/', 0.009490417316555977), ([[697, 1965], [839, 1965], [839, 2005], [697, 2005]], '*<<교', 0.0005001265089958906)]
[([[576, 8], [825, 8], [825, 60], [576, 60]], '^,]것 묘4도독>', 0.00012695091300142752), ([[837, 17], [931, 17], [931, 53], [837, 53]], '_확+$', 0.0032102465629577637), ([[584, 1966], [727, 1966], [727, 2009], [584, 2009]], '오어,#7', 0.0033229416841687254), ([[742, 1974], [912, 1974], [912, 2006], [742, 2006]], '@기,교견50', 0.0014473581696795544)]
[([[538, 12], [789, 12], [789, 63], [538, 63]], '^,역] 묘4도독거', 0.00018164068546853938), ([[798, 19], [895, 19], [895, 57], [798, 57]], '<역+$', 0.010782996192574501), ([[640, 1968], [779, 1968], [779, 2011], [640, 2011]], '답진+히1', 0.0005611415511253386)]
[([[572, 8], [819, 8], [819, 59], [572, 59]], '^,히어 묘초도:거', 0.00010180612371716057), ([[831, 15], [927, 15], [927, 53], [831, 53]], '_(+$', 0.014399143867194653), ([[545, 1960], [922, 1960], [922, 2008], [545, 2008]], '2.-어7 -웬^@어@,', 3.0314009334885534e-05)]
[([[535, 15], [639, 15], [639, 53], [535, 53]], '4,]어', 0.003164241323247552), ([[652, 13], [783, 13], [783, 61], [652, 61]], '묘산도독거', 0.0013871692116876764), ([[793, 19], [889, 19], [889, 55], [793, 55]], '<즘+$', 0.0017603621818125248), ([[326, 1965], [1178, 1965], [1178, 2018], [326, 2018]], "호어탁9|어탁9', 이,@-서>]어 꼴포,4, -화어하형,91", 1.7674874735260033e-07)]
[([[554, 4], [801, 4], [801, 55], [554, 55]], '^,역_ 묘4도:거', 3.5003939331201015e-05), ([[813, 13], [907, 13], [907, 49], [813, 49]], '_견+$', 0.0041097719222307205), ([[527, 1957], [714, 1957], [714, 2006], [527, 2006]], '고색룹안--.', 4.847531619633279e-05), ([[727, 1965], [923, 1965], [923, 2003], [727, 2003]], '교기교]^산', 5.4986002507999124e-05)]
[([[605, 9], [709, 9], [709, 49], [605, 49]], '4어]어', 0.005420169327408075), ([[723, 10], [852, 10], [852, 55], [723, 55]], '묘-독거', 0.005149759352207184), ([[864, 17], [960, 17], [960, 49], [864, 49]], "<'$", 0.018310759405265286), ([[1264, 277], [1400, 277], [1400, 543], [1264, 543]], '5', 0.6495230024498255), ([[708, 1964], [851, 1964], [851, 2017], [708, 2017]], '^9쥐,교', 0.0008991167455370754), ([[246.97878588672344, 125.0226824512772], [427.3471049336607, 180.56257539978952], [359.0212141132766, 395.9773175487228], [178.65289506633928, 340.4374246002105]], '1', 0.30966865305694924)]
[([[625, 25], [820, 25], [820, 74], [625, 74]], '[,서-찌,+걸', 0.00017688663641680723), ([[685, 1979], [745, 1979], [745, 2019], [685, 2019]], '*1', 0.18630744805856136), ([[1224.3313292672196, 1120.1560451162638], [1288.3222314771024, 1151.59458126662], [1187.6686707327804, 1349.8439548837362], [1123.6777685228976, 1318.40541873338]], '움', 0.1121617572858904), ([[928.2003784295387, 1526.012298960007], [1364.9832942574276, 1705.0681096996282], [1275.7996215704613, 1902.987701039993], [839.0167057425723, 1723.9318903003718]], '(*언', 0.08082534212740006), ([[668.5530169614312, 1749.1582306030205], [924.227036109657, 1701.4066905249447], [942.4469830385688, 1863.8417693969795], [686.772963890343, 1911.5933094750553]], "(서군'", 0.06505203992128372), ([[1103.0545909076902, 1913.905459090769], [1412.6759612021071, 1837.767813572194], [1432.9454090923098, 1917.094540909231], [1123.3240387978929, 1994.232186427806]], '털하뜨린이다', 0.0002319304605626079), ([[949.7426694080676, 1961.3250759874297], [1086.6908001478835, 1942.6144335165134], [1092.2573305919325, 2010.6749240125703], [954.3091998521164, 2029.3855664834866]], '(이', 0.041117278730916806)]
[([[172, 96], [200, 96], [200, 150], [172, 150]], '품', 0.03184943490486902), ([[174, 150], [198, 150], [198, 196], [174, 196]], '올', 0.8848074828763153), ([[170, 196], [196, 196], [196, 296], [170, 296]], '흉', 0.0091702934786842), ([[283, 297], [407, 297], [407, 337], [283, 337]], '선 정 성', 0.9956909589169998), ([[491, 299], [613, 299], [613, 339], [491, 339]], '폭 력 성', 0.9886709419125501), ([[172, 302], [202, 302], [202, 440], [172, 440]], '용', 0.0037360100276375707), ([[273, 367], [345, 367], [345, 405], [273, 405]], '눕님', 0.8294858610928151), ([[170, 438], [200, 438], [200, 474], [170, 474]], '오', 0.10339333669618611), ([[172, 470], [200, 470], [200, 626], [172, 626]], '{', 0.02788562924771676), ([[265, 535], [425, 535], [425, 577], [265, 577]], '언어의부적절', 0.9937096694472576), ([[773, 923], [841, 923], [841, 961], [773, 961]], '[+샌', 0.0037289148473203045), ([[776, 958], [836, 958], [836, 990], [776, 990]], ':+치대', 0.0004067503032274544), ([[128, 1080], [167, 1080], [167, 1213], [128, 1213]], '통', 0.458819797106802), ([[146, 1856], [176, 1856], [176, 1948], [146, 1948]], '용', 0.36173510740582415), ([[174, 1716], [202, 1716], [202, 1946], [174, 1946]], "'", 0.10106162396923324), ([[990, 1866], [1382, 1866], [1382, 1915], [990, 1915]], '5아마 미어나이+-나독~/', 1.96996319284165e-05), ([[257.4002652655213, 401.5006631638032], [383.84922807054494, 381.1546741388084], [390.5997347344787, 439.4993368361968], [264.15077192945506, 459.8453258611916]], '허어억', 0.7175106241410247)]
