327882
26
[([[28, 156], [368, 156], [368, 182], [28, 182]], '[니드-<]네 름파니<즐프른데', 7.03821556022932e-06), ([[872, 352], [1064, 352], [1064, 377], [872, 377]], '7여하 더-9느', 0.00045452587067797856), ([[812, 370], [860, 370], [860, 396], [812, 396]], '72', 0.26786868102788586), ([[872, 376], [1175, 376], [1175, 396], [872, 396]], "엇7+~//격른하먼니른]침더권갈더3'", 1.6248066556560812e-07), ([[62, 788], [132, 788], [132, 814], [62, 814]], '^어>-+', 0.007593577135901295), ([[72, 814], [134, 814], [134, 842], [72, 842]], '어미커', 0.0018806770400220804), ([[814.1807680794809, 357.42653765563665], [847.8364611295798, 351.4519737426891], [850.8192319205191, 365.57346234436335], [817.1635388704202, 371.5480262573109]], '~뷰', 0.0004402083659206116)]
[]
[([[34, 308], [267, 308], [267, 326], [34, 326]], '[+ 니스-<9니 름]니]령프이른모', 2.188225415018319e-05), ([[93, 323], [165, 323], [165, 337], [93, 337]], '#기번 기야기논', 0.1315254115066317), ([[162, 320], [256, 320], [256, 348], [162, 348]], '심골름리삼 1절-그', 0.002375898727560552), ([[93, 333], [165, 333], [165, 347], [93, 347]], '고금교 기*기가', 0.4893275089713553), ([[101, 555], [137, 555], [137, 569], [101, 569]], "'이논드", 0.33737727999687195)]
[([[513, 39], [561, 39], [561, 55], [513, 55]], '바람띄어', 0.2342173010110855), ([[501, 63], [573, 63], [573, 79], [501, 79]], '아꾸 바람픽어', 0.1664317331795633), ([[55, 75], [109, 75], [109, 91], [55, 91]], '피근 곱더', 0.35352492643505584), ([[50, 86], [115, 86], [115, 105], [50, 105]], '부드러위진', 0.8762999826443342), ([[59, 99], [103, 99], [103, 119], [59, 119]], '것 같은', 0.6416724016436092), ([[53, 117], [111, 117], [111, 135], [53, 135]], '느낌인데?', 0.9952389636586285), ([[565, 197], [589, 197], [589, 211], [565, 211]], '아니', 0.9973312942206928), ([[551, 203], [609, 203], [609, 223], [551, 223]], '조급 까가운', 0.36301292056362566), ([[555, 219], [605, 219], [605, 235], [555, 235]], '것 같근게', 0.13869624024764018), ([[539, 233], [619, 233], [619, 247], [539, 247]], '끊다마면 끊다고', 0.0759760446970531), ([[547, 245], [611, 245], [611, 259], [547, 259]], '명각하는데 ', 0.15240623789828103), ([[539, 269], [575, 269], [575, 283], [539, 283]], '그런거', 0.998625061729935), ([[546, 254], [610, 254], [610, 284], [546, 284]], '그^습국습만', 0.00026649143617631533), ([[27, 781], [71, 781], [71, 797], [27, 797]], '으아~', 0.9589738786059503), ([[22, 797], [75, 797], [75, 817], [22, 817]], '나 꼬금', 0.4900806470275064), ([[13, 815], [83, 815], [83, 835], [13, 835]], '머버린 것', 0.5936106999806978), ([[23, 833], [75, 833], [75, 853], [23, 853]], '같아-!', 0.9940369725227356), ([[527.4700010599968, 50.15200169599491], [552.933345606203, 53.64102092069113], [551.5299989400032, 67.84799830400509], [525.066654393797, 64.35897907930887]], '반망', 0.9768528044377286)]
[([[399, 37], [441, 37], [441, 55], [399, 55]], '중아-', 0.9737488792941389), ([[393, 53], [447, 53], [447, 73], [393, 73]], '무업 끝', 0.968768855362067), ([[323, 65], [379, 65], [379, 83], [323, 83]], '각까 도구', 0.4309637077496214), ([[331, 81], [373, 81], [373, 97], [331, 97]], '아나씩', 0.49845476626727153), ([[317, 95], [385, 95], [385, 115], [317, 115]], '평리대농도', 0.4010939923135633), ([[335, 113], [363, 113], [363, 127], [335, 127]], '록-', 0.1656018522238707), ([[503, 165], [527, 165], [527, 181], [503, 181]], '반자', 0.7990964771654842), ([[499, 195], [523, 195], [523, 207], [499, 207]], '가켓', 0.10873594831505479), ([[109, 457], [169, 457], [169, 499], [109, 499]], '{7', 0.018488033199885342), ([[205, 663], [255, 663], [255, 683], [205, 683]], '뭐하는', 0.5612607220131348), ([[571, 645], [589, 645], [589, 681], [571, 681]], '쇼', 0.32093090334669583), ([[192, 680], [270, 680], [270, 704], [192, 704]], '짓인기가?', 0.9029997851723608)]
[([[23, 363], [43, 363], [43, 401], [23, 401]], '움', 0.9052450613316978), ([[171, 737], [187, 737], [187, 791], [171, 791]], '웃', 0.0586766281007991)]
[([[14, 12], [38, 12], [38, 38], [14, 38]], '뭐', 0.9999940395444042), ([[24, 92], [52, 92], [52, 146], [24, 146]], '원', 0.032249464510636594), ([[29, 145], [47, 145], [47, 191], [29, 191]], '옷', 0.9716537472351696), ([[58, 606], [84, 606], [84, 662], [58, 662]], '올', 0.21352357426295843), ([[521, 787], [541, 787], [541, 823], [521, 823]], '뭐', 0.29526294955403287)]
[([[571, 21], [591, 21], [591, 73], [571, 73]], '흙', 0.49486013375066307), ([[571, 91], [591, 91], [591, 145], [571, 145]], '푹', 0.12183275077906419), ([[51, 495], [119, 495], [119, 531], [51, 531]], '아고', 0.9993478819612344), ([[523, 515], [557, 515], [557, 533], [523, 533]], '까고', 0.9998948873779264), ([[51, 529], [119, 529], [119, 569], [51, 569]], '싶어', 0.9839097609591941), ([[507, 533], [573, 533], [573, 553], [507, 553]], '말아까면', 0.8365204930305481), ([[68, 780], [92, 780], [92, 808], [68, 808]], '응', 0.9935375295416158)]
[([[575, 25], [605, 25], [605, 43], [575, 43]], '물론', 0.7031873996205737), ([[45, 39], [81, 39], [81, 59], [45, 59]], '이거', 0.9998791249782801), ([[560, 38], [620, 38], [620, 62], [560, 62]], '반광아고', 0.8183227777481079), ([[40, 58], [87, 58], [87, 77], [40, 77]], '보라구', 0.7760383263729277), ([[575, 57], [607, 57], [607, 75], [575, 75]], '피금', 0.2978704141771067), ([[567, 73], [613, 73], [613, 91], [567, 91]], '여기저', 0.7976696356367448), ([[571, 91], [601, 91], [601, 109], [571, 109]], '댁스', 0.02428992591527243), ([[335, 9], [373, 9], [373, 209], [335, 209]], '7', 0.477495229654469), ([[559, 125], [577, 125], [577, 167], [559, 167]], '닭', 0.7562254078677597), ([[359, 335], [385, 335], [385, 349], [359, 349]], '누가', 0.9433126726124975), ([[350, 350], [392, 350], [392, 374], [350, 374]], '들으면', 0.9930842520070253), ([[349, 369], [391, 369], [391, 389], [349, 389]], '우콜라', 0.223783400896029), ([[343, 389], [399, 389], [399, 407], [343, 407]], '하는기가', 0.5000190138816833), ([[30, 410], [58, 410], [58, 462], [30, 462]], '옛', 0.8582928416345226), ([[465, 447], [507, 447], [507, 463], [465, 463]], '마피만', 0.12225438135692794), ([[473, 463], [501, 463], [501, 479], [473, 479]], '말야', 0.9937850498347844), ([[443, 559], [471, 559], [471, 571], [443, 571]], '이래', 0.9876579301450806), ([[426, 570], [470, 570], [470, 594], [426, 594]], '{커층뿐', 0.14576534926891327), ([[569, 653], [617, 653], [617, 671], [569, 671]], '그 골로', 0.9778372715095098), ([[557, 669], [631, 669], [631, 687], [557, 687]], '달리면말야', 0.9930995156505342), ([[553, 687], [633, 687], [633, 703], [553, 703]], '흔들린다고?', 0.582462229549827), ([[20, 778], [74, 778], [74, 802], [20, 802]], '어쩐수', 0.3456942702068528), ([[418, 776], [452, 776], [452, 800], [418, 800]], '출령', 0.29420891185740694), ([[16, 798], [78, 798], [78, 822], [16, 822]], '없잡아!', 0.9622901678085327), ([[416, 792], [454, 792], [454, 816], [416, 816]], '출령', 0.32259126915566155), ([[13, 817], [81, 817], [81, 837], [13, 837]], '사내로서', 0.8374987244606018), ([[423, 811], [457, 811], [457, 831], [423, 831]], '마고', 0.43484747877361446), ([[12, 836], [82, 836], [82, 860], [12, 860]], '정상적인', 0.9864997148914763), ([[2, 854], [90, 854], [90, 878], [2, 878]], '반응이라고', 0.9861603661607716)]
[([[522, 28], [616, 28], [616, 54], [522, 54]], '그 증거로', 0.9759529794316574), ([[548, 52], [594, 52], [594, 78], [548, 78]], '나만', 0.9998703587554245), ([[528, 76], [616, 76], [616, 104], [528, 104]], '반응한게', 0.3160278797149658), ([[518, 100], [624, 100], [624, 124], [518, 124]], '아니라고!?', 0.9867823483828652), ([[500, 270], [602, 270], [602, 296], [500, 296]], '반 남까애들', 0.860188479572121), ([[522, 292], [580, 292], [580, 316], [522, 316]], '멋명은', 0.4563848002896469), ([[514, 314], [590, 314], [590, 338], [514, 338]], '틀림없이', 0.9998275637626648), ([[518, 334], [584, 334], [584, 358], [518, 358]], '밤에 널', 0.8175411172880608), ([[492, 356], [612, 356], [612, 380], [492, 380]], '딸감으로 삼고', 0.8416113396375907), ([[496, 376], [592, 376], [592, 400], [496, 400]], '있올거라구', 0.4420965129401038), ([[42, 766], [90, 766], [90, 794], [42, 794]], '뭐:.', 0.873953701845886), ([[30, 796], [112, 796], [112, 828], [30, 828]], '뭐라!?', 0.4825184941291809)]
[([[558, 34], [620, 34], [620, 64], [558, 64]], '하지', 0.9997355809127837), ([[559, 65], [623, 65], [623, 103], [559, 103]], '말라', 0.9946449845831826), ([[558, 104], [622, 104], [622, 134], [558, 134]], '캐라', 0.9991913820601734), ([[507, 183], [531, 183], [531, 201], [507, 201]], '말:', 0.49974238607025334), ([[507, 199], [535, 199], [535, 217], [507, 217]], '되는', 0.9897663871896655), ([[497, 215], [547, 215], [547, 235], [497, 235]], '소길해라', 0.8734630346298218), ([[244, 240], [270, 240], [270, 248], [244, 248]], '마;"', 0.06384243686625374), ([[243, 257], [275, 257], [275, 273], [243, 273]], '시간', 0.9994335933499735), ([[237, 275], [279, 275], [279, 293], [237, 293]], '지나문', 0.5518924248303605), ([[571, 273], [615, 273], [615, 289], [571, 289]], '그보다', 0.999755329303192), ([[77, 285], [109, 285], [109, 301], [77, 301]], '아니', 0.9999425121826271), ([[561, 287], [621, 287], [621, 307], [561, 307]], '이상태로', 0.9982092380523682), ([[73, 301], [117, 301], [117, 317], [73, 317]], '오이려', 0.9960575471774575), ([[225, 295], [289, 295], [289, 313], [225, 313]], '가라앉간지', 0.6408217954586228), ([[569, 303], [615, 303], [615, 323], [569, 323]], '교실인', 0.32759871458575957), ([[21, 327], [45, 327], [45, 341], [21, 341]], '너림', 0.0962610085853391), ([[71, 317], [117, 317], [117, 335], [71, 335]], '점검더', 0.058005426347698494), ([[229, 311], [275, 311], [275, 331], [229, 331]], '암구나', 0.29697819033300354), ([[553, 319], [631, 319], [631, 339], [553, 339]], '못돌아갈 것', 0.9315231320467793), ([[25, 337], [49, 337], [49, 351], [25, 351]], "'어거", 0.15721874956269874), ([[55, 327], [132, 327], [132, 354], [55, 354]], '단단예지고', 0.6326285102131429), ([[562, 334], [610, 334], [610, 358], [562, 358]], '같은데', 0.3956699357822185), ([[6, 346], [60, 346], [60, 374], [6, 374]], '[그입어저만', 0.11003066450763097), ([[71, 347], [117, 347], [117, 367], [71, 367]], '있다고', 0.9889731091037406), ([[12, 762], [82, 762], [82, 786], [12, 786]], '뽑아내면', 0.996278703212738), ([[20, 782], [74, 782], [74, 806], [20, 806]], '된단거', 0.9194498524996622), ([[23, 801], [69, 801], [69, 821], [23, 821]], '고마?', 0.9999938057061831)]
[([[193, 41], [247, 41], [247, 59], [193, 59]], '학교어서', 0.9508468508720398), ([[199, 61], [239, 61], [239, 79], [199, 79]], '모하는', 0.8852446529831852), ([[316, 50], [370, 50], [370, 74], [316, 74]], '일단은', 0.576248288154602), ([[199, 79], [239, 79], [239, 97], [199, 97]], '고.고', 0.12649927702144498), ([[536, 102], [618, 102], [618, 126], [536, 126]], '일단 한번', 0.9996412124926767), ([[548, 124], [606, 124], [606, 148], [548, 148]], '빼내면', 0.9655520236334503), ([[534, 144], [620, 144], [620, 168], [534, 168]], '되는기찌?', 0.3670316967691606), ([[2, 350], [74, 350], [74, 380], [2, 380]], '다음교시록', 0.099031625107117), ([[21, 375], [51, 375], [51, 391], [21, 391]], '까피', 0.5379448550448178), ([[5, 389], [63, 389], [63, 409], [5, 409]], '씨간별로', 0.27555719017982483), ([[3, 405], [65, 405], [65, 425], [3, 425]], '없으니깐', 0.1901068240404129), ([[61, 433], [91, 433], [91, 451], [61, 451]], '입도', 0.9999531330261343), ([[53, 449], [99, 449], [99, 467], [53, 467]], '싸용대', 0.4282667071500925), ([[47, 465], [107, 465], [107, 485], [47, 485]], '군다면야', 0.37515366077423096), ([[583, 679], [599, 679], [599, 711], [583, 711]], '장', 0.08641027688602865)]
[([[176, 364], [214, 364], [214, 392], [176, 392]], '3', 0.47531429799622416), ([[565, 401], [595, 401], [595, 417], [565, 417]], '마  ', 0.5108583761785485), ([[567, 419], [601, 419], [601, 435], [567, 435]], '꼬까', 0.5590128573628388), ([[547, 435], [615, 435], [615, 455], [547, 455]], '파끼앉나', 0.49328696727752686), ([[167, 703], [187, 703], [187, 727], [167, 727]], '{', 0.06751091546562193), ([[561, 757], [617, 757], [617, 777], [561, 777]], '아 미안', 0.9992353320121765), ([[573, 773], [609, 773], [609, 793], [573, 793]], '땀에', 0.3845104244722813), ([[317, 789], [353, 789], [353, 809], [317, 809]], '안 관', 0.9904488155530989), ([[551, 791], [627, 791], [627, 811], [551, 811]], '떨없으니까', 0.2834093519535253)]
[([[10, 350], [66, 350], [66, 374], [10, 374]], '굉장해', 0.9993173509374195), ([[16, 370], [62, 370], [62, 396], [16, 396]], '쌀 것', 0.6244656443595886), ([[16, 390], [62, 390], [62, 414], [16, 414]], '같아-', 0.9823732650064292), ([[469, 623], [499, 623], [499, 637], [469, 637]], '우와', 0.998673727836589), ([[209, 627], [241, 627], [241, 647], [209, 647]], '농담', 0.9999329871685373), ([[455, 639], [515, 639], [515, 655], [455, 655]], '여기 무끼', 0.4832899892885933), ([[189, 644], [251, 644], [251, 664], [189, 664]], '알 무준이', 0.6061004529084106), ([[459, 655], [511, 655], [511, 671], [459, 671]], '더운데?', 0.9904691576957703), ([[197, 663], [241, 663], [241, 679], [197, 679]], '아니네', 0.9988468487794846), ([[75, 727], [141, 727], [141, 746], [75, 746]], '400000   걸테', 0.0004299862685192501), ([[591, 737], [633, 737], [633, 749], [591, 749]], '000~19', 0.0062352814350988064), ([[589.592091491776, 20.04203916052479], [609.3398138330153, 15.029079768511304], [625.407908508224, 71.9579608394752], [605.6601861669847, 76.97092023148869]], '}', 0.8945608783556089)]
[([[85, 23], [119, 23], [119, 41], [85, 41]], '글쎄', 0.8250250086206697), ([[68, 38], [150, 38], [150, 62], [68, 62]], '창고안예거', 0.3104232770197141), ([[489, 39], [543, 39], [543, 55], [489, 55]], '그러니까', 0.9976125955581665), ([[83, 57], [133, 57], [133, 77], [83, 77]], '적당이', 0.17706202946493252), ([[499, 53], [543, 53], [543, 71], [499, 71]], '껍무판', 0.3650820719872881), ([[69, 75], [149, 75], [149, 95], [69, 95]], '#울무밖에', 0.09665217808884356), ([[495, 71], [547, 71], [547, 87], [495, 87]], '이런가?', 0.2107280045747757), ([[499, 87], [543, 87], [543, 103], [499, 103]], '어디에', 0.9987056419890944), ([[67, 93], [147, 93], [147, 113], [67, 113]], '없찌 않아?', 0.7220841637076959), ([[487, 101], [553, 101], [553, 119], [487, 119]], '있느거야?', 0.24370598638419727), ([[521, 215], [579, 215], [579, 233], [521, 233]], '짜증나', 0.8621765410534296), ([[29, 223], [93, 223], [93, 241], [29, 241]], '그런 꼬리', 0.6432635583630152), ([[39, 241], [85, 241], [85, 257], [39, 257]], '대밖자', 0.2512802190962894), ([[522, 228], [580, 228], [580, 252], [522, 252]], '국올 것', 0.7334472787947129), ([[21, 257], [103, 257], [103, 275], [21, 275]], '띄이나올까?', 0.5297321873162668), ([[21, 271], [101, 271], [101, 291], [21, 291]], '빨리 맞아머', 0.1793540930064526), ([[17, 287], [105, 287], [105, 307], [17, 307]], '나가기나하까', 0.6625288508870792), ([[568, 414], [622, 414], [622, 500], [568, 500]], '값', 0.2571861841329479), ([[36, 581], [89, 581], [89, 602], [36, 602]], '마해라!', 0.9880362153053284), ([[21, 605], [89, 605], [89, 623], [21, 623]], '시로유키!', 0.9651717515385563), ([[528.7805784783006, 249.4147520217908], [572.7609421998443, 246.05180035392996], [573.2194215216994, 265.5852479782092], [530.2390578001557, 268.94819964607]], '같아 ~', 0.7439206637853951)]
[([[533, 63], [601, 63], [601, 81], [533, 81]], '뭐 - 뭐고!', 0.3387288432326136), ([[514, 80], [614, 80], [614, 104], [514, 104]], '더러분짓 하지', 0.9074567771553045), ([[522, 102], [608, 102], [608, 126], [522, 126]], '말고 가만히', 0.6082849718608441), ([[535, 127], [597, 127], [597, 147], [535, 147]], '있으라  .', 0.13414507591044567), ([[278, 112], [302, 112], [302, 188], [278, 188]], '푹', 0.03447716827339442), ([[549, 365], [601, 365], [601, 383], [549, 383]], '아-모!', 0.8716863393783569), ([[546, 386], [586, 386], [586, 412], [546, 412]], '정말', 0.9999170560096762), ([[247, 419], [299, 419], [299, 437], [247, 437]], '고 마하', 0.8566907644271851), ([[20, 436], [60, 436], [60, 464], [20, 464]], '종말', 0.7038576989461527), ([[2, 462], [76, 462], [76, 486], [2, 486]], '안되다카', 0.6446744203567505), ([[2, 486], [74, 486], [74, 510], [2, 510]], '지압노 .', 0.19396555674090785), ([[285, 771], [305, 771], [305, 801], [285, 801]], '우', 0.9943025434371435)]
[([[564, 16], [614, 16], [614, 42], [564, 42]], '들키문', 0.6180466375744625), ([[133, 49], [167, 49], [167, 69], [133, 69]], '찌금', 0.19107105330646412), ([[570, 40], [620, 40], [620, 64], [570, 64]], '알라고', 0.8647459149360657), ([[117, 64], [184, 64], [184, 89], [117, 89]], '조리내면', 0.5860670208930969), ([[569, 65], [617, 65], [617, 83], [569, 83]], "'러노-", 0.6783311367034912), ([[127, 85], [177, 85], [177, 105], [127, 105]], '한방에', 0.7258494538335561), ([[121, 103], [183, 103], [183, 123], [121, 123]], '둘키계끼', 0.37227651476860046), ([[107, 217], [167, 217], [167, 237], [107, 237]], '좁은데거', 0.377233624458313), ([[85, 235], [169, 235], [169, 255], [85, 255]], '원 짓올 예도', 0.32953605994772855), ([[91, 253], [163, 253], [163, 269], [91, 269]], '아무모리도', 0.9779848545690871), ([[111, 269], [145, 269], [145, 287], [111, 287]], '별 무', 0.6338812151109366), ([[93, 283], [161, 283], [161, 303], [93, 303]], '없단거7?', 0.18421369767182164), ([[570, 522], [610, 522], [610, 546], [570, 546]], '음~', 0.9984640088139279), ([[552, 542], [628, 542], [628, 568], [552, 568]], '부드러운', 0.9839584827423096), ([[552, 564], [626, 564], [626, 590], [552, 590]], '가슴~^', 0.2687313451016351), ([[139, 617], [159, 617], [159, 669], [139, 669]], '물', 0.2114746431100265), ([[173, 667], [225, 667], [225, 687], [173, 687]], '무끼 -', 0.6744853743881049), ([[170, 686], [228, 686], [228, 710], [170, 710]], '민감에', 0.2626135156887909), ([[179, 709], [219, 709], [219, 729], [179, 729]], '잠네', 0.12094052588858158)]
[([[576, 20], [626, 20], [626, 44], [576, 44]], '모유는', 0.7026790656828322), ([[124, 44], [208, 44], [208, 68], [124, 68]], "'이런짓 하다", 0.5463801814924522), ([[585, 43], [617, 43], [617, 59], [585, 59]], '아픽', 0.1963909982722344), ([[114, 64], [218, 64], [218, 88], [114, 88]], '보문 곧 나오제', 0.6509178799587186), ([[271, 47], [289, 47], [289, 85], [271, 85]], '춤', 0.04687163668141725), ([[568, 56], [632, 56], [632, 80], [568, 80]], '안나오는', 0.9719751477241516), ([[589, 79], [615, 79], [615, 95], [589, 95]], '거?', 0.9999913177602461), ([[106, 84], [228, 84], [228, 108], [106, 108]], '월 것 같다 아이가', 0.3244037443046312), ([[369, 287], [401, 287], [401, 303], [369, 303]], '아', 0.9998846087366928), ([[367, 303], [405, 303], [405, 323], [367, 323]], '어디', 0.9999576005336721), ([[347, 321], [424, 321], [424, 349], [347, 349]], '있는거야', 0.5471197962760925), ([[49, 501], [87, 501], [87, 521], [49, 521]], '정말', 0.7466074418777754), ([[49, 521], [87, 521], [87, 539], [49, 539]], '여기', 0.9999939308592087), ([[34, 540], [102, 540], [102, 564], [34, 564]], '위긴에?', 0.28232014179229736)]
[([[33, 63], [61, 63], [61, 79], [33, 79]], '그건', 0.9997812648636358), ([[178, 54], [228, 54], [228, 78], [178, 78]], '안팎다', 0.303388978067004), ([[518, 26], [572, 26], [572, 78], [518, 78]], '모', 0.9999839068106589), ([[23, 79], [67, 79], [67, 99], [23, 99]], '정말로', 0.9998705403282591), ([[25, 99], [69, 99], [69, 119], [25, 119]], '안되다', 0.5542108789601877), ([[31, 121], [69, 121], [69, 135], [31, 135]], '1이가', 0.7080869401269797), ([[510, 18], [635, 18], [635, 192], [510, 192]], '물품', 0.13622183924505704), ([[31, 305], [51, 305], [51, 327], [31, 327]], '원', 0.9808913658485494), ([[53, 323], [69, 323], [69, 355], [53, 355]], '출', 0.05441103666401492), ([[31, 329], [51, 329], [51, 413], [31, 413]], '#', 0.4943388338625141), ([[53, 393], [69, 393], [69, 417], [53, 417]], '느', 0.4828483690356542), ([[17, 453], [55, 453], [55, 533], [17, 533]], '통', 0.0035695156286888463), ([[214, 504], [238, 504], [238, 544], [214, 544]], '방', 0.24655941018117833), ([[531, 761], [633, 761], [633, 803], [531, 803]], '더 이상', 0.9105478099439245), ([[198, 731], [230, 731], [230, 897], [198, 897]], '국', 0.038126428118823164), ([[527, 797], [631, 797], [631, 835], [527, 835]], '참율 수', 0.1825706832599443), ([[531, 835], [631, 835], [631, 871], [531, 871]], '없어-!', 0.9997196197509766)]
[([[369, 659], [419, 659], [419, 679], [369, 679]], '장난만', 0.5146114193837344), ([[51, 683], [95, 683], [95, 701], [51, 701]], '미안-', 0.9983161673384708), ([[379, 679], [411, 679], [411, 695], [379, 695]], '끼꺼', 0.02860479422930378), ([[51, 701], [87, 701], [87, 719], [51, 719]], '미안', 0.9998395928629652), ([[379, 697], [411, 697], [411, 715], [379, 715]], '말고', 0.9993901052966456), ([[371, 711], [415, 711], [415, 731], [371, 731]], '찾아-', 0.7386688147929119), ([[456, 768], [482, 768], [482, 846], [456, 846]], '품', 0.10672656269902348)]
[([[30, 92], [84, 92], [84, 120], [30, 120]], '증말로', 0.8246159769375155), ([[22, 116], [96, 116], [96, 146], [22, 146]], '들키논가', 0.21682997047901154), ([[20, 140], [70, 140], [70, 168], [20, 168]], '햇볕', 0.40300900427169795), ([[515, 196], [588, 196], [588, 225], [515, 225]], '중로유키', 0.35500288009643555), ([[524, 222], [580, 222], [580, 248], [524, 248]], '돼응계', 0.03887895646554452), ([[504, 246], [608, 246], [608, 272], [504, 272]], '기대로 잠시만', 0.8231756349674074), ([[517, 268], [584, 268], [584, 297], [517, 297]], '잃어도-', 0.4013630747795105), ([[352, 284], [378, 284], [378, 346], [352, 346]], '읽', 0.1544084130380705), ([[568, 316], [610, 316], [610, 342], [568, 342]], '웃?', 0.932098076616967), ([[52, 332], [100, 332], [100, 356], [52, 356]], '원가,', 0.6807292055327012), ([[46, 354], [108, 354], [108, 378], [46, 378]], '이상안', 0.7002605102491721), ([[35, 377], [119, 377], [119, 397], [35, 397]], '소리 나끼', 0.6518446693787735), ([[40, 398], [112, 398], [112, 422], [40, 422]], '앞앉어?', 0.23455052077770233), ([[263, 397], [283, 397], [283, 471], [263, 471]], '푹', 0.037503153258207966)]
[([[577, 235], [597, 235], [597, 329], [577, 329]], '%', 0.004739114452110782), ([[17, 611], [37, 611], [37, 643], [17, 643]], '닭', 0.10258428999578939), ([[15, 617], [57, 617], [57, 711], [15, 711]], '곁', 0.0012061505467498984)]
[([[37, 15], [73, 15], [73, 61], [37, 61]], '품료', 0.38555800338114726), ([[35, 56], [75, 56], [75, 147], [35, 147]], '월', 0.022377770104164973), ([[576, 60], [617, 60], [617, 200], [576, 200]], '유', 0.5776704737223923), ([[552, 204], [620, 204], [620, 232], [552, 232]], '닥군있다', 0.01266258955001831), ([[546, 314], [578, 314], [578, 340], [546, 340]], '더', 0.9998687548788077), ([[602, 294], [628, 294], [628, 366], [602, 366]], '철', 0.06638208807746437), ([[548, 360], [572, 360], [572, 384], [548, 384]], '상', 0.8483189609644484), ([[106, 628], [154, 628], [154, 712], [106, 712]], '혈출', 0.007837765130688856), ([[0, 701], [33, 701], [33, 775], [0, 775]], '뿐', 0.03334196784632071), ([[429, 677], [491, 677], [491, 747], [429, 747]], '꽤', 0.15023408706133523), ([[464, 742], [490, 742], [490, 768], [464, 768]], '그', 0.9999544625698178), ([[7, 815], [45, 815], [45, 877], [7, 877]], '2', 0.8404351778353636)]
[([[9, 239], [69, 239], [69, 335], [9, 335]], '월', 0.013041713960618928), ([[38, 290], [64, 290], [64, 356], [38, 356]], '죽', 0.7390529766082956), ([[264.63862869710766, 1.0130760200855393], [301.9870232660307, 6.411782640256383], [280.36137130289234, 148.98692397991445], [243.0129767339693, 142.58821735974362]], '{', 0.23321891384740923)]
[([[546, 34], [570, 34], [570, 78], [546, 78]], '몇', 0.9728214180847239), ([[568, 50], [594, 50], [594, 74], [568, 74]], '어', 0.9998551659578006), ([[546, 70], [594, 70], [594, 96], [546, 96]], '다라', 0.9994502807733924), ([[543, 191], [563, 191], [563, 227], [543, 227]], '국', 0.15307916226000717), ([[517, 251], [531, 251], [531, 275], [517, 275]], '응', 0.9806086209529816), ([[31, 433], [57, 433], [57, 447], [31, 447]], '아-', 0.9980441882460394), ([[255, 439], [313, 439], [313, 459], [255, 459]], '검구판이', 0.21132956445217133), ([[29, 461], [61, 461], [61, 479], [29, 479]], '맞아', 0.9242254512770034), ([[253, 457], [315, 457], [315, 475], [253, 475]], '요기임네?', 0.8770140170570043), ([[227, 613], [271, 613], [271, 631], [227, 631]], '이런데', 0.9995434254973578), ([[0, 587], [101, 587], [101, 695], [0, 695]], '무', 0.1792733011518841), ([[207, 645], [279, 645], [279, 663], [207, 663]], '뭐하켓어 -', 0.3837197274580015), ([[227, 627], [289, 627], [289, 647], [227, 647]], '있어밖자', 0.38055017590522766), ([[577, 645], [605, 645], [605, 661], [577, 661]], '그럼', 0.9992055400757387), ([[557, 659], [621, 659], [621, 679], [557, 679]], '빨리 단고', 0.5943845629583506), ([[563, 677], [617, 677], [617, 693], [563, 693]], '나가짜 -', 0.48804679116053057), ([[346.11848927702897, -1.961071169572433], [488.891691709582, 51.53220058502977], [456.88151072297103, 130.96107116957242], [314.108308290418, 77.46779941497023]], '발견]', 0.20536864297596563)]
[([[553, 91], [589, 91], [589, 111], [553, 111]], '심장', 0.7695696008562084), ([[537, 109], [603, 109], [603, 129], [537, 129]], '멈구논물', 0.5785164833068848), ([[547, 129], [597, 129], [597, 149], [547, 149]], '알앉다', 0.5859660651694916), ([[538, 144], [602, 144], [602, 168], [538, 168]], '앉카나 "', 0.47633361980987304), ([[561, 235], [609, 235], [609, 255], [561, 255]], '꺾당이', 0.3292316081284), ([[559, 253], [611, 253], [611, 273], [559, 273]], '좀 아문', 0.9521407313812399), ([[549, 269], [621, 269], [621, 289], [549, 289]], '안되규나?', 0.7441603653584817), ([[553, 287], [617, 287], [617, 307], [553, 307]], '이로유키', 0.993602991104126), ([[49, 407], [65, 407], [65, 445], [49, 445]], '로', 0.06484250758840293), ([[49, 445], [65, 445], [65, 483], [49, 483]], '염', 0.4089018846318595), ([[37, 535], [69, 535], [69, 551], [37, 551]], '그래?', 0.9999957328192642), ([[39, 547], [67, 547], [67, 563], [39, 563]], '그럼', 0.9955972340971571), ([[29, 561], [77, 561], [77, 577], [29, 577]], '빨리빨리', 0.999442994594574), ([[29, 575], [79, 575], [79, 591], [29, 591]], '돌아가까', 0.6018617153167725), ([[19, 657], [115, 657], [115, 673], [19, 673]], '마 하<니', 0.015256881344419953), ([[121, 659], [229, 659], [229, 673], [121, 673]], ']]니파프이넘모', 0.0006100463175180537), ([[47, 681], [189, 681], [189, 695], [47, 695]], "2010.8.15 0줄-- !대@' 78", 0.0012224757259209859), ([[47, 701], [83, 701], [83, 717], [47, 717]], '{->6교', 0.0033549533011689027), ([[109, 699], [191, 699], [191, 719], [109, 719]], "'50 [여8도안미+`.", 1.6937955359848662e-05), ([[601, 687], [617, 687], [617, 723], [601, 723]], '품', 0.11834181074027583), ([[58, 726], [86, 726], [86, 734], [58, 734]], '하미칭벼', 0.00033622756018303335), ([[91, 723], [217, 723], [217, 743], [91, 743]], '구* -물/-설 구신8니|-47이0', 1.9083860913118684e-05), ([[109, 784], [184, 784], [184, 803], [109, 803]], '그보다 뭐모 ,', 0.4293180873020964), ([[187, 757], [223, 757], [223, 799], [187, 799]], "'엄%", 0.03094304785202598), ([[119, 803], [175, 803], [175, 821], [119, 821]], '느그 혼자', 0.6505028704405245), ([[111, 821], [181, 821], [181, 839], [111, 839]], '시원하게 된', 0.9552307087684389), ([[304, 810], [336, 810], [336, 834], [304, 834]], '왜,', 0.8677596003456621), ([[111, 839], [181, 839], [181, 855], [111, 855]], '것 맵키로 !?', 0.670953574139505), ([[286, 830], [354, 830], [354, 854], [286, 854]], '왜 그래', 0.9971666852948594), ([[309, 853], [331, 853], [331, 873], [309, 873]], '!?', 0.8895461328719642), ([[79.06850713433475, 696.230163555236], [111.89137319860973, 701.3498404629779], [109.93149286566525, 718.769836444764], [76.10862680139027, 713.6501595370221]], '익백', 0.0005786478718465883)]
