478945
24
[([[719, 131], [1225, 131], [1225, 217], [719, 217]], '2009다321', 0.14020232074958053), ([[963, 327], [1334, 327], [1334, 408], [963, 408]], '#1-1', 0.107951088177477), ([[987, 393], [1339, 393], [1339, 479], [987, 479]], '3국난서기', 0.0016555342306918386)]
[([[755, 77], [1420, 77], [1420, 167], [755, 167]], '5신츠몹이틈', 0.0002833063794413889), ([[962, 168], [1220, 168], [1220, 248], [962, 248]], '민미쪽', 0.023735043919667374), ([[832, 246], [1380, 246], [1380, 348], [832, 348]], '5미묘미7이내', 0.001423098981609739), ([[897, 347], [1179, 347], [1179, 414], [897, 414]], '역자 7@@_?', 0.004248939275073833), ([[895, 395], [1261, 395], [1261, 455], [895, 455]], '식자 [하`@<위 @랜-[', 3.5466776692672114e-05), ([[0, 1272], [1420, 1272], [1420, 2005], [0, 2005]], '[빛?', 0.00027761697269851213), ([[1225, 1963], [1327, 1963], [1327, 2003], [1225, 2003]], "'완집 한문화}", 0.06354225977087011), ([[1146.6453613306446, 1859.0210351774151], [1172.3014961178856, 1851.0151884329325], [1199.3546386693554, 1948.9789648225849], [1172.6985038821144, 1955.9848115670675]], '@', 0.36571489370098575), ([[1312.5640836827645, 1969.2666175751879], [1377.1070668103346, 1921.599960374233], [1394.4359163172355, 1950.7333824248121], [1328.8929331896654, 1999.400039625767]], "'프로렉문 '", 0.03365044419401931)]
[([[1161, 221], [1223, 221], [1223, 257], [1161, 257]], '아앗', 0.9156435365875162), ([[193, 373], [305, 373], [305, 417], [193, 417]], '스와코', 0.9713452506597846), ([[954, 406], [1034, 406], [1034, 438], [954, 438]], '저기 .', 0.2589879333972931), ([[1107, 773], [1261, 773], [1261, 814], [1107, 814]], '역시 그만"', 0.5544880089910896)]
[([[150, 72], [206, 72], [206, 128], [150, 128]], '귀', 0.3832355539239849), ([[170, 142], [218, 142], [218, 198], [170, 198]], '로', 0.7855497149514612), ([[248, 194], [286, 194], [286, 226], [248, 226]], '귀', 0.959013940682528), ([[1029, 181], [1173, 181], [1173, 225], [1029, 225]], '안~돼어', 0.16765698790550232), ([[264, 240], [296, 240], [296, 278], [264, 278]], '로', 0.9959778779750792), ([[1161, 811], [1291, 811], [1291, 855], [1161, 855]], '벌써  꽤', 0.9792715114435943), ([[1185, 849], [1267, 849], [1267, 891], [1185, 891]], '깎아', 0.9994497750926958), ([[1135, 883], [1319, 883], [1319, 927], [1135, 927]], '버럿으니까', 0.38238913123371115), ([[857, 917], [969, 917], [969, 957], [857, 957]], '여기서', 0.9999732269225216), ([[837, 953], [985, 953], [985, 997], [837, 997]], '그만두면', 0.9993842244148254), ([[873, 989], [953, 989], [953, 1033], [873, 1033]], '이상', 0.7406444838916465), ([[841, 1021], [982, 1021], [982, 1071], [841, 1071]], '하다고?', 0.9997996091842651)]
[([[567, 185], [649, 185], [649, 227], [567, 227]], '아아', 0.9999439451516483), ([[563, 221], [653, 221], [653, 265], [563, 265]], '정말 !', 0.5908929705619812), ([[1167, 221], [1243, 221], [1243, 261], [1167, 261]], '잠:', 0.5554926128648495), ([[1172, 348], [1260, 348], [1260, 509], [1172, 509]], '손', 0.7884448346379749), ([[722, 730], [764, 730], [764, 754], [722, 754]], '그:', 0.992463636203874), ([[1118, 800], [1266, 800], [1266, 848], [1118, 848]], '움직이면', 0.9987159371376038), ([[1091, 833], [1292, 833], [1292, 888], [1091, 888]], '위함하장아!', 0.5043586906529877), ([[163, 1093], [253, 1093], [253, 1129], [163, 1129]], '그치만', 0.9999587736301225), ([[1187, 1423], [1275, 1423], [1275, 1459], [1187, 1459]], '그렇게', 0.8777438701167094), ([[1199, 1451], [1261, 1451], [1261, 1487], [1199, 1487]], "깎'", 0.30778887106681346), ([[861, 1473], [951, 1473], [951, 1509], [861, 1509]], '민감한', 0.991348707402101), ([[861, 1471], [993, 1471], [993, 1539], [861, 1539]], '만큼대 저:', 0.01915037382039504), ([[1187, 1481], [1277, 1481], [1277, 1517], [1187, 1517]], '때마다', 0.9940070894925814), ([[370, 1732], [456, 1732], [456, 1762], [370, 1762]], '마치  ', 0.4040934443473816), ([[357, 1759], [473, 1759], [473, 1795], [357, 1795]], '애태우고', 0.9952043294906616), ([[352, 1782], [448, 1782], [448, 1854], [352, 1854]], '젓윗품', 0.10843207709399617), ([[117.23165668897701, 131.0184591307219], [232.94537715740094, 115.78345490030483], [261.768343311023, 370.9815408692781], [145.05462284259906, 386.21654509969517]], '손', 0.07500483743173447)]
[([[1181, 253], [1327, 253], [1327, 289], [1181, 289]], '느껴버려: .', 0.616209287097565), ([[1060, 1370], [1214, 1370], [1214, 1430], [1060, 1430]], '다음은', 0.7545545101165771), ([[1026, 1418], [1245, 1418], [1245, 1483], [1026, 1483]], '이쪽이야!', 0.9912727414298051), ([[90, 1798], [186, 1798], [186, 1846], [90, 1846]], '까악!', 0.9718766628447038)]
[([[1119, 200], [1248, 200], [1248, 250], [1119, 250]], '(스와코!', 0.9183850166301649), ([[48, 288], [196, 288], [196, 336], [48, 336]], '거기까지', 0.9993479251861572), ([[83, 327], [159, 327], [159, 367], [83, 367]], '하지', 0.9991719148847112), ([[48, 360], [180, 360], [180, 408], [48, 408]], '않아도.', 0.8417162895202637), ([[1166, 1072], [1282, 1072], [1282, 1120], [1166, 1120]], '이렇게', 0.8909295776705798), ([[401, 1129], [493, 1129], [493, 1167], [401, 1167]], '엉덩이', 0.9998429418263216), ([[1150, 1108], [1298, 1108], [1298, 1156], [1150, 1156]], '밝은데서', 0.8253260850906372), ([[406, 1162], [496, 1162], [496, 1192], [406, 1192]], '크네 ', 0.8280024745909365), ([[1167, 1147], [1249, 1147], [1249, 1189], [1167, 1189]], '전부', 0.9999460524601249), ([[53, 1503], [205, 1503], [205, 1541], [53, 1541]], '보여버려: .', 0.7853302232388841), ([[952, 1800], [978, 1800], [978, 1834], [952, 1834]], '(', 0.5675066161138744), ([[1082, 1870], [1278, 1870], [1278, 1996], [1082, 1996]], '*혀', 0.039136453979416536)]
[([[804, 114], [918, 114], [918, 162], [804, 162]], '우후후', 0.999877629236752), ([[1023, 951], [1315, 951], [1315, 1013], [1023, 1013]], '1인분 완료"', 0.8303174795988126), ([[1125.4237425167328, 27.013844348041424], [1217.6765892871792, 13.302313485660646], [1250.5762574832672, 258.9861556519586], [1158.3234107128208, 272.69768651433935]], '""', 0.3146778044996785)]
[([[1205, 127], [1293, 127], [1293, 163], [1205, 163]], '정말. .', 0.29717747174618875), ([[465, 185], [647, 185], [647, 223], [465, 223]], '이렇게 하고:.', 0.5380877154640338), ([[129, 977], [221, 977], [221, 1019], [129, 1019]], '바보.', 0.42924571501975234), ([[842, 986], [952, 986], [952, 1090], [842, 1090]], '가 ', 0.28581004383644576), ([[839, 1275], [875, 1275], [875, 1311], [839, 1311]], '앗', 0.4980265112774305), ([[1156, 1334], [1306, 1334], [1306, 1382], [1156, 1382]], '카나코의', 0.9963322877883911), ([[1195, 1377], [1267, 1377], [1267, 1413], [1195, 1413]], '보 9', 0.19345886091461068), ([[26, 1536], [124, 1536], [124, 1696], [26, 1696]], '4', 0.4430895391998071), ([[387, 1651], [501, 1651], [501, 1695], [387, 1695]], '평소엔', 0.9990281781854441), ([[391, 1646], [558, 1646], [558, 1738], [391, 1738]], '꼴출햇 딸', 0.004973116097566491), ([[413, 1723], [529, 1723], [529, 1765], [413, 1765]], '평크라', 0.470124412179438), ([[394, 1756], [540, 1756], [540, 1804], [394, 1804]], '귀엽네 ~', 0.8322752654442586), ([[33, 1845], [87, 1845], [87, 1887], [33, 1887]], '앗:', 0.4885165192404809), ([[5, 1881], [131, 1881], [131, 1923], [5, 1923]], '아 앗!', 0.4821948228069324)]
[([[1265, 83], [1341, 83], [1341, 123], [1265, 123]], '아직', 0.9998998605565547), ([[1267, 119], [1339, 119], [1339, 159], [1267, 159]], '처녀', 0.9992462610230419), ([[1249, 155], [1359, 155], [1359, 197], [1249, 197]], '인거네', 0.9997209865759297), ([[567, 195], [681, 195], [681, 239], [567, 239]], '카나코', 0.998261257178605), ([[1081, 1647], [1237, 1647], [1237, 1683], [1081, 1683]], '저기 카나코', 0.6453757655284026), ([[477, 1683], [595, 1683], [595, 1719], [477, 1719]], '개구리는', 0.49072396755218506), ([[1099, 1677], [1215, 1677], [1215, 1713], [1099, 1713]], '삼자대럽', 0.4710410237312317), ([[117, 1709], [261, 1709], [261, 1747], [117, 1747]], '민달평이논', 0.4558038224687852), ([[463, 1711], [605, 1711], [605, 1747], [463, 1747]], '민달 평이틀', 0.28992119269623245), ([[847, 1713], [907, 1713], [907, 1749], [847, 1749]], '뱀은', 0.557762557462744), ([[1109, 1705], [1211, 1705], [1211, 1741], [1109, 1741]], '이란 거', 0.3489468078648825), ([[157, 1739], [219, 1739], [219, 1775], [157, 1775]], '뱀올', 0.5519399351671497), ([[506, 1742], [566, 1742], [566, 1772], [506, 1772]], '먹고', 0.9956517863029651), ([[819, 1741], [935, 1741], [935, 1777], [819, 1777]], '개구리틀', 0.35003459453582764), ([[1087, 1731], [1233, 1731], [1233, 1769], [1087, 1769]], '알고 있어?', 0.6714641347250427), ([[115, 1767], [263, 1767], [263, 1803], [115, 1803]], '녹이논거야', 0.81825973771066), ([[848, 1770], [906, 1770], [906, 1802], [848, 1802]], '먹고', 0.9973475502146558)]
[([[1149, 145], [1297, 145], [1297, 189], [1149, 189]], '카나코의', 0.9978787302970886), ([[397, 167], [547, 167], [547, 211], [397, 211]], '매끈매끈', 0.9437299966812134), ([[1189, 185], [1259, 185], [1259, 221], [1189, 221]], '보 0', 0.1032534850597888), ([[364, 200], [584, 200], [584, 248], [364, 248]], '끈적곤적해서', 0.6386692202200155), ([[388, 238], [474, 238], [474, 286], [388, 286]], '마치', 0.9036562684083435), ([[468, 230], [633, 230], [633, 326], [468, 326]], '팔탕평이', 0.026061296463012695), ([[298, 646], [390, 646], [390, 694], [298, 694]], '싫어!', 0.9551352021099524), ([[1000, 518], [1254, 518], [1254, 718], [1000, 718]], '셋', 0.011699535785794135), ([[1146, 960], [1225, 960], [1225, 1009], [1146, 1009]], '있지', 0.8091164155942667), ([[1129, 1001], [1243, 1001], [1243, 1045], [1129, 1045]], '카나코', 0.9942587923702358), ([[153, 1443], [337, 1443], [337, 1487], [153, 1487]], '먹어도 돼?', 0.5625576428375072)]
[([[118, 144], [1273, 144], [1273, 276], [118, 276]], '뱀과개구리와민달평이', 0.5062523131485395), ([[926, 1888], [1013, 1888], [1013, 1937], [926, 1937]], '{!', 0.03303710274056183)]
[([[1209, 135], [1297, 135], [1297, 171], [1209, 171]], '후후후', 0.9993448786757877), ([[559, 277], [675, 277], [675, 317], [559, 317]], '그대로', 0.9999964898995394), ([[513, 307], [748, 307], [748, 358], [513, 358]], '내것도 귀여워', 0.6318848473795692), ([[554, 346], [704, 346], [704, 390], [554, 390]], '해쥐야지', 0.9541540145874023), ([[423, 1129], [537, 1129], [537, 1173], [423, 1173]], '카나코', 0.9965004933874309), ([[606, 1254], [844, 1254], [844, 1429], [606, 1429]], '"드', 0.004941239497938347), ([[630, 1420], [654, 1420], [654, 1468], [630, 1468]], '8', 0.9999672177140475), ([[481, 1494], [568, 1494], [568, 1732], [481, 1732]], '8', 0.012495435276181022), ([[943, 1599], [1007, 1599], [1007, 1669], [943, 1669]], '둘', 0.036006951608342996), ([[1041, 1587], [1107, 1587], [1107, 1669], [1041, 1669]], '품', 0.152213937893678), ([[1099.4281473238832, 1362.023397351374], [1152.4870075103172, 1354.1597654525403], [1172.5718526761168, 1497.976602648626], [1119.5129924896828, 1505.8402345474597]], '숲', 0.14482331317253738)]
[([[1043, 145], [1191, 145], [1191, 189], [1043, 189]], '스와코의', 0.9786141514778137), ([[1083, 185], [1153, 185], [1153, 221], [1083, 221]], '보애', 0.07141147898510053), ([[97, 249], [255, 249], [255, 293], [97, 293]], '콩이 점점', 0.9156982738308402), ([[84, 284], [264, 284], [264, 328], [84, 328]], '딱딱해저: .', 0.7039895468965784), ([[1129, 617], [1223, 617], [1223, 653], [1129, 653]], '느끼는', 0.9360730057424453), ([[1113, 647], [1237, 647], [1237, 683], [1113, 683]], '거구나:.', 0.5006645711804957), ([[509, 841], [545, 841], [545, 919], [509, 919]], '학', 0.010925988033037515), ([[1111, 825], [1175, 825], [1175, 903], [1111, 903]], '경6', 0.039545914246319445), ([[1109, 911], [1171, 911], [1171, 983], [1109, 983]], '상히', 0.1616689762134562), ([[105, 1097], [141, 1097], [141, 1149], [105, 1149]], '욕', 0.7625233120080708), ([[737, 1105], [805, 1105], [805, 1143], [737, 1143]], '아컷', 0.03595666173240354), ([[687, 1135], [811, 1135], [811, 1171], [687, 1171]], '카나코의', 0.9900886416435242), ([[820, 1136], [852, 1136], [852, 1168], [820, 1168]], '허', 0.35082119381110033), ([[104, 1158], [178, 1158], [178, 1210], [104, 1210]], '스목', 0.1990784232481769), ([[707, 1165], [833, 1165], [833, 1203], [707, 1203]], '기분종네', 0.7861844301223755), ([[545, 1327], [663, 1327], [663, 1365], [545, 1365]], '더 확아:', 0.24149291349945062), ([[30, 1798], [116, 1798], [116, 1826], [30, 1826]], '이대로:', 0.7305580377578735), ([[357, 1831], [399, 1831], [399, 1879], [357, 1879]], '((', 0.9115633148031086), ([[769.1874114593315, 95.0300547009762], [881.9935551149274, 175.6235083864751], [825.8125885406685, 251.9699452990238], [714.0064448850726, 171.3764916135249]], '(양', 0.03456383428986018)]
[([[541, 243], [693, 243], [693, 281], [541, 281]], '미사구지의', 0.6877806555858227), ([[571, 273], [665, 273], [665, 311], [571, 311]], '힘으로', 0.9993416441612623), ([[558, 306], [678, 306], [678, 338], [558, 338]], '스와코게', 0.9881350994110107), ([[557, 333], [679, 333], [679, 369], [557, 369]], '딱딱하고', 0.9997203350067139), ([[555, 363], [665, 363], [665, 401], [555, 401]], '커저서 :', 0.41503848429709345), ([[73, 997], [197, 997], [197, 1033], [73, 1033]], '나의질:.', 0.9628727721756568), ([[88, 1030], [184, 1030], [184, 1062], [88, 1062]], '범해저', 0.9939229153534558), ([[43, 1057], [203, 1057], [203, 1095], [43, 1095]], '버리논결까-', 0.12293869643184892), ([[35, 1467], [143, 1467], [143, 1505], [35, 1505]], '손가락:.', 0.9000931650829538), ([[47, 1499], [141, 1499], [141, 1535], [47, 1535]], '멈추질', 0.990253123680107), ([[47, 1527], [135, 1527], [135, 1565], [47, 1565]], '않아 ', 0.5525487048241202), ([[818, 1616], [872, 1616], [872, 1646], [818, 1646]], '아 ', 0.6839609069940948), ([[803, 1645], [869, 1645], [869, 1683], [803, 1683]], '싫어-', 0.9913829427116665), ([[560, 1700], [622, 1700], [622, 1732], [560, 1732]], '마치', 0.9999863444483912), ([[545, 1729], [639, 1729], [639, 1765], [545, 1765]], '원하고', 0.999947761616604), ([[522, 1755], [627, 1755], [627, 1832], [522, 1832]], '젓째품', 0.13160212275594765), ([[560, 1760], [592, 1760], [592, 1798], [560, 1798]], '잎', 0.7941310024776591), ([[1214.3829424939204, 1201.0272501812992], [1266.5855944626219, 1193.1819438107257], [1285.6170575060796, 1327.9727498187008], [1233.4144055373781, 1335.8180561892743]], '$', 0.6368108142996931), ([[859.31030298491, 1235.0340601475914], [910.79036781631, 1220.044763216472], [945.68969701509, 1349.9659398524086], [894.20963218369, 1365.955236783528]], '육', 0.010855597894242841), ([[1156.945256169098, 1325.093434546949], [1197.6090821280804, 1304.0309951448123], [1240.054743830902, 1392.906565453051], [1199.3909178719196, 1413.9690048551877]], '중', 0.05264703003591742)]
[([[1111, 87], [1187, 87], [1187, 131], [1111, 131]], '정말', 0.9999871873820939), ([[107, 239], [181, 239], [181, 283], [107, 283]], '뒷어', 0.18797250660024406), ([[87, 275], [201, 275], [201, 319], [87, 319]], '카나코', 0.9973297728097406), ([[453, 541], [567, 541], [567, 585], [453, 585]], '카나코', 0.9974119214958955), ([[1115, 701], [1227, 701], [1227, 745], [1115, 745]], '스와코', 0.5900383455358492), ([[68, 844], [228, 844], [228, 892], [68, 892]], '알고 있어', 0.9960544220851753), ([[997, 895], [1075, 895], [1075, 939], [997, 939]], '나아', 0.9373616460412016), ([[1057, 1208], [1292, 1208], [1292, 1258], [1057, 1258]], '하지만 모처럼', 0.9361739025726015), ([[1065, 1249], [1285, 1249], [1285, 1293], [1065, 1293]], '매끈매끈하게', 0.5297393448090256), ([[1100, 1282], [1254, 1282], [1254, 1330], [1100, 1330]], '뒷으니까', 0.5350937843322754), ([[77, 1735], [229, 1735], [229, 1795], [77, 1795]], '까악? !', 0.9705382173019679), ([[383, 1681], [661, 1681], [661, 1973], [383, 1973]], '(', 0.012560598764398634), ([[653.1430466182295, 185.3576165455737], [754.3293253662227, 174.49861201062686], [757.8569533817705, 219.6423834544263], [655.6706746337773, 231.50138798937314]], '2구; "', 0.05370146591935275)]
[([[1174, 131], [1297, 131], [1297, 171], [1174, 171]], '문지르는', 0.7837285399436951), ([[1189, 165], [1283, 165], [1283, 201], [1189, 201]], '거야 "', 0.14423252642154694), ([[469, 215], [565, 215], [565, 253], [469, 253]], '이렇게', 0.825841068167664), ([[418, 241], [613, 241], [613, 281], [418, 281]], '딱딱한 곳끼리', 0.5177359230242141), ([[439, 275], [595, 275], [595, 313], [439, 313]], '문질러서: .', 0.57412441675431), ([[70, 916], [172, 916], [172, 1044], [70, 1044]], '다', 0.16643697680099567), ([[320, 936], [416, 936], [416, 1064], [320, 1064]], '또', 0.16311963224792692), ([[1156, 1292], [1234, 1292], [1234, 1340], [1156, 1340]], '우욕', 0.8495571567930736), ([[157, 1317], [271, 1317], [271, 1361], [157, 1361]], '아앗!?', 0.9199617061713701), ([[81, 1765], [161, 1765], [161, 1807], [81, 1807]], '원지', 0.14705664148307412), ([[1181, 1769], [1293, 1769], [1293, 1813], [1181, 1813]], '스와코', 0.9874607319318928), ([[86, 1798], [200, 1798], [200, 1846], [86, 1846]], '이상해', 0.9997617986923513), ([[1197, 1809], [1301, 1809], [1301, 1851], [1197, 1851]], '이거:', 0.5991520285606384), ([[367.6720961520827, 1292.1702538341624], [454.7041628776277, 1212.0155026778516], [596.3279038479174, 1391.8297461658376], [509.2958371223723, 1470.9844973221484]], '죽', 0.06618699845533005), ([[959.9213782721229, 1274.0363984274177], [1065.6344213185323, 1222.0125827729871], [1166.0786217278771, 1453.9636015725823], [1060.3655786814677, 1505.9874172270129]], '죽', 0.018037909156470855), ([[907.7108159108866, 1617.2408347811668], [967.6819157067902, 1560.0211571206783], [1073.2891840891134, 1685.7591652188332], [1013.3180842932098, 1742.9788428793217]], ';', 0.5069365485045552)]
[([[1245, 187], [1319, 187], [1319, 229], [1245, 229]], '보 (', 0.8470429182052612), ([[578, 268], [628, 268], [628, 418], [578, 418]], '쥐', 0.021421078026095053), ([[440, 952], [492, 952], [492, 1202], [440, 1202]], '#', 0.008591089137427455), ([[1122, 1176], [1366, 1176], [1366, 1584], [1122, 1584]], '#', 0.984611330906219), ([[514, 1527], [810, 1527], [810, 1934], [514, 1934]], '대', 0.6730073584074638), ([[728, 1896], [778, 1896], [778, 1960], [728, 1960]], '9', 0.9299070923909234), ([[124.16252172385566, 589.0439563766288], [182.5580776638293, 565.0194894072413], [231.83747827614434, 699.9560436233712], [172.4419223361707, 723.9805105927587]], '열', 0.5499500160013362), ([[1269.345239142402, 622.0178763059565], [1362.7884461234485, 644.8709197077612], [1317.654760857598, 828.9821236940435], [1225.2115538765515, 806.1290802922388]], '"', 0.032663984680255886), ([[198.90262719059504, 732.0865513007487], [243.6116862340039, 707.0267769323555], [297.09737280940493, 808.9134486992513], [252.3883137659961, 834.9732230676445]], '독', 0.3495767062842994), ([[1241.4742856320015, 829.0125697088318], [1320.5045541585275, 814.1033804882405], [1363.5257143679985, 1059.9874302911683], [1284.4954458414725, 1074.8966195117596]], '#', 0.8411112440413149), ([[540.3563713539036, 1082.0069050919062], [755.9546944906313, 1056.0738382158863], [812.6436286460964, 1607.9930949080938], [597.0453055093687, 1633.9261617841137]], '4', 0.9827678403594433)]
[([[333, 3], [517, 3], [517, 267], [333, 267]], '4', 0.11660774695332421), ([[1196, 134], [1276, 134], [1276, 208], [1196, 208]], '싫업:', 0.04308449804037365), ([[1228, 140], [1262, 140], [1262, 172], [1228, 172]], '어', 0.9999796153153717), ([[1103, 365], [1193, 365], [1193, 405], [1103, 405]], '멈추질', 0.9962890261033817), ([[1125, 397], [1201, 397], [1201, 435], [1125, 435]], '않아', 0.9997192292413287), ([[1035, 713], [1113, 713], [1113, 755], [1035, 755]], '아앗', 0.9164254974791992), ([[1199, 713], [1275, 713], [1275, 755], [1199, 755]], "'아앗", 0.9126981312402295), ([[181, 839], [225, 839], [225, 895], [181, 895]], '9', 0.5715487707508125), ([[1196, 1394], [1274, 1394], [1274, 1442], [1196, 1442]], '아차', 0.06934579496748204), ([[20, 1448], [206, 1448], [206, 1496], [20, 1496]], '기분 좋아~', 0.787533398256067), ([[250, 1396], [400, 1396], [400, 1582], [250, 1582]], '쇄', 0.057936643763772944), ([[-0.8899991979023192, 19.02201620237316], [130.4464243836831, -5.156236808601765], [171.8899991979023, 256.97798379762685], [39.5535756163169, 281.15623680860176]], '속', 0.036274448315559704)]
[([[1231, 113], [1309, 113], [1309, 157], [1231, 157]], '아양', 0.5550844243976777), ([[275, 143], [381, 143], [381, 187], [275, 187]], '가버려', 0.9996370230586559), ([[113, 173], [181, 173], [181, 215], [113, 215]], '삼입', 0.20854711683116944), ([[101, 213], [199, 213], [199, 249], [101, 249]], '되지도', 0.9978974703893336), ([[78, 242], [220, 242], [220, 290], [78, 290]], '않앗는데', 0.16664797067642212), ([[1253, 375], [1329, 375], [1329, 417], [1253, 417]], '아앗', 0.8240785341846425), ([[141, 627], [263, 627], [263, 667], [141, 667]], '내 보 0', 0.567627172288331), ([[131, 661], [303, 661], [303, 705], [131, 705]], '엉망진창으', 0.9971957500252627), ([[150, 692], [270, 692], [270, 740], [150, 740]], '로 긁혀', 0.7289612889289856), ([[133, 731], [271, 731], [271, 771], [133, 771]], '버려:   서', 0.5525139714443692), ([[221, 983], [307, 983], [307, 1047], [221, 1047]], '아약 ,', 0.3553036938821542), ([[1011, 1055], [1137, 1055], [1137, 1093], [1011, 1093]], '머릿속이', 0.9996207356452942), ([[1015, 1086], [1141, 1086], [1141, 1124], [1015, 1124]], '새하양게', 0.3686304986476898), ([[83, 1135], [155, 1135], [155, 1179], [83, 1179]], '아앗', 0.8166781163354622), ([[210, 1136], [282, 1136], [282, 1238], [210, 1238]], '47', 0.20542524044181967), ([[1199, 1231], [1315, 1231], [1315, 1273], [1199, 1273]], '아앗 나', 0.9559304008110094), ([[1185, 1263], [1260, 1263], [1260, 1308], [1185, 1308]], '이제-', 0.9937217677862651), ([[401, 1349], [437, 1349], [437, 1477], [401, 1477]], '월', 0.024415175443160075), ([[404, 1472], [432, 1472], [432, 1534], [404, 1534]], '엇', 0.8478510715324319), ([[1184, 1476], [1282, 1476], [1282, 1650], [1184, 1650]], '4', 0.09403454103052411), ([[1264, 1608], [1288, 1608], [1288, 1656], [1264, 1656]], '4', 0.543478724064844), ([[457, 1665], [559, 1665], [559, 1705], [457, 1705]], '아우', 0.9999148644275015), ([[507, 1697], [543, 1697], [543, 1739], [507, 1739]], '우', 0.9999771119473735), ([[73, 1767], [175, 1767], [175, 1827], [73, 1827]], '아앗', 0.7757042072220586), ([[1023, 1725], [1145, 1725], [1145, 1833], [1023, 1833]], "밖'", 0.23963867021285523), ([[517, 1791], [653, 1791], [653, 1969], [517, 1969]], '세', 0.009379906687399853)]
[([[102, 34], [455, 34], [455, 419], [102, 419]], '배볕', 0.0023468646539384678), ([[1200, 213], [1291, 213], [1291, 548], [1200, 548]], '#', 0.31453737239667134), ([[1272, 26], [1371, 26], [1371, 569], [1272, 569]], ':', 0.5754428465461956), ([[814, 1502], [1102, 1502], [1102, 1810], [814, 1810]], '털', 0.031099158700851115), ([[46, 1648], [488, 1648], [488, 1938], [46, 1938]], '것;', 0.0103746283168239), ([[32.186352891072296, 265.01839889269775], [152.56754102444057, 217.00894952523402], [262.8136471089277, 521.9816011073023], [142.43245897555943, 569.991050474766]], '슈', 0.02534023656171258)]
[([[153, 353], [225, 353], [225, 397], [153, 397]], '흐응', 0.8227358054895986), ([[532, 384], [574, 384], [574, 410], [532, 410]], "'7", 0.4476686321127524), ([[499, 849], [605, 849], [605, 893], [499, 893]], '개구리', 0.9999699921356012), ([[1139, 853], [1179, 853], [1179, 895], [1139, 895]], '뱀', 0.9995778052679185), ([[101, 1467], [209, 1467], [209, 1511], [101, 1511]], '에옛?', 0.8137088418006897), ([[1059, 1487], [1131, 1487], [1131, 1531], [1059, 1531]], '결국', 0.999738615252186), ([[1025, 1523], [1165, 1523], [1165, 1567], [1025, 1567]], '사나에는', 0.5375071167945862), ([[1008, 1558], [1184, 1558], [1184, 1606], [1008, 1606]], '민달광이네', 0.8578976283918863)]
[([[137, 61], [211, 61], [211, 103], [137, 103]], '그런', 0.9999534701963105), ([[225, 59], [335, 59], [335, 103], [225, 103]], '두분과', 0.9995785932668753), ([[691, 73], [765, 73], [765, 113], [691, 113]], '그치', 0.9910130310212218), ([[175, 93], [289, 93], [289, 137], [175, 137]], '나란히', 0.9996791423443034), ([[1183, 99], [1259, 99], [1259, 141], [1183, 141]], '삼자', 0.9414484111973194), ([[164, 132], [304, 132], [304, 174], [164, 174]], '불리논건', 0.7253414392471313), ([[1151, 135], [1291, 135], [1291, 179], [1151, 179]], '대립이네', 0.3369426429271698), ([[125, 163], [346, 163], [346, 215], [125, 215]], '승구스러워요', 0.7522446668892986), ([[95, 327], [326, 327], [326, 621], [95, 621]], '#소', 0.00045436350461862493), ([[1155, 773], [1249, 773], [1249, 817], [1155, 817]], '어라?', 0.9941747529190322), ([[1171, 1211], [1241, 1211], [1241, 1247], [1171, 1247]], '왜~', 0.2730596124253849), ([[1119, 1243], [1293, 1243], [1293, 1287], [1119, 1287]], '그러논걸까', 0.4258047600494271), ([[1138, 1280], [1270, 1280], [1270, 1322], [1138, 1322]], '카나코?', 0.8745186924934387), ([[121, 1410], [260, 1410], [260, 1454], [121, 1454]], '아무것도', 0.810391136204888), ([[128, 1443], [255, 1443], [255, 1495], [128, 1495]], '아니야!', 0.6119397282600403), ([[182, 1780], [278, 1780], [278, 1812], [182, 1812]], '또 하고', 0.6199406778488531), ([[189, 1809], [271, 1809], [271, 1845], [189, 1845]], '싶어?', 0.7029101848602295), ([[126, 1844], [171, 1844], [171, 1972], [126, 1972]], '$', 0.017895522255120477), ([[733.8461255241468, 196.39992636278166], [854.1233059642875, 179.87722303129146], [859.1538744758532, 233.60007363721834], [738.8766940357125, 250.12277696870854]], '6닷', 0.01379909057692572)]
[([[72, 118], [1155, 118], [1155, 258], [72, 258]], '콤발플히속플콤렉등:렉주-플:로출-품출똑--름[5', 4.206968214242827e-06), ([[85, 199], [219, 199], [219, 241], [85, 241]], '한국뜨 .', 0.3271067377903448), ([[500, 264], [850, 264], [850, 312], [500, 312]], '탓오,+7 ! 도33스', 0.0006430056193280356), ([[72, 252], [1043, 252], [1043, 392], [72, 392]], '탤골록닭플렉:-움-렉니스품출-  용<', 3.4815618917832354e-05), ([[83, 301], [186, 301], [186, 343], [83, 343]], '그크-', 0.9625854945152561), ([[703, 335], [985, 335], [985, 379], [703, 379]], '표다)<요#으다', 0.002761426082623828), ([[82, 430], [438, 430], [438, 478], [82, 478]], '존* 운소안2+.', 0.00030056402143776136), ([[1091, 569], [1231, 569], [1231, 613], [1091, 613]], '7   {국', 0.15652533722178746), ([[574, 1611], [720, 1611], [720, 1655], [574, 1655]], '3<31+', 0.22435378639457357), ([[501, 1645], [791, 1645], [791, 1689], [501, 1689]], '포잡소교:소7*-7-', 0.004037598319036839), ([[519, 1681], [775, 1681], [775, 1723], [519, 1723]], '쫓-터:20090321', 0.24707764487604736), ([[519, 1713], [779, 1713], [779, 1757], [519, 1757]], '.끼:+ >구지', 0.00451606179940997), ([[433, 1748], [863, 1748], [863, 1789], [433, 1789]], '(감-하6;@명어형너. 0갚마 미. ;0', 1.1249845427980034e-05), ([[375, 1779], [921, 1779], [921, 1823], [375, 1823]], '"++명://감내감8. 0밥마 마리 ;명/어서;;99하/', 5.825851660698897e-05), ([[195, 1840], [1096, 1840], [1096, 1894], [195, 1894]], '207하[느레표7) 지요뷰[ ] 0#가스^주#버30-_지웨{-간당', 1.7797563893950813e-05)]
