500570
14
[([[1351, 277], [1809, 277], [1809, 925], [1351, 925]], '끼', 0.012930501486553558), ([[2300, 169], [3221, 169], [3221, 908], [2300, 908]], '@', 0.07218124296117878), ([[3872, 5230], [3918, 5230], [3918, 5272], [3872, 5272]], '05', 0.9999310484521103), ([[3827, 5257], [3873, 5257], [3873, 5298], [3827, 5298]], '05', 0.9999125042636563), ([[25, 5277], [892, 5277], [892, 5451], [25, 5451]], '역자--@핵서<나', 0.0020305203479625915), ([[25, 5437], [768, 5437], [768, 5611], [25, 5611]], '식자-외계인)', 0.5968397956397068), ([[3723, 5494], [3840, 5494], [3840, 5558], [3723, 5558]], '30', 0.04268480869926848), ([[3672, 5539], [3882, 5539], [3882, 5614], [3672, 5614]], '고쓸출%-', 0.005105653082977413), ([[3018.3584741045865, 5215.010833495766], [3134.426858526789, 5141.004795557876], [3373.6415258954135, 5548.989166504234], [3258.573141473211, 5623.995204442124]], '=', 0.021289143905178776), ([[3336.0011318622755, 5547.023769107786], [3958.636967642044, 5210.982680607132], [4018.9988681377245, 5378.976230892214], [3396.363032357956, 5715.017319392868]], "';(버예시", 0.0043880594761156085), ([[3743.8765247622277, 5314.501219809782], [3818.504538796822, 5276.881140366221], [3835.1234752377723, 5311.498780190218], [3760.495461203178, 5349.118859633779]], '2011', 0.9997197389602661), ([[3669.5278640450006, 5355.7639320225], [3758.430064343445, 5316.362052969073], [3774.4721359549994, 5355.2360679775], [3685.569935656555, 5393.637947030927]], '-;7. =', 0.024728968541979156)]
[([[1351, 277], [1809, 277], [1809, 925], [1351, 925]], '끼', 0.012930501486553558), ([[2300, 169], [3221, 169], [3221, 908], [2300, 908]], '@', 0.07218124296117878), ([[3543, 5132], [3869, 5132], [3869, 5232], [3543, 5232]], '익시시', 0.0004827774266990975), ([[25, 5277], [892, 5277], [892, 5451], [25, 5451]], '역자--@핵서<나', 0.0020305203479625915), ([[3555, 5224], [3858, 5224], [3858, 5398], [3555, 5398]], '허18', 0.30326406258471805), ([[3544, 5390], [3868, 5390], [3868, 5480], [3544, 5480]], '5 시즌 |', 0.022994941433017013), ([[25, 5437], [768, 5437], [768, 5611], [25, 5611]], '식자-외계인)', 0.5968397956397068), ([[3577, 5494], [3840, 5494], [3840, 5562], [3577, 5562]], '18#초.0', 0.05328304751554354), ([[3529, 5532], [3883, 5532], [3883, 5625], [3529, 5625]], '#짓; [쓸릇-', 0.01279745030626077)]
[([[911, 4210], [3043, 4210], [3043, 4397], [911, 4397]], '189 * 1075 0##지춘텔< *이중0', 0.0004744112481142874), ([[504, 4365], [3428, 4365], [3428, 4562], [504, 4562]], '[,라갈.탁+ 69 -기-`~,지어어/`어어무~,어-쪽.장[큰-0]', 1.054225082827784e-08), ([[733, 4567], [2707, 4567], [2707, 5056], [733, 5056]], "'맑발신숲데 @듭", 0.0001776329222375134), ([[2878, 4615], [3174, 4615], [3174, 4982], [2878, 4982]], '1', 0.5020607224786922), ([[758, 5066], [3199, 5066], [3199, 5228], [758, 5228]], '통미 커|라,맥입갚 $진-명북-뱀;탁 3|총룹*-알고-입3*라어*이|애탁.', 2.2378629207751118e-10), ([[368, 5234], [3594, 5234], [3594, 5394], [368, 5394]], '0~아형훨 히마| {교제 커미3형명외어0]| |-+<6 +;어탁 @ +교리(탁+긋욕긋 3프. {아프이||형탁:', 1.9094755405087672e-11)]
[]
[]
[([[2789, 614], [3036, 614], [3036, 754], [2789, 754]], '양 로_', 0.13045625388622284), ([[437, 844], [512, 844], [512, 924], [437, 924]], '0', 0.9515374309712712), ([[170.0698742801912, 853.7305851246309], [552.0631388815277, 710.1209190387277], [590.9301257198088, 853.2694148753691], [208.93686111847225, 995.8790809612723]], '아흥', 0.04300397234395006), ([[2811.0245980279337, 1059.0280056860458], [3046.5117415778213, 1127.9549548745097], [2999.9754019720663, 1266.9719943139542], [2764.4882584221787, 1197.0450451254903]], '안은', 0.999755219879461), ([[299.71914223619086, 1179.1744245352406], [503.5177309937745, 1146.3905321294544], [515.2808577638091, 1273.8255754647594], [311.4822690062255, 1306.6094678705456]], '0', 0.9096971892999797)]
[]
[]
[([[1550, 544], [1762, 544], [1762, 693], [1550, 693]], "'", 0.1522293792842513), ([[1346, 827], [1472, 827], [1472, 972], [1346, 972]], '>', 0.1340514128474135), ([[1400, 956], [1549, 956], [1549, 1237], [1400, 1237]], '득', 0.08005961412237994), ([[4852, 3259], [5053, 3259], [5053, 3453], [4852, 3453]], '권', 0.9740466153018588), ([[4797, 3534], [4915, 3534], [4915, 3646], [4797, 3646]], '82', 0.5101826304542351), ([[1427.0007997600799, 788.4039188243919], [1714.2994305194977, 708.0169285627921], [1746.9992002399201, 876.5960811756081], [1459.7005694805023, 956.9830714372079]], '+이', 0.11735305674266688)]
[]
[]
[([[5340, 558], [5641, 558], [5641, 678], [5340, 678]], "'하와", 0.17664423297640888), ([[75, 2381], [162, 2381], [162, 2462], [75, 2462]], '0', 0.9595715756462688), ([[5523.43952423785, 222.0087280349598], [5660.604263270285, 237.18966624085257], [5620.56047576215, 578.9912719650403], [5483.395736729715, 562.8103337591474]], '들', 0.6212662258895421), ([[7607.151060511954, 4356.021210239077], [7995.922654805141, 4452.380199288173], [7953.848939488046, 4589.978789760923], [7565.077345194859, 4493.619800711827]], '아말4', 0.09724165504829209), ([[7490.295651551903, 4812.009542265215], [8059.970181829694, 5035.75514830899], [7972.704348448097, 5232.990457734785], [7403.029818170306, 5009.24485169101]], '<-</', 0.002858119085431099)]
[([[67, 4960], [233, 4960], [233, 5064], [67, 5064]], '쭉수', 0.035899760692941714), ([[318, 4961], [1219, 4961], [1219, 5050], [318, 5050]], "-어~니서<횟어어가('어-더면)-)", 2.6888622149478842e-06), ([[67, 5060], [851, 5060], [851, 5164], [67, 5164]], '%초 타 : 2012-04530료', 0.023253025306191093), ([[67, 5167], [314, 5167], [314, 5264], [67, 5264]], '태하& =', 0.008367242916179185), ([[442, 5167], [933, 5167], [933, 5264], [442, 5264]], '-신꼬:어시?', 0.0005345147265110719), ([[69, 5275], [268, 5275], [268, 5356], [69, 5356]], '" [ 3', 0.051609092306446926), ([[306, 5275], [1293, 5275], [1293, 5356], [306, 5356]], "훌'+명:/ /이어~~*<어어값하라`뒤<라.,서;명/", 8.9990942860172e-07), ([[69, 5375], [243, 5375], [243, 5449], [69, 5449]], '씨,-내', 0.007210077717900276), ([[300, 5375], [1143, 5375], [1143, 5456], [300, 5456]], '벼어~|서*<어어<@<*41+`;,.;명', 2.2225640418411287e-06), ([[65, 5453], [718, 5453], [718, 5577], [65, 5577]], "###도출 ' #빛스-", 0.025533574466438703)]
[([[9, 9], [206, 9], [206, 82], [9, 82]], '예자 훈기', 0.10969220760840923), ([[362, 34], [410, 34], [410, 60], [362, 60]], '역자', 0.9979392201238039), ([[424, 36], [516, 36], [516, 60], [424, 60]], '-즌횟서<뒤', 0.0006565147185512479), ([[46, 98], [230, 98], [230, 128], [46, 128]], '뭐야 이거 별거 없어', 0.6512313922310693), ([[46, 124], [214, 124], [214, 156], [46, 156]], '혹설공주 - 치유리', 0.6459196318643506), ([[232, 124], [320, 124], [320, 154], [232, 154]], '애쉬몰러', 0.7610387802124023), ([[335, 124], [529, 124], [529, 154], [335, 154]], '스카이레이커)순임되', 0.941214237683108), ([[11, 378], [200, 378], [200, 454], [11, 454]], '심잔 훈기', 0.2839835037106046), ([[362, 400], [410, 400], [410, 426], [362, 426]], '식자', 0.9998790406875685), ([[424, 400], [498, 400], [498, 430], [424, 430]], '외계인)', 0.9515963196754456), ([[40, 464], [508, 464], [508, 494], [40, 494]], '오늘도 저에게 주어질 단 한페이지의 로리물올 위해', 0.6821098514514914), ([[37, 489], [197, 489], [197, 525], [37, 525]], '발로 작업합니다.', 0.6614686355519385), ([[38, 544], [312, 544], [312, 576], [38, 576]], '언젠가 결실을 맺기름 바라며!', 0.1698053643084916), ([[38, 844], [612, 844], [612, 876], [38, 876]], '번역팀 아르카나에서 함께 작업하실 역자, 식자남올 모집합니다', 0.5869513776002222), ([[74, 872], [560, 872], [560, 904], [74, 904]], '관심이 있으신 분들은 +즌3어-하,<하,3@9가리|<어 로', 5.0930436616999874e-05), ([[110, 898], [302, 898], [302, 930], [110, 930]], '연락주시기 바람니다', 0.7364031994744095), ([[144, 924], [668, 924], [668, 954], [144, 954]], '2차 배포는 무단 수정올 하지 암는 한 얼마듣지 배포 가능합니다', 0.5104084110250633), ([[627, 955], [699, 955], [699, 969], [627, 969]], '12.06.03 02:31', 0.7398258178858009), ([[18.261372548126072, 778.2193529376917], [154.07156737991497, 766.5163137984094], [155.73862745187392, 830.7806470623083], [19.928432620085026, 843.4836862015906]], '팀전보', 0.6806354017882486)]
