505214
43
[([[40, 262], [218, 262], [218, 366], [40, 366]], "'&걸", 0.0029400293029264975), ([[381, 297], [538, 297], [538, 357], [381, 357]], '창  기 ', 0.04406617755849534), ([[166, 490], [450, 490], [450, 544], [166, 544]], '역자: 사이나다', 0.7101462880274244), ([[186, 538], [422, 538], [422, 586], [186, 586]], '식자 : 간 1 5', 0.11724827376180909), ([[109, 1653], [301, 1653], [301, 1716], [109, 1716]], '프로스렉-', 0.10828539201895417), ([[1194, 1764], [1362, 1764], [1362, 1836], [1194, 1836]], '&-18', 0.2591823321819797), ([[1187, 1839], [1359, 1839], [1359, 1875], [1187, 1875]], "'한' @.감 어,%", 0.00023850463283673335), ([[47, 1884], [327, 1884], [327, 1986], [47, 1986]], '{처간@@.켓', 0.00024322325004727353), ([[224, 1966], [338, 1966], [338, 1990], [224, 1990]], "`@@8@@ '매교", 6.338977733583608e-05), ([[50.46153846153846, 1733.3076923076924], [100.29729729729729, 1686.2162162162163], [123.53846153846153, 1716.6923076923076], [73.70270270270271, 1763.7837837837837]], '[고', 0.1204934104580699)]
[([[838, 438], [1146, 438], [1146, 492], [838, 492]], '@ $ 의  창가', 0.48823590760284347)]
[]
[([[2228, 422], [2534, 422], [2534, 475], [2228, 475]], '@ $   의  창가', 0.4657946236431258)]
[]
[([[364, 226], [408, 226], [408, 250], [364, 250]], '떼', 0.2935857594439426), ([[366, 256], [408, 256], [408, 288], [366, 288]], ' ', 0.026818530542996655), ([[675, 247], [839, 247], [839, 287], [675, 287]], '빼곡히 들어찬', 0.9489367207460745), ([[695, 287], [813, 287], [813, 327], [695, 327]], '빌딩의 숲.', 0.9812579189940526), ([[663, 327], [851, 327], [851, 369], [663, 369]], '이렇다할 풍경도', 0.8811959153454442), ([[683, 369], [825, 369], [825, 409], [683, 409]], '뒷도 없지만,', 0.8390906692971507), ([[1092, 452], [1156, 452], [1156, 484], [1092, 484]], '혼자서', 0.9996041261349103), ([[221, 403], [287, 403], [287, 603], [221, 603]], '탑', 0.061830149541780344), ([[1090, 516], [1156, 516], [1156, 546], [1090, 546]], '된지도', 0.9936893783801932), ([[1092, 484], [1156, 484], [1156, 516], [1092, 516]], '지내게', 0.9775831365639385), ([[1110, 548], [1138, 548], [1138, 580], [1110, 580]], '꽤', 0.9998441995274767), ([[1102, 580], [1146, 580], [1146, 610], [1102, 610]], '오래', 0.9999936779785765), ([[1088, 612], [1156, 612], [1156, 644], [1088, 644]], '되없다.', 0.7552220821380615), ([[521, 933], [607, 933], [607, 971], [521, 971]], '이 방의', 0.8495176317927902), ([[511, 973], [617, 973], [617, 1011], [511, 1011]], '창문으로', 0.9999492168426514), ([[525, 1015], [607, 1015], [607, 1051], [525, 1051]], '보이는', 0.7536878063630201), ([[510, 1050], [619, 1050], [619, 1094], [510, 1094]], '광경만은', 0.9870763421058655), ([[493, 1093], [635, 1093], [635, 1133], [493, 1133]], '조금 다르다.', 0.9322427506580455), ([[1057, 1513], [1081, 1513], [1081, 1529], [1057, 1529]], '71', 0.857206993680804), ([[524.3652836724389, 1728.0336665209254], [608.904117061728, 1789.9316359602587], [576.6347163275611, 1833.9663334790746], [492.095882938272, 1773.0683640397413]], '신*4', 0.12041275332938567)]
[([[289, 189], [345, 189], [345, 227], [289, 227]], '나는', 0.9446685211728869), ([[249, 229], [389, 229], [389, 269], [249, 269]], '그 속옷들과', 0.7603834308194309), ([[231, 269], [399, 269], [399, 309], [231, 309]], '사랑에 빠져다.', 0.8909368684228947), ([[633, 769], [765, 769], [765, 805], [633, 805]], '단순히 속옷올', 0.39969769051405857), ([[648, 804], [750, 804], [750, 834], [648, 834]], '모으는건지', 0.8721979315949118), ([[634, 834], [764, 834], [764, 866], [634, 866]], '아니면 연인을', 0.655662155945815), ([[646, 863], [751, 863], [751, 902], [646, 902]], '위해서인지', 0.9982052207433119), ([[1219, 1195], [1305, 1195], [1305, 1231], [1219, 1231]], '속옷들의', 0.9807455539703369), ([[1230, 1230], [1294, 1230], [1294, 1260], [1230, 1260]], '종류는', 0.7782537592923081), ([[1238, 1260], [1284, 1260], [1284, 1292], [1238, 1292]], '실로', 0.5824945031330692), ([[1216, 1292], [1306, 1292], [1306, 1324], [1216, 1324]], '다양있다', 0.9278348684310913), ([[275, 1581], [413, 1581], [413, 1621], [275, 1621]], '그 중에서도', 0.7561901771533208), ([[273, 1619], [413, 1619], [413, 1661], [273, 1661]], '가장 빛나는', 0.7834996365064834), ([[283, 1663], [401, 1663], [401, 1701], [283, 1701]], '저 팬티: .', 0.34264095778410947), ([[1071, 1957], [1101, 1957], [1101, 1971], [1071, 1971]], '마', 0.10333442949744054)]
[([[613, 147], [695, 147], [695, 189], [613, 189]], '여성의', 0.9960098764837466), ([[561, 187], [749, 187], [749, 229], [561, 229]], '속옷이라는 것은', 0.7818748396565678), ([[561, 229], [749, 229], [749, 269], [561, 269]], '미지의 가능성올', 0.7642402743755563), ([[579, 269], [727, 269], [727, 309], [579, 309]], '숨기고 있다', 0.9966699019835633), ([[137, 361], [245, 361], [245, 401], [137, 401]], '평소에는', 0.6495145559310913), ([[105, 401], [278, 401], [278, 442], [105, 442]], '법 없이도 사능', 0.5334064714295973), ([[145, 441], [235, 441], [235, 481], [145, 481]], '나 역시', 0.9722427814540211), ([[135, 483], [247, 483], [247, 521], [135, 521]], '이 매력올', 0.9863204091159291), ([[109, 519], [274, 519], [274, 564], [109, 564]], '떨쳐내는 것은', 0.7061670892698626), ([[80, 560], [299, 560], [299, 601], [80, 601]], '불가능한 일이없다.', 0.9366644521628684), ([[207, 873], [279, 873], [279, 937], [207, 937]], '의', 0.0855166723077625), ([[1069, 913], [1231, 913], [1231, 955], [1069, 955]], '어차피 주인은', 0.8545180896653872), ([[1065, 952], [1231, 952], [1231, 996], [1065, 996]], '아줌마 아니면', 0.9933573148394468), ([[1081, 993], [1219, 993], [1219, 1035], [1081, 1035]], '활망구켓지', 0.4546727608565507), ([[481, 1159], [667, 1159], [667, 1201], [481, 1201]], '그렇다면 차라리', 0.9831748650106152), ([[467, 1201], [685, 1201], [685, 1241], [467, 1241]], '내가 가져가는 것이', 0.843358025382518), ([[471, 1239], [681, 1239], [681, 1281], [471, 1281]], '보다 의미있올지도', 0.8610120982448327), ([[545, 1283], [609, 1283], [609, 1319], [545, 1319]], '올라]', 0.2098231041594379), ([[1183, 1517], [1223, 1517], [1223, 1559], [1183, 1559]], '@', 0.7643747520565434), ([[1103, 1541], [1139, 1541], [1139, 1583], [1103, 1583]], '2', 0.8939034434626514), ([[1182, 1554], [1230, 1554], [1230, 1610], [1182, 1610]], '(', 0.9958999546006773)]
[([[194, 1032], [304, 1032], [304, 1082], [194, 1082]], "어라 '", 0.6491392850875854), ([[169, 1080], [408, 1080], [408, 1156], [169, 1156]], '귀엽다"" . )0\'', 0.5180585643796755), ([[688, 1772], [762, 1772], [762, 1854], [688, 1854]], '기', 0.45658202066812237)]
[([[162, 150], [278, 150], [278, 198], [162, 198]], '이름은?', 0.9989885687828064), ([[825, 164], [997, 164], [997, 226], [825, 226]], '까아아아', 0.9959179759025574), ([[827, 225], [997, 225], [997, 287], [827, 287]], '아아아아-', 0.9061856633433583), ([[821, 285], [1003, 285], [1003, 347], [821, 347]], '아아아악', 0.725525975227356), ([[442, 502], [600, 502], [600, 550], [442, 550]], '죄송합니다', 0.9648165354407652), ([[442, 550], [600, 550], [600, 598], [442, 598]], '죄송합니다', 0.9555623461011348), ([[442, 598], [600, 598], [600, 646], [442, 646]], '죄송합니다', 0.9567194618930982), ([[464, 646], [580, 646], [580, 694], [464, 694]], '아아아]', 0.6366685032844543), ([[233, 757], [269, 757], [269, 793], [233, 793]], '마', 0.999767317003716), ([[181, 833], [321, 833], [321, 873], [181, 873]], '료지입니다]', 0.6166221596502579), ([[197, 795], [311, 795], [311, 833], [197, 833]], '마출모토]', 0.055914463956389944), ([[569, 660], [686, 660], [686, 948], [569, 948]], '["', 0.10561469246618685), ([[285, 1793], [353, 1793], [353, 1833], [285, 1833]], '히양', 0.1885086338077893), ([[286.54402475640165, 1104.1185510140501], [336.6026710645115, 1060.0202011387782], [432.45597524359835, 1182.8814489859499], [381.3973289354885, 1226.9797988612218]], '8', 0.18681151098223214)]
[([[1052, 60], [1084, 60], [1084, 90], [1052, 90]], '아;', 0.8935628674192911), ([[1026, 94], [1116, 94], [1116, 126], [1026, 126]], '료지라고', 0.8719305396080017), ([[221, 121], [311, 121], [311, 161], [221, 161]], '아"옛!', 0.6617807149887085), ([[1043, 129], [1095, 129], [1095, 165], [1043, 165]], '불러', 0.9982110824235731), ([[225, 159], [307, 159], [307, 201], [225, 201]], '하지만', 0.9991342940614818), ([[560, 176], [658, 176], [658, 208], [560, 208]], "'료지 씨,", 0.9279331489330562), ([[1032, 166], [1104, 166], [1104, 198], [1032, 198]], '주세요', 0.9999252558645101), ([[185, 199], [349, 199], [349, 243], [185, 243]], '그쪽의 팬티가', 0.5277200645976722), ([[584, 212], [632, 212], [632, 244], [584, 244]], '이건', 0.9976029395386988), ([[177, 239], [355, 239], [355, 283], [177, 283]], '제 취항인지라 !', 0.7322356396574615), ([[527, 245], [685, 245], [685, 281], [527, 281]], '범죄행위라구요.', 0.6330353431994183), ([[558, 280], [659, 280], [659, 317], [558, 317]], '알고 계신', 0.8195373605917509), ([[1218, 290], [1336, 290], [1336, 320], [1218, 320]], '마춧모토 씨', 0.3970319269352462), ([[566, 315], [653, 315], [653, 353], [566, 353]], '건가요?', 0.9999441504478455), ([[675, 591], [781, 591], [781, 633], [675, 633]], '입 아의', 0.5902267089043152), ([[679, 631], [775, 631], [775, 673], [679, 673]], '아으향]', 0.025812000036239624), ([[1135, 651], [1279, 651], [1279, 687], [1135, 687]], '팬티라고 하지', 0.6163609985369625), ([[701, 675], [757, 675], [757, 711], [701, 711]], '혹시', 0.9998074786244201), ([[1147, 687], [1263, 687], [1263, 723], [1147, 723]], '말아주세요.', 0.6381013358524558), ([[671, 713], [777, 713], [777, 753], [671, 753]], '성합이 .', 0.35321352608489615), ([[854, 1414], [930, 1414], [930, 1446], [854, 1446]], '아흐의', 0.3051426112651825), ([[131, 1429], [291, 1429], [291, 1469], [131, 1469]], '토모코씨이]', 0.6857424492352853), ([[372, 1454], [438, 1454], [438, 1484], [372, 1484]], '토모코', 0.9531329010570462), ([[829, 1449], [957, 1449], [957, 1485], [829, 1485]], '우메모리 씨', 0.6048584927309956), ([[367, 1489], [441, 1489], [441, 1525], [367, 1525]], '입니다.', 0.954815685749054), ([[967, 1631], [1059, 1631], [1059, 1667], [967, 1667]], '우데모리', 0.7203381657600403), ([[986, 1670], [1036, 1670], [1036, 1700], [986, 1700]], '에요', 0.9997081876930556), ([[635.5058170275524, 853.0203860333845], [682.7786700653093, 858.682200392253], [666.4941829724476, 985.9796139666155], [619.2213299346907, 980.317799607747]], '"', 0.007337369363309643)]
[([[148, 34], [246, 34], [246, 132], [148, 132]], '다', 0.09088504830111788), ([[947, 83], [1088, 83], [1088, 124], [947, 124]], '하지만 저논', 0.7048216338766362), ([[949, 123], [1087, 123], [1087, 163], [949, 163]], '확실히 알고', 0.9913128573197431), ([[959, 163], [1071, 163], [1071, 203], [959, 203]], '있다구요.', 0.6136038768658205), ([[952, 208], [1086, 208], [1086, 240], [952, 240]], '토모코 씨가', 0.933069074442227), ([[935, 243], [1099, 243], [1099, 283], [935, 283]], '속옷올 모으는', 0.5703079861091336), ([[961, 285], [1069, 285], [1069, 323], [961, 323]], '의미블요', 0.21695511043071747), ([[707, 357], [815, 357], [815, 397], [707, 397]], '지처계신', 0.9800683856010437), ([[699, 397], [827, 397], [827, 439], [699, 439]], '거잖아요?', 0.4852617487627792), ([[557, 633], [775, 633], [775, 673], [557, 673]], '토모코 씨는 사회와', 0.7085512188091857), ([[543, 671], [787, 671], [787, 713], [543, 713]], '대인관계 속에서 받은', 0.9083680462031062), ([[561, 713], [771, 713], [771, 753], [561, 753]], '스트레스와 울분올', 0.785516966837343), ([[577, 753], [753, 753], [753, 793], [577, 793]], '볼 수 없는 곳을', 0.5420679147953836), ([[571, 793], [759, 793], [759, 833], [571, 833]], '화려하게 꾸역서', 0.534402951781012), ([[1167, 789], [1215, 789], [1215, 825], [1167, 825]], '에?', 0.9985980623545221), ([[571, 833], [759, 833], [759, 873], [571, 873]], '발산하시는 것이', 0.7057683952106264), ([[45, 851], [207, 851], [207, 893], [45, 893]], '그래서 저렇게', 0.9553755435373625), ([[595, 873], [727, 873], [727, 913], [595, 913]], '틀림없어요', 0.9915006162909625), ([[57, 891], [195, 891], [195, 933], [57, 933]], '야한 속옷올', 0.8338011711381441), ([[73, 931], [179, 931], [179, 973], [73, 973]], '입으시논', 0.5625436902046204), ([[85, 975], [173, 975], [173, 1011], [85, 1011]], '거구요', 0.9780276495862954), ([[1069, 1165], [1149, 1165], [1149, 1201], [1069, 1201]], '어째서', 0.9953699707984924), ([[1063, 1203], [1153, 1203], [1153, 1241], [1063, 1241]], '그 쪽이', 0.47115252531993884), ([[1063, 1243], [1153, 1243], [1153, 1281], [1063, 1281]], '그런 걸', 0.5274628156373803), ([[1041, 1283], [1187, 1283], [1187, 1323], [1041, 1323]], '아는 거예윗', 0.10562923863213416), ([[72, 1310], [188, 1310], [188, 1360], [72, 1360]], '까맛! ! !', 0.5784475475007013), ([[148, 1686], [226, 1686], [226, 1718], [148, 1718]], '너무 잘', 0.9605660719819729), ([[139, 1721], [237, 1721], [237, 1757], [139, 1757]], '알잡아요', 0.7761904001235962), ([[140, 1758], [232, 1758], [232, 1790], [140, 1790]], '장난하지', 0.9986696839332581), ([[656, 1748], [686, 1748], [686, 1802], [656, 1802]], '5', 0.24881569072201515), ([[149, 1793], [227, 1793], [227, 1829], [149, 1829]], '말아요', 0.8165558191731045), ([[1041, 1789], [1181, 1789], [1181, 1825], [1041, 1825]], '팬티의 냄새름', 0.2658154046234712), ([[1067, 1825], [1157, 1825], [1157, 1861], [1067, 1861]], '맡아보니', 0.9976816177368164), ([[1037, 1861], [1183, 1861], [1183, 1897], [1037, 1897]], '다 알깊던데요.', 0.3233122989456701)]
[([[1055, 131], [1275, 131], [1275, 171], [1055, 171]], '내일 모레 서른인데', 0.9628293298930649), ([[1031, 171], [1301, 171], [1301, 213], [1031, 213]], '속옷이나 훔치러 옷다가', 0.3031282350218776), ([[209, 203], [359, 203], [359, 243], [209, 243]], '뛰야 이 상황.', 0.6530654985847151), ([[1031, 211], [1299, 211], [1299, 251], [1031, 251]], '예뿐 집주인에게 잡혀서', 0.5479696822068183), ([[219, 243], [355, 243], [355, 283], [219, 283]], '대체 어떻게', 0.8567860976968433), ([[1031, 251], [1299, 251], [1299, 293], [1031, 293]], '치질까지 결린 엉덩이틀', 0.3889486152072991), ([[177, 283], [383, 283], [383, 323], [177, 323]], '타파하라는 거야  ', 0.54611087698192), ([[1070, 290], [1259, 290], [1259, 332], [1070, 332]], '손바닥으로 맞고', 0.982711245902514), ([[1109, 333], [1217, 333], [1217, 373], [1109, 373]], '있다니  .', 0.8785461496013303), ([[155, 609], [313, 609], [313, 649], [155, 649]], '치절이/나요', 0.2361623588716762), ([[185, 649], [291, 649], [291, 689], [185, 689]], '죄송하게', 0.9922952055931091), ([[193, 689], [277, 689], [277, 731], [193, 731]], '목네요', 0.34278397090097523), ([[1189, 1017], [1271, 1017], [1271, 1059], [1189, 1059]], '어쨌든', 0.9987600737245436), ([[527, 1050], [619, 1050], [619, 1093], [527, 1093]], '흔낫다 .', 0.4084995835556116), ([[1137, 1057], [1323, 1057], [1323, 1099], [1137, 1099]], '경찰에는 알리지', 0.5561544144257817), ([[1165, 1097], [1297, 1097], [1297, 1139], [1165, 1139]], '않울테니까', 0.6341641360523275), ([[1161, 1139], [1299, 1139], [1299, 1179], [1161, 1179]], '다시는 오지', 0.9085546304036171), ([[1161, 1179], [1295, 1179], [1295, 1219], [1161, 1219]], '말아주세요.', 0.8830360292685473), ([[1179, 1343], [1285, 1343], [1285, 1433], [1179, 1433]], '표은', 0.1105552973997686), ([[607, 1745], [709, 1745], [709, 1783], [607, 1783]], '우메모리', 0.6226081848144531), ([[630, 1788], [662, 1788], [662, 1820], [630, 1820]], '씨', 0.9997132030154177), ([[435, 1819], [525, 1819], [525, 1857], [435, 1857]], '가슴 꽤', 0.9987649371165264), ([[423, 1859], [533, 1859], [533, 1897], [423, 1897]], '젓없지  .', 0.17419681000345283)]
[([[248, 86], [288, 86], [288, 118], [248, 118]], '아:', 0.9550918061952106), ([[434, 102], [468, 102], [468, 134], [434, 134]], '아', 0.9996471716303859), ([[1071, 215], [1153, 215], [1153, 255], [1071, 255]], '다음날', 0.9998299340889758), ([[161, 917], [293, 917], [293, 955], [161, 955]], '안녕하세요', 0.9943786186981435), ([[1017, 923], [1162, 923], [1162, 971], [1017, 971]], '안녕하세요 ', 0.9831169326286083), ([[148, 1306], [180, 1306], [180, 1342], [148, 1342]], '맛', 0.1953088647514143), ([[121, 1343], [203, 1343], [203, 1385], [121, 1385]], '어옛?', 0.47971662878990173), ([[665, 1399], [741, 1399], [741, 1435], [665, 1435]], '글쎄요', 0.9995449395662118), ([[595, 1467], [645, 1467], [645, 1503], [595, 1503]], '그럼', 0.9997557256054171), ([[591, 1505], [647, 1505], [647, 1541], [591, 1541]], '이만', 0.9999001977214697), ([[833, 1555], [869, 1555], [869, 1633], [833, 1633]], '7', 0.4218213091149323), ([[1180, 1710], [1212, 1710], [1212, 1742], [1180, 1742]], '아', 0.999857192369987), ([[1137, 1745], [1257, 1745], [1257, 1781], [1137, 1781]], '그러고보니', 0.996104983034836), ([[1159, 1785], [1235, 1785], [1235, 1821], [1159, 1821]], '오늘의', 0.562140166759491), ([[98, 1780], [146, 1780], [146, 1862], [98, 1862]], '국', 0.424290860384545), ([[1161, 1823], [1235, 1823], [1235, 1859], [1161, 1859]], '팬티는', 0.4026883148793703), ([[1171, 1861], [1223, 1861], [1223, 1897], [1171, 1897]], '어떤', 0.9997960153473482), ([[65, 1883], [103, 1883], [103, 1963], [65, 1963]], '죽', 0.5018319268402252), ([[1143, 1897], [1255, 1897], [1255, 1935], [1143, 1935]], '색입니까?', 0.7319512645589669)]
[([[1115, 95], [1201, 95], [1201, 133], [1115, 133]], '냉정해:.', 0.4752175998529975), ([[1247, 377], [1349, 377], [1349, 413], [1247, 413]], '저 사람  `', 0.6448305448503829), ([[1263, 415], [1339, 415], [1339, 451], [1263, 451]], '직장인', 0.9982999563217163), ([[1248, 453], [1352, 453], [1352, 489], [1248, 489]], '이엇구나.', 0.9271719106460434), ([[625, 715], [753, 715], [753, 751], [625, 751]], '저런 변태도', 0.8908949433620132), ([[651, 753], [727, 753], [727, 789], [651, 789]], '하는데', 0.6843374838950655), ([[625, 791], [755, 791], [755, 827], [625, 827]], '나도 열심히', 0.9925767096409861), ([[647, 829], [731, 829], [731, 865], [647, 865]], '해야지.', 0.8421120047569275), ([[1257, 1157], [1333, 1157], [1333, 1195], [1257, 1195]], '열심히', 0.999810043994758), ([[500, 1180], [548, 1180], [548, 1212], [500, 1212]], '열시:', 0.8780325364755976), ([[1254, 1198], [1334, 1198], [1334, 1230], [1254, 1230]], '해야지', 0.6565325260162354), ([[147, 1643], [225, 1643], [225, 1681], [147, 1681]], '뭐나구.', 0.5481329547025925), ([[1074, 1712], [1246, 1712], [1246, 1762], [1074, 1762]], '지치신거조?', 0.9889055312218473)]
[([[1101, 237], [1181, 237], [1181, 273], [1101, 273]], '하아  ', 0.5702678561210632), ([[1083, 275], [1195, 275], [1195, 317], [1083, 317]], '정곡이네.', 0.9172688857341815), ([[225, 295], [387, 295], [387, 335], [225, 335]], '그만뒤버렬까.', 0.18300264034324323), ([[135, 1533], [293, 1533], [293, 1773], [135, 1773]], '유', 0.21957825578727697), ([[853, 1715], [913, 1715], [913, 1751], [853, 1751]], '비다.', 0.9307634236340919), ([[815, 1751], [953, 1751], [953, 1793], [815, 1793]], '내리기 전에', 0.8908813515029473), ([[831, 1791], [937, 1791], [937, 1831], [831, 1831]], '도착해서', 0.9987620711326599), ([[827, 1833], [911, 1833], [911, 1873], [827, 1873]], '다행이:', 0.9979187846183777), ([[868.5717853441068, 726.6292136193923], [896.7274699524742, 701.0532043231757], [941.4282146558932, 753.3707863806077], [913.2725300475258, 778.9467956768243]], '몽', 0.009080271708403809), ([[1043.607361083802, 1523.0085688190652], [1114.9780537040874, 1534.926891012293], [1076.392638916198, 1769.9914311809348], [1005.0219462959125, 1758.073108987707]], '"', 0.5117690746639916)]
[([[638, 214], [718, 214], [718, 262], [638, 262]], '역시', 0.6635245204872006), ([[137, 741], [233, 741], [233, 785], [137, 785]], '산성비', 0.9991497092041012), ([[685, 743], [783, 743], [783, 787], [685, 787]], '소중한', 0.9623280338874183), ([[136, 786], [234, 786], [234, 834], [136, 834]], '이이이', 0.9659029047084841), ([[685, 789], [784, 789], [784, 839], [685, 839]], '팬티가', 0.891532069538034), ([[137, 835], [235, 835], [235, 879], [137, 879]], '이이야', 0.7768416931357465), ([[673, 841], [795, 841], [795, 883], [673, 883]], '산성비틀', 0.5446532368659973), ([[157, 885], [215, 885], [215, 927], [157, 927]], '아]', 0.6207725245016785), ([[701, 887], [767, 887], [767, 931], [701, 931]], '맞고', 0.9888728227472952), ([[652, 932], [820, 932], [820, 982], [652, 982]], '있잡아아아', 0.6848918694100459), ([[1067, 925], [1107, 925], [1107, 983], [1067, 983]], '만', 0.008075683238933928), ([[1005, 1173], [1143, 1173], [1143, 1213], [1005, 1213]], '우메모리 씨', 0.9667432955398509), ([[1017, 1213], [1131, 1213], [1131, 1255], [1017, 1255]], '항상 늦께', 0.1940344106864758), ([[1029, 1255], [1119, 1255], [1119, 1295], [1029, 1295]], '왕없지', 0.19921208025699283), ([[173, 1543], [279, 1543], [279, 1581], [173, 1581]], '신사로서', 0.9998325705528259), ([[183, 1581], [267, 1581], [267, 1621], [183, 1621]], '이대로', 0.9998961430198148), ([[154, 1621], [294, 1621], [294, 1661], [154, 1661]], '간과할 수는', 0.5538442346945909), ([[193, 1661], [255, 1661], [255, 1701], [193, 1701]], '없어.', 0.6159172371859722), ([[977, 1678], [1063, 1678], [1063, 1722], [977, 1722]], '하지만', 0.9997247030157423), ([[979, 1719], [1061, 1719], [1061, 1759], [979, 1759]], '이대로', 0.9997815510109774), ([[975, 1763], [1063, 1763], [1063, 1801], [975, 1801]], '라면  .', 0.8849388452068114), ([[966, 1854], [1020, 1854], [1020, 1930], [966, 1930]], '7', 0.5420836980988533), ([[963, 1931], [999, 1931], [999, 1975], [963, 1975]], '7', 0.9980997538428369), ([[914.0248357320592, 939.2844414890011], [954.7252425898162, 908.0376711377645], [1009.9751642679408, 986.7155585109989], [968.2747574101838, 1017.9623288622355]], "'", 0.019097024194147716)]
[([[108, 60], [184, 60], [184, 166], [108, 166]], '권', 0.006644160662823362), ([[857, 131], [993, 131], [993, 171], [857, 171]], '그저 빨래름', 0.4072731827716759), ([[100, 152], [148, 152], [148, 202], [100, 202]], '지', 0.04866425876492997), ([[853, 170], [993, 170], [993, 212], [853, 212]], '걷어주는 것', 0.6960298961859717), ([[879, 213], [967, 213], [967, 251], [879, 251]], '뿐이야.', 0.5083807706832886), ([[839, 251], [923, 251], [923, 293], [839, 293]], '훔치러', 0.9134816057070928), ([[865, 291], [977, 291], [977, 333], [865, 333]], '아니라구.', 0.9176853599706624), ([[919, 253], [1009, 253], [1009, 291], [919, 291]], '가능 게', 0.8040485690856978), ([[1086, 145], [1230, 145], [1230, 418], [1086, 418]], '톤', 0.05427064654856739), ([[53, 379], [103, 379], [103, 419], [53, 419]], '옛', 0.4410406735864605), ([[1186, 414], [1218, 414], [1218, 448], [1186, 448]], '9', 0.9885828421896612), ([[992, 502], [1072, 502], [1072, 578], [992, 578]], '선', 0.008626585648713103), ([[989, 665], [1095, 665], [1095, 705], [989, 705]], '어제와는', 0.46412423253059387), ([[999, 707], [1075, 707], [1075, 745], [999, 745]], '달라  ', 0.8590365648269653), ([[1011, 747], [1069, 747], [1069, 785], [1011, 785]], '그래', 0.9999715088492855), ([[985, 785], [1095, 785], [1095, 825], [985, 825]], '어제와는.', 0.49962809320080404)]
[([[1059, 201], [1341, 201], [1341, 357], [1059, 357]], '어이', 0.9891959710144321), ([[808, 1084], [884, 1084], [884, 1160], [808, 1160]], '?', 0.19690234022897357), ([[187, 1573], [293, 1573], [293, 1613], [187, 1613]], '뭐하시는', 0.7206376791000366), ([[789, 1591], [891, 1591], [891, 1629], [789, 1629]], '마츠모토', 0.34101423621177673), ([[193, 1615], [265, 1615], [265, 1651], [193, 1651]], '거조?', 0.8270414471626282), ([[817, 1633], [865, 1633], [865, 1669], [817, 1669]], '씨?', 0.9265484338385261)]
[([[9, 53], [141, 53], [141, 227], [9, 227]], ':', 0.03428106783843199), ([[114, 148], [194, 148], [194, 234], [114, 234]], '{?', 0.038949544858619366), ([[737, 243], [775, 243], [775, 283], [737, 283]], '2', 0.9504786035161175), ([[2, 452], [174, 452], [174, 500], [2, 500]], '어서오세요!', 0.9935665759215716), ([[231, 959], [327, 959], [327, 995], [231, 995]], '팬   티?', 0.602632152254329), ([[52, 1138], [116, 1138], [116, 1186], [52, 1186]], '우물', 0.7458414247443862), ([[1043, 1699], [1151, 1699], [1151, 1739], [1043, 1739]], '피곤해서', 0.999636173248291), ([[67, 1729], [149, 1729], [149, 1767], [67, 1767]], '팬티가', 0.7597393582894881), ([[1041, 1741], [1155, 1741], [1155, 1779], [1041, 1779]], '조금 일찍', 0.9949190842773576), ([[55, 1769], [161, 1769], [161, 1807], [55, 1807]], '그렇계도', 0.5594529509544373), ([[1015, 1779], [1175, 1779], [1175, 1821], [1015, 1821]], '퇴근햇더니만,', 0.7295388946869612), ([[59, 1807], [156, 1807], [156, 1849], [59, 1849]], '좋아요?', 0.9981170892715454), ([[1161.0701149452862, 1068.0288506191068], [1275.8655948711846, 1053.1943925592848], [1297.9298850547138, 1258.9711493808932], [1182.1344051288154, 1273.8056074407152]], '향', 0.21981779501436538), ([[65.16261532217226, 1436.0351223338498], [197.973219079214, 1499.2686306008577], [159.83738467782774, 1574.9648776661502], [28.026780920786003, 1511.7313693991423]], '`시', 0.004569386992078835)]
[([[823, 127], [893, 127], [893, 167], [823, 167]], '흐응~', 0.8292711953790383), ([[817, 169], [873, 169], [873, 205], [817, 205]], '그럼', 0.9998787878154464), ([[153, 863], [211, 863], [211, 903], [153, 903]], '지금', 0.9999584434602782), ([[113, 903], [251, 903], [251, 943], [113, 943]], '입고있든 건', 0.4370433252363471), ([[137, 943], [227, 943], [227, 983], [137, 983]], '어떻 것', 0.6228935443062655), ([[135, 983], [231, 983], [231, 1023], [135, 1023]], '같아요?', 0.997151255607605), ([[147, 1359], [219, 1359], [219, 1401], [147, 1401]], '으응?', 0.9997190595337926), ([[978, 1762], [1002, 1762], [1002, 1798], [978, 1798]], '월', 0.03151347982035535), ([[104.59367489213074, 1161.1245793959322], [153.6135719910779, 1124.0235641159873], [227.40632510786926, 1232.8754206040678], [177.3864280089221, 1269.9764358840127]], '?', 0.3839165664472013)]
[([[881, 279], [937, 279], [937, 317], [881, 317]], '아/', 0.04344609284111978), ([[799, 403], [881, 403], [881, 443], [799, 443]], '발기한', 0.992354796578825), ([[793, 445], [889, 445], [889, 483], [793, 483]], '거예요?', 0.9966496825218201), ([[599, 501], [711, 501], [711, 539], [599, 539]], '단순하긴~', 0.9052222578186513), ([[715, 1141], [731, 1141], [731, 1169], [715, 1169]], '우', 0.9993616169609254), ([[1043, 1659], [1127, 1659], [1127, 1699], [1043, 1699]], '잠깐만,', 0.9658301472663879), ([[1047, 1699], [1129, 1699], [1129, 1739], [1047, 1739]], '암전히', 0.809735592694567), ([[900, 1732], [976, 1732], [976, 1808], [900, 1808]], ')', 0.682659048922929), ([[1031, 1739], [1141, 1739], [1141, 1781], [1031, 1781]], '있어보요', 0.4311409592628479), ([[187.3277726837724, 15.009825785015948], [356.90771224923355, 86.56691848569234], [222.6722273162276, 402.99017421498405], [53.09228775076642, 331.4330815143077]], '딸', 0.010157640679825386)]
[([[886, 74], [942, 74], [942, 104], [886, 104]], '크다', 0.9995377646617708), ([[773, 191], [841, 191], [841, 235], [773, 235]], '아웃', 0.49666028777512067), ([[133, 271], [245, 271], [245, 313], [133, 313]], '정말이지', 0.9980672001838684), ([[151, 315], [233, 315], [233, 353], [151, 353]], '가만히', 0.999983619545306), ([[121, 353], [259, 353], [259, 393], [121, 393]], '있으라니깐.', 0.39745107687742903), ([[1205, 851], [1271, 851], [1271, 889], [1205, 889]], '우와 ', 0.4880246203373955), ([[1217, 889], [1277, 889], [1277, 929], [1217, 929]], '뭐야', 0.4985057230545298), ([[1199, 929], [1262, 929], [1262, 970], [1199, 970]], '이거:', 0.9315497072886207), ([[1138, 1110], [1312, 1110], [1312, 1244], [1138, 1244]], '3글', 0.00716035866544066), ([[121, 1361], [143, 1361], [143, 1377], [121, 1377]], '아', 0.9996588521137397), ([[534, 1406], [644, 1406], [644, 1454], [534, 1454]], '와  맛!', 0.254407579133636)]
[([[1099, 235], [1271, 235], [1271, 295], [1099, 295]], '까아아아', 0.9912213683128357), ([[1136, 296], [1236, 296], [1236, 352], [1136, 352]], '아악]', 0.2529736618639509), ([[988, 368], [1090, 368], [1090, 472], [988, 472]], '7', 0.04306070703476994), ([[166, 524], [312, 524], [312, 574], [166, 574]], '시 시러엇', 0.831509460088702), ([[201, 575], [279, 575], [279, 619], [201, 619]], '그만', 0.9999381289870019), ([[191, 623], [287, 623], [287, 667], [191, 667]], '뭐하는', 0.9113009786076741), ([[195, 671], [287, 671], [287, 713], [195, 713]], '거야?', 0.9996964168259592), ([[632, 782], [708, 782], [708, 868], [632, 868]], '도', 0.04001951813319615), ([[759, 1071], [803, 1071], [803, 1107], [759, 1107]], '하!', 0.48560377201187743), ([[1227, 1087], [1283, 1087], [1283, 1125], [1227, 1125]], '그만', 0.9999973868963923), ([[363, 1123], [415, 1123], [415, 1159], [363, 1159]], '그런', 0.9995929700036491), ([[435, 1117], [503, 1117], [503, 1157], [435, 1157]], '하원', 0.47471079850767367), ([[1195, 1125], [1313, 1125], [1313, 1165], [1195, 1165]], '하라구요', 0.6487635374069214), ([[585, 1139], [741, 1139], [741, 1183], [585, 1183]], '하지만 이거 !', 0.7600063930194363), ([[372, 1162], [402, 1162], [402, 1196], [372, 1196]], '거', 0.9999918937847383), ([[363, 1199], [419, 1199], [419, 1235], [363, 1235]], '몰라:', 0.7210074193362368), ([[605, 1179], [723, 1179], [723, 1221], [605, 1221]], '제가 가장', 0.9969612654487967), ([[371, 1237], [409, 1237], [409, 1275], [371, 1275]], '맛', 0.24238150714667483), ([[611, 1219], [715, 1219], [715, 1261], [611, 1261]], '좋아하는', 0.9036146998405457), ([[611, 1261], [715, 1261], [715, 1301], [611, 1301]], '나풀나풀', 0.8416885733604431), ([[591, 1299], [733, 1299], [733, 1341], [591, 1341]], '팬티라구요!', 0.9200503426670256), ([[797, 1433], [835, 1433], [835, 1477], [797, 1477]], '8', 0.3009011625060545), ([[1179, 1541], [1237, 1541], [1237, 1577], [1179, 1577]], '그마', 0.4900262617218645), ([[1182, 1582], [1234, 1582], [1234, 1614], [1182, 1614]], '"안', 0.9900539006673245), ([[898, 1648], [960, 1648], [960, 1700], [898, 1700]], '[꾸육', 0.03477976922112286), ([[63, 1811], [125, 1811], [125, 1849], [63, 1849]], '웃 !', 0.6101680786490903)]
[([[175, 69], [227, 69], [227, 105], [175, 105]], '정말', 0.9999893790106953), ([[668, 70], [698, 70], [698, 102], [668, 102]], '댐:', 0.48069035052062925), ([[164, 108], [230, 108], [230, 136], [164, 136]], '그마  ', 0.5910986661911011), ([[668, 102], [708, 102], [708, 132], [668, 132]], '취"', 0.5401965452772258), ([[1282, 410], [1308, 410], [1308, 440], [1282, 440]], '싫', 0.28730304293561915), ([[138, 584], [162, 584], [162, 618], [138, 618]], '응', 0.9997348961123862), ([[1312, 1266], [1340, 1266], [1340, 1296], [1312, 1296]], '하', 0.9998750725665104), ([[1312, 1292], [1338, 1292], [1338, 1320], [1312, 1320]], '아', 0.9998300147774586), ([[1250, 1866], [1300, 1866], [1300, 1942], [1250, 1942]], '국', 0.05862700011018607), ([[343.41788425364706, 1763.1401518204236], [460.08902587098805, 1755.455118378138], [461.58211574635294, 1836.8598481795764], [344.91097412901195, 1845.544881621862]], '1중9', 0.4477149723698637)]
[([[813, 223], [875, 223], [875, 261], [813, 261]], '까앗', 0.4847734211342345), ([[725, 311], [771, 311], [771, 347], [725, 347]], '에?', 0.9983969418932954), ([[651, 413], [709, 413], [709, 453], [651, 453]], '에옛', 0.72578655931994), ([[1048, 514], [1136, 514], [1136, 546], [1048, 546]], '우메모리', 0.9734207391738892), ([[45, 465], [131, 465], [131, 664], [45, 664]], '꽃', 0.04098789995011032), ([[1064, 548], [1094, 548], [1094, 578], [1064, 578]], '씨', 0.9997406174079515), ([[95, 779], [135, 779], [135, 819], [95, 819]], '무,', 0.680345292057697), ([[59, 819], [165, 819], [165, 855], [59, 855]], '무리예요', 0.9974805116653442), ([[1142, 1140], [1238, 1140], [1238, 1172], [1142, 1172]], '나는 그저', 0.9863912432846532), ([[28, 1174], [98, 1174], [98, 1206], [28, 1206]], '조금만', 0.9998438365392475), ([[652, 1174], [722, 1174], [722, 1206], [652, 1206]], '제대로', 0.9999926356734838), ([[1099, 1173], [1239, 1173], [1239, 1209], [1099, 1209]], '빨래들 걷고서', 0.23862521971758668), ([[8, 1208], [86, 1208], [86, 1240], [8, 1240]], '이라면 .', 0.8885396221157119), ([[644, 1208], [734, 1208], [734, 1240], [644, 1240]], '집이라도', 0.9988883137702942), ([[1100, 1208], [1240, 1208], [1240, 1240], [1100, 1240]], '우메모리 씨가', 0.7838990179670625), ([[635, 1241], [741, 1241], [741, 1277], [635, 1277]], '본 것 처럼', 0.9681767372054769), ([[1100, 1242], [1238, 1242], [1238, 1274], [1100, 1274]], '돌아올 때까지', 0.9942683399309602), ([[99, 1271], [117, 1271], [117, 1293], [99, 1293]], '0', 0.9998739997502106), ([[629, 1275], [743, 1275], [743, 1311], [629, 1311]], '말하시네요', 0.5932470614300773), ([[1126, 1276], [1238, 1276], [1238, 1308], [1126, 1308]], '기다리려고', 0.9976638650666632), ([[865, 1293], [911, 1293], [911, 1329], [865, 1329]], '슬', 0.04325816263435289), ([[4, 1298], [54, 1298], [54, 1362], [4, 1362]], '꿀', 0.06825407953496754), ([[1114, 1310], [1214, 1310], [1214, 1342], [1114, 1342]], '햇당 건데;', 0.42433392482902504), ([[468, 1502], [496, 1502], [496, 1534], [468, 1534]], '욕', 0.8382331003306263), ([[1204, 1562], [1234, 1562], [1234, 1598], [1204, 1598]], '움', 0.3632978663795825), ([[410, 1656], [440, 1656], [440, 1692], [410, 1692]], '움', 0.47385414496136846), ([[129, 1845], [183, 1845], [183, 1881], [129, 1881]], '으그', 0.9229288767057906), ([[154, 1886], [182, 1886], [182, 1922], [154, 1922]], '움', 0.31090535385132867), ([[267, 1819], [379, 1819], [379, 1957], [267, 1957]], '[월', 0.09881168778696961), ([[793.2543741080655, 970.2718705403271], [1027.0841740751855, 924.4477438607706], [1042.7456258919347, 1047.7281294596728], [807.9158259248145, 1093.5522561392295]], '(/9', 0.9660160096084905), ([[814.0582579729272, 1199.4116515945855], [891.4488136351147, 1174.2669934274572], [898.9417420270728, 1198.5883484054145], [821.5511863648853, 1223.7330065725428]], '너무하즐께', 0.175901109017931), ([[510.39177126298426, 1673.0465132093975], [544.5490574391812, 1680.9174189107575], [530.6082287370158, 1745.9534867906025], [496.45094256081876, 1739.0825810892425]], '8', 0.9999992847443906)]
[([[1165, 6], [1275, 6], [1275, 205], [1165, 205]], '#', 0.7950453936223454), ([[200, 155], [302, 155], [302, 395], [200, 395]], '공', 0.8890015158739892), ([[220, 384], [300, 384], [300, 550], [220, 550]], '올', 0.18543649740927837), ([[184, 700], [230, 700], [230, 730], [184, 730]], '앗 ', 0.16975675310287033), ([[120, 754], [170, 754], [170, 786], [120, 786]], '미안:', 0.5141020712008217), ([[431, 933], [527, 933], [527, 1025], [431, 1025]], '*로', 0.01976346390208688), ([[930, 1304], [962, 1304], [962, 1374], [930, 1374]], '헌', 0.01624325288844397), ([[947, 1379], [965, 1379], [965, 1401], [947, 1401]], '9', 0.9995946102997699), ([[887, 1540], [940, 1540], [940, 1670], [887, 1670]], '벽', 0.6333485377184367), ([[137, 1677], [247, 1677], [247, 1831], [137, 1831]], '육', 0.16793266352534886), ([[220, 1792], [276, 1792], [276, 1866], [220, 1866]], '{', 0.3484871217679597), ([[591, 1686], [756, 1686], [756, 1961], [591, 1961]], '닭', 0.07109895970019409)]
[([[796, 80], [842, 80], [842, 110], [796, 110]], '하 ', 0.9350647396360587), ([[767, 117], [827, 117], [827, 155], [767, 155]], '하아:', 0.6934671227516425), ([[537, 183], [619, 183], [619, 223], [537, 223]], '굉장히', 0.9997719845504798), ([[485, 223], [665, 223], [665, 263], [485, 263]], '암전해지키네요', 0.25124885366635374), ([[1150, 438], [1180, 438], [1180, 474], [1150, 474]], '응', 0.9996015230489128), ([[1176, 858], [1208, 858], [1208, 890], [1176, 890]], '마', 0.9998883040148634), ([[1152, 892], [1232, 892], [1232, 922], [1152, 922]], '마춧모토', 0.4125458002090454), ([[1176, 926], [1202, 926], [1202, 956], [1176, 956]], '씨', 0.9998409811299922), ([[686, 1270], [718, 1270], [718, 1302], [686, 1302]], '%0', 0.24044423803372217), ([[778, 1314], [830, 1314], [830, 1344], [778, 1344]], "아 '", 0.36807712890349664), ([[843, 1491], [879, 1491], [879, 1507], [843, 1507]], '77.10', 0.9220141769886973), ([[613, 1537], [711, 1537], [711, 1575], [613, 1575]], '우데모리', 0.8399400115013123), ([[644, 1578], [676, 1578], [676, 1610], [644, 1610]], '씨', 0.9998852047488391), ([[629, 1735], [715, 1735], [715, 1937], [629, 1937]], '뜰', 0.0757806364927669)]
[([[1222, 148], [1300, 148], [1300, 180], [1222, 180]], '그치만:', 0.9706292748451233), ([[1243, 185], [1297, 185], [1297, 221], [1243, 221]], '기분', 0.9998757533514409), ([[1217, 219], [1297, 219], [1297, 261], [1217, 261]], '종은겉:', 0.10511065274477005), ([[1204, 388], [1256, 388], [1256, 492], [1204, 492]], '(7', 0.25639362618572087), ([[461, 745], [545, 745], [545, 781], [461, 781]], '이런 거', 0.9980029629709377), ([[439, 781], [567, 781], [567, 819], [439, 819]], '하고 있으면', 0.9486042431186672), ([[671, 1071], [707, 1071], [707, 1117], [671, 1117]], '끈', 0.029978936851909888), ([[145, 1137], [297, 1137], [297, 1177], [145, 1177]], '안주은 일들도', 0.7871723475502141), ([[155, 1177], [291, 1177], [291, 1215], [155, 1215]], '모두 잊을 수', 0.35485450031696436), ([[168, 1216], [274, 1216], [274, 1252], [168, 1252]], '있으니까', 0.8235570192337036), ([[281, 1333], [345, 1333], [345, 1369], [281, 1369]], '지금 .', 0.5880429148674011), ([[282, 1372], [356, 1372], [356, 1404], [282, 1404]], '나쁘지', 0.9991031886028575), ([[267, 1409], [367, 1409], [367, 1445], [267, 1445]], '않다구요', 0.9998646378517151), ([[447, 1521], [506, 1521], [506, 1563], [447, 1563]], '주록', 0.17954739012023435)]
[([[695, 108], [839, 108], [839, 153], [695, 153]], '뭐, 진심으로', 0.7116233713957132), ([[697, 151], [835, 151], [835, 191], [697, 191]], '원할 때까지', 0.8653616149053284), ([[696, 193], [832, 193], [832, 233], [696, 233]], '달려불까나.', 0.6875111897765774), ([[931, 593], [1017, 593], [1017, 633], [931, 633]], '그 말울', 0.3542739450931549), ([[927, 633], [1009, 633], [1009, 673], [927, 673]], '들으니', 0.9778985747077035), ([[929, 673], [1067, 673], [1067, 713], [929, 713]], '조금 복잡한', 0.6632386841486475), ([[929, 715], [1035, 715], [1035, 753], [929, 753]], '기분이긴', 0.9860623478889465), ([[929, 755], [1013, 755], [1013, 793], [929, 793]], '하지만:', 0.9826586246490479), ([[235, 971], [277, 971], [277, 1015], [235, 1015]], '자;', 0.8578575420103256), ([[841, 957], [907, 957], [907, 997], [841, 997]], '잇!', 0.2532586184961553), ([[227, 1017], [293, 1017], [293, 1059], [227, 1059]], '잠깐', 0.9999353473465431), ([[123, 1151], [179, 1151], [179, 1187], [123, 1187]], '아프', 0.9998914314445021), ([[117, 1189], [209, 1189], [209, 1227], [117, 1227]], '너무 커', 0.769922672992631), ([[824, 1722], [914, 1722], [914, 1796], [824, 1796]], '3', 0.3548049786856069), ([[77, 1909], [95, 1909], [95, 1933], [77, 1933]], '으', 0.9211808093969012), ([[79, 1939], [99, 1939], [99, 1971], [79, 1971]], '응', 0.9446601430632917)]
[([[652, 430], [754, 430], [754, 570], [652, 570]], '#', 0.36150456423786537), ([[1052, 792], [1164, 792], [1164, 840], [1052, 840]], '아그"\'', 0.4019829034805298), ([[857, 839], [961, 839], [961, 879], [857, 879]], '망가져  -', 0.2753945624321663), ([[1064, 846], [1156, 846], [1156, 896], [1064, 896]], '맛 !', 0.3989187745377075), ([[857, 879], [961, 879], [961, 919], [857, 919]], '버: 려엇', 0.2826797816716135), ([[363, 1551], [421, 1551], [421, 1593], [363, 1593]], '아웃', 0.4708604169006473), ([[1157, 1827], [1263, 1827], [1263, 1867], [1157, 1867]], '엉덩이 좀', 0.9290265270349501), ([[978, 1868], [1002, 1868], [1002, 1924], [978, 1924]], '볶', 0.010619483896413817), ([[1156, 1865], [1257, 1865], [1257, 1905], [1156, 1905]], '들어보요', 0.35713738203048706), ([[397, 1867], [442, 1867], [442, 1967], [397, 1967]], '틈', 0.22451098516612067), ([[472.1964926239916, 257.0540454175381], [514.7148713237106, 244.04273896907847], [543.8035073760084, 342.9459545824619], [501.2851286762894, 355.95726103092153]], ';', 0.7275626069225929), ([[168.37191306572652, 1802.0282350295643], [222.10986847415242, 1789.088546320051], [251.62808693427348, 1926.9717649704357], [197.89013152584758, 1939.911453679949]], '중', 0.03261335223374662)]
[([[63, 185], [103, 185], [103, 237], [63, 237]], '0', 0.6381987484203364), ([[95, 429], [137, 429], [137, 493], [95, 493]], '쇼', 0.8221037283671286), ([[836, 410], [888, 410], [888, 480], [836, 480]], '8', 0.04963642778983002), ([[1135, 1185], [1195, 1185], [1195, 1227], [1135, 1227]], '아웃', 0.5117537892397006), ([[35, 1801], [127, 1801], [127, 1891], [35, 1891]], '14?', 0.13635296169841846), ([[825, 1833], [885, 1833], [885, 1875], [825, 1875]], '하옥', 0.1598365525207667), ([[30, 1896], [80, 1896], [80, 1986], [30, 1986]], '속', 0.40172136665184155), ([[698.2731154101688, 1151.0240426935477], [869.9929913978231, 1240.6073931643634], [823.7268845898312, 1323.9759573064523], [652.0070086021769, 1234.3926068356366]], '예묘', 0.08033994063196034), ([[19.654099426556805, 1599.0605036347806], [124.15307243015091, 1566.586395683594], [169.3459005734432, 1739.9394963652194], [64.84692756984909, 1772.413604316406]], '별', 0.005210448670312451)]
[([[365, 725], [481, 725], [481, 881], [365, 881]], '약', 0.21549707003354346), ([[414, 870], [470, 870], [470, 932], [414, 932]], '민', 0.3710090352333282), ([[953, 1673], [1051, 1673], [1051, 1709], [953, 1709]], '기부  운', 0.7673590195331831), ([[988, 1710], [1018, 1710], [1018, 1746], [988, 1746]], '종', 0.29348661935503983), ([[665.957099981092, 27.049549801466526], [777.4355162785556, 66.52149457381478], [744.042900018908, 153.95045019853347], [633.5644837214444, 114.47850542618522]], "'(", 0.14514798869806064)]
[([[777, 45], [813, 45], [813, 83], [777, 83]], '왜', 0.9999320518592327), ([[261, 19], [377, 19], [377, 145], [261, 145]], '벼"', 0.03235827013660122), ([[765, 91], [827, 91], [827, 131], [765, 131]], '빼는', 0.8980470654823408), ([[593, 89], [661, 89], [661, 217], [593, 217]], '뺨', 0.35444151280684366), ([[744, 136], [850, 136], [850, 176], [744, 176]], '거야  ?', 0.6761221179392333), ([[1143, 115], [1219, 115], [1219, 157], [1143, 157]], '시러:', 0.5705112255837375), ([[779, 399], [839, 399], [839, 545], [779, 545]], '하', 0.013961703303166928), ([[411, 539], [499, 539], [499, 577], [411, 577]], '이걸 더', 0.7424074405788822), ([[267, 509], [366, 509], [366, 669], [267, 669]], '@', 0.007994630323935381), ([[397, 575], [511, 575], [511, 617], [397, 617]], '좋아할 것', 0.9770737103444758), ([[409, 617], [497, 617], [497, 657], [409, 657]], '같아서', 0.9976415848598904), ([[295, 725], [391, 725], [391, 765], [295, 765]], '아; 안쪽', 0.6247101174663341), ([[669, 580], [733, 580], [733, 757], [669, 757]], '$', 0.020751635220808362), ([[299, 765], [387, 765], [387, 805], [299, 805]], '뜨겁네.', 0.8858583569526672), ([[23, 1535], [187, 1535], [187, 1697], [23, 1697]], '팬', 0.515925412731022), ([[116, 1666], [236, 1666], [236, 1794], [116, 1794]], '마', 0.0015045030290888328), ([[558, 1560], [686, 1560], [686, 1810], [558, 1810]], '품', 0.09481014356943351), ([[868.0557630317494, 1514.0899677650968], [932.7637213385567, 1532.481132326837], [919.9442369682506, 1575.9100322349032], [854.2362786614433, 1557.518867673163]], '움질', 0.703008017158889), ([[79.27769069715684, 1763.0144983592054], [259.3817574645164, 1934.3229809232025], [154.72230930284317, 2047.9855016407946], [-24.381757464516397, 1876.6770190767975]], '선"', 0.2999570638614333)]
[([[1296, 20], [1394, 20], [1394, 212], [1296, 212]], '(', 0.05503435293757608), ([[1183, 147], [1262, 147], [1262, 296], [1183, 296]], '지', 0.01807452758217054), ([[825, 569], [899, 569], [899, 635], [825, 635]], '38', 0.9918422268595354), ([[1024, 516], [1078, 516], [1078, 668], [1024, 668]], '운', 0.01104361990905961), ([[1041, 753], [1127, 753], [1127, 792], [1041, 792]], '이거 화', 0.9296488712818588), ([[1057, 791], [1111, 791], [1111, 831], [1057, 831]], '많이', 0.9995314434963998), ([[167, 762], [269, 762], [269, 963], [167, 963]], '굶', 0.02680862884782287), ([[1043, 831], [1123, 831], [1123, 869], [1043, 869]], '나용지.', 0.12573401629924774), ([[186, 1384], [210, 1384], [210, 1416], [186, 1416]], '!', 0.034258067389657754), ([[1279, 1417], [1341, 1417], [1341, 1455], [1279, 1455]], '우와 .', 0.5265682935714722), ([[1277, 1457], [1353, 1457], [1353, 1493], [1277, 1493]], '안쪽이', 0.9958760149580124), ([[1263, 1495], [1365, 1495], [1365, 1531], [1263, 1531]], '미골거려.', 0.8711628312496584), ([[253, 1699], [353, 1699], [353, 1739], [253, 1739]], '굉장한결', 0.5921695232391357), ([[196, 1776], [248, 1776], [248, 1808], [196, 1808]], '애액', 0.9870170419265737), ([[169, 1813], [271, 1813], [271, 1849], [169, 1849]], '투성이야', 0.9941319227218628), ([[596, 1890], [660, 1890], [660, 1940], [596, 1940]], '("', 0.4691776306441645), ([[1168.945256169098, 31.09343454694911], [1211.9640536124903, 16.077956380416936], [1239.054743830902, 98.90656545305089], [1196.0359463875097, 113.92204361958306]], '톱', 0.12817352447179875), ([[276.0593947347958, 634.0741868292132], [341.83000561897165, 661.581890525115], [320.9406052652042, 708.9258131707868], [256.16999438102835, 682.418109474885]], "'꾸육", 0.3897147690267336), ([[894.4913427360585, 1325.0324733412565], [927.4241728610514, 1332.81827311987], [906.5086572639415, 1410.9675266587435], [874.5758271389486, 1402.18172688013]], '3', 0.2111479323880907), ([[917.2821863608303, 1736.0322686052164], [976.0930991770963, 1719.0750309660523], [1013.7178136391697, 1862.9677313947836], [953.9069008229037, 1879.9249690339477]], '5', 0.5286305736663053), ([[629.2397140787303, 1823.058141511747], [669.0358522095229, 1813.108475677253], [688.7602859212697, 1897.941858488253], [648.9641477904771, 1907.891524322747]], '$', 0.3176148654179691)]
[([[1233, 325], [1293, 325], [1293, 433], [1233, 433]], '통', 0.034955466816875225), ([[819, 437], [881, 437], [881, 479], [819, 479]], '하웃', 0.3476132585949443), ([[825, 481], [879, 481], [879, 519], [825, 519]], '맛  ', 0.3189917881465403), ([[823, 521], [883, 521], [883, 561], [823, 561]], '기분', 0.9998872168962805), ([[811, 563], [897, 563], [897, 605], [811, 605]], '좋아앗', 0.8070091570903551), ([[31, 818], [113, 818], [113, 856], [31, 856]], '토모코', 0.7859353506225294), ([[56, 862], [90, 862], [90, 894], [56, 894]], '씨', 0.9999885559409449), ([[68, 898], [100, 898], [100, 936], [68, 936]], '웃', 0.26810650430642013), ([[849, 781], [909, 781], [909, 983], [849, 983]], '푹', 0.00568884730416408), ([[965, 1383], [1069, 1383], [1069, 1423], [965, 1423]], '깊숙히:', 0.5934528708457947), ([[971, 1425], [1063, 1425], [1063, 1461], [971, 1461]], '가득 차', 0.6832188724809283), ([[268, 1644], [294, 1644], [294, 1698], [268, 1698]], '꿈', 0.2482981240349682), ([[1126, 1670], [1226, 1670], [1226, 1702], [1126, 1702]], "료'지:", 0.4315866529941559), ([[1135, 1709], [1217, 1709], [1217, 1745], [1135, 1745]], '씨도: ', 0.8497424721717834), ([[1025, 1767], [1105, 1767], [1105, 1805], [1025, 1805]], '같이 ', 0.37819734374573316), ([[83, 1795], [128, 1795], [128, 1900], [83, 1900]], '춤', 0.6557659504381697), ([[955.3845770285694, 420.014575302816], [1049.3801289589824, 402.2197423289429], [1092.6154229714305, 656.9854246971839], [998.6198710410177, 674.7802576710571]], '명', 0.007055984789379688), ([[1029.5174709419791, 997.0116484989682], [1106.0447542145348, 988.2112830155254], [1131.4825290580209, 1223.988351501032], [1054.9552457854652, 1232.7887169844746]], '덮', 0.0017823481746612746), ([[57.314970091660165, 1553.0261082007482], [128.62604638179425, 1575.9093917096639], [88.68502990833984, 1701.9738917992518], [16.373953618205743, 1679.0906082903361]], '꿀', 0.15998181394758504), ([[451.83024238924725, 1594.0984300965588], [503.76695328002904, 1577.2266790932222], [528.1697576107528, 1666.9015699034412], [476.23304671997096, 1682.7733209067778]], '동', 0.9204843832342249)]
[([[186, 228], [404, 228], [404, 504], [186, 504]], '안', 0.9898771042987029), ([[1169, 613], [1263, 613], [1263, 701], [1169, 701]], '아', 0.9996484827016481), ([[879, 909], [923, 909], [923, 1000], [879, 1000]], '벼', 0.5707995516630184), ([[870, 998], [898, 998], [898, 1034], [870, 1034]], '귀', 0.9448647696743286), ([[685, 1014], [718, 1014], [718, 1101], [685, 1101]], '쥐', 0.6216363005456884), ([[123, 1254], [300, 1254], [300, 1597], [123, 1597]], '닭', 0.04048934679065841), ([[231, 1645], [299, 1645], [299, 1729], [231, 1729]], '(쫓', 0.15465666035883724), ([[313, 1791], [351, 1791], [351, 1827], [313, 1827]], '하', 0.08715466513201964), ([[882.7488396271677, 945.015833054625], [902.0622703795116, 951.3054258231601], [877.2511603728323, 1027.984166945375], [857.9377296204884, 1021.6945741768399]], '2', 0.1804978913251043), ([[272.22806976438295, 966.0175348164249], [386.25162737896704, 927.0461382303553], [475.77193023561705, 1219.9824651835752], [361.74837262103296, 1258.9538617696446]], '올', 0.07072057027416179)]
[([[437, 164], [573, 164], [573, 203], [437, 203]], '우메모리 씨,', 0.9951472612406173), ([[455, 203], [553, 203], [553, 239], [455, 239]], '이쪽으로', 0.9988914132118225), ([[731, 153], [767, 153], [767, 277], [731, 277]], '꽃', 0.0028069520605031872), ([[1117, 181], [1207, 181], [1207, 221], [1117, 221]], '그 이후,', 0.5654532883533055), ([[1137, 223], [1195, 223], [1195, 259], [1137, 259]], '더는', 0.916794938875301), ([[463, 241], [541, 241], [541, 277], [463, 277]], '오시조.', 0.5869847536087036), ([[1092, 260], [1232, 260], [1232, 300], [1092, 300]], '창문올 통해', 0.7924960118461434), ([[82, 298], [118, 298], [118, 330], [82, 330]], '예.', 0.7469901751458703), ([[1097, 301], [1233, 301], [1233, 341], [1097, 341]], '그녀의 방에', 0.9972749771217885), ([[1083, 339], [1245, 339], [1245, 381], [1083, 381]], '들어가는 일은', 0.8383000828377457), ([[1119, 379], [1207, 379], [1207, 421], [1119, 421]], '없없다;', 0.3820190131664276), ([[693, 607], [769, 607], [769, 643], [693, 643]], '드디어', 0.9999485186920134), ([[677, 641], [785, 641], [785, 681], [677, 681]], '그 암울한', 0.861371816108283), ([[671, 683], [791, 683], [791, 719], [671, 719]], '회사로부터', 0.9991773556595535), ([[679, 719], [785, 719], [785, 757], [679, 757]], '탈출햇어!', 0.2164058202224523), ([[477, 739], [609, 739], [609, 777], [477, 777]], '새로운 출발', 0.9991998216625355), ([[461, 779], [633, 779], [633, 815], [461, 815]], '여기서는 반드시', 0.5950233667341038), ([[483, 817], [607, 817], [607, 853], [483, 853]], '해내야지: .', 0.8123126940320621), ([[83, 1239], [183, 1239], [183, 1275], [83, 1275]], '사장남께', 0.5326625108718872), ([[47, 1276], [219, 1276], [219, 1312], [47, 1312]], '인사부터 드리고', 0.9997152284690245), ([[57, 1315], [209, 1315], [209, 1351], [57, 1351]], '사무실 안내해', 0.9999528793635102), ([[78, 1352], [180, 1352], [180, 1388], [78, 1388]], '드럭게요', 0.30230003595352173), ([[749, 1633], [841, 1633], [841, 1671], [749, 1671]], '사장남~', 0.6861465573310852), ([[585, 1691], [721, 1691], [721, 1727], [585, 1727]], '그 때 말햇단', 0.22420238592771136), ([[602, 1729], [700, 1729], [700, 1765], [602, 1765]], '신입사원', 0.9996310472488403), ([[609, 1767], [699, 1767], [699, 1803], [609, 1803]], '입니다~', 0.8311221273577718)]
[([[343, 85], [507, 85], [507, 127], [343, 127]], '너무 서둘러서', 0.8276940043916241), ([[367, 125], [477, 125], [477, 165], [367, 165]], '미안하군;', 0.4979310591153167), ([[331, 164], [519, 164], [519, 207], [331, 207]], '사람이 부족해서', 0.9363859691466998), ([[317, 203], [529, 203], [529, 248], [317, 248]], '이리저리 곤란하면', 0.5864876059310772), ([[381, 249], [467, 249], [467, 287], [381, 287]], '참이야', 0.9996887086857773), ([[1093, 519], [1153, 519], [1153, 555], [1093, 555]], '아아', 0.9990019399816037), ([[1081, 559], [1167, 559], [1167, 597], [1081, 597]], '들어와,', 0.6110929846763611), ([[247, 921], [391, 921], [391, 961], [247, 961]], '정말 고맙네.', 0.9045422126814898), ([[249, 963], [363, 963], [363, 999], [249, 999]], '앞으로 잘', 0.9572294301601866), ([[540, 1444], [600, 1444], [600, 1476], [540, 1476]], '어라?', 0.9916340064879582), ([[305, 1475], [389, 1475], [389, 1511], [305, 1511]], '그렇권', 0.9249517530965432), ([[544, 1478], [592, 1478], [592, 1508], [544, 1508]], '서로', 0.9998376541995763), ([[259, 1513], [433, 1513], [433, 1551], [259, 1551]], '그쪽이 이제부터', 0.9984429177590991), ([[513, 1509], [627, 1509], [627, 1547], [513, 1547]], '아는 사이?', 0.8468147400049693), ([[842, 1526], [894, 1526], [894, 1558], [842, 1558]], '에:?', 0.3380737704300269), ([[1149, 1499], [1203, 1499], [1203, 1537], [1149, 1537]], '아:?', 0.3355494163252051), ([[283, 1549], [411, 1549], [411, 1589], [283, 1589]], '내 직원이관', 0.6382068406528402), ([[307, 1589], [389, 1589], [389, 1625], [307, 1625]], '말이지]', 0.34662988781929016)]
[([[61, 83], [157, 83], [157, 119], [61, 119]], '""아니:', 0.7086648881001752), ([[67, 123], [125, 123], [125, 159], [67, 159]], '그게:', 0.9904418731114042), ([[1096, 156], [1240, 156], [1240, 212], [1096, 212]], '잘 앉어', 0.397738341408318), ([[211, 281], [317, 281], [317, 319], [211, 319]], '이거 참~', 0.9928352093666503), ([[233, 321], [293, 321], [293, 359], [233, 359]], '설마', 0.9998746575734352), ([[181, 359], [345, 359], [345, 399], [181, 399]], '우메모리 씨가', 0.9946927486196555), ([[205, 399], [325, 399], [325, 439], [205, 439]], '올 줄이야', 0.9836591737996634), ([[581, 697], [679, 697], [679, 737], [581, 737]], '아무튼', 0.7440289334979261), ([[988, 982], [1206, 982], [1206, 1061], [988, 1061]], '오늘 입은', 0.9966764570250957), ([[155, 1095], [229, 1095], [229, 1131], [155, 1131]], '사표"', 0.6753222778672614), ([[1021, 1069], [1173, 1069], [1173, 1145], [1021, 1145]], '팬티논', 0.28583399077226623), ([[151, 1133], [211, 1133], [211, 1173], [151, 1173]], '쓸까:', 0.8412997177996799), ([[978, 1152], [1214, 1152], [1214, 1228], [978, 1228]], '무슨 색! ?', 0.9227748316169604), ([[54, 1606], [94, 1606], [94, 1638], [54, 1638]], '예?', 0.9999291097367843), ([[646, 1648], [718, 1648], [718, 1772], [646, 1772]], '과', 0.10731000687949077)]
[([[149, 1210], [462, 1210], [462, 1285], [149, 1285]], '[65의  창가 ]', 0.18576586356918784), ([[148, 1290], [260, 1290], [260, 1316], [148, 1316]], '2012.3.18', 0.7169101553911168), ([[150, 1326], [180, 1326], [180, 1356], [150, 1356]], '발', 0.9977544054017926), ([[196, 1324], [220, 1324], [220, 1354], [196, 1354]], '행', 0.9995971131889405), ([[244, 1324], [428, 1324], [428, 1355], [244, 1355]], '800-[라3라/쩌 5 +', 0.005042991190775643), ([[150, 1364], [220, 1364], [220, 1388], [150, 1388]], '0 간오', 0.1287166178226471), ([[244, 1362], [492, 1362], [492, 1390], [244, 1390]], '볶++ :/ /밥<~~^하교<아검/어/', 2.537468687035432e-05), ([[150, 1396], [222, 1396], [222, 1428], [150, 1428]], '연락처', 0.9927725624348464), ([[246, 1400], [400, 1400], [400, 1424], [246, 1424]], '이칭히@검.()첫', 2.9370431067158173e-05), ([[150, 1434], [180, 1434], [180, 1464], [150, 1464]], '인', 0.9999833107690961), ([[190, 1434], [222, 1434], [222, 1462], [190, 1462]], '쇄', 0.22891083805736034), ([[242, 1436], [378, 1436], [378, 1460], [242, 1460]], '7 7 : -#', 0.09839941719394693), ([[149, 1471], [453, 1471], [453, 1507], [149, 1507]], '구매해주 서서  감사합니다 !', 0.6955615652834052), ([[168, 1520], [782, 1520], [782, 1552], [168, 1552]], '#출0 #끝후도-후 7 " 7미- } 수주#춘*4(<3\' *화.', 0.0026137099833072864), ([[170, 1550], [404, 1550], [404, 1582], [170, 1582]], "더+#]하염내 ':(*화.", 0.00039161738442787595), ([[174, 1586], [460, 1586], [460, 1618], [174, 1618]], '무단전재는 일체 금지합니다', 0.6994036400725401), ([[164, 1624], [584, 1624], [584, 1654], [164, 1654]], "가즌 ['어어누<~, 0 +^도 조-:쪽(레어아* 3,천", 1.089442245492617e-06), ([[592, 1624], [746, 1624], [746, 1650], [592, 1650]], '[어-스;7-유;) ^라$', 0.00011495407426556491), ([[752, 1623], [1016, 1623], [1016, 1652], [752, 1652]], '미아+ [서,악++칭어 뉴어이이어담78', 8.877571728861607e-06), ([[173, 1652], [484, 1652], [484, 1682], [173, 1682]], '@명*어어산<+;아7 아 +$ 이-:플', 7.72257802391118e-06), ([[174, 1684], [256, 1684], [256, 1712], [174, 1712]], '벤운|78', 0.00057067114534959), ([[262, 1682], [704, 1682], [704, 1710], [262, 1710]], '야 리시1 아 가목라7$ 아 <어명;.5 아뉴 +;$ 조어,쪽', 4.007443556367311e-06), ([[174, 1712], [410, 1712], [410, 1738], [174, 1738]], '습서하3|서 아뉴 +^;$ 조-볕통', 4.389727995070979e-06), ([[174, 1740], [574, 1740], [574, 1768], [174, 1768]], '7^도 조-"쪽 1 회어,형 7 +낫라 -<라,미78', 7.685623617519272e-07), ([[580, 1739], [711, 1739], [711, 1769], [580, 1769]], '3,어 나명하어라어', 0.00028465655118643264), ([[717, 1743], [741, 1743], [741, 1763], [717, 1763]], '+0', 0.6168551010062243), ([[748, 1740], [788, 1740], [788, 1764], [748, 1764]], '+낫라', 0.0008559292738997703), ([[794, 1740], [860, 1740], [860, 1764], [794, 1764]], '요;*~어', 0.003016806258663737), ([[866, 1740], [956, 1740], [956, 1764], [866, 1764]], '미즌+>기프*', 9.258977396488006e-05), ([[174, 1761], [710, 1761], [710, 1788], [174, 1788]], '(7}즌 요;<~어 "서+튼어쉽| ;7후|산어.$ -\'--?2? 리마천 @+< )', 5.616811451453563e-08), ([[164, 1818], [316, 1818], [316, 1846], [164, 1846]], '가즌 [하어꺾감<~,', 1.3800799697735546e-05), ([[322, 1820], [396, 1820], [396, 1844], [322, 1844]], '0 +낫;$', 0.013203880064511703), ([[402, 1816], [942, 1816], [942, 1848], [402, 1848]], '"-모플 [,아`6;+$ -하,78 +유라 조-"플 ! +화처 요~응', 2.008022212076699e-07), ([[948, 1820], [1036, 1820], [1036, 1844], [948, 1844]], '미서+비기,^', 2.7617030769548198e-05), ([[1042, 1818], [1204, 1818], [1204, 1844], [1042, 1844]], "리,어 +흔 '@하라@", 0.00020601600013303502)]
[([[657, 929], [833, 929], [833, 965], [657, 965]], '2012.02.85', 0.30180777811015774), ([[579, 960], [930, 960], [930, 1016], [579, 1016]], '?할미+_괴 6리 900-명댁쑤교', 8.50560310229724e-07)]
[([[857, 931], [933, 931], [933, 951], [857, 951]], '*85240', 0.04268648333711205), ([[388, 987], [670, 987], [670, 1188], [388, 1188]], '불편주', 0.026095857265125994), ([[400, 1320], [450, 1320], [450, 1370], [400, 1370]], '왜', 0.999057038500041), ([[85, 1361], [153, 1361], [153, 1421], [85, 1421]], '9', 0.5935039265422262), ([[1039, 1434], [1290, 1434], [1290, 1513], [1039, 1513]], '문로스트(물', 0.001311745757923578), ([[964, 1747], [1329, 1747], [1329, 1868], [964, 1868]], '{처위|@.', 0.0006679854017779205), ([[1196, 1854], [1345, 1854], [1345, 1882], [1196, 1882]], '댐많고@@8@@예 갑0', 0.00019528314348291916), ([[796.9154313902997, -30.95792645527453], [900.8283635793932, 15.029881176673172], [776.0845686097003, 292.9579264552745], [673.1716364206068, 245.97011882332683]], '표', 0.008108182105338868), ([[574.3114728809725, -15.786060345722987], [701.5440049285575, 37.664934943294966], [501.6885271190275, 504.786060345723], [374.45599507144254, 451.33506505670505]], '통', 0.4476514020207425), ([[697.1242347601144, 56.06425781855309], [741.5894671887023, 79.13518552530333], [680.8757652398856, 189.9357421814469], [637.4105328112977, 166.8648144746967]], '통', 0.8293554250728086), ([[636.6847678604107, 160.14592753555345], [685.5793661759317, 181.18459370576102], [588.3152321395893, 398.8540724644466], [539.4206338240683, 377.815406294239]], '틀', 0.09576433828227948), ([[680.4181608737334, 254.01411399890915], [766.7997461429774, 290.841294966776], [685.5818391262666, 483.9858860010908], [598.2002538570226, 447.158705033224]], '솟', 0.20411318529710432), ([[543.4828982013928, 364.019125718803], [596.2966046206307, 389.4233222210085], [535.5171017986072, 512.980874281197], [482.7033953793694, 487.5766777789915]], '틀', 0.3998192188633176), ([[834.2947914216232, 369.0311430643421], [971.9998313428273, 433.9480530432284], [940.7052085783768, 497.9688569356579], [802.0001686571727, 433.0519469567716]], '역자 :', 0.992906579568746), ([[599.4095829300873, 424.01453348077115], [688.337229517133, 455.36920606324964], [618.5904170699127, 650.9854665192288], [529.662770482867, 619.6307939367504]], '립', 0.008440553222968994), ([[959.4457792105735, 425.01922063225857], [1161.9159409458046, 519.8433328298368], [1129.5542207894264, 584.9807793677414], [927.0840590541953, 490.15666717016325]], '사이나다', 0.9999904632568359), ([[777.4281473238831, 500.02339735137383], [950.899706599354, 582.8193015444956], [922.5718526761169, 635.9766026486262], [750.100293400646, 553.1806984555044]], '추월당햇어:', 0.7734302198545929), ([[689.5218146177677, 691.014304116721], [961.836131835496, 810.3890878805078], [931.4781853822323, 873.985695883279], [659.163868164504, 754.6109121194922]], '식자 : 꼴 [ [', 0.12146301555495857), ([[191.2445888727061, 1090.0285731197205], [268.81551034214925, 1107.6822941589555], [237.7554111272939, 1241.9714268802795], [160.18448965785075, 1224.3177058410445]], '@', 0.022731020344085806), ([[159.3762171384482, 1197.0194742151712], [235.63621722134278, 1228.5433610486207], [173.6237828615518, 1376.9805257848288], [97.36378277865722, 1345.4566389513793]], '숲', 0.04735021520556182), ([[455.2435857346211, 1325.0409887585138], [564.9963014329364, 1379.7724780021808], [537.7564142653789, 1430.9590112414862], [428.00369856706357, 1376.2275219978192]], '이러는', 0.5442139052587271), ([[557.4145714558118, 1376.02862884928], [715.9795178446439, 1439.5046553264792], [693.5854285441882, 1489.97137115072], [535.0204821553561, 1426.4953446735208]], '걸까요  .?', 0.4467332890536188), ([[66.30954032324404, 1387.02169113958], [148.89013287056684, 1424.521918683463], [84.69045967675596, 1567.97830886042], [2.1098671294331517, 1531.478081316537]], '중', 0.0950806578657648), ([[963.5499630235856, 1538.2148779778327], [1030.9193928444383, 1477.3830820768917], [1056.4500369764144, 1514.7851220221673], [990.0806071555617, 1575.6169179231083]], '[용.7', 0.001686983392573893), ([[946.6743935585437, 1544.008841477203], [993.8639874973675, 1555.7276593798463], [947.3256064414563, 1739.991158522797], [900.1360125026325, 1728.2723406201537]], '{', 0.556262210255202), ([[917.2928932188134, 1740.0502525316942], [958.9600580319283, 1729.0930367257], [980.7071067811866, 1819.9497474683058], [939.0399419680717, 1830.9069632743]], '@', 0.4789351550173251)]
