511324
25
[([[139, 479], [173, 479], [173, 499], [139, 499]], '=', 0.54085781417497), ([[177, 469], [223, 469], [223, 511], [177, 511]], '}?', 0.0004354542003813862), ([[298, 476], [332, 476], [332, 508], [298, 508]], '[', 0.2247495823528789), ([[375, 465], [660, 465], [660, 516], [375, 516]], '경의0 3눈   }', 0.010619939251728123), ([[148, 510], [246, 510], [246, 534], [148, 534]], "8 미 @ 뭐 '", 0.038784943239799384), ([[406, 510], [598, 510], [598, 536], [406, 536]], "8 : 1 ' 벼 기", 0.01686221368768329), ([[140, 533], [627, 533], [627, 609], [140, 609]], '소득-이특_언리미텍트', 0.10042230810766178), ([[18, 914], [70, 914], [70, 944], [18, 944]], '역자', 0.9991730947103648), ([[84, 914], [204, 914], [204, 944], [84, 944]], '미스터제이', 0.998367108794103), ([[18, 944], [70, 944], [70, 974], [18, 974]], '식자', 0.9994439597700716), ([[82, 942], [180, 942], [180, 974], [82, 974]], '폐이리스', 0.9784979224205017), ([[524, 938], [686, 938], [686, 970], [524, 970]], '{어7 |- 0', 0.000898631199624665)]
[]
[([[647, 545], [663, 545], [663, 603], [647, 603]], '4', 0.03251016856014588)]
[([[372, 208], [402, 208], [402, 234], [372, 234]], '아', 0.9999413498895251), ([[359, 561], [391, 561], [391, 575], [359, 575]], '손으로', 0.9442399685747909), ([[359, 579], [401, 579], [401, 595], [359, 595]], '만지지만', 0.99848473072052), ([[359, 601], [383, 601], [383, 615], [359, 615]], '말고', 0.9125430068774557), ([[69, 713], [105, 713], [105, 733], [69, 733]], '키스', 0.9999632481459069), ([[68, 736], [106, 736], [106, 760], [68, 760]], '해쥐.', 0.9387823939323425), ([[428, 826], [468, 826], [468, 852], [428, 852]], "'싫어", 0.9580348705656403)]
[([[73, 461], [103, 461], [103, 481], [73, 481]], '우움', 0.9111732468770035), ([[639, 623], [663, 623], [663, 637], [639, 637]], '아-', 0.9745520380034112), ([[391, 861], [413, 861], [413, 875], [391, 875]], '아~', 0.8240565510175689), ([[391, 885], [425, 885], [425, 903], [391, 903]], '으움 ', 0.41133446837367577)]
[([[245, 79], [269, 79], [269, 93], [245, 93]], '가슴', 0.9289800733357999), ([[247, 93], [285, 93], [285, 107], [247, 107]], '보고싶어', 0.8868099451065063), ([[79, 489], [121, 489], [121, 509], [79, 509]], '시러어', 0.9678610824173146), ([[651, 543], [683, 543], [683, 563], [651, 563]], '정말', 0.9999930036303156), ([[627, 591], [657, 591], [657, 609], [627, 609]], '이뿐', 0.626570589997732), ([[627, 609], [685, 609], [685, 629], [627, 629]], '가슴이야', 0.6945377215496903), ([[91, 703], [113, 703], [113, 719], [91, 719]], '아-', 0.8202321081951616), ([[59, 765], [103, 765], [103, 785], [59, 785]], '하지마', 0.999165399649846), ([[408, 786], [438, 786], [438, 810], [408, 810]], '아!', 0.8188413717411521)]
[([[477, 71], [507, 71], [507, 91], [477, 91]], '아뇨', 0.1289626753369599), ([[443, 113], [485, 113], [485, 133], [443, 133]], '양~1', 0.8057818308720492), ([[295, 123], [323, 123], [323, 143], [295, 143]], '우움', 0.6380747756115059), ([[393, 167], [451, 167], [451, 185], [393, 185]], '아아아아니', 0.5382740323299747), ([[391, 205], [421, 205], [421, 223], [391, 223]], '안대,', 0.9795288186538254), ([[389, 223], [419, 223], [419, 243], [389, 243]], '안대', 0.9994409256926368), ([[389, 243], [435, 243], [435, 263], [389, 263]], '안대 . !', 0.5281520944722434), ([[45, 273], [83, 273], [83, 293], [45, 293]], '하앗]', 0.623152304106269), ([[49, 291], [115, 291], [115, 311], [49, 311]], '그, 그마안.', 0.9426785626205816), ([[551, 527], [615, 527], [615, 547], [551, 547]], '안대 안대', 0.9997285759250332), ([[60, 536], [90, 536], [90, 560], [60, 560]], '가', 0.9999794961073007), ([[551, 545], [619, 545], [619, 565], [551, 565]], '안대 안대!', 0.862400111653315), ([[60, 560], [122, 560], [122, 586], [60, 586]], '가버럿.', 0.4516140818595886), ([[553, 569], [607, 569], [607, 585], [553, 585]], '나, 이제,', 0.733097363328932), ([[551, 585], [629, 585], [629, 605], [551, 605]], '가슴으로.. !', 0.5546892371290013)]
[([[649, 77], [685, 77], [685, 93], [649, 93]], '아스나', 0.991379642915895), ([[649, 117], [675, 117], [675, 131], [649, 131]], '이제', 0.9999022207116589), ([[379, 139], [407, 139], [407, 155], [379, 155]], '하아', 0.9979204340353856), ([[93, 207], [125, 207], [125, 219], [93, 219]], '시러어', 0.6223278915884186), ([[67, 221], [105, 221], [105, 235], [67, 235]], "'이러 입 ", 0.39492381831163076), ([[67, 237], [105, 237], [105, 249], [67, 249]], '지급까지', 0.48720203658395556), ([[69, 251], [95, 251], [95, 263], [69, 263]], '어쨌도', 0.0956338890476014), ([[67, 265], [103, 265], [103, 279], [67, 279]], '안어송다', 0.055190734565258026), ([[69, 279], [99, 279], [99, 293], [69, 293]], '같이야 ,', 0.6128606333741398), ([[83, 537], [141, 537], [141, 557], [83, 557]], '몇번이나', 0.7324184775352478), ([[639, 553], [691, 553], [691, 565], [639, 565]], '이 어린 아냐', 0.14909176541711833), ([[83, 555], [129, 555], [129, 575], [83, 575]], '혼자서', 0.9962459629106477), ([[639, 569], [667, 569], [667, 581], [639, 581]], '합컷도', 0.5865129952774518), ([[82, 574], [142, 574], [142, 598], [82, 598]], '햇없어 ..', 0.23454140903142418), ([[639, 581], [675, 581], [675, 593], [639, 593]], '아니라고', 0.6235560774803162), ([[285, 609], [315, 609], [315, 629], [285, 629]], '운리', 0.8663914961310595), ([[285, 631], [315, 631], [315, 649], [285, 649]], '코드', 0.9999839842351304), ([[287, 653], [329, 653], [329, 669], [287, 669]], '해제에', 0.9995725369659842), ([[285, 669], [345, 669], [345, 689], [285, 689]], '관해서야', 0.9999718070030212), ([[287, 691], [345, 691], [345, 707], [287, 707]], '내가 그걸', 0.3897772160343139), ([[285, 709], [333, 709], [333, 729], [285, 729]], '알게 된', 0.5267642465119433), ([[285, 727], [331, 727], [331, 747], [285, 747]], '이후엔', 0.9357117414474487), ([[656, 826], [682, 826], [682, 834], [656, 834]], '허지리=', 0.3055275077995432), ([[656, 854], [680, 854], [680, 862], [656, 862]], '괴미지', 0.07828613625380042)]
[([[353, 37], [413, 37], [413, 57], [353, 57]], '키리토들', 0.9830307364463806), ([[355, 57], [429, 57], [429, 77], [355, 77]], '생각하면서', 0.9997640377354359), ([[297, 71], [319, 71], [319, 85], [297, 85]], '아래', 0.9983307188166706), ([[297, 87], [319, 87], [319, 101], [297, 101]], '라면', 0.995334419227602), ([[353, 77], [401, 77], [401, 97], [353, 97]], '가슴도', 0.9883622525348171), ([[355, 97], [453, 97], [453, 117], [355, 117]], '막 가지고 놀고', 0.682503046941074), ([[279, 115], [311, 115], [311, 131], [279, 131]], '여기?', 0.999991672117281), ([[43, 207], [75, 207], [75, 223], [43, 223]], '아양 .', 0.6060970425605774), ([[603, 231], [633, 231], [633, 247], [603, 247]], '아래', 0.9999721831933008), ([[595, 393], [635, 393], [635, 413], [595, 413]], '여기?', 0.9999824495142035), ([[333, 415], [357, 415], [357, 429], [333, 429]], '아-', 0.6084613898236977), ([[279, 471], [311, 471], [311, 491], [279, 491]], '으응', 0.9990465185988661), ([[327, 633], [375, 633], [375, 653], [327, 653]], '아스나.', 0.9843987822532654), ([[445, 643], [473, 643], [473, 657], [445, 657]], '거기 ,', 0.8384099501871025), ([[653, 683], [675, 683], [675, 703], [653, 703]], '아!', 0.4928164084639192), ([[421, 719], [453, 719], [453, 731], [421, 731]], '안대애 ,', 0.7693306914181152), ([[32, 734], [74, 734], [74, 758], [32, 758]], '아아_', 0.7030868187278564), ([[32, 758], [72, 758], [72, 784], [32, 784]], '더는', 0.9698947073900307), ([[32, 782], [72, 782], [72, 808], [32, 808]], '더는', 0.9580946799616966), ([[641, 843], [681, 843], [681, 859], [641, 859]], '안립다니', 0.3005732297897339), ([[643, 863], [669, 863], [669, 877], [643, 877]], '뭐가?', 0.935678642512409), ([[415, 893], [447, 893], [447, 913], [415, 913]], '하아', 0.9999270867306613), ([[415, 913], [437, 913], [437, 933], [415, 933]], '앗!', 0.1422486370678815)]
[([[87, 105], [137, 105], [137, 123], [87, 123]], '부타이야', 0.7238830924034119), ([[87, 145], [137, 145], [137, 161], [87, 161]], '하지마아', 0.9962357077335258), ([[347, 199], [371, 199], [371, 213], [347, 213]], '십에', 0.9111638136631767), ([[192, 376], [462, 376], [462, 426], [192, 426]], '너무 부끄러워]!', 0.5166155392193269), ([[309, 845], [339, 845], [339, 863], [309, 863]], '아무', 0.8462037026356326), ([[638, 884], [662, 884], [662, 892], [638, 892]], '무되아', 0.06653341264433775)]
[([[534, 150], [570, 150], [570, 174], [534, 174]], '히임', 0.6461010335436199), ([[535, 175], [601, 175], [601, 195], [535, 195]], '키리토오', 0.9945107698440552), ([[77, 357], [115, 357], [115, 373], [77, 373]], '그렇게', 0.6617757678031921), ([[77, 379], [137, 379], [137, 395], [77, 395]], '가까이에서', 0.9933336901445059), ([[79, 405], [127, 405], [127, 421], [79, 421]], '닮어저라', 0.20791228115558624), ([[77, 429], [149, 429], [149, 445], [77, 445]], '쳐다보지마아', 0.9965548916359972), ([[41, 671], [113, 671], [113, 685], [41, 685]], '그러니까 이마도', 0.9798020782579008), ([[41, 685], [93, 685], [93, 701], [41, 701]], '그럼 정고합', 0.7127415951251637), ([[39, 699], [83, 699], [83, 715], [39, 715]], '장처듭 중', 0.6076591326623492), ([[39, 715], [115, 715], [115, 729], [39, 729]], '하나감 소리구만 ,', 0.3738464459561485), ([[41, 729], [85, 729], [85, 743], [41, 743]], '뭐; 세라데', 0.259071296267023), ([[597, 723], [639, 723], [639, 739], [597, 739]], '하 그', 0.9956510066986084), ([[39, 743], [109, 743], [109, 757], [39, 757]], '좌두가 기만증', 0.028717304135830075), ([[379, 741], [429, 741], [429, 755], [379, 755]], '개인적인 ,', 0.370187862964478), ([[597, 741], [623, 741], [623, 757], [597, 757]], '그건', 0.9987671744964622), ([[41, 759], [63, 759], [63, 773], [41, 773]], '합데', 0.35953164109409175), ([[399, 757], [421, 757], [421, 769], [399, 769]], '씌스', 0.45547983239928314), ([[597, 761], [647, 761], [647, 777], [597, 777]], '540용이', 0.380476372650958), ([[381, 769], [419, 769], [419, 783], [381, 783]], '서비스움', 0.14545147120952606), ([[381, 785], [403, 785], [403, 799], [381, 799]], '위합', 0.7032758770439493), ([[597, 781], [633, 781], [633, 795], [597, 795]], '되기로', 0.9709655866439343), ([[379, 799], [447, 799], [447, 813], [379, 813]], '시스럽이라서 ,,', 0.4292751163447024), ([[599, 801], [645, 801], [645, 817], [599, 817]], '되어릿터', 0.34344935417175293), ([[381, 813], [433, 813], [433, 827], [381, 827]], '그래서 아마', 0.9886260804326291), ([[381, 829], [433, 829], [433, 843], [381, 843]], '그럼 기능이', 0.8105670192398563), ([[379, 843], [419, 843], [419, 857], [379, 857]], '아아아 ', 0.3608179098864809), ([[379, 857], [403, 857], [403, 871], [379, 871]], '아무', 0.8162776121510895)]
[([[598, 64], [640, 64], [640, 90], [598, 90]], '조금', 0.9999989884757856), ([[597, 87], [722, 87], [722, 115], [597, 115]], '맛화도 되지~?', 0.5558886277607132), ([[419, 113], [451, 113], [451, 133], [419, 133]], '잠깐', 0.9999838156485313), ([[387, 163], [417, 163], [417, 181], [387, 181]], '안드', 0.9995150085212318), ([[47, 181], [93, 181], [93, 199], [47, 199]], '하지마', 0.9995441137104351), ([[573, 287], [601, 287], [601, 303], [573, 303]], '기분', 0.9390270370514385), ([[307, 309], [357, 309], [357, 325], [307, 325]], '하지마아', 0.9777957201004028), ([[575, 311], [609, 311], [609, 327], [575, 327]], '좋아?', 0.8006282485113865), ([[635, 309], [683, 309], [683, 325], [635, 325]], '아스나 .', 0.7149781209551012), ([[635, 333], [673, 333], [673, 349], [635, 349]], '이러면', 0.9984434668844915), ([[28, 348], [82, 348], [82, 372], [28, 372]], '그런 곳.', 0.9929705741026742), ([[463, 353], [489, 353], [489, 367], [463, 367]], '아', 0.9994161981308167), ([[28, 372], [86, 372], [86, 396], [28, 396]], '더럽다구', 0.9990343451499939), ([[513, 499], [573, 499], [573, 519], [513, 519]], '이렇게나', 0.7454503178596497), ([[639, 495], [677, 495], [677, 515], [639, 515]], '전혀]', 0.6783277220894329), ([[513, 523], [577, 523], [577, 543], [513, 543]], '이뿐 긋이', 0.5389660264275994), ([[513, 549], [559, 549], [559, 569], [513, 569]], '어떻게', 0.9462187169793557), ([[513, 573], [577, 573], [577, 593], [513, 593]], '더러올 수', 0.4637393818286637), ([[513, 597], [559, 597], [559, 617], [513, 617]], '있켓어', 0.39462919244581973), ([[97, 659], [119, 659], [119, 675], [97, 675]], '아', 0.9987170045722138), ([[64, 762], [102, 762], [102, 786], [64, 786]], '우와]', 0.8142749667167664), ([[253, 879], [285, 879], [285, 899], [253, 899]], '진도', 0.9999407420452548), ([[253, 903], [309, 903], [309, 921], [253, 921]], '더 빼자!', 0.748427244754242), ([[49.06850713433476, 156.23016355523603], [78.86999505263557, 161.2906915317589], [75.93149286566525, 178.76983644476397], [46.130004947364434, 173.7093084682411]], '아 ', 0.4703329711781521)]
[([[493, 109], [539, 109], [539, 129], [493, 129]], '진짜로', 0.998768881931484), ([[495, 133], [555, 133], [555, 153], [495, 153]], '하지마아', 0.9859241843223572), ([[242, 288], [282, 288], [282, 312], [242, 312]], '우와~', 0.9711528795887048), ([[104, 360], [186, 360], [186, 386], [104, 386]], '말햇잡아.', 0.18097732507502698), ([[106, 386], [170, 386], [170, 410], [106, 410]], '그런 곳', 0.9995544064590828), ([[104, 410], [200, 410], [200, 436], [104, 436]], '더럽다니깐', 0.9083238743997664), ([[269, 623], [301, 623], [301, 643], [269, 643]], '계속', 0.9765261716895396), ([[269, 647], [315, 647], [315, 667], [269, 667]], '그렇게', 0.9715381067536454), ([[268, 670], [324, 670], [324, 694], [268, 694]], '6으면 .', 0.5285924564308973), ([[537, 857], [585, 857], [585, 877], [537, 877]], '하이임 .', 0.23404416065364037)]
[([[581, 83], [627, 83], [627, 103], [581, 103]], '아스나', 0.9985655388698852), ([[581, 103], [625, 103], [625, 123], [581, 123]], '넣어도', 0.9941352605819702), ([[581, 123], [633, 123], [633, 143], [581, 143]], '되지.?', 0.7752150893211365), ([[613, 425], [657, 425], [657, 445], [613, 445]], '키리토', 0.961348672267812), ([[113, 479], [139, 479], [139, 495], [113, 495]], '아 ', 0.4202545949211856), ([[429, 657], [461, 657], [461, 677], [429, 677]], '너로', 0.9999208491359952), ([[398, 684], [438, 684], [438, 708], [398, 708]], '날 꽉', 0.5303463935852051), ([[399, 705], [449, 705], [449, 725], [399, 725]], '체워쥐.', 0.4198576509952545), ([[107, 833], [139, 833], [139, 851], [107, 851]], '아아', 0.9999143586779689), ([[107, 851], [147, 851], [147, 871], [107, 871]], '아아]', 0.33704467469053856)]
[([[556, 98], [582, 98], [582, 122], [556, 122]], '아', 0.9998164261197076), ([[51, 171], [103, 171], [103, 187], [51, 187]], '아아아이', 0.4751216173171997), ([[51, 195], [75, 195], [75, 213], [51, 213]], '하 .', 0.9893487604864231), ([[49, 217], [117, 217], [117, 237], [49, 237]], '아아아아]', 0.5950647384062588), ([[375, 517], [411, 517], [411, 537], [375, 537]], '너무', 0.9999828041291119), ([[375, 541], [443, 541], [443, 561], [375, 561]], '너무 깊어', 0.8375536407722686), ([[565, 717], [597, 717], [597, 737], [565, 737]], "'전부", 0.7556249499320984), ([[565, 741], [625, 741], [625, 761], [565, 761]], '들어앗어', 0.11740274727344513), ([[123, 773], [153, 773], [153, 789], [123, 789]], '아니', 0.9999772407776616), ([[9, 787], [43, 787], [43, 807], [9, 807]], '엄청.', 0.5979973461374443), ([[53, 787], [101, 787], [101, 807], [53, 807]], '뜨거워.', 0.954142153263092), ([[565, 791], [597, 791], [597, 809], [565, 809]], '혹시', 0.9900029684061349), ([[9, 811], [81, 811], [81, 831], [9, 831]], '녹아버튼거', 0.13299865912080772), ([[7, 835], [57, 835], [57, 855], [7, 855]], '가태애.', 0.9878032207489014), ([[513, 879], [549, 879], [549, 891], [513, 891]], '아프니기', 0.9258019924163818), ([[558.202547777171, 121.16585988749353], [591.8681036697021, 127.28572506746681], [587.797452222829, 147.83414011250647], [554.1318963302979, 141.7142749325332]], '아 ', 0.4998791944202835)]
[([[347, 93], [369, 93], [369, 111], [347, 111]], '아', 0.9990637110831813), ([[104, 152], [134, 152], [134, 176], [104, 176]], '아', 0.9991593936098617), ([[639, 165], [661, 165], [661, 183], [639, 183]], '아', 0.9998849663439593), ([[75, 215], [123, 215], [123, 235], [75, 235]], '아  아;', 0.5085891061377109), ([[73, 239], [115, 239], [115, 259], [73, 259]], '아; 아;', 0.6440349292586691), ([[73, 265], [101, 265], [101, 283], [73, 283]], '아뇨', 0.48532124526709153), ([[601, 349], [659, 349], [659, 369], [601, 369]], '키리토오', 0.994617760181427), ([[321, 407], [373, 407], [373, 423], [321, 423]], '내 안이  ', 0.5529618357595399), ([[321, 431], [369, 431], [369, 447], [321, 447]], '키리토로', 0.764743447303772), ([[241, 523], [283, 523], [283, 541], [241, 541]], '아! 아;', 0.7268966559241147), ([[241, 571], [289, 571], [289, 591], [241, 591]], '안대애,', 0.989292562007904), ([[75, 601], [97, 601], [97, 615], [75, 615]], '아~', 0.9575424067030837), ([[619, 687], [653, 687], [653, 707], [619, 707]], '안대.', 0.9979908408666054), ([[61, 745], [127, 745], [127, 765], [61, 765]], '나 가버려,', 0.968258095746424), ([[61, 769], [123, 769], [123, 789], [61, 789]], '가버려어,', 0.9651920979929371), ([[587, 769], [643, 769], [643, 787], [587, 787]], '안대애 ..', 0.3669253189273325), ([[61, 795], [83, 795], [83, 815], [61, 815]], '아;', 0.41183382008854896), ([[501, 835], [545, 835], [545, 853], [501, 853]], '나아 .', 0.6435114248969449), ([[85.06850713433475, 793.230163555236], [116.8848554909625, 798.3311803096585], [113.93149286566525, 815.769836444764], [82.1151445090375, 810.6688196903415]], '아 ', 0.40946682359668346)]
[([[501, 119], [523, 119], [523, 139], [501, 139]], '또', 0.9999551778093974), ([[499, 139], [558, 139], [558, 166], [499, 166]], '가버려', 0.9988672180109138), ([[500, 166], [554, 166], [554, 190], [500, 190]], '어섯]', 0.22120611539515436), ([[73, 589], [147, 589], [147, 629], [73, 629]], '아아', 0.9999656926376816), ([[73, 627], [177, 627], [177, 667], [73, 667]], '아아아', 0.9980745794234965), ([[75, 669], [151, 669], [151, 707], [75, 707]], '아뇨', 0.5882536338003352)]
[([[393, 323], [417, 323], [417, 343], [393, 343]], '하', 0.9993405237640083), ([[74, 650], [104, 650], [104, 674], [74, 674]], '하 .', 0.5027561187744141)]
[([[319, 111], [380, 111], [380, 136], [319, 136]], '안대애애', 0.9965347051620483), ([[538, 134], [612, 134], [612, 158], [538, 158]], '아아아]', 0.5655959928260041), ([[277, 205], [337, 205], [337, 225], [277, 225]], '계속하면', 0.9999379515647888), ([[351, 533], [421, 533], [421, 553], [351, 553]], '미처버길거', 0.45204307677211764), ([[349, 559], [417, 559], [417, 579], [349, 579]], '같단 말야.', 0.657469157032504)]
[([[311, 83], [343, 83], [343, 95], [311, 95]], '아스나', 0.8304590783091302), ([[623, 111], [653, 111], [653, 125], [623, 125]], '시러어', 0.9847766129774833), ([[303, 121], [333, 121], [333, 135], [303, 135]], '허리늄', 0.4356517740004919), ([[393, 131], [435, 131], [435, 145], [393, 145]], '부끄럽답', 0.7163415551185608), ([[303, 141], [341, 141], [341, 155], [303, 155]], '움직여보', 0.3298310935497284), ([[393, 151], [425, 151], [425, 165], [393, 165]], '맡아  ', 0.2896920815008258), ([[615, 179], [637, 179], [637, 191], [615, 191]], '이터', 0.8468746767739974), ([[615, 197], [645, 197], [645, 211], [615, 211]], '자세 ,', 0.8419884741030622), ([[89, 271], [121, 271], [121, 291], [89, 291]], '잇지', 0.4044161352714795), ([[355, 609], [387, 609], [387, 623], [355, 623]], "'이뤄게", 0.1068016067147255), ([[355, 623], [387, 623], [387, 637], [355, 637]], '터느게,', 0.25792697072029114), ([[355, 637], [397, 637], [397, 651], [355, 651]], '키리토가', 0.8099178075790405), ([[355, 653], [377, 653], [377, 667], [355, 667]], '기쁨', 0.32158120751961705), ([[357, 667], [395, 667], [395, 681], [357, 681]], '줍아지는', 0.1470317393541336), ([[355, 681], [385, 681], [385, 695], [355, 695]], '거라덤', 0.1971892832457836), ([[219, 799], [261, 799], [261, 815], [219, 815]], '헌내물제,', 0.05453844651408986)]
[([[613, 93], [643, 93], [643, 109], [613, 109]], '으음-', 0.8861353118198643), ([[330, 110], [356, 110], [356, 136], [330, 136]], '아', 0.9997208313303787), ([[330, 134], [356, 134], [356, 160], [330, 160]], '아', 0.9997524176317576), ([[332, 160], [356, 160], [356, 184], [332, 184]], '왜', 0.9992451900575681), ([[333, 185], [353, 185], [353, 207], [333, 207]], '나', 0.9895099391818327), ([[99, 417], [157, 417], [157, 435], [99, 435]], '왜... 나 ', 0.37368392846984816), ([[502, 502], [526, 502], [526, 526], [502, 526]], '하', 0.9984365856653312), ([[57, 531], [105, 531], [105, 551], [57, 551]], '이렇게,', 0.5468522906303406), ([[500, 526], [532, 526], [532, 550], [500, 550]], '아!', 0.8098757946723197), ([[57, 555], [89, 555], [89, 573], [57, 573]], '이런', 0.9994158946567361), ([[58, 580], [115, 580], [115, 601], [58, 601]], '자세로...', 0.2713930417567658), ([[81, 847], [103, 847], [103, 865], [81, 865]], '응-', 0.4259199630517548), ([[589, 851], [609, 851], [609, 873], [589, 873]], '우', 0.9998880656096141), ([[78, 868], [116, 868], [116, 892], [78, 892]], '으음!', 0.44823361217021557)]
[([[313, 109], [347, 109], [347, 129], [313, 129]], '미안.', 0.49606932717080554), ([[313, 157], [359, 157], [359, 177], [313, 177]], '미안해', 0.9978654068108148), ([[613, 307], [647, 307], [647, 321], [613, 321]], '우회아', 0.25058192487535624), ([[55, 341], [111, 341], [111, 361], [55, 361]], '키 .리토', 0.9838766257016159), ([[55, 365], [113, 365], [113, 385], [55, 385]], '키리토오', 0.990532636642456), ([[305, 501], [337, 501], [337, 519], [305, 519]], '아아', 0.9999452095365782), ([[305, 523], [341, 523], [341, 543], [305, 543]], '아아]', 0.8964777459758307), ([[627, 727], [659, 727], [659, 743], [627, 743]], '아아', 0.9998877226417923), ([[623, 747], [671, 747], [671, 767], [623, 767]], '최고야', 0.9999768746626454), ([[565, 835], [597, 835], [597, 855], [565, 855]], '진짜', 0.5262629361089899), ([[105, 847], [163, 847], [163, 865], [105, 865]], '나   . 가 .', 0.2501122399458779), ([[565, 859], [617, 859], [617, 879], [565, 879]], '끝내쥐!', 0.5936679840087891), ([[103, 869], [171, 869], [171, 889], [103, 889]], '가버려엇"', 0.1316989132984552), ([[335, 909], [367, 909], [367, 929], [335, 929]], '으음.', 0.6396368310830127)]
[([[385, 77], [419, 77], [419, 97], [385, 97]], '함께.', 0.9956755023315703), ([[601, 113], [633, 113], [633, 133], [601, 133]], '나도', 0.9999883674896276), ([[341, 137], [385, 137], [385, 157], [341, 157]], '간닷  .', 0.2895482689805491), ([[487, 319], [531, 319], [531, 339], [487, 339]], '하 응,', 0.6534324202710668), ([[51, 347], [85, 347], [85, 367], [51, 367]], '으음', 0.16572980415432018), ([[489, 345], [551, 345], [551, 363], [489, 363]], '싸.. 싸쥐', 0.5261513470727059), ([[22, 810], [166, 810], [166, 840], [22, 840]], '키리토 싸취!', 0.40306469261338523), ([[22, 844], [108, 844], [108, 874], [22, 874]], '내 안에.', 0.9892182586727931), ([[22, 876], [148, 876], [148, 908], [22, 908]], '가득 싸취]', 0.5992628830135105)]
[([[301, 103], [345, 103], [345, 139], [301, 139]], '아', 0.9999142903574274), ([[1207, 139], [1368, 139], [1368, 231], [1207, 231]], '아스나 !|', 0.11398282031181094), ([[23, 741], [129, 741], [129, 781], [23, 781]], '아아아', 0.9990682983423692), ([[23, 775], [187, 775], [187, 817], [23, 817]], '아아아아]', 0.7108271503204918)]
[([[478, 88], [504, 88], [504, 112], [478, 112]], '아', 0.999886635178715), ([[478, 112], [504, 112], [504, 136], [478, 136]], '아', 0.999886635178715), ([[78, 204], [104, 204], [104, 228], [78, 228]], '하', 0.9998017647767519), ([[301, 367], [339, 367], [339, 385], [301, 385]], '사랑해', 0.6165306568145752)]
