522879
24
[([[507, 11], [1871, 11], [1871, 326], [507, 326]], '4:8{ 소{', 0.002668735527235499), ([[355, 288], [376, 288], [376, 304], [355, 304]], '05', 0.8940401153341081), ([[336, 297], [357, 297], [357, 316], [336, 316]], '05', 0.9817931913646272), ([[275, 542], [2079, 542], [2079, 869], [275, 869]], '(68@-응 @', 0.0010402080103266427), ([[596, 848], [1522, 848], [1522, 988], [596, 988]], '$@이이 품@]8}', 0.0059684605690875124), ([[560, 2673], [1613, 2673], [1613, 2813], [560, 2813]], '역 /식자 -댁`이형~;헌@', 0.0002735657711171406), ([[404, 2828], [867, 2828], [867, 3012], [404, 3012]], '호5 >', 0.10797958341129435), ([[-16.66977932339463, 276.024957066512], [38.44281280243456, 241.01090011057838], [141.66977932339464, 427.975042933488], [85.55718719756544, 461.98909988942165]], '탑', 0.008543523069304781), ([[113.75965265410791, 419.07722123286334], [398.4637893315482, 275.3447878460362], [428.2403473458921, 358.92277876713666], [143.53621066845182, 502.6552121539638]], '[7움(!-둘예', 1.8204547082985532e-05), ([[298.00992561958003, 322.800992561958], [333.2312880839446, 304.42395125255086], [341.99007438041997, 322.199007438042], [305.7687119160554, 339.57604874744914]], "'2011.", 0.9272359458600204), ([[266.00992561958003, 341.800992561958], [306.2493900951088, 322.43826238111393], [315.99007438041997, 341.199007438042], [275.7506099048912, 360.56173761888607]], "-미]@'", 0.0011267250682461226)]
[([[795, 33], [1165, 33], [1165, 189], [795, 189]], '7 58 ', 0.13364444867825992), ([[172, 331], [1231, 331], [1231, 573], [172, 573]], '@`몸@#용9', 8.03853811401446e-05), ([[363, 1827], [471, 1827], [471, 1957], [363, 1957]], '{', 0.23862220385419963)]
[([[1629, 471], [1899, 471], [1899, 1418], [1629, 1418]], '움', 0.2860594232238469), ([[1635, 1482], [1891, 1482], [1891, 2453], [1635, 2453]], '흙', 0.37691983588992173)]
[([[250, 172], [368, 172], [368, 204], [250, 204]], '안녕하세요', 0.9987773606189797), ([[258, 202], [364, 202], [364, 234], [258, 234]], '사나에 양', 0.9974651387080978), ([[378, 602], [428, 602], [428, 632], [378, 632]], '어머', 0.9999505199583973), ([[343, 629], [461, 629], [461, 661], [343, 661]], '안녕하세요', 0.9996345382539037), ([[350, 660], [456, 660], [456, 692], [350, 692]], '마리사 양', 0.9997888775941518), ([[895, 763], [1317, 763], [1317, 825], [895, 825]], '품507+77', 0.053552886164833335), ([[606, 974], [710, 974], [710, 1006], [606, 1006]], '잠깐 나름', 0.81031251072525), ([[584, 1004], [710, 1004], [710, 1034], [584, 1034]], '따라와 보지', 0.64696373431374), ([[600, 1032], [712, 1032], [712, 1064], [600, 1064]], '않울래요?', 0.9131087334607817), ([[1188, 1024], [1292, 1024], [1292, 1056], [1188, 1056]], '식사틀 참', 0.250912809778003), ([[1191, 1053], [1285, 1053], [1285, 1083], [1191, 1083]], '검소하게', 0.9963632225990295), ([[1190, 1084], [1286, 1084], [1286, 1116], [1190, 1116]], '하시네요', 0.9891220331192017), ([[84, 1198], [212, 1198], [212, 1230], [84, 1230]], '정말 맛있는', 0.8682418388941958), ([[86, 1228], [158, 1228], [158, 1258], [86, 1258]], '식사름', 0.2796005238089947), ([[828, 1220], [900, 1220], [900, 1252], [828, 1252]], '사나에', 0.9918999075889587), ([[84, 1256], [202, 1256], [202, 1288], [84, 1288]], '대접활게요', 0.8653519597205434)]
[([[1230, 1150], [1304, 1150], [1304, 1182], [1230, 1182]], '훌륭한', 0.5815592955445527), ([[1184, 1180], [1302, 1180], [1302, 1212], [1184, 1212]], '저택이네요', 0.9216439571188006), ([[1118, 1708], [1238, 1708], [1238, 1740], [1118, 1740]], '따라오세요', 0.9996367241405442), ([[398, 1796], [426, 1796], [426, 1820], [398, 1820]], '아', 0.9999271644503871)]
[]
[([[156, 936], [252, 936], [252, 966], [156, 966]], '발가벗고', 0.335451698433352), ([[178, 966], [228, 966], [228, 996], [178, 996]], '앞네', 0.11845154217546675), ([[1010, 1388], [1042, 1388], [1042, 1414], [1010, 1414]], '아', 0.9999777079870888), ([[978, 1416], [1082, 1416], [1082, 1448], [978, 1448]], '먹고 있어', 0.624092544921205), ([[566, 1430], [670, 1430], [670, 1462], [566, 1462]], '빨리 따라', 0.9995687409115762), ([[582, 1460], [652, 1460], [652, 1488], [582, 1488]], '오세요', 0.9998877464284966), ([[794, 1445], [916, 1445], [916, 1524], [794, 1524]], '으격', 0.8280615908199714)]
[([[438, 876], [532, 876], [532, 908], [438, 908]], '보시기에', 0.9997655153274536), ([[400, 906], [534, 906], [534, 936], [400, 936]], '어떠석나요?', 0.995277724625737), ([[428, 934], [534, 934], [534, 966], [428, 966]], '제 목장은', 0.8562288189413617), ([[1114, 1056], [1166, 1056], [1166, 1086], [1114, 1086]], '여어', 0.9999489184017407), ([[1106, 1084], [1180, 1084], [1180, 1116], [1106, 1116]], '손님올', 0.580803851256208), ([[1096, 1114], [1190, 1114], [1190, 1146], [1096, 1146]], '데려앉어', 0.6288471805309335), ([[706, 1582], [832, 1582], [832, 1610], [706, 1610]], '어서 오세요', 0.9998401340768437), ([[698, 1610], [848, 1610], [848, 1640], [698, 1640]], '아무조록 편히', 0.913683539513053), ([[736, 1640], [810, 1640], [810, 1670], [736, 1670]], '계세요', 0.9997078414055184), ([[93, 1734], [163, 1734], [163, 1770], [93, 1770]], '목장?', 0.9992581666439453)]
[([[1202, 142], [1282, 142], [1282, 172], [1202, 172]], '여기 이', 0.9999178990990876), ([[830, 175], [952, 175], [952, 207], [830, 207]], '안녕하세요', 0.9993522342495107), ([[1188, 172], [1284, 172], [1284, 202], [1188, 202]], '대도서관', 0.9999614953994751), ([[820, 206], [968, 206], [968, 236], [820, 236]], '코치야 사나에', 0.9959982514266736), ([[1156, 200], [1280, 200], [1280, 230], [1156, 230]], '목장의 주인', 0.8492992263295467), ([[830, 236], [958, 236], [958, 266], [830, 266]], '라고 합니다', 0.9915083170214752), ([[1186, 228], [1282, 228], [1282, 260], [1186, 260]], '노우릿지', 0.3318807780742645), ([[816, 264], [870, 264], [870, 294], [816, 294]], '저기.', 0.9966093250226974), ([[896, 264], [970, 264], [970, 294], [896, 294]], '여기논', 0.6771597419257374), ([[1210, 258], [1282, 258], [1282, 288], [1210, 288]], '씨에요', 0.9617427587509155), ([[498, 282], [526, 282], [526, 308], [498, 308]], '뭐', 0.9999932050820384), ([[538, 280], [610, 280], [610, 312], [538, 312]], '일단은', 0.8964386582374573), ([[836, 292], [952, 292], [952, 324], [836, 324]], '도대체...?', 0.9729108812234283), ([[498, 310], [610, 310], [610, 340], [498, 340]], '이놈 한 번', 0.40813718251073855), ([[494, 340], [616, 340], [616, 366], [494, 366]], '드서 보세요', 0.6400574949998618), ([[734, 614], [782, 614], [782, 644], [734, 644]], '호음', 0.7291347207239762), ([[734, 642], [806, 642], [806, 674], [734, 674]], '확실히', 0.999646382879364), ([[712, 672], [830, 672], [830, 704], [712, 704]], '겉보기에는', 0.8630199214623849), ([[720, 700], [826, 700], [826, 732], [720, 732]], '목장 같아', 0.9799919708317544), ([[708, 730], [834, 730], [834, 760], [708, 760]], '보이지 않긴', 0.8997681274749483), ([[746, 758], [796, 758], [796, 788], [746, 788]], '하조', 0.9992195296012117), ([[1138, 1090], [1210, 1090], [1210, 1116], [1138, 1116]], '드시조', 0.8739751968851822), ([[202, 1168], [232, 1168], [232, 1194], [202, 1194]], '아', 0.44604825144134574), ([[174, 1196], [270, 1196], [270, 1226], [174, 1226]], '고마워요', 0.9980208873748779), ([[830, 1326], [986, 1326], [986, 1402], [830, 1402]], '강+', 0.00874532020572634), ([[339, 1483], [357, 1483], [357, 1511], [339, 1511]], '7', 0.0168276076339533), ([[862, 1490], [932, 1490], [932, 1520], [862, 1520]], '아무리', 0.999991672117281), ([[858, 1518], [936, 1518], [936, 1546], [858, 1546]], '먹고 또', 0.9604100354195431), ([[1163, 1511], [1290, 1511], [1290, 1543], [1163, 1543]], '그나저나 왜', 0.9983649047584184), ([[862, 1548], [934, 1548], [934, 1576], [862, 1576]], '먹어도', 0.9993737829104103), ([[1164, 1542], [1290, 1542], [1290, 1572], [1164, 1572]], '저에게 이런', 0.9898093081953016), ([[862, 1576], [936, 1576], [936, 1606], [862, 1606]], '고기가', 0.9998475530402419), ([[1176, 1570], [1252, 1570], [1252, 1602], [1176, 1602]], '대접올.', 0.8517913818359375), ([[862, 1604], [932, 1604], [932, 1636], [862, 1636]], '남아서', 0.9993150799035404), ([[862, 1634], [934, 1634], [934, 1664], [862, 1664]], '말이조', 0.9948202030644477), ([[83, 1780], [179, 1780], [179, 1810], [83, 1810]], '그렇군요', 0.6671627720251453)]
[([[299, 187], [395, 187], [395, 219], [299, 219]], '맛있네요', 0.9873504638671875), ([[310, 218], [362, 218], [362, 248], [310, 248]], '이거 .', 0.29475608468055725), ([[162, 468], [212, 468], [212, 498], [162, 498]], '입에', 0.9979076292273069), ([[128, 496], [246, 496], [246, 526], [128, 526]], '맞으시다니', 0.9997826974398879), ([[127, 523], [245, 523], [245, 555], [127, 555]], '다행이네요', 0.9949276536814471), ([[1114, 606], [1176, 606], [1176, 658], [1114, 658]], "'", 0.029432620352937144), ([[1208, 844], [1282, 844], [1282, 876], [1208, 876]], '마음에', 0.9972894556119852), ([[1197, 874], [1293, 874], [1293, 904], [1197, 904]], '드여다면', 0.18550468981266022), ([[1185, 902], [1305, 902], [1305, 934], [1185, 934]], '다음번에는', 0.5310521107473176), ([[1182, 932], [1310, 932], [1310, 962], [1182, 962]], '산에 사시는', 0.423122670001274), ([[1172, 958], [1320, 958], [1320, 990], [1172, 990]], '다른 분들께도', 0.9087943895515541), ([[1170, 988], [1320, 988], [1320, 1018], [1170, 1018]], '추천해 주시지', 0.8564127155810416), ([[1168, 1018], [1324, 1018], [1324, 1050], [1168, 1050]], '않으시켓어요?', 0.7291087858271824), ([[658, 1150], [752, 1150], [752, 1182], [658, 1182]], '그럴게요', 0.9320104122161865), ([[142, 1416], [170, 1416], [170, 1446], [142, 1446]], '앗', 0.42186822922884915)]
[([[108, 708], [182, 708], [182, 740], [108, 740]], '먹없다', 0.9315246871825777), ([[1222, 992], [1300, 992], [1300, 1022], [1222, 1022]], '저게 이', 0.9941262456354724), ([[1208, 1022], [1302, 1022], [1302, 1052], [1208, 1052]], '목장에서', 0.9857012033462524), ([[1176, 1050], [1304, 1050], [1304, 1082], [1176, 1082]], '기르고 있는', 0.381127643301646), ([[1026, 1070], [1068, 1070], [1068, 1096], [1026, 1096]], '호오', 0.9951454441590579), ([[1183, 1077], [1303, 1077], [1303, 1109], [1183, 1109]], '소악마에요', 0.6232481913533807), ([[632, 1092], [760, 1092], [760, 1124], [632, 1124]], '수가 멋대로', 0.992584071592685), ([[648, 1122], [746, 1122], [746, 1152], [648, 1152]], '불어나고', 0.9999879002571106), ([[622, 1150], [772, 1150], [772, 1180], [622, 1180]], '쓰레기 처리도', 0.9810444596644966), ([[654, 1178], [738, 1178], [738, 1210], [654, 1210]], '해 주는', 0.8190005279639339), ([[131, 1691], [271, 1691], [271, 1735], [131, 1735]], '그야말로', 0.9999585747718811), ([[163, 1737], [239, 1737], [239, 1779], [163, 1779]], '만능', 0.9918142244373102), ([[143, 1779], [263, 1779], [263, 1823], [143, 1823]], '식재료!', 0.9926732778549194), ([[52.8082821045064, 339.03573599856213], [175.61438200936163, 294.96588920666187], [200.1917178954936, 373.96426400143787], [77.38561799063835, 418.03411079333813]], '답싹', 0.7611029981573451), ([[604.086474619004, 646.0523291853351], [727.8446454055273, 683.4310709188945], [705.913525380996, 748.9476708146649], [582.1553545944727, 712.5689290811055]], '타다', 0.9392475493522331)]
[([[146, 144], [194, 144], [194, 176], [146, 176]], '동족', 0.6063543085259002), ([[144, 174], [192, 174], [192, 200], [144, 200]], '포식', 0.9995788946637272), ([[654, 170], [704, 170], [704, 202], [654, 202]], '호음', 0.38262447731085164), ([[199, 177], [237, 177], [237, 223], [199, 223]], '50', 0.29008039878643116), ([[664, 200], [716, 200], [716, 228], [664, 228]], '이게', 0.9859519456189663), ([[654, 228], [730, 228], [730, 258], [654, 258]], '소악마', 0.7360856295676049), ([[643, 257], [739, 257], [739, 287], [643, 287]], '고기구나', 0.9999375343322754), ([[614, 790], [664, 790], [664, 820], [614, 820]], '그럼', 0.9999420907212647), ([[592, 818], [688, 818], [688, 848], [592, 848]], '이번에는', 0.8642025589942932), ([[576, 848], [702, 848], [702, 878], [576, 878]], '다른 곳으로', 0.9479081488583238), ([[580, 874], [698, 874], [698, 906], [580, 906]], '안내활게요', 0.8742692087913985), ([[144, 1036], [240, 1036], [240, 1068], [144, 1068]], '이번에는', 0.7943063974380493), ([[168, 1066], [218, 1066], [218, 1096], [168, 1096]], '어떤', 0.9985875299873729), ([[136, 1091], [249, 1091], [249, 1129], [136, 1129]], '곳인가요?', 0.9936576501304762), ([[508, 1134], [632, 1134], [632, 1210], [508, 1210]], '드록', 0.30185613176334397), ([[1090, 1242], [1122, 1242], [1122, 1282], [1090, 1282]], '%', 0.9551192281863372), ([[1153, 1319], [1201, 1319], [1201, 1361], [1153, 1361]], '20', 0.30412213454953), ([[275, 1383], [371, 1383], [371, 1413], [275, 1413]], '소악마을', 0.3814200758934021), ([[264, 1414], [382, 1414], [382, 1444], [264, 1444]], '강제적으로', 0.9999627348195597), ([[598, 1402], [694, 1402], [694, 1432], [598, 1432]], '이번에는', 0.8899544477462769), ([[260, 1442], [384, 1442], [384, 1472], [260, 1472]], '살찌게 해서', 0.9594588001784463), ([[521, 1429], [694, 1429], [694, 1461], [521, 1461]], '방목과는 다르게', 0.49944316365796715), ([[266, 1470], [382, 1470], [382, 1500], [266, 1500]], '푸아그라틀', 0.28386902595012264), ([[597, 1459], [693, 1459], [693, 1489], [597, 1489]], '소악마을', 0.35544365644454956), ([[260, 1500], [386, 1500], [386, 1530], [260, 1530]], '만드는 시설', 0.8687065314130833), ([[544, 1488], [694, 1488], [694, 1520], [544, 1520]], '사유하는 곳을', 0.36267120644563505), ([[286, 1528], [360, 1528], [360, 1560], [286, 1560]], '이에요', 0.9983710779029711), ([[546, 1517], [693, 1517], [693, 1548], [546, 1548]], '보여 드질게요', 0.2675631761219376), ([[148, 1706], [252, 1706], [252, 1738], [148, 1738]], '그거 정말', 0.5967390340266777), ([[150, 1736], [246, 1736], [246, 1766], [150, 1766]], '재미있올', 0.9667754769325256), ([[148, 1764], [250, 1764], [250, 1796], [148, 1796]], '것 같네요', 0.7419246510349558), ([[1200.817179374673, 1328.268717498692], [1365.4965079744563, 1305.019802394592], [1372.182820625327, 1385.731282501308], [1207.5034920255437, 1409.980197605408]], "'@새", 0.006398717206419764)]
[([[872, 1020], [1047, 1020], [1047, 1058], [872, 1058]], '효율적으로 살올', 0.6175300258783941), ([[896, 1054], [1024, 1054], [1024, 1086], [896, 1086]], '찌우기 위해', 0.9996548450936249), ([[876, 1082], [1046, 1082], [1046, 1114], [876, 1114]], '움직이지 못하게', 0.9799517603551097), ([[164, 1110], [268, 1110], [268, 1142], [164, 1142]], '먹이 담당', 0.9150680803899236), ([[857, 1106], [1064, 1106], [1064, 1146], [857, 1146]], '구속해 두고 있어요', 0.5667033118608038), ([[1224, 1100], [1294, 1100], [1294, 1132], [1224, 1132]], '우와~', 0.8205041289329529), ([[152, 1140], [272, 1140], [272, 1170], [152, 1170]], '소악마에요', 0.7258930680046933), ([[152, 1168], [278, 1168], [278, 1200], [152, 1200]], '머리가 중은', 0.4831679401120118), ([[454, 1166], [594, 1166], [594, 1196], [454, 1196]], '저건 원가요?', 0.46087144995582857), ([[166, 1198], [264, 1198], [264, 1228], [166, 1228]], '소악마는', 0.5708730220794678), ([[140, 1226], [288, 1226], [288, 1258], [140, 1258]], '잡무 담당으로', 0.7885303590693916), ([[150, 1254], [278, 1254], [278, 1286], [150, 1286]], '살아남을 수', 0.5805130527684026), ([[186, 1284], [238, 1284], [238, 1314], [186, 1314]], '있조.', 0.3896160728945388), ([[286, 1692], [360, 1692], [360, 1724], [286, 1724]], '여기논', 0.4256430509049297), ([[270, 1722], [372, 1722], [372, 1750], [270, 1750]], '말 그대로', 0.9997824045727886), ([[274, 1750], [370, 1750], [370, 1782], [274, 1782]], '지우이다', 0.8542656302452087), ([[822, 1772], [890, 1772], [890, 1798], [822, 1798]], '와아~', 0.993691853998595), ([[782, 1800], [932, 1800], [932, 1832], [782, 1832]], '정말 멋지네요', 0.9958100833024688)]
[([[760, 156], [912, 156], [912, 282], [760, 282]], '1', 0.013141753342365503), ([[771, 575], [844, 575], [844, 608], [771, 608]], '으아약', 0.5139616188386353), ([[1278, 898], [1350, 898], [1350, 928], [1278, 928]], '먹이는', 0.579313444641197), ([[1263, 926], [1359, 926], [1359, 956], [1263, 956]], '파이프트', 0.1967085301876068), ([[1262, 956], [1364, 956], [1364, 986], [1262, 986]], '통해 직접', 0.5652305175214785), ([[233, 957], [339, 957], [339, 1049], [233, 1049]], '오위', 0.007909708412831545), ([[1276, 984], [1350, 984], [1350, 1012], [1276, 1012]], '식도에', 0.9954169418913111), ([[892, 1012], [1040, 1012], [1040, 1042], [892, 1042]], '억지로 먹여서', 0.8614195301818109), ([[1256, 1012], [1374, 1012], [1374, 1044], [1256, 1044]], '흘러넣어요', 0.5710442626932108), ([[896, 1040], [1032, 1040], [1032, 1070], [896, 1070]], '살울 더 빨리', 0.789313758427111), ([[928, 1070], [1002, 1070], [1002, 1100], [928, 1100]], '찌우는', 0.9518585365830441), ([[918, 1100], [1014, 1100], [1014, 1128], [918, 1128]], '거로군요', 0.9667030572891235), ([[896, 1226], [944, 1226], [944, 1252], [896, 1252]], '바로', 0.9998255293576587), ([[874, 1253], [970, 1253], [970, 1283], [874, 1283]], '그거에요', 0.9995548725128174), ([[737, 1775], [791, 1775], [791, 1819], [737, 1819]], '꿀쩍', 0.4348010470310822), ([[132, 1810], [204, 1810], [204, 1862], [132, 1862]], '우씩', 0.2310805539166047), ([[747, 1817], [801, 1817], [801, 1861], [747, 1861]], '꿀쩍', 0.5031199687781576), ([[138.02372034707875, 329.06841446425915], [227.69500783727787, 354.95626076546256], [208.97627965292125, 413.93158553574085], [119.30499216272212, 388.04373923453744]], '우적', 0.9986220762732829), ([[549.2185469050424, 405.23047823916147], [638.4305824911352, 395.5831262405434], [641.7814530949576, 456.76952176083853], [552.5694175088648, 465.4168737594566]], '우적', 0.9907054978802762)]
[([[302, 170], [404, 170], [404, 200], [302, 200]], '원지 엄청', 0.3444241052963362), ([[295, 198], [411, 198], [411, 230], [295, 230]], '외설스러위', 0.8137812629833064), ([[306, 228], [402, 228], [402, 260], [306, 260]], '보이네요', 0.9939252138137817), ([[674, 206], [752, 206], [752, 292], [674, 292]], '콜목', 0.08318596662325155), ([[80, 270], [174, 270], [174, 300], [80, 300]], '펼라치오', 0.511656641960144), ([[88, 300], [166, 300], [166, 330], [88, 330]], '같다고', 0.9689958762862512), ([[64, 328], [190, 328], [190, 360], [64, 360]], '말하고 싶은', 0.9974807460123386), ([[84, 356], [172, 356], [172, 386], [84, 386]], '건가요?', 0.9998500943183899), ([[652, 380], [724, 380], [724, 460], [652, 460]], '골목', 0.09583535899078185), ([[660, 420], [690, 420], [690, 458], [660, 458]], '2', 0.17772071465174122), ([[1041, 641], [1151, 641], [1151, 791], [1041, 791]], '5', 0.9837418659055999), ([[1169, 1085], [1289, 1085], [1289, 1115], [1169, 1115]], '마리사씨논', 0.7992877540972098), ([[1192, 1116], [1268, 1116], [1268, 1146], [1192, 1146]], '정말로', 0.999943219165761), ([[1184, 1144], [1278, 1144], [1278, 1174], [1184, 1174]], '직설적인', 0.9993695616722107), ([[918, 1158], [970, 1158], [970, 1188], [918, 1188]], '웬지', 0.31855686892922097), ([[1184, 1172], [1278, 1172], [1278, 1204], [1184, 1204]], '분이네요', 0.9546623826026917), ([[886, 1186], [1004, 1186], [1004, 1218], [886, 1218]], '부끄러운데', 0.9993476490643035), ([[317, 1573], [392, 1573], [392, 1610], [317, 1610]], '와아~', 0.9854814154202696), ([[502, 1564], [596, 1564], [596, 1596], [502, 1596]], '소악마을', 0.36076241731643677), ([[508, 1594], [586, 1594], [586, 1622], [508, 1622]], '한 마리', 0.9998767417246727), ([[502, 1622], [596, 1622], [596, 1652], [502, 1652]], '드질게요', 0.2575843036174774), ([[76.08813320102061, 1139.2054127246947], [188.43506002111752, 1120.707941312685], [196.9118667989794, 1202.7945872753053], [85.56493997888248, 1221.292058687315]], '많육', 0.054010983017272925)]
[([[1290, 148], [1316, 148], [1316, 174], [1290, 174]], '앗', 0.3723902902544616), ([[121, 379], [237, 379], [237, 447], [121, 447]], '달려', 0.683258963592823), ([[112, 448], [250, 448], [250, 522], [112, 522]], '있어!', 0.9357417418616756), ([[1114, 816], [1310, 816], [1310, 848], [1114, 848]], '푸아그라 만들기에', 0.7641420795094794), ([[1138, 846], [1288, 846], [1288, 876], [1138, 876]], '쓰는 소악마는', 0.6662345982397077), ([[1136, 874], [1282, 874], [1282, 906], [1136, 906]], '수컷뿐이에요.', 0.468652229318568), ([[1112, 902], [1314, 902], [1314, 934], [1112, 934]], '암컷은 간에 정뛰이', 0.3729627502993233), ([[1130, 932], [1290, 932], [1290, 964], [1130, 964]], '많아서 안 쓰조.', 0.7681207982343624), ([[660, 998], [728, 998], [728, 1030], [660, 1030]], '헤에 ~', 0.7850609421730042)]
[([[453, 453], [571, 453], [571, 561], [453, 561]], '투우', 0.384840300090239), ([[713, 341], [852, 341], [852, 627], [713, 627]], '형', 0.2073580451609338), ([[191, 1441], [352, 1441], [352, 1515], [191, 1515]], '맛있다', 0.9999460409909594), ([[1035, 1416], [1216, 1416], [1216, 1516], [1035, 1516]], '모무', 0.4444906155921131), ([[62, 1936], [379, 1936], [379, 1976], [62, 1976]], '\'\']표507+7/주" **5', 0.05890178954934511), ([[58.23537213691802, 797.041886445954], [419.99393151164645, 841.7085861870147], [407.76462786308196, 901.958113554046], [46.006068488353534, 857.2914138129853]], '하하하하하하', 0.9685817600065392), ([[740.8291429116235, 1405.0572576985603], [893.9144744650453, 1429.0125911384894], [875.1708570883765, 1530.9427423014397], [721.0855255349547, 1507.9874088615106]], '7다', 0.03574944183856461)]
[([[1167, 113], [1327, 113], [1327, 151], [1167, 151]], '이리오너라!', 0.9851989679607837), ([[1200, 147], [1293, 147], [1293, 187], [1200, 187]], '우리논', 0.5899045748503754), ([[1169, 185], [1325, 185], [1325, 223], [1169, 223]], '약한 요괴', 0.984204082922618), ([[1187, 217], [1306, 217], [1306, 260], [1187, 260]], '보호하는', 0.6399711966514587), ([[1155, 257], [1339, 257], [1339, 295], [1155, 295]], '명런사에서 온', 0.44678674643667854), ([[1165, 291], [1327, 291], [1327, 333], [1165, 333]], '사람들이다!', 0.9568416390953458), ([[105, 447], [261, 447], [261, 487], [105, 487]], '이 저택에서', 0.9990130520659114), ([[79, 483], [291, 483], [291, 525], [79, 525]], '요괴틀 학대해서', 0.5310368965188411), ([[91, 521], [277, 521], [277, 559], [91, 559]], '만드는 음식이', 0.9374985145862637), ([[91, 557], [275, 557], [275, 597], [91, 597]], '있다고 들어서', 0.7314907715959482), ([[101, 593], [269, 593], [269, 633], [101, 633]], '막으러 앉다!', 0.4790085908880599), ([[955, 651], [1323, 651], [1323, 719], [955, 719]], '표 기짓철:페', 0.018193405041449916), ([[383, 791], [565, 791], [565, 831], [383, 831]], '억지로 먹이틀', 0.571734409643091), ([[383, 827], [567, 827], [567, 867], [383, 867]], '먹여서 살찌게', 0.9675670257224913), ([[415, 865], [533, 865], [533, 901], [415, 901]], '만들다니', 0.9989106059074402), ([[772, 832], [874, 832], [874, 912], [772, 912]], '앗!', 0.5079352025807319), ([[423, 899], [527, 899], [527, 937], [423, 937]], '이 무슨', 0.9064673698737105), ([[405, 935], [545, 935], [545, 975], [405, 975]], '잔혹한 짓!', 0.6395235530939501), ([[294, 1146], [368, 1146], [368, 1176], [294, 1176]], '게다가', 0.9982461191104496), ([[266, 1174], [394, 1174], [394, 1206], [266, 1206]], '동족의 손올', 0.5993708664976931), ([[256, 1202], [406, 1202], [406, 1234], [256, 1234]], '빌어서 하다니', 0.9453947649851122), ([[807, 1175], [891, 1175], [891, 1279], [807, 1279]], '7', 0.27066796224302436), ([[242, 1230], [420, 1230], [420, 1262], [242, 1262]], '절대로 용서할 수', 0.712993386885533), ([[290, 1260], [372, 1260], [372, 1292], [290, 1292]], '없어요!', 0.9525455832481384), ([[445, 1397], [547, 1397], [547, 1437], [445, 1437]], '당신들!', 0.9873111248016357), ([[689, 1383], [809, 1383], [809, 1425], [689, 1425]], '당신들올', 0.983062207698822), ([[1251, 1395], [1341, 1395], [1341, 1433], [1251, 1433]], '어떻게', 0.923443079260393), ([[389, 1435], [603, 1435], [603, 1473], [389, 1473]], '소악마을 도대체', 0.6115921330976472), ([[691, 1421], [819, 1421], [819, 1461], [691, 1461]], '돕기 위해', 0.8798806809123897), ([[1175, 1429], [1311, 1429], [1311, 1469], [1175, 1469]], '이런 짓율.', 0.6702080576278121), ([[387, 1469], [603, 1469], [603, 1509], [387, 1509]], '뭐라고 생각하는', 0.7436628169672242), ([[693, 1459], [821, 1459], [821, 1497], [693, 1497]], '우리가 온', 0.9935025513239519), ([[1183, 1465], [1339, 1465], [1339, 1505], [1183, 1505]], '여기 주인은', 0.9842056522363734), ([[445, 1507], [549, 1507], [549, 1545], [445, 1545]], '건가요!', 0.9769036173820496), ([[689, 1493], [785, 1493], [785, 1533], [689, 1533]], '거에요.', 0.978395938873291), ([[797, 1495], [861, 1495], [861, 1531], [797, 1531]], '이제', 0.9999726046583781), ([[1219, 1501], [1341, 1501], [1341, 1541], [1219, 1541]], '악마같은', 0.39177820086479187), ([[689, 1529], [849, 1529], [849, 1571], [689, 1571]], '안심하세요', 0.9995630967702268), ([[1251, 1541], [1341, 1541], [1341, 1577], [1251, 1577]], '높이군', 0.9730324524588563)]
[([[821, 125], [925, 125], [925, 165], [821, 165]], '나용다!', 0.6439032554626465), ([[289, 163], [325, 163], [325, 199], [289, 199]], '뭐', 0.9999920129935482), ([[335, 161], [401, 161], [401, 199], [335, 199]], '일단', 0.9999686428887061), ([[797, 163], [945, 163], [945, 201], [797, 201]], '마리사씨의', 0.9990874090754411), ([[1177, 181], [1293, 181], [1293, 217], [1177, 217]], '소약마는', 0.4768451750278473), ([[264, 194], [423, 194], [423, 238], [264, 238]], '햄이라도 좀', 0.6808176157232604), ([[819, 197], [925, 197], [925, 237], [819, 237]], '말버릇!', 0.9846369028091431), ([[1191, 217], [1279, 217], [1279, 253], [1191, 253]], '식재료', 0.9964687797908043), ([[299, 235], [389, 235], [389, 271], [299, 271]], '드세요', 0.9998023357372037), ([[1205, 253], [1267, 253], [1267, 289], [1205, 289]], '라구', 0.9998771862924407), ([[247, 409], [322, 409], [322, 563], [247, 563]], '헌', 0.0013089563333695958), ([[505, 893], [623, 893], [623, 931], [505, 931]], '소악마는', 0.675542414188385), ([[684, 886], [756, 886], [756, 916], [684, 916]], '도대체', 0.9992466739344315), ([[682, 914], [810, 914], [810, 946], [682, 946]], '이 아이들이', 0.9995746338749263), ([[515, 931], [615, 931], [615, 967], [515, 967]], '먹는 게', 0.5959544285592477), ([[684, 944], [864, 944], [864, 976], [684, 976]], '무슨 짓율 햇다고', 0.30483844429563595), ([[1187, 927], [1287, 927], [1287, 967], [1187, 967]], '이 무슨', 0.9993289350849757), ([[497, 963], [629, 963], [629, 1005], [497, 1005]], '아니에요!', 0.863237874879929), ([[684, 972], [842, 972], [842, 1004], [684, 1004]], '이러는 건가요!', 0.562252469379174), ([[1191, 965], [1283, 965], [1283, 1003], [1191, 1003]], '금찍한', 0.21971214047490176), ([[1189, 1001], [1255, 1001], [1255, 1039], [1189, 1039]], '짓율.', 0.5492057242689738), ([[75, 1095], [167, 1095], [167, 1135], [75, 1135]], '당신은', 0.9999153450961199), ([[71, 1133], [173, 1133], [173, 1171], [71, 1171]], '햄 같은', 0.6067000851195059), ([[55, 1167], [187, 1167], [187, 1207], [55, 1207]], '옷올 입고', 0.7199368574203044), ([[75, 1203], [165, 1203], [165, 1245], [75, 1245]], '있네요', 0.5037282655900298), ([[48, 1324], [132, 1324], [132, 1400], [48, 1400]], '떡', 0.9952815533784474), ([[527, 1341], [685, 1341], [685, 1381], [527, 1381]], '같은 동료틀', 0.37254935765882763), ([[1250, 1356], [1280, 1356], [1280, 1386], [1250, 1386]], '저', 0.999984383644037), ([[185, 1351], [259, 1351], [259, 1417], [185, 1417]], '떡', 0.9758987519363735), ([[528, 1378], [685, 1378], [685, 1419], [528, 1419]], '학대하는 건', 0.8910893277733284), ([[1205, 1389], [1327, 1389], [1327, 1427], [1205, 1427]], '아이들은', 0.9967305064201355), ([[567, 1415], [685, 1415], [685, 1453], [567, 1453]], '부끄러워', 0.7810512185096741), ([[1233, 1425], [1301, 1425], [1301, 1461], [1233, 1461]], '살아', 0.9999835627686483), ([[585, 1451], [687, 1451], [687, 1489], [585, 1489]], '해야 할', 0.9668529615347686), ([[1223, 1461], [1311, 1461], [1311, 1501], [1223, 1501]], '있어요', 0.9994765314892203), ([[569, 1487], [685, 1487], [685, 1525], [569, 1525]], '일이에요', 0.9965752959251404), ([[789, 1499], [869, 1499], [869, 1537], [789, 1537]], '찰지구나', 0.677383542060852), ([[485, 1723], [575, 1723], [575, 1761], [485, 1761]], '자신의', 0.9999644861185353), ([[831, 1711], [921, 1711], [921, 1747], [831, 1747]], '그리고', 0.9999980040603199), ([[487, 1759], [577, 1759], [577, 1797], [487, 1797]], '행동올', 0.9684343849595869), ([[831, 1747], [921, 1747], [921, 1783], [831, 1783]], '우리도', 0.9998030927978608), ([[473, 1795], [591, 1795], [591, 1833], [473, 1833]], '부끄러워', 0.7306680083274841), ([[829, 1781], [921, 1781], [921, 1821], [829, 1821]], '똑같은', 0.7812031026175167), ([[493, 1829], [569, 1829], [569, 1869], [493, 1869]], '할 줄', 0.9826728701591492), ([[815, 1819], [935, 1819], [935, 1857], [815, 1857]], '생명체인', 0.9690296649932861), ([[144, 1852], [230, 1852], [230, 1928], [144, 1928]], '떡', 0.7545960372500673), ([[481, 1867], [583, 1867], [583, 1905], [481, 1905]], '아세요!', 0.9905926585197449), ([[831, 1855], [919, 1855], [919, 1893], [831, 1893]], '거에요', 0.9970212761237492), ([[41, 1939], [353, 1939], [353, 1977], [41, 1977]], '"표[:버전때" 1560', 0.0025060638552863723)]
[([[827, 97], [1193, 97], [1193, 165], [827, 165]], '표씬교쓸  품하', 0.00622424777683008), ([[846, 252], [900, 252], [900, 282], [846, 282]], '하악', 0.9613647805476017), ([[159, 1185], [279, 1185], [279, 1273], [159, 1273]], '푸육', 0.46524434790112285), ([[517, 1409], [609, 1409], [609, 1445], [517, 1445]], '소약마', 0.4495562400291573), ([[518, 1448], [606, 1448], [606, 1478], [518, 1478]], '고기도', 0.7161176204681396), ([[541, 1479], [607, 1479], [607, 1519], [541, 1519]], '슬슬', 0.6316237520146678), ([[143, 1513], [271, 1513], [271, 1553], [143, 1553]], '그럼 수입', 0.786729933754648), ([[515, 1515], [607, 1515], [607, 1555], [515, 1555]], '질리네', 0.9737525826507193), ([[149, 1553], [265, 1553], [265, 1589], [149, 1589]], '소악마는', 0.5650778412818909), ([[169, 1589], [247, 1589], [247, 1627], [169, 1627]], '어때?', 0.9999629719645542), ([[1078, 1640], [1140, 1640], [1140, 1692], [1078, 1692]], '가닥', 0.07066759148922673), ([[159.17250977150422, 242.0490820806354], [207.53687549219316, 219.02061860148893], [261.8274902284958, 339.9509179193646], [213.46312450780684, 362.97938139851107]], '}', 0.9842521215081526), ([[816.2365201021611, 508.09877638821206], [870.9162466257199, 522.2960784006883], [862.7634798978389, 551.9012236117879], [807.0837533742801, 537.7039215993117]], '하악', 0.9842508919460347), ([[257.82000635998094, 1398.9120101759695], [375.93848069337497, 1373.5924483215713], [384.17999364001906, 1425.0879898240305], [266.06151930662503, 1449.4075516784287]], '3~6', 0.263058649296838), ([[808.0578369393376, 1751.0494509237074], [931.7903588029119, 1791.0687848084513], [905.9421630606624, 1863.9505490762926], [782.2096411970881, 1823.9312151915487]], '타닥', 0.8338841348177494)]
[([[975, 169], [1067, 169], [1067, 207], [975, 207]], '미국산', 0.9997808627759998), ([[973, 201], [1068, 201], [1068, 244], [973, 244]], '소약마', 0.5412719582266308), ([[363, 261], [513, 261], [513, 301], [363, 301]], '뉴질랜드산', 0.85387788556948), ([[423, 299], [515, 299], [515, 335], [423, 335]], '소악마', 0.5169673868691318), ([[507, 819], [595, 819], [595, 855], [507, 855]], '와아~', 0.9469577477028425), ([[761, 827], [881, 827], [881, 863], [761, 863]], '브라질산', 0.7154372930526733), ([[485, 851], [617, 851], [617, 893], [485, 893]], '맛있껏다!', 0.14018697662422525), ([[761, 863], [853, 863], [853, 899], [761, 899]], '소악마', 0.4438108149040495), ([[81, 1939], [285, 1939], [285, 1977], [81, 1977]], '\'표랍습하 ] 품|"', 0.003041523589586698), ([[297, 1939], [379, 1939], [379, 1975], [297, 1975]], '*5*5', 0.16436666250228882)]
[([[1806, 2268], [1941, 2268], [1941, 2346], [1806, 2346]], '묘사', 0.0789711142546866), ([[905, 2364], [1940, 2364], [1940, 2450], [905, 2450]], '특묶시*옷- [*어;~~차/ 소표7 " 지]농권', 0.0001921643132503853), ([[1227, 2468], [1941, 2468], [1941, 2546], [1227, 2546]], '테웨*치 또/)/ ##@로숲차', 0.006672142383154891), ([[1139, 2568], [1944, 2568], [1944, 2644], [1139, 2644]], "죽45*학380 '<906 '3823", 0.0013899453081361048), ([[898, 2670], [1942, 2670], [1942, 2747], [898, 2747]], '^++권:/ /6어갈|+서응어아< ;/-나<나웃어하7/', 2.228101736898965e-06), ([[1382, 2767], [1944, 2767], [1944, 2846], [1382, 2846]], '쭉471*2011/12/30', 0.10041859975447325)]
[([[609, 32], [1809, 32], [1809, 308], [609, 308]], '4236노   우8 >', 0.008024395606078958), ([[571, 1454], [1450, 1454], [1450, 1556], [571, 1556]], '452" \'?/0) \'72-3', 0.11272612491809426), ([[908, 1602], [1109, 1602], [1109, 1713], [908, 1713]], '1스', 0.18995736675036362), ([[315, 2799], [828, 2799], [828, 3035], [315, 3035]], '호(호', 0.059132595358441516)]
[([[215, 5], [483, 5], [483, 67], [215, 67]], '역식자 후기', 0.7976904313210397), ([[480, 62], [556, 62], [556, 92], [480, 92]], '역식자', 0.8328083946720954), ([[567, 61], [680, 61], [680, 91], [567, 91]], '-나6<하*,.', 0.00011392140741005599), ([[38, 96], [254, 96], [254, 128], [38, 128]], '2번째 18금 번역입니다.', 0.9616623292513327), ([[38, 124], [570, 124], [570, 156], [38, 156]], '내용올 어떻게 해석활지논 독자 여러분의 몸으로 맡겁니다.', 0.3610910223182779), ([[114, 892], [232, 892], [232, 920], [114, 920]], '팀 아르카나', 0.9952306580671905), ([[242, 892], [440, 892], [440, 920], [242, 920]], '룹++명/-+즌3적63*<하,교', 1.3065157850635595e-06), ([[490, 892], [586, 892], [586, 918], [490, 918]], '뉴삭2.<아<|', 0.00023947820157579593), ([[166, 918], [260, 918], [260, 950], [166, 950]], '문의 메일', 0.9968728248454349), ([[272, 920], [534, 920], [534, 948], [272, 948]], '+@라악`3,<하,3@9가리;|.<어<', 1.5234606163342995e-06), ([[94, 946], [372, 946], [372, 970], [94, 970]], '모든 저작권은 작가 및 출판사 축에 있습니다', 0.5999441249367805), ([[382, 946], [608, 946], [608, 970], [382, 970]], '2차 배표시 무단 수정올 금지 합니다', 0.7870063857042245), ([[627, 985], [687, 985], [687, 999], [627, 999]], '72 09.02 02;', 0.2582060309064403), ([[443.0220279500418, 889.1638810551212], [493.7775429310856, 894.8663090077201], [489.9779720499582, 923.8361189448788], [439.2224570689144, 917.1336909922799]], '6어9', 0.3241022112777497)]
