558871
41
[([[10, 0], [114, 0], [114, 54], [10, 54]], '7-르', 0.0033151185926247944), ([[0, 35], [351, 35], [351, 193], [0, 193]], '세씨', 0.004520114780496757), ([[30, 194], [70, 194], [70, 226], [30, 226]], '본편', 0.9997908737429317), ([[13, 221], [201, 221], [201, 263], [13, 263]], "'한 밤중의 장난질]", 0.5307816335094617), ([[30, 276], [86, 276], [86, 304], [30, 304]], '오마켓', 0.43394730626780104), ([[23, 303], [149, 303], [149, 339], [23, 339]], '컬러 일러스트', 0.9503968658108807), ([[506, 414], [592, 414], [592, 444], [506, 444]], "'오득@]어골", 5.356015352388738e-05), ([[0.9594617776757075, 371.1094703550758], [64.54190468073672, 382.9092819723593], [56.040538222324294, 427.8905296449242], [-7.54190468073672, 416.0907180276407]], '[)템', 0.002079838855992038), ([[53.019419324309084, 381.0970966215454], [124.79268178139527, 398.5751486595852], [112.98058067569092, 440.9029033784546], [41.20731821860473, 423.4248513404148]], "17시:'", 0.002823740042131171), ([[109.1401328392153, 420.19427896235214], [152.95758125050574, 427.5902736917546], [149.8598671607847, 444.80572103764786], [106.04241874949426, 437.4097263082454]], '18023', 0.16510102152426762)]
[([[0, 31], [79, 31], [79, 119], [0, 119]], '해', 0.9999562506692463), ([[17, 117], [85, 117], [85, 215], [17, 215]], '줄', 0.968372889750416), ([[310, 15], [385, 15], [385, 246], [310, 246]], '셈', 0.003049339785399008), ([[16, 238], [92, 238], [92, 312], [16, 312]], '떼', 0.28225005839491146), ([[28, 316], [78, 316], [78, 410], [28, 410]], '용', 0.8309520637660661)]
[([[22, 122], [310, 122], [310, 694], [22, 694]], '줄', 0.029618551075831556), ([[24, 1022], [318, 1022], [318, 1342], [24, 1342]], '9', 0.8899704318692194), ([[745.4707939792153, 24.005001500490035], [944.7995193713687, -7.585587066507337], [1032.5292060207846, 608.99499849951], [832.2004806286313, 639.5855870665073]], '$', 0.008079380889454202)]
[]
[([[654, 516], [826, 516], [826, 702], [654, 702]], '+돌)', 0.037463834824962274)]
[]
[]
[([[916, 1264], [976, 1264], [976, 1290], [916, 1290]], '-의', 0.22893805931598146)]
[([[304, 162], [396, 162], [396, 194], [304, 194]], '지금 모두들', 0.9734776913652811), ([[292, 190], [410, 190], [410, 222], [292, 222]], '보고 있는거야?', 0.7252671154409822), ([[573, 179], [673, 179], [673, 215], [573, 215]], '오늘 밤에는', 0.5528077620302774), ([[322, 222], [376, 222], [376, 254], [322, 254]], '정말로', 0.999947761616604), ([[584, 212], [672, 212], [672, 244], [584, 244]], '바로 이곳', 0.8518909213190186), ([[304, 250], [402, 250], [402, 282], [304, 282]], '와버로다구?', 0.4104935921066337), ([[513, 241], [675, 241], [675, 277], [513, 277]], '카춧라기 씨 댁에서', 0.6062858569680282), ([[545, 273], [673, 273], [673, 309], [545, 309]], '보내드컵니다~', 0.8358308896109697), ([[807, 287], [875, 287], [875, 327], [807, 327]], '여러분;', 0.5120455026626587), ([[787, 320], [899, 320], [899, 362], [787, 362]], '안녕하세요', 0.9378819090834569), ([[130, 364], [206, 364], [206, 396], [130, 396]], '야 저기', 0.9905085950592316), ([[124, 398], [210, 398], [210, 430], [124, 430]], '너네 둘"', 0.9918261555883497), ([[120, 746], [238, 746], [238, 778], [120, 778]], '라녀, 이제와서', 0.3198349913773663), ([[571, 743], [671, 743], [671, 779], [571, 779]], '역시 관두지', 0.8192270050799915), ([[122, 776], [216, 776], [216, 808], [122, 808]], '착한 척하는', 0.6816274131653184), ([[555, 773], [687, 773], [687, 811], [555, 811]], '않울래? 이런건', 0.449051085607714), ([[122, 808], [198, 808], [198, 838], [122, 838]], '이카리 군', 0.9519417598451766), ([[573, 807], [675, 807], [675, 843], [573, 843]], '증지 않다고', 0.6309078379430941), ([[122, 838], [208, 838], [208, 870], [122, 870]], '입니다만 "', 0.7684131907353975), ([[483, 979], [565, 979], [565, 1015], [483, 1015]], '보다시피', 0.9996827840805054), ([[114, 1004], [190, 1004], [190, 1036], [114, 1036]], '크으으~', 0.2239227592945099), ([[491, 1011], [559, 1011], [559, 1047], [491, 1047]], '탁월하', 0.5910241798856667), ([[97, 1035], [207, 1035], [207, 1071], [97, 1071]], '이런 어른의', 0.7993605438688379), ([[449, 1040], [599, 1040], [599, 1078], [449, 1078]], '선택이없습니다]', 0.3499707531168923), ([[109, 1067], [195, 1067], [195, 1103], [109, 1103]], '미녀하고', 0.8639277451913057), ([[459, 1071], [589, 1071], [589, 1111], [459, 1111]], '과연 믿음직한', 0.8832388970606017), ([[101, 1099], [205, 1099], [205, 1135], [101, 1135]], '동거하다니', 0.9611160689501793), ([[475, 1105], [573, 1105], [573, 1141], [475, 1141]], '나의 친위', 0.9533212973469204), ([[85, 1127], [221, 1127], [221, 1167], [85, 1167]], '너무 부럽잡아', 0.5147804842978123), ([[0, 1544], [254, 1544], [254, 1574], [0, 1574]], '플로적트회 민- 13@-.[8', 0.014315887988257342)]
[([[735, 207], [889, 207], [889, 243], [735, 243]], '전날 남자들끼리의', 0.8612292498726344), ([[748, 240], [878, 240], [878, 272], [748, 272]], '한심한 대회중에', 0.7447171165822088), ([[764, 270], [860, 270], [860, 302], [764, 302]], '화제에 오른', 0.9658518544276307), ([[738, 296], [897, 296], [897, 334], [738, 334]], "'이카리의 보호자인", 0.9848092570869157), ([[731, 329], [871, 329], [871, 365], [731, 365]], '누남의 자능 모습', 0.30627565824276204), ([[762, 362], [864, 362], [864, 394], [762, 394]], '몰래 카메라]', 0.7575271618460345), ([[181, 587], [345, 587], [345, 627], [181, 627]], '하지만 꿈은 꿈으로', 0.9286161249795126), ([[199, 625], [329, 625], [329, 661], [199, 661]], '끝나지 안듣다', 0.27514974312235563), ([[173, 653], [355, 653], [355, 693], [173, 693]], '저희들의 도전 정신은', 0.7519894083314146), ([[171, 687], [357, 687], [357, 725], [171, 725]], '드디어 군제 잠긴 문을', 0.6235466272146929), ([[203, 723], [325, 723], [325, 759], [203, 759]], '열어 젖히는데', 0.5344380264121749), ([[173, 751], [357, 751], [357, 791], [173, 791]], '드이어 성공하습니다', 0.5598296650412409), ([[176, 886], [366, 886], [366, 984], [176, 984]], '가너르', 0.024790008103659344), ([[253, 1069], [587, 1069], [587, 1201], [253, 1201]], '합 밤중의', 0.5103154882725583), ([[577, 1017], [869, 1017], [869, 1260], [577, 1260]], "'장나쟁", 0.07832664251327515), ([[0, 1412], [254, 1412], [254, 1442], [0, 1442]], '플로적트- ^- 13@-.미8', 0.007019684831346498)]
[([[796, 142], [937, 142], [937, 180], [796, 180]], '미사토씨; 정말로', 0.5621428652259568), ([[805, 175], [937, 175], [937, 213], [805, 213]], '안 일어나켓지?', 0.951266831214432), ([[187, 337], [295, 337], [295, 373], [187, 373]], '77예 나오는', 0.0878262986456782), ([[187, 369], [293, 369], [293, 405], [187, 405]], '몰카와 달리', 0.6033830821249265), ([[173, 399], [309, 399], [309, 435], [173, 435]], '만약 일어나다면', 0.8462869731818117), ([[181, 433], [303, 433], [303, 469], [181, 469]], '난리 날데니까', 0.9341630451467146), ([[211, 463], [275, 463], [275, 499], [211, 499]], '말이야', 0.999114337004527), ([[372, 594], [474, 594], [474, 626], [372, 626]], '뭐야 " 분위기', 0.514611884123491), ([[616, 604], [668, 604], [668, 634], [616, 634]], '그러면', 0.9995364057275945), ([[120, 612], [172, 612], [172, 644], [120, 644]], '우오옷', 0.9957481402430807), ([[376, 622], [468, 622], [468, 654], [376, 654]], '못 맛추기념', 0.3957392204545358), ([[867, 609], [1003, 609], [1003, 647], [867, 647]], '오늘은 술의 양울', 0.8406765768311857), ([[118, 638], [190, 638], [190, 668], [118, 668]], '이; 이건이', 0.13092861928753224), ([[576, 630], [668, 630], [668, 662], [576, 662]], '나는 저 쪽에', 0.9769495024218419), ([[855, 641], [1003, 641], [1003, 677], [855, 677]], '제한하지 않있으니', 0.38795587333213044), ([[570, 658], [658, 658], [658, 690], [570, 690]], '가있스데니"', 0.19475647180582348), ([[697, 683], [787, 683], [787, 719], [697, 719]], '문제 없에', 0.7046758175180401), ([[914, 674], [1004, 674], [1004, 706], [914, 706]], '어지간하면', 0.9998662390984002), ([[855, 701], [1005, 701], [1005, 737], [855, 737]], '안 일어날테지만 "', 0.8838662747630287), ([[697, 715], [757, 715], [757, 751], [697, 751]], '미인은', 0.9914149095593767), ([[695, 747], [797, 747], [797, 783], [695, 783]], '미인이니까', 0.9439221467867562), ([[818, 794], [882, 794], [882, 824], [818, 824]], '확실히 "', 0.24878072835705206), ([[818, 822], [890, 822], [890, 854], [818, 854]], '술냄새가', 0.9448749423027039), ([[230, 852], [278, 852], [278, 876], [230, 876]], '그보다', 0.9953159000994253), ([[598, 860], [654, 860], [654, 890], [598, 890]], '여러분', 0.9934824608631323), ([[800, 850], [900, 850], [900, 882], [800, 882]], '장난 아니네', 0.8862286644466398), ([[214, 876], [280, 876], [280, 902], [214, 902]], '이외에도', 0.9219081401824951), ([[292, 872], [352, 872], [352, 900], [292, 900]], '야 임마', 0.9380073547363281), ([[188, 900], [280, 900], [280, 928], [188, 928]], '여러가지 술이', 0.8755307219326189), ([[292, 896], [358, 896], [358, 920], [292, 920]], '치사하다:', 0.3820560382032177), ([[544, 886], [660, 886], [660, 918], [544, 918]], '이결 보십시외', 0.2712363485061248), ([[206, 926], [282, 926], [282, 954], [206, 954]], '물러다니고', 0.8201257284516658), ([[292, 918], [326, 918], [326, 944], [292, 944]], '내가', 0.9997259721891387), ([[566, 914], [662, 914], [662, 944], [566, 944]], '미사토 씨가', 0.9719216398286327), ([[224, 950], [282, 950], [282, 980], [224, 980]], '있잡아?', 0.3736194372177124), ([[292, 940], [360, 940], [360, 968], [292, 968]], '먼저리구', 0.8826060891151428), ([[551, 940], [659, 940], [659, 972], [551, 972]], '마시다가 남긴', 0.9811445315267294), ([[576, 968], [660, 968], [660, 998], [576, 998]], '캠을 발견]', 0.22969158720061977), ([[576, 1080], [640, 1080], [640, 1110], [576, 1110]], '어서 맛을', 0.639741020773917), ([[585, 1105], [629, 1105], [629, 1125], [585, 1125]], '보도록', 0.589608907699585), ([[114, 1112], [182, 1112], [182, 1140], [114, 1140]], '대체 어떤', 0.7523461996903855), ([[116, 1136], [194, 1136], [194, 1166], [116, 1166]], '음주 습관율', 0.3743459735554856), ([[576, 1126], [642, 1126], [642, 1154], [576, 1154]], '하제습다니', 0.16021364499492738), ([[114, 1160], [194, 1160], [194, 1190], [114, 1190]], '갖고 %길래', 0.22504845629600156), ([[343, 1255], [449, 1255], [449, 1291], [343, 1291]], '뭐, 상관없지', 0.6951345304263077), ([[358, 1286], [436, 1286], [436, 1318], [358, 1318]], '남은거나', 0.9907671213150024), ([[356, 1314], [438, 1314], [438, 1346], [356, 1346]], '마서불까]', 0.4102877043233604), ([[394, 1378], [434, 1378], [434, 1410], [394, 1410]], '10', 0.3477279151517883), ([[594, 1456], [620, 1456], [620, 1484], [594, 1484]], '0', 0.933520429320911), ([[149, 1484], [632, 1484], [632, 1538], [149, 1538]], '미성년자의 음주문 법률로 금지되어있습니다', 0.16662036803550848), ([[0, 1541], [255, 1541], [255, 1575], [0, 1575]], '필효렉물회 된역 13.0-._8', 0.014060165488338078)]
[([[508, 110], [586, 110], [586, 142], [508, 142]], '야 임마', 0.9711925387382507), ([[282, 134], [364, 134], [364, 166], [282, 166]], '미사토씨의', 0.985879425178001), ([[508, 138], [586, 138], [586, 170], [508, 170]], '월 만지고', 0.979810248299501), ([[302, 164], [342, 164], [342, 194], [302, 194]], '가슴,', 0.5361400398625032), ([[506, 168], [588, 168], [588, 200], [506, 200]], '있는거야', 0.693070113658905), ([[754, 184], [826, 184], [826, 216], [754, 216]], '우외맛  ', 0.38566687898380175), ([[737, 211], [847, 211], [847, 247], [737, 247]], '이거 어집어질', 0.42278485561645707), ([[754, 244], [824, 244], [824, 272], [754, 272]], '거리네" ', 0.46283624219751907), ([[24, 262], [90, 262], [90, 292], [24, 292]], '뭐 어때', 0.997930387884764), ([[30, 292], [88, 292], [88, 324], [30, 324]], '어자피', 0.5273589923571957), ([[8, 322], [106, 322], [106, 354], [8, 354]], '자고 있으니', 0.7413441390453187), ([[15, 351], [101, 351], [101, 387], [15, 387]], '괜찬잡아?', 0.5826763958744122), ([[140, 456], [236, 456], [236, 560], [140, 560]], '봄', 0.0606969299933271), ([[493, 497], [597, 497], [597, 533], [493, 533]], '숨에 취해세', 0.15513561590248878), ([[192, 524], [246, 524], [246, 582], [192, 582]], '4', 0.9946691698695673), ([[488, 527], [594, 527], [594, 559], [488, 559]], '그러느거나?', 0.9477404964391547), ([[494, 556], [594, 556], [594, 588], [494, 588]], '사내 녀석이', 0.9942495424831802), ([[529, 583], [595, 583], [595, 619], [529, 619]], '합 짓이', 0.459048654876843), ([[28, 630], [128, 630], [128, 660], [28, 660]], '고지식하긴~', 0.939447245237728), ([[510, 616], [594, 616], [594, 648], [510, 648]], '아니라고', 0.9964257408796835), ([[26, 658], [120, 658], [120, 688], [26, 688]], '미사토 씨도', 0.7847398400046298), ([[26, 688], [154, 688], [154, 720], [26, 720]], '어른의 여자니까', 0.9853425429955748), ([[26, 718], [104, 718], [104, 750], [26, 750]], '이 정도는', 0.9892696313094453), ([[26, 746], [144, 746], [144, 778], [26, 778]], '용서해줄거야~', 0.9219849947388625), ([[343, 695], [451, 695], [451, 813], [343, 813]], '74', 0.09550811121715193), ([[748, 846], [804, 846], [804, 878], [748, 878]], '아니면', 0.9995227103134425), ([[734, 874], [814, 874], [814, 906], [734, 906]], '토우지 너,', 0.5519866564297782), ([[138, 888], [198, 888], [198, 920], [138, 920]], '뭐라고', 0.7158441602615218), ([[122, 918], [212, 918], [212, 948], [122, 948]], '오오오오?', 0.9905762171867133), ([[728, 904], [824, 904], [824, 936], [728, 936]], '무서운거나?', 0.994744562425915), ([[441, 1001], [457, 1001], [457, 1027], [441, 1027]], '9', 0.9713897256513206), ([[212, 1070], [278, 1070], [278, 1100], [212, 1100]], '오, 그럼', 0.7114970428053906), ([[203, 1097], [289, 1097], [289, 1133], [203, 1133]], '공범이네?', 0.8496367829043703), ([[846, 1118], [918, 1118], [918, 1150], [846, 1150]], '조아쓰', 0.4549054650367352), ([[41, 1151], [123, 1151], [123, 1189], [41, 1189]], '모처럼의', 0.9870182871818542), ([[837, 1147], [925, 1147], [925, 1183], [837, 1183]], '그럼 나도', 0.6256264630469078), ([[19, 1185], [147, 1185], [147, 1223], [19, 1223]], '기회니까 말야', 0.753998685277906), ([[845, 1179], [919, 1179], [919, 1217], [845, 1217]], '한다앗', 0.4552101872984388), ([[27, 1219], [135, 1219], [135, 1257], [27, 1257]], '즐겨보자고', 0.9479357071124105), ([[2, 1546], [254, 1546], [254, 1574], [2, 1574]], '플로집트회 민- _30-.[8', 0.011917439352953734), ([[298.228115598632, 241.0599398312445], [441.98815164211493, 272.65598954192313], [430.771884401368, 314.9400601687555], [287.01184835788507, 283.34401045807687]], '{하  *안"', 0.009803226564736709)]
[([[533, 77], [615, 77], [615, 113], [533, 113]], '감각으로', 0.6648146816470277), ([[103, 105], [239, 105], [239, 141], [103, 141]], '오오오외 뛰야', 0.6796637353548243), ([[537, 111], [615, 111], [615, 149], [537, 149]], '알켓지?', 0.2922094464302063), ([[121, 137], [217, 137], [217, 177], [121, 177]], '이게 엄청', 0.6602837522812959), ([[843, 143], [987, 143], [987, 183], [843, 183]], '어때? 노브라야', 0.7094684354136521), ([[105, 171], [233, 171], [233, 211], [105, 211]], '부드럽잡아~', 0.5462247770383915), ([[884, 182], [952, 182], [952, 214], [884, 214]], '노브리', 0.5310913920402527), ([[19, 229], [109, 229], [109, 333], [19, 333]], '2', 0.22737438598652293), ([[61, 463], [151, 463], [151, 499], [61, 499]], '미사토 씨,', 0.663380483545156), ([[861, 284], [996, 284], [996, 504], [861, 504]], '톤', 0.03827043188185919), ([[63, 495], [149, 495], [149, 535], [63, 535]], '정말정말', 0.9994258101376481), ([[55, 527], [159, 527], [159, 569], [55, 569]], '죄송합니다', 0.9700603902235828), ([[632, 809], [728, 809], [728, 845], [632, 845]], '이것 좀 뵈', 0.3847072081627004), ([[55, 827], [145, 827], [145, 863], [55, 863]], '후오오오', 0.6068569421768188), ([[523, 827], [599, 827], [599, 863], [523, 863]], '과 과연', 0.8226186289381495), ([[633, 841], [733, 841], [733, 877], [633, 877]], '이렇계 하면', 0.7550492749907601), ([[48, 860], [150, 860], [150, 892], [48, 892]], '미사토 씨의', 0.9759241618077202), ([[535, 861], [597, 861], [597, 899], [535, 899]], '거기록', 0.6360643757795569), ([[633, 871], [787, 871], [787, 907], [633, 907]], '젖꼭지의 위치까지', 0.9566033149741786), ([[65, 887], [135, 887], [135, 923], [65, 923]], '젖꼭지,', 0.7886675000190735), ([[469, 893], [599, 893], [599, 933], [469, 933]], '자극하면 발딱', 0.9675396806725015), ([[633, 903], [739, 903], [739, 939], [633, 939]], '다 보인다고', 0.5215784614959312), ([[57, 919], [143, 919], [143, 955], [57, 955]], '마치 고무', 0.9992695945399516), ([[505, 931], [599, 931], [599, 967], [505, 967]], '일어설까?', 0.9402234687446022), ([[59, 949], [141, 949], [141, 987], [59, 987]], '같아아!', 0.9510160684585571), ([[377, 939], [443, 939], [443, 977], [377, 977]], '좋아""', 0.3797478675842285), ([[377, 973], [441, 973], [441, 1009], [377, 1009]], '그러면', 0.9982519679058638), ([[377, 1005], [479, 1005], [479, 1043], [377, 1043]], '시험해보자', 0.9986787185733375), ([[290, 1380], [318, 1380], [318, 1432], [290, 1432]], '응', 0.9947947228569234), ([[752, 1312], [914, 1312], [914, 1460], [752, 1460]], '넷{', 0.17720237902984728), ([[161, 1551], [227, 1551], [227, 1571], [161, 1571]], '1330기].', 0.00847686509710789), ([[261.5630812614258, 1170.019126380254], [297.3393517514632, 1153.0115292534906], [360.4369187385742, 1293.980873619746], [324.6606482485368, 1309.9884707465094]], '?', 0.666174004314005)]
[([[326, 120], [410, 120], [410, 150], [326, 150]], '지; 진정해', 0.7392747025916524), ([[592, 122], [632, 122], [632, 150], [592, 150]], '하익', 0.7831657203942807), ([[326, 146], [382, 146], [382, 178], [326, 178]], '토우지', 0.9543224774169481), ([[550, 148], [638, 148], [638, 180], [550, 180]], '죄송합니다', 0.8920310370601126), ([[685, 155], [763, 155], [763, 195], [685, 195]], '크러액', 0.6873884511250098), ([[328, 174], [366, 174], [366, 204], [328, 204]], '그냥', 0.9998936230116336), ([[560, 176], [638, 176], [638, 208], [560, 208]], '정말 죄송', 0.9954124835763675), ([[326, 200], [384, 200], [384, 232], [326, 232]], '잠교대', 0.835464497381944), ([[573, 201], [639, 201], [639, 237], [573, 237]], '합니다]', 0.5952277779579163), ([[326, 228], [406, 228], [406, 260], [326, 260]], '하느거야', 0.9567095637321472), ([[924, 1180], [996, 1180], [996, 1212], [924, 1212]], '아; 아직', 0.6836885410399519), ([[900, 1205], [997, 1205], [997, 1243], [900, 1243]], '한쪽밖에는', 0.8171945655513128), ([[914, 1238], [996, 1238], [996, 1270], [914, 1270]], '안 드러낫', 0.17281507198247686), ([[946, 1268], [996, 1268], [996, 1300], [946, 1300]], '잖아]', 0.08758640219898779), ([[152, 1236], [304, 1236], [304, 1436], [152, 1436]], '기', 0.6047461023617338), ([[740, 1344], [820, 1344], [820, 1376], [740, 1376]], '그  그래', 0.9431974823790467), ([[363, 1373], [441, 1373], [441, 1415], [363, 1415]], '에이앗', 0.4735629899333673), ([[748, 1374], [812, 1374], [812, 1406], [748, 1406]], '그렇지]', 0.4192369282245636), ([[744, 1402], [814, 1402], [814, 1432], [744, 1432]], '어; 어서', 0.7304282776828609), ([[739, 1427], [819, 1427], [819, 1463], [739, 1463]], '반대쪽되', 0.9696058034896851), ([[199.9950460742126, 646.0460022089173], [362.5499794452417, 683.8858494408623], [337.0049539257874, 776.9539977910827], [175.45002055475828, 739.1141505591377]], "'@ ", 0.18809582162513921)]
[([[176, 940], [240, 940], [240, 972], [176, 972]], '아이건', 0.45740028324840143), ([[502, 950], [618, 950], [618, 982], [502, 982]], '아앗, 너 임매', 0.4936182645917178), ([[157, 965], [259, 965], [259, 1001], [157, 1001]], '소장용이야]', 0.5670820180446428), ([[554, 980], [616, 980], [616, 1012], [554, 1012]], '월 찍고', 0.468667409545643), ([[849, 965], [939, 965], [939, 1001], [849, 1001]], '이" 이건', 0.6667788008445091), ([[55, 999], [139, 999], [139, 1035], [55, 1035]], '웃기지마]', 0.528378372241145), ([[160, 996], [256, 996], [256, 1028], [160, 1028]], '반 애들에젠', 0.13490650338566845), ([[535, 1005], [619, 1005], [619, 1041], [535, 1041]], '있는거야', 0.17447692155838013), ([[860, 1002], [928, 1002], [928, 1034], [860, 1034]], '너너무', 0.9866013526916504), ([[55, 1027], [117, 1027], [117, 1063], [55, 1063]], '나중에', 0.9886295003567979), ([[176, 1026], [240, 1026], [240, 1056], [176, 1056]], '안 보여', 0.9991466403007507), ([[831, 1033], [959, 1033], [959, 1071], [831, 1071]], '굉장하잡아  !', 0.4823402754304411), ([[56, 1058], [130, 1058], [130, 1088], [56, 1088]], '나메제도', 0.2050601989030838), ([[165, 1051], [249, 1051], [249, 1087], [165, 1087]], '줄거라고', 0.9758231043815613), ([[56, 1086], [154, 1086], [154, 1118], [56, 1118]], '넘겨달라고', 0.97881155975185), ([[532, 1206], [618, 1206], [618, 1238], [532, 1238]], '그럼 좋아', 0.4849805545135893), ([[515, 1233], [617, 1233], [617, 1265], [515, 1265]], '나는 그 맛을', 0.9758001822944089), ([[306, 1252], [384, 1252], [384, 1284], [306, 1284]], '야 임마', 0.6392509635837863), ([[554, 1262], [618, 1262], [618, 1294], [554, 1294]], '보켓어', 0.7384053267330422), ([[112, 1362], [194, 1362], [194, 1442], [112, 1442]], '다', 0.04458453246700689), ([[156, 1548], [220, 1548], [220, 1572], [156, 1572]], '13.0-', 0.1050552302935123)]
[([[396, 102], [440, 102], [440, 134], [396, 134]], '아아', 0.9954955403470681), ([[384, 132], [454, 132], [454, 164], [384, 164]], '나; 지금', 0.882219194433635), ([[372, 162], [468, 162], [468, 194], [372, 194]], '미사토 씨의', 0.796686646006966), ([[164, 176], [264, 176], [264, 208], [164, 208]], '게다가 나는', 0.994090462010654), ([[155, 205], [271, 205], [271, 241], [155, 241]], '이 각선미라도', 0.996713924568148), ([[379, 191], [459, 191], [459, 227], [379, 227]], '젖흘 빨고', 0.25164133015811635), ([[389, 221], [449, 221], [449, 257], [389, 257]], '있어~', 0.9029682961661862), ([[183, 237], [245, 237], [245, 273], [183, 273]], '즐등수', 0.10813411105585496), ([[161, 265], [267, 265], [267, 305], [161, 305]], '있을거 같아', 0.24410258394702436), ([[342, 546], [454, 546], [454, 576], [342, 576]], '저 사람이 과연', 0.7281062238170012), ([[936, 544], [992, 544], [992, 576], [936, 576]], '여러분', 0.999232841415327), ([[342, 574], [434, 574], [434, 606], [342, 606]], '그 열혈소년', 0.16720039914911577), ([[918, 574], [996, 574], [996, 606], [918, 606]], '저 유치한', 0.6150771856156145), ([[344, 602], [450, 602], [450, 634], [344, 634]], '스포하라 군이', 0.6005301719525321), ([[940, 604], [994, 604], [994, 636], [940, 636]], '모습올', 0.6270229143890248), ([[342, 630], [422, 630], [422, 662], [342, 662]], '맞울까요?', 0.9128620343986322), ([[920, 634], [996, 634], [996, 666], [920, 666]], '보십시외', 0.8578057885169983), ([[67, 781], [145, 781], [145, 819], [67, 819]], '마음대로', 0.9996591210365295), ([[904, 780], [998, 780], [998, 812], [904, 812]], '시 시끄러', 0.886179062530376), ([[73, 813], [135, 813], [135, 849], [73, 849]], '하라구', 0.9998145863645451), ([[347, 807], [445, 807], [445, 845], [347, 845]], '너가 가슴을', 0.8303622814785245), ([[940, 808], [996, 808], [996, 840], [940, 840]], '그러느', 0.32549866961872603), ([[57, 845], [159, 845], [159, 881], [57, 881]], '이 매니약한', 0.679618838787882), ([[348, 842], [422, 842], [422, 874], [348, 874]], '독점하고', 0.9956766963005066), ([[896, 836], [998, 836], [998, 868], [896, 868]], '너는 월 하고', 0.5498307518553279), ([[68, 878], [142, 878], [142, 910], [68, 910]], '녀석야-', 0.7554683685302734), ([[347, 869], [463, 869], [463, 905], [347, 905]], '있으니 어절수', 0.4181061262147021), ([[918, 864], [998, 864], [998, 896], [918, 896]], '있는거야', 0.281393826007843), ([[348, 902], [416, 902], [416, 934], [348, 934]], '없잡아?', 0.5691060423851013), ([[869, 1035], [947, 1035], [947, 1071], [869, 1071]], '아아아~', 0.9832479357719421), ([[59, 1077], [113, 1077], [113, 1115], [59, 1115]], '섞어', 0.8044964287287057), ([[857, 1067], [959, 1067], [959, 1103], [857, 1103]], '미사토 씨의', 0.9896996361490787), ([[45, 1109], [131, 1109], [131, 1147], [45, 1147]], '젖꼭지가', 0.8732865452766418), ([[873, 1097], [941, 1097], [941, 1135], [873, 1135]], '짝 뻔은', 0.5531733571901783), ([[65, 1141], [111, 1141], [111, 1177], [65, 1177]], '발딱', 0.9108011077823636), ([[853, 1131], [965, 1131], [965, 1167], [853, 1167]], '미곤~미곤한', 0.7989095777727226), ([[41, 1173], [133, 1173], [133, 1211], [41, 1211]], '일어섯어', 0.5717043876647949), ([[868, 1164], [950, 1164], [950, 1196], [868, 1196]], '다리가~', 0.9412393787369078), ([[578, 1310], [682, 1310], [682, 1432], [578, 1432]], ':', 0.03975402853914378), ([[171, 1555], [251, 1555], [251, 1571], [171, 1571]], '30_.-@', 0.004040706547354732), ([[879.1299778141514, 383.1289267866996], [902.772987951681, 377.10129518119624], [913.8700221858486, 421.8710732133004], [889.227012048319, 427.89870481880376]], '코', 0.14730731264764074), ([[353.5432859185415, 1255.1337439601243], [400.58665154428843, 1214.0215389976772], [488.4567140814585, 1324.8662560398757], [441.41334845571157, 1365.9784610023228]], '술', 0.06269959624211197)]
[([[896, 226], [928, 226], [928, 252], [896, 252]], '아;', 0.30400011501184643), ([[829, 529], [947, 529], [947, 569], [829, 569]], '뛰지 이전 "', 0.5975541596194788), ([[872, 568], [906, 568], [906, 600], [872, 600]], '나,', 0.8298193277869663), ([[833, 595], [943, 595], [943, 637], [833, 637]], '누군가에게', 0.8460714224703255), ([[855, 633], [923, 633], [923, 669], [855, 669]], '안기고', 0.9744165539741516), ([[849, 667], [931, 667], [931, 705], [849, 705]], '있어"?', 0.489266961812973), ([[135, 717], [231, 717], [231, 757], [135, 757]], '카지 군 ', 0.6695223706239153), ([[172, 754], [196, 754], [196, 786], [172, 786]], '은', 0.9998807942631629), ([[141, 785], [229, 785], [229, 823], [141, 823]], '아니야 ', 0.5586013793945312), ([[145, 819], [225, 819], [225, 857], [145, 857]], '누구지?', 0.9964199066162109), ([[763, 1245], [851, 1245], [851, 1281], [763, 1281]], '이 서류른', 0.20581582075537233), ([[581, 1245], [645, 1245], [645, 1327], [581, 1327]], '%', 0.2938276410578169), ([[776, 1278], [838, 1278], [838, 1310], [776, 1310]], '애무"', 0.9676726412405339), ([[145, 1347], [189, 1347], [189, 1383], [145, 1383]], '혹시', 0.9998096701376553), ([[125, 1379], [207, 1379], [207, 1415], [125, 1415]], '신지 군?', 0.9464669989367421), ([[576, 1422], [604, 1422], [604, 1478], [576, 1478]], '7', 0.007083579072342305), ([[0, 1544], [254, 1544], [254, 1575], [0, 1575]], '플콤질물회 벤- 13@.[8', 0.01208359690533052)]
[([[631, 35], [683, 35], [683, 71], [631, 71]], '어이', 0.9107209769778779), ([[497, 71], [545, 71], [545, 109], [497, 109]], '아양', 0.837715797816157), ([[625, 65], [695, 65], [695, 101], [625, 101]], '토우지!', 0.4545545279979706), ([[619, 95], [697, 95], [697, 131], [619, 131]], '야 임마', 0.9569632980089084), ([[621, 125], [693, 125], [693, 161], [621, 161]], '토우지:', 0.25952813029289246), ([[15, 287], [111, 287], [111, 323], [15, 323]], '대체 뛰야?', 0.9128951956740797), ([[28, 322], [96, 322], [96, 354], [28, 354]], '난 지금', 0.9991070032119751), ([[17, 351], [109, 351], [109, 387], [17, 387]], '젖꼭지하고', 0.8914407264289578), ([[16, 384], [110, 384], [110, 416], [16, 416]], '얘기하느라', 0.9762723337103699), ([[22, 416], [104, 416], [104, 448], [22, 448]], '바쁘다고', 0.7770076990127563), ([[565, 431], [603, 431], [603, 497], [565, 497]], '예', 0.03325819987429757), ([[256, 628], [342, 628], [342, 660], [256, 660]], '미사토 씨', 0.987546152537279), ([[407, 634], [537, 634], [537, 672], [407, 672]], '지금 그럴때가', 0.8650732355214821), ([[278, 662], [320, 662], [320, 694], [278, 694]], '지금', 0.999943523690109), ([[409, 667], [519, 667], [519, 703], [409, 703]], '아니라니깐', 0.9170793025875029), ([[262, 692], [340, 692], [340, 724], [262, 724]], '노괜티야', 0.3825727105140686), ([[405, 697], [493, 697], [493, 735], [405, 735]], '굉장한결', 0.448495477437973), ([[409, 729], [519, 729], [519, 767], [409, 767]], '알아내다구', 0.4568148224705841), ([[888, 946], [958, 946], [958, 978], [888, 978]], '자; 화화', 0.29854058014164275), ([[889, 975], [959, 975], [959, 1011], [889, 1011]], '양쪽 다', 0.6663638353347778), ([[869, 1005], [977, 1005], [977, 1045], [869, 1045]], '발딱 섞다고', 0.6513815919955845), ([[252, 1190], [300, 1190], [300, 1222], [252, 1222]], '아냐', 0.9997498254739247), ([[225, 1219], [331, 1219], [331, 1255], [225, 1255]], '틀림없대뒤', 0.9338444716798749), ([[233, 1249], [321, 1249], [321, 1285], [233, 1285]], '어디 한번', 0.9312659320804882), ([[223, 1279], [333, 1279], [333, 1315], [223, 1315]], '확인해불까? ', 0.49714360466879404), ([[851, 1275], [969, 1275], [969, 1311], [851, 1311]], '바 바보내?', 0.7312510351004549), ([[869, 1307], [955, 1307], [955, 1343], [869, 1343]], '그럴리가', 0.5657581090927124), ([[719, 1307], [803, 1307], [803, 1397], [719, 1397]], '그', 0.6489391939123976), ([[873, 1337], [949, 1337], [949, 1377], [873, 1377]], '없잡아', 0.6912153565156705), ([[76, 1368], [152, 1368], [152, 1400], [76, 1400]], '조, 좋아', 0.728590628456653), ([[76, 1398], [152, 1398], [152, 1430], [76, 1430]], '해불테면', 0.5494422912597656), ([[94, 1426], [138, 1426], [138, 1456], [94, 1456]], '어디', 0.9997455268131163), ([[72, 1454], [156, 1454], [156, 1484], [72, 1484]], '해보라고', 0.9584830403327942), ([[149, 1551], [231, 1551], [231, 1569], [149, 1569]], '스돌_ @바룩', 0.005857258132526436)]
[([[282, 136], [392, 136], [392, 168], [282, 168]], '이렇제 법니다', 0.4824950505976348), ([[881, 119], [961, 119], [961, 159], [881, 159]], '조 좋아', 0.997470553442806), ([[296, 166], [380, 166], [380, 196], [296, 196]], '미사토 씨', 0.6632411852649372), ([[864, 156], [976, 156], [976, 188], [864, 188]], '그러면 간다]', 0.3700553050401035), ([[486, 368], [538, 368], [538, 400], [486, 400]], '그래]', 0.3575132426460695), ([[473, 395], [547, 395], [547, 435], [473, 435]], '가라맛', 0.7171580419258342), ([[239, 519], [289, 519], [289, 555], [239, 555]], '하나,', 0.6328535676002502), ([[231, 551], [279, 551], [279, 591], [231, 591]], '두울', 0.9929530922255131), ([[787, 839], [853, 839], [853, 883], [787, 883]], '세앗', 0.563945053556698)]
[([[38, 76], [225, 76], [225, 167], [38, 167]], '우아아아', 0.7503730654716492), ([[54, 147], [201, 147], [201, 231], [54, 231]], '아아아', 0.7455562720989907), ([[54, 220], [194, 220], [194, 294], [54, 294]], '아아아', 0.9090374012714195), ([[26, 282], [212, 282], [212, 368], [26, 368]], "'아아아아", 0.7981791664772145), ([[42, 354], [188, 354], [188, 428], [42, 428]], '아아]]', 0.6382557974420336), ([[897, 345], [1009, 345], [1009, 527], [897, 527]], '내', 0.1144488188074888), ([[237, 611], [335, 611], [335, 647], [237, 647]], '우~응 뛰얘', 0.29120857047475046), ([[354, 608], [422, 608], [422, 640], [354, 640]], '아; 팬편', 0.48561654919811825), ([[849, 603], [971, 603], [971, 641], [849, 641]], '시, 시끄러워]', 0.8115958917550176), ([[274, 644], [320, 644], [320, 674], [274, 674]], '팬팬 .', 0.11878768354654312), ([[356, 638], [442, 638], [442, 670], [356, 670]], '먹이주는결', 0.6715379862570945), ([[865, 635], [951, 635], [951, 671], [865, 671]], '조용히 좀', 0.9959864707674231), ([[253, 671], [331, 671], [331, 707], [253, 707]], '한창 좋월', 0.51663849048904), ([[353, 665], [427, 665], [427, 701], [353, 701]], "'깜짝햇네", 0.41898507907953375), ([[854, 666], [966, 666], [966, 698], [854, 698]], '하라고오왜:', 0.14238121494252437), ([[258, 702], [320, 702], [320, 734], [258, 734]], '때인데"', 0.7891949415206909), ([[690, 706], [806, 706], [806, 742], [690, 742]], '위험해애앗!', 0.8496321779517748), ([[849, 697], [969, 697], [969, 733], [849, 733]], '이바보 핑권!', 0.3916381074626078), ([[704, 740], [788, 740], [788, 770], [704, 770]], '미사토 씨,', 0.9810661545160964), ([[675, 767], [801, 767], [801, 805], [675, 805]], '내일어나켓어!', 0.07621257419057455), ([[28, 788], [68, 788], [68, 818], [28, 818]], '으아', 0.917087005929234), ([[26, 816], [92, 816], [92, 846], [26, 846]], '아아앗~', 0.6574148535728455), ([[26, 842], [90, 842], [90, 874], [26, 874]], '안되애]', 0.14537940919399261), ([[283, 939], [355, 939], [355, 1007], [283, 1007]], '"', 0.010858624034750852), ([[534, 970], [640, 970], [640, 1000], [534, 1000]], '이카리 미안]', 0.37333214792771585), ([[842, 966], [952, 966], [952, 998], [842, 998]], '신지, 잘 있어!', 0.18130802877596566), ([[114, 996], [186, 996], [186, 1028], [114, 1028]], '에? 벌써', 0.9979016170514471), ([[532, 996], [642, 996], [642, 1028], [532, 1028]], '나중에 제대로', 0.6025498153584387), ([[860, 994], [932, 994], [932, 1026], [860, 1026]], '우리들은', 0.9031012254505213), ([[116, 1026], [186, 1026], [186, 1058], [116, 1058]], '돌아가는', 0.6687583527567761), ([[530, 1022], [642, 1022], [642, 1054], [530, 1054]], '사과활테니까', 0.561731202044581), ([[858, 1022], [936, 1022], [936, 1052], [858, 1052]], '도망간다]', 0.5739507558331942), ([[126, 1054], [176, 1054], [176, 1086], [126, 1086]], '거야?', 0.9992761971580293), ([[868, 1050], [926, 1050], [926, 1080], [868, 1080]], '뒷처리', 0.9573898658554387), ([[849, 1073], [945, 1073], [945, 1109], [849, 1109]], '잘부탁함게]', 0.15472740525129855), ([[721, 1309], [873, 1309], [873, 1351], [721, 1351]], '뭐하러 온거야?', 0.8631417248725205), ([[727, 1349], [861, 1349], [861, 1389], [727, 1389]], '저 두사람은 ', 0.9392862156770885), ([[76, 1288], [200, 1288], [200, 1484], [76, 1484]], '흙', 0.04283862517198345), ([[111, 1549], [147, 1549], [147, 1569], [111, 1569]], '^음', 0.023897518869641865)]
[([[93, 89], [183, 89], [183, 127], [93, 127]], '어라아~', 0.9703874588012695), ([[95, 123], [181, 123], [181, 163], [95, 163]], '나; 언제', 0.8653575370911958), ([[75, 161], [199, 161], [199, 203], [75, 203]], '잠들없없지?', 0.9268287358586283), ([[896, 166], [924, 166], [924, 204], [896, 204]], '음', 0.9970072283368268), ([[873, 201], [967, 201], [967, 241], [873, 241]], '신지 군?', 0.9990286526994075), ([[458, 372], [506, 372], [506, 436], [458, 436]], '0', 0.5662139961495996), ([[867, 841], [973, 841], [973, 877], [867, 877]], '이거 언제나', 0.9865724209847411), ([[879, 873], [959, 873], [959, 911], [879, 911]], '보살껴만', 0.2114240825176239), ([[643, 909], [687, 909], [687, 947], [643, 947]], '"응?', 0.9896702716687948), ([[859, 905], [977, 905], [977, 941], [859, 941]], '받아서 미안~', 0.9913851713336214), ([[619, 941], [699, 941], [699, 977], [619, 977]], '왜 그래?', 0.9638988842142306), ([[60, 1112], [152, 1112], [152, 1142], [60, 1142]], '아 아니]', 0.5383683942413322), ([[580, 1082], [604, 1082], [604, 1188], [580, 1188]], '퍽', 0.01674753783509808), ([[84, 1140], [128, 1140], [128, 1172], [84, 1172]], '제가', 0.9986186216289401), ([[64, 1170], [148, 1170], [148, 1202], [64, 1202]], '그런게"!', 0.8121067064037084), ([[274, 1106], [302, 1106], [302, 1276], [274, 1276]], '7', 0.012127559446046599), ([[968, 1214], [994, 1214], [994, 1304], [968, 1304]], '퍽', 0.012977305396696615), ([[225, 1553], [253, 1553], [253, 1569], [225, 1569]], '18', 0.7512379890790477), ([[200.22811559863194, 197.0599398312445], [236.6909801595573, 186.04797552317257], [259.771884401368, 270.9400601687555], [223.3090198404427, 281.95202447682743]], '로', 0.062494844304556096)]
[([[762, 110], [852, 110], [852, 142], [762, 142]], '아니에요"', 0.9973339794479026), ([[539, 127], [631, 127], [631, 163], [539, 163]], '그런건가~', 0.9986322764336732), ([[772, 140], [844, 140], [844, 170], [772, 170]], '저, 저논', 0.6811000457164335), ([[533, 159], [635, 159], [635, 195], [533, 195]], '내 잠버릇이', 0.8569893225552816), ([[758, 168], [860, 168], [860, 200], [758, 200]], '아무것도"!', 0.41026541399338545), ([[589, 191], [633, 191], [633, 227], [589, 227]], '결국', 0.9595141668926443), ([[51, 219], [197, 219], [197, 259], [51, 259]], '부끄러운 모습올', 0.9454829140903515), ([[537, 221], [633, 221], [633, 257], [537, 257]], '이런데까지', 0.996494168831983), ([[670, 222], [708, 222], [708, 252], [670, 252]], '대체', 0.9999638381954854), ([[905, 217], [985, 217], [985, 257], [905, 257]], '자, 잠깐', 0.9957902891116701), ([[59, 257], [187, 257], [187, 293], [59, 293]], '보여서 미안해', 0.9188386089879229), ([[521, 253], [633, 253], [633, 289], [521, 289]], '와버린건가~', 0.8340847632824913), ([[670, 248], [744, 248], [744, 280], [670, 280]], '무슨 짓율', 0.786087928763112), ([[913, 253], [977, 253], [977, 289], [913, 289]], '마안-', 0.7120167126632917), ([[670, 276], [740, 276], [740, 304], [670, 304]], '벌인거야', 0.9954690933227539), ([[87, 291], [159, 291], [159, 327], [87, 327]], '신지군', 0.9997729480783198), ([[690, 300], [752, 300], [752, 332], [690, 332]], '두사람픽', 0.2027018517255783), ([[901, 287], [989, 287], [989, 325], [901, 325]], '신지 군?', 0.9918575061261407), ([[749, 371], [773, 371], [773, 389], [749, 389]], '00', 0.19848380778164754), ([[45, 463], [119, 463], [119, 499], [45, 499]], '아니"!', 0.5016351938247681), ([[46, 496], [118, 496], [118, 528], [46, 528]], '그게:!', 0.4317091107368469), ([[855, 995], [933, 995], [933, 1035], [855, 1035]], '\'"라니,', 0.6421985422405638), ([[841, 1029], [941, 1029], [941, 1073], [841, 1073]], '그렇리가', 0.5937866568565369), ([[106, 1000], [138, 1000], [138, 1168], [106, 1168]], '8', 0.05740177777371347), ([[846, 1066], [936, 1066], [936, 1114], [846, 1114]], '없잡아', 0.8407464732549904), ([[45, 1373], [99, 1373], [99, 1413], [45, 1413]], '으흙', 0.5010923803028089), ([[640, 1358], [712, 1358], [712, 1460], [640, 1460]], '4', 0.6772761429093777), ([[716, 1370], [894, 1370], [894, 1540], [716, 1540]], '넥', 0.35263971957716933)]
[([[207, 143], [339, 143], [339, 185], [207, 185]], '남자애인걸~', 0.9865103553671926), ([[811, 131], [903, 131], [903, 173], [811, 173]], '활까나~', 0.2729945778846741), ([[203, 181], [345, 181], [345, 223], [203, 223]], '무리도 아니지', 0.9966698286702169), ([[789, 169], [927, 169], [927, 211], [789, 211]], '별로 화나지는', 0.8316737851395657), ([[805, 205], [911, 205], [911, 249], [805, 249]], '않앉다구?', 0.7554557985227808), ([[89, 275], [161, 275], [161, 317], [89, 317]], '언제나', 0.9999206446025802), ([[57, 313], [201, 313], [201, 357], [57, 357]], '나; 보살펴취서', 0.5402096155399121), ([[81, 355], [169, 355], [169, 393], [81, 393]], '고마워~', 0.9971990585327148), ([[153, 721], [203, 721], [203, 765], [153, 765]], '우옛', 0.06884048414854425), ([[826, 718], [900, 718], [900, 800], [826, 800]], '"', 0.11630890180956399), ([[429, 771], [481, 771], [481, 813], [429, 813]], '와앗', 0.38495342119456155), ([[913, 745], [973, 745], [973, 815], [913, 815]], '9', 0.0712695961434271), ([[532, 896], [660, 896], [660, 928], [532, 928]], '에이 시시해~', 0.9242810080064044), ([[881, 887], [1005, 887], [1005, 923], [881, 923]], '아하 그렇군~', 0.8099384002238773), ([[365, 927], [493, 927], [493, 967], [365, 967]], '남의 젖꼭지름', 0.5336866808236299), ([[529, 925], [633, 925], [633, 961], [529, 961]], '나한데 말만', 0.9548883222944926), ([[897, 915], [1006, 915], [1006, 954], [897, 954]], '왜 그냥 계속', 0.9537018504568766), ([[341, 961], [495, 961], [495, 999], [341, 999]], '이렇계 발딱 서게', 0.5605493391974367), ([[529, 957], [649, 957], [649, 993], [529, 993]], '햇으면 마음껏', 0.9836002027454849), ([[946, 952], [1004, 952], [1004, 984], [946, 984]], '마시게', 0.7375805127910205), ([[421, 993], [493, 993], [493, 1029], [421, 1029]], '하고는', 0.7659621369355256), ([[531, 989], [643, 989], [643, 1025], [531, 1025]], '서비스해쥐올', 0.26285121943026474), ([[871, 981], [1007, 981], [1007, 1017], [871, 1017]], '그냥 내버려두나', 0.6775847793683996), ([[391, 1025], [493, 1025], [493, 1061], [391, 1061]], '아니라고는', 0.8815631792198914), ([[531, 1021], [649, 1021], [649, 1057], [531, 1057]], '텔데 말이야~', 0.3254850381843313), ([[927, 1013], [1005, 1013], [1005, 1049], [927, 1049]], '싶없터니', 0.20811587572097778), ([[359, 1053], [493, 1053], [493, 1093], [359, 1093]], '말하지 못할걸', 0.6164301124151748), ([[885, 1041], [1007, 1041], [1007, 1079], [885, 1079]], '엉금한 목적이', 0.6074962508288942), ([[917, 1075], [1007, 1075], [1007, 1111], [917, 1111]], '있엇구나?', 0.34925394858341874), ([[38, 1270], [150, 1270], [150, 1302], [38, 1302]], '에바의 조증에', 0.4892606650816179), ([[440, 1270], [494, 1270], [494, 1302], [440, 1302]], '정말로', 0.9999077055544678), ([[20, 1300], [164, 1300], [164, 1332], [20, 1332]], '학교에; 가사일에"', 0.5456926132154317), ([[402, 1298], [494, 1298], [494, 1330], [402, 1330]], '신경 안씨도', 0.6315685109019381), ([[62, 1330], [126, 1330], [126, 1362], [62, 1362]], '신지 군', 0.9891646504402161), ([[433, 1325], [493, 1325], [493, 1361], [433, 1361]], '괜찮아', 0.8741185665531884), ([[550, 1324], [628, 1324], [628, 1356], [550, 1356]], '그러니까', 0.9969424605369568), ([[24, 1357], [165, 1357], [165, 1390], [24, 1390]], '엄청 고생하잡아이', 0.362454221758698), ([[554, 1354], [622, 1354], [622, 1386], [554, 1386]], '그게"', 0.43336888906992016), ([[80, 1546], [252, 1546], [252, 1572], [80, 1572]], '장파 민역 23 07518', 0.012853968720781907), ([[777.0298574998546, 970.1194299994187], [804.4901062880106, 950.0301390671143], [852.9701425001454, 1017.8805700005813], [825.5098937119894, 1038.9698609328857]], '흙', 0.04502151741895255), ([[67.31485596425303, 1101.0392468890013], [109.52890643378261, 1088.0233572982565], [140.685144035747, 1199.9607531109987], [99.47109356621739, 1212.9766427017435]], '동', 0.07552131483901636)]
[([[65, 85], [309, 85], [309, 129], [65, 129]], '예액" 요, 용서받앉다?', 0.6255995562570583), ([[123, 123], [249, 123], [249, 165], [123, 165]], '내가 하느전', 0.4005827223839651), ([[879, 137], [961, 137], [961, 173], [879, 173]], '앞으로는', 0.9547802805900574), ([[103, 159], [263, 159], [263, 203], [103, 203]], '괜찮은거구나""', 0.637303195190331), ([[865, 167], [973, 167], [973, 207], [865, 207]], '하고 싶은계', 0.707765852991043), ([[367, 189], [465, 189], [465, 229], [367, 229]], '신지 군의', 0.9827638046741732), ([[855, 201], [983, 201], [983, 241], [855, 241]], '있으면 뭐튼지', 0.573881126279416), ([[63, 233], [309, 233], [309, 277], [63, 277]], '돼지 렌스계랑 토우지가', 0.1741058607996635), ([[367, 227], [477, 227], [477, 265], [367, 265]], '리레스트에', 0.3047114159843745), ([[859, 237], [977, 237], [977, 275], [859, 275]], '말해주리구0', 0.4508128959604703), ([[64, 272], [307, 272], [307, 315], [64, 315]], '햇다고는 말하지 안느계', 0.3057794843999956), ([[365, 263], [473, 263], [473, 303], [365, 303]], '내가니이%', 0.23826645738965752), ([[62, 305], [309, 305], [309, 354], [62, 354]], '나을것 같은 분위기가""', 0.2907311361931533), ([[364, 298], [496, 298], [496, 342], [364, 342]], '응해출데니0', 0.17446959154568228), ([[825, 915], [935, 915], [935, 951], [825, 951]], '그건 그렇고', 0.9866501210646743), ([[83, 957], [147, 957], [147, 999], [83, 999]], '예옛?', 0.8666902165223752), ([[837, 949], [927, 949], [927, 985], [837, 985]], '나만 전부', 0.6270122168563455), ([[821, 979], [943, 979], [943, 1019], [821, 1019]], '보여마다는건', 0.3566595300471886), ([[847, 1015], [919, 1015], [919, 1053], [847, 1053]], '돼지 좀', 0.24062594022661923), ([[815, 1047], [951, 1047], [951, 1087], [815, 1087]], '불공평한결~?', 0.7134581745341169), ([[185, 1173], [341, 1173], [341, 1215], [185, 1215]], '와약] 잠깐만요', 0.5317632181462176), ([[205, 1211], [321, 1211], [321, 1247], [205, 1247]], '미사토 씨는', 0.6220861832474748), ([[203, 1243], [321, 1243], [321, 1283], [203, 1283]], '예전에 몇번', 0.8665283051349876), ([[193, 1275], [333, 1275], [333, 1317], [193, 1317]], '보섞없장아잎', 0.11644334185539544), ([[755, 1287], [855, 1287], [855, 1329], [755, 1329]], '신지 군도', 0.9972191083966757), ([[763, 1323], [847, 1323], [847, 1365], [763, 1365]], '전부다', 0.9928120970726013), ([[72, 1350], [158, 1350], [158, 1382], [72, 1382]], '에~에이앗', 0.4487489908755061), ([[82, 1378], [148, 1378], [148, 1408], [82, 1408]], '이게에!', 0.24089139699935913), ([[753, 1359], [859, 1359], [859, 1403], [753, 1403]], '벗어어앗', 0.25312450528144836), ([[61, 1403], [167, 1403], [167, 1439], [61, 1439]], '저항하지 마', 0.42309202029303616), ([[2, 1544], [254, 1544], [254, 1574], [2, 1574]], '플로렉달] 뼈- 13@-.[8', 0.026833598180327885), ([[340.31215814362656, 960.0475386341112], [376.465262246858, 942.0216939586192], [421.68784185637344, 1041.9524613658887], [385.534737753142, 1058.9783060413808]], '중', 0.009952181659152792)]
[([[233, 89], [313, 89], [313, 129], [233, 129]], '불;불끈', 0.08864709734916687), ([[781, 101], [893, 101], [893, 137], [781, 137]], '호오 " 이거', 0.7107711103971096), ([[243, 123], [305, 123], [305, 159], [243, 159]], '맛있어', 0.9963502505606898), ([[781, 135], [891, 135], [891, 173], [781, 173]], '제법 괜찮은', 0.8651942911170402), ([[230, 156], [318, 156], [318, 188], [230, 188]], '보이는결?', 0.35103543198572384), ([[573, 149], [659, 149], [659, 189], [573, 189]], '젊다는건', 0.7755685448646545), ([[773, 169], [903, 169], [903, 207], [773, 207]], '평창률안데" !', 0.2674305538857399), ([[565, 185], [667, 185], [667, 225], [565, 225]], '좋은거네9', 0.8055753560451623), ([[131, 213], [183, 213], [183, 249], [131, 249]], '맛 좀', 0.9871966869769534), ([[116, 242], [197, 242], [197, 279], [116, 279]], '화도 돼?', 0.2531950163462359), ([[74, 596], [116, 596], [116, 626], [74, 626]], '에"', 0.5469651443682769), ([[66, 628], [122, 628], [122, 660], [66, 660]], '맛 ?', 0.8919432727554794), ([[53, 871], [131, 871], [131, 915], [53, 915]], '우아앗', 0.6365629289283413), ([[899, 1083], [1001, 1083], [1001, 1125], [899, 1125]], '이화 이화', 0.25332232684366096), ([[190, 1086], [220, 1086], [220, 1210], [190, 1210]], '"', 0.01833572978545228), ([[831, 1117], [1009, 1117], [1009, 1201], [831, 1201]], '한심하 소리훨제', 0.04799082944397503), ([[953, 1157], [1005, 1157], [1005, 1197], [953, 1197]], '내지', 0.9999527958559914), ([[913, 1195], [999, 1195], [999, 1235], [913, 1235]], '말라구0', 0.5308085680007935), ([[79, 1546], [156, 1546], [156, 1570], [79, 1570]], '1위_면염', 0.028961247837812922), ([[223, 1551], [261, 1551], [261, 1569], [223, 1569]], '18 ;', 0.022540541365742683)]
[([[658, 114], [706, 114], [706, 146], [658, 146]], '미"', 0.9547135019680897), ([[100, 160], [200, 160], [200, 208], [100, 208]], '아~]]', 0.04294537752866745), ([[443, 147], [513, 147], [513, 189], [443, 189]], '아으옷', 0.6801183683361889), ([[631, 149], [733, 149], [733, 187], [631, 187]], '미사토 씨', 0.9821948706024788), ([[215, 245], [285, 245], [285, 283], [215, 283]], '흐아아', 0.6695314806604757), ([[113, 701], [151, 701], [151, 739], [113, 739]], '버', 0.004504648433684366), ([[164, 764], [202, 764], [202, 794], [164, 794]], '00)0', 0.1614045947790146)]
[([[807, 141], [855, 141], [855, 183], [807, 183]], '흐흥', 0.3010862146281238), ([[873, 141], [921, 141], [921, 181], [873, 181]], '잔뜩', 0.9983604600646997), ([[809, 177], [915, 177], [915, 219], [809, 219]], '싸버로네 ', 0.4265959184040088), ([[130, 240], [176, 240], [176, 272], [130, 272]], '죄"', 0.8724599074084023), ([[745, 223], [783, 223], [783, 263], [745, 263]], "'~", 0.07434079762262663), ([[107, 267], [197, 267], [197, 311], [107, 311]], "'죄송해요", 0.9341911158593679), ([[740, 268], [766, 268], [766, 316], [740, 316]], '맘', 0.024112616978428036), ([[622, 392], [670, 392], [670, 444], [622, 444]], '5', 0.37967493099883143), ([[879, 509], [995, 509], [995, 549], [879, 549]], '뒷어 없어~', 0.11641229242146958), ([[841, 545], [993, 545], [993, 587], [841, 587]], '난 괜찮으니까이', 0.38628058276038174), ([[391, 565], [527, 565], [527, 607], [391, 607]], '오히려 맛있게', 0.44538339023005935), ([[409, 601], [487, 601], [487, 643], [409, 643]], '잘 먹울', 0.36219846970318703), ([[68, 734], [98, 734], [98, 828], [68, 828]], '필', 0.016997399166726268), ([[68, 832], [96, 832], [96, 892], [68, 892]], '씨', 0.9135121602078335), ([[213, 1187], [367, 1187], [367, 1225], [213, 1225]], '너무 마신 다음에', 0.9911217463698255), ([[213, 1215], [363, 1215], [363, 1255], [213, 1255]], '손가라을 넣어서', 0.3605362059918294), ([[198, 1246], [378, 1246], [378, 1296], [198, 1296]], '게워내는거 우웬', 0.14334597157862433), ([[842, 1224], [952, 1224], [952, 1280], [842, 1280]], '우우육"', 0.886126697063446), ([[193, 1291], [383, 1291], [383, 1331], [193, 1331]], '자지가 목을 찌르는듯', 0.39012802885011316), ([[672, 1287], [755, 1287], [755, 1335], [672, 1335]], '훌력;', 0.02921801892074207), ([[825, 1273], [977, 1273], [977, 1333], [825, 1333]], '우웨에액]]', 0.12076379451479705), ([[237, 1325], [341, 1325], [341, 1361], [237, 1361]], '움직여서', 0.9943546056747437), ([[637, 1327], [789, 1327], [789, 1367], [637, 1367]], '신 광의 정액이"', 0.9126859869615737), ([[837, 1325], [963, 1325], [963, 1387], [837, 1387]], '웨에액집', 0.07014243304729462), ([[214, 1352], [362, 1352], [362, 1400], [214, 1400]], '우웨에에액', 0.6150844021914187), ([[641, 1359], [785, 1359], [785, 1403], [641, 1403]], '귀액 맛 없어서', 0.21779672327290356), ([[636, 1396], [788, 1396], [788, 1444], [636, 1444]], '이러느계 귀액', 0.1138934790328064), ([[667, 1441], [759, 1441], [759, 1477], [667, 1477]], '아니니까:', 0.5146588328960338), ([[8, 1544], [254, 1544], [254, 1570], [8, 1570]], '깜로렉물뭐 멘역 _3이- 18', 0.020001577175236554)]
[([[661, 83], [811, 83], [811, 127], [661, 127]], '하아~ 취해서', 0.9992049373526113), ([[684, 122], [788, 122], [788, 170], [684, 170]], '들껴다고', 0.42393872141838074), ([[673, 165], [801, 165], [801, 207], [673, 207]], '해도 그렇지', 0.9791795530230228), ([[656, 200], [814, 200], [814, 248], [656, 248]], '바보갈은 짓을', 0.30855427762244503), ([[672, 240], [796, 240], [796, 288], [672, 288]], '해버로네"', 0.31858350891063447), ([[823, 453], [961, 453], [961, 497], [823, 497]], '그전 그렇고,', 0.8639680389640751), ([[55, 477], [113, 477], [113, 519], [55, 519]], '더는', 0.9691883484164243), ([[348, 470], [516, 470], [516, 518], [348, 518]], '하아" 그치만', 0.9958132075961762), ([[839, 493], [949, 493], [949, 535], [839, 535]], '신지 군이', 0.9965428615464832), ([[56, 516], [226, 516], [226, 566], [56, 566]], '어떻게 활수가', 0.5795666441214251), ([[430, 512], [514, 512], [514, 560], [430, 560]], '오히려', 0.9981690530585049), ([[812, 526], [977, 526], [977, 579], [812, 579]], '그런 짓율 하는', 0.6011155258111832), ([[54, 558], [136, 558], [136, 608], [54, 608]], '없네"', 0.978782175988329), ([[406, 552], [514, 552], [514, 602], [406, 602]], '끌어들여', 0.9325585961341858), ([[818, 568], [970, 568], [970, 616], [818, 616]], '아이엿다니"', 0.4465734293146365), ([[404, 596], [514, 596], [514, 646], [404, 646]], '버릇으니', 0.19087351858615875), ([[556, 780], [738, 780], [738, 828], [556, 828]], '내가 잠들어있는', 0.5869560539075224), ([[557, 821], [635, 821], [635, 865], [557, 865]], '동안에', 0.9982142604583962), ([[556, 861], [658, 861], [658, 905], [556, 905]], '어디까지', 0.9172289371490479), ([[38, 908], [146, 908], [146, 958], [38, 958]], '여기서는', 0.26731690764427185), ([[410, 892], [528, 892], [528, 940], [410, 940]], '나 어째서', 0.9912211879824815), ([[557, 899], [664, 899], [664, 947], [557, 947]], '한 걸까', 0.8124070989002341), ([[39, 953], [169, 953], [169, 997], [39, 997]], '보호자로씨', 0.676198217277274), ([[417, 932], [530, 932], [530, 984], [417, 984]], '낙심하고', 0.9093855023384094), ([[38, 994], [204, 994], [204, 1044], [38, 1044]], '엄하게 꾸짓고', 0.491707317322157), ([[401, 975], [530, 975], [530, 1029], [401, 1029]], "'있는거야령", 0.08785553972002352), ([[36, 1038], [160, 1038], [160, 1086], [36, 1086]], "끝내야 할'", 0.7648665801778278), ([[71, 1267], [135, 1267], [135, 1309], [71, 1309]], '으응?', 0.9984840655754258), ([[111, 1551], [157, 1551], [157, 1569], [111, 1569]], '받 @:', 0.10865575075149536), ([[167, 1551], [251, 1551], [251, 1569], [167, 1569]], '8330초] 3| 8', 0.013462182543566303), ([[24.153711563251818, 731.0448886945671], [83.07292525389946, 712.0722745128539], [121.84628843674818, 840.9551113054329], [62.92707474610054, 860.9277254871461]], '#', 0.05202640226267263)]
[([[302, 106], [414, 106], [414, 204], [302, 204]], '말%', 0.06589327939734482), ([[846, 136], [924, 136], [924, 214], [846, 214]], '!?', 0.7209221365992726), ([[127, 529], [189, 529], [189, 571], [127, 571]], '시"', 0.9332212999915532), ([[108, 570], [206, 570], [206, 624], [108, 624]], '신지 군', 0.6583597660064697), ([[147, 623], [167, 623], [167, 653], [147, 653]], '2', 0.9888247648563094), ([[173, 951], [189, 951], [189, 991], [173, 991]], '0', 0.4143452440462738), ([[780, 906], [854, 906], [854, 986], [780, 986]], '사토', 0.6064822296702754), ([[460, 1094], [548, 1094], [548, 1142], [460, 1142]], '어어어', 0.9996637949300067), ([[634, 1088], [688, 1088], [688, 1136], [634, 1136]], '역시', 0.9991958485706443), ([[422, 1136], [592, 1136], [592, 1186], [422, 1186]], '어떻게 하지"', 0.3461254726490218), ([[634, 1132], [768, 1132], [768, 1180], [634, 1180]], '중학생에계', 0.5030376132455149), ([[836, 1120], [1002, 1120], [1002, 1168], [836, 1168]], '잠깐 " 이상한', 0.7040249156375968), ([[422, 1180], [592, 1180], [592, 1228], [422, 1228]], '그만두게 하지', 0.9945296253733457), ([[634, 1174], [770, 1174], [770, 1222], [634, 1222]], '필라치오는', 0.5027538150409285), ([[891, 1160], [1005, 1160], [1005, 1213], [891, 1213]], '스위치가', 0.9931873679161072), ([[451, 1222], [582, 1222], [582, 1274], [451, 1274]], '않으면"" (', 0.5405141716589036), ([[634, 1216], [778, 1216], [778, 1264], [634, 1264]], '자극이 너무', 0.9988022917524843), ([[842, 1206], [1002, 1206], [1002, 1256], [842, 1256]], '들어가 있어!', 0.9469507631801367), ([[455, 1269], [565, 1269], [565, 1313], [455, 1313]], '그치만"', 0.5325937271118164), ([[634, 1258], [788, 1258], [788, 1308], [634, 1308]], '강햇단건가?', 0.15395091315743564), ([[23, 1542], [254, 1542], [254, 1572], [23, 1572]], '물직터미 족역 13이-78', 0.004541462551324461), ([[622.1389161341509, 458.03093426469826], [740.9412266952886, 530.8137854276204], [684.8610838658491, 620.9690657353018], [566.0587733047114, 548.1862145723796]], "'모", 0.011518037445405393), ([[120.37189129289175, 900.0329672824715], [189.8063454071468, 964.4879308835555], [151.62810870710825, 1006.9670327175285], [82.19365459285319, 942.5120691164445]], '좁@""', 0.013767064549028873), ([[909.5697127830433, 960.0310182029989], [937.8088897765599, 957.1111079408574], [943.4302872169567, 1034.968981797001], [915.1911102234401, 1037.8888920591426]], '"', 0.3506261314331063)]
[([[84, 84], [182, 84], [182, 138], [84, 138]], '"육께', 0.0007685847245687602), ([[832, 78], [1000, 78], [1000, 126], [832, 126]], '그치만 여기서', 0.99890237293264), ([[453, 133], [517, 133], [517, 169], [453, 169]], '아앗이', 0.34292335636330173), ([[892, 120], [1000, 120], [1000, 168], [892, 168]], '거절하면', 0.9998824000358582), ([[858, 162], [1000, 162], [1000, 210], [858, 210]], '신지 군데게', 0.556535943325809), ([[834, 203], [1003, 203], [1003, 255], [834, 255]], '상처률 입히게', 0.6884905028198539), ([[341, 253], [425, 253], [425, 297], [341, 297]], '뛰튼지', 0.4168991416526375), ([[840, 248], [1002, 248], [1002, 298], [840, 298]], '되지 않울까?', 0.4324396915057397), ([[342, 294], [476, 294], [476, 342], [342, 342]], '해주껏다고', 0.4151885565613285), ([[342, 336], [460, 336], [460, 384], [342, 384]], '말한 직후', 0.8215088642894587), ([[345, 383], [427, 383], [427, 423], [345, 423]], '이고"', 0.9896167313193943), ([[22, 592], [54, 592], [54, 632], [22, 632]], '귀', 0.9993775859699241), ([[18, 628], [152, 628], [152, 682], [18, 682]], '귀여워없0', 0.5282579184401243), ([[18, 674], [138, 674], [138, 722], [18, 722]], '신지 군0', 0.8865474906751981), ([[379, 715], [425, 715], [425, 751], [379, 751]], '아이', 0.07274618746062007), ([[381, 837], [457, 837], [457, 903], [381, 903]], '{터', 0.0012615919945132249), ([[854, 1070], [926, 1070], [926, 1120], [854, 1120]], '실엇 ;', 0.34926655888557434), ([[786, 1110], [954, 1110], [954, 1160], [786, 1160]], '고간에 자지루', 0.5313081825320206), ([[818, 1153], [954, 1153], [954, 1201], [818, 1201]], '문질러대고', 0.9604056429397315), ([[873, 1201], [953, 1201], [953, 1245], [873, 1245]], '있어"', 0.976779815565847), ([[54, 1270], [174, 1270], [174, 1318], [54, 1318]], '설마 넣고', 0.799722882798993), ([[56, 1310], [182, 1310], [182, 1362], [56, 1362]], '싶은거야?', 0.9942698428459931), ([[56, 1354], [202, 1354], [202, 1402], [56, 1402]], '내 몸안에 넣', 0.6096999908700966), ([[54, 1394], [183, 1394], [183, 1450], [54, 1450]], '싶은거야?', 0.990279839292251), ([[464, 1444], [488, 1444], [488, 1472], [464, 1472]], '0', 0.9838787882565612), ([[110, 1546], [254, 1546], [254, 1572], [110, 1572]], '멘역 13이]', 0.11695049544669667)]
[([[637, 239], [745, 239], [745, 387], [637, 387]], '&', 0.06850837313903924), ([[404, 636], [450, 636], [450, 666], [404, 666]], '미', 0.9998694700877344), ([[567, 629], [621, 629], [621, 667], [567, 667]], '드"', 0.9865183710364057), ([[670, 608], [748, 608], [748, 658], [670, 658]], '상 5', 0.24775561690330505), ([[910, 618], [992, 618], [992, 666], [910, 666]], '아앗"', 0.5886580609290414), ([[379, 669], [477, 669], [477, 705], [379, 705]], '미사토 씨', 0.9851168345243216), ([[564, 664], [648, 664], [648, 714], [564, 714]], '들어와', 0.9948434233665466), ([[945, 663], [995, 663], [995, 707], [945, 707]], '아?', 0.9631350292147729), ([[385, 701], [475, 701], [475, 739], [385, 739]], '저 전"', 0.8519903816258704), ([[562, 708], [650, 708], [650, 758], [562, 758]], '버(어', 0.09272328107178254), ([[885, 705], [983, 705], [983, 749], [885, 749]], '아아앗"', 0.8180955648422241), ([[63, 731], [143, 731], [143, 773], [63, 773]], '신지 군', 0.971538782119751), ([[373, 1129], [499, 1129], [499, 1169], [373, 1169]], '남자애구나"', 0.9777698596383837), ([[387, 1165], [489, 1165], [489, 1207], [387, 1207]], '응 좋아0', 0.48312426691621985), ([[46, 1546], [254, 1546], [254, 1575], [46, 1575]], '훨달회 민- 13이-.8', 0.0036121657007087567)]
[([[526, 66], [682, 66], [682, 116], [526, 116]], '어떻제 하지,', 0.5543147897951877), ([[855, 85], [963, 85], [963, 125], [855, 125]], '아-아"', 0.9935788512229919), ([[54, 114], [78, 114], [78, 150], [54, 150]], '후', 0.999933839938624), ([[526, 106], [612, 106], [612, 156], [526, 156]], '위쪽도', 0.9275241981702149), ([[722, 128], [760, 128], [760, 160], [722, 160]], '으응', 0.9991162107236475), ([[850, 120], [965, 120], [965, 177], [850, 177]], '분위기에', 0.9760668873786926), ([[43, 151], [91, 151], [91, 189], [43, 189]], '아후', 0.9959082270736554), ([[526, 152], [638, 152], [638, 200], [526, 200]], '아래쪽도', 0.9900676012039185), ([[54, 188], [78, 188], [78, 226], [54, 226]], '응', 0.9993560159208279), ([[776, 166], [962, 166], [962, 216], [776, 216]], '힘쓸러버럿네"', 0.14299222500529882), ([[524, 193], [615, 193], [615, 243], [524, 243]], '하나가', 0.999395598799758), ([[877, 211], [963, 211], [963, 255], [877, 255]], '보호자', 0.9989218573727732), ([[526, 236], [640, 236], [640, 286], [526, 286]], '되버로어;', 0.37633723612903075), ([[828, 252], [962, 252], [962, 302], [828, 302]], '실겪이야"', 0.278565268418603), ([[390, 372], [532, 372], [532, 422], [390, 422]], '이제 어떻게', 0.8032316480379433), ([[889, 389], [909, 389], [909, 423], [889, 423]], '응', 0.9995816191634646), ([[472, 416], [532, 416], [532, 464], [472, 464]], '되든', 0.8759830961523477), ([[396, 458], [528, 458], [528, 508], [396, 508]], '상관없어"', 0.9925337137820125), ([[336, 498], [534, 498], [534, 552], [336, 552]], "'기분 좋으니까이", 0.5330336527127238), ([[673, 643], [693, 643], [693, 675], [673, 675]], '응', 0.9998023607642068), ([[266, 682], [316, 682], [316, 746], [266, 746]], '{요', 0.30591470170038115), ([[465, 703], [505, 703], [505, 739], [465, 739]], '으응', 0.9993993759592052), ([[148, 740], [200, 740], [200, 798], [148, 798]], '', 0.0), ([[190, 784], [214, 784], [214, 816], [190, 816]], '여', 0.18517727281199825), ([[412, 794], [490, 794], [490, 880], [412, 880]], '#움', 0.07651410675795035), ([[40, 902], [64, 902], [64, 968], [40, 968]], '용', 0.8200638806316682), ([[96, 1120], [272, 1120], [272, 1168], [96, 1168]], "'아양  신 장도", 0.3649131669807901), ([[99, 1165], [239, 1165], [239, 1209], [99, 1209]], '참  그렇게', 0.5022778274960148), ([[94, 1204], [182, 1204], [182, 1252], [94, 1252]], '허리틀', 0.12561752296311718), ([[96, 1246], [256, 1246], [256, 1296], [96, 1296]], '흔들어대고"', 0.8813404309544147), ([[256.2613725481261, 313.21935293769167], [298.639516134592, 278.02927413294736], [364.7386274518739, 365.78064706230833], [322.360483865408, 400.97072586705264]], '등', 0.07435369136068459)]
[([[222, 120], [260, 120], [260, 152], [222, 152]], '후웃', 0.9405740403566947), ([[822, 150], [960, 150], [960, 202], [822, 202]], '정말이지~', 0.9990689077923189), ([[54, 200], [232, 200], [232, 252], [54, 252]], '이런 자세로는', 0.9551100456949362), ([[834, 198], [960, 198], [960, 246], [834, 246]], '신장도 참', 0.9986184216251874), ([[54, 244], [232, 244], [232, 300], [54, 300]], '앞부분 밖에는', 0.4861559331414343), ([[844, 242], [960, 242], [960, 294], [844, 294]], '필사적이', 0.9911991953849792), ([[54, 290], [170, 290], [170, 344], [54, 344]], '들어가지', 0.9990935939334025), ([[689, 309], [709, 309], [709, 339], [689, 339]], '응', 0.9998159493263756), ([[796, 288], [960, 288], [960, 338], [796, 338]], '되가지고선0', 0.8810171919904201), ([[54, 336], [188, 336], [188, 388], [54, 388]], '안늘다구?', 0.10848481929314621), ([[919, 441], [1001, 441], [1001, 477], [919, 477]], '그러면~', 0.997729480266571), ([[891, 471], [1001, 471], [1001, 511], [891, 511]], '허리지 조금', 0.2864951150980132), ([[353, 519], [499, 519], [499, 559], [353, 559]], '이러면 마음대로', 0.9985632105284136), ([[919, 507], [1003, 507], [1003, 543], [919, 543]], '내려줄게', 0.34136348962783813), ([[365, 551], [487, 551], [487, 593], [365, 593]], '박울수 있지?', 0.46360630847518086), ([[831, 677], [913, 677], [913, 713], [831, 713]], '미사토 씨', 0.6181938092648984), ([[901, 957], [951, 957], [951, 993], [901, 993]], '자아', 0.9885737323087632), ([[673, 1111], [787, 1111], [787, 1149], [673, 1149]], '신 장이 하고', 0.6635922486094774), ([[687, 1145], [771, 1145], [771, 1183], [687, 1183]], '싶은대로', 0.9965159893035889), ([[663, 1177], [791, 1177], [791, 1217], [663, 1217]], '마음껏 해보다', 0.14550887999540674), ([[550, 1224], [598, 1224], [598, 1294], [550, 1294]], '호', 0.06129055472943978), ([[132, 1544], [228, 1544], [228, 1574], [132, 1574]], '역3 @-', 0.07585150764206137)]
[([[573, 97], [665, 97], [665, 137], [573, 137]], '좋아앗', 0.7709977936801707), ([[559, 131], [681, 131], [681, 169], [559, 169]], '좀더 좀더', 0.176516970288839), ([[573, 163], [665, 163], [665, 205], [573, 205]], '안족가지', 0.4910908043384552), ([[29, 113], [239, 113], [239, 329], [29, 329]], '구우', 0.10722649697227413), ([[579, 201], [661, 201], [661, 239], [579, 239]], '박아쥐]', 0.4212595820426941), ([[201, 241], [263, 241], [263, 325], [201, 325]], '"', 0.23377934317867144), ([[129, 383], [205, 383], [205, 425], [129, 425]], '마음껏', 0.998462458786957), ([[139, 419], [195, 419], [195, 459], [139, 459]], '쑤서', 0.19339829164190497), ([[109, 455], [225, 455], [225, 497], [109, 497]], '올려주엇0', 0.19585011784088782), ([[123, 493], [213, 493], [213, 533], [123, 533]], '신지 권', 0.9950674176216125), ([[32, 590], [76, 590], [76, 622], [32, 622]], '네"', 0.7662502614495724), ([[25, 621], [83, 621], [83, 659], [25, 659]], '네옛', 0.9730210001402246), ([[391, 1029], [439, 1029], [439, 1067], [391, 1067]], '아양', 0.8859019182410925), ([[697, 1225], [749, 1225], [749, 1265], [697, 1265]], '아이', 0.21618158937403556), ([[2, 1338], [54, 1338], [54, 1446], [2, 1446]], '*', 0.7956263928432215), ([[499, 1297], [591, 1297], [591, 1409], [499, 1409]], '5', 0.032959270289462106), ([[113, 1405], [179, 1405], [179, 1443], [113, 1443]], '아아앗', 0.6459562857726162), ([[660, 1410], [762, 1410], [762, 1540], [660, 1540]], '7', 0.0772642149867444), ([[156, 1542], [254, 1542], [254, 1574], [156, 1574]], '13@-미8', 0.04835208735898751)]
[([[361, 31], [590, 31], [590, 171], [361, 171]], '짙오', 0.015747699107993934), ([[885, 101], [1001, 101], [1001, 145], [885, 145]], '미사토 씨,', 0.9486077889396293), ([[264, 138], [336, 138], [336, 186], [264, 186]], '좋아', 0.9509933441267178), ([[893, 141], [997, 141], [997, 183], [893, 183]], '저이제"', 0.5839976668357849), ([[253, 181], [347, 181], [347, 225], [253, 225]], '와취"', 0.7541094780566339), ([[915, 181], [1003, 181], [1003, 221], [915, 221]], '더는"', 0.5588503467167861), ([[141, 203], [223, 203], [223, 245], [141, 245]], '그대로', 0.9999833442438536), ([[126, 242], [242, 242], [242, 290], [126, 290]], '있는 힘껏', 0.24083120246736), ([[120, 282], [246, 282], [246, 330], [120, 330]], '와취엇]]!', 0.13171045767641648), ([[622, 243], [855, 243], [855, 357], [622, 357]], '*', 0.03872471858798776), ([[412, 334], [594, 334], [594, 508], [412, 508]], '', 0.0), ([[465, 1271], [533, 1271], [533, 1391], [465, 1391]], '물', 0.20705744885984334), ([[821, 1245], [905, 1245], [905, 1448], [821, 1448]], '1', 0.4868161804240323), ([[130, 1546], [220, 1546], [220, 1572], [130, 1572]], '약 13@', 0.20169621937559332), ([[363.09565595278485, 1345.876524762228], [395.771884401368, 1316.0599398312445], [434.90434404721515, 1360.123475237772], [402.228115598632, 1389.9400601687555]], '로', 0.5806223271065392)]
[([[531, 129], [619, 129], [619, 171], [531, 171]], '응후후어', 0.3173084259033203), ([[511, 165], [641, 165], [641, 207], [511, 207]], '동정 졸업한거', 0.9696832029525456), ([[523, 203], [629, 203], [629, 239], [523, 239]], '축하해요~', 0.998899781796506), ([[539, 237], [611, 237], [611, 277], [539, 277]], '신장영', 0.32703576647884514), ([[437, 449], [545, 449], [545, 487], [437, 487]], '어머나아', 0.9605801701545715), ([[441, 483], [537, 483], [537, 523], [441, 523]], '방금 전에', 0.9486218244517058), ([[433, 519], [547, 519], [547, 561], [433, 561]], '입으로 해짚', 0.29626844768575034), ([[139, 545], [205, 545], [205, 581], [139, 581]], '아직도', 0.9994351703707033), ([[435, 555], [531, 555], [531, 597], [435, 597]], "엎는데도 '", 0.217421592829037), ([[113, 579], [231, 579], [231, 615], [113, 615]], '드포드뜻하다', 0.4636350914152549), ([[123, 613], [223, 613], [223, 649], [123, 649]], '넘처나오고', 0.8000258906627997), ([[131, 647], [213, 647], [213, 685], [131, 685]], '있네에~', 0.4207174479961395), ([[31, 699], [109, 699], [109, 741], [31, 741]], '죄, 죄송', 0.6373372256713687), ([[36, 740], [82, 740], [82, 772], [36, 772]], '해요', 0.999968895767484), ([[50, 914], [126, 914], [126, 946], [50, 946]], '사과하지', 0.9998219013214111), ([[59, 943], [117, 943], [117, 979], [59, 979]], '않아도', 0.9994997240969526), ([[47, 973], [127, 973], [127, 1009], [47, 1009]], '괜찮대뒤', 0.9673964381217957), ([[837, 1043], [947, 1043], [947, 1087], [837, 1087]], '신지 군의', 0.9057300126136347), ([[24, 1098], [64, 1098], [64, 1126], [24, 1126]], '내가', 0.9998118616522974), ([[517, 1099], [567, 1099], [567, 1135], [517, 1135]], '이거', 0.9991997251693782), ([[801, 1083], [989, 1083], [989, 1127], [801, 1127]], '첫 여자가 되다니', 0.6946337252434026), ([[24, 1124], [108, 1124], [108, 1156], [24, 1156]], '잠들어릿는', 0.3082304935952983), ([[192, 1114], [236, 1114], [236, 1146], [192, 1146]], '활까', 0.4033454527162657), ([[399, 1133], [469, 1133], [469, 1173], [399, 1173]], '미사토', 0.998117584389208), ([[489, 1129], [591, 1129], [591, 1171], [489, 1171]], '진심이다?', 0.8346983566677266), ([[812, 1118], [972, 1118], [972, 1169], [812, 1169]], '정말로 기뻐0', 0.9262151731686766), ([[26, 1152], [130, 1152], [130, 1184], [26, 1184]], '동안에 끝까지', 0.9295269555588874), ([[181, 1143], [237, 1143], [237, 1179], [181, 1179]], '정말로', 0.9998731556529387), ([[24, 1180], [126, 1180], [126, 1212], [24, 1212]], '해버려다거나', 0.6050983539986451), ([[163, 1173], [239, 1173], [239, 1209], [163, 1209]], '처음인거', 0.9974440336227417), ([[413, 1173], [471, 1173], [471, 1209], [413, 1209]], '씨!', 0.9365591944116193), ([[24, 1208], [64, 1208], [64, 1240], [24, 1240]], '한건', 0.9540798222658322), ([[186, 1206], [238, 1206], [238, 1238], [186, 1238]], '맞아?', 0.9996559491788378), ([[24, 1236], [104, 1236], [104, 1268], [24, 1268]], '아니켓지?', 0.9027345232788185), ([[181, 1309], [225, 1309], [225, 1353], [181, 1353]], '닭"', 0.19641046551521557), ([[197, 1347], [236, 1347], [236, 1436], [197, 1436]], '리', 0.005568617129942055), ([[38, 1438], [108, 1438], [108, 1470], [38, 1470]], '처, 처음', 0.4835018582357682), ([[34, 1466], [106, 1466], [106, 1498], [34, 1498]], '이라고요', 0.9977708458900452), ([[141.38736713998676, 747.0376738338928], [181.4704292441876, 742.2211049563903], [190.61263286001324, 837.9623261661072], [150.5295707558124, 842.7788950436097]], '물', 0.07228807797479053)]
[([[931, 103], [999, 103], [999, 141], [931, 141]], '그러면', 0.9996498239928703), ([[749, 143], [829, 143], [829, 179], [749, 179]], '에 우위', 0.8918585181236267), ([[887, 137], [1005, 137], [1005, 175], [887, 175]], '계속 이어서', 0.9979547334420678), ([[407, 159], [507, 159], [507, 201], [407, 201]], '당연하지]', 0.4313589397239836), ([[743, 175], [823, 175], [823, 211], [743, 211]], '계, 계속"', 0.634978260081787), ([[913, 175], [1001, 175], [1001, 213], [913, 213]], '해불까이', 0.3322077691555023), ([[407, 197], [505, 197], [505, 235], [407, 235]], '나는 전혀', 0.9745414458754087), ([[760, 206], [816, 206], [816, 238], [760, 238]], '이요?', 0.9993779120959279), ([[128, 222], [204, 222], [204, 254], [128, 254]], '이번에는', 0.9185916781425476), ([[387, 229], [527, 229], [527, 271], [387, 271]], '절정에 오르지', 0.6013457181461943), ([[144, 252], [188, 252], [188, 284], [144, 284]], '내가', 0.9998784506526458), ([[119, 281], [213, 281], [213, 319], [119, 319]], '움직일테니', 0.6228295576011078), ([[285, 263], [509, 263], [509, 323], [285, 323]], '자자; 어서   못렇다구', 0.33245472093287654), ([[287, 317], [389, 317], [389, 357], [287, 357]], '누으라고', 0.9951841235160828), ([[85, 403], [157, 403], [157, 443], [85, 443]], '신 장은', 0.9856151342391968), ([[67, 439], [175, 439], [175, 477], [67, 477]], '그저 자지흘', 0.3122566294976889), ([[57, 469], [183, 469], [183, 509], [57, 509]], '발딱 세우고만', 0.9718686068498359), ([[63, 505], [173, 505], [173, 545], [63, 545]], '있으면 돼0', 0.6459597086502166), ([[251, 561], [303, 561], [303, 603], [251, 603]], '와앗', 0.630892968415779), ([[307, 547], [463, 547], [463, 767], [307, 767]], '4', 0.031741409251667685), ([[168, 756], [204, 756], [204, 786], [168, 786]], '네', 0.74327820987213), ([[606, 754], [658, 754], [658, 782], [606, 782]], '1+"', 0.03169727487616434), ([[174, 786], [206, 786], [206, 822], [174, 822]], '옛', 0.9993809227938897), ([[851, 877], [1007, 877], [1007, 913], [851, 913]], '아무래도 신지에계', 0.6312896444069608), ([[304, 922], [430, 922], [430, 954], [304, 954]], '얘기틀 들어보면', 0.6715096561070656), ([[835, 907], [1005, 907], [1005, 945], [835, 945]], '미안하다고 생각되서', 0.5985261784240519), ([[301, 949], [433, 949], [433, 985], [301, 985]], '우리들이 한 짓율', 0.770663607699846), ([[867, 937], [1007, 937], [1007, 976], [867, 976]], '돌아와 밟더니만', 0.22757045341240084), ([[332, 982], [406, 982], [406, 1012], [332, 1012]], '이카리가', 0.986254870891571), ([[902, 974], [1000, 974], [1000, 1006], [902, 1006]], '뛰야 이게', 0.45151196404868144), ([[308, 1010], [426, 1010], [426, 1042], [308, 1042]], '덮령이 손 결과', 0.24086665474739166), ([[815, 1001], [1005, 1001], [1005, 1039], [815, 1039]], '엄청난 전개가 뒷잡아?', 0.21216558007127215), ([[115, 1027], [193, 1027], [193, 1063], [115, 1063]], '아무래도', 0.9997435212135315), ([[303, 1037], [431, 1037], [431, 1073], [303, 1073]], '이렇게 되없다는', 0.20943599464631274), ([[115, 1059], [219, 1059], [219, 1095], [115, 1095]], '반 애들에게', 0.4382752042798597), ([[340, 1070], [394, 1070], [394, 1098], [340, 1098]], '거네"', 0.7064763125800245), ([[117, 1089], [259, 1089], [259, 1127], [117, 1127]], '이것올 보여출 순', 0.7086747555511212), ([[115, 1121], [195, 1121], [195, 1159], [115, 1159]], '없젠어"', 0.2091816787898993), ([[64, 1284], [178, 1284], [178, 1316], [64, 1316]], '활수 있든지도?', 0.29055824754529813), ([[510, 1258], [572, 1258], [572, 1284], [510, 1284]], '아아아~', 0.9977486729621887), ([[518, 1284], [600, 1284], [600, 1310], [518, 1310]], '미사토 씨로', 0.6980733275926138), ([[572, 1260], [606, 1260], [606, 1284], [572, 1284]], '나도', 0.9999887046632835), ([[930, 1229], [962, 1229], [962, 1331], [930, 1331]], '$', 0.020046791108293327), ([[75, 1309], [167, 1309], [167, 1345], [75, 1345]], '이동영상울', 0.7853777274777172), ([[504, 1310], [616, 1310], [616, 1342], [504, 1342]], '동정 졸업햇으면', 0.7081464631974065), ([[94, 1342], [148, 1342], [148, 1370], [94, 1370]], '미끼로', 0.9090077743844615), ([[532, 1336], [588, 1336], [588, 1366], [532, 1366]], '좋젠다}', 0.041525594890117645), ([[70, 1368], [172, 1368], [172, 1400], [70, 1400]], '협박하다거나', 0.7429268658790427), ([[92, 1398], [134, 1398], [134, 1428], [92, 1428]], '하면;', 0.2987708633845982), ([[7, 1549], [61, 1549], [61, 1567], [7, 1567]], '프코', 0.03018950327095058), ([[660.2548739491968, 675.0940084018679], [708.9741715302101, 693.6071848922364], [698.7451260508032, 719.9059915981321], [650.0258284697899, 701.3928151077636]], "(+'", 0.24400990150381963)]
[([[222, 142], [286, 142], [286, 174], [222, 174]], '좋아아', 0.9884579768569594), ([[356, 130], [470, 130], [470, 162], [356, 162]], '미사토 씨', 0.9520845610164884), ([[218, 170], [288, 170], [288, 200], [218, 200]], '얼마듣지', 0.8722708821296692), ([[369, 159], [461, 159], [461, 195], [369, 195]], '우아앗!', 0.6103062629699707), ([[885, 147], [939, 147], [939, 187], [885, 187]], '아앗;', 0.4093059448913268), ([[55, 195], [143, 195], [143, 233], [55, 233]], '앞으로도', 0.9974633455276489), ([[222, 196], [286, 196], [286, 228], [222, 228]], '싸취에', 0.18634013256072102), ([[365, 191], [463, 191], [463, 227], [365, 227]], '저 또나와', 0.8389462551684881), ([[865, 181], [965, 181], [965, 221], [865, 221]], '좋아아아~', 0.6379014303428311), ([[55, 229], [145, 229], [145, 267], [55, 267]], '언제든지', 0.8408524394035339), ([[378, 224], [450, 224], [450, 256], [378, 256]], '버려오', 0.41730366308140515), ([[877, 215], [953, 215], [953, 255], [877, 255]], '신장의', 0.6266566514968872), ([[41, 263], [157, 263], [157, 301], [41, 301]], '원하는 만큼', 0.7832829708113762), ([[863, 249], [969, 249], [969, 289], [863, 289]], '자지 좋아', 0.8436138216172648), ([[33, 295], [163, 295], [163, 335], [33, 335]], '해출테니까이', 0.4872863804155428), ([[875, 283], [955, 283], [955, 323], [875, 323]], '좋아아~', 0.5313742193849348), ([[246, 570], [300, 570], [300, 594], [246, 594]], '바보야!', 0.3160736560821533), ([[257, 595], [291, 595], [291, 615], [257, 615]], '그게', 0.9994427798507486), ([[234, 614], [312, 614], [312, 642], [234, 642]], '남자가 되서', 0.9773350356973759), ([[238, 638], [310, 638], [310, 664], [238, 664]], '활 짓이내', 0.47318872692068326), ([[112, 670], [170, 670], [170, 700], [112, 700]], '노 농담', 0.9879170060157776), ([[120, 692], [160, 692], [160, 718], [120, 718]], '이야', 0.9763584056811426), ([[624, 658], [678, 658], [678, 732], [624, 732]], '4', 0.5605574361295709), ([[502, 836], [584, 836], [584, 868], [502, 868]], '[저희들도', 0.7964866458467835), ([[904, 850], [964, 850], [964, 880], [904, 880]], '그렇지!', 0.5405018925666809), ([[486, 864], [592, 864], [592, 896], [486, 896]], '이카리군처럼', 0.7356106096338135), ([[866, 874], [1000, 874], [1000, 906], [866, 906]], '테이프트 바치고는', 0.27580888256061276), ([[486, 892], [592, 892], [592, 924], [486, 924]], '보살펴주시면', 0.985613566951014), ([[888, 902], [982, 902], [982, 932], [888, 932]], '엎드려 빌미', 0.16734867233697795), ([[377, 925], [458, 925], [458, 958], [377, 958]], '"토우지는', 0.5754391726970957), ([[488, 922], [582, 922], [582, 952], [488, 952]], '안되까요? 교', 0.04706759559031553), ([[884, 928], [984, 928], [984, 958], [884, 958]], '하부탁입니다]', 0.20490491571756045), ([[378, 956], [430, 956], [430, 986], [378, 986]], '남자의', 0.9998085986958601), ([[504, 950], [576, 950], [576, 980], [504, 980]], '라면서]', 0.2186840921640396), ([[878, 952], [992, 952], [992, 982], [878, 982]], '라고 하느거야', 0.9662212266257357), ([[378, 982], [460, 982], [460, 1012], [378, 1012]], '귀감이네"', 0.9394746764201025), ([[807, 1105], [917, 1105], [917, 1141], [807, 1141]], '좀 기다려보', 0.5247739108755638), ([[153, 1141], [263, 1141], [263, 1177], [153, 1177]], '함께 함께', 0.9757466833365516), ([[821, 1137], [901, 1137], [901, 1173], [821, 1173]], '신지 군', 0.7123950123786926), ([[161, 1173], [253, 1173], [253, 1209], [161, 1209]], '가느거야', 0.5786953568458557), ([[795, 1165], [929, 1165], [929, 1205], [795, 1205]], '나도이제 갈거', 0.9927026733663634), ([[811, 1197], [911, 1197], [911, 1235], [811, 1235]], '같으니까]!', 0.41308247236988244), ([[272, 1308], [324, 1308], [324, 1336], [272, 1336]], '그런"', 0.9249676227232045), ([[262, 1332], [336, 1332], [336, 1364], [262, 1364]], '더 이상온', 0.8329006915598343), ([[111, 1547], [153, 1547], [153, 1565], [111, 1565]], '메여', 0.7676616666234515)]
[([[788, 1106], [838, 1106], [838, 1240], [788, 1240]], '북', 0.07057999547090166), ([[796, 1376], [870, 1376], [870, 1496], [796, 1496]], '(뉴', 0.10452526769679066), ([[2, 1546], [206, 1546], [206, 1572], [2, 1572]], '팔로적물_ ^@ 130', 0.0061927817831394305), ([[360.5197854306106, 904.0115369567012], [436.29696895834394, 889.0844631249189], [477.4802145693894, 1131.988463043299], [402.70303104165606, 1145.915536875081]], '듯', 0.11662335877944319)]
[([[617, 429], [669, 429], [669, 465], [617, 465]], '저기', 0.9993324591965482), ([[575, 461], [691, 461], [691, 503], [575, 503]], '지금 팬젠의', 0.24628978315396877), ([[589, 497], [677, 497], [677, 539], [589, 539]], '울음소리', 0.9996845126152039), ([[581, 533], [689, 533], [689, 575], [581, 575]], '안 들렇어?', 0.22152125201519265), ([[889, 843], [909, 843], [909, 865], [889, 865]], '0', 0.27595884114234437), ([[45, 911], [157, 911], [157, 949], [45, 949]], '하아하아', 0.9983106851577759), ([[41, 945], [163, 945], [163, 987], [41, 987]], '머, 먹이라면', 0.6712481448882616), ([[63, 983], [135, 983], [135, 1023], [63, 1023]], '제대로', 0.9999949069135972), ([[57, 1021], [147, 1021], [147, 1061], [57, 1061]], '짚는데 ', 0.07297159731388092), ([[102, 1202], [138, 1202], [138, 1228], [102, 1228]], '아"', 0.5983808600609168), ([[242, 1190], [300, 1190], [300, 1220], [242, 1220]], '뭐-야', 0.5204336604726174), ([[743, 1185], [835, 1185], [835, 1223], [743, 1223]], '엔지 성이', 0.19637642984614667), ([[224, 1218], [318, 1218], [318, 1250], [224, 1250]], '여기논 벌써', 0.614776831258177), ([[725, 1219], [855, 1219], [855, 1257], [725, 1257]], '차지 않으니까', 0.5342143845490656), ([[234, 1244], [308, 1244], [308, 1276], [234, 1276]], '불;대고', 0.29740583896636963), ([[753, 1253], [821, 1253], [821, 1289], [753, 1289]], '한번 더', 0.9263508176179618), ([[250, 1272], [290, 1272], [290, 1302], [250, 1302]], '있는', 0.19727174910018433), ([[573, 1255], [615, 1255], [615, 1311], [573, 1311]], '예액', 0.2860346897560136), ([[735, 1283], [821, 1283], [821, 1323], [735, 1323]], '하자구우', 0.9478954672813416), ([[240, 1298], [302, 1298], [302, 1328], [240, 1328]], '주제에]', 0.1931142359972), ([[69, 1353], [185, 1353], [185, 1417], [69, 1417]], '톤시)', 0.0025459996606450965), ([[0, 1544], [254, 1544], [254, 1575], [0, 1575]], '플콤질물회 벤- 13@.[8', 0.01208359690533052)]
[([[9, 5], [472, 5], [472, 128], [9, 128]], '[,어;~-거', 0.0004736574821413456), ([[17, 125], [479, 125], [479, 163], [17, 163]], '^어나-+ 굽리마9교 +,하,-|+;형7 +@라김', 1.9905744944310556e-06), ([[296, 192], [742, 192], [742, 316], [296, 316]], '작업 후기', 0.9977044669874369), ([[835, 221], [1036, 221], [1036, 285], [835, 285]], '{술@@@@물셈[', 0.00014068434657972707), ([[963, 277], [1043, 277], [1043, 291], [963, 291]], '콤3@)포피', 0.0015417395668645107), ([[278, 584], [446, 584], [446, 632], [278, 632]], '마법의 네마디', 0.9638378354852776), ([[282, 628], [720, 628], [720, 682], [282, 682]], '1,나는 날마다 번역 실력이 늘고 있다', 0.7457802135282905), ([[24, 678], [200, 678], [200, 730], [24, 730]], '역자 후기', 0.9990104900650495), ([[278, 673], [830, 673], [830, 726], [278, 726]], '2 나는 이 번역 작업하는 것이 미치도록 즐겁대', 0.5930929362916829), ([[280, 720], [884, 720], [884, 770], [280, 770]], '3, 나의 미래는 현재, 나의 생각과 행동으로 이어진다:', 0.4780652847586173), ([[280, 762], [944, 762], [944, 814], [280, 814]], '4 남과 비교하지 말고, 나 자신의 어제와 오늘올 비교하자', 0.5625676579168639), ([[288, 984], [839, 984], [839, 1038], [288, 1038]], '오나의 여산님-@집으로도 유명한 씨클이조앙""', 0.06584662852901339), ([[286, 1030], [870, 1030], [870, 1082], [286, 1082]], '네토라레나 강간 전개가 되도 끝은 항상 개그요소가', 0.48250951870373776), ([[285, 1073], [879, 1073], [879, 1127], [285, 1127]], '틀어가서 부담이 덜하달까 아니면 망중명중하다거나', 0.462974286796597), ([[18, 1110], [194, 1110], [194, 1162], [18, 1162]], '식자 후기', 0.9942868616310393), ([[285, 1120], [670, 1120], [670, 1170], [285, 1170]], '호불호가 약간 갈리논 작가입니다', 0.617995977843121), ([[286, 1212], [568, 1212], [568, 1260], [286, 1260]], '13.01,18 애 -기감?,의긋', 0.0005867386738452202), ([[387, 1379], [927, 1379], [927, 1420], [387, 1420]], '프로직트거팀 (이하 팀서) 에서 함께 작업하실', 0.33490009513701463), ([[417, 1415], [897, 1415], [897, 1453], [417, 1453]], '신규 번역자분들올 모집하고 있습니다 .', 0.8274668616190601), ([[31, 1437], [185, 1437], [185, 1477], [31, 1477]], '팀원모집중', 0.9953215645013656), ([[351, 1451], [961, 1451], [961, 1489], [351, 1489]], '번역 또는 포토잡이 가능한 역자 , 식자분들끼서논', 0.3647451351748557), ([[269, 1486], [1041, 1486], [1041, 1523], [269, 1523]], ';~-룹하7응서-47의@^기+악리;|어값 으로 연락주시기 바람니다 .', 1.7997496634901898e-05)]
