567551
36
[([[829, 73], [1111, 73], [1111, 409], [829, 409]], '외', 0.9084201103243039), ([[0, 908], [46, 908], [46, 962], [0, 962]], '?', 0.18358402587189548), ([[437, 617], [695, 617], [695, 963], [437, 963]], '다', 0.0491044317394449), ([[0, 955], [83, 955], [83, 1155], [0, 1155]], '<', 0.09655112050985792), ([[86, 1094], [380, 1094], [380, 1536], [86, 1536]], '품', 0.39564378456033467), ([[470, 1274], [550, 1274], [550, 1362], [470, 1362]], '액자', 0.1561219204236748), ([[542, 1320], [566, 1320], [566, 1348], [542, 1348]], "'8", 0.27766337625412846), ([[563, 1313], [655, 1313], [655, 1357], [563, 1357]], '햄스터', 0.5199031151644794), ([[565, 1279], [657, 1279], [657, 1323], [565, 1323]], '일랍쪽', 0.10436711624119097), ([[840, 1206], [1128, 1206], [1128, 1452], [840, 1452]], '관', 0.43556722645418233), ([[513, 1371], [625, 1371], [625, 1407], [513, 1407]], '꺾', 0.018030012872572776), ([[517, 1401], [623, 1401], [623, 1463], [517, 1463]], '장기8', 0.016277975060822254), ([[514, 1458], [626, 1458], [626, 1488], [514, 1488]], '묘스나', 0.15899757232386633), ([[504, 1486], [634, 1486], [634, 1534], [504, 1534]], '임8 순@', 0.006684782304872349)]
[]
[]
[([[968, 262], [1054, 262], [1054, 294], [968, 294]], '용왕남께', 0.746435284614563), ([[575, 593], [665, 593], [665, 623], [575, 623]], '감사해야', 0.999546229839325), ([[586, 620], [654, 620], [654, 650], [586, 650]], '깊구먼', 0.1434765151505986), ([[969, 871], [1053, 871], [1053, 987], [969, 987]], '채', 0.29335321033088135)]
[([[942, 170], [1008, 170], [1008, 200], [942, 200]], '그라온', 0.3142258149545315), ([[588, 184], [724, 184], [724, 216], [588, 216]], '내 용왕남하테', 0.4915203639024546), ([[942, 198], [1006, 198], [1006, 228], [942, 228]], '장로님', 0.9895847035166859), ([[590, 212], [720, 212], [720, 242], [590, 242]], '갖다오켓심더', 0.4835099950030571), ([[398, 336], [442, 336], [442, 360], [398, 360]], '그려', 0.9745276094680333), ([[588, 542], [634, 542], [634, 572], [588, 572]], '알켓', 0.49099592776642365), ([[586, 568], [632, 568], [632, 598], [586, 598]], '심더', 0.34182536539989383), ([[928, 682], [1000, 682], [1000, 712], [928, 712]], '니도 참', 0.8744651725529824), ([[930, 710], [998, 710], [998, 740], [930, 740]], '신양심', 0.7120271691178967), ([[930, 736], [996, 736], [996, 766], [930, 766]], '하나는', 0.9935836839986278), ([[930, 762], [998, 762], [998, 792], [930, 792]], '깊구먼', 0.8087835849617818), ([[513, 853], [585, 853], [585, 913], [513, 913]], '식@', 0.20641189588956949), ([[570, 1008], [636, 1008], [636, 1038], [570, 1038]], '오늘은', 0.888990044593811), ([[578, 1034], [626, 1034], [626, 1060], [578, 1060]], '만조', 0.9991602851965319), ([[560, 1060], [648, 1060], [648, 1090], [560, 1090]], '날이니까', 0.9985747933387756), ([[580, 1086], [626, 1086], [626, 1116], [580, 1116]], '단디', 0.9659032069044525), ([[558, 1112], [648, 1112], [648, 1142], [558, 1142]], '조심하고', 0.999975323677063), ([[190, 1296], [262, 1296], [262, 1326], [190, 1326]], '다 알고', 0.9913408910702433), ([[748, 1294], [868, 1294], [868, 1322], [748, 1322]], '자 , 이거라도', 0.43077101875988905), ([[194, 1322], [260, 1322], [260, 1352], [194, 1352]], '있심다', 0.1764793335785258), ([[754, 1320], [864, 1320], [864, 1350], [754, 1350]], '가져가래이', 0.9823930689482162), ([[175.61027683616376, 901.1631627118878], [208.57427443986555, 870.0275458253983], [282.38972316383627, 954.8368372881122], [249.42572556013445, 985.9724541746017]], '듯', 0.035827506317454016)]
[([[916, 228], [1052, 228], [1052, 258], [916, 258]], '우리 마을에선', 0.7252194996581154), ([[928, 254], [1042, 254], [1042, 284], [928, 284]], '먼 옛날부터', 0.7588927628314279), ([[920, 279], [1050, 279], [1050, 309], [920, 309]], '용왕넘이라는', 0.5981161616512656), ([[744, 298], [768, 298], [768, 324], [744, 324]], '기', 0.9356235077917177), ([[926, 306], [1044, 306], [1044, 338], [926, 338]], '신이 있어서', 0.9902918457179964), ([[126, 446], [202, 446], [202, 552], [126, 552]], '대', 0.09050263770404854), ([[556, 802], [622, 802], [622, 828], [556, 828]], '대대로', 0.9997556045962334), ([[556, 828], [624, 828], [624, 858], [556, 858]], '소중히', 0.9994211792945862), ([[546, 854], [634, 854], [634, 882], [546, 882]], '내려오고', 0.9999798536300659), ([[566, 882], [614, 882], [614, 910], [566, 910]], '있다.', 0.9890262324436911), ([[174, 900], [274, 900], [274, 928], [174, 928]], '뭐, 그것도', 0.8308778029512242), ([[179, 923], [270, 923], [270, 956], [179, 956]], '나한테는', 0.31925511360168457), ([[178, 952], [270, 952], [270, 982], [178, 982]], '여기에 올', 0.9984797682207324), ([[156, 978], [292, 978], [292, 1008], [156, 1008]], '구실에 지나지', 0.9989736746277796), ([[190, 1006], [260, 1006], [260, 1034], [190, 1034]], '않지만', 0.9957568073140199), ([[218, 1312], [292, 1312], [292, 1344], [218, 1344]], '어덧노', 0.4589478373527527), ([[210, 1342], [300, 1342], [300, 1374], [210, 1374]], '내 앓다.', 0.5081006855367356)]
[([[934, 326], [1000, 326], [1000, 356], [934, 356]], '다녀오', 0.9990431802085648), ([[926, 354], [1008, 354], [1008, 384], [926, 384]], '섞어요?', 0.8746167421340942), ([[174, 654], [220, 654], [220, 684], [174, 684]], '여보', 0.9997374352309868), ([[478, 932], [526, 932], [526, 964], [478, 964]], '맨날', 0.9982138626582857), ([[458, 960], [546, 960], [546, 988], [458, 988]], '기다리게', 0.999671459197998), ([[846, 964], [895, 964], [895, 994], [846, 994]], '그래', 0.9999895475975691), ([[478, 986], [524, 986], [524, 1012], [478, 1012]], '해서', 0.9999434393978074), ([[460, 1012], [548, 1012], [548, 1042], [460, 1042]], '미안하다', 0.9993341565132141), ([[262, 1098], [304, 1098], [304, 1124], [262, 1124]], '후후', 0.9997932338226859), ([[152, 1236], [240, 1236], [240, 1268], [152, 1268]], '괜찮아요', 0.9998209476470947)]
[([[662, 1006], [688, 1006], [688, 1048], [662, 1048]], ')', 0.9747571286741419)]
[([[716, 864], [762, 864], [762, 890], [716, 890]], '후아', 0.9612760390178976), ([[206, 1296], [254, 1296], [254, 1328], [206, 1328]], '기분', 0.9998805579206951), ([[170, 1322], [290, 1322], [290, 1352], [170, 1352]], '좋으세요 ?', 0.39990536058233145)]
[([[892, 248], [936, 248], [936, 274], [892, 274]], '후후', 0.9995772089981678), ([[158, 434], [246, 434], [246, 464], [158, 464]], '귀두에서', 0.9895054697990417), ([[170, 462], [236, 462], [236, 492], [170, 492]], '수컷의', 0.9997958663129016), ([[170, 488], [238, 488], [238, 518], [170, 518]], '냄새가', 0.9992471556644148), ([[142, 514], [264, 514], [264, 544], [142, 544]], '나는걸요: .?', 0.40760363420102613)]
[([[934, 1024], [982, 1024], [982, 1050], [934, 1050]], '여보', 0.9999330714605809), ([[898, 1202], [944, 1202], [944, 1234], [898, 1234]], '실은', 0.6624180200120648), ([[100, 1282], [234, 1282], [234, 1314], [100, 1314]], '오늘이 당신올', 0.8986111522113392), ([[106, 1310], [226, 1310], [226, 1340], [106, 1340]], '만날 수 있는', 0.5488477931861413), ([[132, 1336], [198, 1336], [198, 1362], [132, 1362]], '마지막', 0.9998620061172584), ([[122, 1362], [210, 1362], [210, 1392], [122, 1392]], '기회에요', 0.9989098906517029)]
[([[962, 146], [990, 146], [990, 174], [962, 174]], '뭐', 0.9999957084701805), ([[244, 214], [340, 214], [340, 242], [244, 242]], '그게 대체', 0.99978001977307), ([[238, 240], [344, 240], [344, 268], [238, 268]], '원 소리고?', 0.9962232357082913), ([[862, 618], [998, 618], [998, 650], [862, 650]], '다음 보름달이', 0.8250599284518227), ([[890, 646], [966, 646], [966, 676], [890, 676]], '뜨는 밤,', 0.9642095893948808), ([[872, 667], [989, 667], [989, 704], [872, 704]], '저논 일족의', 0.5240389504386915), ([[872, 698], [988, 698], [988, 728], [872, 728]], '사명에 따라', 0.8961908121535717), ([[892, 724], [966, 724], [966, 756], [892, 756]], '이 몸을', 0.4957549013604377), ([[848, 750], [1008, 750], [1008, 782], [848, 782]], '바처야만 합니다', 0.7462569329004837), ([[136, 1030], [222, 1030], [222, 1058], [136, 1058]], '지금까지', 0.9949890971183777), ([[136, 1056], [224, 1056], [224, 1086], [136, 1086]], '아무것도', 0.9948154091835022), ([[126, 1080], [234, 1080], [234, 1112], [126, 1112]], '말씀드리지', 0.9999164596606107), ([[122, 1108], [238, 1108], [238, 1138], [122, 1138]], '못해서 정말', 0.9952463169157247), ([[136, 1134], [224, 1134], [224, 1164], [136, 1164]], '죄송해요', 0.9993637204170227)]
[([[846, 196], [960, 196], [960, 228], [846, 228]], '저논 당신올', 0.4565612094873346), ([[838, 224], [928, 224], [928, 254], [838, 254]], '사랑해요', 0.9998204708099365), ([[224, 336], [294, 336], [294, 366], [224, 366]], '하지만', 0.9999536117467628), ([[83, 497], [221, 497], [221, 536], [83, 536]], '일족의 사명올', 0.746894163026122), ([[96, 530], [212, 530], [212, 560], [96, 560]], '거스틀 수는', 0.20472456293403402), ([[120, 556], [188, 556], [188, 586], [120, 586]], '없어요', 0.9999067420092292), ([[888, 1106], [976, 1106], [976, 1138], [888, 1138]], '죄송해요', 0.9979963302612305), ([[162, 1420], [190, 1420], [190, 1448], [162, 1448]], '웃:', 0.6416065691821594)]
[([[458, 326], [494, 326], [494, 352], [458, 352]], '마!', 0.9923093043983532), ([[444, 352], [512, 352], [512, 382], [444, 382]], '얼라야', 0.9648735330385443), ([[320, 642], [428, 642], [428, 672], [320, 672]], '거기 있냐?', 0.5825575148306998), ([[944, 1272], [990, 1272], [990, 1296], [944, 1296]], '그래', 0.48071027615642625), ([[934, 1298], [1004, 1298], [1004, 1328], [934, 1328]], '문디야', 0.9944303128285377), ([[823, 1355], [881, 1355], [881, 1375], [823, 1375]], "니;'", 0.07897373471914129), ([[820, 1378], [886, 1378], [886, 1406], [820, 1406]], '거기서', 0.9997270429973146), ([[184, 1396], [300, 1396], [300, 1428], [184, 1428]], '좀 피곤해서', 0.9954496942155835), ([[812, 1404], [894, 1404], [894, 1434], [812, 1434]], '뭐하노?', 0.9443373084068298), ([[216, 1424], [266, 1424], [266, 1454], [216, 1454]], '잦다.', 0.9276834320922908), ([[557, 1513], [581, 1513], [581, 1533], [557, 1533]], '12', 0.9999825512493038)]
[([[936, 170], [960, 170], [960, 196], [936, 196]], '뭐', 0.999994277962287), ([[914, 196], [982, 196], [982, 226], [914, 226]], '어쨌든', 0.9999354419457361), ([[160, 274], [270, 274], [270, 304], [160, 304]], '장로님들이', 0.9359202405843291), ([[182, 300], [250, 300], [250, 332], [182, 332]], '부르다', 0.9903211718998423), ([[836, 650], [952, 650], [952, 682], [836, 682]], '큰일 있다고', 0.9982914223621175), ([[850, 678], [940, 678], [940, 706], [850, 706]], '여기저기', 0.9999472498893738), ([[844, 704], [944, 704], [944, 734], [844, 734]], '시끄럼데?', 0.42210103105790076), ([[826, 730], [960, 730], [960, 760], [826, 760]], '빨리 오그래이', 0.7525243037282634), ([[906, 1156], [963, 1156], [963, 1187], [906, 1187]], '그래:', 0.9165145671926073), ([[916, 1186], [986, 1186], [986, 1216], [916, 1216]], '알있다 .', 0.3106522987220337), ([[806, 1312], [904, 1312], [904, 1344], [806, 1344]], '지금 간다.', 0.9840879629590106), ([[563, 1515], [587, 1515], [587, 1535], [563, 1535]], '13', 0.5314998850690305)]
[([[806, 180], [872, 180], [872, 206], [806, 206]], '그래서', 0.6096245050430298), ([[642, 361], [769, 361], [769, 391], [642, 391]], '원 일입니꺼?', 0.9145720484242206), ([[672, 388], [738, 388], [738, 418], [672, 418]], '장로님', 0.972476133737523), ([[192, 472], [240, 472], [240, 500], [192, 500]], '그기', 0.9999683057170314), ([[940, 784], [964, 784], [964, 808], [940, 808]], '이', 0.999886635178715), ([[908, 810], [996, 810], [996, 840], [908, 840]], '마을에는', 0.8275732398033142), ([[196, 834], [292, 834], [292, 862], [196, 862]], '한 세대에', 0.9982916065827712), ([[920, 836], [988, 836], [988, 866], [920, 866]], '특별한', 0.5277840307957924), ([[194, 860], [294, 860], [294, 890], [194, 890]], '한 번 정도', 0.7429450359886752), ([[918, 862], [986, 862], [986, 894], [918, 894]], '관습이', 0.9998476906884625), ([[200, 886], [288, 886], [288, 916], [200, 916]], '용왕넘이', 0.567446492998549), ([[920, 888], [988, 888], [988, 918], [920, 918]], '있어가', 0.9961210397881922), ([[176, 912], [312, 912], [312, 944], [176, 944]], '시기틀 알리는', 0.27133510826040186), ([[174, 934], [313, 934], [313, 971], [174, 971]], '증표틀 보랜다', 0.19657695678133935), ([[942, 1302], [1030, 1302], [1030, 1326], [942, 1326]], '그라니까', 0.9986017236585699), ([[896, 1326], [1078, 1326], [1078, 1358], [896, 1358]], '다음 보름달이 뜨는', 0.7081659080712942), ([[886, 1354], [1088, 1354], [1088, 1384], [886, 1384]], '밤에 용왕넘이 사시논', 0.5632172822482022), ([[896, 1380], [1080, 1380], [1080, 1410], [896, 1410]], '곳에 신랑올 보내야', 0.5962609948921513), ([[906, 1406], [1070, 1406], [1070, 1436], [906, 1436]], '한다는 거 아이가', 0.9764407731927961)]
[([[204, 168], [250, 168], [250, 198], [204, 198]], '납득', 0.9559048638536426), ([[928, 160], [1018, 160], [1018, 192], [928, 192]], '미안하다', 0.9622236592475327), ([[193, 193], [262, 193], [262, 225], [193, 225]], '하래이', 0.9388554692268372), ([[800, 266], [916, 266], [916, 298], [800, 298]], '이건 마을과', 0.9672487391157337), ([[790, 292], [926, 292], [926, 324], [790, 324]], '용왕님 사이에', 0.6640153407665179), ([[790, 318], [926, 318], [926, 350], [790, 350]], '약속한 거니게', 0.44849518314608416), ([[874, 476], [1006, 476], [1006, 506], [874, 506]], '일족의 사명올', 0.7055202540643889), ([[136, 512], [252, 512], [252, 542], [136, 542]], '거스률 수는', 0.41596766732984697), ([[160, 540], [228, 540], [228, 568], [160, 568]], '없어요', 0.9986829335443919), ([[904, 794], [992, 794], [992, 826], [904, 826]], '알켓심다', 0.1403108835220337), ([[784, 962], [926, 962], [926, 992], [784, 992]], '그 역할을 제가', 0.6432331545765666), ([[800, 988], [908, 988], [908, 1020], [800, 1020]], '맡계습니더', 0.7474863203950306), ([[561, 1515], [587, 1515], [587, 1535], [561, 1535]], '15', 0.9992256154827124)]
[]
[([[924, 172], [968, 172], [968, 200], [924, 200]], '다음', 0.9992641110620673), ([[904, 198], [992, 198], [992, 228], [904, 228]], '보름달이', 0.9247254729270935), ([[908, 226], [982, 226], [982, 252], [908, 252]], '프는 밤', 0.8266277063513466), ([[890, 250], [1002, 250], [1002, 278], [890, 278]], '저논 일족의', 0.3216654802558818), ([[890, 278], [1004, 278], [1004, 306], [890, 306]], '사덩에 따라', 0.8805385235425769), ([[940, 302], [982, 302], [982, 332], [940, 332]], '몸올', 0.41118709965119377), ([[904, 330], [988, 330], [988, 356], [904, 356]], '바처야만', 0.9757837057113647), ([[912, 356], [982, 356], [982, 386], [912, 386]], '합니다.', 0.9853156208992004), ([[851, 535], [877, 535], [877, 555], [851, 555]], '그', 0.9998909264744817), ([[820, 558], [890, 558], [890, 588], [820, 588]], '너석도:', 0.55344557762146), ([[704, 848], [848, 848], [848, 878], [704, 878]], '지금 좀 일족의', 0.7999786171090012), ([[698, 876], [856, 876], [856, 906], [698, 906]], '사덩이니 뛰니에', 0.46468986700007003), ([[734, 902], [822, 902], [822, 932], [734, 932]], '희생되고', 0.9996652472437735), ([[724, 928], [800, 928], [800, 958], [724, 958]], '있켓지::', 0.16219571604634547)]
[([[698, 178], [722, 178], [722, 202], [698, 202]], '보', 0.9999997615814351), ([[238, 322], [286, 322], [286, 348], [238, 348]], '아아', 0.9998559451110108), ([[901, 307], [1021, 307], [1021, 349], [901, 349]], '보어어어어6형', 0.06389365676361085), ([[212, 343], [311, 343], [311, 381], [212, 381]], '다행이다 ', 0.13180314454599307), ([[616, 342], [670, 342], [670, 366], [616, 366]], '여보!', 0.9973152558413644), ([[156, 410], [224, 410], [224, 440], [156, 440]], '정신이', 0.9997421152491451), ([[142, 438], [242, 438], [242, 468], [142, 468]], '드여어요?', 0.2839692601081631), ([[940, 878], [988, 878], [988, 910], [940, 910]], '설마', 0.9999563361441531), ([[51, 939], [139, 939], [139, 1049], [51, 1049]], '8', 0.12266145539014417), ([[860, 1006], [928, 1006], [928, 1036], [860, 1036]], '당신이', 0.9995589103069542), ([[850, 1032], [936, 1032], [936, 1062], [850, 1062]], '신랑으로', 0.9983095526695251), ([[852, 1060], [938, 1060], [938, 1088], [852, 1088]], '오시다니', 0.9998070001602173), ([[182, 1206], [270, 1206], [270, 1236], [182, 1236]], '조상남께', 0.6064925789833069), ([[180, 1232], [272, 1232], [272, 1262], [180, 1262]], '감사해야', 0.9997785091400146), ([[166, 1258], [244, 1258], [244, 1290], [166, 1290]], '젊어요', 0.3072335050389274), ([[561, 1509], [585, 1509], [585, 1529], [561, 1529]], '18', 0.9999914863472156)]
[([[714, 246], [762, 246], [762, 274], [714, 274]], '아아', 0.9998849410424042), ([[626, 346], [714, 346], [714, 378], [626, 378]], '죄송해요', 0.9989993572235107), ([[222, 570], [338, 570], [338, 602], [222, 602]], '무심코 저만', 0.9844455483947901), ([[246, 598], [314, 598], [314, 626], [246, 626]], '이야기', 0.9998822404721047), ([[226, 624], [294, 624], [294, 654], [226, 654]], '햇네요', 0.9824263407136711), ([[934, 788], [982, 788], [982, 820], [934, 820]], '실은', 0.9991115757739311), ([[764, 892], [898, 892], [898, 922], [764, 922]], '당신 마을에서', 0.9417826358007294), ([[191, 905], [288, 905], [288, 942], [191, 942]], '우리 일족', 0.7028104004780488), ([[774, 916], [888, 916], [888, 948], [774, 948]], '밤들고 짓는', 0.20015821566442546), ([[194, 936], [282, 936], [282, 966], [194, 966]], '이없어요', 0.9615352153778076), ([[788, 944], [874, 944], [874, 976], [788, 976]], '용왕남은', 0.8968042731285095), ([[195, 1285], [286, 1285], [286, 1318], [195, 1318]], '그런데:  ', 0.6964033019876245), ([[843, 1273], [1026, 1273], [1026, 1306], [843, 1306]], '그래서 즉장의 딸인', 0.7709263540187381), ([[206, 1314], [294, 1314], [294, 1344], [206, 1344]], '사랑하는', 0.9272345219216425), ([[844, 1300], [1026, 1300], [1026, 1332], [844, 1332]], '제게 내려진 사명은', 0.6128554520669814), ([[204, 1340], [296, 1340], [296, 1370], [204, 1370]], '당신이 제', 0.9994909141713337), ([[868, 1327], [1004, 1327], [1004, 1357], [868, 1357]], '인간 신랑남과', 0.6105523516514182), ([[84, 1368], [178, 1368], [178, 1400], [84, 1400]], '마치 굽만', 0.5610911975023679), ([[196, 1366], [306, 1366], [306, 1398], [196, 1398]], '신랑이라니', 0.9985806619081701), ([[692, 1322], [746, 1322], [746, 1416], [692, 1416]], '0', 0.6053134887624765), ([[868, 1352], [1002, 1352], [1002, 1384], [868, 1384]], '결혼해 씨족올', 0.25503697565202177), ([[856, 1380], [1014, 1380], [1014, 1412], [856, 1412]], '기르는 것이어요', 0.9604279579645095), ([[88, 1396], [174, 1396], [174, 1426], [88, 1426]], '같은걸요', 0.8030876517295837), ([[561, 1513], [587, 1513], [587, 1533], [561, 1533]], '19', 0.9999764617108438)]
[([[394, 694], [462, 694], [462, 724], [394, 724]], '하지만', 0.9999339966225537), ([[404, 720], [452, 720], [452, 750], [404, 750]], '지금', 0.9999787580544308), ([[930, 726], [1024, 726], [1024, 758], [930, 758]], '복잡한 건', 0.82149869113748), ([[392, 746], [466, 746], [466, 776], [392, 776]], '눈 앞에', 0.953320854651062), ([[930, 754], [1024, 754], [1024, 784], [930, 784]], '잘 모르다', 0.9154194202837468), ([[384, 772], [470, 772], [470, 802], [384, 802]], '사랑하는', 0.8328261971473694), ([[406, 798], [452, 798], [452, 828], [406, 828]], '니가', 0.9760940755735797), ([[384, 824], [434, 824], [434, 856], [384, 856]], '있다', 0.9999030636245916), ([[144, 964], [190, 964], [190, 990], [144, 990]], '내는', 0.99894977784028), ([[134, 990], [200, 990], [200, 1020], [134, 1020]], '그결로', 0.6920835971832275), ([[124, 1016], [214, 1016], [214, 1046], [124, 1046]], '충분하다', 0.9373677958847085)]
[([[946, 146], [992, 146], [992, 174], [946, 174]], '후후', 0.9995181269463331), ([[180, 316], [246, 316], [246, 346], [180, 346]], '렇균요', 0.30343860387802124), ([[978, 724], [1022, 724], [1022, 750], [978, 750]], '저도', 0.9999807810911719), ([[898, 860], [966, 860], [966, 890], [898, 890]], '당신끼', 0.49745073914527893), ([[158, 1102], [246, 1102], [246, 1134], [158, 1134]], '언문따위', 0.9890586137771606), ([[168, 1132], [192, 1132], [192, 1158], [168, 1158]], '논', 0.7655921432920856)]
[([[676, 486], [732, 486], [732, 560], [676, 560]], '새', 0.008116057591709913), ([[984, 530], [1012, 530], [1012, 558], [984, 558]], '젓', 0.021549359608830088), ([[945, 639], [965, 639], [965, 665], [945, 665]], '후', 0.7628609959962319), ([[978, 862], [1004, 862], [1004, 886], [978, 886]], '아', 0.9996599248146119), ([[27, 1293], [47, 1293], [47, 1331], [27, 1331]], '1', 0.5308642503305236), ([[556, 1508], [582, 1508], [582, 1532], [556, 1532]], '22', 0.999999915706304)]
[([[561, 1517], [587, 1517], [587, 1537], [561, 1537]], '23', 0.9999639224882906)]
[([[971, 167], [1007, 167], [1007, 215], [971, 215]], '0', 0.991518319847362)]
[([[560, 1510], [586, 1510], [586, 1534], [560, 1534]], '25', 0.9999123356805869)]
[([[813, 477], [857, 477], [857, 533], [813, 533]], '의', 0.004869701702447993), ([[232.11353977381626, 60.032786946519494], [320.1850711221877, 33.20061594018648], [368.8864602261837, 218.96721305348052], [280.8149288778123, 245.79938405981352]], '세', 0.1341362525312242)]
[([[667, 191], [739, 191], [739, 227], [667, 227]], "'알앉다:", 0.10390246075796976), ([[1008, 234], [1080, 234], [1080, 262], [1008, 262]], '제 안에', 0.9927015801330863), ([[846, 1261], [969, 1261], [969, 1297], [846, 1297]], '잇는 제 알에', 0.21016066978553286), ([[850, 1292], [964, 1292], [964, 1322], [850, 1322]], '당신의 씨틀', 0.9187906513718704), ([[844, 1316], [968, 1316], [968, 1348], [844, 1348]], '뿌려주세요:.', 0.4325008245954032)]
[]
[([[224, 160], [294, 160], [294, 192], [224, 192]], '아아앗', 0.47777315974235535), ([[136, 228], [184, 228], [184, 258], [136, 258]], '하앗', 0.232748012347303), ([[996, 422], [1040, 422], [1040, 448], [996, 448]], '세요', 0.9999358530991852), ([[904, 536], [972, 536], [972, 566], [904, 566]], '주세요', 0.9998311040961688), ([[759, 731], [839, 731], [839, 767], [759, 767]], '주세요', 0.9812801145043051), ([[745, 1360], [900, 1360], [900, 1404], [745, 1404]], '당신의 씨틀', 0.6962107513669376), ([[755, 1401], [895, 1401], [895, 1439], [755, 1439]], '주세요: 빛', 0.2103786796252351), ([[560, 1514], [586, 1514], [586, 1538], [560, 1538]], '29', 0.9999989884757856)]
[([[574, 784], [604, 784], [604, 818], [574, 818]], "'(", 0.21932483065415956), ([[177, 1161], [370, 1161], [370, 1552], [177, 1552]], '문', 0.08998627476572452), ([[20.917048275955008, 1159.1280910352357], [129.0254687505133, 1100.1210937457224], [209.082951724045, 1273.8719089647643], [100.97453124948667, 1333.8789062542776]], '9)', 0.814010313322643)]
[([[477, 679], [570, 679], [570, 718], [477, 718]], '앞으로도', 0.9988303780555725), ([[404, 838], [472, 838], [472, 870], [404, 870]], '사랑해', 0.9989447593688965), ([[561, 1515], [585, 1515], [585, 1535], [561, 1535]], '31', 0.9999984827137908), ([[97, 1503], [205, 1503], [205, 1565], [97, 1565]], '[[교-', 0.0009708338766358793)]
[([[17, 0], [97, 0], [97, 35], [17, 35]], '사@', 0.0064233651896148675), ([[0, 100], [62, 100], [62, 156], [0, 156]], '권', 0.00918855908843691), ([[216, 38], [926, 38], [926, 208], [216, 208]], '후기랑께?', 0.8821011873672213), ([[0, 194], [70, 194], [70, 280], [0, 280]], '@', 0.9631396678999096), ([[185, 307], [275, 307], [275, 375], [185, 375]], '@', 0.9979856631620265), ([[613, 299], [705, 299], [705, 367], [613, 367]], '세@', 0.13397644858651062), ([[847, 285], [907, 285], [907, 353], [847, 353]], '(', 0.5549845100635054), ([[235, 459], [381, 459], [381, 503], [235, 503]], '역자 후기', 0.9976509053193616), ([[772, 460], [922, 460], [922, 508], [772, 508]], '식자 후기', 0.9998766274732797), ([[701, 471], [761, 471], [761, 535], [701, 535]], ' (', 0.7478889325490582), ([[98, 538], [518, 538], [518, 590], [98, 590]], '이번편은 고풍스러운 말투릎', 0.5330556588733002), ([[718, 540], [983, 540], [983, 591], [718, 591]], '팀 로리 진짜 망함', 0.3195557016626407), ([[78, 582], [538, 582], [538, 630], [78, 630]], '쓰는 히로인이 나왕조 번역하는', 0.5191739206415102), ([[688, 583], [1008, 583], [1008, 631], [688, 631]], '그리고 내가 선입찰한', 0.7274234880611872), ([[114, 624], [502, 624], [502, 672], [114, 672]], '내내 아리가 생각나더군요', 0.6692732403980316), ([[605, 619], [1091, 619], [1091, 682], [605, 682]], '인외춘만 5편 상회입찰 하지마라', 0.4819361030493533), ([[91, 665], [524, 665], [524, 714], [91, 714]], '그러니까 시발 쫓같은 구미호', 0.8008908152930492), ([[93, 697], [567, 697], [567, 759], [93, 759]], '나오는 그림올 그리라고 학학 &', 0.43176977945270706), ([[152, 750], [464, 750], [464, 798], [152, 798]], '우리같이 홀려올까요', 0.4387325252036946), ([[689, 809], [749, 809], [749, 871], [689, 871]], "'(", 0.34546192709187373), ([[654, 964], [686, 964], [686, 1002], [654, 1002]], '0', 0.9279800575681953), ([[776, 970], [870, 970], [870, 1042], [776, 1042]], '{@', 0.02210617087094568), ([[309, 1141], [347, 1141], [347, 1187], [309, 1187]], '@', 0.7020026678570481), ([[8, 1158], [118, 1158], [118, 1230], [8, 1230]], '{@행', 0.011738194018350363), ([[435, 1151], [531, 1151], [531, 1219], [435, 1219]], '@', 0.9978058466231232), ([[633, 1159], [723, 1159], [723, 1225], [633, 1225]], '@', 0.9998363323427704), ([[698, 1242], [748, 1242], [748, 1294], [698, 1294]], '기', 0.1440139629857038), ([[777, 1219], [845, 1219], [845, 1279], [777, 1279]], '53', 0.11909867966692422), ([[399, 1313], [451, 1313], [451, 1357], [399, 1357]], '@)', 0.09627682803417942), ([[95, 1322], [211, 1322], [211, 1402], [95, 1402]], "{@입'", 0.098300039768219), ([[0, 1384], [74, 1384], [74, 1474], [0, 1474]], ')엔', 0.10081038094697108), ([[695, 1347], [748, 1347], [748, 1465], [695, 1465]], '입', 0.17221655822608284), ([[614, 1458], [764, 1458], [764, 1560], [614, 1560]], '{@굶', 0.04780155928073049), ([[928, 1508], [978, 1508], [978, 1568], [928, 1568]], '-', 0.08184059143045008), ([[496, 1554], [584, 1554], [584, 1600], [496, 1600]], '세이', 0.06637268112616862), ([[913.0397024783201, 44.20397024783201], [1060.631199975937, -15.682392702991065], [1086.9602975216799, 44.79602975216799], [939.3688000240629, 106.68239270299107]], '-@@!거 `', 0.0038830866827368384), ([[55.0, 63.0], [203.13276675126957, -1.5870457698821472], [231.0, 63.0], [82.86723324873041, 127.58704576988215]], '-~@@', 0.17647074369201268), ([[89.22148515341125, 143.49800991421037], [235.45624260526745, 115.27592004492627], [244.77851484658876, 185.50199008578963], [99.54375739473255, 214.72407995507373]], "'@@_", 0.010035175830125809), ([[574.8445824720006, 219.42229123600035], [722.682164177901, 164.3685694308303], [747.1554175279994, 231.57770876399965], [599.317835822099, 286.6314305691697]], '-~@_', 0.038071077316999435), ([[144.37956343300965, 232.41386902990288], [290.0111876759953, 168.30181944674808], [318.62043656699035, 234.58613097009712], [172.9888123240047, 298.6981805532519]], '-~@!뽑', 0.013319325776279686), ([[771.7530495244557, 223.0024396195646], [915.7085117629483, 172.3952793600144], [938.2469504755443, 240.9975603804354], [794.2914882370517, 291.6047206399856]], '-@@기기', 0.0019769464136870337), ([[342.03970247832007, 239.20397024783202], [487.75968026037253, 181.4478757850463], [511.96029752167993, 241.79602975216798], [365.24031973962747, 299.55212421495366]], '-~@!]', 0.008505572094909826), ([[415.18789204271775, 299.2079357836864], [511.0253358311251, 288.73736490699196], [514.8121079572823, 357.7920642163136], [419.9746641688749, 368.26263509300804]], '@', 0.9874562103543418), ([[664.3373897182308, 392.7012169154692], [807.3403601260162, 329.04344447482805], [835.6626102817692, 394.2987830845308], [692.6596398739838, 456.95655552517195]], '-~@기뽑', 0.00198630492441403), ([[235.64370978203266, 400.65748391281306], [377.8186952586145, 336.1339395948348], [407.35629021796734, 403.34251608718694], [266.1813047413855, 467.8660604051652]], '-~@!염', 0.006452084045108661), ([[860.1553545944727, 398.43107091889453], [1005.500531134498, 337.1910278673058], [1031.8446454055274, 399.56892908110547], [887.499468865502, 461.8089721326942]], '-~@전거', 0.003722015784494009), ([[430.3373897182308, 406.7012169154692], [575.4241350199562, 343.1196293241596], [602.6626102817692, 408.2987830845308], [457.5758649800437, 470.8803706758404]], '-~@@창', 0.002807565038530092), ([[4.753049524455758, 415.0024396195646], [145.44559774098872, 354.1394995739836], [171.24695047554425, 416.9975603804354], [29.55440225901129, 478.8605004260164]], '-@@가`', 0.0018365320205364856), ([[527.3373897182308, 575.7012169154692], [668.7635584055863, 522.4519017217253], [690.6626102817692, 583.2987830845308], [550.2364415944137, 636.5480982782747]], '-~@핵안_', 0.0020840594567702155), ([[856.9699482330199, 725.3008291689657], [943.9857441950502, 709.086512967197], [952.0300517669801, 771.6991708310343], [865.0142558049498, 786.913487032803]], '개))', 0.10882337435406401), ([[623.341306738663, 738.1993576285181], [706.9497474683059, 727.0502525316941], [712.658693261337, 792.8006423714819], [630.0502525316941, 803.9497474683059]], '-교@', 0.030993990902334217), ([[933.3373897182308, 902.7012169154692], [1076.5250455305622, 842.2143391142226], [1102.6626102817693, 904.2987830845308], [959.4749544694378, 964.7856608857774]], '-~@_ ,', 0.011950134189746034), ([[502.9501552810008, 908.9750776405003], [647.8943748457606, 844.1987982548917], [677.0498447189992, 912.0249223594997], [532.1056251542394, 977.8012017451083]], '-]걸', 0.0024150023599602403), ([[701.8445824720006, 915.4222912360003], [842.2020880622356, 850.9223129569921], [871.1554175279994, 917.5777087639997], [730.7979119377644, 981.0776870430079]], '-@@!염', 0.0013327065439348233), ([[77.14005659429965, 919.8840339565797], [217.25329181195593, 856.9665163347833], [244.85994340570036, 922.1159660434203], [105.74670818804407, 985.0334836652167]], '-@@!&', 0.0009221522969974052), ([[271.0, 927.0], [417.52862943755616, 864.2177637075101], [444.0, 927.0], [297.47137056244384, 989.7822362924899]], '-~@기_', 0.011052976685448003), ([[-22.366563145999496, 993.3167184270003], [65.43679608736721, 947.0818262887676], [89.36656314599949, 993.6832815729997], [0.5632039126327859, 1039.9181737112324]], '태0)', 0.021168708391072592), ([[99.94594485403319, 1003.3405393394365], [269.96788120171567, 954.3036299664806], [289.0540551459668, 1027.6594606605636], [119.03211879828434, 1077.6963700335193]], "' @8)", 0.05336920348946387), ([[343.200359892036, 979.1817634709763], [459.13897389834443, 969.5195755931901], [461.799640107964, 1045.8182365290236], [345.86102610165557, 1056.4804244068098]], "민인@'", 0.03380823880434036), ([[542.414405537378, 993.1819438107257], [629.4014040595886, 986.547491248177], [631.585594462622, 1049.8180561892743], [544.5985959404114, 1056.452508751823]], '세@', 0.06284944776557012), ([[592.9501552810008, 1078.9750776405003], [736.8618077515011, 1014.1707094157268], [766.0498447189992, 1082.0249223594997], [622.1381922484989, 1147.8292905842732]], '-@@!표', 0.005873976354101833), ([[791.8445824720006, 1084.4222912360003], [933.3117090530842, 1022.0178810664295], [961.1554175279994, 1086.5777087639997], [819.6882909469158, 1149.9821189335705]], '[~@-]', 0.0014510741714464706), ([[164.95015528100075, 1087.9750776405003], [306.7334145612141, 1022.062568380931], [338.0498447189992, 1091.0249223594997], [195.26658543878594, 1156.937431619069]], '-~@홍교', 0.001580575008845699), ([[361.2825636685871, 1093.3695382011522], [502.67101946910066, 1027.01147095727], [533.717436331413, 1096.6304617988478], [392.32898053089934, 1162.98852904273]], '-@!&', 0.003656707238405943), ([[-26.499336836196814, 1096.4002652655213], [70.9974514173902, 1045.2536635875015], [97.49933683619682, 1097.5997347344787], [-0.9974514173901987, 1148.7463364124985]], '실초', 0.0007805235517060441), ([[198.1470357815517, 1167.217550282517], [318.43730355208345, 1153.2501449518606], [322.85296421844834, 1224.782449717483], [202.56269644791655, 1238.7498550481394]], '민@인', 0.042150662732213906), ([[952.1780050634732, 1172.0680303808392], [1079.9277444537988, 1195.1530439220032], [1069.8219949365268, 1241.9319696191608], [942.0722555462012, 1218.8469560779968]], '물젠오', 0.05991223928691774), ([[826.2900074199778, 1197.0640118719643], [949.4608028254014, 1166.6205442687374], [961.7099925800222, 1224.9359881280357], [837.5391971745986, 1256.3794557312626]], '면웬속', 0.012765945276582154), ([[256.3103526837755, 1257.9793174153979], [394.53743769862683, 1190.9051579486343], [425.6896473162245, 1261.0206825846021], [287.46256230137317, 1328.0948420513657]], '-@@가움', 0.005042805273895532), ([[451.14005659429966, 1263.8840339565797], [593.3403601260162, 1201.043444474828], [620.8599434057004, 1266.1159660434203], [478.6596398739838, 1328.956555525172]], '-@@:&', 0.0015583066772151656), ([[20.282563668587102, 1272.3695382011522], [163.76727425904434, 1207.090691234214], [193.7174363314129, 1275.6304617988478], [51.23272574095566, 1341.909308765786]], '-@@!&', 0.001647111685453254), ([[761.9876959440683, 1253.086013146925], [807.1496359569695, 1281.920836231915], [745.0123040559317, 1375.913986853075], [699.8503640430305, 1346.079163768085]], '올', 0.005438194971109311), ([[288.12703119981626, 1334.1970466391365], [406.0965207541601, 1322.464713811755], [409.87296880018374, 1398.8029533608635], [291.9034792458399, 1411.535286188245]], '@', 0.9858884325082364), ([[344.9721807150127, 1427.3777445720102], [485.76165959698034, 1362.0860084836236], [515.0278192849872, 1430.6222554279898], [374.23834040301966, 1495.9139915163764]], '-~@표', 0.006151326932013035), ([[540.0397024783201, 1436.203970247832], [687.5549533906648, 1374.24304830422], [713.9602975216799, 1436.796029752168], [566.4450466093352, 1499.75695169578]], '-~@_ ', 0.06405247347437913), ([[112.44614463584767, 1442.4123012450934], [253.28618000732877, 1378.9953100887624], [280.5538553641523, 1444.5876987549066], [139.71381999267123, 1508.0046899112376]], '-~@가&', 0.003637590288893765)]
[([[387, 203], [716, 203], [716, 255], [387, 255]], '(:+절-어쇼*시', 3.119593003921932e-05), ([[386, 250], [768, 250], [768, 352], [386, 352]], '시죽;릎4', 0.04664699455790307), ([[408, 534], [600, 534], [600, 566], [408, 566]], '2011-08터141', 0.22419024526440587), ([[613, 533], [741, 533], [741, 569], [613, 569]], '숲]#표주수주', 0.011805684601192478), ([[485, 659], [663, 659], [663, 701], [485, 701]], '쓸귀 주수-흡', 0.0007572463357035186), ([[488, 700], [666, 700], [666, 754], [488, 754]], '{ -농화', 0.15686580542117098), ([[516, 764], [548, 764], [548, 790], [516, 790]], '[:', 0.04422922195462523), ([[561, 755], [637, 755], [637, 791], [561, 791]], '2130', 0.9999490976333618), ([[482, 798], [508, 798], [508, 826], [482, 826]], '+:', 0.7411478535076936), ([[521, 793], [667, 793], [667, 829], [521, 829]], ';아,+아<00', 0.004109095877507873), ([[537, 867], [609, 867], [609, 909], [537, 909]], '%수7', 0.01744904795643137), ([[482, 902], [669, 902], [669, 963], [482, 963]], '(치 | " ', 0.10485608219300499), ([[423, 958], [722, 958], [722, 1007], [423, 1007]], ';|,+기악어어@8적리-<어적', 8.291957661429389e-07), ([[404, 1002], [741, 1002], [741, 1042], [404, 1042]], '훌+아:/ /명*차((/*어,+아악/', 0.00012905437120668494), ([[521, 1077], [625, 1077], [625, 1117], [521, 1117]], '티]하주', 0.002222570823505521), ([[279, 1113], [869, 1113], [869, 1173], [279, 1173]], '###표티_곁#. 숲#74 60#3', 0.0024841000182780145), ([[373, 1175], [773, 1175], [773, 1211], [373, 1211]], '훌++아:/ / 애담 악유하7-미어-*.아값', 4.258166407417067e-06), ([[291, 1283], [561, 1283], [561, 1327], [291, 1327]], '#버82825-논', 0.040688831470058924), ([[573, 1283], [737, 1283], [737, 1327], [573, 1327]], '젓보 #축', 0.01578094288596367), ([[749, 1285], [857, 1285], [857, 1327], [749, 1327]], '커추즈', 0.004192126931431665), ([[553, 1513], [577, 1513], [577, 1533], [553, 1533]], '32', 0.9999998314126102)]
[([[29, 0], [157, 0], [157, 83], [29, 83]], '~수', 0.3851990071603828), ([[0, 75], [444, 75], [444, 376], [0, 376]], '8', 0.2073921368122491), ([[0, 908], [46, 908], [46, 964], [0, 964]], '?', 0.15974869113576062), ([[444, 618], [684, 618], [684, 963], [444, 963]], '다', 0.3762545661266472), ([[0, 952], [88, 952], [88, 1114], [0, 1114]], '도', 0.3284024498967142), ([[513, 1371], [625, 1371], [625, 1407], [513, 1407]], '-이행', 0.00037162473516600514), ([[517, 1401], [621, 1401], [621, 1463], [517, 1463]], '장기8', 0.01950472116398115), ([[754, 1180], [1074, 1180], [1074, 1528], [754, 1528]], '류', 0.013725699173910977), ([[512, 1458], [626, 1458], [626, 1488], [512, 1488]], '묘스[4', 0.07662247121334076), ([[504, 1486], [634, 1486], [634, 1534], [504, 1534]], '디8 순@', 0.006966194499502316), ([[219.09115597084508, 1144.0105911492535], [504.3383728969648, 1273.5101069016343], [330.9088440291549, 1650.9894088507465], [45.661627103035165, 1520.4898930983657]], '연', 0.00772854606968304)]
