567758
33
[([[46, 38], [148, 38], [148, 176], [46, 176]], '#', 0.04834915398116402), ([[123, 39], [247, 39], [247, 313], [123, 313]], '알', 0.7569083052863022), ([[42, 298], [148, 298], [148, 354], [42, 354]], '촌', 0.0016298968109540596)]
[([[512, 48], [724, 48], [724, 218], [512, 218]], '_낙', 0.0073736777886020686), ([[436, 352], [718, 352], [718, 384], [436, 384]], '렉:- -작설- )---5', 5.170317086932471e-05), ([[560, 390], [594, 390], [594, 418], [560, 418]], '고들', 0.021664379379247818), ([[538, 424], [620, 424], [620, 454], [538, 454]], '[):`-)', 0.010314212853890701), ([[604, 966], [726, 966], [726, 998], [604, 998]], '번역&식자', 0.9945135338474073), ([[605, 995], [723, 995], [723, 1031], [605, 1031]], '6애 생사계', 0.1549585811183697), ([[607.8178711021488, 206.07011725805057], [672.6787035029264, 174.02305850698144], [731.1821288978512, 309.9298827419494], [665.3212964970736, 340.97694149301856]], '일', 0.988861399837365)]
[([[410, 78], [460, 78], [460, 108], [410, 108]], '란광', 0.34636630003975877)]
[([[296, 62], [374, 62], [374, 94], [296, 94]], '이리와 .', 0.7660232050306957)]
[([[576, 562], [666, 562], [666, 594], [576, 594]], '안되니다', 0.153512641787529), ([[102, 690], [252, 690], [252, 718], [102, 718]], '도련님, 그러시면:', 0.8642308330923772), ([[556, 618], [652, 618], [652, 714], [556, 714]], '달', 0.016349458623748925)]
[([[208, 140], [232, 140], [232, 166], [208, 166]], '벼', 0.026327460036563943), ([[501.5721864729179, 837.0288745891671], [647.7338074472729, 782.4211603215724], [671.4278135270821, 846.9711254108329], [525.2661925527271, 901.5788396784276]], ' 요소', 0.041556596897391974)]
[([[68.03970247832008, 716.203970247832], [178.4967229311013, 659.3833934013795], [209.9602975216799, 718.796029752168], [99.50327706889871, 775.6166065986205]], '9요', 0.07680986141789758)]
[([[238, 76], [284, 76], [284, 104], [238, 104]], '환광', 0.3450195208281733), ([[566, 688], [632, 688], [632, 714], [566, 714]], '도련님?', 0.9565363526344299), ([[102, 892], [128, 892], [128, 922], [102, 922]], '종', 0.7102944945537537), ([[102, 916], [130, 916], [130, 940], [102, 940]], '아', 0.7027961406361136), ([[102, 938], [128, 938], [128, 966], [102, 966]], '해', 0.9999754430371155)]
[([[526, 50], [596, 50], [596, 74], [526, 74]], '여자호위', 0.9972847104072571), ([[526, 70], [596, 70], [596, 94], [526, 94]], '정도라고', 0.9978044033050537), ([[98, 86], [256, 86], [256, 114], [98, 114]], '제사가 한창일 때도', 0.9960051674058907), ([[516, 92], [602, 92], [602, 116], [516, 116]], '생각햇거늘', 0.9242298546615577), ([[110, 110], [248, 110], [248, 136], [110, 136]], '호위할 수 있다면', 0.9939878539461937), ([[160, 156], [252, 156], [252, 182], [160, 182]], '만전이라고', 0.9986581902192746), ([[176, 180], [234, 180], [234, 204], [176, 204]], '한다지', 0.99919561073265), ([[314, 244], [408, 244], [408, 270], [314, 270]], '"너도 그럴', 0.6564072411960358), ([[328, 268], [392, 268], [392, 294], [328, 294]], '나이지.', 0.9903773069381714), ([[545, 415], [585, 415], [585, 435], [545, 435]], '꽤나', 0.9181081397902259), ([[536, 436], [596, 436], [596, 462], [536, 462]], '쓸모가', 0.9678725946194419), ([[112, 446], [230, 446], [230, 476], [112, 476]], '그런 배출구는', 0.4604587309085376), ([[532, 460], [594, 460], [594, 486], [532, 486]], '있군요', 0.8820314115760346), ([[109, 470], [226, 470], [226, 500], [109, 500]], '필요하켓지요', 0.9947386603107572), ([[184, 632], [210, 632], [210, 656], [184, 656]], '린', 0.3808157208603724), ([[132, 654], [268, 654], [268, 684], [132, 684]], '알고 잇켓지요?', 0.27853759959101215), ([[504, 866], [612, 866], [612, 892], [504, 892]], '스스로 약점올', 0.34623354879647966), ([[510, 890], [604, 890], [604, 914], [510, 914]], '늘리는 것은', 0.4840266453722262), ([[500, 912], [614, 912], [614, 936], [500, 936]], '어리석은 자가', 0.9154068862467626), ([[500, 934], [612, 934], [612, 958], [500, 958]], '하는 짓이란걸', 0.3787753749694878)]
[([[332, 66], [428, 66], [428, 92], [332, 92]], '황자로새의', 0.13101326498548424), ([[338, 90], [422, 90], [422, 116], [338, 116]], '입장을 잘', 0.5340674524134434), ([[300, 114], [456, 114], [456, 140], [300, 140]], '분별하도록 하세요', 0.9541174805007584), ([[530, 872], [554, 872], [554, 896], [530, 896]], '도', 0.9999920129935482), ([[544, 918], [626, 918], [626, 948], [544, 948]], '도련님?', 0.9340013861656189)]
[([[488, 54], [534, 54], [534, 82], [488, 82]], '환광', 0.32949770917732174), ([[404, 188], [432, 188], [432, 268], [404, 268]], '@', 0.07884265654792078), ([[494, 516], [560, 516], [560, 546], [494, 546]], '귀여워', 0.971818247421442), ([[132, 940], [252, 940], [252, 966], [132, 966]], '사랑하고있어', 0.9564680188835019)]
[([[49, 41], [113, 41], [113, 127], [49, 127]], '값', 0.012008337077933584), ([[346, 710], [418, 710], [418, 764], [346, 764]], '새', 0.07040280116601494), ([[594.2435857346211, 606.0409887585138], [679.9797705709051, 662.4682079565025], [646.7564142653789, 711.9590112414862], [561.0202294290949, 655.5317920434975]], '앉!', 0.008194328889632604), ([[340.0, 670.0], [408.1821809575284, 642.9413387193129], [419.0, 670.0], [350.8178190424716, 697.0586612806871]], '7', 0.4440131174800541)]
[([[112, 54], [210, 54], [210, 80], [112, 80]], '란광은 그저', 0.5340649053109873), ([[110, 78], [208, 78], [208, 104], [110, 104]], '받아들일 뿐_', 0.7000047404459095), ([[111, 507], [145, 507], [145, 527], [111, 527]], '그저', 0.9999500142035825), ([[110, 526], [196, 526], [196, 552], [110, 552]], '받아들이고', 0.9983109834467432), ([[108, 548], [170, 548], [170, 576], [108, 576]], '있을 뿐', 0.2686548692698222), ([[572, 554], [604, 554], [604, 580], [572, 580]], '점오', 0.006423885277455882), ([[580, 574], [618, 574], [618, 606], [580, 606]], '70', 0.19296991751055756), ([[124, 642], [172, 642], [172, 674], [124, 674]], '790', 0.17328203310264523), ([[674, 844], [726, 844], [726, 936], [674, 936]], '%', 0.16226015169053554), ([[580.8669156380993, 688.1079613181162], [621.6930051490474, 671.0401557181925], [652.1330843619007, 751.8920386818838], [611.3069948509526, 768.9598442818075]], '%', 0.05652135389564017), ([[667.0557630317494, 754.0899677650967], [703.5461627593443, 734.0299188899671], [743.9442369682506, 815.9100322349033], [708.4538372406557, 834.9700811100329]], '%', 0.06653886771104656), ([[594.9973506193547, 894.0843686541932], [640.6152956244254, 875.0316324430743], [675.0026493806453, 964.9156313458068], [629.3847043755746, 983.9683675569257]], '$', 0.2856822247267701)]
[([[250, 40], [392, 40], [392, 70], [250, 70]], '아오족의 항자인', 0.6897317721336215), ([[252, 66], [310, 66], [310, 92], [252, 92]], '나에게', 0.8981828846956635), ([[294, 156], [390, 156], [390, 274], [294, 274]], '베사,', 0.2752512743723944), ([[36, 628], [76, 628], [76, 652], [36, 652]], '왕자', 0.628170774733307), ([[562, 618], [590, 618], [590, 646], [562, 646]], '70', 0.8939717576950829), ([[423, 959], [491, 959], [491, 1025], [423, 1025]], '기구(', 0.041370243182651666), ([[199.35461252607485, 930.0298152816083], [285.69305516637337, 1005.9498749940839], [247.64538747392515, 1051.9701847183917], [161.30694483362663, 976.0501250059161]], '사스6', 0.09296511338299795)]
[([[300, 90], [380, 90], [380, 118], [300, 118]], '정말로.', 0.9740367531776428), ([[300, 404], [386, 404], [386, 484], [300, 484]], '쭉', 0.011646018501208444), ([[122, 592], [188, 592], [188, 620], [122, 620]], '귀여워', 0.9844259884575731), ([[356, 654], [398, 654], [398, 680], [356, 680]], '항자', 0.9121569188896214), ([[326, 952], [410, 952], [410, 980], [326, 980]], '귀엽다구', 0.7661364268338314), ([[314.26190718873653, 156.05477816453487], [426.999820463563, 193.9576286401393], [412.73809281126347, 232.94522183546513], [299.000179536437, 195.0423713598607]], '7수*37', 0.1025572422128948), ([[386.2370141040878, 513.0487100118849], [435.37423600235326, 501.15949698999856], [457.7629858959122, 602.9512899881151], [408.62576399764674, 614.8405030100015]], "주'", 0.09344603243981797)]
[([[292, 84], [442, 84], [442, 116], [292, 116]], '12번째의 항자', 0.5763209984230422), ([[87, 201], [151, 201], [151, 297], [87, 297]], '내', 0.008817381182407102), ([[117, 263], [155, 263], [155, 317], [117, 317]], '7', 0.998425150555704), ([[427, 235], [517, 235], [517, 327], [427, 327]], '배,', 0.08584468409152471), ([[500, 308], [530, 308], [530, 332], [500, 332]], '09', 0.5856232174444509), ([[312, 538], [424, 538], [424, 568], [312, 568]], '어중간하고', 0.6674952293016457), ([[282, 988], [480, 988], [480, 1020], [282, 1020]], '아무것도 가지지못한', 0.7536880784271972)]
[([[316, 54], [418, 54], [418, 86], [316, 86]], '힘흘 원해', 0.5690755823329867), ([[108, 460], [290, 460], [290, 492], [108, 492]], '원하는 것, 모두록', 0.4693901459239466), ([[251, 663], [513, 663], [513, 699], [251, 699]], '이 손안에 넣음수 있는 힘', 0.2703933860955957)]
[([[306, 96], [428, 96], [428, 128], [306, 128]], '왕이라는 힘', 0.7582063964968161)]
[([[630, 116], [704, 116], [704, 214], [630, 214]], '길', 0.11590530203861604), ([[342, 166], [442, 166], [442, 274], [342, 274]], '4', 0.5466719461048264), ([[96, 508], [150, 508], [150, 556], [96, 556]], '7', 0.647077430926263), ([[129, 545], [173, 545], [173, 581], [129, 581]], '41', 0.15694906903080172)]
[([[240, 222], [290, 222], [290, 254], [240, 254]], '힘이', 0.9994984893439005), ([[538, 836], [672, 836], [672, 892], [538, 892]], '필요해', 0.9999037137250035)]
[([[90, 522], [216, 522], [216, 552], [90, 552]], "결국은 '임무]", 0.6038879885165555), ([[200, 588], [304, 588], [304, 616], [200, 616]], '일이 끝나면', 0.7838024207013117), ([[198, 614], [304, 614], [304, 640], [198, 640]], '언제나처럼;', 0.6000936530821824), ([[118, 922], [170, 922], [170, 948], [118, 948]], '란광?', 0.39250047545434114)]
[]
[([[282, 96], [354, 96], [354, 122], [282, 122]], '이이건:', 0.7879883646965027), ([[276, 120], [342, 120], [342, 144], [276, 144]], '도대체:', 0.5917155742645264), ([[556, 664], [678, 664], [678, 694], [556, 694]], '무슨 일이조?', 0.8748881124708178)]
[([[580, 30], [614, 30], [614, 56], [580, 56]], '응?', 0.9993784748646921), ([[550, 54], [620, 54], [620, 80], [550, 80]], '아; 안녕', 0.699533851761202), ([[154, 70], [212, 70], [212, 96], [154, 96]], '잠들어', 0.9996676489862341), ([[566, 78], [606, 78], [606, 102], [566, 102]], '란광', 0.2917147983511238), ([[136, 94], [226, 94], [226, 118], [136, 118]], '버리다니:.', 0.38989955286769234), ([[116, 116], [248, 116], [248, 142], [116, 142]], '호위실겨이에요', 0.49948597706149683), ([[591, 133], [633, 133], [633, 191], [591, 191]], '태', 0.04333469170655335), ([[614, 190], [642, 190], [642, 244], [614, 244]], "실'", 0.02698579108104209), ([[294, 396], [382, 396], [382, 422], [294, 422]], '도도련님', 0.6842119858442964), ([[288, 420], [392, 420], [392, 450], [288, 450]], '죄송합니다.', 0.8771486698929118), ([[556, 484], [624, 484], [624, 514], [556, 514]], '이 무슨', 0.960589321565915), ([[558, 510], [622, 510], [622, 538], [558, 538]], '실태률', 0.3443870483319509), ([[398, 706], [422, 706], [422, 730], [398, 730]], '또', 0.999956131462568), ([[30, 716], [152, 716], [152, 742], [30, 742]], '매일 아침마다', 0.9985919688405711), ([[39, 739], [145, 739], [145, 767], [39, 767]], '생각햇없어.', 0.3025931161365142), ([[358, 730], [464, 730], [464, 760], [358, 760]], '부름까하고', 0.19661794526038964), ([[115.53675894538792, 555.0543875706293], [136.39223227027637, 551.0388386486181], [146.46324105461207, 600.9456124293707], [125.60776772972363, 604.9611613513819]], '8', 0.45073739630885257)]
[([[368, 44], [444, 44], [444, 68], [368, 68]], '도도련님', 0.9215793013572693), ([[370, 66], [446, 66], [446, 90], [370, 90]], '이이렇게', 0.9080983565546504), ([[352, 86], [452, 86], [452, 112], [352, 112]], '밝은 곳에선:', 0.8852199457677361), ([[121, 121], [161, 121], [161, 141], [121, 141]], '그게', 0.9997097891367738), ([[92, 142], [190, 142], [190, 170], [92, 170]], '좋은거라구 .', 0.5149429911646723), ([[96, 552], [196, 552], [196, 578], [96, 578]], '잘 보이잡아', 0.5924946119447457), ([[136, 786], [208, 786], [208, 870], [136, 870]], '젊', 0.2754404430686499), ([[95, 903], [183, 903], [183, 1053], [95, 1053]], '주', 0.9716942877714843), ([[233.13175685787553, 792.0540548630044], [286.5638538177564, 785.4864254359702], [297.86824314212447, 885.9459451369956], [244.4361461822436, 892.5135745640298]], '휴', 0.017528317460403287)]
[([[506, 74], [614, 74], [614, 100], [506, 100]], '아안되니다:', 0.464730774223059), ([[522, 100], [610, 100], [610, 126], [522, 126]], '도도련님', 0.9548556804656982), ([[440, 240], [500, 240], [500, 266], [440, 266]], '괜찮아.', 0.972013533115387), ([[422, 266], [518, 266], [518, 290], [422, 290]], '괜찮으니까', 0.977774837899043)]
[([[316, 442], [424, 442], [424, 472], [316, 472]], '손에 넣는다', 0.22746950661661242), ([[282, 668], [460, 668], [460, 698], [282, 698]], '원하는 것올 이 손에', 0.4824217361923176), ([[264, 886], [482, 886], [482, 916], [264, 916]], '이 손안에 담아두기 위해', 0.7756050553858731)]
[([[27, 29], [209, 29], [209, 49], [27, 49]], '[. "애 {흡 -마', 0.0006205571327895866), ([[107, 53], [129, 53], [129, 71], [107, 71]], '미', 0.016425539388073895), ([[93, 75], [147, 75], [147, 95], [93, 95]], '[)`)', 0.0932953804731369), ([[28, 60], [84, 60], [84, 130], [28, 130]], '뼈', 0.2975635307557809), ([[95, 101], [227, 101], [227, 117], [95, 117]], "[' 궁어어어 히0.05", 0.0038746081201862393), ([[95, 129], [175, 129], [175, 147], [95, 147]], '2009.12.29.', 0.6867286432525851), ([[438, 118], [496, 118], [496, 150], [438, 150]], '후기', 0.977328018675571), ([[94, 155], [250, 155], [250, 179], [94, 179]], '좁.뭐; 진비책막]', 3.318871183972962e-05), ([[439, 144], [678, 144], [678, 182], [439, 182]], '뭐라고 딱히 할게 없네요', 0.4642425865205825), ([[93, 173], [185, 173], [185, 191], [93, 191]], '4-8향@,', 0.0012510440998275629), ([[192, 176], [226, 176], [226, 184], [192, 184]], '내냐 (', 0.11559095644749126), ([[442, 178], [632, 178], [632, 208], [442, 208]], '강철 동인지논 보기도', 0.697887910905484), ([[131, 201], [157, 201], [157, 217], [131, 217]], ':쩌', 0.024741805180918855), ([[207, 201], [273, 201], [273, 217], [207, 217]], '큰교물-이미용', 3.535595341840529e-05), ([[439, 205], [665, 205], [665, 242], [439, 242]], '힘들던데 이렇게 구해서', 0.32102679303266685), ([[440, 238], [695, 238], [695, 270], [440, 270]], '보내주시 길래 번역햇습니다', 0.7465417525489098), ([[437, 265], [637, 265], [637, 301], [437, 301]], '즐감하석길 바람게요', 0.5769058576363326), ([[646, 330], [690, 330], [690, 356], [646, 356]], '7형어', 0.008852507056860234)]
[([[366, 90], [412, 90], [412, 114], [366, 114]], "'최근", 0.9943293333053589), ([[549, 93], [587, 93], [587, 113], [549, 113]], '저기', 0.9999935093914989), ([[326, 114], [404, 114], [404, 138], [326, 138]], '도련님의', 0.5578691363334656), ([[515, 112], [588, 112], [588, 140], [515, 140]], '할아버님', 0.9983100891113281), ([[254, 146], [328, 146], [328, 172], [254, 172]], '밤상대틀', 0.3016364451914896), ([[260, 170], [312, 170], [312, 196], [260, 196]], '할 때:', 0.6539236348492), ([[512, 386], [612, 386], [612, 412], [512, 412]], '뛰냐, 확실히', 0.3777922691947637), ([[522, 410], [600, 410], [600, 434], [522, 434]], '얘기해라.', 0.8621514405662979), ([[88, 436], [144, 436], [144, 460], [88, 460]], '때때로', 0.9996564997575981), ([[88, 458], [200, 458], [200, 484], [88, 484]], '정신올 잃어서', 0.9094551528150305), ([[608, 540], [638, 540], [638, 568], [608, 568]], '뭐', 0.9999958276792178), ([[608, 568], [690, 568], [690, 598], [608, 598]], '뭐라고!', 0.7736727595329285), ([[130, 598], [202, 598], [202, 622], [130, 622]], '이래서야', 0.9996618032455444), ([[131, 617], [218, 617], [218, 645], [131, 645]], '호위임무가', 0.9893697714887101), ([[130, 642], [254, 642], [254, 666], [130, 666]], '차짙이 생긴다고', 0.501273395493097), ([[130, 662], [184, 662], [184, 686], [130, 686]], '생각해', 0.9995023392916654), ([[626, 786], [704, 786], [704, 814], [626, 814]], '이 무슨분', 0.360227419222621), ([[126, 804], [220, 804], [220, 830], [126, 830]], '죄송합니다 .', 0.5903819916193178), ([[126, 828], [200, 828], [200, 854], [126, 854]], '할아버님', 0.9980570673942566), ([[340, 866], [460, 866], [460, 896], [340, 896]], '저 정말이나:?', 0.6322020739983045)]
[([[10, 20], [244, 20], [244, 240], [10, 240]], '뜻', 0.02577015867942478), ([[605, 29], [649, 29], [649, 179], [605, 179]], '#', 0.011016237605887547), ([[608, 188], [644, 188], [644, 328], [608, 328]], '흙', 0.38549908945653044), ([[104, 324], [182, 324], [182, 348], [104, 348]], '할아버님굵?', 0.19541373416341826), ([[283, 597], [363, 597], [363, 637], [283, 637]], '후 항', 0.712047278881073), ([[621, 585], [657, 585], [657, 675], [621, 675]], "'", 0.02766239563284345), ([[132, 632], [224, 632], [224, 658], [132, 658]], '죄송합니다', 0.7800711450489508), ([[279, 631], [319, 631], [319, 669], [279, 669]], '회', 0.5240923382040741), ([[132, 656], [226, 656], [226, 682], [132, 682]], '죄송합니다 ,', 0.43742856379165085), ([[283, 669], [319, 669], [319, 705], [283, 705]], '도', 0.9999351511978603), ([[321, 629], [363, 629], [363, 703], [321, 703]], '적', 0.34083491833145274), ([[572, 602], [620, 602], [620, 742], [572, 742]], '3', 0.010719478531531268), ([[279, 709], [323, 709], [323, 819], [279, 819]], '닭', 0.0013462447033102537), ([[577, 751], [613, 751], [613, 771], [577, 771]], '에', 0.4403237826466011), ([[540, 868], [616, 868], [616, 892], [540, 892]], '노력해라;', 0.5510815726444751), ([[522, 890], [634, 890], [634, 916], [522, 916]], '노력하느거다,', 0.7982683947846627), ([[554, 914], [604, 914], [604, 938], [554, 938]], '란광', 0.3768143462427027), ([[123, 853], [311, 853], [311, 1047], [123, 1047]], '코', 0.31124816645098363), ([[360, 942], [416, 942], [416, 972], [360, 972]], '네년', 0.32430664619053634), ([[614.1745325078942, 307.0213078313813], [727.6137497936561, 365.1565597404647], [601.8254674921058, 609.9786921686187], [488.3862502063439, 551.8434402595353]], '1', 0.18586682560538836)]
[([[108, 79], [232, 79], [232, 107], [108, 107]], '도련님이 똑바로', 0.7587115796864673), ([[192, 126], [302, 126], [302, 150], [192, 150]], '나름 바라본다', 0.5110741817074933), ([[214, 512], [286, 512], [286, 538], [214, 538]], '흔들린다', 0.9980576038360596), ([[318, 930], [428, 930], [428, 954], [318, 954]], '나의 모든것이', 0.9533898186229498)]
[([[186, 64], [538, 64], [538, 92], [186, 92]], '몸도 마음도 바칠 수 잇는 주인을 섬기는 것이', 0.35193059728028797), ([[258, 896], [482, 896], [482, 928], [258, 928]], '이 이상 없올 행복이니까', 0.6919346099853806), ([[626, 992], [708, 992], [708, 1046], [626, 1046]], ';', 0.003354296769922327)]
[([[105, 809], [631, 809], [631, 869], [105, 869]], '::-- 4--위어7 *~--:', 0.00018513745760320862), ([[338, 880], [400, 880], [400, 930], [338, 930]], '팀이,', 0.0028519964734405696), ([[295, 940], [448, 940], [448, 1003], [295, 1003]], '[설--)', 0.01005255184264266)]
