569414
20
[([[299, 721], [335, 721], [335, 759], [299, 759]], '4', 0.9342612902010075), ([[35, 938], [167, 938], [167, 968], [35, 968]], '역사 용리치비스', 0.06247631235972339), ([[34, 958], [155, 958], [155, 996], [34, 996]], '식장 8아문개', 0.3132349434568188), ([[16.457124714834006, 831.0370104182882], [48.382849626577034, 816.0183638835989], [92.54287528516599, 911.9629895817118], [61.617150373422966, 927.9816361164011]], '풀', 0.029294796000531642), ([[82.86743252669861, 901.129959864804], [214.5026473363191, 826.4318826200114], [231.13256747330138, 867.870040135196], [100.49735266368091, 942.5681173799886]], '짚선니요:', 0.0001842845520705979)]
[([[299, 721], [335, 721], [335, 759], [299, 759]], '4', 0.9715766637946821)]
[]
[([[542, 48], [600, 48], [600, 74], [542, 74]], '남자란', 0.9306072545946964), ([[524, 72], [620, 72], [620, 98], [524, 98]], "'이런 식으로", 0.9613802445903479), ([[74, 90], [132, 90], [132, 118], [74, 118]], '아니면', 0.9999257376383089), ([[540, 96], [598, 96], [598, 122], [540, 122]], '하느계', 0.42990188257976913), ([[75, 115], [133, 115], [133, 144], [75, 144]], '당신이', 0.999564278381783), ([[530, 120], [616, 120], [616, 148], [530, 148]], '중은결까?', 0.456341733486254), ([[80, 140], [136, 140], [136, 168], [80, 168]], '변태인', 0.9927024976888665), ([[299, 721], [335, 721], [335, 759], [299, 759]], '4', 0.8654997840849887), ([[80.5430712064641, 165.3775281716354], [133.56259566684332, 161.44015915931277], [134.4569287935359, 188.6224718283646], [82.43740433315668, 192.55984084068723]], '결까?', 0.9419804704340913)]
[([[587, 33], [615, 33], [615, 51], [587, 51]], '아하', 0.5344433889406072), ([[542, 56], [582, 56], [582, 82], [542, 82]], '원가', 0.9935615815737834), ([[542, 80], [582, 80], [582, 110], [542, 110]], '잔뜩', 0.9998023370027371), ([[80, 100], [156, 100], [156, 126], [80, 126]], '하지마안', 0.9991812705993652), ([[528, 104], [586, 104], [586, 130], [528, 130]], '나군네', 0.2971945106983185), ([[66, 124], [164, 124], [164, 150], [66, 150]], "'이렇게 빨리", 0.490569536412227), ([[85, 149], [143, 149], [143, 169], [85, 169]], '싸다니', 0.9689252848426104), ([[74, 172], [146, 172], [146, 198], [74, 198]], '안덮다고', 0.34671834111213684), ([[246.45611160128192, 570.0134543458947], [312.37908503423756, 526.0065340071105], [479.5438883987181, 793.9865456541053], [412.62091496576244, 837.9934659928895]], '%', 0.012312124743374453)]
[([[526, 34], [556, 34], [556, 60], [526, 60]], '응?', 0.99367335564774), ([[504, 58], [576, 58], [576, 84], [504, 84]], '이번에는', 0.6910539269447327), ([[496, 82], [542, 82], [542, 108], [496, 108]], '내 질', 0.9989443421363831), ([[547, 83], [583, 83], [583, 101], [547, 101]], '내에', 0.9991314639662708), ([[502, 104], [586, 104], [586, 132], [502, 132]], '넣고싶어?', 0.7265600348068006)]
[([[514, 42], [580, 42], [580, 66], [514, 66]], '안-돼0', 0.9044684171676636), ([[498, 66], [594, 66], [594, 92], [498, 92]], '절대로 삼입', 0.890006248297756), ([[506, 88], [580, 88], [580, 112], [506, 112]], '시켜주지', 0.9996785521507263), ([[506, 112], [590, 112], [590, 140], [506, 140]], '않울거-야', 0.7050278154263373)]
[([[176, 366], [368, 366], [368, 584], [176, 584]], '무', 0.1807210310749383), ([[350, 593], [534, 593], [534, 855], [350, 855]], "'올", 0.9602251552074849), ([[67.05074503958434, 149.02146537481403], [228.86946329925053, 169.23174113001875], [194.94925496041566, 411.97853462518594], [33.130536700749474, 391.76825886998125]], '구', 0.003658317806734035)]
[([[8, 88], [280, 88], [280, 248], [8, 248]], '듯액', 0.19383614478340988), ([[374, 462], [494, 462], [494, 566], [374, 566]], '지', 0.05872028285835995), ([[437, 539], [589, 539], [589, 673], [437, 673]], '팩', 0.3009039089599561), ([[353, 753], [603, 753], [603, 869], [353, 869]], '듯의', 0.1430846832704303)]
[([[550, 72], [618, 72], [618, 98], [550, 98]], '그으으', 0.999911972684877), ([[540, 102], [606, 102], [606, 128], [540, 128]], '으으으', 0.9951020592053319), ([[540, 134], [606, 134], [606, 160], [540, 160]], '으으으', 0.9947630490608333), ([[540, 166], [606, 166], [606, 198], [540, 198]], '응으응', 0.9530243075774635), ([[56, 180], [80, 180], [80, 212], [56, 212]], '응', 0.9992696188865011), ([[56, 210], [82, 210], [82, 240], [56, 240]], '극', 0.9989419399482955), ([[46, 242], [92, 242], [92, 272], [46, 272]], '그국', 0.9849826868889613), ([[50, 274], [112, 274], [112, 306], [50, 306]], '응그0', 0.7977366753911006), ([[46, 304], [90, 304], [90, 328], [46, 328]], '으으', 0.9974523316441306), ([[139, 827], [201, 827], [201, 901], [139, 901]], '쌀', 0.24981600452605424), ([[91, 888], [163, 888], [163, 1000], [91, 1000]], '쓸', 0.011119060751474452), ([[146, 960], [178, 960], [178, 1000], [146, 1000]], '거', 0.09817335108872616), ([[564, 847], [650, 847], [650, 998], [564, 998]], '적', 0.06715779489500395), ([[424.84620404502505, 835.0391994618684], [607.3348862566828, 873.6623393718023], [572.153795954975, 1015.9608005381316], [390.66511374331725, 977.3376606281977]], '여"', 0.0007586223345594195), ([[194.2827219266516, 843.0214561750815], [344.9258291831061, 947.6678595061423], [283.71727807334844, 1033.9785438249185], [133.0741708168939, 929.3321404938577]], '최심', 0.001422605587633434)]
[([[566, 80], [630, 80], [630, 128], [566, 128]], '응흐', 0.8106628880349364), ([[569, 123], [627, 123], [627, 159], [569, 159]], '으으', 0.9983884322401623), ([[570, 168], [624, 168], [624, 200], [570, 200]], '으으', 0.40472602227247934), ([[46, 208], [72, 208], [72, 248], [46, 248]], '응', 0.9987186724320054), ([[46, 250], [74, 250], [74, 292], [46, 292]], '응', 0.9841713531450372), ([[46, 290], [76, 290], [76, 334], [46, 334]], '응', 0.9959357632842512), ([[48, 332], [106, 332], [106, 364], [48, 364]], '흐으', 0.9138311880862526), ([[388, 822], [658, 822], [658, 1000], [388, 1000]], '뜻 프숨', 0.02983151343911895), ([[453, 957], [501, 957], [501, 999], [453, 999]], '스', 0.9254216615174791), ([[141.91424942966802, 834.0740208365764], [194.56595431712694, 800.0200441285101], [267.085750570332, 922.9259791634236], [213.43404568287306, 956.9799558714899]], '푹', 0.08187246392550662), ([[115.92865683198885, 897.0720605567174], [170.5909734841225, 866.0218579643463], [231.07134316801117, 986.9279394432826], [177.4090265158775, 1016.9781420356537]], '푹', 0.23722431842134384)]
[([[605, 43], [635, 43], [635, 61], [605, 61]], '으으', 0.989251428583924), ([[575, 121], [607, 121], [607, 139], [575, 139]], '흐의', 0.6483773235458998), ([[97, 185], [113, 185], [113, 227], [97, 227]], '응', 0.7395248793604345), ([[577, 195], [607, 195], [607, 213], [577, 213]], '으0', 0.33105643508508953), ([[121.50386106164316, 486.0308884931453], [152.41873913807217, 478.0219781883144], [174.49613893835684, 573.9691115068547], [142.58126086192783, 580.9780218116856]], '{', 0.0767116209893226), ([[463.1777649698103, 843.0376381709324], [524.544455543617, 815.0164835303193], [587.8222350301897, 969.9623618290676], [526.455544456383, 997.9835164696807]], '꿀', 0.21739042646800844), ([[342.78354252596847, 861.093026418795], [391.632930407985, 830.0250768593893], [455.21645747403153, 941.906973581205], [406.367069592015, 971.9749231406107]], '꿀', 0.23533918642009244), ([[150.9563638994289, 869.0683656356597], [198.5085236542399, 828.0161786284337], [300.0436361005711, 960.9316343643403], [251.4914763457601, 1000.9838213715663]], '평', 0.2579167596480971), ([[549.192459655934, 870.0363021808683], [613.5884589059131, 853.1412868708697], [648.807540344066, 998.9636978191317], [584.4115410940869, 1015.8587131291303]], '퍽', 0.8486814389170014)]
[([[556, 92], [584, 92], [584, 118], [556, 118]], '각,', 0.9358659886775546), ([[542, 116], [594, 116], [594, 142], [542, 142]], '가, 각', 0.9280838966369629), ([[540, 138], [598, 138], [598, 162], [540, 162]], '가가가,', 0.9867451786994934), ([[551, 165], [589, 165], [589, 185], [551, 185]], '가가', 0.8463436968217803), ([[549, 189], [593, 189], [593, 209], [549, 209]], '가가!', 0.8249796420794541), ([[108, 228], [148, 228], [148, 252], [108, 252]], '가각', 0.9665434324492436), ([[114, 252], [146, 252], [146, 278], [114, 278]], '각]', 0.09472090289321576), ([[101, 277], [157, 277], [157, 297], [101, 297]], '가가가', 0.9967707179769982), ([[101, 885], [155, 885], [155, 929], [101, 929]], '쇼', 0.023673565333665048), ([[388, 858], [468, 858], [468, 986], [388, 986]], '썩', 0.5757460973470963), ([[32, 939], [160, 939], [160, 979], [32, 979]], '두시간 후', 0.9995373962218946), ([[191.5436016756919, 812.0130293246082], [252.38233772218072, 795.0091416064231], [308.4563983243081, 1002.9869706753918], [247.61766227781928, 1019.9908583935769]], '육', 0.2442935497572627), ([[119.00611626532638, 830.0550463879374], [180.6192188245384, 803.0213270441932], [234.99388373467363, 937.9449536120626], [172.3807811754616, 965.9786729558068]], '염', 0.004591720264093768), ([[507.17115132592437, 857.0430527288738], [561.5823921932015, 837.0212269531401], [607.8288486740756, 968.9569472711262], [552.4176078067985, 989.9787730468599]], '_', 0.05961305607911882), ([[465.1526193728227, 892.0514788571463], [514.7796023451182, 875.0435483050993], [549.8473806271772, 987.9485211428537], [500.2203976548818, 1004.9564516949007]], '열', 0.058273069570166314)]
[([[524, 84], [592, 84], [592, 110], [524, 110]], '그그그', 0.9997129342960188), ([[512, 116], [602, 116], [602, 148], [512, 148]], '그그긍0', 0.14203721284866333), ([[523, 147], [593, 147], [593, 183], [523, 183]], '그공0', 0.4555783059388625), ([[534, 180], [582, 180], [582, 210], [534, 210]], '극어', 0.5495413603705736), ([[514, 210], [560, 210], [560, 242], [514, 242]], '응그', 0.8844411338805848), ([[219, 851], [303, 851], [303, 965], [219, 965]], '쭉', 0.023533362474567276), ([[385, 855], [475, 855], [475, 969], [385, 969]], '짧', 0.14545997293390034), ([[490, 890], [554, 890], [554, 942], [490, 942]], '꽤', 0.15015986698063788), ([[200, 942], [252, 942], [252, 1000], [200, 1000]], '숲', 0.9740957945329143), ([[328.3300583289099, 705.037519127298], [368.44985803595756, 683.0168881217644], [430.6699416710901, 805.962480872702], [390.55014196404244, 827.9831118782356]], '표', 0.9326055591433402), ([[118.07887685438948, 830.0386345672348], [261.76477456499816, 881.7373403780578], [227.92112314561052, 970.9613654327652], [83.23522543500181, 919.2626596219422]], '표 푹;', 0.06882990151643753)]
[([[551, 111], [581, 111], [581, 127], [551, 127]], '으0', 0.7160415488722977), ([[105, 241], [125, 241], [125, 263], [105, 263]], '긍', 0.42334700554198434), ([[99, 265], [127, 265], [127, 281], [99, 281]], '으으', 0.7166061827510847), ([[89, 289], [139, 289], [139, 307], [89, 307]], '그으0', 0.9307287931442261), ([[501, 255], [541, 255], [541, 305], [501, 305]], '둘', 0.0021435959600069193), ([[95, 311], [129, 311], [129, 329], [95, 329]], '그그', 0.9992963044640834), ([[91, 335], [137, 335], [137, 353], [91, 353]], '그~0', 0.9815888467430757), ([[384, 853], [650, 853], [650, 1000], [384, 1000]], '콤풀스', 0.0035116026407486277), ([[604, 940], [667, 940], [667, 992], [604, 992]], '@', 0.6728170613211013), ([[123.10446652881102, 871.0446652881101], [182.59082801661427, 845.0194141474632], [239.895533471189, 988.9553347118899], [180.40917198338573, 1014.9805858525368]], '꿀', 0.024160454858165537)]
[([[74, 262], [126, 262], [126, 288], [74, 288]], '응어긍', 0.1371499365912154), ([[72, 282], [126, 282], [126, 306], [72, 306]], '그으으', 0.9998264928924121), ([[91, 311], [125, 311], [125, 329], [91, 329]], '그그', 0.9997818548817605), ([[415, 819], [483, 819], [483, 887], [415, 887]], '쌀', 0.17796443430620457), ([[549, 837], [617, 837], [617, 907], [549, 907]], '쏟', 0.2908472166041953), ([[31, 939], [161, 939], [161, 981], [31, 981]], '몇 개월 후', 0.9983019804801211), ([[409, 871], [517, 871], [517, 1000], [409, 1000]], "'", 0.015812010749245653), ([[575, 897], [639, 897], [639, 965], [575, 965]], '혈', 0.0364313633183011), ([[114.43345781904962, 469.0539806590581], [140.4071564638745, 459.02775781371616], [167.56654218095036, 526.9460193409419], [141.5928435361255, 537.9722421862838]], '8', 0.009791481168763883), ([[197.86977832225475, 853.0712487458125], [261.0911282904416, 827.0663871220095], [306.1302216777452, 949.9287512541875], [242.9088717095584, 975.9336128779905]], '썩', 0.8190575296294043), ([[105.93883565538698, 848.0375827409565], [268.9981096297254, 894.6099233034965], [230.06116434461302, 1018.9624172590435], [67.00189037027462, 972.3900766965035]], '표굶', 0.020434284810354874), ([[499.14471515106385, 900.0458509048937], [562.6079254665552, 889.4370161469898], [580.8552848489362, 1008.9541490951063], [517.3920745334448, 1020.5629838530102]], '역', 0.06657271259777886)]
[([[40, 218], [507, 218], [507, 292], [40, 292]], '안돼지만 심리장악은', 0.5388980450399437), ([[524, 217], [958, 217], [958, 291], [524, 291]], '이미 포박되없다...!', 0.6528984359595346)]
[]
[]
[([[50, 100], [558, 100], [558, 132], [50, 132]], '이건 뭐 완전 깊이네요 흐증 30분도 안 걸려서 끝 흐중승', 0.05543528428511718), ([[50, 128], [458, 128], [458, 160], [50, 160]], '이건 처음 하는 사람들에게 나흘거라 뽑니다.', 0.6660478447609882), ([[50, 154], [446, 154], [446, 186], [50, 186]], '제가 이 작가을 한 2개 정도 번역해 낯는데,', 0.4314617762179469), ([[50, 182], [326, 182], [326, 214], [50, 214]], '그거랑 함께 보서도 월 거에요', 0.7595474602471624), ([[6, 292], [34, 292], [34, 318], [6, 318]], '자', 0.8668809670366819), ([[49, 515], [249, 515], [249, 551], [49, 551]], '견디기 힘들없습니다 .', 0.5682461360610236), ([[6, 670], [34, 670], [34, 722], [6, 722]], '사', 0.3301715773301481), ([[677, 939], [699, 939], [699, 959], [677, 959]], '70', 0.7900304326266785), ([[6, 944], [102, 944], [102, 976], [6, 976]], '문의 메일', 0.4577294834142878), ([[118, 946], [394, 946], [394, 974], [118, 974]], '+@라<]라<<라,국@9하리기_ 종)/]', 6.051133741223068e-06), ([[642, 950], [684, 950], [684, 980], [642, 980]], '1302', 0.3933447599411011), ([[6, 974], [554, 974], [554, 998], [6, 998]], '모든 시작권은 각가 및 출판사 속데 엎습니다, 2차 배프시 무단 수청올 금지 합니다.', 0.27424663198691124), ([[646.2850141485749, 984.971008489145], [687.2546590757453, 963.4424921818335], [695.7149858514251, 981.028991510855], [655.7453409242547, 1002.5575078181665]], '2250', 0.8232918051221298)]
