602632
78
[]
[([[22, 84], [152, 84], [152, 108], [22, 108]], '이 이런 복장으로', 0.9270300940218221), ([[5, 98], [76, 98], [76, 127], [5, 127]], "도장으로'", 0.6096729225796921), ([[33, 119], [87, 119], [87, 139], [33, 139]], '전라와', 0.6801837953237984), ([[74, 98], [186, 98], [186, 148], [74, 148]], '부발음저튼;', 0.13609070522525224), ([[80, 136], [120, 136], [120, 160], [80, 160]], '입은', 0.9999415849676986), ([[116, 118], [142, 118], [142, 158], [116, 158]], "'햇왜", 0.19643749688449927), ([[8, 132], [92, 132], [92, 182], [8, 182]], '수영올의', 0.06949859112501144), ([[14, 170], [90, 170], [90, 196], [14, 196]], '연습올 명', 0.6253738943513677), ([[83, 119], [183, 119], [183, 203], [83, 203]], '불@', 0.036500421208123135), ([[34, 376], [212, 376], [212, 400], [34, 400]], '전신에 취감기는 시선에', 0.7336237737156399), ([[60, 394], [180, 394], [180, 420], [60, 420]], '몸이 뜨거워지고', 0.6735398057401558), ([[36, 410], [194, 410], [194, 436], [36, 436]], '전신에 땀이 흘럽다"', 0.2867991257675399), ([[10, 522], [80, 522], [80, 546], [10, 546]], '남자들은', 0.9159300172850626), ([[114, 518], [184, 518], [184, 568], [114, 568]], '확하"', 0.1270340135203544), ([[172, 522], [230, 522], [230, 546], [172, 546]], '때마다', 0.999373507631457), ([[54, 574], [86, 574], [86, 600], [54, 600]], '끊임', 0.885512008446113), ([[86, 574], [124, 574], [124, 600], [86, 600]], '없는', 0.8760719690819464), ([[94, 554], [194, 554], [194, 602], [94, 602]], '{하분선통한 ', 0.0037011155264071055), ([[22, 581], [205, 581], [205, 619], [22, 619]], '수치즈국언컴플되앉다;', 0.0032861039026181775), ([[23.518709202348642, 539.6224510428184], [115.22175792410222, 504.4163846810261], [135.48129079765135, 562.3775489571816], [44.77824207589778, 597.5836153189739]], '#용리월 트', 0.0029613482094529692)]
[]
[]
[]
[([[21, 87], [65, 87], [65, 103], [21, 103]], '만식이', 0.8062874022548214), ([[64, 64], [180, 64], [180, 112], [64, 112]], "'열신하골자지도", 0.11835822399407689), ([[16, 97], [180, 97], [180, 127], [16, 127]], '남자들 앞에서 전라화', 0.3369093942377121), ([[26, 118], [166, 118], [166, 144], [26, 144]], '다름없는 모습으로', 0.43344054940898114), ([[16, 136], [68, 136], [68, 162], [16, 162]], '연습올', 0.9030420259421739), ([[68, 136], [180, 136], [180, 162], [68, 162]], "'계속하고 있다", 0.5712499833160716), ([[34, 352], [102, 352], [102, 376], [34, 376]], '몇번이고', 0.9710332751274109), ([[63, 351], [153, 351], [153, 395], [63, 395]], '인곡증내@', 0.03508876969410354), ([[124, 352], [164, 352], [164, 376], [124, 376]], '내에', 0.999406961065489), ([[8, 366], [68, 366], [68, 416], [8, 416]], '사정흘', 0.3076492123691649), ([[29, 402], [162, 402], [162, 429], [29, 429]], '만식이 되어가면서', 0.22464013611387884), ([[36, 422], [158, 422], [158, 446], [36, 446]], "크게 '부풀어오른", 0.536984869201936), ([[84, 440], [138, 440], [138, 466], [84, 466]], "'모습에", 0.9079037492154416), ([[114, 458], [154, 458], [154, 482], [114, 482]], "'건지", 0.47452396341463654), ([[42, 456], [120, 456], [120, 504], [42, 504]], "'만족하들", 0.21347975676775977), ([[36, 492], [154, 492], [154, 518], [36, 518]], '응시하고 있다:', 0.6567435994221976), ([[32, 600], [158, 600], [158, 626], [32, 626]], '가문의 후계자인', 0.8805666395662932), ([[24, 618], [164, 618], [164, 644], [24, 644]], '나름 임신시권 것은', 0.5139141876058504), ([[47, 639], [145, 639], [145, 657], [47, 657]], '퇴마사로서의', 0.9933705509608481), ([[36, 654], [156, 654], [156, 680], [36, 680]], '능력올 얻기위환', 0.4135918099488953), ([[35, 661], [93, 661], [93, 697], [35, 697]], '철효희', 0.5089244840599013), ([[95, 675], [145, 675], [145, 691], [95, 691]], '기회]', 0.16151894511588452), ([[63.21114561800017, 379.4222912360003], [186.7094017302525, 368.5032238632314], [188.78885438199984, 406.5777087639997], [65.2905982697475, 417.4967761367686]], '임신히면적-_결국', 0.014307805932097111)]
[]
[]
[]
[([[85, 39], [139, 39], [139, 59], [85, 59]], '떠보니', 0.999812315179306), ([[38, 48], [148, 48], [148, 80], [38, 80]], '내름의 자유률', 0.2466780098267595), ([[50, 74], [142, 74], [142, 100], [50, 100]], '구속당한 채', 0.5954392373583005), ([[34, 90], [154, 90], [154, 116], [34, 116]], '다다미 마루에서', 0.6145323132011796), ([[40, 108], [146, 108], [146, 134], [40, 134]], '잠들어 있없다.', 0.6154797046561225), ([[377, 405], [411, 405], [411, 425], [377, 425]], '학교', 0.9999098912270165), ([[383, 439], [425, 439], [425, 481], [383, 481]], "'수영", 0.08622740395766448), ([[389, 450], [451, 450], [451, 498], [389, 498]], ')월렁', 0.00708731266820867), ([[378, 490], [416, 490], [416, 514], [378, 514]], '세제', 0.0816170964590788)]
[]
[([[3, 21], [121, 21], [121, 61], [3, 61]], "'어디륙 내려다보-", 0.10484932042498543), ([[65, 39], [101, 39], [101, 59], [65, 59]], '본 적', 0.9951153338066128), ([[99, 21], [213, 21], [213, 65], [99, 65]], "'엎는 별완없다:", 0.00696670750491709), ([[49, 57], [139, 57], [139, 75], [49, 75]], '남자들의 폐니', 0.9608713344665717), ([[21, 71], [87, 71], [87, 89], [21, 89]], '내 부끄러', 0.9994429714426807), ([[97, 69], [149, 69], [149, 105], [97, 105]], '무출엇', 0.15145261900566157), ([[148, 68], [196, 68], [196, 94], [148, 94]], '반응해', 0.9324920177459717), ([[41, 87], [99, 87], [99, 105], [41, 105]], '딱딱하게', 0.9883530139923096), ([[133, 87], [173, 87], [173, 105], [133, 105]], '젖혀저', 0.7691086635693065), ([[71, 103], [157, 103], [157, 123], [71, 123]], '질거리는 나름', 0.38926955035737165), ([[36, 98], [128, 98], [128, 154], [36, 154]], "때랍러]:'", 0.0003870769084691597), ([[101, 119], [131, 119], [131, 137], [101, 137]], '듯이', 0.9999073624837855), ([[147, 119], [177, 119], [177, 135], [147, 135]], '으려', 0.44932707576885017), ([[126, 130], [164, 130], [164, 154], [126, 154]], '있다|', 0.3864248785252227), ([[341, 431], [507, 431], [507, 497], [341, 497]], '불달질다@표하', 0.00041223877040360706), ([[477, 451], [533, 451], [533, 495], [477, 495]], '[되여염|', 0.006903801320425709), ([[379, 487], [411, 487], [411, 507], [379, 507]], '입에', 0.36139619917759236), ([[405, 467], [503, 467], [503, 507], [405, 507]], '[먹임진화용해', 0.027468639614769873), ([[360, 514], [422, 514], [422, 538], [360, 538]], '소리많에', 0.15809455513954163), ([[417, 499], [519, 499], [519, 541], [417, 541]], '육유어 뒷다', 0.011020990347981284)]
[]
[([[19, 35], [185, 35], [185, 55], [19, 55]], '나름 조준한 폐니스로부터', 0.3710584121743655), ([[10, 48], [136, 48], [136, 102], [10, 102]], "'칙출확출하안국", 7.992388974183406e-05), ([[119, 53], [175, 53], [175, 73], [119, 73]], '뽑어칙다', 0.06935538351535797), ([[115, 83], [145, 83], [145, 99], [115, 99]], '박고', 0.9998311638997218), ([[15, 97], [61, 97], [61, 117], [15, 117]], '마지막', 0.9998554678170458), ([[53, 79], [143, 79], [143, 123], [53, 123]], "'철방칠빛구", 0.016892411969245565), ([[141, 99], [181, 99], [181, 115], [141, 115]], '짜색다', 0.06065314916894263), ([[319, 471], [351, 471], [351, 491], [319, 491]], '민제', 0.08942626312261696), ([[323, 469], [453, 469], [453, 511], [323, 511]], "불어인전긁어올하'", 0.002174100937761768), ([[351, 473], [385, 473], [385, 491], [351, 491]], '안에', 0.9039885302322718), ([[426, 470], [490, 470], [490, 502], [426, 502]], "'혜빛스륭", 0.0036607480177944453), ([[276, 486], [322, 486], [322, 510], [276, 510]], '자뭄의', 0.15257324540667735), ([[465, 489], [527, 489], [527, 509], [465, 509]], '뽑어넷다.', 0.15111120590541852), ([[294, 500], [398, 500], [398, 524], [294, 524]], '운기원 태 인혜', 0.053422040147223536), ([[459, 503], [513, 503], [513, 523], [459, 523]], '나외의', 0.13792610281170928), ([[392, 518], [466, 518], [466, 542], [392, 542]], '생경버터에', 0.18001918821833357), ([[400.2025477771711, 498.1658598874935], [444.94279801299353, 505.525093819046], [441.7974522228289, 524.8341401125065], [396.05720198700647, 517.474906180954]], '뜨거움', 0.27178020753730703)]
[]
[([[73, 23], [107, 23], [107, 41], [73, 41]], '[고이', 0.09295369875306153), ([[45, 41], [77, 41], [77, 59], [45, 59]], '모문', 0.36641649465072507), ([[72, 38], [140, 38], [140, 62], [72, 62]], '에제 인쇄', 0.2252435182312985), ([[115, 21], [175, 21], [175, 61], [115, 61]], '인문래', 0.18637534395147135), ([[147, 59], [199, 59], [199, 77], [147, 77]], '내 대질', 0.2329571791975582), ([[187, 87], [217, 87], [217, 99], [187, 99]], '노리', 0.47603755672986775), ([[91, 93], [129, 93], [129, 113], [91, 113]], '에제', 0.9358373839421934), ([[150, 90], [194, 90], [194, 116], [150, 116]], '캐햄리', 0.0643292331567698), ([[350, 402], [518, 402], [518, 428], [350, 428]], "'싫어! 미걸 그만해어]", 0.031727952376837905), ([[439, 423], [475, 423], [475, 439], [439, 439]], '나머', 0.9991138511120958), ([[418, 438], [470, 438], [470, 462], [418, 462]], '조리틀', 0.1845266023730039), ([[469, 435], [541, 435], [541, 477], [469, 477]], "'질러지만", 0.2313883317450434), ([[407, 459], [475, 459], [475, 479], [407, 479]], '신경도 안', 0.9977015941507328), ([[383, 466], [472, 466], [472, 497], [383, 497]], '부표훈훈 도', 0.14980629959986505), ([[487, 475], [519, 475], [519, 493], [487, 493]], '으로', 0.9997935709770697), ([[336, 490], [456, 490], [456, 516], [336, 516]], '남자들의 앞으로', 0.994982978033326), ([[454, 470], [538, 470], [538, 520], [454, 520]], '돼출유다', 0.025276867672801018)]
[]
[([[16, 52], [65, 52], [65, 80], [16, 80]], '자아', 0.04334175207679014), ([[23, 33], [102, 33], [102, 64], [23, 64]], '만문되', 0.03585954508517507), ([[60, 52], [122, 52], [122, 82], [60, 82]], "'잠자의 ", 0.05393767949630955), ([[100, 36], [138, 36], [138, 62], [100, 62]], '많의', 0.10783903639136116), ([[110, 32], [224, 32], [224, 84], [110, 84]], '[까줌이적@', 0.006873448325281791), ([[344, 438], [400, 438], [400, 466], [344, 466]], '미요팎', 0.023812062483041217), ([[388, 416], [546, 416], [546, 490], [388, 490]], '[맺로다 보약', 0.0005365355840279701), ([[503, 461], [549, 461], [549, 481], [503, 481]], '흔들려', 0.2221515012995423), ([[370, 476], [542, 476], [542, 500], [370, 500]], '입당한 폐니스틀 질벽에', 0.27762086400291314), ([[398, 492], [512, 492], [512, 518], [398, 518]], '문지루며 뜻번이', 0.32687544139115887), ([[355, 509], [413, 509], [413, 537], [355, 537]], '자국에', 0.3238317032095496), ([[424, 510], [462, 510], [462, 536], [424, 536]], "'액을", 0.44742103083896523), ([[355, 529], [377, 529], [377, 549], [355, 549]], '채', 0.9998742381537831), ([[359, 507], [441, 507], [441, 573], [359, 573]], '[셋해장', 0.0010748628992587328), ([[377, 529], [413, 529], [413, 549], [377, 549]], '안에', 0.9874820251797043), ([[436, 527], [538, 527], [538, 553], [436, 553]], '들어간 정액이', 0.9373813017083843), ([[428, 544], [514, 544], [514, 570], [428, 570]], '흘러나앉다:', 0.33094618777497176), ([[458.2802656784306, 504.3885579247043], [526.06389701532, 492.4285150049993], [531.7197343215694, 532.6114420752957], [463.9361029846801, 544.5714849950007]], "'축업용다", 0.08979103279274323)]
[]
[([[8, 16], [254, 16], [254, 92], [8, 92]], '품달플로렉 출^하--', 0.00015720432955767838), ([[202, 18], [284, 18], [284, 68], [202, 68]], '콤매렉_예', 0.01523288987134888), ([[440, 48], [550, 48], [550, 74], [440, 74]], '미요는-능숙한', 0.6795556491801302), ([[546, 44], [638, 44], [638, 94], [546, 94]], '억늘림유로', 0.005950049272045758), ([[449, 65], [491, 65], [491, 93], [449, 93]], '믿의', 0.7904080807281089), ([[486, 56], [560, 56], [560, 112], [486, 112]], '콤을털', 0.004571174698586391), ([[512, 82], [584, 82], [584, 110], [512, 110]], '{올 문현뒤', 0.0659591661462881), ([[562, 96], [606, 96], [606, 126], [562, 126]], '따라', 0.07392450750621368), ([[526, 118], [588, 118], [588, 146], [526, 146]], '돌(다"', 0.24090632796287537), ([[17.2025477771711, 20.16585988749353], [78.97365533021107, 27.676449945867038], [75.7974522228289, 46.83414011250647], [14.026344669788934, 38.32355005413296]], '모졸아 놀', 0.012086178481457177)]
[]
[([[22, 16], [276, 16], [276, 92], [22, 92]], '위움 질화협안되@달@', 4.4135901152114815e-06), ([[420, 36], [596, 36], [596, 60], [420, 60]], "'후후후:  의제야 한 번", 0.45649008922023004), ([[403, 47], [613, 47], [613, 139], [403, 139]], '#불지하 313', 6.921507756682097e-05), ([[408, 52], [472, 52], [472, 100], [408, 100]], '사영되', 0.00394142264907691), ([[495, 89], [573, 89], [573, 133], [495, 133]], '맑다스다', 0.062190696597099304), ([[420, 124], [508, 124], [508, 150], [420, 150]], '요염한 웃음', 0.4727654597024677), ([[524, 124], [596, 124], [596, 148], [524, 148]], '지없다 "', 0.22951305829368404), ([[556.1051750205921, 97.13656006589491], [612.8560856838558, 106.08197245876063], [606.8948249794079, 134.8634399341051], [551.1439143161442, 125.91802754123937]], '미요늄', 0.062324212968392294)]
[([[7, 0], [178, 0], [178, 40], [7, 40]], '번역 % 리치니스', 0.235520644299942), ([[205, 297], [343, 297], [343, 333], [205, 333]], "'거과위] 1비", 0.0033295436961747844), ([[229, 325], [329, 325], [329, 361], [229, 361]], '_오!', 0.026806743426995138), ([[219, 359], [333, 359], [333, 379], [219, 379]], '그-_)_]-- _늘', 0.001352934925320658), ([[258, 378], [310, 378], [310, 402], [258, 402]], '1)]', 0.04496619603170402)]
[([[205, 297], [341, 297], [341, 333], [205, 333]], "'거과위] 기설물)", 0.0018740094494505417), ([[229, 325], [329, 325], [329, 361], [229, 361]], '__!', 0.03373519334354092), ([[217, 359], [339, 359], [339, 379], [217, 379]], '스스-)]-_청 _', 0.006972638322288775), ([[258, 378], [310, 378], [310, 402], [258, 402]], '1)_]', 0.028646649792790413)]
[]
[([[5, 39], [37, 39], [37, 59], [5, 59]], '이런', 0.9999415849676986), ([[37, 37], [231, 37], [231, 77], [37, 77]], '불장- 사랑로앞여엉률해악보등', 0.004143409915318834), ([[35, 51], [103, 51], [103, 89], [35, 89]], "'북불학와", 0.11194155104949732), ([[130, 54], [168, 54], [168, 84], [130, 84]], '술영', 0.2961281679204985), ([[43, 85], [113, 85], [113, 105], [43, 105]], '영복 천의', 0.6668421835658317), ([[97, 79], [175, 79], [175, 121], [97, 121]], '키로저은다', 0.0025981857961266015), ([[99, 67], [203, 67], [203, 107], [99, 107]], '연순우은형령발"', 0.0013282974370317834), ([[19, 99], [103, 99], [103, 119], [19, 119]], '전라로 있는', 0.28775545559372967), ([[175, 101], [249, 101], [249, 119], [175, 119]], '부끄러워 ', 0.2518212523347036), ([[352, 428], [376, 428], [376, 452], [352, 452]], '연', 0.9806910200588028), ([[461, 427], [525, 427], [525, 469], [461, 469]], '{1최뷰은', 0.00866849654546084), ([[360, 421], [501, 421], [501, 499], [360, 499]], '알기부전편', 0.0005237617914305144), ([[441, 477], [495, 477], [495, 495], [441, 495]], '구석까지', 0.9942517876625061), ([[353, 475], [533, 475], [533, 513], [353, 513]], '활듯용시 물 철가짚다 ".', 0.017258846428869), ([[194.02985749985467, 64.11942999941867], [249.65255152975004, 73.36939663850444], [241.97014250014533, 111.88057000058133], [186.34744847024996, 101.63060336149556]], '잊히히', 0.006264020845087326)]
[]
[]
[]
[]
[([[12, 68], [82, 68], [82, 92], [12, 92]], '나들 계속', 0.575352515565874), ([[31, 39], [159, 39], [159, 77], [31, 77]], '이사야3--넣원로', 0.02634862386484523), ([[111, 49], [198, 49], [198, 97], [111, 97]], '형캠록잎물', 0.014270283714815896), ([[178, 68], [210, 68], [210, 92], [178, 92]], '결로', 0.11000531005030054), ([[49, 83], [119, 83], [119, 125], [49, 125]], '하순음은', 0.022009236738085747), ([[79, 67], [179, 67], [179, 127], [79, 127]], '불현학?', 0.012864946387708187), ([[303, 411], [376, 411], [376, 453], [303, 453]], '만색#예트', 0.021105894883972385), ([[361, 403], [433, 403], [433, 471], [361, 471]], '핵', 0.0011397959574467459), ([[387, 399], [485, 399], [485, 437], [387, 437]], '빛월행강대록', 0.08575330433667874), ([[351, 447], [391, 447], [391, 463], [351, 463]], '여주?', 0.7715787887573242), ([[425, 429], [463, 429], [463, 467], [425, 467]], '콤습', 0.07071057659176755), ([[359, 461], [389, 461], [389, 481], [359, 481]], '연습', 0.9998949716690293), ([[403, 457], [485, 457], [485, 497], [403, 497]], "'성고설다 .", 0.0856555893098318), ([[327, 485], [515, 485], [515, 525], [327, 525]], '(같이 만식앞예 체,다 나름', 0.04192899422240396), ([[437, 521], [505, 521], [505, 541], [437, 541]], '의 모습에', 0.976827585737546), ([[347, 515], [473, 515], [473, 577], [347, 577]], '킬휘움러모', 0.002059612174683348), ([[445, 535], [495, 535], [495, 553], [445, 553]], '조소가', 0.9981250844806504), ([[434.30056284535164, 406.1825890886176], [543.5052377776284, 398.34361927496076], [544.6994371546483, 467.8174109113824], [435.49476222237166, 475.65638072503924]], '하말다', 0.007712326124834566)]
[]
[([[216, 278], [390, 278], [390, 356], [216, 356]], '뜻 "[수', 0.013642336849546124), ([[225, 375], [325, 375], [325, 461], [225, 461]], "'골륭", 0.033040550045668575), ([[269, 413], [315, 413], [315, 457], [269, 457]], '(묶', 0.11387307697640582), ([[251, 511], [287, 511], [287, 595], [251, 595]], '몇', 0.0650606141323431)]
[([[214, 278], [388, 278], [388, 354], [214, 354]], ' "주5', 0.01255734171718359), ([[266, 378], [320, 378], [320, 458], [266, 458]], '#', 0.03483486017868409), ([[256, 460], [288, 460], [288, 500], [256, 500]], '@', 0.22160200285171427), ([[251, 511], [287, 511], [287, 595], [251, 595]], '몇', 0.0450995836970256), ([[244.36417842007316, 373.0405916765707], [284.47184586916546, 385.4019051901376], [262.6358215799268, 460.9594083234293], [222.52815413083454, 449.5980948098624]], '표', 0.33766784320130583)]
[]
[([[39, 145], [107, 145], [107, 189], [39, 189]], '숲부님임', 0.22755832970142365), ([[79, 147], [189, 147], [189, 187], [79, 187]], '{임안있물-가니짓', 0.005395410638930134), ([[24, 180], [202, 180], [202, 204], [24, 204]], '노예로서 길러지게 되없다.', 0.7905421636944125), ([[317, 457], [333, 457], [333, 479], [317, 479]], '집', 0.9998724501276826), ([[331, 453], [419, 453], [419, 497], [331, 497]], "'완렉설-논", 0.005849170658777714), ([[396, 454], [448, 454], [448, 480], [396, 480]], '노출이', 0.9929106311156282), ([[460, 452], [526, 452], [526, 500], [460, 500]], '육용품', 0.1014877627379275), ([[286, 478], [418, 478], [418, 526], [286, 526]], '전혀룻활제}록', 0.006692600995365625), ([[490, 486], [546, 486], [546, 514], [490, 514]], '받있다', 0.4699172713416929), ([[327, 519], [455, 519], [455, 561], [327, 561]], '언제로부-월 표르원', 0.002711136388591337), ([[348, 516], [411, 516], [411, 547], [348, 547]], '축부림-', 0.09170792251825333), ([[447, 519], [507, 519], [507, 561], [447, 561]], '며엽 올', 0.030366288498044014), ([[338, 550], [458, 550], [458, 576], [338, 576]], '(취하지 함으면 안', 0.28961441890002915), ([[452, 532], [500, 532], [500, 580], [452, 580]], '상출음', 0.004469253736288121), ([[422.4392624013421, 472.9271148816105], [464.2045254717484, 437.18566933946346], [485.5607375986579, 467.0728851183895], [443.7954745282516, 501.81433066053654]], '1옷이', 0.00537775462343792)]
[]
[]
[]
[([[55, 165], [73, 165], [73, 187], [55, 187]], '늘', 0.9999500519313962), ([[88, 162], [202, 162], [202, 186], [88, 186]], '맘은 주인남들이', 0.9355534575854312), ([[37, 197], [71, 197], [71, 217], [37, 217]], '내가', 0.9993649060775176), ([[52, 162], [108, 162], [108, 222], [52, 222]], '흑8말', 0.0035384723549785027), ([[105, 179], [185, 179], [185, 217], [105, 217]], '정기 9촉문문', 0.02180785191318018), ([[20, 210], [104, 210], [104, 234], [20, 234]], '잇는 중요한', 0.9097279758651297), ([[149, 191], [235, 191], [235, 255], [149, 255]], '기이지', 0.17789977982202862), ([[24, 244], [168, 244], [168, 268], [24, 268]], '활지름 정하기위해 모', 0.429954454140946), ([[333, 439], [433, 439], [433, 479], [333, 479]], '커다장에화동', 0.35229748573099484), ([[383, 457], [421, 457], [421, 477], [383, 477]], '배와', 0.8185971557230615), ([[412, 436], [538, 436], [538, 486], [412, 486]], '동태양등 뒷확안', 0.009424567396500673), ([[378, 470], [510, 470], [510, 518], [378, 518]], '모출용기 오탤들레-', 0.009463280574758105), ([[68.07485395936287, 191.06140469522157], [215.88782780180372, 220.7518701298745], [200.92514604063712, 279.93859530477846], [53.11217219819626, 250.2481298701255]], '요복출주-이 어 하다', 0.00030780133454511813)]
[]
[]
[]
[([[127, 75], [161, 75], [161, 95], [127, 95]], '내계', 0.3793142683246982), ([[35, 73], [189, 73], [189, 115], [35, 115]], '성컷숙트-움-대계로서', 0.005574099547085619), ([[102, 106], [172, 106], [172, 130], [102, 130]], '베푸싶다:', 0.15288183579659645), ([[55, 107], [119, 107], [119, 151], [55, 151]], '조작흑램', 0.01671818271279335), ([[37, 173], [73, 173], [73, 193], [37, 193]], '나름', 0.18996161620944987), ([[118, 170], [188, 170], [188, 194], [118, 194]], '정하여다:', 0.2856000849725982), ([[421, 457], [441, 457], [441, 479], [421, 479]], '쓸', 0.9719490662914261), ([[461, 459], [507, 459], [507, 479], [461, 479]], '잇도록', 0.746610866694577), ([[348, 454], [426, 454], [426, 502], [348, 502]], "'대용-어물", 0.07296314566565526), ([[396, 470], [522, 470], [522, 496], [396, 496]], "'플리체린 세적액이", 0.08153675196090894), ([[389, 493], [433, 493], [433, 511], [389, 511]], '안으로', 0.998685479639294), ([[339, 507], [385, 507], [385, 527], [339, 527]], '당장에', 0.9993101937420843), ([[377, 503], [453, 503], [453, 547], [377, 547]], '{간렬서"', 0.0318682668600646), ([[429, 489], [503, 489], [503, 529], [429, 529]], '신러오장든', 0.06282932209985168), ([[327, 537], [423, 537], [423, 577], [327, 577]], '배에석중안:', 0.0009245804371504526), ([[376, 552], [438, 552], [438, 576], [376, 576]], '부끄러운', 0.9784271717071533), ([[391, 493], [551, 493], [551, 601], [391, 601]], '7도', 0.02048933920906936), ([[419, 539], [453, 539], [453, 559], [419, 559]], '소용', 0.9999028950419884), ([[365, 573], [405, 573], [405, 591], [365, 591]], "'더는", 0.9318865671269275), ([[360, 584], [516, 584], [516, 610], [360, 610]], '나외앗 나외버려어어]', 0.15541704577837676), ([[69.37865630885773, 139.19035649720243], [170.77396635864264, 133.04256238340224], [171.62134369114227, 194.80964350279757], [70.22603364135736, 201.95743761659776]], '/대`경하다', 0.000917512387341567)]
[]
[([[93, 69], [163, 69], [163, 109], [93, 109]], '계어액문드', 0.02377621709460389), ([[171, 87], [229, 87], [229, 129], [171, 129]], "'뜨매다", 0.16574221938129444), ([[101, 123], [137, 123], [137, 139], [101, 139]], '~색으', 0.10125371579650237), ([[169, 121], [193, 121], [193, 141], [169, 141]], '들다', 0.9434092671841143), ([[126, 116], [174, 116], [174, 170], [126, 170]], '물올', 0.02146370640362201), ([[162, 134], [228, 134], [228, 158], [162, 158]], "'세칙액이", 0.12810773898921718), ([[151, 155], [181, 155], [181, 173], [151, 173]], '동이', 0.9333234834201515), ([[96, 168], [120, 168], [120, 192], [96, 192]], '문', 0.9999928474554167), ([[134, 162], [188, 162], [188, 190], [134, 190]], '넓:다"', 0.1223759576678276), ([[418, 470], [516, 470], [516, 496], [418, 496]], '너절한 소리블', 0.22352381062557017), ([[351, 491], [377, 491], [377, 505], [351, 505]], '주의', 0.7917049960211323), ([[348, 502], [460, 502], [460, 528], [348, 528]], '공중에 뿌.지고', 0.23696645527610233), ([[357, 521], [403, 521], [403, 541], [357, 541]], '소변이', 0.9944259800656757), ([[381, 510], [517, 510], [517, 560], [381, 560]], "[몽려가닷물_음'", 0.0005046322144859701), ([[430, 534], [484, 534], [484, 558], [430, 558]], '나용다', 0.20430851852983622), ([[85.3902892391503, 172.2073760108954], [95.42993358039234, 168.09713948117607], [104.6097107608497, 186.7926239891046], [94.57006641960766, 190.90286051882393]], '명', 0.14132998356914417), ([[357.29289321881345, 457.0502525316942], [525.999658049514, 495.9415244672571], [513.7071067811866, 536.9497474683059], [345.00034195048596, 498.0584755327429]], '불럽퓨렉하권다동원', 0.0017527349610229474)]
[]
[([[40, 76], [88, 76], [88, 100], [40, 100]], '보편서', 0.39280051013838324), ([[66, 60], [102, 60], [102, 86], [66, 86]], '배설', 0.9711345411449347), ([[83, 59], [219, 59], [219, 103], [83, 103]], '하안 탤 동없다:', 0.019840635934225616), ([[129, 95], [175, 95], [175, 115], [129, 115]], '부려진', 0.698266847492517), ([[61, 111], [83, 111], [83, 129], [61, 129]], '내', 0.998346297728304), ([[59, 125], [91, 125], [91, 145], [59, 145]], '코로', 0.4343480340029287), ([[78, 103], [205, 103], [205, 154], [78, 154]], '부출출어하권', 0.0032982797293580877), ([[90, 124], [126, 124], [126, 148], [90, 148]], "'힘껏", 0.9832186082430009), ([[108, 140], [158, 140], [158, 164], [108, 164]], '인념 .', 0.17028004235910832), ([[361, 509], [413, 509], [413, 547], [361, 547]], '배석륙:', 0.12141148000955582), ([[391, 507], [521, 507], [521, 571], [391, 571]], '틈플불렉하니이', 0.0026922139816506576), ([[443, 529], [483, 529], [483, 545], [443, 545]], '더제', 0.9998281294780492), ([[332, 542], [396, 542], [396, 566], [332, 566]], '부끄러운', 0.953458845615387), ([[442, 540], [528, 540], [528, 566], [442, 566]], '맡아주세왜', 0.18563088802779307)]
[]
[([[224, 88], [256, 88], [256, 114], [224, 114]], '매설', 0.15006289099027378), ([[261, 65], [411, 65], [411, 153], [261, 153]], '매름기', 0.006507242658551829), ([[378, 98], [428, 98], [428, 126], [378, 126]], '처주저세', 0.08857863396406174), ([[115, 499], [185, 499], [185, 517], [115, 517]], '모여주서서', 0.667228421082669), ([[84, 497], [261, 497], [261, 539], [84, 539]], '오늘오트주증편 값말슬니다', 0.003936329191231668), ([[68, 522], [246, 522], [246, 554], [68, 554]], '한 눈 팔지 마시표 화주세요,', 0.16661410347066447), ([[207.29683744606538, 94.06228969796607], [294.9941056818646, 122.7829290390291], [281.70316255393465, 157.93771030203393], [195.00589431813538, 128.21707096097091]], '으물자러문', 0.003843668090579369)]
[]
[([[279, 51], [323, 51], [323, 69], [279, 69]], '[흐응]', 0.043940529227256775), ([[200, 64], [236, 64], [236, 88], [200, 88]], '배에', 0.7763693428312187), ([[242, 54], [406, 54], [406, 106], [242, 106]], '#음료워 -공엘터오직다', 4.787724546071968e-05), ([[234, 96], [370, 96], [370, 122], [234, 122]], '빠져나오키 시작없태', 0.005703079589695706), ([[98, 480], [170, 480], [170, 506], [98, 506]], "'아프으용!_", 0.5112225787375212), ([[40, 496], [122, 496], [122, 520], [40, 520]], "힘울 더 주자'", 0.5021467869610104), ([[176, 496], [234, 496], [234, 520], [176, 520]], '벌어지미', 0.2308611273765564), ([[30, 512], [92, 512], [92, 538], [30, 538]], '항문에서', 0.3796623945236206), ([[117, 495], [239, 495], [239, 539], [117, 539]], '발최학차 벌어지다 .', 0.023838102757837785), ([[236.28445824720006, 52.06452035960037], [271.39199321602035, 65.88000423998729], [251.71554175279994, 114.93547964039963], [216.60800678397965, 100.11999576001271]], '$8"', 0.0020736545512729373)]
[]
[([[231, 35], [395, 35], [395, 99], [231, 99]], '예명 --', 0.009015819526281056), ([[360, 72], [388, 72], [388, 96], [360, 96]], '동의', 0.37168342857017717), ([[238, 86], [404, 86], [404, 112], [238, 112]], '뽑어쳐나오지않기 위해세', 0.05089462786527563), ([[66, 502], [102, 502], [102, 526], [66, 526]], '아직;', 0.9048494042734984), ([[83, 501], [151, 501], [151, 543], [83, 543]], '장매%', 0.006047138415560102), ([[130, 518], [174, 518], [174, 542], [130, 542]], '명령올', 0.7041258754342224), ([[147, 503], [187, 503], [187, 523], [147, 523]], '허락이', 0.9806300824349424), ([[169, 501], [239, 501], [239, 545], [169, 545]], "'외운전=", 0.005203477546606399), ([[85, 551], [134, 551], [134, 572], [85, 572]], '"응가루', 0.08728968352079391), ([[166, 550], [238, 550], [238, 574], [166, 574]], '해주세요', 0.9987633228302002)]
[]
[([[341, 59], [391, 59], [391, 95], [341, 95]], "'밭이다", 0.13000075916673004), ([[321, 95], [359, 95], [359, 113], [321, 113]], '나오무', 0.2303649511085485), ([[296, 110], [372, 110], [372, 134], [296, 134]], '소리와 함께', 0.07774947759916326), ([[282, 124], [352, 124], [352, 148], [282, 148]], "{에 퍼쳐다'", 0.3378887798691078), ([[51, 511], [95, 511], [95, 529], [51, 529]], '5@으', 0.16947370075877027), ([[102, 510], [162, 510], [162, 536], [102, 536]], '굵어어!', 0.7579530477523804), ([[34, 530], [182, 530], [182, 560], [34, 560]], '굵은 동이 나아아!,', 0.3657394899228659)]
[]
[([[264, 62], [466, 62], [466, 112], [264, 112]], '두운령이생성 등콤물질동답 .', 8.815650382122622e-05), ([[38, 482], [138, 482], [138, 506], [38, 506]], "'아아; 정액이", 0.466576260439379), ([[101, 481], [213, 481], [213, 525], [101, 525]], '{핸일랜 옮가예 "', 0.0168513433605343), ([[73, 499], [107, 499], [107, 519], [73, 519]], "'다시", 0.9867823279308279), ([[153, 501], [179, 501], [179, 519], [153, 519]], '더', 0.9401997966756745)]
[]
[([[259, 123], [473, 123], [473, 189], [259, 189]], '동옮노@콤끝?', 1.664881649611121e-05), ([[403, 125], [547, 125], [547, 169], [403, 169]], '[품증력온국워올다:', 0.07799917379414191), ([[54, 526], [148, 526], [148, 550], [54, 550]], '부끄러움으로', 0.9290526050580475), ([[81, 523], [245, 523], [245, 585], [81, 585]], '가%안-미말플히-', 2.0355838353447238e-05), ([[108, 576], [198, 576], [198, 600], [108, 600]], '{아가버로다;', 0.0643611229162969)]
[]
[([[314, 104], [450, 104], [450, 131], [314, 131]], '앞의 폐니스에 여클', 0.08898762420604467), ([[326, 138], [394, 138], [394, 164], [326, 164]], '항문예로', 0.14881953597068787), ([[367, 103], [519, 103], [519, 169], [367, 169]], '발릭다대고', 0.0028723681271424946), ([[26, 528], [268, 528], [268, 578], [26, 578]], '항물움-곤픽데입)물해-하해', 5.679958765164713e-05)]
[]
[([[329, 81], [409, 81], [409, 101], [329, 101]], '폐니스에세', 0.4447330532084413), ([[472, 80], [510, 80], [510, 104], [472, 104]], "'액이", 0.9749142952601606), ([[397, 79], [481, 79], [481, 123], [397, 123]], '모물어직전드', 0.01127166112411079), ([[361, 106], [460, 106], [460, 136], [361, 136]], '콤연 흘프내리', 0.07724221706793781), ([[358, 122], [388, 122], [388, 154], [358, 154]], '전훈', 0.21612383953983647), ([[437, 131], [499, 131], [499, 151], [437, 151]], '느끼면서', 0.6516764760017395), ([[368, 144], [396, 144], [396, 180], [368, 180]], '엉동', 0.03577792960773233), ([[391, 119], [485, 119], [485, 209], [391, 209]], '[#뼈"', 0.0006460734293796122), ([[109, 541], [133, 541], [133, 557], [109, 557]], '[응', 0.04522163559572419), ([[128, 538], [168, 538], [168, 566], [128, 566]], '사행', 0.4711859067735075), ([[28, 556], [254, 556], [254, 588], [28, 588]], '엉덩의 안에서물 나악@-]', 0.10406278821945368)]
[]
[([[652, 80], [678, 80], [678, 104], [652, 104]], '1', 0.15947393814039756), ([[405, 75], [733, 75], [733, 135], [405, 135]], '영덩@-항똑업둑 분탤플렉춤 -되다;', 0.00014509046263589054), ([[49, 259], [329, 259], [329, 319], [49, 319]], '피니문움내통출-하다다 "', 0.005667284040174242)]
[]
[([[212, 76], [282, 76], [282, 104], [212, 104]], '(엉덩의', 0.3247247636318207), ([[276, 71], [461, 71], [461, 126], [276, 126]], '[@애회분-_야양양', 0.0012244503760131772), ([[232, 136], [280, 136], [280, 166], [232, 166]], '나늄', 0.7590313428765338), ([[272, 112], [434, 112], [434, 168], [272, 168]], '불쎄예똑길있다 "', 0.02010987774284522), ([[172, 254], [216, 254], [216, 278], [172, 278]], '야날', 0.3861399624076168), ([[41, 241], [187, 241], [187, 353], [41, 353]], '#들', 0.0012118015735379838), ([[148, 312], [204, 312], [204, 340], [148, 340]], '말휘다', 0.0922661393692108), ([[560, 428], [648, 428], [648, 460], [560, 460]], "'좋아아!", 0.519592419712104), ([[619, 423], [739, 423], [739, 489], [619, 489]], '"-방히하', 0.09365368642984752), ([[716, 430], [748, 430], [748, 460], [716, 460]], '거', 0.4726766573605268), ([[574, 452], [624, 452], [624, 482], [574, 482]], '너무', 0.9994819702465347)]
[]
[([[533, 97], [620, 97], [620, 126], [533, 126]], '뜨뜨러워', 0.06351674348115921), ([[471, 121], [495, 121], [495, 141], [471, 141]], '배', 0.9999563698759317), ([[495, 113], [688, 113], [688, 151], [495, 151]], '안이 청액흐로 가득 " ]', 0.28794434510762557), ([[180, 258], [294, 258], [294, 319], [180, 319]], '(흑왜`내 ', 0.0033497443544589097), ([[288, 284], [316, 284], [316, 312], [288, 312]], '채', 0.9997166595920284), ([[136, 304], [274, 304], [274, 332], [136, 332]], '정액히 취없없다-', 0.024432729884736007), ([[199.1401328392153, 247.19427896235214], [238.9115580174439, 252.41182830232495], [235.8598671607847, 271.80572103764786], [196.0884419825561, 265.588171697675]], '{에석', 0.02524831265498344)]
[]
[([[71, 51], [139, 51], [139, 69], [71, 69]], '*흐요요', 0.020362433046102524), ([[42, 44], [346, 44], [346, 124], [42, 124]], '내훈 울 인불지롭빨번- ', 2.1475686106028438e-06), ([[98, 107], [290, 107], [290, 140], [98, 140]], "'때안흐락 집어참젊다", 0.021241074937297023), ([[206, 250], [288, 250], [288, 274], [206, 274]], '5체; 죽을', 0.061758809313972714), ([[289, 249], [354, 249], [354, 278], [289, 278]], "'때까지", 0.7766578197479248), ([[160, 268], [398, 268], [398, 300], [160, 300]], '때 인에서 쾌들올 맛보라고,', 0.08622862287521499), ([[454, 394], [734, 394], [734, 424], [454, 424]], ':립환 산입이 반복되자 소부님음', 0.0774578881167848), ([[470, 416], [528, 416], [528, 444], [470, 444]], '비명음', 0.30939178129191625), ([[528, 414], [722, 414], [722, 442], [528, 442]], '좁르면서 용서해달라고', 0.18034361495081316), ([[554, 434], [632, 434], [632, 460], [554, 460]], '외처맺다', 0.09051195532083511), ([[497, 471], [604, 471], [604, 500], [497, 500]], '하룻륭일 밤', 0.15252577031775577), ([[508, 454], [676, 454], [676, 482], [508, 482]], "'정도로 화달라니", 0.2054807413650625), ([[602, 458], [693, 458], [693, 501], [602, 501]], '콤달런-지', 0.016992381635424124), ([[504, 492], [690, 492], [690, 522], [504, 522]], '계속 범해드리켓어요]', 0.6378819708942491), ([[225.184182983552, 41.08407832104958], [255.27692768207615, 52.70615062254669], [237.815817016448, 96.91592167895043], [208.72307231792385, 85.29384937745331]], '엔', 0.058995378538440946)]
[]
[]
[([[32, 97], [343, 97], [343, 134], [32, 134]], '슬부밤음 예속해제 정올 항요당해', 0.015423073947558935), ([[160, 122], [190, 122], [190, 152], [160, 152]], '{올', 0.26645348256748996), ([[63, 113], [310, 113], [310, 209], [63, 209]], '표현요5 다 기 :다"', 5.125585522918154e-06), ([[420, 405], [716, 405], [716, 456], [420, 456]], "'앞전은영임히은임다 패출제올'", 0.00154037089826175), ([[432, 428], [494, 428], [494, 456], [432, 456]], '$신올', 0.007574981555744619), ([[574, 430], [614, 430], [614, 456], [574, 456]], '덮고', 0.8894896050409317), ([[620, 432], [700, 432], [700, 456], [620, 456]], '폐니스클', 0.46401286125183105), ([[422, 448], [716, 448], [716, 478], [422, 478]], '먹음픽 보지에서는 채 담지도 못해', 0.1757238356950563), ([[460, 470], [676, 470], [676, 500], [460, 500]], '줄줄 흘러나오고 있없다  :', 0.08879914088962627)]
[]
[([[294, 12], [704, 12], [704, 44], [294, 44]], '팀 휴어비스에서 팀원올 모집아고 있습니다:', 0.29067677167086925), ([[174, 36], [830, 36], [830, 66], [174, 66]], '의까 여까 전부 모집아고 있습니다. 연때 식까가 펼실아게 부족아오니', 0.2784062640950758), ([[188, 60], [816, 60], [816, 90], [188, 90]], '관심이 외으미다면 +@라굽명신,~36!5$._어7으로 연락주시기 바람니다 ', 8.477538016964288e-05), ([[693, 101], [895, 101], [895, 141], [693, 141]], '~팀 묶어비?', 0.2083119586513028), ([[94, 234], [860, 234], [860, 288], [94, 288]], '에 작품은 역자 (가끔은 식자) 리치 니스가', 0.8103722304108236), ([[119, 275], [837, 275], [837, 337], [119, 337]], "팀' 아르카나에서 작업햇던 작품입니다", 0.4075405819394374), ([[332, 524], [956, 524], [956, 572], [332, 572]], '애참품은 팀 아르카나가 문 닫은 후엔', 0.5502355937306793), ([[393, 567], [893, 567], [893, 611], [393, 611]], '소유권이 리치니스에게 앞기에', 0.34454852274222564), ([[360, 602], [932, 602], [932, 653], [360, 653]], '아무런 이상이 없음올 알려드리며,', 0.6578609203409238), ([[423, 647], [861, 647], [861, 691], [423, 691]], '현재 팀 아르카나와 관계논', 0.6441616340917056), ([[459, 686], [571, 686], [571, 730], [459, 730]], '없음올', 0.9954331059542012), ([[593, 687], [831, 687], [831, 731], [593, 731]], '알려드럽니다 .', 0.8677662495034552), ([[221, 879], [683, 879], [683, 963], [221, 963]], '~리치니스 올림', 0.967882957941107)]
[([[294, 12], [704, 12], [704, 44], [294, 44]], '팀 휴어비스에서 팀원올 모집아고 있습니다:', 0.29067677167086925), ([[174, 36], [830, 36], [830, 66], [174, 66]], '의까 여까 전부 모집아고 있습니다. 연때 식까가 펼실아게 부족아오니', 0.2784062640950758), ([[188, 60], [816, 60], [816, 90], [188, 90]], '관심이 외으미다면 +@라굽명신,~36!5$._어7으로 연락주시기 바람니다 ', 8.477538016964288e-05), ([[693, 101], [895, 101], [895, 141], [693, 141]], '~팀 묶어비?', 0.2083119586513028), ([[687, 533], [777, 533], [777, 571], [687, 571]], '역식자', 0.9527779952630065), ([[794, 536], [892, 536], [892, 568], [794, 568]], '리치니스', 0.9919937013891986), ([[153, 573], [891, 573], [891, 613], [153, 613]], '안녕하세요 이 작품은 아마 모두가 기다렇던 작품이없올 거 같네요.', 0.27824349539823273), ([[155, 605], [615, 605], [615, 647], [155, 647]], '무려 식령! (아는 사람만 아는 명작? 승히)', 0.2327116913273892), ([[153, 640], [808, 640], [808, 679], [153, 679]], '이 작품의 텍스트틀 찾으려고 어제 3시간을 돌아다겨습니다.', 0.23744072954388282), ([[153, 673], [629, 673], [629, 711], [153, 711]], '찾는데 {6; 문앞까지 값다앉어요 진잡니다.', 0.10507083782684813), ([[155, 705], [479, 705], [479, 743], [155, 743]], '그다음 번역은 한 순간이없조.', 0.7053647488648668), ([[155, 735], [697, 735], [697, 776], [155, 776]], '오랜만이라 늦없지만 1시간만에 후딱 끝내습니다.', 0.5531093192707349), ([[155, 769], [777, 769], [777, 809], [155, 809]], '다음에도 이 작가 걸 올질 생각이니 그때고 기대해주세요', 0.4703791644139802), ([[462, 988], [710, 988], [710, 1180], [462, 1180]], ',', 0.13130021283232285)]
