619070
40
[([[922, 6], [976, 6], [976, 34], [922, 34]], '18*', 0.6650311017273175), ([[859, 41], [905, 41], [905, 57], [859, 57]], '-;,-.', 0.0005677536481633064), ([[736, 255], [915, 255], [915, 330], [736, 330]], '{염현]금', 0.0004910258452524555), ([[720, 362], [1002, 362], [1002, 410], [720, 410]], '번역& 식자: 무르매', 0.8309544151390263), ([[551, 525], [937, 525], [937, 588], [551, 588]], '머@오내[)', 0.0008841472661550756), ([[799, 589], [929, 589], [929, 625], [799, 625]], '-쳐~,..6', 0.0012771141583897577), ([[905.3627110670069, 35.068470908231596], [976.9904458356084, 63.76076433315133], [966.6372889329931, 86.9315290917684], [896.0095541643916, 58.23923566684867]], '관*0?', 0.0038587325252592564), ([[777.0287141376427, 72.25168544775693], [847.5113781655797, 37.69013892316432], [855.9712858623573, 57.74831455224307], [784.4886218344203, 92.30986107683569]], '프로직트서', 0.5976472945940832), ([[730.6035088397269, 138.0263162979521], [754.2294447643231, 141.26349391166792], [745.3964911602731, 218.9736837020479], [720.7705552356769, 215.73650608833208]], '불', 0.09986857257742088)]
[([[42, 562], [642, 562], [642, 642], [42, 642]], ']@박|형-_산@', 0.0005165943927323586), ([[401, 655], [586, 655], [586, 704], [401, 704]], '5@@진|@', 0.001443528560244714)]
[([[376, 1011], [766, 1011], [766, 1064], [376, 1064]], '64. 임항어흰 퍽4.', 0.00017518322705197724), ([[525, 1091], [721, 1091], [721, 1133], [525, 1133]], '못하출수@교', 0.00010845228678291305)]
[([[135, 37], [250, 37], [250, 91], [135, 91]], '~저명', 0.029147094115529265), ([[642, 60], [821, 60], [821, 111], [642, 111]], '임@교@6', 0.001806938141655381), ([[289, 81], [404, 81], [404, 133], [289, 133]], '* 숨 1', 0.07400448632659733), ([[165, 109], [247, 109], [247, 151], [165, 151]], '별 ', 0.3400503589345698), ([[302, 398], [338, 398], [338, 428], [302, 428]], '7"', 0.5718783253078501), ([[55, 1151], [202, 1151], [202, 1199], [55, 1199]], '1"#" #', 0.2156846797874136), ([[730, 1260], [768, 1260], [768, 1266], [730, 1266]], '"-; 7-1', 0.0025765399118298613), ([[778, 1258], [808, 1258], [808, 1266], [778, 1266]], '#구씌9', 0.0007156710489653051), ([[813, 1255], [905, 1255], [905, 1272], [813, 1272]], '요637 "뇨 -내', 0.006036378078354972), ([[578, 1290], [604, 1290], [604, 1298], [578, 1298]], '{눕리', 0.009279300126489691), ([[609, 1289], [645, 1289], [645, 1303], [609, 1303]], '1(+)', 0.2670162618160248), ([[571, 1302], [732, 1302], [732, 1330], [571, 1330]], '요으로로', 0.05307219177484512), ([[610, 1340], [788, 1340], [788, 1368], [610, 1368]], '7입 불_" _ ', 0.007001015020051121), ([[290.8800042399873, 28.608006783979647], [425.73415181634266, 14.566085702524422], [428.1199957600127, 51.39199321602035], [293.26584818365734, 65.43391429747558]], '타 ? 복 4', 0.022563719849085877), ([[285.6712678358369, 153.5754088880901], [431.5886105840366, 136.01388497108866], [434.3287321641631, 181.4245911119099], [288.4113894159634, 197.98611502891134]], "'옆+ 미럼", 0.00870527001574324), ([[140.21114561800016, 176.42229123600035], [251.62656507102014, 165.31239051150547], [253.78885438199984, 203.57770876399965], [143.37343492897986, 215.68760948849453]], '논요 )', 0.005295281221961931), ([[369.28204184138224, 411.1333087875939], [409.91947481401655, 419.43820249345856], [405.71795815861776, 440.8666912124061], [365.08052518598345, 432.56179750654144]], '4 "', 0.15906408042648237), ([[437.28204184138224, 431.1333087875939], [477.892699712136, 438.353712293417], [473.71795815861776, 460.8666912124061], [433.107300287864, 453.646287706583]], '+ "', 0.15598273277282715)]
[]
[([[601, 337], [665, 337], [665, 381], [601, 381]], '#매', 0.027611083470173166), ([[513.8674325266986, 332.129959864804], [585.651364652771, 342.1656590101748], [578.1325674733014, 384.870040135196], [505.34863534722905, 373.8343409898252]], '무', 0.04583487459505897)]
[]
[([[192, 656], [234, 656], [234, 682], [192, 682]], '으음', 0.9974872033493444), ([[828, 652], [902, 652], [902, 684], [828, 684]], '후우카', 0.9783492830953562), ([[602, 946], [676, 946], [676, 978], [602, 978]], '후우카', 0.9796034253429856), ([[624, 982], [650, 982], [650, 1012], [624, 1012]], '앗', 0.1547649305940837)]
[([[641, 53], [799, 53], [799, 91], [641, 91]], '오~~,즌6', 0.00019035478423982705), ([[449, 115], [523, 115], [523, 151], [449, 151]], '선생님', 0.7100441455841064), ([[642, 100], [800, 100], [800, 152], [642, 152]], '노자카2', 0.9857767820358276), ([[470, 334], [546, 334], [546, 366], [470, 366]], '노자카', 0.9602428061510418), ([[90, 356], [200, 356], [200, 388], [90, 388]], '저녁 함께', 0.9984068928102606), ([[472, 370], [544, 370], [544, 402], [472, 402]], '선생님', 0.9977254867553711), ([[88, 388], [203, 388], [203, 426], [88, 426]], '어떠세요?', 0.9990914612242712), ([[623, 599], [831, 599], [831, 637], [623, 637]], '12 열14타()', 0.12976587664087633), ([[674, 644], [780, 644], [780, 676], [674, 676]], ': 4:10', 0.2994073559265365), ([[94, 800], [168, 800], [168, 832], [94, 832]], '약속이', 0.9998269058359159), ([[96, 836], [168, 836], [168, 868], [96, 868]], '있어서', 0.9559543133103391), ([[818, 824], [866, 824], [866, 856], [818, 856]], '죄송', 0.9752284115402783), ([[94, 870], [200, 870], [200, 902], [94, 902]], '저논 이만', 0.5014956903320968), ([[817, 857], [893, 857], [893, 893], [817, 893]], '합니다', 0.997473912017461), ([[479, 1095], [531, 1095], [531, 1131], [479, 1131]], '먼저', 0.9997405538593274), ([[792, 1116], [844, 1116], [844, 1146], [792, 1146]], '그거', 0.9999817083167456), ([[482, 1132], [554, 1132], [554, 1164], [482, 1164]], '가보켓', 0.6194766171796303), ([[794, 1150], [868, 1150], [868, 1182], [794, 1182]], '유감이', 0.8145134799984555), ([[477, 1165], [555, 1165], [555, 1201], [477, 1201]], '습니다', 0.6622727806921266), ([[794, 1186], [842, 1186], [842, 1218], [794, 1218]], '군요', 0.9999346730098035), ([[794, 1220], [844, 1220], [844, 1252], [794, 1252]], '그럼', 0.9999555775106665), ([[793, 1253], [891, 1253], [891, 1289], [793, 1289]], '월요일에', 0.9984232783317566), ([[898, 1320], [926, 1320], [926, 1344], [898, 1344]], '10', 0.9999930036303156), ([[141.9750776405004, 115.95015528100076], [362.95014118625437, 77.78155773790584], [372.0249223594996, 152.04984471899925], [151.04985881374563, 190.21844226209416]], '콜교 틈 초', 0.0806952037083955)]
[([[796, 80], [870, 80], [870, 112], [796, 112]], '뭐활까', 0.7457638531502918), ([[406, 102], [500, 102], [500, 132], [406, 132]], '그렇네요', 0.9803119897842407), ([[794, 111], [871, 111], [871, 147], [794, 147]], '노자카', 0.9579385198886096), ([[406, 136], [512, 136], [512, 168], [406, 168]], '누구 종은', 0.5582646637899835), ([[796, 150], [870, 150], [870, 180], [796, 180]], '선생님', 0.9998101816422867), ([[405, 169], [525, 169], [525, 205], [405, 205]], '사람이라도', 0.868669426663976), ([[766, 184], [898, 184], [898, 216], [766, 216]], '최근 저희와', 0.9966554231069675), ([[406, 206], [478, 206], [478, 238], [406, 238]], '생긴걸', 0.2828891447985443), ([[783, 217], [883, 217], [883, 253], [783, 253]], '어울리지', 0.9929259419441223), ([[406, 242], [478, 242], [478, 272], [406, 272]], '지도0', 0.7299584150314331), ([[762, 254], [902, 254], [902, 286], [762, 286]], '않으시논군요', 0.2897500325185932)]
[([[828, 140], [880, 140], [880, 170], [828, 170]], '어서', 0.999884772460696), ([[828, 174], [900, 174], [900, 206], [828, 206]], '오세요', 0.9999684779805031), ([[870, 980], [900, 980], [900, 1004], [870, 1004]], '12', 0.9999996628252286)]
[([[452, 102], [526, 102], [526, 134], [452, 134]], '후우카', 0.8932835363390382), ([[836, 104], [860, 104], [860, 134], [836, 134]], '음', 0.9996950858840279), ([[17, 133], [109, 133], [109, 171], [17, 171]], '후우카', 0.9960953124894666), ([[42, 178], [66, 178], [66, 204], [42, 204]], '!!', 0.96123679352913), ([[575, 217], [595, 217], [595, 265], [575, 265]], '음', 0.22489481970205816), ([[461, 421], [518, 421], [518, 458], [461, 458]], '저기', 0.9999284354012767), ([[15, 445], [143, 445], [143, 485], [15, 485]], '선; 선생님', 0.6696322038653726), ([[28, 686], [148, 686], [148, 718], [28, 718]], '선생님께서', 0.9631463577196187), ([[28, 722], [102, 722], [102, 754], [28, 754]], '공부도', 0.9999666885248742), ([[400, 732], [514, 732], [514, 760], [400, 760]], '저논 저녁올', 0.7573013454219606), ([[28, 756], [150, 756], [150, 788], [28, 788]], '가르쳐주시', 0.8474242357594394), ([[400, 766], [524, 766], [524, 796], [400, 796]], '지어드리려고', 0.9995522898442266), ([[28, 792], [100, 792], [100, 824], [28, 824]], '계다고', 0.5268657197644194), ([[400, 800], [484, 800], [484, 830], [400, 830]], '온거에요', 0.9980228543281555), ([[28, 826], [147, 826], [147, 858], [28, 858]], '하여으면서', 0.7456560586220102), ([[844, 988], [872, 988], [872, 1014], [844, 1014]], '아', 0.9998728077327748), ([[480, 1006], [530, 1006], [530, 1038], [480, 1038]], '미안', 0.999609573922378), ([[782, 1150], [836, 1150], [836, 1182], [782, 1182]], '아아', 0.9997038047983008), ([[70, 1312], [98, 1312], [98, 1336], [70, 1336]], '13', 0.9999918235211795)]
[([[368, 96], [410, 96], [410, 124], [368, 124]], '저 ', 0.9152085230332003), ([[321, 433], [385, 433], [385, 475], [321, 475]], '말씀', 0.9986202225612492), ([[795, 439], [859, 439], [859, 479], [795, 479]], '오늘', 0.6557523653978916), ([[321, 475], [415, 475], [415, 515], [321, 515]], '드리고', 0.9998618684687738), ([[795, 479], [951, 479], [951, 523], [795, 523]], '친구집에서', 0.99758830074587), ([[321, 517], [415, 517], [415, 559], [321, 559]], '맞어요', 0.15837382860577615), ([[790, 518], [966, 518], [966, 566], [790, 566]], '자고 간다고', 0.9806847206588096), ([[44, 1310], [74, 1310], [74, 1334], [44, 1334]], '14', 0.9999930036303156)]
[([[268, 490], [300, 490], [300, 524], [268, 524]], '12', 0.9999571790704471), ([[616, 776], [666, 776], [666, 806], [616, 806]], '해서', 0.9998812322467456), ([[592, 810], [638, 810], [638, 840], [592, 840]], '0가', 0.41907926377033555), ([[376, 834], [416, 834], [416, 860], [376, 860]], '3의', 0.10127926156515876), ([[594, 846], [646, 846], [646, 872], [594, 872]], '1209', 0.27526772022247314), ([[378, 868], [448, 868], [448, 900], [378, 900]], '값은-', 0.9978839155978821), ([[484, 884], [524, 884], [524, 912], [484, 912]], '05', 0.03632388886289475), ([[596, 880], [644, 880], [644, 912], [596, 912]], '일때', 0.9959749082100724), ([[378, 1112], [428, 1112], [428, 1142], [378, 1142]], '시15', 0.4433738704700956), ([[478, 1128], [554, 1128], [554, 1160], [478, 1160]], '코사인', 0.8480535745620728), ([[480, 1162], [550, 1162], [550, 1194], [480, 1194]], '법칙올', 0.9841174801904152), ([[637, 1183], [657, 1183], [657, 1211], [637, 1211]], '6', 0.4894915922685392), ([[479, 1193], [623, 1193], [623, 1231], [479, 1231]], '적용하면 -3', 0.31994428583282347), ([[74, 1306], [104, 1306], [104, 1330], [74, 1330]], '15', 0.9999988198884456), ([[462.2145699273442, 859.8858279709377], [571.6440345775952, 831.5825794017015], [577.7854300726558, 858.1141720290623], [469.3559654224048, 886.4174205982985]], '|80( 5리', 0.07039009750011971), ([[574.01488842937, 1129.701488842937], [668.6105161291057, 1105.521755926892], [674.98511157063, 1131.298511157063], [580.3894838708943, 1155.478244073108]], '0=409', 0.7197591451562686), ([[213.2583685632087, 1158.069353385006], [280.938043269756, 1181.2987046231942], [267.7416314367913, 1218.930646614994], [200.06195673024396, 1195.7012953768058]], '+%:', 0.021709674469222676)]
[([[512, 82], [542, 82], [542, 116], [512, 116]], '시', 0.9344372460715853), ([[784, 138], [836, 138], [836, 170], [784, 170]], '그럼', 0.9999237150564536), ([[784, 174], [856, 174], [856, 200], [784, 200]], '4-609', 0.17719237038032018), ([[782, 210], [882, 210], [882, 236], [782, 236]], '6=4 <=5', 0.5214003685975203), ([[788, 244], [896, 244], [896, 276], [788, 276]], '일때 키는?', 0.13866433967522707), ([[536, 328], [568, 328], [568, 366], [536, 366]], '웃', 0.8480615070026012), ([[476, 526], [532, 526], [532, 558], [476, 558]], '햇로소', 0.03455808158407113), ([[370, 1180], [400, 1180], [400, 1206], [370, 1206]], '711', 0.880169361397483), ([[496, 1190], [548, 1190], [548, 1220], [496, 1220]], '자아', 0.9999264966874346), ([[496, 1224], [546, 1224], [546, 1254], [496, 1254]], '루트', 0.5417310872564365), ([[496, 1260], [568, 1260], [568, 1292], [496, 1292]], '다음은', 0.9997777657193861), ([[613, 1273], [653, 1273], [653, 1321], [613, 1321]], '잇', 0.39427952391838517), ([[898, 1312], [928, 1312], [928, 1336], [898, 1336]], '16', 0.9999917392276855)]
[([[87, 55], [143, 55], [143, 95], [87, 95]], '눈내', 0.44306732919850195), ([[253, 59], [316, 59], [316, 100], [253, 100]], '순  ', 0.09327185166893318), ([[852, 78], [902, 78], [902, 108], [852, 108]], '하아', 0.571067183383035), ([[472, 108], [522, 108], [522, 140], [472, 140]], '하아', 0.9999069410267625), ([[372, 126], [444, 126], [444, 156], [372, 156]], '이  십', 0.742194178649602), ([[396, 162], [420, 162], [420, 192], [396, 192]], '일', 0.9999488598686277), ([[371, 783], [407, 783], [407, 861], [371, 861]], '옷', 0.3982455306939734), ([[785, 819], [907, 819], [907, 855], [785, 855]], '잘햇습니다', 0.6382784515246143), ([[27, 1145], [65, 1145], [65, 1223], [27, 1223]], '양', 0.9920320127980773), ([[798, 1196], [848, 1196], [848, 1228], [798, 1228]], '상흘', 0.17694778017887036), ([[464, 1208], [494, 1208], [494, 1242], [464, 1242]], '잇', 0.31412907618946306), ([[798, 1232], [896, 1232], [896, 1264], [798, 1264]], '쥐야계네', 0.1985797882080078)]
[([[679, 55], [719, 55], [719, 101], [679, 101]], '우', 0.9999582771838647), ([[674, 106], [728, 106], [728, 242], [674, 242]], '맛', 0.41416624154283355), ([[783, 225], [819, 225], [819, 269], [783, 269]], '약', 0.35853117867478446), ([[319, 265], [387, 265], [387, 361], [319, 361]], '깥', 0.012173509677828653), ([[481, 447], [544, 447], [544, 566], [481, 566]], '아', 0.992165236157291), ([[756, 418], [804, 418], [804, 636], [756, 636]], '하', 0.003672211170228659), ([[560, 912], [598, 912], [598, 944], [560, 944]], '하', 0.9986164590260529), ([[484, 1130], [578, 1130], [578, 1162], [484, 1162]], '선생님 ', 0.8931824564933777), ([[484, 1166], [572, 1166], [572, 1198], [484, 1198]], '저 이제-', 0.7022844911171442), ([[38, 1308], [68, 1308], [68, 1332], [38, 1332]], '18', 0.9999997471189183)]
[([[805, 135], [921, 135], [921, 175], [805, 175]], '선생님의', 0.9938644170761108), ([[805, 177], [863, 177], [863, 213], [805, 213]], '것올', 0.7247302156841898), ([[269, 203], [357, 203], [357, 245], [269, 245]], '원해요', 0.9998913253023296), ([[206, 684], [232, 684], [232, 760], [206, 760]], '올', 0.7782829443766701), ([[748, 976], [900, 976], [900, 1008], [748, 1008]], '이 소녀에계도', 0.9253921322318386), ([[748, 1012], [822, 1012], [822, 1044], [748, 1044]], '운명의', 0.9996062596130144), ([[748, 1043], [845, 1043], [845, 1081], [748, 1081]], '남자라고', 0.9998049736022949), ([[747, 1081], [881, 1081], [881, 1117], [747, 1117]], '하는 녀석이', 0.8822738076347115), ([[750, 1118], [820, 1118], [820, 1150], [750, 1150]], '나타날', 0.9998156187217005), ([[750, 1152], [822, 1152], [822, 1184], [750, 1184]], '젓이다', 0.3802019953727722), ([[908, 1310], [936, 1310], [936, 1334], [908, 1334]], '19', 0.99991284142982), ([[50.323113325339364, 12.019105858506768], [267.963485938135, 121.06458340401413], [218.67688667466064, 212.98089414149322], [1.0365140618649864, 103.93541659598587]], '시;*', 0.23911714818630606)]
[([[774, 102], [848, 102], [848, 134], [774, 134]], '그것이', 0.9918425911401786), ([[773, 135], [917, 135], [917, 171], [773, 171]], '나다라고하는', 0.8388123628966824), ([[774, 172], [846, 172], [846, 204], [774, 204]], '것갈은', 0.6934088654593817), ([[771, 205], [905, 205], [905, 241], [771, 241]], '자만은 하지', 0.9241150881023865), ([[774, 242], [848, 242], [848, 274], [774, 274]], '않듣다', 0.1743186257077742), ([[730, 674], [758, 674], [758, 702], [730, 702]], '이', 0.9999061844895643), ([[766, 676], [838, 676], [838, 708], [766, 708]], '소녀논', 0.17247366694103097), ([[265, 687], [361, 687], [361, 723], [265, 723]], "몇번이고'", 0.9895586253516242), ([[632, 689], [709, 689], [709, 727], [632, 727]], '그래서', 0.9997451434677974), ([[86, 676], [112, 676], [112, 792], [86, 792]], '@', 0.0029150595764100423), ([[265, 721], [361, 721], [361, 757], [265, 757]], '몇번이고', 0.9180008769035339), ([[634, 730], [682, 730], [682, 760], [634, 760]], '나는', 0.9630274818445995), ([[732, 710], [804, 710], [804, 742], [732, 742]], '우연히', 0.9999948740005493), ([[730, 746], [818, 746], [818, 778], [730, 778]], '내 위에', 0.8257920976425447), ([[732, 780], [782, 780], [782, 812], [732, 812]], '앉아', 0.9932331222671626), ([[731, 813], [805, 813], [805, 849], [731, 849]], '날개틀', 0.4113482165441162), ([[731, 850], [825, 850], [825, 882], [731, 882]], '쉬고있는', 0.2565082013607025), ([[729, 882], [807, 882], [807, 919], [729, 919]], "'천사인", 0.6041715145111084), ([[84, 914], [116, 914], [116, 978], [84, 978]], '확', 0.4836633979203384), ([[732, 920], [804, 920], [804, 952], [732, 952]], '젓이다', 0.6784815303677646), ([[68, 1012], [98, 1012], [98, 1038], [68, 1038]], '20', 0.4694951897716594), ([[74, 1040], [124, 1040], [124, 1204], [74, 1204]], '하', 0.018888822713997167), ([[450, 1220], [476, 1220], [476, 1280], [450, 1280]], '응', 0.8429906805469081)]
[([[386, 122], [485, 122], [485, 160], [386, 160]], '선생님의', 0.9583233594894409), ([[823, 117], [887, 117], [887, 191], [823, 191]], '잇', 0.14846962513507833), ([[388, 160], [434, 160], [434, 190], [388, 190]], '것 ', 0.6261026218122521), ([[388, 196], [482, 196], [482, 228], [388, 228]], '뜨거워요', 0.9777547121047974), ([[368, 582], [476, 582], [476, 614], [368, 614]], '이 소녀의', 0.9895212411653577), ([[368, 618], [420, 618], [420, 650], [368, 650]], '안에', 0.9894715032788135), ([[370, 654], [498, 654], [498, 686], [370, 686]], '나의 존재름', 0.7056579420653756), ([[368, 688], [488, 688], [488, 720], [368, 720]], '새겨넣없다', 0.73840903761388), ([[545, 947], [605, 947], [605, 1021], [545, 1021]], '뜨', 0.9702518003883966), ([[545, 1033], [607, 1033], [607, 1107], [545, 1107]], '거', 0.9999846220607687), ([[541, 1119], [609, 1119], [609, 1197], [541, 1197]], '위', 0.9738095605884531), ([[908, 1314], [934, 1314], [934, 1338], [908, 1338]], '21', 0.999133570773099), ([[142.37292982319715, 273.04945788614214], [177.13988107233186, 268.1658545748838], [187.62707017680285, 343.95054211385786], [152.86011892766814, 349.8341454251162]], '볼', 0.027216820252507157)]
[([[240, 114], [312, 114], [312, 146], [240, 146]], '오늘은', 0.9999241546673724), ([[240, 150], [314, 150], [314, 182], [240, 182]], '묵분건', 0.3190423706723576), ([[264, 184], [290, 184], [290, 212], [264, 212]], '가', 0.9999598268728995), ([[429, 287], [473, 287], [473, 303], [429, 303]], '@느', 0.02365026325399333), ([[868, 1316], [898, 1316], [898, 1342], [868, 1342]], '22', 0.9344600842412667)]
[([[550, 908], [602, 908], [602, 940], [550, 940]], '원가', 0.9405452279600925), ([[800, 904], [874, 904], [874, 934], [800, 934]], '코우다', 0.9996431482341152), ([[24, 930], [118, 930], [118, 962], [24, 962]], '아무것도', 0.9023521004461363), ([[218, 934], [270, 934], [270, 966], [218, 966]], '아니', 0.999991992108174), ([[540, 944], [590, 944], [590, 976], [540, 976]], '있엇', 0.7524457951327305), ([[800, 938], [874, 938], [874, 970], [800, 970]], '선배님', 0.8269405305633425), ([[24, 964], [74, 964], [74, 996], [24, 996]], '아냐', 0.9979277631248227), ([[532, 978], [596, 978], [596, 1010], [532, 1010]], '나요?', 0.9999629031393806), ([[801, 971], [899, 971], [899, 1007], [801, 1007]], '교대하러', 0.9979206919670105), ([[800, 1008], [896, 1008], [896, 1040], [800, 1040]], '확습니다', 0.12545032799243927), ([[906, 1314], [934, 1314], [934, 1340], [906, 1340]], '23', 0.999997049721879)]
[([[1868, 1076], [1898, 1076], [1898, 1100], [1868, 1100]], '24', 0.7056432342951577), ([[956, 1320], [986, 1320], [986, 1344], [956, 1344]], '25', 0.9999987355947788)]
[([[890, 118], [940, 118], [940, 148], [890, 148]], '오오', 0.9999498456186608), ([[825, 507], [915, 507], [915, 545], [825, 545]], '참으로', 0.9998950418269726), ([[823, 541], [943, 541], [943, 581], [823, 581]], '아름다운', 0.9993449449539185), ([[827, 577], [945, 577], [945, 615], [827, 615]], '몸이구나', 0.36149558424949646), ([[581, 1157], [673, 1157], [673, 1195], [581, 1195]], '후우카', 0.9912361719684993), ([[40, 1314], [70, 1314], [70, 1340], [40, 1340]], '26', 0.9999998314126102)]
[([[104, 542], [154, 542], [154, 636], [104, 636]], '양', 0.96936240937886), ([[334, 522], [384, 522], [384, 616], [334, 616]], '학', 0.904754355509855), ([[350, 846], [374, 846], [374, 876], [350, 876]], '구', 0.3442649665942099), ([[128, 854], [152, 854], [152, 906], [128, 906]], '7', 0.3107852545707743), ([[904, 1318], [932, 1318], [932, 1344], [904, 1344]], '27', 0.999999915706304)]
[([[42, 1312], [72, 1312], [72, 1338], [42, 1338]], '28', 0.9999996628252286)]
[([[372, 196], [400, 196], [400, 232], [372, 232]], '웃', 0.3977787960646175), ([[848, 268], [872, 268], [872, 298], [848, 298]], '웃', 0.8618662067692782), ([[82, 310], [114, 310], [114, 352], [82, 352]], '응', 0.9993825912079615), ([[462, 338], [492, 338], [492, 400], [462, 400]], '옷', 0.5843482833690281), ([[75, 467], [141, 467], [141, 503], [75, 503]], '귀03', 0.010730828880184144), ([[152, 434], [182, 434], [182, 498], [152, 498]], '옷', 0.17749157558313655), ([[189, 615], [259, 615], [259, 655], [189, 655]], '30되', 0.03514680896538859), ([[345, 585], [413, 585], [413, 667], [345, 667]], '다', 0.1656706198245539), ([[229, 897], [273, 897], [273, 951], [229, 951]], '잇', 0.375676389493961), ([[240, 946], [264, 946], [264, 972], [240, 972]], '!2', 0.6585016679933366), ([[902, 1306], [930, 1306], [930, 1332], [902, 1332]], '29', 0.9999930036303156), ([[778.6905540855465, 104.09576778171632], [844.6941621955741, 78.16089289265666], [883.3094459144535, 189.90423221828368], [818.3058378044259, 215.83910710734332]], '불소', 0.018837796786635493), ([[466.3300131534902, 149.03213679629803], [544.816418271984, 219.40737890841493], [503.6699868465098, 266.967863203702], [424.1835817280159, 197.59262109158507]], '조립', 0.00029015726347392733), ([[466.4913427360585, 239.0324733412566], [501.5110098047591, 247.88634784209867], [482.5086572639415, 324.9675266587434], [446.4889901952409, 316.1136521579013]], '1', 0.01604001254385512), ([[466.6702733784662, 276.14920286525125], [504.6483550846105, 252.03513322158327], [552.3297266215338, 331.85079713474875], [514.3516449153894, 355.96486677841676]], '춤', 0.10429433841970681)]
[([[874, 52], [932, 52], [932, 84], [874, 84]], '수그 /', 0.17806978523731232), ([[526, 625], [625, 625], [625, 664], [526, 664]], '우리들은', 0.9998422861099243), ([[846, 644], [942, 644], [942, 676], [846, 676]], '다음날도', 0.9979956150054932), ([[526, 664], [646, 664], [646, 696], [526, 696]], '문자그대로', 0.9993008437680473), ([[846, 680], [896, 680], [896, 712], [846, 712]], '나는', 0.9428359570538006), ([[526, 700], [624, 700], [624, 732], [526, 732]], '아침부터', 0.9989521503448486), ([[846, 714], [974, 714], [974, 746], [846, 746]], '소녀의 몸올', 0.8329717167533788), ([[528, 734], [602, 734], [602, 766], [528, 766]], '밤까지', 0.9950119576164177), ([[845, 747], [919, 747], [919, 783], [845, 783]], '팀있다', 0.14999771559857566), ([[526, 770], [600, 770], [600, 802], [526, 802]], '성교틀', 0.21254751407508132), ([[528, 804], [624, 804], [624, 836], [528, 836]], '반복하다', 0.6104623079299927), ([[94, 1120], [166, 1120], [166, 1152], [94, 1152]], '그리고', 0.9999843766243525), ([[96, 1156], [224, 1156], [224, 1188], [96, 1188]], '소녀의 질은', 0.8736869876407838), ([[94, 1190], [202, 1190], [202, 1222], [94, 1222]], '하루 종일', 0.9994758743252923), ([[94, 1226], [224, 1226], [224, 1258], [94, 1258]], '나의 욕망올', 0.7590851931693942), ([[94, 1260], [216, 1260], [216, 1292], [94, 1292]], '받아들여야', 0.9964029136607614), ([[93, 1293], [147, 1293], [147, 1329], [93, 1329]], '햇다', 0.9052314918600584), ([[891.1299778141514, 141.12892678669957], [952.8366127575982, 149.02346118181046], [947.8700221858486, 179.87107321330043], [886.1633872424018, 171.97653881818954]], '4고기', 0.11273807194884226)]
[([[770, 96], [849, 96], [849, 134], [770, 134]], '횟수가', 0.9991466124094995), ([[772, 134], [870, 134], [870, 166], [772, 166]], '늘어남에', 0.820053143926081), ([[772, 168], [844, 168], [844, 200], [772, 200]], '따라-', 0.9900783319831221), ([[774, 204], [846, 204], [846, 236], [774, 236]], '소녀의', 0.9985495744379741), ([[771, 237], [893, 237], [893, 273], [771, 273]], '오르가츰이', 0.4214681050433401), ([[773, 273], [891, 273], [891, 309], [773, 309]], '깊어저감올', 0.9036284085179166), ([[774, 310], [798, 310], [798, 340], [774, 340]], '알', 0.9999548201895756), ([[806, 310], [832, 310], [832, 338], [806, 338]], '수', 0.9999921322023653), ([[774, 344], [846, 344], [846, 376], [774, 376]], '있없다', 0.5904282018798158), ([[95, 479], [135, 479], [135, 517], [95, 517]], '하', 0.6338950151303493), ([[188, 498], [224, 498], [224, 530], [188, 530]], '하', 0.5443695121564396), ([[19, 523], [57, 523], [57, 559], [19, 559]], '하', 0.5136138905456846), ([[414, 974], [486, 974], [486, 1004], [414, 1004]], '소녀의', 0.9899039568123259), ([[412, 1008], [486, 1008], [486, 1040], [412, 1040]], '호흡에', 0.9932338786594895), ([[853, 997], [893, 997], [893, 1037], [853, 1037]], '틈창이', 0.0018548285803070385), ([[14, 1034], [144, 1034], [144, 1066], [14, 1066]], '이미 정자로', 0.9996481759254369), ([[413, 1041], [489, 1041], [489, 1077], [413, 1077]], '맞취서', 0.7115349173545837), ([[12, 1065], [133, 1065], [133, 1104], [12, 1104]], '가득차있올', 0.6137186906668206), ([[412, 1078], [534, 1078], [534, 1110], [412, 1110]], '자궁입구가', 0.6639609695157539), ([[14, 1104], [170, 1104], [170, 1136], [14, 1136]], '터인 자궁안에', 0.8256561768541802), ([[191, 1113], [229, 1113], [229, 1153], [191, 1153]], '+7.', 0.3759960172467702), ([[414, 1114], [542, 1114], [542, 1146], [414, 1146]], '나의 정액올', 0.9845448225920598), ([[14, 1140], [168, 1140], [168, 1172], [14, 1172]], '새로운 생명올', 0.8958011858381895), ([[414, 1148], [530, 1148], [530, 1180], [414, 1180]], '삼켜간다 ', 0.6480960717804378), ([[14, 1174], [134, 1174], [134, 1206], [14, 1206]], '받아들이는', 0.790271212081227), ([[12, 1205], [89, 1205], [89, 1243], [12, 1243]], '것처럼', 0.9864081125591443), ([[200, 1198], [254, 1198], [254, 1252], [200, 1252]], '+7', 0.8078268845391031), ([[903, 1311], [929, 1311], [929, 1331], [903, 1331]], '31', 0.9997807591338959)]
[([[556, 396], [608, 396], [608, 428], [556, 428]], '나는', 0.9811241210272027), ([[254, 426], [372, 426], [372, 458], [254, 458]], '열정이라는', 0.8425963887312634), ([[556, 428], [664, 428], [664, 460], [556, 460]], '이 소녀의', 0.9925407577708263), ([[254, 462], [328, 462], [328, 494], [254, 494]], '이름의', 0.9995557445210453), ([[554, 462], [652, 462], [652, 494], [554, 494]], '자유로운', 0.9991925358772278), ([[254, 496], [372, 496], [372, 528], [254, 528]], '제멋대로인', 0.2789326102984238), ([[558, 494], [628, 494], [628, 526], [558, 526]], '날개틀', 0.42549472136165595), ([[253, 529], [329, 529], [329, 565], [253, 565]], '욕망에', 0.9242271017236323), ([[555, 523], [665, 523], [665, 561], [555, 561]], '내 손으로', 0.8962865509523895), ([[252, 566], [328, 566], [328, 598], [252, 598]], '빠져서', 0.9324264222749831), ([[558, 560], [698, 560], [698, 592], [558, 592]], '꺾어버린것은', 0.3784122086979939), ([[556, 594], [630, 594], [630, 626], [556, 626]], '아프까', 0.550164223530455), ([[84, 828], [158, 828], [158, 860], [84, 860]], '그녀의', 0.9980055655733973), ([[82, 860], [203, 860], [203, 898], [82, 898]], '아름다움은', 0.8782244212852509), ([[734, 816], [760, 816], [760, 914], [734, 914]], '물', 0.6398212176265048), ([[84, 898], [158, 898], [158, 930], [84, 930]], '조금도', 0.9135072231292725), ([[86, 934], [182, 934], [182, 966], [86, 966]], '가려지지', 0.9999105930328369), ([[83, 968], [181, 968], [181, 1000], [83, 1000]], '않앗지만', 0.45725351572036743), ([[40, 1308], [70, 1308], [70, 1334], [40, 1334]], '32', 0.9999996628252286)]
[([[317, 83], [401, 83], [401, 123], [317, 123]], '4고 터', 0.14213913361396674), ([[414, 140], [486, 140], [486, 172], [414, 172]], '}구 /', 0.012406480498611927), ([[138, 239], [261, 239], [261, 289], [138, 289]], '수주 주: ', 0.19327654527575255), ([[75, 337], [283, 337], [283, 375], [75, 375]], '12 타16 미(곁)', 0.033969634669716045), ([[127, 397], [233, 397], [233, 433], [127, 433]], '새 7:10:', 0.8417924012903568), ([[620, 556], [670, 556], [670, 588], [620, 588]], '일어', 0.9989678111882517), ([[618, 592], [690, 592], [690, 622], [618, 622]], '나세요', 0.9999807288805623), ([[756, 586], [810, 586], [810, 638], [756, 638]], '주', 0.009665590280311998), ([[823, 589], [899, 589], [899, 625], [823, 625]], '아버지', 0.9999684091552787), ([[243, 1065], [309, 1065], [309, 1107], [243, 1107]], '아침', 0.999749656898889), ([[243, 1107], [337, 1107], [337, 1149], [243, 1149]], '이에요', 0.9975321189037867), ([[72, 1314], [100, 1314], [100, 1338], [72, 1338]], '33', 0.9999996628252286)]
[([[399, 41], [477, 41], [477, 105], [399, 105]], '다"', 0.016948679219881364), ([[131, 1169], [207, 1169], [207, 1205], [131, 1205]], '그러게', 0.9132593299562985), ([[810, 1166], [876, 1166], [876, 1194], [810, 1194]], '원가 ', 0.547244959199699), ([[808, 1200], [882, 1200], [882, 1232], [808, 1232]], '미야마', 0.44932851103274823), ([[78, 1230], [130, 1230], [130, 1262], [78, 1262]], '셋시', 0.8398845608065845), ([[673, 1229], [773, 1229], [773, 1259], [673, 1259]], "'평소보다", 0.986896556542874), ([[808, 1236], [858, 1236], [858, 1268], [808, 1268]], '녀석', 0.9986990062114671), ([[75, 1263], [153, 1263], [153, 1299], [75, 1299]], '해적어', 0.17657644305064463), ([[676, 1264], [784, 1264], [784, 1296], [676, 1296]], '더 예쁘데', 0.29107733583550033), ([[83.05217527923597, 1141.1139186448675], [134.72801868616517, 1153.5502149553802], [124.94782472076403, 1189.8860813551325], [73.27198131383481, 1177.4497850446198]], '{3', 0.02409746182594258), ([[374.2562854188427, 1284.5587995863798], [423.17785805171746, 1273.9367660562677], [428.7437145811573, 1303.4412004136202], [380.82214194828254, 1314.0632339437323]], '("선', 0.029044267039927747)]
[([[78, 394], [122, 394], [122, 426], [78, 426]], '(30 `', 0.03687444259315922), ([[285, 431], [305, 431], [305, 453], [285, 453]], '5', 0.20753295741491318), ([[127, 1023], [149, 1023], [149, 1043], [127, 1043]], '나', 0.9315634188738819), ([[104, 1044], [168, 1044], [168, 1074], [104, 1074]], '다 햇', 0.3080960924560848), ([[117, 1069], [139, 1069], [139, 1087], [117, 1087]], '아', 0.9838822173496489), ([[878, 1314], [908, 1314], [908, 1338], [878, 1338]], '35', 0.9999939308592087), ([[815.6107425767057, 96.24900495710519], [880.2742267698496, 91.70229700361428], [881.3892574232943, 130.75099504289483], [816.7257732301504, 136.2977029963857]], '꼼량', 0.015434906821853145), ([[713.3093088240148, 135.04023970641623], [782.8812808539659, 115.22543325173652], [792.6906911759852, 151.95976029358377], [723.1187191460341, 172.77456674826348]], "'똑", 0.05012301942795367), ([[802.02481404895, 170.502481404895], [895.5856756665539, 133.51532928179967], [910.97518595105, 172.497518595105], [817.4143243334461, 209.48467071820033]], '"곳날4', 0.01818193309009075), ([[714.0574282752855, 191.50337089551385], [785.077155851316, 176.44439598789015], [790.9425717247145, 216.49662910448615], [719.922844148684, 230.55560401210985]], '벼', 0.2154868047836409), ([[801.0938090314045, 243.93133264396633], [890.8149209114896, 220.76791422776574], [900.9061909685955, 266.0686673560337], [811.1850790885104, 288.23208577223426]], '스소로', 0.05623849853783949), ([[689.781199215099, 273.6717988226486], [785.4080423076771, 256.9059017145599], [791.218800784901, 295.3282011773514], [695.5919576923229, 312.0940982854401]], '들어', 0.006432618708983487), ([[806.5700282971499, 306.94201697828987], [901.9809652541004, 269.3328205621207], [914.4299717028501, 305.05798302171013], [820.0190347458996, 342.6671794378793]], "'#모시", 0.08407342433929443), ([[686.0198512391601, 345.601985123916], [788.2984042266249, 314.73714128638517], [797.9801487608399, 347.398014876084], [695.7015957733751, 378.26285871361483]], "'교므", 0.022711114362919053), ([[207.42752122286237, 362.45651273371743], [273.4262082529096, 345.2354849069749], [279.57247877713763, 371.54348726628257], [213.57379174709044, 388.7645150930251]], '*03', 0.4051276274343346), ([[109.21456992734423, 391.88582797093767], [204.60472942637338, 365.5115831849295], [210.78543007265577, 390.11417202906233], [115.39527057362662, 416.4884168150705]], '(3칭디', 0.009515990503132343), ([[141.05825797292724, 410.41165159458546], [216.4901487993478, 388.3269312754382], [222.94174202707276, 413.58834840541454], [147.5098512006522, 434.6730687245618]], '05챙 ,', 0.04409759777409984), ([[91.31671842700025, 425.65835921350015], [142.20441033388246, 408.9651596918008], [149.68328157299976, 433.34164078649985], [98.79558966611754, 449.0348403081992]], '<=5', 0.18782977522702843), ([[204.12652114433655, 455.13795634330097], [280.49014879934776, 434.3269312754382], [286.87347885566345, 459.86204365669903], [211.5098512006522, 480.6730687245618]], '0논 논 ,', 0.11472070156800541), ([[154.21456992734423, 472.88582797093767], [204.1778580517175, 455.93676605626763], [211.78543007265577, 479.11417202906233], [161.8221419482825, 496.06323394373237]], '4=4', 0.7803181760019985), ([[222.21456992734423, 479.88582797093767], [296.4961508830135, 460.3358994113243], [302.7854300726558, 486.11417202906233], [228.50384911698646, 505.6641005886757]], '0느 곧 ,', 0.09187739395060358), ([[74.42752122286237, 489.45651273371743], [150.5197500054897, 471.37185384260664], [156.57247877713763, 498.54348726628257], [80.4802499945103, 516.6281461573933]], '1=3,2 ,', 0.49457358749118185), ([[170.54230423844288, 495.27961296691], [223.30466383879212, 481.07944680100655], [229.45769576155712, 505.72038703309], [176.69533616120788, 519.9205531989934]], '6=5', 0.9711349179032288), ([[89.21456992734423, 516.8858279709377], [168.55239399207787, 497.42352135783426], [174.78543007265577, 523.1141720290623], [95.44760600792212, 542.5764786421657]], '@=*3 ,', 0.10622391040859688), ([[539.6027607015021, 1068.3452453328541], [616.0348403081993, 1026.7955896661176], [628.3972392984979, 1054.6547546671459], [551.9651596918007, 1096.2044103338824]], '스', 0.09665497579365834), ([[567.1425070742874, 1093.4855042445724], [613.7904150521753, 1074.3874283345642], [618.8574929257126, 1088.5144957554276], [572.2095849478247, 1106.6125716654358]], '(시신,/', 0.0005189148087803423)]
[([[519, 595], [557, 595], [557, 687], [519, 687]], '$', 0.04111976803255235), ([[556, 710], [620, 710], [620, 740], [556, 740]], '열쇠틀', 0.8734038449733839), ([[629, 713], [691, 713], [691, 731], [629, 731]], '반아다', 0.9031364636933418), ([[635, 727], [669, 727], [669, 739], [635, 739]], '드사', 0.18645901246783084), ([[740, 758], [814, 758], [814, 790], [740, 790]], '투가와', 0.9982500412433378), ([[608, 780], [704, 780], [704, 812], [608, 812]], '살해 당한', 0.7057486355011908), ([[740, 794], [788, 794], [788, 826], [740, 826]], '고등', 0.9998840981339462), ([[892, 802], [924, 802], [924, 834], [892, 834]], '너', 0.9928297756034811), ([[608, 816], [704, 816], [704, 846], [608, 846]], '코오리나', 0.9984462261199951), ([[738, 828], [814, 828], [814, 860], [738, 860]], '학교의', 0.999950308143286), ([[608, 850], [706, 850], [706, 882], [608, 882]], '코조씨에', 0.7825831174850464), ([[738, 862], [790, 862], [790, 894], [738, 894]], '학생', 0.9982279534692605), ([[607, 883], [683, 883], [683, 919], [607, 919]], '대해서', 0.9999741904763433), ([[740, 898], [804, 898], [804, 930], [740, 930]], '이지?', 0.999519406900727), ([[342, 1168], [390, 1168], [390, 1200], [342, 1200]], '물고', 0.4060596777570203), ([[342, 1202], [416, 1202], [416, 1234], [342, 1234]], '싶은게', 0.9595469523557212), ([[344, 1238], [416, 1238], [416, 1270], [344, 1270]], '있는데', 0.33953161029444495), ([[34, 1320], [64, 1320], [64, 1344], [34, 1344]], '36', 0.842790163103069), ([[83, 1317], [296, 1317], [296, 1345], [83, 1345]], '7해탁애-어진+;미산안히_', 2.889934307377528e-06), ([[811.9153477109068, 483.11906469908024], [841.5709533631225, 462.03270574083444], [889.0846522890932, 537.8809353009198], [859.4290466368775, 558.9672942591656]], '축', 0.10169530228273516)]
[([[33, 1105], [649, 1105], [649, 1191], [33, 1191]], '알>@`--감이 @', 2.90494690949758e-05), ([[393, 1201], [588, 1201], [588, 1253], [393, 1253]], '`@@지_@', 0.044831461658838535), ([[64, 1324], [94, 1324], [94, 1350], [64, 1350]], '87', 0.997672349445607)]
[([[42, 11], [364, 11], [364, 182], [42, 182]], '방주', 0.01361098085221165), ([[754, 172], [778, 172], [778, 204], [754, 204]], '7', 0.4390567440627571), ([[339, 674], [534, 674], [534, 729], [339, 729]], '131=파6애트!', 0.0005832595300700136), ([[559, 973], [621, 973], [621, 1009], [559, 1009]], '청쇼', 0.026715713380771042), ([[198, 975], [295, 975], [295, 1160], [198, 1160]], '#', 0.15236640941283497), ([[590, 1004], [618, 1004], [618, 1074], [590, 1074]], '?', 0.255799462151888), ([[615, 973], [656, 973], [656, 1095], [615, 1095]], '흙', 0.00915021003917943), ([[754, 1030], [778, 1030], [778, 1080], [754, 1080]], '날', 0.027083585313089964), ([[32, 1310], [60, 1310], [60, 1334], [32, 1334]], '38', 0.9999991570631338), ([[692.657701256769, 684.0097719934562], [737.3120770051393, 676.0081215013267], [772.342298743231, 870.9902280065438], [727.6879229948607, 879.9918784986733]], "'", 0.02851722856780725), ([[522.404640601427, 993.0221840591217], [584.7246999450019, 983.1881237785209], [609.595359398573, 1142.9778159408781], [547.2753000549981, 1152.811876221479]], '3', 0.03330301022063864), ([[845.5582738957006, 1020.0244650613055], [874.3902856961255, 1014.0190858995201], [893.4417261042994, 1117.9755349386944], [864.6097143038745, 1123.9809141004798]], '푹', 0.007059012967292944), ([[94.5635180285155, 1133.0319225939054], [118.76451509302514, 1139.5737917470904], [100.4364819714845, 1206.9680774060946], [75.23548490697486, 1199.4262082529096]], '뷰', 0.2874216479359717)]
[([[847, 129], [887, 129], [887, 195], [847, 195]], '하', 0.024860789432663788), ([[112, 117], [212, 117], [212, 482], [112, 482]], '{', 0.20694116503128246), ([[750, 113], [894, 113], [894, 467], [750, 467]], '#', 0.24291496440967197), ([[187, 541], [239, 541], [239, 691], [187, 691]], ':', 0.09982220310508083), ([[654, 535], [698, 535], [698, 644], [654, 644]], '군', 0.04492969591579077), ([[813, 541], [849, 541], [849, 613], [813, 613]], ';', 0.9712144360787676), ([[99, 702], [120, 702], [120, 763], [99, 763]], '국', 0.9900971276545221), ([[176, 706], [202, 706], [202, 780], [176, 780]], '숲', 0.477006377749408), ([[425, 516], [632, 516], [632, 905], [425, 905]], '대', 0.02779991206541954), ([[865, 543], [903, 543], [903, 885], [865, 885]], "'", 0.08595274091384741), ([[68, 948], [98, 948], [98, 998], [68, 998]], '등', 0.9615722675001201), ([[868, 942], [898, 942], [898, 980], [868, 980]], '놈', 0.5184131733777555), ([[499, 944], [539, 944], [539, 1043], [499, 1043]], '등', 0.142361560099463), ([[613, 971], [719, 971], [719, 1037], [613, 1037]], "'밑끼", 0.016634296202950986), ([[62, 996], [103, 996], [103, 1135], [62, 1135]], ';', 0.24267093235090442), ([[95, 947], [146, 947], [146, 1168], [95, 1168]], '$', 0.02934809894628998), ([[406, 932], [521, 932], [521, 1243], [406, 1243]], '#', 0.022806420915666203), ([[568, 1060], [678, 1060], [678, 1161], [568, 1161]], '커충토', 0.0013161011559707464), ([[826, 938], [906, 938], [906, 1178], [826, 1178]], '#', 0.8087275880686917), ([[94, 1183], [156, 1183], [156, 1300], [94, 1300]], '말', 0.003540220018152296), ([[430, 1235], [461, 1235], [461, 1300], [430, 1300]], '품', 0.1152574238077797), ([[826, 1169], [906, 1169], [906, 1368], [826, 1368]], '얇', 0.007049372376613461), ([[912, 1312], [942, 1312], [942, 1336], [912, 1336]], '39', 0.9999973868963923), ([[271.42275661783697, 540.0560587509685], [296.63526004101743, 535.0680305799197], [307.57724338216303, 596.9439412490315], [282.36473995898257, 600.9319694200803]], '출', 0.3374562517510782), ([[216.715572722116, 543.0135135822181], [242.34896621890599, 540.0203653616488], [254.284427277884, 653.9864864177819], [228.65103378109401, 656.9796346383512]], '8', 0.017985748890482434), ([[245.66127093586715, 548.0191842356309], [271.40673576026916, 544.0277002134176], [283.33872906413285, 641.9808157643691], [257.59326423973084, 644.9722997865824]], '"', 0.08199921375450092), ([[624.4478423696257, 589.0305813266319], [662.3407803147556, 586.1831225729147], [670.5521576303743, 688.9694186733681], [632.6592196852444, 692.8168774270853]], '문', 0.020022565198827502), ([[80.77668610963663, 742.012506375766], [101.30088399397293, 741.0227623253207], [106.22331389036337, 834.987493624234], [86.69911600602707, 836.9772376746793]], "'", 0.2389755438619865), ([[566.7864056378821, 930.3592169136464], [763.4844892656454, 912.3634494194629], [765.2135943621179, 973.6407830863536], [568.5155107343546, 991.6365505805371]], '(늄단;분-*오', 0.00017802575444163777), ([[698.2272685141362, 981.0499675588485], [747.5787044347527, 970.2114170725736], [767.7727314858638, 1069.9500324411515], [717.4212955652473, 1080.7885829274264]], '{품', 0.04552042251957139), ([[497.5214379667787, 1037.0229548544985], [537.2229523137449, 1034.1518676133685], [546.4785620332212, 1150.9770451455015], [506.7770476862551, 1154.8481323866315]], '못', 0.006039165275282754), ([[602.6884493308283, 1066.012151434603], [636.5861946443579, 1063.0431861505845], [649.3115506691717, 1201.987848565397], [615.4138053556421, 1205.9568138494155]], '{', 0.020607246674050117), ([[232.6574279821265, 1074.0196234445007], [256.3140543535541, 1070.0164836412357], [272.34257201787347, 1166.9803765554993], [247.68594564644587, 1170.9835163587643]], '출', 0.22395490162101428), ([[142.65440104398374, 1155.0300859507074], [163.29523712450538, 1150.021911265814], [179.34559895601626, 1215.9699140492926], [158.70476287549462, 1220.978088734186]], '출', 0.8532395924544609), ([[128.53686935917918, 1176.0359638987468], [150.41270511382407, 1172.0285231804667], [165.46313064082082, 1245.9640361012532], [143.58729488617593, 1249.9714768195333]], '별', 0.024494879594927577)]
[([[27, 21], [893, 21], [893, 81], [27, 81]], '이4. 하미어담 이4. 0여: * 1미 조겉;+. 0 3/렌', 2.4124544937105563e-05), ([[1443, 67], [1599, 67], [1599, 255], [1443, 255]], '못', 0.4993840700559673), ([[1470, 282], [1596, 282], [1596, 406], [1470, 406]], '<', 0.031768456891555275), ([[1528, 240], [1584, 240], [1584, 294], [1528, 294]], '2', 0.45708149119096575), ([[1680, 168], [1802, 168], [1802, 446], [1680, 446]], '중', 0.06292090410941942), ([[1782, 27], [1920, 27], [1920, 505], [1782, 505]], '}', 0.034345387544195916), ([[223, 445], [259, 445], [259, 507], [223, 507]], '욕', 0.5583923918920597), ([[234, 502], [260, 502], [260, 580], [234, 580]], '{', 0.15202582050421487), ([[46, 652], [122, 652], [122, 702], [46, 702]], '묘천', 0.01506121125091739), ([[57, 710], [282, 710], [282, 766], [57, 766]], ';자기간보!', 0.003789859831115331), ([[1428, 372], [1869, 372], [1869, 988], [1428, 988]], '7 ', 0.0365472176919352), ([[1678, 988], [1732, 988], [1732, 1036], [1678, 1036]], '몇', 0.8033359854167408), ([[1744, 744], [1861, 744], [1861, 1025], [1744, 1025]], '틀', 0.17083468291133475), ([[194, 1108], [286, 1108], [286, 1132], [194, 1132]], '{1 *7사', 0.04673069132507373), ([[25, 1125], [883, 1125], [883, 1211], [25, 1211]], "'교 조굽전달@ 가'))+5쪽맣버>", 1.3045418055867974e-05), ([[278, 1208], [436, 1208], [436, 1240], [278, 1240]], '[4(4-5096', 0.04262751159133142), ([[466, 1203], [631, 1203], [631, 1244], [466, 1244]], '*3,000 (주퍼츠)', 0.1626607958638521), ([[118, 1246], [786, 1246], [786, 1298], [118, 1298]], "7?',훌{+~:/|>>>._물히-아7 (어스/교", 1.4693654810637187e-05), ([[1369, 1269], [1443, 1269], [1443, 1307], [1369, 1307]], '팔4뭐', 0.0008989297727132898), ([[1460, 1270], [1490, 1270], [1490, 1302], [1460, 1302]], '0', 0.7272411230673335), ([[1484, 1255], [1629, 1255], [1629, 1308], [1484, 1308]], '벼주서(6', 0.0022519632066262474), ([[1209, 1287], [1279, 1287], [1279, 1323], [1209, 1323]], '팔4즌', 0.0023640806332165414), ([[1289, 1281], [1370, 1281], [1370, 1319], [1289, 1319]], '-*)', 0.02185534776247966), ([[188, 1298], [678, 1298], [678, 1354], [188, 1354]], '보잡000-3"7한}름-로증다', 0.0004941917682645237), ([[1432, 1316], [1626, 1316], [1626, 1372], [1432, 1372]], "'+) 신", 0.07110995386124465), ([[91.77668610963663, 440.012506375766], [112.62574714986765, 442.10041043790176], [105.22331389036337, 532.987493624234], [83.37425285013235, 530.8995895620982]], '술', 0.042039290546100005), ([[1588.286093236459, 1041.5144372945836], [1680.0077530233277, 1006.363065842562], [1692.713906763541, 1040.4855627054164], [1600.9922469766723, 1075.636934157438]], '(1(', 0.1918855855424611)]
[([[319, 801], [708, 801], [708, 856], [319, 856]], '5익산@.-램@_-]산@', 0.0002546621678358065), ([[727, 816], [852, 816], [852, 858], [727, 858]], '-풍@,야6', 0.00023346039384928744), ([[477, 895], [837, 895], [837, 935], [477, 935]], '러위밤7입@07락:7보온이림', 0.00019241578697511624), ([[543, 947], [839, 947], [839, 989], [543, 989]], '독 _오`@5@@트', 0.00010378078192828364), ([[565, 1003], [837, 1003], [837, 1043], [565, 1043]], '독염다시방/-한기@', 1.1702556941870117e-05), ([[551, 1061], [839, 1061], [839, 1099], [551, 1099]], '태진7 )총=그소', 0.0022084049675888833), ([[463, 1129], [843, 1129], [843, 1171], [463, 1171]], '"++오리내오러뉴@헌여예위', 3.270437423303962e-06), ([[500, 1168], [841, 1168], [841, 1211], [500, 1211]], '모라 내박_ @득@쓰_어명', 2.0627037655340215e-05), ([[872, 1334], [902, 1334], [902, 1358], [872, 1358]], '42', 0.9994447363993592)]
[([[319, 659], [649, 659], [649, 723], [319, 723]], '7<( 제베터', 0.013674973209891474), ([[354, 722], [628, 722], [628, 776], [354, 776]], '2007 -4물물갚대', 0.0013568251767562007)]
