624808
28
[([[8, 1133], [980, 1133], [980, 1244], [8, 1244]], '[발물---들$외', 0.00047470517925047066), ([[244, 1240], [746, 1240], [746, 1318], [244, 1318]], '맵운위야투야-', 1.5183741190970788e-05)]
[]
[]
[([[650, 652], [904, 652], [904, 730], [650, 730]], '--채:', 0.006294887978583574), ([[745, 747], [807, 747], [807, 813], [745, 813]], '2', 0.7997722404715918)]
[([[105, 150], [414, 150], [414, 210], [105, 210]], '5시-위-4:^', 0.0014959675332548023), ([[441, 165], [495, 165], [495, 207], [441, 207]], '벼-', 0.0034082127138879235), ([[517, 153], [894, 153], [894, 209], [517, 209]], "'이걱--위비4 2", 0.0011253048567685248)]
[([[447, 155], [697, 155], [697, 197], [447, 197]], '그사5  ! [터 *- 2국', 0.025927897308760238), ([[450, 204], [719, 204], [719, 245], [450, 245]], '토주박장 ?0>2(7"', 0.006705438959111989), ([[446, 241], [855, 241], [855, 284], [446, 284]], '수013 *노여 +8< +7"8#소잇국 하!!', 0.0026198371247067973), ([[449, 275], [942, 275], [942, 324], [449, 324]], '#주"##추 묘이 다 <2~ *@손 남3 =질소+터 2규', 0.001108831265985177), ([[448, 335], [778, 335], [778, 383], [448, 383]], '솟8북. 약5소*+#12+종(.', 0.0005118017074915474), ([[454, 373], [916, 373], [916, 426], [454, 426]], '유* * =습39국 (1,4~+ ~127*0증"', 0.001283525855335129), ([[453, 425], [884, 425], [884, 473], [453, 473]], '충춤#다7 @구# 0"국4" 54*"+6*6표', 0.00033760698064485835), ([[456, 469], [921, 469], [921, 510], [456, 510]], '하나*#\' #431= 6,7<*2" +스9간" 7++병되니', 0.0004402790253163405), ([[455, 517], [793, 517], [793, 557], [455, 557]], '59;5 ##탁 { 48< 출- 5,2 "@', 0.013574042815180215), ([[455, 559], [883, 559], [883, 595], [455, 595]], ':하" 5612(<+692하92" < *운차', 0.001201762645860843), ([[458, 602], [652, 602], [652, 634], [458, 634]], '히곡 +6,2 52부', 0.005261090070544854), ([[462, 652], [512, 652], [512, 682], [462, 682]], '3', 0.18544535268303264), ([[551, 650], [768, 650], [768, 681], [551, 681]], '\'",<\'   허1 5*6 주+(0', 0.03147377367193892), ([[714, 756], [754, 756], [754, 786], [714, 786]], "'10", 0.9675914417399771), ([[767, 757], [825, 757], [825, 793], [767, 793]], '물 숨', 0.022941389019465415)]
[([[85, 251], [410, 251], [410, 317], [85, 317]], '"("; .; *9(*', 0.01525940530670817), ([[354, 316], [451, 316], [451, 357], [354, 357]], '061.2', 0.1570581132254153), ([[520, 576], [550, 576], [550, 612], [520, 612]], '어', 0.9999737741282502), ([[519, 633], [555, 633], [555, 751], [519, 751]], '옆', 0.14221391098736635), ([[260, 1158], [404, 1158], [404, 1314], [260, 1314]], '자', 0.02784486020931709), ([[685, 1211], [898, 1211], [898, 1286], [685, 1286]], '물@ **', 0.2829577481161782), ([[638.4933415398829, 279.02143017061843], [686.4165977241632, 299.93876071341316], [638.5066584601171, 408.97856982938157], [590.5834022758368, 388.06123928658684]], '"\'', 0.23830934703288295), ([[493.5872948861759, 1147.0285231804667], [521.3631631259332, 1142.0220623673483], [537.412705113824, 1224.9714768195333], [510.6368368740669, 1229.9779376326517]], '4', 0.2134453607876532)]
[([[157, 145], [173, 145], [173, 167], [157, 167]], '탑', 0.037614150753118025), ([[88, 164], [160, 164], [160, 328], [88, 328]], '#욕', 0.009916665010709338), ([[403, 359], [537, 359], [537, 401], [403, 401]], '아 이제야', 0.9958957212536448), ([[401, 401], [533, 401], [533, 445], [401, 445]], '발네 슬슬', 0.29545085649249436), ([[773, 387], [839, 387], [839, 429], [773, 429]], '어서', 0.9998646270064978), ([[340, 426], [370, 426], [370, 458], [340, 458]], '난', 0.9436328261722906), ([[387, 445], [547, 445], [547, 489], [387, 489]], '알바 끝나을', 0.3928813253658001), ([[759, 435], [855, 435], [855, 479], [759, 479]], '받아보', 0.8528747070199351), ([[403, 491], [533, 491], [533, 531], [403, 531]], '거 같아서', 0.9960460926248345), ([[744, 478], [870, 478], [870, 526], [744, 526]], '나외줄데', 0.3744218349456787), ([[773, 529], [843, 529], [843, 571], [773, 571]], '내까', 0.3675576695545366), ([[846, 668], [876, 668], [876, 706], [846, 706]], '움', 0.5535923469233808), ([[327, 703], [415, 703], [415, 747], [327, 747]], '동아리', 0.9997250471306334), ([[809, 711], [871, 711], [871, 749], [809, 749]], '이제', 0.9994855943273748), ([[882, 712], [914, 712], [914, 748], [882, 748]], '막', 0.9996764921567234), ([[327, 747], [419, 747], [419, 791], [327, 791]], '골나나', 0.4443289393982642), ([[787, 753], [935, 753], [935, 797], [787, 797]], '돌아가려던', 0.4412365504189395), ([[343, 795], [403, 795], [403, 831], [343, 831]], '보네', 0.9997635643673185), ([[815, 795], [909, 795], [909, 837], [815, 837]], '참이야', 0.8697750755023607), ([[907, 945], [929, 945], [929, 959], [907, 959]], '(0', 0.13126124047273377), ([[515, 1057], [577, 1057], [577, 1097], [515, 1097]], '이제', 0.9987153529936659), ([[495, 1101], [601, 1101], [601, 1141], [495, 1141]], '옷 갈아', 0.9925814167667742), ([[55, 1125], [115, 1125], [115, 1205], [55, 1205]], '좀', 0.2466754718569497), ([[499, 1143], [591, 1143], [591, 1185], [499, 1185]], '입으려', 0.9910375720714001), ([[347.15028142267585, 461.0912945443088], [376.6175075210944, 452.0479518649956], [394.84971857732415, 514.9087054556912], [365.3824924789056, 523.9520481350044]], '밟', 0.06388027732949642), ([[327.521532469686, 483.0287194983941], [357.379236370512, 472.01801810962417], [391.478467530314, 573.9712805016059], [361.620763629488, 584.9819818903758]], '8', 0.0409033462179329), ([[128.40077848228802, 820.045137983101], [181.85646411908073, 865.9380750976444], [158.59922151771198, 893.954862016899], [105.14353588091927, 849.0619249023556]], '*섞*', 0.003192839281137841), ([[149.40952575098925, 879.0438225316279], [207.85783314734758, 925.9430594116856], [184.59047424901075, 953.9561774683721], [127.14216685265244, 908.0569405883144]], '**<', 0.15965297060186992)]
[([[391, 81], [429, 81], [429, 117], [391, 117]], '아', 0.9999463565391267), ([[363, 121], [481, 121], [481, 163], [363, 163]], '아무것도', 0.9984484314918518), ([[377, 167], [471, 167], [471, 207], [377, 207]], '아니야', 0.9927583981638803), ([[871, 183], [907, 183], [907, 223], [871, 223]], '7?', 0.8381922756467456), ([[849, 225], [929, 225], [929, 265], [849, 265]], '아이?', 0.9968958584020355), ([[829, 267], [951, 267], [951, 309], [829, 309]], '왜 그래?', 0.7985223839348187), ([[399, 445], [461, 445], [461, 485], [399, 485]], '어디', 0.9999480754774863), ([[55, 467], [119, 467], [119, 509], [55, 509]], '점장', 0.9999166345514564), ([[378, 484], [484, 484], [484, 532], [378, 532]], '안 중은', 0.6969965100288391), ([[391, 533], [471, 533], [471, 573], [391, 573]], '거야?', 0.9992805327461607), ([[591, 535], [633, 535], [633, 589], [591, 589]], '문', 0.1715109653350746), ([[355, 617], [487, 617], [487, 661], [355, 661]], '지금 -바로', 0.14646622931811015), ([[375, 661], [465, 661], [465, 703], [375, 703]], '데리려', 0.9507769044555083), ([[379, 705], [463, 705], [463, 745], [379, 745]], '갈까?', 0.9963073933876487), ([[630, 716], [738, 716], [738, 766], [630, 766]], '허다"5', 0.011252916418015957), ([[324, 792], [396, 792], [396, 846], [324, 846]], '70', 0.21238685835763246), ([[272.79031815816916, 1229.05640429241], [422.7050493232792, 1254.3438687833818], [400.20968184183084, 1361.94359570759], [250.29495067672084, 1337.6561312166182]], '[7"', 0.006384845767370796)]
[([[677, 75], [717, 75], [717, 115], [677, 115]], '꽤', 0.8991748892380578), ([[57, 123], [161, 123], [161, 159], [57, 159]], '히로로군', 0.3921024799346924), ([[665, 115], [753, 115], [753, 159], [665, 159]], '괜찮으', 0.9873101914813318), ([[69, 159], [147, 159], [147, 195], [69, 195]], "'목소리", 0.9435087442398071), ([[665, 161], [729, 161], [729, 201], [665, 201]], '내까', 0.35085334620343966), ([[69, 197], [149, 197], [149, 233], [69, 233]], '들어서', 0.999479972524388), ([[59, 233], [159, 233], [159, 269], [59, 269]], '그럴지도', 0.7754726409912109), ([[68, 348], [99, 348], [99, 399], [68, 399]], '탑', 0.01203216157125292), ([[617, 439], [697, 439], [697, 477], [617, 477]], '하지만', 0.9999457656908931), ([[617, 475], [695, 475], [695, 511], [617, 511]], '목소리', 0.99983034703267), ([[722, 468], [750, 468], [750, 502], [722, 502]], '표', 0.048858251446334044), ([[607, 511], [709, 511], [709, 547], [607, 547]], '이상한데', 0.8340538740158081), ([[642, 550], [674, 550], [674, 582], [642, 582]], '12', 0.3262222690838239), ([[803, 703], [912, 703], [912, 748], [803, 748]], '뭐야-9', 0.15848223865032196), ([[831, 745], [889, 745], [889, 781], [831, 781]], '야한', 0.9998497919363172), ([[637, 774], [715, 774], [715, 814], [637, 814]], '귀여워', 0.9117844294953255), ([[795, 779], [921, 779], [921, 817], [795, 817]], '기분이라도', 0.9962786962403828), ([[651, 813], [705, 813], [705, 849], [651, 849]], '젓네', 0.12759202090745556), ([[813, 817], [905, 817], [905, 853], [813, 853]], '듣거야?', 0.7158785462379456), ([[662, 848], [694, 848], [694, 882], [662, 882]], '0', 0.9687994723200042), ([[586, 908], [612, 908], [612, 932], [586, 932]], '사', 0.08991559101337998), ([[746, 968], [800, 968], [800, 1024], [746, 1024]], '둘', 0.037431408235027996), ([[747, 1069], [763, 1069], [763, 1117], [747, 1117]], '1', 0.0313594076433219), ([[754, 1050], [807, 1050], [807, 1162], [754, 1162]], '[', 0.013960842326308287), ([[103, 1187], [240, 1187], [240, 1235], [103, 1235]], '굳일이네0', 0.5444041647936535), ([[107, 1231], [241, 1231], [241, 1269], [107, 1269]], '나도(아이의', 0.4171344661951087), ([[105, 1267], [243, 1267], [243, 1307], [105, 1307]], '목소리 [듣고', 0.204781991604306), ([[91, 1301], [255, 1301], [255, 1343], [91, 1343]], '흥분해 버로어', 0.39728247954659357), ([[179.5582738957006, 361.02446506130553], [215.94257172471453, 366.50337089551385], [203.4417261042994, 458.97553493869447], [167.05742827528547, 454.49662910448615]], '도', 0.06390218343297338), ([[720.0298574998546, 1201.1194299994186], [748.5086572639415, 1182.0324733412565], [789.9701425001454, 1248.8805700005814], [761.4913427360585, 1267.9675266587435]], "'?", 0.43161684816790685), ([[712.3798263270539, 1252.0386106164317], [748.4446596898725, 1236.0198114734276], [792.6201736729461, 1341.9613893835683], [756.5553403101275, 1357.9801885265724]], '', 0.0)]
[([[855, 83], [907, 83], [907, 119], [855, 119]], '내일', 0.999974627691473), ([[831, 119], [933, 119], [933, 157], [831, 157]], '우리집에', 0.899884819984436), ([[725, 149], [825, 149], [825, 187], [725, 187]], '아침까지', 0.9641385674476624), ([[837, 155], [923, 155], [923, 193], [837, 193]], '와 ; , 0', 0.702511101728347), ([[749, 187], [803, 187], [803, 223], [749, 223]], '잔뜩', 0.9976586189755852), ([[832, 196], [930, 196], [930, 228], [832, 228]], '부모님도', 0.988220751285553), ([[661, 243], [681, 243], [681, 275], [661, 275]], '움', 0.6355533477425901), ([[737, 223], [813, 223], [813, 259], [737, 259]], '귀여워', 0.7826984816200097), ([[841, 231], [919, 231], [919, 267], [841, 267]], '동생도', 0.9995884347663081), ([[735, 259], [815, 259], [815, 295], [735, 295]], '해주도', 0.2573048204334099), ([[831, 265], [935, 265], [935, 303], [831, 303]], '없으니까', 0.46291473507881165), ([[439, 301], [495, 301], [495, 337], [439, 337]], '잔뜩', 0.9863727888440622), ([[743, 297], [811, 297], [811, 333], [743, 333]], '돌까?', 0.3554749235784248), ([[594, 326], [646, 326], [646, 356], [594, 356]], '갈게', 0.9995574024902126), ([[427, 339], [503, 339], [503, 375], [427, 375]], '귀여워', 0.6035865956111718), ([[437, 375], [491, 375], [491, 411], [437, 411]], '해쥐', 0.8848046372602615), ([[94, 390], [124, 390], [124, 450], [94, 450]], '값', 0.04388530516879485), ([[443, 405], [483, 405], [483, 488], [443, 488]], '9', 0.566012185437458), ([[64, 480], [94, 480], [94, 538], [64, 538]], '햄', 0.006138205318820589), ([[701, 471], [761, 471], [761, 569], [701, 569]], '셈', 0.007037645603361398), ([[809, 467], [849, 467], [849, 543], [809, 543]], '"', 0.02411954062750965), ([[687, 575], [755, 575], [755, 659], [687, 659]], '#', 0.25933815786629566), ([[794, 558], [844, 558], [844, 636], [794, 636]], '(', 0.33283053424953835), ([[744, 614], [824, 614], [824, 692], [744, 692]], '저', 0.9993294409870401), ([[97, 739], [177, 739], [177, 775], [97, 775]], '아이장', 0.9877706859189561), ([[110, 778], [160, 778], [160, 808], [110, 808]], '보지', 0.7741311843013418), ([[109, 811], [165, 811], [165, 849], [109, 849]], '콜라', 0.4458342646612969), ([[97, 849], [175, 849], [175, 887], [97, 887]], '맛있어', 0.9533930397856821), ([[126, 1084], [184, 1084], [184, 1116], [126, 1116]], '그럼', 0.9939360843479096), ([[738, 1080], [879, 1080], [879, 1124], [738, 1124]], "'이뵈이화이;", 0.13058374538784037), ([[113, 1119], [193, 1119], [193, 1157], [113, 1157]], '꿈월게', 0.14456157400979142), ([[715, 1120], [901, 1120], [901, 1159], [715, 1159]], '그렇계 소리내서', 0.7331115523785869), ([[729, 1157], [891, 1157], [891, 1195], [729, 1195]], '점장이-들으면', 0.9863706268653624), ([[88, 1240], [120, 1240], [120, 1284], [88, 1284]], '움', 0.7777237675554716), ([[207, 1115], [419, 1115], [419, 1345], [207, 1345]], '젊젊', 0.0433906177191246), ([[581, 1137], [713, 1137], [713, 1285], [581, 1285]], '재', 0.038628931446371695), ([[738, 1191], [879, 1191], [879, 1234], [738, 1234]], '굳일이잡아-', 0.8290012477449975), ([[742.1504654174618, 396.0726994212783], [779.5402959038421, 379.0292776846527], [814.8495345825382, 463.9273005787217], [777.4597040961579, 480.9707223153473]], '올', 0.21043073591858175)]
[([[125, 125], [191, 125], [191, 163], [125, 163]], "'돌아", 0.9712022401749502), ([[637, 115], [717, 115], [717, 151], [637, 151]], '점장남', 0.587111518652709), ([[775, 71], [859, 71], [859, 193], [775, 193]], '가$', 0.005380869909625492), ([[638, 154], [694, 154], [694, 186], [638, 186]], '이제_', 0.7254904575615573), ([[119, 165], [199, 165], [199, 203], [119, 203]], '갈게요', 0.7219676250699211), ([[627, 187], [727, 187], [727, 223], [627, 223]], '그만해오', 0.9196743369102478), ([[129, 201], [187, 201], [187, 245], [129, 245]], '내일', 0.9256985793930124), ([[652, 228], [684, 228], [684, 260], [652, 260]], '나', 0.9994867506723182), ([[101, 241], [191, 241], [191, 283], [101, 283]], '약속이 ', 0.9797120690345764), ([[63, 759], [149, 759], [149, 797], [63, 797]], '그치만', 0.9993521047239432), ([[403, 767], [463, 767], [463, 803], [403, 803]], '내가', 0.9995032933821232), ([[77, 799], [137, 799], [137, 837], [77, 837]], '점장', 0.9996134509911765), ([[369, 805], [491, 805], [491, 843], [369, 843]], '쌀 때까지', 0.8778859451592269), ([[857, 797], [929, 797], [929, 833], [857, 833]], '안-꽤', 0.49724143743515015), ([[61, 837], [147, 837], [147, 877], [61, 877]], '좀처럼', 0.8586601413457238), ([[383, 843], [481, 843], [481, 885], [383, 885]], '못 돌아', 0.9994328477977937), ([[399, 887], [461, 887], [461, 923], [399, 923]], '가0', 0.3234574671031999), ([[161, 909], [223, 909], [223, 1023], [161, 1023]], '#', 0.9879151748538426), ([[331, 1169], [389, 1169], [389, 1205], [331, 1205]], '그런', 0.999351253066625)]
[([[311, 117], [415, 117], [415, 153], [311, 153]], '그것보다', 0.999542236328125), ([[324, 156], [402, 156], [402, 188], [324, 188]], '그에게', 0.9623083138793609), ([[323, 191], [401, 191], [401, 227], [323, 227]], '둘키지', 0.5761794718560502), ([[842, 180], [951, 180], [951, 224], [842, 224]], '괜찮아0', 0.961621105670929), ([[317, 227], [411, 227], [411, 265], [317, 265]], '압앗어?', 0.34276020526885986), ([[831, 223], [969, 223], [969, 261], [831, 261]], '나 아이장과', 0.6186933648230027), ([[305, 261], [419, 261], [419, 301], [305, 301]], '하고 +잇는', 0.3303792068845123), ([[504, 184], [532, 184], [532, 376], [504, 376]], '7', 0.016769466983040937), ([[853, 257], [945, 257], [945, 295], [853, 295]], '할 때만', 0.5818017787753041), ([[333, 299], [393, 299], [393, 335], [333, 335]], '거9', 0.5999810445353535), ([[837, 294], [961, 294], [961, 332], [837, 332]], '갈: 수_잇으', 0.2809979420944936), ([[874, 334], [928, 334], [928, 366], [874, 366]], '나까', 0.3272836730483328), ([[456, 516], [484, 516], [484, 554], [456, 554]], '', 0.0), ([[49, 639], [115, 639], [115, 677], [49, 677]], '우으;', 0.977343736554637), ([[59, 673], [113, 673], [113, 713], [59, 713]], '심술', 0.34161890397895794), ([[47, 713], [105, 713], [105, 749], [47, 749]], '쟁이', 0.4389889600897249), ([[584, 720], [662, 720], [662, 814], [584, 814]], '@', 0.05402929329854089), ([[809, 916], [894, 916], [894, 960], [809, 960]], '아이장', 0.9722218856594692), ([[783, 957], [921, 957], [921, 993], [783, 993]], '보고 잇으면', 0.49069736789407464), ([[807, 993], [907, 993], [907, 1031], [807, 1031]], '장난처고', 0.6249305605888367), ([[684, 1024], [718, 1024], [718, 1054], [684, 1054]], '자 ,', 0.9984626770019531), ([[729, 1021], [783, 1021], [783, 1057], [729, 1057]], '빨리', 0.9999559146810842), ([[801, 1029], [903, 1029], [903, 1067], [801, 1067]], '싶어지논', 0.5205618739128113), ([[672, 1060], [796, 1060], [796, 1092], [672, 1092]], '내-꺼 가게', 0.49861481959274473), ([[807, 1065], [893, 1065], [893, 1101], [807, 1101]], '결;; 0', 0.13858582539303543), ([[677, 1087], [787, 1087], [787, 1129], [677, 1129]], '해쥐로 , 0', 0.3639939178133931), ([[904.1758366163078, 450.11542815707753], [927.9881164689549, 446.1673994556627], [934.8241633836922, 490.88457184292247], [911.0118835310451, 494.8326005443373]], '좀', 0.0034272043805207014), ([[822.4710697270324, 669.0280554341044], [858.9442369682506, 664.0899677650967], [873.5289302729676, 772.9719445658956], [837.0557630317494, 777.9100322349033]], '올', 0.8798353220257162), ([[593.7057997834681, 1124.1053786791558], [644.6589106299301, 1094.027181377846], [699.2942002165319, 1200.8946213208442], [648.3410893700699, 1230.972818622154]], '쭉', 0.021779134440934378), ([[728.7864056378821, 1258.3592169136464], [770.6453874739251, 1219.0298152816083], [841.2135943621179, 1301.6407830863536], [799.3546125260749, 1340.9701847183917]], '굶', 0.38700491902503487)]
[([[185, 37], [321, 37], [321, 183], [185, 183]], '#', 0.8450798690589387), ([[90, 262], [120, 262], [120, 326], [90, 326]], '습', 0.07099013286083178), ([[476, 300], [506, 300], [506, 334], [476, 334]], '*', 0.05176028717880232), ([[72, 652], [100, 652], [100, 704], [72, 704]], '갑', 0.015319982667112209), ([[81, 819], [169, 819], [169, 923], [81, 923]], '#', 0.9622447730245121), ([[475, 855], [535, 855], [535, 925], [475, 925]], '꿀', 0.09026755041304657), ([[635, 869], [699, 869], [699, 941], [635, 941]], '현&', 0.0073087158428375544), ([[900, 1054], [930, 1054], [930, 1102], [900, 1102]], '(푹', 0.024940708405971825), ([[79, 1093], [155, 1093], [155, 1129], [79, 1129]], '점장의', 0.999667580163784), ([[75, 1129], [157, 1129], [157, 1165], [75, 1165]], '자지0', 0.9419477660292941), ([[835, 1085], [868, 1085], [868, 1192], [835, 1192]], '꿀', 0.008540877419545234), ([[65, 1163], [169, 1163], [169, 1203], [65, 1203]], '기분좋아', 0.26607105135917664), ([[218, 1204], [404, 1204], [404, 1330], [218, 1330]], '#년?', 0.016243224407229976), ([[441, 1217], [667, 1217], [667, 1333], [441, 1333]], '스 %', 0.24396561086177826), ([[763, 1273], [799, 1273], [799, 1337], [763, 1337]], '향', 0.11056466035744084), ([[590, 1300], [666, 1300], [666, 1376], [590, 1376]], '너', 0.009740091728561107), ([[767.7092250521497, 122.0596305632167], [863.2675004445953, 77.05749510945215], [938.2907749478503, 257.9403694367833], [842.7324995554047, 302.94250489054787]], ':', 0.021934012717083284), ([[74.29683744606537, 363.0622896979661], [103.67585526044338, 356.05751098074694], [119.70316255393463, 426.9377103020339], [90.32414473955662, 433.94248901925306]], '손', 0.25901353437902586), ([[555.2891314594269, 370.0854389836506], [577.6325136167592, 365.06743686775303], [588.7108685405731, 416.9145610163494], [565.3674863832408, 421.93256313224697]], '5', 0.7164640325768801), ([[512.1106806202549, 454.0396229468554], [588.1825847811664, 440.51996022631295], [611.8893193797451, 585.9603770531446], [534.8174152188336, 599.480039773687]], '월', 0.11845555602267055), ([[16.894514234419447, 501.0556909207525], [92.15506944614172, 470.0608128924225], [148.10548576558054, 621.9443090792474], [72.84493055385828, 652.9391871075775]], '별', 0.053891977422276804), ([[60.40952575098924, 747.0438225316279], [90.7553895746005, 741.0719742120774], [103.59047424901077, 821.9561774683721], [74.2446104253995, 826.9280257879226]], '소', 0.020407841523134573), ([[750.1813808269621, 798.0305030812924], [829.593410634346, 781.3100878730618], [862.8186191730379, 953.9694969187076], [783.406589365654, 971.6899121269382]], '#', 0.06338485631825908), ([[34.442125912616426, 1231.0390939795766], [69.88246898913546, 1225.098558153296], [84.55787408738357, 1309.9609060204234], [49.11753101086454, 1316.901441846704]], '호', 0.029030500870707243)]
[([[530, 58], [558, 58], [558, 220], [530, 220]], '{', 0.025644473682602476), ([[508, 262], [536, 262], [536, 344], [508, 344]], '경', 0.7353274387217112), ([[75, 353], [133, 353], [133, 389], [75, 389]], '아아 ,', 0.9923923107270788), ([[921, 349], [941, 349], [941, 375], [921, 375]], '2', 0.060033267997287254), ([[59, 387], [169, 387], [169, 425], [59, 425]], '좋아;; 0사', 0.2637305286944733), ([[415, 355], [446, 355], [446, 474], [415, 474]], '"', 0.004664382337659312), ([[75, 425], [151, 425], [151, 461], [75, 461]], '굉장히', 0.9983032998837552), ([[61, 457], [167, 457], [167, 499], [61, 499]], '기분중아', 0.7774749994277954), ([[429, 493], [445, 493], [445, 517], [429, 517]], '?', 0.3375764109358137), ([[45, 499], [183, 499], [183, 535], [45, 535]], '자지 까릿해', 0.13367454452475325), ([[208, 600], [238, 600], [238, 642], [208, 642]], '(위', 0.6160237457651024), ([[201, 641], [237, 641], [237, 687], [201, 687]], '(@', 0.002949164484280275), ([[825, 621], [867, 621], [867, 683], [825, 683]], '7', 0.99960927012377), ([[902, 630], [930, 630], [930, 698], [902, 698]], "'", 0.1797651793429731), ([[135, 679], [175, 679], [175, 759], [135, 759]], '값', 0.10561720504837524), ([[437, 733], [525, 733], [525, 839], [437, 839]], '값', 0.20786283885300438), ([[87, 800], [132, 800], [132, 911], [87, 911]], '값', 0.6568652679953288), ([[447, 901], [539, 901], [539, 999], [447, 999]], '직?', 0.05079912764228507), ([[781, 1087], [861, 1087], [861, 1123], [781, 1123]], '하지만', 0.9999178227869836), ([[769, 1123], [853, 1123], [853, 1161], [769, 1161]], '이래선 ,', 0.9924611449640693), ([[784, 1162], [848, 1162], [848, 1194], [784, 1194]], '내가;', 0.961950144961556), ([[696, 1208], [724, 1208], [724, 1272], [696, 1272]], '숲', 0.8876804229346114), ([[287.62918428160435, 458.03467669250307], [304.25401881042325, 464.44197662947414], [285.37081571839565, 514.965323307497], [268.74598118957675, 508.55802337052586]], '8', 0.9154876526422981), ([[286.314855964253, 759.0392468890013], [330.68669913026105, 753.2419581415227], [342.685144035747, 857.9607531109987], [298.31330086973895, 863.7580418584773]], '꿀', 0.37580521640393627), ([[540.1317568578755, 773.0540548630044], [585.5626893294422, 751.0226523149171], [636.8682431421245, 866.9459451369956], [591.4373106705578, 888.9773476850829]], '2', 0.028435193732448738), ([[276.9563638994289, 893.0683656356597], [333.7069014225598, 869.0312930547809], [378.0436361005711, 984.9316343643403], [321.2930985774402, 1008.9687069452191]], '곁', 0.06625120376661275), ([[602.2269358608581, 930.0374393668385], [711.9997520110354, 988.9370098266847], [678.7730641391419, 1048.9625606331615], [569.0002479889646, 990.0629901733153]], "'[사우#", 0.009639296760253881), ([[641.1625279556556, 1065.0390491255146], [734.9970927623382, 1125.7712603534999], [692.8374720443444, 1189.9609508744854], [599.0029072376618, 1129.2287396465001]], '사담', 0.0501240498710246), ([[609.2269793174761, 1189.0428138572847], [661.8957993634114, 1172.0575549335617], [697.7730206825239, 1292.9571861427153], [644.1042006365886, 1309.9424450664383]], '꽃', 0.020227191143282974), ([[41.522302683526135, 1253.038276637862], [65.73781435964676, 1251.092143406098], [71.47769731647386, 1320.961723362138], [47.26218564035324, 1323.907856593902]], '흉', 0.03706119357740878)]
[([[522, 66], [554, 66], [554, 98], [522, 98]], '값', 0.05080802875428447), ([[717, 73], [775, 73], [775, 109], [717, 109]], '절어', 0.35398295489440385), ([[797, 19], [857, 19], [857, 119], [797, 119]], '꿀', 0.17392043958996428), ([[697, 105], [813, 105], [813, 147], [697, 147]], '야한 (줍이', 0.511699360949246), ([[61, 133], [161, 133], [161, 169], [61, 169]], '이쪽으로', 0.9990476965904236), ([[707, 145], [809, 145], [809, 181], [707, 181]], '자꾸자꾸', 0.9991891384124756), ([[71, 169], [151, 169], [151, 207], [71, 207]], '귀여운', 0.9852756206861376), ([[699, 179], [815, 179], [815, 219], [699, 219]], "홀러 '나와", 0.658604798485783), ([[55, 203], [169, 203], [169, 243], [55, 243]], '야한; 얼굴', 0.988704759217177), ([[58, 240], [165, 240], [165, 280], [58, 280]], '보여쥐0', 0.45341113209724426), ([[666, 266], [752, 266], [752, 298], [666, 298]], '내 (자지', 0.3453905447341207), ([[669, 301], [751, 301], [751, 337], [669, 337]], '주위가', 0.9785363544600778), ([[659, 335], [761, 335], [761, 375], [659, 375]], '질적질적', 0.8125214576721191), ([[78, 372], [110, 372], [110, 434], [78, 434]], '품', 0.026636649527454814), ([[662, 482], [690, 482], [690, 508], [662, 508]], '1군', 0.6960524215835734), ([[88, 470], [116, 470], [116, 544], [88, 544]], '호', 0.012240552738152), ([[81, 731], [135, 731], [135, 769], [81, 769]], '하룻', 0.9380745340544476), ([[80, 770], [134, 770], [134, 802], [80, 802]], '키스', 0.9998895770426436), ([[67, 803], [121, 803], [121, 841], [67, 841]], '기분', 0.9923786903333948), ([[81, 843], [137, 843], [137, 879], [81, 879]], '좋아', 0.4966137981882456), ([[515, 757], [554, 757], [554, 893], [515, 893]], '?', 0.4362141764131735), ([[303, 893], [351, 893], [351, 913], [303, 913]], '- (3', 0.0914316009349627), ([[354, 894], [382, 894], [382, 922], [354, 922]], '$', 0.014768248853174681), ([[319, 919], [341, 919], [341, 937], [319, 937]], '20', 0.07323074151768218), ([[471, 983], [551, 983], [551, 1019], [471, 1019]], '잔~뜩', 0.33945285345662674), ([[465, 1021], [557, 1021], [557, 1059], [465, 1059]], '해 줄게', 0.9928048808376061), ([[461, 1057], [563, 1057], [563, 1095], [461, 1095]], '매일마다', 0.9568884968757629), ([[695, 1149], [761, 1149], [761, 1225], [695, 1225]], '%', 0.11809146029696649), ([[715, 1219], [893, 1219], [893, 1331], [715, 1331]], '칠" 국', 0.007073229644447565), ([[406, 1294], [438, 1294], [438, 1330], [406, 1330]], '속', 0.10280129341830335)]
[([[79, 37], [193, 37], [193, 165], [79, 165]], '월', 0.05384544669699043), ([[247, 131], [307, 131], [307, 167], [247, 167]], '아아 ,', 0.5355820831518889), ([[243, 167], [329, 167], [329, 203], [243, 203]], "'이대로", 0.6420077085494995), ([[240, 201], [343, 201], [343, 242], [240, 242]], '아이장이', 0.8760465979576111), ([[231, 239], [357, 239], [357, 277], [231, 277]], '내  것이  돼', 0.1432434639466182), ([[241, 277], [345, 277], [345, 315], [241, 315]], '준다면0', 0.5672922134399414), ([[253, 309], [275, 309], [275, 329], [253, 329]], '당', 0.38923692555232847), ([[897, 373], [935, 373], [935, 421], [897, 421]], '농', 0.0175813438404957), ([[235, 421], [271, 421], [271, 457], [235, 457]], '그 ', 0.6305306889051202), ([[219, 459], [311, 459], [311, 497], [219, 497]], '그런-말', 0.9850190281867981), ([[222, 494], [305, 494], [305, 532], [222, 532]], '하지마', 0.9999233287696258), ([[874, 488], [926, 488], [926, 566], [874, 566]], '춤', 0.05119032017019998), ([[315, 553], [355, 553], [355, 625], [315, 625]], ' ', 0.10375534952403598), ([[843, 581], [887, 581], [887, 621], [843, 621]], '9', 0.004123722768369087), ([[150, 640], [182, 640], [182, 672], [150, 672]], '내', 0.999998569489037), ([[117, 679], [205, 679], [205, 715], [117, 715]], '자지로', 0.9947796243643633), ([[101, 715], [227, 715], [227, 757], [101, 757]], '봉간 표정', 0.4642067151583268), ([[115, 757], [215, 757], [215, 797], [115, 797]], '짓는 겉', 0.3247961997003736), ([[133, 795], [195, 795], [195, 835], [133, 835]], '보면', 0.9897021811484855), ([[813, 833], [893, 833], [893, 869], [813, 869]], '그치만', 0.9986940125042258), ([[51, 853], [137, 853], [137, 895], [51, 895]], '어떻계', 0.36582476929491825), ([[315, 865], [383, 865], [383, 901], [315, 901]], '싫어 .', 0.3032502673728061), ([[825, 869], [883, 869], [883, 905], [825, 905]], '엄청;', 0.8448141961184055), ([[57, 893], [133, 893], [133, 935], [57, 935]], '돌까?', 0.22387567957403187), ([[324, 904], [380, 904], [380, 936], [324, 936]], '그건', 0.9989622494913255), ([[795, 905], [911, 905], [911, 941], [795, 941]], '나뿐 여자', 0.20539126419434806), ([[82, 926], [112, 926], [112, 958], [82, 958]], "0'", 0.9890052375382775), ([[301, 937], [359, 937], [359, 973], [301, 973]], '안돼 ,', 0.5923758745193481), ([[376, 940], [402, 940], [402, 970], [376, 970]], '0', 0.9797450552969735), ([[819, 943], [887, 943], [887, 981], [819, 981]], '잡아?', 0.9989121543838078), ([[750, 956], [804, 956], [804, 986], [750, 986]], "'자지", 0.9917587853280299), ([[687, 989], [853, 989], [853, 1027], [687, 1027]], '박고 빗는 거?', 0.2910542662461427), ([[681, 1025], [841, 1025], [841, 1061], [681, 1061]], '남친에게-보여', 0.5163727211855014), ([[720, 1062], [799, 1062], [799, 1099], [720, 1099]], '주자고', 0.7651194334030151), ([[239, 1163], [283, 1163], [283, 1247], [239, 1247]], '반', 0.8169078998944315), ([[513, 1177], [577, 1177], [577, 1243], [513, 1243]], '7', 0.37640316570156074), ([[623, 1143], [731, 1143], [731, 1283], [623, 1283]], '쥐', 0.287040741904093), ([[653, 1263], [721, 1263], [721, 1349], [653, 1349]], '꿀', 0.2319987178794669), ([[869.2583685632087, 223.0693533850061], [898.6951413356362, 216.06086576472825], [914.7416314367913, 283.93064661499386], [885.3048586643638, 291.93913423527175]], "'출", 0.32391913169845055), ([[126.48022230181095, 247.0225564708259], [170.7061687575647, 237.04170110804773], [198.51977769818905, 373.9774435291741], [153.2938312424353, 383.95829889195227]], '좀', 0.026427110453976832), ([[29.227265866000725, 289.02717529721025], [111.24822180241486, 269.23220084106566], [151.77273413399928, 452.97282470278975], [68.75177819758514, 472.76779915893434]], '#', 0.9471066836936224), ([[40.97148808702441, 467.04074989650763], [134.8569746702812, 439.31781975631276], [182.02851191297557, 618.9592501034924], [88.1430253297188, 646.6821802436873]], '#', 0.9973767340853215), ([[860.1855557964883, 600.0276702083777], [951.686598162274, 591.9530186174969], [963.8144442035117, 770.9723297916223], [872.313401837726, 779.0469813825031]], '객', 0.02261180516904404), ([[839.3585363632978, 610.0343881786703], [888.6196016277408, 618.2147639497664], [871.6414636367022, 714.9656118213297], [822.3803983722592, 705.7852360502336]], '물', 0.02147162676351755), ([[694.9820268028815, 945.1317018509494], [752.7316925201703, 955.5596976237939], [745.0179731971185, 990.8682981490506], [688.2683074798297, 980.4403023762061]], '+내 `', 0.8691996335983276), ([[311.7766275319922, 1162.053553864711], [396.58771674177325, 1100.012341545797], [529.2233724680078, 1303.946446135289], [444.41228325822675, 1365.987658454203]], '표', 0.08195801655873769), ([[723.1394255660866, 1173.0620364059978], [767.8164448694612, 1165.2815624479927], [781.8605744339134, 1253.9379635940022], [737.1835551305388, 1261.7184375520073]], '꿀', 0.9700953995594688), ([[104.45678552374488, 1205.0246407611937], [232.80871166233038, 1282.4970466328236], [206.54321447625512, 1326.9753592388063], [78.1912883376696, 1248.5029533671764]], "4886'", 0.0012310147422550778)]
[([[149, 105], [211, 105], [211, 145], [149, 145]], "귀엽'", 0.9705283600956537), ([[128, 144], [229, 144], [229, 188], [128, 188]], '구나-0', 0.940066397190094), ([[839, 133], [901, 133], [901, 171], [839, 171]], '그런', 0.9991232052960519), ([[86, 194], [120, 194], [120, 218], [86, 218]], '+', 0.2913602829749493), ([[137, 189], [223, 189], [223, 225], [137, 225]], '필사적', 0.9958938309212977), ([[833, 171], [931, 171], [931, 213], [833, 213]], '그런 거', 0.6940844989756698), ([[78, 212], [218, 212], [218, 268], [78, 268]], '씹이 이네?', 0.41891503626633175), ([[823, 213], [943, 213], [943, 253], [823, 253]], '보여줄 수', 0.8093402789244979), ([[67, 251], [151, 251], [151, 293], [67, 293]], '나는데', 0.9264078239316043), ([[788, 272], [816, 272], [816, 296], [788, 296]], '간', 0.03844155188826215), ([[833, 251], [933, 251], [933, 293], [833, 293]], '업는 걸', 0.47164878450163095), ([[772, 294], [889, 294], [889, 334], [772, 334]], '절대로 | 속', 0.18382984944458622), ([[97, 455], [130, 455], [130, 570], [97, 570]], '꿀', 0.018046571842927017), ([[326, 445], [369, 445], [369, 546], [326, 546]], '#', 0.22980788137758523), ([[833, 507], [927, 507], [927, 545], [833, 545]], '내 ` 자지', 0.3758827904133493), ([[837, 469], [921, 469], [921, 505], [837, 505]], '그래도', 0.9999664132240463), ([[69, 525], [89, 525], [89, 577], [69, 577]], '영', 0.8944996563646015), ([[328, 560], [360, 560], [360, 596], [328, 596]], '값', 0.05383978995334715), ([[849, 545], [909, 545], [909, 585], [849, 585]], '만은', 0.99951264863386), ([[343, 599], [363, 599], [363, 625], [343, 625]], '최', 0.016345857735111657), ([[413, 589], [479, 589], [479, 627], [413, 627]], '그런,', 0.8609268665313721), ([[823, 584], [935, 584], [935, 628], [823, 628]], '좋아하는', 0.9420915246009827), ([[409, 631], [503, 631], [503, 667], [409, 667]], '그런-거', 0.56236133050917), ([[845, 627], [919, 627], [919, 665], [845, 665]], '거지?', 0.9999194745813498), ([[413, 667], [501, 667], [501, 709], [413, 709]], '듣기만', 0.7077190800472012), ([[332, 650], [364, 650], [364, 784], [332, 784]], '"', 0.2722976766838201), ([[425, 707], [485, 707], [485, 747], [425, 747]], '해도', 0.9999907277059185), ([[413, 747], [497, 747], [497, 789], [413, 789]], '짓국어', 0.8337273998355879), ([[22, 650], [158, 650], [158, 959], [22, 959]], '줄', 0.3822657281341755), ([[813, 875], [917, 875], [917, 915], [813, 915]], '알아어0', 0.43567028641700745), ([[797, 913], [935, 913], [935, 951], [797, 951]], '아무튼 -중아', 0.12113033112790386), ([[423, 929], [459, 929], [459, 999], [423, 999]], '지', 0.008613583615011189), ([[795, 945], [937, 945], [937, 990], [795, 990]], "지금은 '나랑", 0.5034886777710981), ([[97, 963], [139, 963], [139, 1045], [97, 1045]], '시', 0.019917588673658893), ([[818, 988], [914, 988], [914, 1020], [818, 1020]], '셈스하고', 0.8559345006942749), ([[815, 1023], [919, 1023], [919, 1061], [815, 1061]], '잇으니까', 0.6337898373603821), ([[326, 906], [406, 906], [406, 1222], [326, 1222]], '{', 0.03909209303041927), ([[449, 1145], [485, 1145], [485, 1195], [449, 1195]], '숲', 0.013708219097410046), ([[742, 1094], [874, 1094], [874, 1215], [742, 1215]], '{ 록', 0.040266877389523795), ([[789, 1143], [865, 1143], [865, 1179], [789, 1179]], '나만의', 0.9998497554120749), ([[799, 1179], [855, 1179], [855, 1215], [799, 1215]], '것0', 0.6405011468083219), ([[61, 1207], [139, 1207], [139, 1343], [61, 1343]], '지', 0.0939543003563239), ([[0, 1359], [23, 1359], [23, 1379], [0, 1379]], '20', 0.8307252688884608), ([[218.79189235553514, 95.02189407101517], [232.1961161351382, 93.01941932430908], [237.20810764446486, 143.97810592898483], [223.8038838648618, 144.98058067569093]], '둑', 0.02142337242085901), ([[307.9848631198661, 786.0516585746874], [373.61992336980927, 754.0192337460712], [438.0151368801339, 903.9483414253126], [373.38007663019073, 934.9807662539288]], '중', 0.02428924361291629), ([[419.40077848228805, 1031.0451379831009], [453.06534151775907, 1026.1444783166814], [463.59922151771195, 1104.9548620168991], [429.93465848224093, 1109.8555216833186]], '표', 0.007294385562608918), ([[65.5473212697874, 1069.0205339676615], [106.66854565599817, 1061.0448969026017], [129.4526787302126, 1188.9794660323385], [88.33145434400183, 1196.9551030973983]], '춤', 0.05204059003007999), ([[545.1526193728228, 1265.0514788571463], [640.9555707782047, 1306.2125768930334], [616.8473806271772, 1360.9485211428537], [521.0444292217953, 1319.7874231069666]], '사"0', 0.25358928725709123), ([[677.9973506193547, 1294.0843686541932], [791.6971660876542, 1309.1179004889], [782.0026493806453, 1364.9156313458068], [668.3028339123458, 1349.8820995111]], '740', 0.17929279932800896)]
[([[836, 310], [864, 310], [864, 338], [836, 338]], '승', 0.05533818592999751), ([[859, 299], [931, 299], [931, 341], [859, 341]], '나물 :', 0.2938336431980133), ([[267, 289], [353, 289], [353, 443], [267, 443]], '꿀', 0.029880830840138595), ([[839, 343], [937, 343], [937, 381], [839, 381]], '가게 해', 0.9990240673389298), ([[839, 381], [937, 381], [937, 421], [839, 421]], '주는 거', 0.6728884959953377), ([[214, 416], [250, 416], [250, 448], [214, 448]], '941', 0.15223677818761902), ([[825, 421], [953, 421], [953, 461], [825, 461]], '아니엇어?', 0.6502442665480015), ([[234, 454], [264, 454], [264, 490], [234, 490]], '4,', 0.62863573686073), ([[250, 496], [280, 496], [280, 524], [250, 524]], '<,', 0.3731441621259771), ([[419, 481], [507, 481], [507, 523], [419, 523]], '그치만', 0.9997596651697747), ([[419, 523], [505, 523], [505, 565], [419, 565]], '이렇계', 0.9678859570199155), ([[92, 620], [146, 620], [146, 652], [92, 652]], '거기', 0.9999550717551025), ([[423, 627], [485, 627], [485, 667], [423, 667]], '해버', 0.9329534247980198), ([[89, 697], [125, 697], [125, 741], [89, 741]], '중이', 0.0479261138486111), ([[91, 643], [153, 643], [153, 735], [91, 735]], '출야', 0.29918300534505504), ([[118, 644], [148, 644], [148, 694], [118, 694]], '@', 0.6935359365138005), ([[411, 665], [497, 665], [497, 707], [411, 707]], '리면0', 0.8836306271696508), ([[851, 550], [929, 550], [929, 785], [851, 785]], '[', 0.0667818927112771), ([[423, 703], [479, 703], [479, 745], [423, 745]], '가;', 0.7735699214909821), ([[58, 706], [90, 706], [90, 826], [58, 826]], '8', 0.17395041888651352), ([[105, 737], [161, 737], [161, 775], [105, 775]], '좋아', 0.7903849482622245), ([[425, 745], [483, 745], [483, 785], [425, 785]], '버려', 0.9993997130746821), ([[598, 750], [704, 750], [704, 848], [598, 848]], '저', 0.020956017789171222), ([[782, 800], [872, 800], [872, 878], [782, 878]], '7', 0.25678884454567097), ([[577, 921], [615, 921], [615, 961], [577, 961]], '*', 0.3186408406552488), ([[53, 953], [133, 953], [133, 991], [53, 991]], '괜찮아', 0.9977100449023766), ([[547, 947], [583, 947], [583, 1005], [547, 1005]], '시', 0.02074877178717216), ([[37, 989], [149, 989], [149, 1027], [37, 1027]], '몇 번이고', 0.8854469910641494), ([[47, 1027], [137, 1027], [137, 1063], [47, 1063]], '가버려', 0.978714108467102), ([[862, 1020], [910, 1020], [910, 1072], [862, 1072]], '@@', 0.2665926286507908), ([[163, 1235], [233, 1235], [233, 1274], [163, 1274]], '구요', 0.7219410697839341), ([[77, 1253], [157, 1253], [157, 1295], [77, 1295]], '자8]"', 0.012579325586557388), ([[489, 1255], [555, 1255], [555, 1321], [489, 1321]], '90', 0.9816328068632313), ([[348.49027925047704, 310.04361965276695], [375.8662253865613, 307.1277789814019], [381.50972074952296, 373.95638034723305], [355.1337746134387, 375.8722210185981]], "'", 0.06507779504759359), ([[485.03792769639495, 1164.0934312516142], [583.8203976419882, 1179.6719312619011], [574.962072303605, 1224.9065687483858], [476.1796023580119, 1209.3280687380989]], '가버려', 0.9981144880233833), ([[481.03792769639495, 1212.0934312516142], [577.7863782055889, 1226.5541149170617], [568.962072303605, 1272.9065687483858], [472.2136217944111, 1258.4458850829383]], '가버려', 0.998905754546933)]
[([[806, 151], [890, 151], [890, 387], [806, 387]], '출', 0.08893247171162333), ([[743, 462], [823, 462], [823, 633], [743, 633]], '꿀', 0.06116411442096492), ([[253, 791], [289, 791], [289, 851], [253, 851]], '^', 0.40886026471129355), ([[274, 878], [300, 878], [300, 936], [274, 936]], '"', 0.6821100524484258), ([[827, 889], [889, 889], [889, 973], [827, 973]], '쥐', 0.7362563296045579), ([[290, 938], [314, 938], [314, 966], [290, 966]], '0', 0.022244086472458457), ([[682, 1026], [770, 1026], [770, 1100], [682, 1100]], '7>', 0.006591865562815652), ([[817, 983], [885, 983], [885, 1093], [817, 1093]], '가', 0.015114059525763113), ([[502, 1056], [574, 1056], [574, 1148], [502, 1148]], '직', 0.8188401526570352), ([[813, 1105], [873, 1105], [873, 1183], [813, 1183]], '2', 0.10173495629931395), ([[636, 1316], [672, 1316], [672, 1340], [636, 1340]], '7', 0.9365301660730019), ([[682, 1314], [720, 1314], [720, 1338], [682, 1338]], '5은', 0.10234421892094936), ([[726, 1298], [875, 1298], [875, 1339], [726, 1339]], '(처게+녀라어', 1.8095659165952228e-05), ([[676.1264117101978, 251.03184042971014], [765.769320875889, 241.98847974243293], [778.8735882898022, 411.96815957028986], [688.230679124111, 421.0115202575671]], '쇼', 0.019115899557302862), ([[25.909572657899265, 518.0425300211106], [103.53600519030559, 452.01026453302404], [274.0904273421007, 673.9574699788894], [196.4639948096944, 740.989735466976]], '출', 0.006989116888011182), ([[846.526087639618, 512.0569593224337], [863.5550793056416, 510.0785716343177], [866.473912360382, 556.9430406775663], [849.4449206943584, 558.9214283656822]], "'", 0.18462919630736963), ([[242.13227816872538, 611.0952517592642], [267.4276424244681, 587.0229254524469], [336.86772183127465, 663.9047482407358], [311.5723575755319, 687.9770745475531]], '글', 0.003199115609548109), ([[104.6142724585365, 804.0067650682905], [183.44790408708266, 787.0091227862024], [249.3857275414635, 1110.9932349317094], [169.55209591291734, 1127.9908772137976]], ':', 0.005866560191014836), ([[572.0625747279902, 1090.0630529871278], [625.8246609660354, 1077.2419964220912], [647.9374252720098, 1177.9369470128722], [595.1753390339646, 1190.7580035779088]], '꼴', 0.02394529024769909)]
[]
[]
[([[535, 121], [789, 121], [789, 165], [535, 165]], '그구교+"=" 꽃수-', 0.14965886981789137), ([[475, 159], [796, 159], [796, 216], [475, 216]], '\'+"=니? (-{#다#', 0.022522507079784274), ([[421, 235], [883, 235], [883, 322], [421, 322]], '[럿 @-랑|_:[국/잊@떤', 4.124571009829646e-06), ([[446, 318], [885, 318], [885, 379], [446, 379]], '#수추 ? 필씬 {! 5자밤주이_1스"', 0.0007317955211806886), ([[722, 322], [816, 322], [816, 354], [722, 354]], '*059하', 0.024171377653607422), ([[460, 375], [816, 375], [816, 427], [460, 427]], '1~2슬는 허++2풍62덕 !', 0.03048684662033735), ([[524, 438], [674, 438], [674, 466], [524, 466]], '{해한:2 #* <^', 0.057090308302703056), ([[13, 1329], [39, 1329], [39, 1349], [13, 1349]], '27', 0.9998326811115696)]
[([[499, 107], [603, 107], [603, 151], [499, 151]], '쫓("5', 0.029602443799376488), ([[611, 103], [793, 103], [793, 147], [611, 147]], '"5 *-(* 2', 0.09789211340889836), ([[899, 687], [923, 687], [923, 707], [899, 707]], '28', 0.9440455877202528)]
[([[154, 60], [326, 60], [326, 108], [154, 108]], '역식자 후기', 0.6540194307408241), ([[521, 126], [817, 126], [817, 166], [521, 166]], '그 료1-+,2중-143(_" @', 0.005770782335958068), ([[52, 154], [426, 154], [426, 202], [52, 202]], '제목이 한국어로 표현하기', 0.910102259497817), ([[492, 170], [901, 170], [901, 212], [492, 212]], '하의하3\'5 [톱느  542"초-445 .흐<#@', 6.702852431598857e-05), ([[68, 202], [412, 202], [412, 250], [68, 250]], '애매해서 넘거버로어요;', 0.25178738008727986), ([[491, 215], [897, 215], [897, 255], [491, 255]], '*@{료구히 (숙미""=\'-[구)-( 긴3', 0.00552702418340722), ([[53, 245], [428, 245], [428, 297], [53, 297]], '후시다라:  걸레 방탕 난잡', 0.4129269876359958), ([[497, 267], [719, 267], [719, 303], [497, 303]], '틈((5*42 *5+07"', 0.10175347799392155), ([[713, 277], [743, 277], [743, 291], [713, 291]], '9', 0.05304468340159829), ([[84, 296], [381, 296], [381, 341], [84, 341]], '요코시마; 간사 부정', 0.5570079684406138), ([[499, 321], [883, 321], [883, 357], [499, 357]], '숙@*767 |-- }"7+"5 반리3 |', 0.022573445377121047), ([[99, 343], [187, 343], [187, 387], [99, 387]], '인데 ,', 0.9805241439392777), ([[206, 340], [382, 340], [382, 388], [206, 388]], '원가 느낌올', 0.6094398036865155), ([[493, 367], [883, 367], [883, 405], [493, 405]], '창! 노( #* 듯리 중나0 2438" 콤고*', 0.003056799136268977), ([[76, 388], [402, 388], [402, 438], [76, 438]], '살리기가 애매하내요; ;', 0.5550043093323925), ([[493, 413], [725, 413], [725, 449], [493, 449]], '팀&,2(*. 노4(01', 0.01531465160529915), ([[749, 412], [857, 412], [857, 444], [749, 444]], '#"히1+', 0.03374191864761557), ([[875, 413], [889, 413], [889, 439], [875, 439]], '1', 0.8375403000323765), ([[75, 441], [406, 441], [406, 485], [75, 485]], '이 분은 대사가 손글씨라; ;', 0.7427063131145378), ([[495, 457], [773, 457], [773, 500], [495, 500]], '2* -+#" [하쑤-오', 0.0006095472269752014), ([[79, 481], [399, 481], [399, 525], [79, 525]], '알아보기가 참 힘들없어오', 0.5426930612720443), ([[493, 509], [839, 509], [839, 549], [493, 549]], '*닦5 + +*뇨{ @*#6,102"', 0.0005933750542232224), ([[77, 521], [405, 521], [405, 565], [77, 565]], '대달출 1~3권 하신 분 참', 0.7494526137584749), ([[125, 563], [353, 563], [353, 606], [125, 606]], '존경스럽군요 ; 드드', 0.3457205682313735), ([[491, 561], [859, 561], [859, 597], [491, 597]], '2+054-+ 사7습사((< 볶절3하0', 0.0022565788645529067), ([[119, 603], [361, 603], [361, 645], [119, 645]], '이번 꺼능 귀찮아서', 0.7827644101065407), ([[489, 618], [853, 618], [853, 658], [489, 658]], '도리교 . 하 ! 쓰의+:67+8', 0.0008754589359785263), ([[131, 641], [339, 641], [339, 685], [131, 685]], '대패질올 대충; ; _', 0.6948529099987121), ([[49, 683], [435, 683], [435, 725], [49, 725]], '그래도 재망게 보석길 바갑니다', 0.11643423104837142), ([[694, 686], [724, 686], [724, 714], [694, 714]], '10', 0.978100679291901), ([[749, 685], [891, 685], [891, 725], [749, 725]], '[히** 500', 0.04890610188808176), ([[86, 755], [461, 755], [461, 807], [86, 807]], '5오긋-이,: 7쪽서서,!', 0.00014404309009421592), ([[87, 829], [348, 829], [348, 881], [87, 881]], '[이제이-습들서', 0.00025180640920518003), ([[88, 876], [258, 876], [258, 924], [88, 924]], '7.:맑(.', 0.032676837948960175), ([[87, 917], [328, 917], [328, 973], [87, 973]], '-어:이서6', 0.0003667341520034692), ([[88, 964], [530, 964], [530, 1016], [88, 1016]], ')표후몹0 7 듭어-74', 4.093922849174751e-05), ([[87, 1010], [281, 1010], [281, 1060], [87, 1060]], '익장신7어', 0.000746481115115358), ([[464, 1054], [700, 1054], [700, 1106], [464, 1106]], '4,오 %어>!', 0.0007593851186063363)]
[([[180, 112], [822, 112], [822, 160], [180, 160]], '5리-위이-장친너 .8 릇어헌어-위이렌장 2', 2.3976524097366544e-06), ([[277, 211], [726, 211], [726, 251], [277, 251]], '3설장--꾸어:/쪽지큰장틀 이7장헌1', 7.613000529667565e-05), ([[105, 265], [898, 265], [898, 322], [105, 322]], '소++오:/|름 004.나,_ `0-_.+.,서 스명/:.,--?어:/', 3.827762168598691e-06), ([[259, 335], [746, 335], [746, 385], [259, 385]], '6즌3+-오어명@훨{6.-어-_즌+_서.스오', 2.843556664193237e-06), ([[387, 401], [615, 401], [615, 441], [387, 441]], '만:이시-_:~)', 5.871308807317662e-05), ([[325, 459], [673, 459], [673, 501], [325, 501]], '2010/12/29 어, $3-.', 0.009389258544680392), ([[368, 582], [636, 582], [636, 632], [368, 632]], '5어- 법응교+ -항즐', 5.085413114347857e-05), ([[235, 725], [441, 725], [441, 765], [235, 765]], "숲 ' #비부로둑 .", 0.00334578363828464), ([[455, 722], [593, 722], [593, 764], [455, 764]], '#빠#물 ', 0.11092878382986252), ([[613, 723], [761, 723], [761, 765], [613, 765]], '#버#빛.', 0.026006534255745867), ([[879, 1297], [907, 1297], [907, 1317], [879, 1317]], '30', 0.638475940695476)]
[([[743, 312], [891, 312], [891, 376], [743, 376]], '-연서 %!', 0.00534714458881988), ([[605, 494], [894, 494], [894, 580], [605, 580]], '시-::4', 0.012044771646485037), ([[763, 581], [821, 581], [821, 617], [763, 617]], '0 $', 0.5741077661514282), ([[703, 623], [957, 623], [957, 691], [703, 691]], '(어-서((42', 0.0005932946541881056)]
[([[182, 58], [818, 58], [818, 208], [182, 208]], '[코 지', 0.04545680060982704), ([[424, 212], [582, 212], [582, 336], [424, 336]], '[', 0.8336845674094207), ([[162, 313], [837, 313], [837, 473], [162, 473]], '[: 푸', 0.004444689489901066), ([[450, 468], [550, 468], [550, 596], [450, 596]], '2', 0.25731587695918634), ([[377, 611], [623, 611], [623, 685], [377, 685]], '떼포아', 0.058024872489091966), ([[216, 686], [786, 686], [786, 760], [216, 760]], '[_커3', 0.004854296334087849), ([[308, 756], [688, 756], [688, 830], [308, 830]], '안창원', 0.002110954590300886), ([[162, 860], [838, 860], [838, 912], [162, 912]], '[}쪽 째드-:-- ', 2.699541086058226e-05), ([[755, 1275], [901, 1275], [901, 1311], [755, 1311]], '예춥', 0.0019417735306138718)]
