629285
27
[([[55, 43], [99, 43], [99, 155], [55, 155]], '꿈', 0.1431987155265233), ([[50, 162], [98, 162], [98, 322], [50, 322]], '틈', 0.15228384899599323), ([[50, 325], [98, 325], [98, 459], [50, 459]], '올', 0.9269840047246625), ([[455, 714], [538, 714], [538, 751], [455, 751]], '(포,;형', 0.002478590724954204), ([[408, 1083], [871, 1083], [871, 1294], [408, 1294]], '33피월', 0.021042637526988983), ([[277, 1779], [1193, 1779], [1193, 1869], [277, 1869]], '역식자 부처한데 배당한 불쌍한부다', 0.23063005172681816), ([[860.4100031799904, 695.4560050879847], [945.7556276680281, 687.8140336618613], [946.5899968200096, 716.5439949120153], [861.2443723319719, 724.1859663381387]], '(낫형<아어형', 1.1024212175363965e-06)]
[]
[([[1044, 322], [1252, 322], [1252, 370], [1044, 370]], '이름:  쇼콜라', 0.5843186912114189), ([[972, 364], [1322, 364], [1322, 412], [972, 412]], '품종;   검은고양이 텍스', 0.3289016341346637), ([[964, 406], [1330, 406], [1330, 454], [964, 454]], '직업; 테이크가게 종업원', 0.4781921528303185), ([[1067, 451], [1227, 451], [1227, 493], [1067, 493]], '키; 1520,', 0.23431986369761235), ([[981, 491], [1317, 491], [1317, 535], [981, 535]], '쓰리싸이즈 ;75/54/76', 0.9128934317873895), ([[1005, 528], [1290, 528], [1290, 580], [1005, 580]], '좋아하눈것; 주인님', 0.2928503233393601), ([[546, 860], [616, 860], [616, 888], [546, 888]], '((^어(어시형)', 4.018817581613896e-05)]
[([[178, 322], [368, 322], [368, 370], [178, 370]], '이름 : 바닐라', 0.5320319075517717), ([[120, 364], [424, 364], [424, 412], [120, 412]], '품종; 화이트키 텍스', 0.25282637022513643), ([[88, 403], [454, 403], [454, 454], [88, 454]], '직업; 테이크가게 종업원', 0.41973846896282235), ([[191, 449], [353, 449], [353, 493], [191, 493]], '키;1496,', 0.05401607673148846), ([[104, 490], [444, 490], [444, 538], [104, 538]], '쓰리사이즈 :70/52/75', 0.8088496845100521), ([[129, 528], [416, 528], [416, 580], [129, 580]], '좋아하눈것; 쇼콜라', 0.39067391771135623), ([[763, 887], [832, 887], [832, 916], [763, 916]], '신#,;의히', 0.00011285487310252564)]
[]
[([[629, 21], [1385, 21], [1385, 59], [629, 59]], '081 ##리다#* [시.쪽0 [예^디악-긋 .,] 초# 2011/12', 0.0006324805881658734)]
[([[10, 28], [76, 28], [76, 60], [10, 60]], '귀러', 0.047929428873800466), ([[107, 25], [569, 25], [569, 66], [107, 66]], '[_통 39+30발국 초다4-0면 ]', 0.0007628375308660907), ([[589, 29], [1013, 29], [1013, 65], [589, 65]], '(거지+-첫-"스거2-스조#귀)', 0.007173640962980533), ([[1030, 32], [1164, 32], [1164, 64], [1030, 64]], '2012/01', 0.7292381618472038)]
[([[31, 29], [115, 29], [115, 65], [31, 65]], '귀번 :', 0.11583842560830059), ([[128, 27], [697, 27], [697, 68], [128, 68]], '[출렉하 9+08국 벼이/.01 2012505]등]', 0.0017057469619513386), ([[715, 31], [1139, 31], [1139, 69], [715, 69]], '(거지-첫주(77-스조쥐)', 0.006162086975262722), ([[1155, 33], [1291, 33], [1291, 69], [1155, 69]], '2012/02', 0.9880986299244253), ([[313.2445888727061, 632.0285731197205], [379.50954132371913, 600.0129900551054], [461.7554111272939, 783.9714268802795], [395.49045867628087, 815.9870099448946]], '*', 0.4821758150367863)]
[([[0, 19], [65, 19], [65, 55], [0, 55]], '#번', 0.13661082620139126), ([[97, 19], [441, 19], [441, 55], [97, 55]], '[출출자[국2012508]음]', 0.025207495285281142), ([[461, 21], [885, 21], [885, 57], [461, 57]], '(거지+-첫7{7마-스지1귀)', 0.004027945056689752), ([[0, 52], [139, 52], [139, 90], [0, 90]], '2012/05', 0.9975218513332399)]
[([[535, 19], [1065, 19], [1065, 57], [535, 57]], '#박자거7어 2013#3@부하-티주 준', 0.0011578478840797615), ([[1083, 19], [1371, 19], [1371, 60], [1083, 60]], '#구>자 2012/10', 0.28293054603292067), ([[712.1780050634732, 45.06803038083928], [811.9065687483858, 69.03792769639495], [799.8219949365268, 114.93196961916072], [700.0934312516142, 90.96207230360505]], '09', 0.1433408255360486)]
[([[127, 693], [377, 693], [377, 729], [127, 729]], '구박자 7어', 0.0026540896895483417), ([[129, 727], [415, 727], [415, 763], [129, 763]], '20131 치- 소름-*', 0.013369017705370105), ([[129, 761], [265, 761], [265, 797], [129, 797]], '2012/10', 0.996988498455008), ([[997, 827], [1247, 827], [1247, 863], [997, 863]], '#박자모7어', 0.0013741365926090666), ([[933, 859], [1248, 859], [1248, 897], [933, 897]], '20137채렉- #빛@#&', 0.008354877599882963), ([[1108, 894], [1247, 894], [1247, 932], [1108, 932]], '2012/10', 0.999991439181671)]
[([[14, 16], [186, 16], [186, 48], [14, 48]], '(어어레~1 슈 7', 0.004230833439290248), ([[205, 13], [519, 13], [519, 51], [205, 51]], '1지7-+ 2013/03', 0.1201862431334995)]
[([[461, 1391], [989, 1391], [989, 1427], [461, 1427]], '*0| 자거7어 20131쓸듯하-터주 꼽', 0.0015092436966108306), ([[1011, 1393], [1349, 1393], [1349, 1429], [1011, 1429]], '구사+=자 2012/10', 0.06681226279829507), ([[393, 1429], [875, 1429], [875, 1471], [393, 1471]], '처음뵙켓습니다&오랜만입니다, 사유리에요', 0.39217332502844954), ([[199, 1509], [313, 1509], [313, 1549], [199, 1549]], '게임 화에', 0.9263478634230199), ([[297, 1477], [638, 1477], [638, 1554], [297, 1554]], '(임여적지히플안올플하이', 0.0006058137321694093), ([[614, 1488], [644, 1488], [644, 1520], [614, 1520]], '라', 0.9998770989988692), ([[636, 1478], [942, 1478], [942, 1554], [636, 1554]], "'토양지 {복 & 권필일나다", 0.004716390384635748), ([[911, 1505], [1075, 1505], [1075, 1549], [911, 1549]], '태어낯습니다.', 0.5259792583956557), ([[934, 1488], [964, 1488], [964, 1518], [934, 1518]], '만', 0.9999969005608733), ([[201, 1563], [395, 1563], [395, 1603], [201, 1603]], '이렇게 , 초홀릿 &', 0.34437420914173184), ([[366, 1560], [614, 1560], [614, 1632], [366, 1632]], '&방등렉로8 @동월', 0.003030587279819123), ([[547, 1565], [739, 1565], [739, 1603], [547, 1603]], '동인 게임은 현재', 0.8443035358435979), ([[735, 1561], [1077, 1561], [1077, 1629], [735, 1629]], '(제작 중임니다 내년 중 출시 할', 0.2336366338834126), ([[611, 1585], [747, 1585], [747, 1630], [611, 1630]], '잘 불탁드길', 0.2825547791061485), ([[798, 1598], [826, 1598], [826, 1624], [798, 1624]], '7', 0.39882914560679694), ([[862, 1596], [904, 1596], [904, 1622], [862, 1622]], ')향', 0.08469029357412576), ([[309, 1613], [385, 1613], [385, 1681], [309, 1681]], '이별', 0.1756146571502941), ([[368, 1616], [420, 1616], [420, 1678], [368, 1678]], '챔', 0.18843792155474048), ([[402, 1608], [652, 1608], [652, 1684], [402, 1684]], "'하뒷단곤히하숙-업", 0.0007225294601983587), ([[602, 1620], [632, 1620], [632, 1652], [602, 1652]], '환', 0.9998067710768943), ([[638, 1612], [817, 1612], [817, 1687], [638, 1687]], '\'열려출다양"', 0.004377257734918911), ([[768, 1612], [960, 1612], [960, 1660], [768, 1660]], '신작 만화입다다', 0.34435965645408956), ([[171, 1693], [229, 1693], [229, 1733], [171, 1733]], '수록', 0.9993735024457371), ([[208, 1662], [516, 1662], [516, 1740], [208, 1740]], '불숨중양있등움 쉬끝"?', 0.0015739161058844835), ([[503, 1671], [575, 1671], [575, 1733], [503, 1733]], '눈@', 0.05344003119339886), ([[536, 1672], [564, 1672], [564, 1706], [536, 1706]], '듣', 0.6260218404806892), ([[555, 1669], [641, 1669], [641, 1731], [555, 1731]], '예정동', 0.12910175412524738), ([[584, 1664], [778, 1664], [778, 1738], [584, 1738]], '성확록록기끔하늘', 0.0006109362167956295), ([[744, 1674], [774, 1674], [774, 1700], [744, 1700]], '바', 0.9988353069383358), ([[761, 1635], [951, 1635], [951, 1743], [761, 1743]], '[_러임동', 0.0003438269235711512), ([[872, 1660], [1066, 1660], [1066, 1740], [872, 1740]], '책출이월숙다', 0.016722458934617396), ([[1039, 1695], [1103, 1695], [1103, 1733], [1039, 1733]], '한 후', 0.7155870199203491), ([[543, 1721], [731, 1721], [731, 1761], [543, 1761]], '몹시 기뻐습니다.', 0.6373992759519282), ([[199, 1773], [513, 1773], [513, 1813], [199, 1813]], '초홀컷과 바닐라는 앞으로도', 0.5115837617998596), ([[508, 1768], [742, 1768], [742, 1842], [508, 1842]], '다양하 상어 활동수', 0.04982966636518199), ([[705, 1773], [1075, 1773], [1075, 1815], [705, 1815]], '할 예정이므로, 활동 부. 여섯에서', 0.669949995148278), ([[314, 1823], [961, 1823], [961, 1864], [314, 1864]], "(역식자~5// 어차피 안읽홀깨'아니가 이부분은 번역기번역)", 0.18349108616323864)]
[([[961, 33], [1047, 33], [1047, 129], [961, 129]], '세', 0.02415186721886986), ([[695, 125], [859, 125], [859, 167], [695, 167]], '이것증보세요', 0.8470844343814684), ([[1043, 101], [1105, 101], [1105, 173], [1043, 173]], '셋', 0.14587978545517277), ([[725, 163], [829, 163], [829, 203], [725, 203]], '주인남~', 0.9740063548088074), ([[690, 194], [864, 194], [864, 242], [690, 242]], '가게 유니품올', 0.9136812490787312), ([[733, 233], [819, 233], [819, 275], [733, 275]], '만들어', 0.999976048759065), ([[726, 267], [825, 267], [825, 312], [726, 312]], '밟어요!', 0.3874872326850891), ([[67, 561], [181, 561], [181, 603], [67, 603]], '바닐라랑', 0.8959482312202454), ([[35, 597], [215, 597], [215, 639], [35, 639]], '맞춤복이에요~', 0.3985316567437111), ([[1102, 1517], [1189, 1517], [1189, 1561], [1102, 1561]], '팬티도', 0.6725674681539563), ([[1091, 1555], [1205, 1555], [1205, 1597], [1091, 1597]], '맞줌이야', 0.11440559476613998), ([[575, 1613], [661, 1613], [661, 1653], [575, 1653]], '나앗!?', 0.6296472549438477), ([[791, 1824], [871, 1824], [871, 1867], [791, 1867]], '0', 0.36180487266443606), ([[383.05971499970934, 12.238859998837345], [542.9489546023472, -3.9638403013388723], [545.9402850002907, 67.76114000116266], [387.05104539765284, 84.96384030133888]], '시">"', 0.12031123042106628), ([[1162.1044022837932, 399.02867562717387], [1360.7882531582477, 469.5742887962342], [1315.8955977162068, 582.9713243728261], [1117.2117468417523, 512.4257112037658]], '["', 0.2201075470656461)]
[([[171, 41], [233, 41], [233, 77], [171, 77]], '저기', 0.9999893790106953), ([[445, 27], [611, 27], [611, 69], [445, 69]], '팬티노출이나', 0.684065014355667), ([[151, 73], [271, 73], [271, 115], [151, 115]], '다 들리는', 0.5020449740908545), ([[471, 65], [583, 65], [583, 105], [471, 105]], '주인남이', 0.738682746887207), ([[833, 67], [893, 67], [893, 105], [833, 105]], '이건', 0.996218322294397), ([[171, 113], [231, 113], [231, 149], [171, 149]], '데요', 0.999872044565764), ([[441, 99], [617, 99], [617, 141], [441, 141]], '직접 훔처보야', 0.481496094902352), ([[807, 103], [919, 103], [919, 143], [807, 143]], '주인남께', 0.8169751888581792), ([[169, 149], [253, 149], [253, 185], [169, 185]], '그리고', 0.9999977287583369), ([[465, 139], [589, 139], [589, 177], [465, 177]], '하느거야!', 0.8857836890216259), ([[794, 136], [931, 136], [931, 179], [794, 179]], '보어드리기', 0.6780153123800837), ([[1243, 129], [1305, 129], [1305, 171], [1243, 171]], '잠깐', 0.9999651025877826), ([[151, 183], [271, 183], [271, 225], [151, 225]], '그런 변태', 0.9923764397561337), ([[477, 171], [579, 171], [579, 215], [477, 215]], '알앞어?', 0.42973580956459045), ([[831, 173], [893, 173], [893, 215], [831, 215]], '위한', 0.9759208243377367), ([[1225, 169], [1321, 169], [1321, 207], [1225, 207]], '바닐라!', 0.9466099143028259), ([[157, 221], [259, 221], [259, 261], [157, 261]], '아니데..', 0.12999194995809135), ([[805, 211], [917, 211], [917, 253], [805, 253]], '팬티라고', 0.8890230059623718), ([[885, 1011], [999, 1011], [999, 1053], [885, 1053]], '쇼콜라가', 0.8210744857788086), ([[883, 1049], [1003, 1049], [1003, 1091], [883, 1091]], '이 팬티에', 0.6281354199944054), ([[861, 1085], [1023, 1085], [1023, 1127], [861, 1127]], '넘어가지않논', 0.30407173120584163), ([[899, 1121], [985, 1121], [985, 1163], [899, 1163]], '남자는', 0.698054857761186), ([[873, 1156], [1011, 1156], [1011, 1198], [873, 1198]], '없다고햇어', 0.3274960138687367), ([[781, 1309], [865, 1309], [865, 1349], [781, 1349]], '나앗?!', 0.8046080470085144), ([[311, 1623], [371, 1623], [371, 1663], [311, 1663]], '혹시', 0.9998837609706211), ([[278, 1658], [408, 1658], [408, 1706], [278, 1706]], '흥분햇어?', 0.35517890854831774), ([[322.13175685787553, 8.054054863004326], [411.9511100816927, 48.174125534848386], [386.86824314212447, 101.94594513699568], [297.0488899183073, 61.825874465151614]], '장간', 0.20381919898349765), ([[1153.3232460481706, 1210.0134758090808], [1356.5249069635524, 1381.0090790729535], [1261.6767539518294, 1494.9865241909192], [1058.4750930364476, 1324.9909209270465]], '<서', 0.6640764011066385)]
[([[140, 12], [226, 12], [226, 66], [140, 66]], '히죽', 0.5447450074483248), ([[691, 63], [777, 63], [777, 103], [691, 103]], '그런건', 0.9987962700164285), ([[643, 97], [821, 97], [821, 141], [643, 141]], '필요 없습니다,', 0.9352381245118262), ([[345, 149], [409, 149], [409, 189], [345, 189]], '뛰야', 0.8273300283937778), ([[614, 129], [851, 129], [851, 179], [614, 179]], '그냥 본능에 충실히', 0.7778243789684918), ([[333, 185], [417, 185], [417, 227], [333, 227]], '주인남', 0.8474405876136683), ([[651, 169], [815, 169], [815, 213], [651, 213]], '행동해주세요', 0.9997372878389668), ([[347, 223], [405, 223], [405, 261], [347, 261]], '역시', 0.9999171403013263), ([[345, 257], [405, 257], [405, 299], [345, 299]], '흥분', 0.9998395085732297), ([[323, 293], [427, 293], [427, 337], [323, 337]], '햇잡아~', 0.9556119441986084), ([[510, 314], [590, 314], [590, 362], [510, 362]], '오오', 0.9996372192048566), ([[1165, 605], [1223, 605], [1223, 643], [1165, 643]], '아니', 0.9999947737947846), ([[1149, 639], [1235, 639], [1235, 681], [1149, 681]], '인간은', 0.9991613393997549), ([[1124, 674], [1262, 674], [1262, 716], [1124, 716]], '이성이라는', 0.7612912618600365), ([[1147, 711], [1211, 711], [1211, 753], [1147, 753]], '것이.', 0.559927042748963), ([[1027, 757], [1111, 757], [1111, 797], [1027, 797]], '잠깐?!', 0.9994663596153259), ([[1040, 1124], [1072, 1124], [1072, 1200], [1040, 1200]], '콩', 0.045915366788662704), ([[909, 1331], [971, 1331], [971, 1373], [909, 1373]], '이건', 0.9987046517407903), ([[878, 1362], [1027, 1362], [1027, 1411], [878, 1411]], '발정의 냄새', 0.9944632318636654), ([[910, 1724], [1036, 1724], [1036, 1868], [910, 1868]], '한', 0.053660077044193066), ([[184.18251969601067, 1056.0974331728992], [286.7047877235066, 982.0146158634903], [411.8174803039893, 1182.9025668271008], [309.2952122764934, 1256.9853841365098]], '원', 0.1084153214407344), ([[7.462423642518367, 1602.0120472281596], [89.43926584376871, 1577.0080424651144], [167.53757635748164, 1848.9879527718404], [84.56073415623129, 1873.9919575348856]], '동', 0.004779652731801642)]
[([[369, 1005], [484, 1005], [484, 1053], [369, 1053]], '효콜라의', 0.766821563243866), ([[399, 1049], [457, 1049], [457, 1085], [399, 1085]], '마시', 0.9995507441580361), ([[370, 1080], [463, 1080], [463, 1123], [370, 1123]], '느껴적.', 0.43678703904151917), ([[95, 1321], [183, 1321], [183, 1361], [95, 1361]], '마히혀.', 0.8314530849456787), ([[1140, 1366], [1266, 1366], [1266, 1548], [1140, 1548]], '여', 0.011112628852952222), ([[1193, 1521], [1307, 1521], [1307, 1633], [1193, 1633]], '@불율', 0.007895581303532549), ([[741.1337038363516, 252.03759411804316], [810.6543068960821, 232.13778581181816], [850.8662961636484, 386.96240588195684], [781.3456931039179, 406.86221418818184]], '#', 0.11732405301521087), ([[536.3807811754616, 568.0213270441932], [652.6601360357431, 668.5500930951516], [599.6192188245384, 730.9786729558068], [483.3398639642569, 630.4499069048484]], "'&", 0.0007869920822444123), ([[129.2765422907172, 978.0291244048934], [189.53476775985794, 956.0159016343866], [243.7234577092828, 1119.9708755951067], [183.46523224014206, 1141.9840983656134]], '푹', 0.4703834696970013), ([[202.96933989416385, 1736.0443427723008], [289.42145088121373, 1715.498101292941], [322.03066010583615, 1875.9556572276992], [235.5785491187863, 1896.501898707059]], '5', 0.9874787177423663)]
[([[1169, 175], [1255, 175], [1255, 217], [1169, 217]], '나앗?!', 0.7886524796485901), ([[479, 35], [700, 35], [700, 435], [479, 435]], '별', 0.007506749160092474), ([[512, 1360], [624, 1360], [624, 1402], [512, 1402]], '(바닐라도', 0.6741943400148126), ([[793, 1355], [881, 1355], [881, 1397], [793, 1397]], '쇼콜라', 0.9898716528375167), ([[539, 1397], [601, 1397], [601, 1437], [539, 1437]], '마찬', 0.9995619537627194), ([[769, 1391], [905, 1391], [905, 1435], [769, 1435]], '더러워워어', 0.28202447751159515), ([[526, 1432], [615, 1432], [615, 1474], [526, 1474]], '가지야', 0.9999333771984182), ([[807, 1429], [871, 1429], [871, 1467], [807, 1467]], '내가', 0.9997609514446846), ([[558, 1476], [582, 1476], [582, 1504], [558, 1504]], '>', 0.027523914855066778), ([[779, 1463], [895, 1463], [895, 1505], [779, 1505]], '깨끗하게', 0.9905065298080444), ([[790, 1498], [881, 1498], [881, 1542], [790, 1542]], '해줄게', 0.9200174587427966), ([[56, 1548], [86, 1548], [86, 1624], [56, 1624]], '올', 0.14112079553416734), ([[660.864011279707, 1074.0497285886602], [753.1712530075147, 1040.1826032137037], [810.135988720293, 1213.9502714113398], [717.8287469924853, 1248.8173967862963]], '빚', 0.06180820885935945), ([[1286.5438284472382, 1620.034884907048], [1309.396491160273, 1615.026316297952], [1323.4561715527618, 1690.965115092952], [1300.603508839727, 1695.973683702048]], '}', 0.3758207092725776)]
[([[1157, 217], [1217, 217], [1217, 255], [1157, 255]], '헤헤', 0.3675023717154956), ([[1131, 253], [1239, 253], [1239, 293], [1131, 293]], '갑니다 }', 0.2281578114812116), ([[425, 261], [511, 261], [511, 329], [425, 329]], '3', 0.9998979594513457), ([[577, 725], [637, 725], [637, 767], [577, 767]], '나앗', 0.8994682467622597), ([[69, 1161], [177, 1161], [177, 1201], [69, 1201]], '쇼콜라 ', 0.9349483596665467), ([[65, 1195], [177, 1195], [177, 1235], [65, 1235]], '귀여워어', 0.2990983724594116), ([[83, 1581], [173, 1581], [173, 1623], [83, 1623]], '바닐라,', 0.700289249420166), ([[101, 1617], [159, 1617], [159, 1657], [101, 1657]], '거긴', 0.8773587328927261), ([[95, 1655], [165, 1655], [165, 1695], [95, 1695]], '안팎!', 0.33346620993002735), ([[228, 1762], [417, 1762], [417, 1862], [228, 1862]], "'30,", 0.054580590440368365), ([[559.4478423696257, 520.0305813266319], [598.4152273992687, 505.0172712087756], [640.5521576303743, 619.9694186733681], [601.5847726007313, 634.9827287912244]], '(', 0.8021852378357188), ([[791.1394255660866, 544.0620364059979], [836.8575162847648, 536.2947714110796], [850.8605744339134, 624.9379635940021], [805.1424837152352, 633.7052285889204]], '(', 0.9931617264432049), ([[722.564467696335, 695.0607188167521], [831.9510942242292, 638.026626152216], [926.435532303665, 846.9392811832479], [817.0489057757708, 903.973373847784]], '달', 0.04649625612966535), ([[1204.642811787085, 1203.0925260457207], [1263.6356545678, 1161.0202232855422], [1348.357188212915, 1295.9074739542793], [1289.3643454322, 1337.9797767144578]], '국', 0.10131931614665834), ([[563.2218128139505, 1273.0275606767013], [636.4927783276916, 1232.0110432924796], [740.7781871860495, 1435.9724393232987], [668.5072216723084, 1476.9889567075204]], '8', 0.2944476585692115)]
[([[1000, 579], [1125, 579], [1125, 670], [1000, 670]], '큰 ', 0.007296640370875125), ([[1069, 959], [1235, 959], [1235, 1043], [1069, 1043]], '나이', 0.4110776201392139), ([[1062, 1042], [1232, 1042], [1232, 1120], [1062, 1120]], '아이', 0.6655704118937079), ([[1061, 1125], [1232, 1125], [1232, 1205], [1061, 1205]], '아아', 0.30611090102012173), ([[1060, 1210], [1234, 1210], [1234, 1312], [1060, 1312]], '아앗', 0.22107861803994044), ([[176.2772573942153, 656.026152040171], [319.96586307440646, 741.174425544132], [275.72274260578473, 813.973847959829], [131.03413692559354, 728.825574455868]], '시7', 0.01107851062350156), ([[760.4459087361082, 1103.0807238666384], [853.7490642541584, 1051.0187149168323], [938.5540912638918, 1228.9192761333616], [845.2509357458416, 1280.9812850831677]], '솟', 0.032159336649950854), ([[251.85256742144887, 1566.0827152079971], [298.574055910566, 1531.020622843132], [379.14743257855116, 1650.9172847920029], [332.425944089434, 1685.979377156868]], '춤', 0.036874312488691885)]
[([[840, 80], [892, 80], [892, 112], [840, 112]], '쇼  ', 0.611389086278488), ([[429, 81], [515, 81], [515, 177], [429, 177]], '(,', 0.5259558324313794), ([[809, 109], [921, 109], [921, 151], [809, 151]], '쇼콜라?!', 0.8719580373913741), ([[173, 159], [313, 159], [313, 201], [173, 201]], '쇼콜라에게.', 0.635038160670301), ([[173, 195], [313, 195], [313, 239], [173, 239]], '범해지고있.', 0.3074260980720901), ([[1257, 185], [1315, 185], [1315, 221], [1257, 221]], '이제', 0.999947485430632), ([[201, 233], [285, 233], [285, 275], [201, 275]], '흐양!! ', 0.18623270731690594), ([[1241, 219], [1329, 219], [1329, 259], [1241, 259]], '바닐라', 0.9737601951118381), ([[1218, 250], [1350, 250], [1350, 298], [1218, 298]], '네자례야~', 0.467239104365497), ([[861, 737], [953, 737], [953, 781], [861, 781]], '괜찮아,', 0.9266252517700195), ([[837, 773], [983, 773], [983, 815], [837, 815]], '널 혼자두게', 0.9472963009376016), ([[877, 809], [939, 809], [939, 851], [877, 851]], '하진', 0.9985106868213464), ([[1344, 812], [1376, 812], [1376, 842], [1344, 842]], '2', 0.11527602100887524), ([[839, 845], [977, 845], [977, 889], [839, 889]], '앉들꺼야애', 0.03423301427927341), ([[1251, 1417], [1343, 1417], [1343, 1457], [1251, 1457]], '하아아,', 0.652033269405365), ([[1245, 1453], [1355, 1453], [1355, 1495], [1245, 1495]], '쇼콜라의', 0.8918768167495728), ([[1255, 1489], [1345, 1489], [1345, 1531], [1255, 1531]], '향기가', 0.9994183782349592), ([[1231, 1525], [1369, 1525], [1369, 1567], [1231, 1567]], '붙잡고있어', 0.7939329487023034), ([[1242, 1631], [1355, 1631], [1355, 1675], [1242, 1675]], '들어오고', 0.9999474883079529), ([[1263, 1671], [1335, 1671], [1335, 1713], [1263, 1713]], '있엇!', 0.7448477624061252), ([[168.9563638994289, 429.06836563565963], [268.60396260140516, 455.5140891495406], [249.0436361005711, 520.9316343643403], [149.39603739859484, 494.4859108504594]], '(55', 0.22862574458122253), ([[1296.2925571035914, 661.0250551606376], [1369.8408832969137, 650.4120188729162], [1390.7074428964086, 821.9749448393624], [1316.1591167030863, 831.5879811270838]], '(', 0.9964828477201451), ([[564.1297206890207, 1549.0344806816604], [637.7237033530562, 1521.0238324786483], [698.8702793109793, 1696.9655193183396], [624.2762966469438, 1724.9761675213517]], "'", 0.9480058877489341), ([[70.10263340389898, 1597.307900211697], [174.98385996893657, 1583.6591707900536], [178.89736659610102, 1638.692099788303], [74.01614003106344, 1651.3408292099464]], '실스', 0.010973964146136593)]
[([[306, 84], [390, 84], [390, 138], [306, 138]], ')고', 0.03521642658987546), ([[1068, 213], [1214, 213], [1214, 305], [1068, 305]], '우냐', 0.7158125523126427), ([[1067, 297], [1213, 297], [1213, 383], [1067, 383]], '아아', 0.9747688072813036), ([[1067, 377], [1213, 377], [1213, 467], [1067, 467]], '아아', 0.9466100431148476), ([[1068, 460], [1214, 460], [1214, 560], [1068, 560]], '아앗', 0.3651290997559595), ([[1093, 543], [1181, 543], [1181, 635], [1093, 635]], '?!', 0.9785088958128931), ([[835.3300922577378, 98.02809786707984], [894.7178371281382, 87.18661177201658], [918.6699077422622, 232.97190213292018], [860.2821628718618, 243.8133882279834]], '잎', 0.017927849695297482), ([[473.26829088423847, 1111.0243632635772], [555.8446369842371, 1089.1557704563033], [601.7317091157615, 1282.9756367364228], [519.1553630157629, 1304.8442295436967]], '"', 0.02407720436860239), ([[65.96437017142212, 1444.0482106170068], [313.75692495500795, 1265.0066625555485], [599.0356298285778, 1740.9517893829932], [351.24307504499205, 1918.9933374444515]], "'", 0.10561482337591308)]
[([[25, 19], [255, 19], [255, 81], [25, 81]], '그그""그', 0.3580896740738973), ([[879, 93], [989, 93], [989, 179], [879, 179]], '닭>', 0.15773249156956148), ([[697, 181], [783, 181], [783, 223], [697, 223]], '사람을', 0.5176394347172675), ([[685, 219], [799, 219], [799, 261], [685, 261]], '과소평가', 0.9960092306137085), ([[692, 256], [789, 256], [789, 296], [692, 296]], '하지마!', 0.982623279094696), ([[1145, 341], [1211, 341], [1211, 411], [1145, 411]], '2', 0.3521632810910704), ([[836, 878], [890, 878], [890, 936], [836, 936]], '<', 0.6661529881104435), ([[1109, 1149], [1251, 1149], [1251, 1233], [1109, 1233]], '나아', 0.8358820233172627), ([[1108, 1234], [1250, 1234], [1250, 1314], [1108, 1314]], '아아', 0.9910880923504224), ([[1089, 1313], [1271, 1313], [1271, 1415], [1089, 1415]], '아:', 0.050969259406264386), ([[962.1911248646676, 646.0658616744723], [1043.882267377235, 670.9213595329364], [1029.8088751353323, 716.9341383255277], [948.1177326227651, 692.0786404670636]], '4', 0.5664736224605491), ([[1188.3762171384483, 751.0194742151712], [1264.091719519113, 738.2212112481473], [1295.6237828615517, 930.9805257848288], [1219.908280480887, 944.7787887518527]], '음', 0.60731690407545), ([[96.91357104748978, 1066.0492815223874], [177.65121288291272, 1029.0176829544062], [247.08642895251023, 1199.9507184776126], [166.34878711708728, 1236.9823170455938]], '및', 0.0025072543718671625)]
[([[136, 12], [288, 12], [288, 176], [136, 176]], '댐', 0.1417463783791142), ([[756, 0], [966, 0], [966, 136], [756, 136]], '(', 0.3957106721401402), ([[247, 153], [333, 153], [333, 257], [247, 257]], '3', 0.7582648517478106), ([[1146, 102], [1218, 102], [1218, 432], [1146, 432]], '#', 0.11741823114442074), ([[712, 1510], [794, 1510], [794, 1582], [712, 1582]], '대', 0.09021682431216504), ([[867, 1537], [903, 1537], [903, 1573], [867, 1573]], '그', 0.9477173625871416), ([[981, 1491], [1121, 1491], [1121, 1579], [981, 1579]], '7구', 0.721528420389603), ([[1114, 1536], [1150, 1536], [1150, 1568], [1114, 1568]], "'", 0.2533677825633198), ([[1179, 1501], [1323, 1501], [1323, 1543], [1179, 1543]], '주 주인남?!', 0.5478022324878133), ([[841, 1571], [927, 1571], [927, 1613], [841, 1613]], '팬티는', 0.5663292539376391), ([[162, 1630], [220, 1630], [220, 1686], [162, 1686]], '네', 0.9995061589520026), ([[851, 1627], [917, 1627], [917, 1687], [851, 1687]], '이제', 0.9977179215250125), ([[841, 1679], [907, 1679], [907, 1719], [841, 1719]], '그만.', 0.9948197216209433), ([[173, 1709], [233, 1709], [233, 1793], [173, 1793]], '넷', 0.9777828242391848), ([[876.9633121103225, 594.0414013790304], [966.1065225159097, 557.0471776078808], [1035.0366878896775, 744.9585986209696], [946.8934774840903, 781.9528223921192]], '낮', 0.31269522827302865), ([[76.32574844729504, 1013.1082630441718], [160.9207586823503, 967.0326485568996], [230.67425155270496, 1115.891736955828], [147.0792413176497, 1161.9673514431004]], '설', 0.06136995445647031), ([[537.4960259290322, 1475.12655298129], [597.6648451696378, 1437.0245902098895], [662.5039740709678, 1551.87344701871], [601.3351548303622, 1589.9754097901105]], '콩', 0.5046985419648173)]
[([[312, 30], [412, 30], [412, 126], [312, 126]], '게', 0.022069401362108332), ([[1041, 143], [1177, 143], [1177, 185], [1041, 185]], '아침이에요', 0.8502338175873715), ([[39, 163], [167, 163], [167, 229], [39, 229]], '느앗?', 0.7217778102792577), ([[1055, 181], [1163, 181], [1163, 221], [1055, 221]], '주인남 }', 0.5282741285892303), ([[115, 513], [205, 513], [205, 557], [115, 557]], '아야야', 0.25344113864741463), ([[991, 571], [1099, 571], [1099, 615], [991, 615]], '좋은아침', 0.8111345767974854), ([[1003, 609], [1091, 609], [1091, 651], [1003, 651]], '입니다', 0.9979880197812434), ([[447, 1201], [615, 1201], [615, 1361], [447, 1361]], '신', 0.6786992219988406), ([[1183, 1596], [1335, 1596], [1335, 1668], [1183, 1668]], '이번엔', 0.9884194945681151), ([[1149, 1667], [1375, 1667], [1375, 1733], [1149, 1733]], '노괜티나]!', 0.7115085167244374), ([[581.933294935178, 1334.0258756646667], [848.5961846322598, 1399.267136455758], [797.066705064822, 1583.9741243353333], [530.4038153677402, 1518.732863544242]], '한', 0.09461489466475204)]
[([[759, 183], [899, 183], [899, 385], [759, 385]], '시', 0.6177921793558063), ([[596, 1391], [857, 1391], [857, 1451], [596, 1451]], '[*그하501]', 0.470975193065456), ([[553, 1487], [905, 1487], [905, 1529], [553, 1529]], '쭉주 : 설쪽0 애어름쪽$', 0.00017486496671703907), ([[555, 1527], [899, 1527], [899, 1571], [555, 1571]], '떠탕 : 2013.08.11', 0.22002319745663498), ([[505, 1571], [953, 1571], [953, 1615], [505, 1615]], '룹++오:/|라훨어*;-라-어*;_아값', 3.237581919501922e-06), ([[565, 1603], [912, 1603], [912, 1651], [565, 1651]], "'태관로& : 콤므쫓 .곁", 0.00024112246755510225)]
[([[515, 35], [745, 35], [745, 119], [515, 119]], '역/식자', 0.6840900778770447), ([[769, 35], [905, 35], [905, 119], [769, 119]], '후기', 0.999866397104404), ([[313, 189], [377, 189], [377, 257], [313, 257]], '이', 0.9980627153391062), ([[411, 183], [811, 183], [811, 269], [411, 269]], '동인지번역의', 0.9915840712295658), ([[839, 182], [1113, 182], [1113, 268], [839, 268]], '대부분은', 0.9998859763145447), ([[39, 259], [509, 259], [509, 343], [39, 343]], '여가부가배포한', 0.997605021438621), ([[529, 259], [865, 259], [865, 337], [529, 337]], '청소년체로', 0.5281154973320116), ([[894, 254], [1369, 254], [1369, 346], [894, 346]], '번역되없습니다', 0.8419206745804804), ([[49, 333], [185, 333], [185, 417], [49, 417]], '이거', 0.9997322094277226), ([[210, 332], [415, 332], [415, 419], [210, 419]], '가독성', 0.8370735816157968), ([[441, 331], [652, 331], [652, 420], [441, 420]], '장중음', 0.07506105427172799), ([[675, 332], [1370, 332], [1370, 418], [675, 418]], '나눈고덕이량 투탑찍음', 0.19013117252245004), ([[658, 424], [764, 424], [764, 472], [658, 472]], '드', 0.9844164011116305), ([[151, 483], [423, 483], [423, 571], [151, 571]], '여가부는', 0.3462337553501129), ([[448, 486], [586, 486], [586, 564], [448, 564]], '그냥', 0.999938719032239), ([[613, 483], [1273, 483], [1273, 567], [613, 567]], '글끌이나만들어라_스', 0.28543772862946737), ([[361, 1249], [503, 1249], [503, 1317], [361, 1317]], '2013', 0.9345883675430177), ([[529, 1273], [555, 1273], [555, 1293], [529, 1293]], '~', 0.831091163477371), ([[583, 1243], [839, 1243], [839, 1327], [583, 1327]], '엄창인생', 0.31110966205596924), ([[868, 1246], [1060, 1246], [1060, 1322], [868, 1322]], '리스트', 0.9998080481058774), ([[390, 1362], [506, 1362], [506, 1388], [390, 1388]], '꽃0##교무기)', 0.011876609613469353), ([[518, 1362], [614, 1362], [614, 1388], [518, 1388]], '@리 얼 출', 0.4849256767539833), ([[648, 1360], [730, 1360], [730, 1386], [648, 1386]], '@ 치사토', 0.6962526359985727), ([[812, 1360], [854, 1360], [854, 1386], [812, 1386]], '물늑', 0.08802759334964066), ([[946, 1358], [1106, 1358], [1106, 1388], [946, 1388]], '마오유무마왕용사', 0.9595292008167893), ([[390, 1406], [452, 1406], [452, 1436], [390, 1436]], '숨덕용', 0.9649431259019318), ([[491, 1379], [935, 1379], [935, 1469], [491, 1469]], '스카이림계시판', 0.5625993312690852), ([[948, 1406], [1046, 1406], [1046, 1434], [948, 1434]], '하룻네미구', 0.3653952236020814), ([[390, 1456], [468, 1456], [468, 1480], [390, 1480]], '미즈도모', 0.12210925668478012), ([[971, 1454], [1034, 1454], [1034, 1482], [971, 1482]], '@..지1', 0.031166665883125593), ([[392, 1508], [442, 1508], [442, 1536], [392, 1536]], '불말', 0.4504436010396869), ([[435, 1451], [1037, 1451], [1037, 1543], [435, 1543]], '미키나노! ! (박은비) 때', 0.2662603749657961), ([[394, 1566], [494, 1566], [494, 1594], [394, 1594]], '흥미다별쁨', 0.08798534201301018), ([[527, 1531], [823, 1531], [823, 1617], [527, 1617]], "'콤달화 사랑해 !", 0.027451455233165653), ([[814, 1560], [858, 1560], [858, 1590], [814, 1590]], '미무', 0.9998975004030821), ([[948, 1558], [1032, 1558], [1032, 1586], [948, 1586]], '활되되관', 0.012446682900190353), ([[319, 1603], [1109, 1603], [1109, 1695], [319, 1695]], '언제나 나만의 애계네임드는', 0.5768945590636975), ([[390, 1684], [440, 1684], [440, 1708], [390, 1708]], '081', 0.12105502904190331), ([[538, 1682], [578, 1682], [578, 1708], [538, 1708]], '얼포', 0.8021281399897627), ([[948, 1678], [1012, 1678], [1012, 1706], [948, 1706]], '마마세', 0.9452783870862329), ([[565, 1676], [858, 1676], [858, 1774], [565, 1774]], '너쪽이야!', 0.1731934807040504)]
