646139
26
[([[2021, 906], [2270, 906], [2270, 961], [2021, 961]], '왜,~-~탁+~튜 -거', 4.091801614471129e-06), ([[292, 946], [660, 946], [660, 1068], [292, 1068]], '-쪽))', 0.012694605626165867), ([[380, 1062], [560, 1062], [560, 1092], [380, 1092]], '수도-/ +마', 0.0162553206104857), ([[795, 877], [1154, 877], [1154, 1143], [795, 1143]], '@', 0.16278124291149254), ([[1945, 964], [2350, 964], [2350, 1040], [1945, 1040]], '어리,훔~튜-(튼0', 6.891330431755355e-05), ([[2010, 1035], [2281, 1035], [2281, 1091], [2010, 1091]], ':어, 교(교+ 쑤,훨', 2.3601540184018667e-05), ([[1260, 1925], [1382, 1925], [1382, 1949], [1260, 1949]], '시라하`]히-(시', 6.722822210580266e-05), ([[1286, 1948], [1381, 1948], [1381, 1964], [1286, 1964]], '10검 : 0미)', 0.0008484447734659377)]
[([[291, 945], [658, 945], [658, 1067], [291, 1067]], '이쪽0떼', 0.000645352469291538), ([[381, 1063], [559, 1063], [559, 1089], [381, 1089]], '수굳-내/ 문9', 0.004590788389806457), ([[773, 882], [1154, 882], [1154, 1139], [773, 1139]], '@', 0.619974648242053), ([[1260, 1926], [1384, 1926], [1384, 1950], [1260, 1950]], '시하형어-(시', 0.00016244711367160528), ([[1287, 1949], [1383, 1949], [1383, 1965], [1287, 1965]], '10검 :( 0미)', 0.000587804818747897)]
[]
[([[983, 139], [1109, 139], [1109, 179], [983, 179]], '사구라 가', 0.44777686779072134), ([[1015, 195], [1075, 195], [1075, 231], [1015, 231]], '저택', 0.9989828952301143), ([[336, 218], [418, 218], [418, 244], [336, 244]], '여기 온 지', 0.9874441652671901), ([[306, 254], [448, 254], [448, 280], [306, 280]], '벌써 사흘이나뭇다', 0.21920340162681154), ([[314, 290], [438, 290], [438, 316], [314, 316]], '언제까지 그렇게', 0.980920810604372), ([[318, 326], [432, 326], [432, 352], [318, 352]], '울기만 할 거나', 0.8810488332894337), ([[1016, 804], [1102, 804], [1102, 828], [1016, 828]], '그 그치만:', 0.8444434188425889), ([[164, 822], [278, 822], [278, 848], [164, 848]], '어절 수 없구만', 0.8467930705946248), ([[148, 857], [294, 857], [294, 885], [148, 885]], '조금 이르긴 하지만', 0.9122494672492579), ([[182, 894], [258, 894], [258, 920], [182, 920]], '종은 데에', 0.9735545531029007), ([[174, 930], [268, 930], [268, 956], [174, 956]], '데려다 주마', 0.9986538133984173), ([[382, 1336], [422, 1336], [422, 1364], [382, 1364]], '종은', 0.7965382258274746), ([[136, 1366], [244, 1366], [244, 1392], [136, 1392]], '외로움 따위는', 0.6083561410302811), ([[378, 1372], [426, 1372], [426, 1396], [378, 1396]], '데:?', 0.9796300560658889), ([[116, 1402], [268, 1402], [268, 1428], [116, 1428]], '조만간 잊게 월 게야', 0.5886694469583937), ([[134, 1438], [242, 1438], [242, 1464], [134, 1464]], '이쪽으로 오럼', 0.7812460215168111), ([[416.6411493522645, 897.0215396237955], [444.63313795053267, 895.067571597533], [452.3588506477355, 985.9784603762045], [424.36686204946733, 988.932428402467]], '<', 0.7821539947548253)]
[([[694, 90], [756, 90], [756, 114], [694, 114]], '할아버지', 0.9998672604560852), ([[110, 104], [174, 104], [174, 136], [110, 136]], '히익!', 0.6979236147285928), ([[694, 118], [752, 118], [752, 143], [694, 143]], '여기논  .', 0.3783871280485445), ([[637, 195], [667, 195], [667, 211], [637, 211]], '뭐: ', 0.49374204874038696), ([[633, 217], [671, 217], [671, 237], [633, 237]], '뛰야?', 0.5632994473096744), ([[699, 405], [743, 405], [743, 425], [699, 425]], '알게월', 0.7676178553080624), ([[703, 431], [735, 431], [735, 451], [703, 451]], '거다', 0.9994106693458088), ([[525, 451], [587, 451], [587, 471], [525, 471]], '월 놀라는', 0.6929012446390133), ([[537, 477], [577, 477], [577, 497], [537, 497]], '게냐?', 0.8636421909665012), ([[518, 500], [596, 500], [596, 524], [518, 524]], '나의 귀여운', 0.9879394640051913), ([[521, 529], [593, 529], [593, 549], [521, 549]], '벌레들인데', 0.9833885640525706), ([[239, 661], [297, 661], [297, 681], [239, 681]], '이놈들이', 0.9851993918418884), ([[243, 687], [291, 687], [291, 707], [243, 707]], '널 등복', 0.49603447857772365), ([[239, 713], [297, 713], [297, 733], [239, 733]], '귀여워해', 0.985314130783081), ([[244, 738], [294, 738], [294, 762], [244, 762]], '줄 게다', 0.9749489567022857), ([[146, 804], [222, 804], [222, 888], [146, 888]], '매', 0.4940948781013823), ([[843, 835], [881, 835], [881, 881], [843, 881]], '방', 0.008256216890352663), ([[746, 1016], [858, 1016], [858, 1040], [746, 1040]], '정신올 입잃은 건가', 0.46461007637928586), ([[742, 1042], [860, 1042], [860, 1066], [742, 1066]], '번거로운 꼬멩이군', 0.4961232955716181), ([[441, 1161], [501, 1161], [501, 1181], [441, 1181]], '데려가라', 0.999557375907898)]
[([[663, 89], [713, 89], [713, 131], [663, 131]], '65', 0.9453785550467617), ([[1074, 162], [1126, 162], [1126, 186], [1074, 186]], '여긴: .', 0.42202966400260095), ([[738, 206], [766, 206], [766, 234], [738, 234]], '기', 0.9998354979462079), ([[179.1465817537794, 148.0280426574469], [275.63437905901986, 184.52270222412668], [222.8534182462206, 325.97195734255314], [126.36562094098015, 289.47729777587335]], '씨', 0.047305952346793134)]
[([[554, 116], [636, 116], [636, 140], [554, 140]], '이건 뛰야:', 0.8995222720154176), ([[346, 164], [414, 164], [414, 188], [346, 188]], '떼 쥐어:;', 0.5859792255378107), ([[869, 197], [899, 197], [899, 215], [869, 215]], '85 ,', 0.4240564797496307), ([[196, 916], [244, 916], [244, 940], [196, 940]], '뛰야;', 0.41214088731616366), ([[188, 948], [256, 948], [256, 974], [188, 974]], '뭐하려분', 0.3625687062740326), ([[194, 980], [244, 980], [244, 1004], [194, 1004]], '거야', 0.9976576081456237), ([[440, 1112], [484, 1112], [484, 1136], [440, 1136]], '아아', 0.9998482747168644)]
[]
[([[599, 103], [619, 103], [619, 125], [599, 125]], '옛', 0.9788989719854726), ([[1089, 141], [1127, 141], [1127, 161], [1089, 161]], '하아', 0.9999812025573106), ([[453, 502], [578, 502], [578, 550], [453, 550]], '싫어어어', 0.7702168822288513), ([[451, 557], [581, 557], [581, 601], [451, 601]], '어어어엇!', 0.819110676870954), ([[354, 836], [392, 836], [392, 868], [354, 868]], '5', 0.35055674664432956), ([[304.0984799331589, 1002.0582954853234], [419.92380853462333, 1036.970011953527], [400.9015200668411, 1092.9417045146768], [285.07619146537667, 1057.029988046473]], '고찰과', 0.002455463928117547)]
[([[531, 255], [551, 255], [551, 279], [531, 279]], '코', 0.28519162756044025), ([[525, 281], [547, 281], [547, 301], [525, 301]], '아', 0.999816068524698), ([[982, 720], [1026, 720], [1026, 752], [982, 752]], '더;', 0.11183101777080454), ([[932, 762], [960, 762], [960, 786], [932, 786]], '더', 0.9996302469694598), ([[368, 900], [414, 900], [414, 926], [368, 926]], '거05,', 0.22235415875911713), ([[1089, 1453], [1165, 1453], [1165, 1519], [1089, 1519]], '{굶', 0.0010951304367271615), ([[551.4816015659757, 196.04512892606107], [574.9258099693781, 203.6997269810207], [558.5183984340243, 258.95487107393893], [535.0741900306219, 251.3002730189793]], '뿐', 0.23703806404907457), ([[963.1502814226758, 762.0912945443088], [1057.9572600034148, 781.416824841602], [1048.8497185773242, 815.9087054556912], [955.042739996585, 796.583175158398]], '수서취 {', 0.02523839167315927)]
[([[1032, 1418], [1070, 1418], [1070, 1442], [1032, 1442]], '호오', 0.9954295420579061), ([[670, 1440], [728, 1440], [728, 1466], [670, 1466]], '장래가', 0.9442732983199572), ([[985, 1447], [1118, 1447], [1118, 1476], [985, 1476]], '벌써 타락한 건가', 0.8825971109012253), ([[646, 1472], [750, 1472], [750, 1498], [646, 1498]], '[기대되논구나', 0.6012614500382077), ([[978, 1478], [1124, 1478], [1124, 1506], [978, 1506]], '역시 토오사카 가능', 0.7132349742959491), ([[986, 1512], [1110, 1512], [1110, 1538], [986, 1538]], '적응이 빠르구먼', 0.49443779360621837), ([[449, 1635], [517, 1635], [517, 1671], [449, 1671]], '25,5', 0.21330800652503967), ([[528.2821551048371, 793.03690451692], [615.9507395349694, 854.1710127160128], [580.7178448951629, 903.96309548308], [493.04926046503056, 842.8289872839872]], ' ', 0.01596727116751495)]
[([[31, 49], [99, 49], [99, 93], [31, 93]], '여준히', 0.005735243540175396), ([[1052, 116], [1104, 116], [1104, 140], [1052, 140]], '그리고', 0.9999953886918919), ([[418, 128], [488, 128], [488, 156], [418, 156]], '앞으로는', 0.9829367995262146), ([[1032, 148], [1120, 148], [1120, 174], [1032, 174]], '시간이흘러', 0.979142058295166), ([[410, 160], [496, 160], [496, 186], [410, 186]], '특별제작된', 0.3138253743829455), ([[1033, 179], [1121, 179], [1121, 205], [1033, 205]], '성배전쟁이', 0.7920868969221513), ([[390, 192], [514, 192], [514, 218], [390, 218]], '벌레률 사용하는', 0.2582213183131014), ([[406, 224], [500, 224], [500, 250], [406, 250]], '게 중계구마', 0.3582270082534737), ([[700, 218], [798, 218], [798, 244], [700, 244]], '어이 사루무라', 0.24551594443233288), ([[1024, 210], [1132, 210], [1132, 240], [1024, 240]], '한창일 때에도', 0.8746869774958191), ([[694, 250], [804, 250], [804, 276], [694, 276]], '일어나 있구만', 0.7768939563935959), ([[1052, 242], [1104, 242], [1104, 268], [1052, 268]], '교육은', 0.9985179209240935), ([[676, 282], [820, 282], [820, 308], [676, 308]], '새로운 놀이 상대들', 0.49348862414735684), ([[1041, 273], [1114, 273], [1114, 301], [1041, 301]], '계속되고', 0.999946117401123), ([[712, 312], [786, 312], [786, 338], [712, 338]], '데려앉다', 0.3563549518585205), ([[1048, 306], [1106, 306], [1106, 332], [1048, 332]], '있있다.', 0.47221532464027405), ([[596, 560], [634, 560], [634, 586], [596, 586]], '자지', 0.9999200905103942), ([[378, 730], [418, 730], [418, 754], [378, 754]], '자지', 0.9999906434124514), ([[936, 888], [1032, 888], [1032, 916], [936, 916]], '마치 발정난', 0.9831438199723164), ([[920, 920], [1050, 920], [1050, 946], [920, 946]], '암개같지 암은가!', 0.3169597869447092), ([[896, 950], [1076, 950], [1076, 976], [896, 976]], '토요사카도 자신의 딸이', 0.6898213708116566), ([[288, 972], [366, 972], [366, 996], [288, 996]], '그럼 이제', 0.9658750018430645), ([[904, 982], [1066, 982], [1066, 1010], [904, 1010]], '이렇게 음란할 거라곧', 0.7850538154176749), ([[270, 1004], [384, 1004], [384, 1030], [270, 1030]], '나는 칼 테니까', 0.7261272369352416), ([[888, 1014], [1086, 1014], [1086, 1042], [888, 1042]], '도저히 생각하지 못햇켓어', 0.356177946450166), ([[280, 1034], [372, 1034], [372, 1060], [280, 1060]], '잔뜩 귀여워', 0.935218828534222), ([[280, 1066], [374, 1066], [374, 1092], [280, 1092]], '해 주려무나', 0.895212014512536), ([[103, 1477], [189, 1477], [189, 1543], [103, 1543]], '예하이', 0.00985764971388367)]
[([[308, 948], [442, 948], [442, 1044], [308, 1044]], '', 0.0), ([[454.28940418390624, 706.0361610022811], [537.9489011157998, 768.1557409859308], [499.71059581609376, 817.9638389977189], [417.05109888420026, 756.8442590140692]], '속:', 0.015474633240655924), ([[585.0264870006428, 961.0157996197984], [955.0262165116643, 1084.4185255379982], [864.9735129993572, 1328.9842003802016], [494.9737834883357, 1204.5814744620018]], "<'", 0.001283626552094831), ([[1201.2583685632087, 1570.069353385006], [1289.9765778522778, 1594.5677632769264], [1278.7416314367913, 1630.930646614994], [1190.0234221477222, 1605.4322367230736]], '스이', 0.00409486854976957)]
[([[244, 76], [388, 76], [388, 156], [244, 156]], '대려철-', 0.0010259206173941493), ([[972, 820], [1020, 820], [1020, 870], [972, 870]], '@', 0.6837124597990432), ([[575, 1763], [720, 1763], [720, 1850], [575, 1850]], '%', 0.41762328197961907)]
[([[154, 192], [264, 192], [264, 266], [154, 266]], '곧60', 0.009778415885105713), ([[688, 156], [996, 156], [996, 398], [688, 398]], '18*0', 0.0607418455183506), ([[253, 1373], [267, 1373], [267, 1395], [253, 1395]], '응', 0.9955536266363497), ([[408, 1544], [434, 1544], [434, 1606], [408, 1606]], '%', 0.41825114268876007), ([[172.0387787751367, 79.04207803655856], [287.73040990374324, 129.57960678862935], [248.9612212248633, 214.95792196344144], [133.26959009625676, 164.42039321137065]], '&깥!', 0.03586778279223087)]
[([[934, 672], [1000, 672], [1000, 696], [934, 696]], '기다리게', 0.9996875524520874), ([[948, 702], [986, 702], [986, 726], [948, 726]], '해서', 0.9998341983240918), ([[930, 732], [1000, 732], [1000, 756], [930, 756]], '미안하다', 0.9997983574867249), ([[539, 1032], [726, 1032], [726, 1086], [539, 1086]], '구하러 앉다', 0.38942783653875795), ([[580, 1098], [686, 1098], [686, 1146], [580, 1146]], '사무라', 0.22043091251724434)]
[([[470, 106], [530, 106], [530, 130], [470, 130]], '자 이제', 0.9987184954501055), ([[446, 136], [552, 136], [552, 162], [446, 162]], '어머니 집으로', 0.9766396494400592), ([[464, 170], [536, 170], [536, 194], [464, 194]], '돌아가자', 0.9998271073711472), ([[762, 136], [870, 136], [870, 214], [762, 214]], '대 `', 0.30261608958244324), ([[342, 200], [418, 200], [418, 278], [342, 278]], '까@', 0.0034162109548464747), ([[916, 346], [1010, 346], [1010, 370], [916, 370]], '이제 괜찮아', 0.9988064385866021), ([[166, 754], [242, 754], [242, 782], [166, 782]], '걷는 것도', 0.31596433591987944), ([[168, 786], [240, 786], [240, 812], [168, 812]], '힘들거야', 0.997148871421814), ([[154, 816], [252, 816], [252, 842], [154, 842]], '자 업어줄게', 0.896843273632186), ([[106, 992], [168, 992], [168, 1016], [106, 1016]], "'사구라?", 0.3845698292000189), ([[662, 1278], [694, 1278], [694, 1304], [662, 1304]], '7', 0.34052285327237897)]
[([[828, 356], [900, 356], [900, 406], [828, 406]], '맛?!', 0.5587204743071615), ([[742, 412], [834, 412], [834, 438], [742, 438]], '무슨 짓이야', 0.70791613755602), ([[756, 442], [818, 442], [818, 468], [756, 468]], '사구라!', 0.7837376594543457), ([[890, 626], [1092, 626], [1092, 652], [890, 652]], "'내가 잠시 떠나있는 동안에", 0.8105847348794245), ([[900, 658], [1084, 658], [1084, 686], [900, 686]], '어리석은 짓올 하는 높이', 0.5658106862659263), ([[938, 690], [1046, 690], [1046, 714], [938, 714]], '또 나타낫어: .', 0.5002352767911762), ([[881, 719], [1098, 719], [1098, 749], [881, 749]], '성배전쟁조자 제대로 못 하는', 0.7457404101580872), ([[920, 752], [1062, 752], [1062, 778], [920, 778]], '쓸모없는 남자구먼', 0.6460846024458934), ([[681, 755], [785, 755], [785, 803], [681, 803]], '할아범', 0.9792472830652524), ([[152, 830], [234, 830], [234, 860], [152, 860]], '이 표정올', 0.9736552157863564), ([[688, 818], [778, 818], [778, 866], [688, 866]], '네놈!', 0.8833260782351988), ([[154, 866], [230, 866], [230, 892], [154, 892]], '보고서도', 0.9999604225158691), ([[585, 868], [697, 868], [697, 898], [585, 898]], '사루라에게', 0.522176824278977), ([[162, 902], [222, 902], [222, 928], [162, 928]], '아직도', 0.9998534719160168), ([[594, 908], [690, 908], [690, 940], [594, 940]], '무슨 짓율', 0.43077791545902416), ([[152, 936], [236, 936], [236, 964], [152, 964]], '그런 말이', 0.9990693898347889), ([[594, 948], [688, 948], [688, 980], [594, 980]], '한 거나!!', 0.5153857597955935), ([[152, 970], [222, 970], [222, 996], [152, 996]], '나오나?', 0.9998982548713684), ([[804, 1088], [920, 1088], [920, 1114], [804, 1114]], '왜 화내는 렌가', 0.41891844263474154), ([[804, 1117], [914, 1117], [914, 1144], [804, 1144]], '이게 사구라의', 0.8035245809346984), ([[816, 1150], [906, 1150], [906, 1176], [816, 1176]], '본성인 게지', 0.9978215896357372), ([[834, 1182], [886, 1182], [886, 1208], [834, 1208]], '깔필마', 0.00047254375307178003), ([[682, 1206], [748, 1206], [748, 1230], [682, 1230]], '아; 아냐', 0.8654188717307518), ([[674, 1238], [746, 1238], [746, 1264], [674, 1264]], '그럴 리  .', 0.4439805271899109), ([[644, 1298], [674, 1298], [674, 1326], [644, 1326]], '욕!', 0.5915838007546509), ([[219.9266873708001, 1362.0967805394005], [323.6692487673286, 1376.035408843005], [314.0733126291999, 1428.9032194605995], [211.3307512326714, 1414.964591156995]], '8운', 0.003093480145910923)]
[([[350, 164], [454, 164], [454, 194], [350, 194]], '첫키스만큼은', 0.9497827691183413), ([[358, 196], [444, 196], [444, 222], [358, 222]], '아저씨한테', 0.41234247782270494), ([[382, 228], [420, 228], [420, 254], [382, 254]], '줄게', 0.9966866760787555), ([[648, 416], [762, 416], [762, 440], [648, 440]], '"카리야 아저씨', 0.6540643836309905), ([[646, 446], [756, 446], [756, 474], [646, 474]], '나 첫경험이관', 0.667269921771032), ([[634, 478], [766, 478], [766, 508], [634, 508]], '첫경험은 모두 다', 0.7170365412396686), ([[655, 510], [743, 510], [743, 536], [655, 536]], '빼앗격지만', 0.9085928602920565), ([[791, 615], [829, 615], [829, 631], [791, 631]], '사무리', 0.4343727776083615), ([[551.2370141040878, 906.0487100118849], [629.9913472309396, 947.6778845574763], [604.7629858959122, 995.9512899881151], [525.0086527690604, 953.3221154425237]], '건방?', 0.001700369729537108)]
[([[1005, 89], [1067, 89], [1067, 129], [1005, 129]], '52', 0.02445366170074863), ([[567, 241], [615, 241], [615, 281], [567, 281]], '넷?', 0.028045962439265475), ([[1066, 264], [1104, 264], [1104, 290], [1066, 290]], '크웃', 0.38164374580761923), ([[365, 317], [453, 317], [453, 403], [365, 403]], '머', 0.005869130751518847), ([[429, 523], [512, 523], [512, 550], [429, 550]], '사; 사무라', 0.38209841437860453), ([[426, 556], [516, 556], [516, 580], [426, 580]], '그렇게 허리', 0.9447800519204881), ([[428, 588], [514, 588], [514, 614], [428, 614]], '흔들어대면', 0.999428849127974), ([[414, 618], [522, 618], [522, 644], [414, 644]], '나올것 같다구', 0.7301819960844392), ([[280, 712], [376, 712], [376, 816], [280, 816]], '|', 0.02504713404400527), ([[1028, 978], [1084, 978], [1084, 1002], [1028, 1002]], '에헤헤', 0.17304604694257006), ([[934, 1034], [1012, 1034], [1012, 1058], [934, 1058]], '내 보지가', 0.7471522876529147), ([[912, 1066], [1036, 1066], [1036, 1092], [912, 1092]], '그렇게나 기분이', 0.9142485689566262), ([[934, 1096], [1006, 1096], [1006, 1122], [934, 1122]], '종구나  .', 0.3108154193531073), ([[200, 1138], [272, 1138], [272, 1164], [200, 1164]], '지금까지', 0.9927815198898315), ([[182, 1170], [290, 1170], [290, 1196], [182, 1196]], '잔뜩 질내사정', 0.6678971467132154), ([[192, 1200], [282, 1200], [282, 1226], [192, 1226]], '당햇으니까', 0.9357606060257148), ([[198, 1232], [274, 1232], [274, 1258], [198, 1258]], '안에 싸도', 0.9955655390624863), ([[189, 1259], [274, 1259], [274, 1291], [189, 1291]], '상관없어니', 0.09717299814579657), ([[447, 1521], [507, 1521], [507, 1565], [447, 1565]], "';", 0.127306776498657)]
[([[902, 1236], [938, 1236], [938, 1262], [902, 1262]], '우응', 0.9668332103922034), ([[836, 1274], [892, 1274], [892, 1300], [836, 1300]], '뱃속에', 0.983986718351918), ([[844, 1304], [882, 1304], [882, 1330], [844, 1330]], '잔뜩', 0.9998755847701863), ([[836, 1336], [888, 1336], [888, 1362], [836, 1362]], '삶네"', 0.033147738516507326), ([[1018, 1564], [1082, 1564], [1082, 1614], [1018, 1614]], '체,', 0.009969555604035455), ([[91.07767729723632, 1219.2155354594472], [160.63775127323254, 1186.9929635485148], [174.9223227027637, 1218.7844645405528], [105.36224872676746, 1250.0070364514852]], '흉10', 0.0033409463530217603), ([[598.4262837107244, 1460.0413576039987], [631.4800887433945, 1480.0279497120764], [596.5737162892756, 1536.9586423960013], [564.5199112566055, 1517.9720502879236]], '보', 0.04116761480378295)]
[([[1076, 104], [1132, 104], [1132, 128], [1076, 128]], '카리야', 0.9975790425169437), ([[1077, 137], [1129, 137], [1129, 157], [1077, 157]], '아저씨', 0.9999548505984435), ([[695, 153], [762, 153], [762, 182], [695, 182]], '그런가 ', 0.9953938722610474), ([[690, 186], [760, 186], [760, 212], [690, 212]], '그렇구나', 0.9234849790951648), ([[828, 300], [898, 300], [898, 324], [828, 324]], '또 하자 ', 0.5266817468804741), ([[174, 314], [226, 314], [226, 340], [174, 340]], '아이는', 0.6355967706603367), ([[838, 332], [892, 332], [892, 356], [838, 356]], '이렇게', 0.921825876351022), ([[166, 344], [216, 344], [216, 370], [166, 370]], '지금껏', 0.9992669066205199), ([[824, 362], [878, 362], [878, 386], [824, 386]], '그대로', 0.9999952510409473), ([[158, 374], [224, 374], [224, 398], [158, 398]], '외로원던', 0.2537538707256317), ([[144, 404], [232, 404], [232, 428], [144, 428]], '것 뿐이구나', 0.7098180380216413), ([[904, 808], [998, 808], [998, 832], [904, 832]], '""아; 그러자', 0.5668602637222389), ([[886, 840], [1014, 840], [1014, 864], [886, 864]], '나도 계속 너하고', 0.9996319355092609), ([[178, 868], [202, 868], [202, 900], [178, 900]], '응', 0.9978453810554697), ([[892, 872], [1002, 872], [1002, 898], [892, 898]], '같이 있어줄게', 0.8979682047521599), ([[1069, 1177], [1089, 1177], [1089, 1201], [1069, 1201]], '흙', 0.8191718933636736), ([[992, 1216], [1034, 1216], [1034, 1242], [992, 1242]], '참나,', 0.8375962569698495), ([[976, 1248], [1052, 1248], [1052, 1276], [976, 1276]], '알은 피틀', 0.05928671348444851), ([[988, 1278], [1042, 1278], [1042, 1302], [988, 1302]], '부리고', 0.9992883092835676), ([[235, 1303], [320, 1303], [320, 1331], [235, 1331]], '그거야말로', 0.9994808850036244), ([[982, 1312], [1036, 1312], [1036, 1336], [982, 1336]], '있구만', 0.3685831261558217), ([[243, 1334], [313, 1334], [313, 1365], [243, 1365]], '진정으로', 0.9918478727340698), ([[996, 1342], [1034, 1342], [1034, 1366], [996, 1366]], '역시', 0.4642868136235631), ([[260, 1368], [298, 1368], [298, 1394], [260, 1394]], '같이', 0.9993404655410991), ([[988, 1374], [1042, 1374], [1042, 1400], [988, 1400]], '붉신이', 0.1371093788893365), ([[236, 1399], [324, 1399], [324, 1427], [236, 1427]], '있어주느거', 0.6097756157537029), ([[976, 1404], [1046, 1404], [1046, 1430], [976, 1430]], '맞나보군', 0.9989628195762634), ([[248, 1432], [310, 1432], [310, 1458], [248, 1458]], '잠는가!', 0.38469818234443665), ([[414, 1422], [542, 1422], [542, 1448], [414, 1448]], '자 그럼 카리야여', 0.8447984071983861), ([[452, 1452], [506, 1452], [506, 1480], [452, 1480]], '열심히', 0.9995776985857523), ([[88, 1486], [126, 1486], [126, 1510], [88, 1510]], '크극', 0.9589058208400859), ([[424, 1484], [532, 1484], [532, 1514], [424, 1514]], '훌륭한 모체틀', 0.1700391223884126), ([[424, 1516], [534, 1516], [534, 1544], [424, 1544]], '기르는 양분이', 0.9634864209440323), ([[426, 1548], [514, 1548], [514, 1574], [426, 1574]], '되어주시게', 0.9946290818894922), ([[56, 1588], [110, 1588], [110, 1614], [56, 1614]], '[저[', 0.0016007236256714644)]
[([[223, 87], [585, 87], [585, 131], [223, 131]], '왕의 군세에 정복당한 세이버', 0.9571993874876017)]
[([[703, 87], [1081, 87], [1081, 131], [703, 131]], '테어미드트 사랑하는 속라우씨', 0.23098837751182333), ([[367, 491], [437, 491], [437, 529], [367, 529]], '시)', 0.09184535165020301), ([[995, 659], [1011, 659], [1011, 693], [995, 693]], '뒤', 0.9746294336943073), ([[999, 717], [1017, 717], [1017, 743], [999, 743]], '느', 0.2588997306610885), ([[151, 915], [169, 915], [169, 945], [151, 945]], '도', 0.03737692288781602), ([[133.3358994113243, 583.5038491169864], [191.54119168352443, 576.4055267868082], [194.6641005886757, 603.4961508830136], [135.45880831647557, 611.5944732131918]], "'뒤어미도", 0.23169514042949765), ([[139.98198161801108, 619.7801797798122], [198.48831078131585, 609.3241988615628], [203.01801838198892, 635.2198202201878], [144.51168921868415, 645.6758011384372]], '뒤어미도', 0.7368986010551453), ([[137.98198161801108, 655.7801797798122], [209.57613775035514, 643.4626274715622], [213.01801838198892, 671.2198202201878], [142.42386224964486, 683.5373725284378]], '뒤어미므', 0.04521287977695465), ([[135.45055774420524, 852.0769521047183], [152.473912360382, 849.0569593224337], [160.54944225579476, 890.9230478952817], [142.526087639618, 893.9430406775663]], '뒤', 0.9843293513205396), ([[552.3070020560507, 1329.2438069905725], [635.6526151604916, 1319.2114419407426], [639.6929979439493, 1374.7561930094275], [556.3473848395084, 1383.7885580592574]], '@~', 0.21243395232690662)]
[([[115, 91], [505, 91], [505, 133], [115, 133]], '린의 모험의 서느 사라져습니다', 0.45037834524665127)]
[([[337, 179], [657, 179], [657, 311], [337, 311]], '역식자', 0.9981484793098045), ([[690, 182], [890, 182], [890, 308], [690, 308]], '후기', 0.995949986824241), ([[100, 408], [1058, 408], [1058, 462], [100, 462]], '굳이 번역 필요없는 의성어갈은건 안하고 냄둠 어찌피 다 알잡아?', 0.5694025110800817), ([[102, 536], [1056, 536], [1056, 590], [102, 590]], "마지막페이지 '크극' 올 크극' 으로 햇어야 하느데 청소년체가 국올", 0.1719826412028749), ([[100, 596], [640, 596], [640, 650], [100, 650]], '표현올 못해서 결국 크극으로 만족함', 0.7659986546175842), ([[100, 724], [1070, 724], [1070, 776], [100, 776]], '이 작가 원작있는 동인지 말고 오리지널 스토리로 망가끔 내략으면', 0.2864623644307204), ([[102, 788], [216, 788], [216, 838], [102, 838]], '좋계다.', 0.3064281642436981), ([[102, 912], [920, 912], [920, 966], [102, 966]], '번역해서 보고싶은 거 있으면 말하신쇼 원작있는거 11', 0.32080867582119155), ([[89, 1243], [183, 1243], [183, 1283], [89, 1283]], '발행일', 0.999792838073666), ([[209, 1245], [381, 1245], [381, 1281], [209, 1281]], '2012/08/12', 0.6966422929275348), ([[91, 1297], [155, 1297], [155, 1333], [91, 1333]], '발행', 0.999711559154389), ([[180, 1300], [364, 1300], [364, 1332], [180, 1332]], '담라,슷~치-+버)', 7.889506038204203e-05), ([[89, 1347], [187, 1347], [187, 1389], [89, 1389]], '발행인', 0.9997629686888619), ([[209, 1351], [293, 1351], [293, 1387], [209, 1387]], '마-군', 0.9989740252494812), ([[91, 1403], [155, 1403], [155, 1439], [91, 1439]], '인쇄', 0.9996956290288954), ([[179, 1403], [331, 1403], [331, 1439], [179, 1439]], '_아검-.*님', 0.0015131915616146741), ([[91, 1455], [153, 1455], [153, 1491], [91, 1491]], '메일', 0.9960701331604312), ([[178, 1453], [477, 1453], [477, 1494], [178, 1494]], '<라살`서꺾_{튼즌@-...;명', 1.8934673454651591e-06), ([[91, 1505], [213, 1505], [213, 1545], [91, 1545]], '흉페이지', 0.41616305708885193), ([[236, 1505], [745, 1505], [745, 1549], [236, 1549]], '소 :/|연8:+;머애-어머..610821.{(2._) ', 1.641832534556187e-05), ([[89, 1557], [403, 1557], [403, 1597], [89, 1597]], '무단 게재 및 복제 금지', 0.7737112928761418), ([[89, 1612], [308, 1612], [308, 1649], [89, 1649]], ':어< :림+ -미!', 0.0005541626775567191)]
