650940
21
[([[94, 90], [450, 90], [450, 166], [94, 166]], '마에 신부 샌질터', 0.0054831272039005926), ([[163, 157], [363, 157], [363, 195], [163, 195]], '훌`3야@_고32', 2.4572036481349074e-05), ([[128, 185], [431, 185], [431, 270], [128, 270]], '{`33워32', 0.0050543367683970625), ([[377, 309], [509, 309], [509, 375], [377, 375]], "'역자런달질중", 0.002928330348395687)]
[([[165, 157], [363, 157], [363, 195], [165, 195]], "훌' 야.(고물2", 7.887620667051038e-06), ([[128, 184], [431, 184], [431, 270], [128, 270]], '{`컴또표`2', 0.0006961619518041998)]
[([[901, 145], [1161, 145], [1161, 205], [901, 205]], '자지간 안에서', 0.7621667151203486), ([[903, 189], [1089, 189], [1089, 249], [903, 249]], '움직여요!', 0.8335631305359523), ([[26, 368], [114, 368], [114, 422], [26, 422]], '이거', 0.9999620680470559), ([[25, 409], [299, 409], [299, 469], [25, 469]], '엄청 중아해요!', 0.2265513770704958), ([[870, 980], [968, 980], [968, 1076], [870, 1076]], "'>", 0.19601701779512007)]
[([[851, 131], [1159, 131], [1159, 191], [851, 191]], '안에서 뜨거운 게', 0.6743429685362236), ([[849, 173], [1137, 173], [1137, 235], [849, 235]], '꾸록꾸록하면서', 0.49683407542226754), ([[30, 540], [310, 540], [310, 596], [30, 596]], '배, 배가 빵빵해', 0.9677757019953316), ([[866, 978], [970, 978], [970, 1080], [866, 1080]], "'>", 0.29038241685802424)]
[([[770, 98], [860, 98], [860, 152], [770, 152]], '정말', 0.9999887046632835), ([[770, 142], [1104, 142], [1104, 198], [770, 198]], '여자애틀 먹으면서', 0.6626006891727256), ([[771, 185], [977, 185], [977, 245], [771, 245]], '흥분하다니', 0.9998412886446881), ([[768, 230], [1109, 230], [1109, 293], [768, 293]], '얼마나 변태인거야', 0.6419289042953024), ([[30, 424], [326, 424], [326, 480], [30, 480]], '그런 변태한테는', 0.44564902223058633), ([[27, 467], [355, 467], [355, 527], [27, 527]], '강한 벌올 쥐야해!', 0.6746805434083328)]
[([[806, 108], [972, 108], [972, 160], [806, 160]], '응혼~웃!', 0.11186196630934517), ([[807, 151], [1076, 151], [1076, 211], [807, 211]], '뜨거운 게 안에', 0.8851868849075054), ([[803, 197], [1041, 197], [1041, 258], [803, 258]], '잔뜩 나용어!', 0.1704082310628909), ([[36, 392], [250, 392], [250, 448], [36, 448]], '물론 이걸로', 0.650941939217319), ([[35, 435], [331, 435], [331, 495], [35, 495]], '끝나지 않울거니', 0.39799706966230486), ([[34, 484], [176, 484], [176, 534], [34, 534]], '각오해!', 0.9974076151847839)]
[([[898, 406], [986, 406], [986, 462], [898, 462]], '후후', 0.9994293793670667), ([[891, 447], [1029, 447], [1029, 559], [891, 559]], '올어서', 0.30346617746184484), ([[936, 493], [1153, 493], [1153, 558], [936, 558]], '어내리는 거', 0.7202940452535688), ([[895, 541], [1117, 541], [1117, 603], [895, 603]], '기분 좋다고', 0.9747031279574828), ([[41, 696], [223, 696], [223, 756], [41, 756]], '그 기세로', 0.9773765773219704), ([[36, 734], [178, 734], [178, 854], [36, 854]], '탈줄', 0.053865039958000835), ([[87, 739], [285, 739], [285, 851], [87, 851]], '줄기해화!', 0.05126322479058748)]
[([[874, 356], [922, 356], [922, 408], [874, 408]], '극', 0.9431278863801573), ([[963, 359], [1055, 359], [1055, 403], [963, 403]], '흐으', 0.8583365404443597), ([[865, 393], [1137, 393], [1137, 509], [865, 509]], '솔작기 안에다', 0.10810117858458981), ([[873, 491], [1181, 491], [1181, 553], [873, 553]], '참율성 없는 녀석', 0.45433805300835023), ([[20, 631], [281, 631], [281, 695], [20, 695]], '이제부터 계속', 0.44484846635243025), ([[20, 677], [349, 677], [349, 746], [20, 746]], '교육시켜줄테니까', 0.3373807845684989), ([[18, 724], [231, 724], [231, 788], [18, 788]], '각오해뒤라', 0.93137646326123)]
[([[327, 191], [639, 191], [639, 253], [327, 253]], '좀 데필적으로', 0.22682731431154288), ([[315, 229], [634, 229], [634, 354], [315, 354]], '혈플기올등등렉_', 0.001153801429990094), ([[583, 283], [695, 283], [695, 347], [583, 347]], '계대@', 0.023706117168595418), ([[1162, 906], [1254, 906], [1254, 960], [1162, 960]], '안에', 0.9913241774953983), ([[1163, 857], [1295, 857], [1295, 917], [1163, 917]], '딱딱한', 0.9731197475552961), ([[1244, 848], [1432, 848], [1432, 970], [1244, 970]], '합작있다', 0.09523499011993408)]
[([[299, 223], [621, 223], [621, 351], [299, 351]], '@깥말롭학지올', 0.0034294819630467373), ([[305, 235], [401, 235], [401, 297], [305, 297]], '아직', 0.5151554809862695), ([[556, 228], [722, 228], [722, 350], [556, 350]], '올바택', 0.1362857046334812), ([[1173, 865], [1283, 865], [1283, 925], [1173, 925]], '아잇!', 0.09877299949726917), ([[1175, 909], [1399, 909], [1399, 971], [1175, 971]], '안에다 잔뜩.', 0.9954758448631014), ([[1387, 943], [1429, 943], [1429, 961], [1387, 961]], '0)', 0.007598716870344556)]
[([[809, 87], [1015, 87], [1015, 195], [809, 195]], '초자장장', 0.1387602984905243), ([[903, 137], [1173, 137], [1173, 197], [903, 197]], '가장 깊은 곳을', 0.8750511790996213), ([[816, 184], [906, 184], [906, 240], [816, 240]], '절러', 0.4843049172324425), ([[41, 371], [345, 371], [345, 437], [41, 437]], '이거 엄청 통아!', 0.18812757178533906), ([[41, 419], [235, 419], [235, 479], [41, 479]], '좀 더 해쥐', 0.5800113861716756)]
[([[902, 122], [956, 122], [956, 174], [902, 174]], '앗:', 0.35752686139506223), ([[990, 120], [1088, 120], [1088, 172], [990, 172]], '하아:', 0.4557086405169585), ([[902, 166], [1122, 166], [1122, 220], [902, 220]], '안에다 많이', 0.9898606167295835), ([[47, 369], [309, 369], [309, 431], [47, 431]], '이렇게 씻다관', 0.08793668362840477), ([[47, 415], [311, 415], [311, 479], [47, 479]], '임신해버렵66', 0.08977985828123754)]
[([[833, 13], [1137, 13], [1137, 125], [833, 125]], '정춘귀 딱딱하게', 0.2690781566019088), ([[834, 106], [1128, 106], [1128, 210], [834, 210]], '버결*국 놓다차', 0.02484284106967876), ([[875, 153], [1197, 153], [1197, 213], [875, 213]], '절 수 없는 자지군', 0.7405291167547184), ([[47, 423], [395, 423], [395, 483], [47, 483]], '불알이 텅 빌때까지', 0.5419514770750837), ([[45, 465], [347, 465], [347, 530], [45, 530]], '계속 해출테니까', 0.8627906688831001), ([[42, 513], [273, 513], [273, 576], [42, 576]], '작오해뒤라!', 0.17653989579442145), ([[783.193967649726, 1178.0129971415074], [962.7744616935732, 1268.7169703267023], [825.806032350274, 1537.9870028584926], [646.2255383064268, 1447.2830296732977]], '기1', 0.1255760040190732)]
[([[864, 70], [968, 70], [968, 126], [864, 126]], '아/!', 0.0913567501198707), ([[865, 114], [1125, 114], [1125, 174], [865, 174]], '뜨거운 정자가', 0.7967394204408078), ([[863, 159], [1139, 159], [1139, 219], [863, 219]], '푸숙무숙 나와!', 0.27216653244866545), ([[74, 394], [164, 394], [164, 448], [74, 448]], '후후.', 0.6363792044492796), ([[70, 442], [288, 442], [288, 498], [70, 498]], '이 상태라면', 0.82852676642878), ([[72, 488], [246, 488], [246, 544], [72, 544]], '아직은 더', 0.7628937215669501), ([[68, 531], [343, 531], [343, 592], [68, 592]], '출필수 있켓군', 0.0950648219925842)]
[([[1146, 36], [1342, 36], [1342, 258], [1146, 258]], '@무 @', 0.005827402696013451), ([[1198, 50], [1246, 50], [1246, 198], [1198, 198]], '흙', 0.024744127702016394), ([[1283, 43], [1419, 43], [1419, 157], [1283, 157]], '대체', 0.8085099496872427), ([[1290, 144], [1466, 144], [1466, 198], [1290, 198]], '월 때까지', 0.5770396867470046), ([[1330, 190], [1478, 190], [1478, 246], [1330, 246]], '건가요?', 0.9996720552444458), ([[112, 188], [156, 188], [156, 332], [112, 332]], '통', 0.8713821738525986), ([[146, 234], [358, 234], [358, 290], [146, 290]], "'해주석다면", 0.38247867515532635), ([[200, 280], [372, 280], [372, 336], [200, 336]], '언제라도.', 0.9634010855140898), ([[111, 325], [401, 325], [401, 385], [111, 385]], '빨아드덧올린데.', 0.18715819281068707)]
[([[1086, 68], [1172, 68], [1172, 120], [1086, 120]], '으춤', 0.7601918510591503), ([[1212, 66], [1302, 66], [1302, 116], [1212, 116]], '그록', 0.436083175309338), ([[1085, 111], [1473, 111], [1473, 171], [1085, 171]], '엄청난 양과 농도에요', 0.8610777356956469), ([[1085, 155], [1575, 155], [1575, 217], [1085, 217]], '정액이 입에 다 못 들어와요', 0.6956308150264894), ([[76, 198], [164, 198], [164, 254], [76, 254]], '응후', 0.9869783312054483), ([[73, 243], [451, 243], [451, 305], [73, 305]], '이제부터는 철저하게', 0.8426788651044681), ([[74, 290], [292, 290], [292, 346], [74, 346]], '제가 사정올', 0.8926867198433278), ([[74, 338], [360, 338], [360, 394], [74, 394]], '관리해드실게요', 0.37439451717117217)]
[([[1272, 32], [1360, 32], [1360, 88], [1272, 88]], '짐승', 0.986301595230474), ([[1438, 34], [1568, 34], [1568, 88], [1438, 88]], '뒤에서', 0.9896858733583889), ([[1272, 78], [1358, 78], [1358, 132], [1272, 132]], '자지', 0.9999890418369728), ([[1346, 30], [1442, 30], [1442, 140], [1346, 140]], '출입', 0.3549902518407662), ([[1400, 78], [1488, 78], [1488, 134], [1400, 134]], '박는', 0.7622329810156776), ([[1272, 124], [1398, 124], [1398, 178], [1272, 178]], '거에요', 0.9838504647953329), ([[243, 277], [271, 277], [271, 293], [243, 293]], '0', 0.005651229429525451), ([[94, 232], [380, 232], [380, 406], [94, 406]], '현달자켓', 0.0011909662280231714), ([[323, 287], [603, 287], [603, 353], [323, 353]], '기분콩의나까', 0.050454508539135696), ([[109, 333], [239, 333], [239, 395], [109, 395]], '싫지는', 0.24189872811185434)]
[([[1278, 50], [1545, 50], [1545, 104], [1278, 104]], '배 안에 정액이', 0.5658015925193648), ([[1277, 91], [1539, 91], [1539, 154], [1277, 154]], '잔뜩 들어외요', 0.8087583864648654), ([[57, 222], [282, 222], [282, 347], [57, 347]], '입런해하로_', 0.07538939131510718), ([[195, 231], [455, 231], [455, 291], [195, 291]], '많이 싸세대편', 0.3178912695134544), ([[272, 278], [442, 278], [442, 334], [272, 334]], '레에요-6', 0.02661060886093123)]
[([[33, 29], [423, 29], [423, 93], [33, 93]], '그런 치태름 <옷학게', 0.1333441681250973), ([[1030, 32], [1118, 32], [1118, 86], [1030, 86]], '에휴', 0.9342638569028433), ([[35, 76], [329, 76], [329, 140], [35, 140]], '관광해줄테니교', 0.11619100948778581), ([[1032, 80], [1250, 80], [1250, 134], [1032, 134]], '발로 자지루', 0.6726681186761557), ([[33, 117], [208, 117], [208, 184], [33, 184]], '안심하고', 0.9977349638938904), ([[1032, 124], [1286, 124], [1286, 180], [1032, 180]], '괴롭혀지는 게', 0.528812337078768), ([[35, 169], [263, 169], [263, 229], [35, 229]], '농락당해라;', 0.17385312843957795), ([[1033, 167], [1397, 167], [1397, 229], [1033, 229]], '좋다니, 어떤 변태야', 0.5773227811917785), ([[829, 527], [891, 527], [891, 597], [829, 597]], '0', 0.9902678256854678), ([[839.4207000823686, 764.5462402635796], [1008.5177295119574, 718.5472913240117], [1029.5792999176313, 819.4537597364204], [860.4822704880426, 865.4527086759883]], '())', 0.19228376816547232)]
[([[44, 84], [136, 84], [136, 140], [44, 140]], '정말', 0.9999930036303156), ([[1146, 90], [1250, 90], [1250, 144], [1146, 144]], '아하!', 0.08751970980834964), ([[34, 119], [389, 119], [389, 244], [34, 244]], '이뻗론기콤출렉니 ', 0.0011329607580355125), ([[43, 129], [175, 129], [175, 189], [43, 189]], '이결로', 0.3611782068493021), ([[1146, 136], [1442, 136], [1442, 192], [1146, 192]], '정말로 발만으로', 0.9986242091177546), ([[1146, 182], [1328, 182], [1328, 238], [1146, 238]], '사정햇다!', 0.8708953591833078), ([[41, 218], [174, 218], [174, 278], [41, 278]], '정도로', 0.9997712274929784), ([[829, 525], [893, 525], [893, 599], [829, 599]], '0', 0.9938614687266387)]
[([[99, 17], [895, 17], [895, 57], [99, 57]], '터리 극망하로 팀 품어비-예 팀페터하 팀원울유회교왜습내닥', 0.002398731471610196), ([[155, 43], [845, 43], [845, 85], [155, 85]], '특레 식진움 식자문울 데 메교 윗습네%: 실력음 장공없고', 0.0019205695986449906), ([[171, 75], [487, 75], [487, 111], [171, 111]], '하고요세낱만 태면 덥니다', 0.023887839725139363), ([[501, 75], [817, 75], [817, 113], [501, 113]], '그러실 의사과 왜일 붐음', 0.11473855605124193), ([[128, 104], [485, 104], [485, 142], [128, 142]], '@@]명때_할오9도5@`시가리!', 2.1184689751306344e-06), ([[503, 103], [863, 103], [863, 141], [503, 141]], '아어으로 메일올 현확대주메', 0.022378166214080217), ([[51, 191], [273, 191], [273, 251], [51, 251]], '이건 월까요', 0.3932744891073616), ([[53, 242], [787, 242], [787, 305], [53, 305]], '양이 적에세 실심풀이 씹아 번역해뷰넘_', 0.0034014743490239953), ([[48, 293], [654, 293], [654, 362], [48, 362]], '캐릭터- 때사하} 다 폐해세 폐기고', 0.035130864813102534), ([[50, 347], [491, 347], [491, 412], [50, 412]], '번역하다 맛 @ @페요', 0.11688605320014374), ([[52, 403], [935, 403], [935, 465], [52, 465]], '어차페 프훨만 보는 문들걷 많델_까 상품없으려나', 0.0024259703111036623), ([[10, 430], [58, 430], [58, 520], [10, 520]], '{', 0.43950520401796567), ([[47, 1263], [159, 1263], [159, 1301], [47, 1301]], '식자후기', 0.9967311024665833), ([[46, 1302], [266, 1302], [266, 1358], [46, 1358]], '묻다이나이!', 0.7419799733148982)]
