650968
33
[([[58, 15], [280, 15], [280, 65], [58, 65]], '멘역 : 리치니스', 0.6530355355110833), ([[41, 53], [174, 53], [174, 101], [41, 101]], '벼 후문0', 0.007137969393315813), ([[266, 479], [523, 479], [523, 559], [266, 559]], '팀  체', 0.3650543630432131), ([[650, 488], [704, 488], [704, 552], [650, 552]], '한', 0.7036674583652349), ([[213, 589], [577, 589], [577, 629], [213, 629]], '데하와 유이 능욕 조교일치다', 0.13058516941492238)]
[([[302, 408], [394, 408], [394, 434], [302, 434]], ')>', 0.05148638909709383), ([[165, 428], [397, 428], [397, 458], [165, 458]], "#왼'메3|끊 교다", 6.296215245978476e-05), ([[266, 451], [396, 451], [396, 479], [266, 479]], '2013 4위4:', 0.005917969401769808), ([[28, 470], [302, 470], [302, 500], [28, 500]], "훨버버쎄시) ' [^끼", 0.02452968531847674), ([[324, 470], [398, 470], [398, 500], [324, 500]], ':', 0.13330314311915092), ([[684, 480], [726, 480], [726, 512], [684, 512]], '다', 0.08016466703903635), ([[574, 486], [668, 486], [668, 516], [574, 516]], '7   #:', 0.03848600984744592), ([[563, 507], [737, 507], [737, 550], [563, 550]], '흙 주 " 맵', 0.03057911308110291), ([[290, 538], [394, 538], [394, 562], [290, 562]], '라( 형미;', 0.004219147667236706), ([[238, 578], [396, 578], [396, 604], [238, 604]], '18./-050', 0.00828768581097135), ([[264, 598], [394, 598], [394, 626], [264, 626]], '스이기#', 0.004654696211218834), ([[258, 616], [397, 616], [397, 652], [258, 652]], '기"이로순', 0.06713757034909115), ([[239, 639], [384, 639], [384, 670], [239, 670]], '미< ;스  .', 0.013522689619756926), ([[248.92306276207339, 533.1999631813908], [293.8116655531727, 539.9537988639357], [289.0769372379266, 564.8000368186092], [245.18833444682733, 558.0462011360643]], ':)<', 0.002110686062785818)]
[]
[]
[([[193, 483], [564, 483], [564, 543], [193, 543]], ') 내 > 3', 0.09711813487457054), ([[116, 534], [641, 534], [641, 602], [116, 602]], '눈각)미"[균-교쇼*', 0.0005950848436999544)]
[([[16, 507], [143, 507], [143, 547], [16, 547]], '충숫하총 .', 0.0328651812605362), ([[19, 587], [325, 587], [325, 623], [19, 623]], '도소사1: (스하뻗화@', 0.00016642057993995125), ([[11, 606], [470, 606], [470, 681], [11, 681]], '등어7론-튼올출중중록9?다`:', 3.3371246141706304e-05), ([[18, 612], [143, 612], [143, 650], [18, 650]], '도@짝', 0.003245988706977491), ([[17, 690], [497, 690], [497, 727], [17, 727]], '욕미#-아니어머@50 꾸국씨 충{{91', 8.582737162643102e-05), ([[15, 717], [221, 717], [221, 753], [15, 753]], '8여-3:0.', 0.0008765191168091548), ([[15, 742], [584, 742], [584, 778], [15, 778]], '초7 1@0*12*+3+07< 5화-하*<', 0.002445538427714572), ([[45, 769], [339, 769], [339, 805], [45, 805]], '<73-4375633', 0.12083459314864173), ([[9, 762], [555, 762], [555, 862], [9, 862]], '액출스출잘-못 8빚 하나하또고@', 6.964351107224309e-05), ([[16, 820], [261, 820], [261, 858], [16, 858]], '9국구포-9327', 0.09778571931990898), ([[17, 847], [298, 847], [298, 883], [17, 883]], '#서각(내-라충0', 0.000977149688236107), ([[15, 899], [585, 899], [585, 935], [15, 935]], '425337#0톤+3503 (구*9#손0)', 0.0003020658948648946), ([[18, 923], [455, 923], [455, 961], [18, 961]], '730  *0하정그+해죽이혼3.', 0.00017907594182545031)]
[([[30, 176], [78, 176], [78, 206], [30, 206]], '입어', 0.9999810339708489), ([[18, 202], [86, 202], [86, 230], [18, 230]], '버로다', 0.1760203242301941)]
[([[587, 91], [643, 91], [643, 111], [587, 111]], '야한 건', 0.997524082660675), ([[20, 110], [76, 110], [76, 136], [20, 136]], '이 옷', 0.9979104399681091), ([[582, 108], [650, 108], [650, 132], [582, 132]], '싫습니다', 0.3477696180343628), ([[670, 114], [726, 114], [726, 138], [670, 138]], '그 애', 0.3953289880871139), ([[24, 134], [70, 134], [70, 158], [24, 158]], '야해', 0.9998887341330408), ([[368, 184], [430, 184], [430, 210], [368, 210]], '그렇게', 0.9819408462008464), ([[358, 206], [438, 206], [438, 232], [358, 232]], '말햇지만', 0.41963860392570496), ([[342, 486], [396, 486], [396, 514], [342, 514]], '내 몸', 0.9860233664512634), ([[696, 604], [746, 604], [746, 630], [696, 630]], '검계', 0.7018976641977903), ([[686, 628], [756, 628], [756, 656], [686, 656]], '빛나고', 0.9999147256735325), ([[303, 854], [395, 854], [395, 880], [303, 880]], '이렇게나', 0.9802116751670837), ([[314, 878], [384, 878], [384, 906], [314, 906]], '파련치', 0.7977902276096758), ([[314, 904], [386, 904], [386, 934], [314, 934]], '햇구나', 0.7802209854125977), ([[660, 982], [760, 982], [760, 1012], [660, 1012]], '여자 몸올', 0.5679201261113813), ([[666, 1008], [756, 1008], [756, 1036], [666, 1036]], '요염하게', 0.8156827562323569), ([[662, 1032], [730, 1032], [730, 1058], [662, 1058]], '띄우게', 0.9989901227300727), ([[736, 1034], [760, 1034], [760, 1058], [736, 1058]], '해', 0.9999819994782833)]
[([[183, 69], [221, 69], [221, 85], [183, 85]], '유우키', 0.9689885429682884), ([[293, 95], [323, 95], [323, 109], [293, 109]], '가와', 0.9986904115429819), ([[21, 103], [59, 103], [59, 123], [21, 123]], '어때', 0.9999499299111206), ([[10, 122], [54, 122], [54, 146], [10, 146]], '이 옷', 0.982573926448822), ([[357, 137], [393, 137], [393, 157], [357, 157]], '개  .', 0.2964329719543457), ([[656, 132], [732, 132], [732, 158], [656, 158]], '차림으로', 0.9995131492614746), ([[346, 156], [406, 156], [406, 180], [346, 180]], '기뻐해', 0.9288340860296801), ([[656, 154], [732, 154], [732, 178], [656, 178]], '다가가면', 0.9962678157953223), ([[342, 178], [414, 178], [414, 202], [342, 202]], '주려나?', 0.9993566274642944), ([[307, 381], [359, 381], [359, 399], [307, 399]], '귀여위', 0.8644493854539859), ([[319, 401], [353, 401], [353, 419], [319, 419]], '유이', 0.9995722362896187), ([[274, 608], [350, 608], [350, 634], [274, 634]], '무 , 무슨', 0.44056355668702113), ([[30, 630], [108, 630], [108, 654], [30, 654]], '파련치해 !', 0.5933642884598798), ([[266, 630], [354, 630], [354, 658], [266, 658]], '생각이야', 0.9998531937599182), ([[301, 657], [323, 657], [323, 675], [301, 675]], '나', 0.9999233498956848), ([[266, 856], [306, 856], [306, 880], [266, 880]], '갈아', 0.9986144929122439), ([[248, 876], [318, 876], [318, 900], [248, 900]], '입어야진', 0.9539610743522644), ([[22, 922], [80, 922], [80, 946], [22, 946]], '이 옷올', 0.5781944934160156), ([[17, 943], [85, 943], [85, 963], [17, 963]], '입없더니', 0.5694705843925476), ([[17, 961], [85, 961], [85, 981], [17, 981]], '생각까지', 0.9913598299026489), ([[9, 979], [93, 979], [93, 999], [9, 999]], '파련치하게', 0.8562546618554884)]
[([[240, 132], [320, 132], [320, 164], [240, 164]], '찾앉다', 0.24478517073605868), ([[43, 489], [113, 489], [113, 533], [43, 533]], '금빛', 0.9999726046583781), ([[43, 531], [113, 531], [113, 573], [43, 573]], '어둠', 0.9993455221894427)]
[([[0, 154], [44, 154], [44, 218], [0, 218]], '7"', 0.12647232625383867), ([[290, 202], [346, 202], [346, 272], [290, 272]], '매', 0.36131128292039705), ([[392, 236], [416, 236], [416, 292], [392, 292]], '흙', 0.031156818593977897), ([[685, 205], [713, 205], [713, 272], [685, 272]], '흙', 0.20059088822517257), ([[106, 288], [136, 288], [136, 355], [106, 355]], '후', 0.9612161172126434), ([[282, 484], [306, 484], [306, 576], [282, 576]], '륙', 0.10174233287500911), ([[297, 711], [345, 711], [345, 872], [297, 872]], '륙', 0.057899598929012086), ([[0, 786], [57, 786], [57, 970], [0, 970]], '푹', 0.1814936213708087)]
[([[703, 97], [765, 97], [765, 133], [703, 133]], '무료', 0.9999490869866166), ([[24, 146], [128, 146], [128, 176], [24, 176]], '전 야미가', 0.9988390434830434), ([[326, 148], [400, 148], [400, 172], [326, 172]], '당신들은', 0.9971755146980286), ([[431, 141], [465, 141], [465, 161], [431, 161]], '어떤', 0.9998254322166046), ([[703, 131], [763, 131], [763, 169], [703, 169]], '하군', 0.9999647654164576), ([[325, 169], [395, 169], [395, 189], [325, 189]], '누구세요', 0.96728583914177), ([[408, 158], [482, 158], [482, 182], [408, 182]], '기분이지', 0.6486839652061462), ([[24, 171], [119, 171], [119, 197], [24, 197]], '아니에요', 0.9990568161010742), ([[408, 178], [486, 178], [486, 202], [408, 202]], '금빛 어둠', 0.9981723737176957), ([[702, 442], [766, 442], [766, 466], [702, 466]], '크크크', 0.9976160587136791), ([[694, 466], [776, 466], [776, 492], [694, 492]], '시치미', 0.9993922266234186), ([[704, 488], [768, 488], [768, 512], [704, 512]], '떼다니', 0.999534409911907), ([[210, 616], [240, 616], [240, 682], [210, 682]], '^', 0.01182045088859085), ([[222, 696], [250, 696], [250, 732], [222, 732]], '"1', 0.9858336690125337), ([[676, 720], [724, 720], [724, 746], [676, 746]], '아으', 0.9967772049659488), ([[220, 840], [286, 840], [286, 866], [220, 866]], '동포가', 0.9991295456534335), ([[38, 852], [100, 852], [100, 876], [38, 876]], '맛보게', 0.9997481028644859), ([[38, 874], [100, 874], [100, 898], [38, 898]], '해주지', 0.9998867828858348), ([[220, 862], [284, 862], [284, 890], [220, 890]], '밭앗던', 0.27588599824946947), ([[230, 886], [274, 886], [274, 912], [230, 912]], '고통', 0.9418131948079678), ([[694, 948], [776, 948], [776, 972], [694, 972]], '내 동포름', 0.4465944001561133), ([[698, 968], [774, 968], [774, 992], [698, 992]], '도록햇던', 0.06090788543224335), ([[694, 988], [776, 988], [776, 1014], [694, 1014]], '그 철혹의', 0.45060461004084357), ([[602, 1002], [672, 1002], [672, 1028], [602, 1028]], '몇 년이', 0.9966097964106988), ([[716, 1010], [756, 1010], [756, 1034], [716, 1034]], '모습', 0.9998025898691962), ([[605, 1027], [669, 1027], [669, 1047], [605, 1047]], '지나도', 0.999688983976361), ([[592, 1048], [684, 1048], [684, 1074], [592, 1074]], '못 잊는다', 0.7990665092985392)]
[]
[([[551, 31], [593, 31], [593, 85], [551, 85]], '@', 0.7768772885516597), ([[719, 501], [763, 501], [763, 515], [719, 515]], '크크크', 0.9920757261622573), ([[716, 512], [768, 512], [768, 536], [716, 536]], '벌써 다', 0.8081122265954441), ([[464, 522], [508, 522], [508, 548], [464, 548]], '종은', 0.7361280487879861), ([[725, 531], [759, 531], [759, 549], [725, 549]], '죽어', 0.9999109027248333), ([[454, 546], [518, 546], [518, 572], [454, 572]], '눈이군', 0.9992998020572357), ([[717, 547], [763, 547], [763, 565], [717, 565]], '가능군', 0.9420474500761288), ([[74, 564], [140, 564], [140, 590], [74, 590]], '그렇게', 0.994402459397128), ([[54, 585], [157, 585], [157, 609], [54, 609]], '나와 쥐야지', 0.6465027143999025)]
[([[650, 95], [732, 95], [732, 124], [650, 124]], '언제까지', 0.9945110082626343), ([[656, 122], [728, 122], [728, 148], [656, 148]], '버섯 지', 0.10344226701615433), ([[650, 144], [732, 144], [732, 168], [650, 168]], '기대하지', 0.9999808073043823), ([[540, 330], [564, 330], [564, 362], [540, 362]], '금', 0.9998694700877344), ([[0, 325], [89, 325], [89, 423], [0, 423]], '으', 0.983096520045823), ([[540, 360], [566, 360], [566, 384], [540, 384]], '어', 0.9999922514111894), ([[566, 330], [590, 330], [590, 390], [566, 390]], '불', 0.4997599432571498), ([[0, 417], [98, 417], [98, 1054], [0, 1054]], "'", 0.301689974659908)]
[([[713, 79], [749, 79], [749, 121], [713, 121]], '육', 0.931919902238608), ([[318, 122], [364, 122], [364, 152], [318, 152]], '으움', 0.6819144989732978), ([[180, 162], [268, 162], [268, 192], [180, 192]], '크크크', 0.9983004786800763), ([[712, 366], [760, 366], [760, 396], [712, 396]], '우응', 0.9269535043450088), ([[633, 383], [677, 383], [677, 453], [633, 453]], '싸', 0.002324215115096173), ([[656, 526], [680, 526], [680, 560], [656, 560]], '9', 0.9367647161354995), ([[53, 739], [95, 739], [95, 759], [53, 759]], '이게', 0.9973301150324397), ([[22, 760], [126, 760], [126, 786], [22, 786]], '금빛어둠의', 0.7530386035585417), ([[38, 784], [112, 784], [112, 810], [38, 810]], '질 안  .', 0.48072237373557836), ([[516, 680], [588, 680], [588, 872], [516, 872]], '#', 0.007058074024952399), ([[523, 845], [539, 845], [539, 867], [523, 867]], '0', 0.06724042784306139), ([[660, 962], [734, 962], [734, 992], [660, 992]], '냉정한', 0.900169198648678), ([[647, 986], [742, 986], [742, 1016], [647, 1016]], '태도와는', 0.7491737604141235), ([[642, 1014], [748, 1014], [748, 1046], [642, 1046]], '정 반대로', 0.9649083485050776), ([[542, 1026], [618, 1026], [618, 1106], [542, 1106]], '닭', 0.8629898735790107), ([[648, 1068], [746, 1068], [746, 1098], [648, 1098]], '육줍이다', 0.14273889362812042), ([[658, 1042], [732, 1042], [732, 1072], [658, 1072]], '극상의', 0.9995942846147797), ([[94, 1096], [126, 1096], [126, 1134], [94, 1134]], '끄', 0.8014602229095011), ([[576, 1098], [608, 1098], [608, 1152], [576, 1152]], '리', 0.02459301223249022), ([[98, 1142], [128, 1142], [128, 1178], [98, 1178]], '그', 0.9999704363146975), ([[575.6583592135001, 1153.3167184270003], [597.5883484054145, 1138.0582579729273], [624.3416407864999, 1178.6832815729997], [601.4116515945855, 1193.9417420270727]], '8', 0.9013276667246828)]
[([[464, 60], [488, 60], [488, 92], [464, 92]], '응', 0.9994831753147082), ([[705, 51], [745, 51], [745, 99], [705, 99]], '움', 0.9759504510090125), ([[256, 236], [282, 236], [282, 268], [256, 268]], '육', 0.9867152682560096), ([[30, 300], [60, 300], [60, 334], [30, 334]], '웃', 0.8675306111294425), ([[678, 480], [742, 480], [742, 506], [678, 506]], '박으면', 0.9995295236067877), ([[668, 504], [752, 504], [752, 530], [668, 530]], '박울수록', 0.5966887474060059), ([[678, 528], [742, 528], [742, 552], [678, 552]], '취감겨', 0.8912338665179272), ([[434, 540], [458, 540], [458, 568], [434, 568]], '국', 0.9999878406894283), ([[680, 550], [742, 550], [742, 576], [680, 576]], '오는군', 0.9481588630569705), ([[522, 788], [576, 788], [576, 812], [522, 812]], '더 , 더', 0.9264325758981189), ([[516, 810], [580, 810], [580, 836], [516, 836]], '박아서', 0.9999260129376365), ([[2, 880], [30, 880], [30, 914], [2, 914]], '올', 0.2831469890435443), ([[676, 968], [724, 968], [724, 992], [676, 992]], '이미', 0.9999803596250854), ([[664, 994], [734, 994], [734, 1020], [664, 1020]], '저항도', 0.40454113213206955), ([[650, 1020], [750, 1020], [750, 1048], [650, 1048]], '못 하눈군', 0.42689230450290006)]
[([[534, 96], [562, 96], [562, 128], [534, 128]], '욕', 0.9920898368116617), ([[90, 138], [116, 138], [116, 172], [90, 172]], '응', 0.991443538578185), ([[669, 153], [737, 153], [737, 197], [669, 197]], '응옷', 0.8662836759834355), ([[16, 198], [86, 198], [86, 252], [16, 252]], '응 !', 0.9380896471681816), ([[631, 281], [669, 281], [669, 321], [631, 321]], '00', 0.3353501538316854), ([[711, 665], [753, 665], [753, 723], [711, 723]], '%', 0.6420094598238144), ([[360, 814], [408, 814], [408, 840], [360, 840]], '계속', 0.9999361059755344), ([[683, 809], [721, 809], [721, 829], [683, 829]], '계속', 0.9998906728254382), ([[258, 818], [308, 818], [308, 850], [258, 850]], '자 !', 0.991150438785553), ([[662, 830], [740, 830], [740, 854], [662, 854]], '넣어주지', 0.8049922585487366), ([[344, 840], [424, 840], [424, 868], [344, 868]], '그 소길', 0.7864454751404639), ([[664, 850], [740, 850], [740, 876], [664, 876]], '금빛어둠', 0.9271127414561504), ([[336, 866], [434, 866], [434, 896], [336, 896]], '내달라고', 0.9999666213989258), ([[253, 1059], [273, 1059], [273, 1081], [253, 1081]], '흙', 0.49303996682903417)]
[([[0, 103], [91, 103], [91, 191], [0, 191]], '끄', 0.9850478638350637), ([[2.030338204731886, 218.04282171347032], [83.52341365331107, 208.97309973516047], [95.96966179526811, 352.95717828652965], [14.476586346688933, 362.0269002648395]], '국', 0.9652130550348694)]
[([[672, 76], [738, 76], [738, 100], [672, 100]], '크크크', 0.9982559588512522), ([[94, 98], [138, 98], [138, 124], [94, 124]], '금빛', 0.9999664512734159), ([[664, 100], [748, 100], [748, 126], [664, 126]], '가버로군', 0.5780562162399292), ([[95, 123], [117, 123], [117, 141], [95, 141]], '어', 0.9999885559409449), ([[117, 121], [135, 121], [135, 147], [117, 147]], '둘', 0.9614671805252897), ([[578, 134], [634, 134], [634, 162], [578, 162]], '조교', 0.9997145934724365), ([[564, 164], [648, 164], [648, 194], [564, 194]], '해주마', 0.9999247740907423), ([[297, 185], [337, 185], [337, 231], [297, 231]], '05', 0.5105197321270445), ([[669, 439], [687, 439], [687, 489], [669, 489]], '푹', 0.8755376119891913), ([[563, 511], [583, 511], [583, 563], [563, 563]], '푹', 0.8021664465040921), ([[74, 690], [118, 690], [118, 716], [74, 716]], '아혹', 0.7662748221437576)]
[([[165, 85], [241, 85], [241, 105], [165, 105]], '적극적이', 0.9999323487281799), ([[10, 104], [56, 104], [56, 128], [10, 128]], '아냐', 0.9998451559901069), ([[164, 104], [240, 104], [240, 130], [164, 130]], '되석논데', 0.09439017623662949), ([[674, 122], [700, 122], [700, 152], [674, 152]], '북', 0.9987766909930009), ([[183, 221], [233, 221], [233, 239], [183, 239]], '호스로', 0.9982804550456355), ([[191, 239], [227, 239], [227, 259], [191, 259]], '일정', 0.9999645968308075), ([[274, 232], [322, 232], [322, 264], [274, 264]], '으늘', 0.19927153248933485), ([[21, 261], [105, 261], [105, 281], [21, 281]], '사람 수만큼', 0.9978680305582425), ([[175, 257], [243, 257], [243, 277], [175, 277]], '시간마다', 0.9997184872627258), ([[21, 277], [109, 277], [109, 297], [21, 297]], '가지 안논 한', 0.3349140171718769), ([[193, 279], [227, 279], [227, 297], [193, 297]], '물이', 0.9989609012025273), ([[23, 295], [107, 295], [107, 315], [23, 315]], '멈추지 않아', 0.9632126933189668), ([[174, 292], [242, 292], [242, 316], [174, 316]], '들어가지', 0.9999776482582092), ([[211, 733], [229, 733], [229, 757], [211, 757]], '무', 0.9989011923608473), ([[70, 756], [220, 756], [220, 788], [70, 788]], '용량으로요만해 물', 0.14982666729684355), ([[264, 772], [312, 772], [312, 796], [264, 796]], '5번째', 0.9977838723670549), ([[79, 783], [123, 783], [123, 801], [79, 801]], '1리터', 0.9416259873783811), ([[149, 791], [191, 791], [191, 811], [149, 811]], '에! !', 0.9944740572371854), ([[84, 800], [120, 800], [120, 824], [84, 824]], '슬술', 0.8979989815108611), ([[7, 823], [49, 823], [49, 859], [7, 859]], '마', 0.9961674051027991), ([[66, 818], [138, 818], [138, 842], [66, 842]], '(한계인가', 0.9611362082998266), ([[516, 820], [546, 820], [546, 846], [516, 846]], '아', 0.9999679329581888), ([[9, 863], [49, 863], [49, 903], [9, 903]], '아', 0.9983742889344036), ([[310, 816], [343, 816], [343, 893], [310, 893]], '"', 0.9563201738094449), ([[471, 775], [516, 775], [516, 923], [471, 923]], '8', 0.9959957234516423), ([[514, 846], [570, 846], [570, 878], [514, 878]], '아아', 0.9999757235015667), ([[12, 912], [50, 912], [50, 944], [12, 944]], '아', 0.9998233396357961), ([[298, 894], [329, 894], [329, 959], [298, 959]], '8', 0.986429198811468), ([[474, 926], [502, 926], [502, 962], [474, 962]], '0', 0.999998569489037), ([[11, 951], [55, 951], [55, 995], [11, 995]], '안', 0.9999365816634622), ([[465, 959], [485, 959], [485, 983], [465, 983]], '0', 0.9989467058022825)]
[([[307, 25], [349, 25], [349, 79], [307, 79]], '우', 0.9999802113558331), ([[556, 52], [606, 52], [606, 78], [556, 78]], '아으', 0.9992510483808712), ([[90, 70], [120, 70], [120, 94], [90, 94]], '자', 0.999690795008533), ([[380, 78], [424, 78], [424, 102], [380, 102]], '계속', 0.9999072781923767), ([[570, 80], [594, 80], [594, 106], [570, 106]], '우', 0.9999612573561514), ([[706, 74], [758, 74], [758, 106], [706, 106]], '놀지', 0.9162385747791588), ([[72, 94], [142, 94], [142, 122], [72, 122]], '이쪽도', 0.763552188873291), ([[314, 92], [342, 92], [342, 120], [314, 120]], '0', 0.9995782820044639), ([[372, 102], [436, 102], [436, 128], [372, 128]], '빨아라', 0.9997665475028569), ([[714, 102], [750, 102], [750, 126], [714, 126]], '마!', 0.9987600963911062), ([[276, 210], [348, 210], [348, 236], [276, 236]], '이쪽도', 0.9951803684234619), ([[121, 227], [135, 227], [135, 249], [121, 249]], '우', 0.998520326015754), ([[73, 241], [107, 241], [107, 257], [73, 257]], '허중', 0.15486417331750751), ([[276, 236], [350, 236], [350, 268], [276, 268]], '빨아 쥐', 0.9006343881982751), ([[697, 429], [761, 429], [761, 515], [697, 515]], '으', 0.3417335722662216), ([[703, 519], [769, 519], [769, 611], [703, 611]], '육', 0.791800280938336), ([[181, 629], [213, 629], [213, 647], [181, 647]], '또 ~', 0.9973673098923693), ([[163, 647], [228, 647], [228, 675], [163, 675]], '도중에', 0.9975125789526739), ([[174, 672], [218, 672], [218, 698], [174, 698]], '뽑어', 0.4915308764960501), ([[164, 694], [226, 694], [226, 722], [164, 722]], '버럿군', 0.6375327827578549), ([[727, 668], [764, 668], [764, 771], [727, 771]], '}', 0.6470800200477242), ([[76, 966], [140, 966], [140, 994], [76, 994]], '벌이다', 0.9999651055452524)]
[([[642, 96], [692, 96], [692, 128], [642, 128]], '으흙', 0.06725411186087567), ([[18, 164], [64, 164], [64, 192], [18, 192]], '으분', 0.33594703796414727), ([[181, 317], [221, 317], [221, 401], [181, 401]], '@', 0.009105594062092104), ([[425, 319], [461, 319], [461, 367], [425, 367]], "{'", 0.27558112461316064), ([[554, 338], [580, 338], [580, 368], [554, 368]], '붙', 0.019842380950324534), ([[441, 489], [461, 489], [461, 513], [441, 513]], '욕', 0.9913662675627535), ([[3, 719], [90, 719], [90, 1064], [3, 1064]], '출', 0.517394250495272), ([[572, 808], [676, 808], [676, 954], [572, 954]], '"소', 0.015231070709939874), ([[500, 1056], [548, 1056], [548, 1084], [500, 1084]], '우우', 0.9571320286248611), ([[17.300930018281246, 294.0306022084062], [81.61688451106534, 286.44011141247796], [95.69906998171875, 423.9693977915938], [31.38311548893467, 431.55988858752204]], '풀', 0.09740582909345452), ([[678.4202018956436, 301.0280795251289], [728.302752293578, 307.9908256880734], [711.5797981043564, 415.9719204748711], [661.697247706422, 409.0091743119266]], ']"', 0.1303679510440585), ([[732.449583267077, 723.0189573726161], [793.1867881025632, 733.1830501406982], [767.550416732923, 883.9810426273839], [706.8132118974368, 873.8169498593018]], '#', 0.04740635316786013)]
[([[445, 111], [491, 111], [491, 129], [445, 129]], '크크크', 0.6258093118667603), ([[42, 142], [126, 142], [126, 166], [42, 166]], '안에 쌓인', 0.654694152492495), ([[53, 160], [113, 160], [113, 186], [53, 186]], '액체는', 0.6698964873094589), ([[306, 170], [450, 170], [450, 194], [306, 194]], '그 맘은 관장액은', 0.6747813504521771), ([[24, 182], [144, 182], [144, 206], [24, 206]], '자지의 자극에', 0.9868424746292136), ([[314, 190], [442, 190], [442, 216], [314, 216]], '한번 뽑는 결론', 0.4399030635964532), ([[24, 204], [146, 204], [146, 228], [24, 228]], '더 날귀게 된다', 0.6111483622475817), ([[314, 212], [442, 212], [442, 236], [314, 236]], '전부 안 빠지지', 0.8475510708628672), ([[213, 381], [280, 381], [280, 588], [213, 588]], '8', 0.6959643657929782), ([[711, 471], [769, 471], [769, 507], [711, 507]], '배설', 0.9999602136068284), ([[42, 676], [100, 676], [100, 700], [42, 700]], '이래선', 0.9996719159793792), ([[40, 698], [100, 698], [100, 722], [40, 722]], '박살날', 0.9992590612867462), ([[657, 701], [719, 701], [719, 737], [657, 737]], '십입', 0.39460039578480727), ([[29, 716], [114, 716], [114, 742], [29, 742]], '때까지 안', 0.9795655440334317), ([[206, 724], [268, 724], [268, 748], [206, 748]], '거기다', 0.9998732933016313), ([[22, 738], [118, 738], [118, 764], [22, 764]], '끝나켓는데', 0.5389087999608099), ([[225, 749], [247, 749], [247, 767], [225, 767]], '또', 0.999846583528953), ([[196, 768], [276, 768], [276, 794], [196, 794]], '온수관장', 0.9988895654678345), ([[228, 918], [276, 918], [276, 942], [228, 942]], '아아', 0.9999899690647899), ([[13, 923], [84, 923], [84, 962], [13, 962]], '1아야', 0.3156623873314271), ([[14, 962], [68, 962], [68, 990], [14, 990]], '아이', 0.9318185712096116), ([[652, 1012], [736, 1012], [736, 1038], [652, 1038]], '민감해진', 0.987136960029602), ([[660, 1036], [726, 1036], [726, 1062], [660, 1062]], '장벽올', 0.9697224599037101), ([[641, 1056], [746, 1056], [746, 1085], [641, 1085]], '화주지않고', 0.5024842224794404), ([[652, 1082], [736, 1082], [736, 1108], [652, 1108]], '괴롭히지', 0.9993998408317566)]
[([[631, 122], [712, 122], [712, 150], [631, 150]], '지구 시간', 0.7749211097000801), ([[634, 148], [708, 148], [708, 172], [634, 172]], '1개월 후', 0.7495873620133917), ([[68, 156], [100, 156], [100, 196], [68, 196]], '응', 0.9992419726243043), ([[56, 440], [106, 440], [106, 470], [56, 470]], '으웃', 0.6602271080582431), ([[50, 872], [104, 872], [104, 904], [50, 904]], '미안', 0.9990459287078773), ([[48, 902], [104, 902], [104, 934], [48, 934]], '햇다', 0.6822071098072979)]
[([[227, 99], [263, 99], [263, 119], [227, 119]], '물론', 0.9999743281268993), ([[400, 94], [472, 94], [472, 118], [400, 118]], '우리들은', 0.9998660683631897), ([[682, 96], [756, 96], [756, 120], [682, 120]], '네 말대로', 0.9691473194140903), ([[200, 116], [290, 116], [290, 140], [200, 140]], '몸과 기억은', 0.9604854429385095), ([[333, 125], [369, 125], [369, 143], [333, 143]], '네가', 0.9998264436893965), ([[703, 119], [737, 119], [737, 135], [703, 135]], '너는', 0.49823729276304346), ([[208, 134], [284, 134], [284, 158], [208, 158]], '그 당시의', 0.9998507783558285), ([[316, 142], [386, 142], [386, 166], [316, 166]], '원한다면', 0.7302829027175903), ([[398, 134], [472, 134], [472, 158], [398, 158]], '해야켓지', 0.9882403612136841), ([[676, 132], [762, 132], [762, 158], [676, 158]], '금빛어둥이', 0.8698260242787131), ([[218, 154], [274, 154], [274, 178], [218, 178]], '상태다', 0.6125550175219553), ([[319, 161], [385, 161], [385, 181], [319, 181]], '우리한테', 0.7927280068397522), ([[693, 153], [745, 153], [745, 173], [693, 173]], '아보다', 0.3610952824388524), ([[307, 181], [395, 181], [395, 201], [307, 201]], '당하기 전의', 0.9638241997959619), ([[317, 199], [383, 199], [383, 219], [317, 219]], '시간으로', 0.9993991255760193), ([[316, 216], [386, 216], [386, 240], [316, 240]], '돌려주지', 0.9999144077301025), ([[681, 331], [745, 331], [745, 351], [681, 351]], '붙잡히기', 0.9995856881141663), ([[190, 342], [252, 342], [252, 368], [190, 368]], '원하는', 0.6934226924963984), ([[673, 351], [755, 351], [755, 369], [673, 369]], '전의 상태로', 0.7737039518713701), ([[200, 366], [244, 366], [244, 390], [200, 390]], '쪽올', 0.9629430304452417), ([[577, 371], [639, 371], [639, 391], [577, 391]], '우리들과', 0.9876776337623596), ([[670, 364], [754, 364], [754, 388], [670, 388]], '{돌아걀 건지', 0.34146825524963204), ([[92, 396], [134, 396], [134, 422], [92, 422]], '나는', 0.9880305644797591), ([[190, 388], [254, 388], [254, 414], [190, 414]], '골라라', 0.8412038194821782), ([[575, 389], [639, 389], [639, 409], [575, 409]], '있흘건지', 0.22346614301204681), ([[316, 546], [340, 546], [340, 570], [316, 570]], '하', 0.9999279988851981), ([[164, 648], [244, 648], [244, 680], [164, 680]], '하아양', 0.7735061388459532), ([[407.2572186472918, 110.14304661822948], [464.9499291070518, 117.55527932646187], [461.7427813527082, 138.85695338177052], [404.0500708929482, 131.44472067353811]], "'사죄틀", 0.6261603236198425)]
[([[350, 88], [402, 88], [402, 118], [350, 118]], '하웃', 0.8082304467081937), ([[646, 114], [696, 114], [696, 144], [646, 144]], '아항', 0.9883346470476843), ([[390, 586], [438, 586], [438, 618], [390, 618]], '아응', 0.977999931024094), ([[280, 674], [312, 674], [312, 700], [280, 700]], '아', 0.9999715091827319), ([[0, 811], [43, 811], [43, 983], [0, 983]], '야', 0.028112523200008788), ([[4.150281422675826, 147.0912945443088], [90.93402459585178, 165.2765012237514], [81.84971857732417, 200.9087054556912], [-3.9340245958517817, 182.7234987762486]], '아하양', 0.8373496659668074), ([[613.4654469694149, 259.0286568155586], [653.962938102756, 252.09360109548146], [671.5345530305851, 361.9713431844414], [631.037061897244, 368.90639890451854]], '잘', 0.0036935594926661985)]
[([[292, 76], [340, 76], [340, 102], [292, 102]], "'하옥", 0.8797775882340829), ([[38, 142], [102, 142], [102, 168], [38, 168]], '자지름', 0.19868398902317227), ([[44, 166], [100, 166], [100, 190], [44, 190]], '2개나', 0.9836747948379048), ([[391, 255], [466, 255], [466, 294], [391, 294]], '하인', 0.7751407843741549), ([[403, 295], [439, 295], [439, 333], [403, 333]], '우', 0.99997508541367), ([[52, 418], [102, 418], [102, 450], [52, 450]], '문지', 0.6521012680689617), ([[54, 444], [102, 444], [102, 472], [54, 472]], '르고', 0.695117154487777), ([[363, 517], [477, 517], [477, 605], [363, 605]], '{("', 0.3423962062156015), ([[636, 712], [717, 712], [717, 763], [636, 763]], '(하극', 0.9997123148902317), ([[377, 805], [443, 805], [443, 873], [377, 873]], '(학', 0.8990067380388962), ([[272.99099080900555, 330.1747742652155], [330.9248936605777, 340.3329189896928], [326.00900919099445, 363.8252257347845], [268.0751063394223, 354.6670810103072]], '뜨거위', 0.7064369614156985), ([[280.9563638994289, 593.1385464278869], [347.80628217150786, 603.7702780676667], [342.0436361005711, 637.8614535721131], [275.19371782849214, 627.2297219323333]], '안으', 0.9550943843697673), ([[21.132278168725374, 883.0952517592642], [111.91556333052156, 899.1824647991218], [103.86772183127462, 935.9047482407358], [13.084436669478432, 919.8175352008782]], '(하아양', 0.7494661400798148), ([[265.9820268028814, 948.1317018509494], [335.8266955217154, 959.8353535368692], [329.0179731971186, 993.8682981490506], [259.1733044782846, 983.1646464631308]], '하으', 0.9989386545143102)]
[([[592, 52], [648, 52], [648, 112], [592, 112]], '하', 0.999686384951648), ([[0, 90], [109, 90], [109, 166], [0, 166]], '아아', 0.9995962570674413), ([[0, 159], [112, 159], [112, 226], [0, 226]], '아아', 0.9999677156666809), ([[400, 712], [550, 712], [550, 880], [400, 880]], '늙', 0.13125939585244684), ([[716, 1036], [764, 1036], [764, 1086], [716, 1086]], '애', 0.4855161100097263), ([[21.076923076923077, 239.3846153846154], [106.0, 226.0], [110.92307692307692, 272.61538461538464], [26.0, 286.0]], '~~!', 0.9429865479469299)]
[([[82, 104], [144, 104], [144, 128], [82, 128]], '지금은', 0.9945648908615112), ([[70, 126], [156, 126], [156, 152], [70, 152]], '자기 이름', 0.4362517746939202), ([[475, 113], [533, 113], [533, 149], [475, 149]], "'아맛", 0.30731641718296393), ([[583, 131], [623, 131], [623, 151], [583, 151]], '저기', 0.9999982298328214), ([[629, 135], [669, 135], [669, 151], [629, 151]], '이 애', 0.6303185317244658), ([[685, 128], [770, 128], [770, 156], [685, 156]], '지구 시간', 0.9962594954455184), ([[83, 149], [145, 149], [145, 169], [83, 169]], '이라도', 0.9992650485144067), ([[588, 150], [662, 150], [662, 174], [588, 174]], '지구에선', 0.5229259133338928), ([[686, 154], [742, 154], [742, 180], [686, 180]], '3개월', 0.9989857184946125), ([[73, 171], [153, 171], [153, 191], [73, 191]], '기억하고', 0.9994165897369385), ([[577, 169], [677, 169], [677, 193], [577, 193]], '우수랫다며?', 0.2551876230370082), ([[74, 192], [154, 192], [154, 218], [74, 218]], '있으려나', 0.9972511529922485), ([[50, 310], [114, 310], [114, 336], [50, 336]], '말조차', 0.999860285511384), ([[50, 334], [114, 334], [114, 358], [50, 358]], '제대로', 0.999996902852449), ([[36, 356], [128, 356], [128, 384], [36, 384]], '못 하느데', 0.504132235279585), ([[586, 380], [630, 380], [630, 406], [586, 406]], '그행', 0.14508070000873838), ([[586, 402], [630, 402], [630, 426], [586, 426]], '나보', 0.6744686320947595), ([[586, 876], [628, 876], [628, 902], [586, 902]], '아웃', 0.5112619315962357), ([[664, 877], [743, 877], [743, 909], [664, 909]], '하지만', 0.9999220899231771), ([[670, 906], [742, 906], [742, 934], [670, 934]], '행복해', 0.932042121887207), ([[670, 934], [742, 934], [742, 958], [670, 958]], '보이네', 0.5272992849349976), ([[90, 964], [166, 964], [166, 990], [90, 990]], '크크크', 0.9991239714391477), ([[205, 965], [249, 965], [249, 985], [205, 985]], '아아', 0.9999563361441531), ([[489.48466994708195, 329.0221713861504], [535.3015827469119, 324.14287763889627], [550.5153300529181, 456.9778286138496], [504.69841725308805, 461.85712236110373]], '{"', 0.014952679146006969)]
[([[28, 151], [131, 151], [131, 187], [28, 187]], '638', 0.016447576203622836), ([[27, 189], [271, 189], [271, 249], [27, 249]], '콤면83활님`훌활주', 2.2595935869528313e-06), ([[26, 250], [138, 250], [138, 304], [26, 304]], '[연지지', 0.006065405905246735), ([[35, 277], [55, 277], [55, 301], [35, 301]], '보', 0.35509645379308097), ([[108, 250], [456, 250], [456, 306], [108, 306]], '완요렉화니`3매교물', 8.374990047305537e-05), ([[106, 305], [439, 305], [439, 368], [106, 368]], '묘요또`요3@ 다1333리3@', 0.00010886147513769405), ([[27, 365], [363, 365], [363, 451], [27, 451]], '임뚱운``또`또', 2.993661260518531e-05), ([[179, 399], [231, 399], [231, 419], [179, 419]], '9:', 0.3894455643798278), ([[32, 452], [326, 452], [326, 482], [32, 482]], '88823오@31:뒷30', 0.00036721894795170747), ([[30, 512], [110, 512], [110, 542], [30, 542]], '[매워', 0.0024592177195602626)]
[([[136, 526], [232, 526], [232, 556], [136, 556]], '11423', 0.015135299116841376), ([[169, 547], [401, 547], [401, 579], [169, 579]], '숨국시  브통다책틈육', 0.00022237292823461155), ([[136, 594], [188, 594], [188, 624], [136, 624]], '%7', 0.03048420805387164), ([[248, 592], [468, 592], [468, 624], [248, 624]], '*1하 (#내니퍼촌)', 0.09769176457322429), ([[134, 613], [211, 613], [211, 649], [134, 649]], '조기출', 0.014022724884014307), ([[270, 616], [424, 616], [424, 646], [270, 646]], '로붕 ((3:)', 0.049672531346261754), ([[138, 640], [210, 640], [210, 670], [138, 670]], ' 미탁', 0.010548836710872707), ([[272, 638], [414, 638], [414, 670], [272, 670]], '타#소니중 초', 0.024081848083612134), ([[136, 662], [208, 662], [208, 692], [136, 692]], '독둘지', 0.0018460040870840872), ([[274, 662], [512, 662], [512, 692], [274, 692]], "20138 851'타", 0.06112617814649127), ([[136, 728], [304, 728], [304, 760], [136, 760]], '#렇이#내한#', 0.002189061570565855), ([[316, 728], [660, 728], [660, 760], [316, 760]], '#빛  #물; 구소스0707', 0.06517788872864226), ([[138, 750], [628, 750], [628, 782], [138, 782]], '요주 007-39 3) ^0헌퓨분<요다&굳0', 0.002026333655041792), ([[136, 796], [278, 796], [278, 828], [136, 828]], '*152미9', 0.1903164269182314), ([[146, 820], [514, 820], [514, 848], [146, 848]], '훌++오://깜치;칭;도.`;6|어839 {후2 네아떠/', 2.31228205211438e-06), ([[147, 842], [336, 842], [336, 872], [147, 872]], '(터0<1 [출[]', 0.01416075121639318), ([[348, 842], [536, 842], [536, 872], [348, 872]], '[*표하] 더~축)', 0.020424128586671624), ([[138, 888], [252, 888], [252, 916], [138, 916]], '그012+-', 0.17303292511901366), ([[136, 910], [435, 910], [435, 938], [136, 938]], '훌++오://-비;++아, 네어물/}라`히683', 2.568451448253208e-05), ([[138, 956], [300, 956], [300, 984], [138, 984]], '*-사가녀7', 0.021246049668765216), ([[136, 978], [446, 978], [446, 1006], [136, 1006]], '라`염퍽풍어리;웬;`.*;@훨안어형 네0. ;명', 1.3464753432934037e-07)]
[([[94, 8], [318, 8], [318, 84], [94, 84]], '혜라플기린물-턱', 0.00019063231957300154), ([[471, 12], [540, 12], [540, 52], [471, 52]], '함께=', 0.05998905661140792), ([[681, 9], [895, 9], [895, 53], [681, 53]], '국하교 엔습내다', 0.029205809209801054), ([[162, 2], [693, 2], [693, 118], [162, 118]], '캠_로다{어 - 말리로럴관틈', 1.0553952438744928e-06), ([[500, 74], [674, 74], [674, 106], [500, 106]], '그러실 의사가', 0.9945378204470866), ([[633, 34], [768, 34], [768, 113], [633, 113]], '유중승 ]', 0.013867706960349727), ([[727, 43], [843, 43], [843, 79], [727, 79]], '상관없고', 0.7751280292111211), ([[760, 70], [812, 70], [812, 102], [760, 102]], '분은', 0.989907157321355), ([[126, 99], [867, 99], [867, 140], [126, 140]], '때_]오_]오표$-@되시+악리어_~"으로 메일올 연락해주제쇼', 6.375824197182657e-06), ([[163, 416], [852, 416], [852, 464], [163, 464]], '실터기와 유 하눈 {한되 옛날에 꼼찍히 꽂이 뱃', 0.004586682387022945), ([[110, 456], [894, 456], [894, 506], [110, 506]], '캐릭터 중 헌명이 지요. 단돼돈  % 편이 훨 보제 중예 &', 0.0047366636984005695), ([[122, 537], [890, 537], [890, 586], [122, 586]], '권데 @ 만화의 캐릭레물운 [-플젠전문이맑}교 해이하-~}66@', 0.0006804473738894912), ([[176, 575], [834, 575], [834, 626], [176, 626]], '예잡에 (춘73 @ 콤편 택체문 안쿠내교 당연하', 0.0023143260024626137), ([[288, 618], [722, 618], [722, 668], [288, 668]], '꼴7:로 틀예기 훨제관세문@@', 0.008113792532422138), ([[238, 696], [774, 696], [774, 751], [238, 751]], '얘컨에 리로7 간의 중잎 품똑따따 예에.', 0.005509346717922517)]
