662634
31
[([[128, 80], [396, 80], [396, 224], [128, 224]], '슈동개', 0.033413241807482605), ([[143, 211], [310, 211], [310, 324], [143, 324]], '@물', 0.6312419750739625), ([[150, 316], [320, 316], [320, 436], [150, 436]], '접책', 0.3478698052116668), ([[185, 477], [285, 477], [285, 541], [185, 541]], '서방!', 0.0010083279102015947), ([[937, 899], [1053, 899], [1053, 959], [937, 959]], '당센로', 0.41697014947975525), ([[953, 951], [1037, 951], [1037, 1011], [953, 1011]], '빨레', 0.355428145036564), ([[934, 1001], [1057, 1001], [1057, 1066], [934, 1066]], '틀아싹', 0.034389006183474846)]
[([[128, 80], [396, 80], [396, 224], [128, 224]], '슈동개', 0.03373382750659032), ([[143, 211], [310, 211], [310, 324], [143, 324]], '@물', 0.6338909762298205), ([[150, 316], [320, 316], [320, 436], [150, 436]], '접책', 0.3482672618292042), ([[185, 477], [285, 477], [285, 541], [185, 541]], '서생!', 0.0018574575765029544), ([[937, 899], [1053, 899], [1053, 959], [937, 959]], '당센로', 0.4027061671831133), ([[953, 949], [1037, 949], [1037, 1009], [953, 1009]], '빨리', 0.4736467870444366), ([[934, 1001], [1057, 1001], [1057, 1066], [934, 1066]], '틀아싹', 0.03879436792042342)]
[([[325, 187], [491, 187], [491, 249], [325, 249]], '추운 날의', 0.7206725968949228), ([[348, 241], [470, 241], [470, 301], [348, 301]], '온전은', 0.6732402495204932), ([[333, 295], [483, 295], [483, 355], [333, 355]], '각별하네', 0.9829001426696777)]
[([[687, 745], [811, 745], [811, 809], [687, 809]], '당신은 ', 0.48394468426704407), ([[641, 799], [849, 799], [849, 863], [641, 863]], '달과나 중에', 0.7461378415251179), ([[683, 851], [809, 851], [809, 917], [683, 917]], '무엇올', 0.3657061851808851), ([[655, 907], [839, 907], [839, 969], [655, 969]], '보둥더야? ', 0.1281992290050331)]
[([[222, 836], [314, 836], [314, 884], [222, 884]], '명청이 ', 0.2824813723564148), ([[214, 874], [326, 874], [326, 922], [214, 922]], '옷구멍이', 0.05300428318943556), ([[178, 910], [358, 910], [358, 958], [178, 958]], '벌렁벌렁한디하', 0.07145885967680443)]
[([[175, 1233], [375, 1233], [375, 1295], [175, 1295]], '조금 취하네', 0.9787727013147929)]
[([[247, 399], [379, 399], [379, 463], [247, 463]], '@무휴', 0.02881340817687541), ([[161, 449], [462, 449], [462, 518], [161, 518]], '텔기대하늄거야?', 0.09048023578808427)]
[([[528, 56], [616, 56], [616, 86], [528, 86]], '몇 + -', 0.632615224474726), ([[526, 110], [586, 110], [586, 142], [526, 142]], '활요', 0.024916182672576715), ([[432, 138], [684, 138], [684, 170], [432, 170]], '[붉(한0*25#*]', 0.016483899559061002), ([[516, 192], [598, 192], [598, 224], [516, 224]], '-수 타', 0.1401358495239368), ([[446, 218], [670, 218], [670, 248], [446, 248]], '-어값;- 4리,혼서+ 85', 0.00019252482834460196), ([[472, 246], [640, 246], [640, 278], [472, 278]], '(2013.12.31)', 0.6175596427217378), ([[516, 302], [600, 302], [600, 332], [516, 332]], '태] 섭 익&', 0.0013049549800537436), ([[478, 328], [636, 328], [636, 360], [478, 360]], '4=7 <"5**', 0.009463974858366045), ([[528, 384], [586, 384], [586, 414], [528, 414]], '주수', 0.025410483892531935), ([[458, 410], [654, 410], [654, 442], [458, 442]], '7:;4 { 주)수)', 0.031936051706692066), ([[364, 464], [748, 464], [748, 496], [364, 496]], '^++오:/;-미;어서마_서7*뉴웬2<어값', 8.224531055379827e-08), ([[388, 488], [723, 488], [723, 526], [388, 526]], '리;;-미하|서,_서탁@9가리;|.어값', 4.6500059342797735e-07), ([[406, 544], [710, 544], [710, 574], [406, 574]], '18 #* ;품 0 콤돌; # 기 부-', 0.011406943351143943), ([[422, 571], [698, 571], [698, 603], [422, 603]], "## 후도스' #박 #질 철-", 0.01558102627772485), ([[343, 597], [773, 597], [773, 627], [343, 627]], '요트3^0797마-+,디소틱 0 축-', 0.0005134905593908063), ([[372, 662], [750, 662], [750, 694], [372, 694]], "9홀렉: {상천 8 '염50<8필초화", 0.0004643323836661461)]
[]
[([[453, 483], [509, 483], [509, 523], [453, 523]], '6)', 0.0005673934893016386)]
[]
[]
[]
[]
[]
[([[528, 56], [616, 56], [616, 86], [528, 86]], '몇 + -', 0.632615224474726), ([[526, 110], [586, 110], [586, 142], [526, 142]], '활요', 0.024916182672576715), ([[432, 138], [684, 138], [684, 170], [432, 170]], '[붉(한0*25#*]', 0.016483899559061002), ([[516, 192], [598, 192], [598, 224], [516, 224]], '-수 타', 0.1401358495239368), ([[446, 218], [670, 218], [670, 248], [446, 248]], '-어값;- 4리,혼서+ 85', 0.00019252482834460196), ([[472, 246], [640, 246], [640, 278], [472, 278]], '(2013.12.31)', 0.6175596427217378), ([[516, 302], [600, 302], [600, 332], [516, 332]], '태] 섭 익&', 0.0013049549800537436), ([[478, 328], [636, 328], [636, 360], [478, 360]], '4=7 <"5**', 0.009463974858366045), ([[528, 384], [586, 384], [586, 414], [528, 414]], '주수', 0.025410483892531935), ([[458, 410], [654, 410], [654, 442], [458, 442]], '7:;4 { 주)수)', 0.031936051706692066), ([[364, 464], [748, 464], [748, 496], [364, 496]], '^++오:/;-미;어서마_서7*뉴웬2<어값', 8.224531055379827e-08), ([[388, 488], [723, 488], [723, 526], [388, 526]], '리;;-미하|서,_서탁@9가리;|.어값', 4.6500059342797735e-07), ([[406, 544], [710, 544], [710, 574], [406, 574]], '18 #* ;품 0 콤돌; # 기 부-', 0.011406943351143943), ([[422, 571], [698, 571], [698, 603], [422, 603]], "## 후도스' #박 #질 철-", 0.01558102627772485), ([[343, 597], [773, 597], [773, 627], [343, 627]], '요트3^0797마-+,디소틱 0 축-', 0.0005134905593908063), ([[372, 662], [750, 662], [750, 694], [372, 694]], "9홀렉: {상천 8 '염50<8필초화", 0.0004643323836661461)]
[([[358, 231], [1069, 231], [1069, 607], [358, 607]], '슈동되', 0.08295013221495198), ([[408, 597], [850, 597], [850, 888], [408, 888]], '@물', 0.05163337078135863), ([[421, 869], [872, 869], [872, 1199], [421, 1199]], '접책', 0.695392239389147), ([[513, 1320], [779, 1320], [779, 1497], [513, 1497]], '서.8', 0.00135260673755848), ([[2584, 2480], [2903, 2480], [2903, 2641], [2584, 2641]], '등신로', 0.18482883635128872), ([[2629, 2625], [2855, 2625], [2855, 2789], [2629, 2789]], '빨레', 0.3730033365510538), ([[2579, 2766], [2907, 2766], [2907, 2938], [2579, 2938]], '둘아싹', 0.0006652197907518186)]
[([[904, 521], [1354, 521], [1354, 682], [904, 682]], '추운 날의', 0.6931680723356707), ([[970, 669], [1303, 669], [1303, 830], [970, 830]], '온전은', 0.7709524621764157), ([[925, 805], [1337, 805], [1337, 982], [925, 982]], '각별하네', 0.9781469702720642)]
[([[1893, 2058], [2231, 2058], [2231, 2231], [1893, 2231]], '당신은 ', 0.9158371686935425), ([[1769, 2203], [2345, 2203], [2345, 2380], [1769, 2380]], '달과나 중에', 0.45806700458957256), ([[1886, 2352], [2231, 2352], [2231, 2525], [1886, 2525]], '무엇올', 0.45659063625035795), ([[1804, 2496], [2317, 2496], [2317, 2678], [1804, 2678]], '보둥거야?', 0.17989649814190103)]
[([[573, 2156], [806, 2156], [806, 2267], [573, 2267]], '명청이', 0.7068286466886888), ([[548, 2248], [835, 2248], [835, 2374], [548, 2374]], '못구멍이', 0.09457258135080338), ([[462, 2344], [923, 2344], [923, 2464], [462, 2464]], '벌렁벌렁한리차', 0.007720714033684921)]
[([[481, 3391], [1034, 3391], [1034, 3574], [481, 3574]], '조금 취하네', 0.9982577461036823)]
[([[680, 1096], [1023, 1096], [1023, 1256], [680, 1256]], '@무휴', 0.053285867911609545), ([[442, 1231], [1258, 1231], [1258, 1411], [442, 1411]], '물기대하늄거야?', 0.23073573255937743)]
[([[1458, 148], [1704, 148], [1704, 238], [1458, 238]], '및 + -', 0.42426410204405673), ([[1462, 303], [1621, 303], [1621, 389], [1462, 389]], '육속', 0.0007996793565682562), ([[1195, 374], [1891, 374], [1891, 473], [1195, 473]], '[류1+한0*25#5주]', 0.03134623883247634), ([[1427, 531], [1648, 531], [1648, 617], [1427, 617]], '출수 타', 0.04290762171149254), ([[1230, 599], [1852, 599], [1852, 686], [1230, 686]], '-어값- 찬리마유서+ 85', 0.00016691935173762147), ([[1310, 679], [1769, 679], [1769, 765], [1310, 765]], '(2013.12.31)', 0.9978036584562329), ([[1428, 832], [1651, 832], [1651, 913], [1428, 913]], '티] 상터주', 0.010407986688277412), ([[1327, 903], [1755, 903], [1755, 993], [1327, 993]], '7=2 ^"가**', 0.008341222496776914), ([[1462, 1055], [1621, 1055], [1621, 1141], [1462, 1141]], '쭉수', 0.03485533358507291), ([[1272, 1127], [1807, 1127], [1807, 1214], [1272, 1214]], '7;4 { 주각수)', 0.08201431797901025), ([[1002, 1268], [2074, 1268], [2074, 1369], [1002, 1369]], "훌'+오:/리;;도라;응.,응서7*8표2.표어교", 2.5315044638221127e-07), ([[1074, 1347], [1998, 1347], [1998, 1445], [1074, 1445]], '리;도리응서,간서마@9가리;|<어값', 2.0332915457473458e-07), ([[1120, 1496], [1962, 1496], [1962, 1583], [1120, 1583]], "18 #* ;# 0 콤돌' #기통 :-", 0.018781393807675708), ([[1165, 1576], [1921, 1576], [1921, 1662], [1165, 1662]], "# @ #스' #박 #훨 철 -", 0.00808033057623371), ([[951, 1645], [2135, 1645], [2135, 1731], [951, 1731]], '요서3^079가미-+저리 소끓 0 총-', 0.0014168601481374546), ([[1031, 1824], [2069, 1824], [2069, 1914], [1031, 1914]], '{홀렉: { # #류 6 #50<8신초화', 0.0011518343670684006)]
[([[251, 3993], [476, 3993], [476, 4215], [251, 4215]], '벼', 0.02942530429365675)]
[]
[]
[]
[]
[]
[]
[([[1458, 148], [1704, 148], [1704, 238], [1458, 238]], '및 + -', 0.42426410204405673), ([[1462, 303], [1621, 303], [1621, 389], [1462, 389]], '육속', 0.0007996793565682562), ([[1195, 374], [1891, 374], [1891, 473], [1195, 473]], '[류1+한0*25#5주]', 0.03134623883247634), ([[1427, 531], [1648, 531], [1648, 617], [1427, 617]], '출수 타', 0.04290762171149254), ([[1230, 599], [1852, 599], [1852, 686], [1230, 686]], '-어값- 찬리마유서+ 85', 0.00016691935173762147), ([[1310, 679], [1769, 679], [1769, 765], [1310, 765]], '(2013.12.31)', 0.9978036584562329), ([[1428, 832], [1651, 832], [1651, 913], [1428, 913]], '티] 상터주', 0.010407986688277412), ([[1327, 903], [1755, 903], [1755, 993], [1327, 993]], '7=2 ^"가**', 0.008341222496776914), ([[1462, 1055], [1621, 1055], [1621, 1141], [1462, 1141]], '쭉수', 0.03485533358507291), ([[1272, 1127], [1807, 1127], [1807, 1214], [1272, 1214]], '7;4 { 주각수)', 0.08201431797901025), ([[1002, 1268], [2074, 1268], [2074, 1369], [1002, 1369]], "훌'+오:/리;;도라;응.,응서7*8표2.표어교", 2.5315044638221127e-07), ([[1074, 1347], [1998, 1347], [1998, 1445], [1074, 1445]], '리;도리응서,간서마@9가리;|<어값', 2.0332915457473458e-07), ([[1120, 1496], [1962, 1496], [1962, 1583], [1120, 1583]], "18 #* ;# 0 콤돌' #기통 :-", 0.018781393807675708), ([[1165, 1576], [1921, 1576], [1921, 1662], [1165, 1662]], "# @ #스' #박 #훨 철 -", 0.00808033057623371), ([[951, 1645], [2135, 1645], [2135, 1731], [951, 1731]], '요서3^079가미-+저리 소끓 0 총-', 0.0014168601481374546), ([[1031, 1824], [2069, 1824], [2069, 1914], [1031, 1914]], '{홀렉: { # #류 6 #50<8신초화', 0.0011518343670684006)]
