671060
18
[([[109, 623], [133, 623], [133, 643], [109, 643]], "오'", 0.4384701808340555), ([[126, 638], [158, 638], [158, 662], [126, 662]], '2', 0.23281104016383836)]
[([[596, 34], [656, 34], [656, 82], [596, 82]], '이건', 0.9519642371608299), ([[504, 582], [548, 582], [548, 612], [504, 612]], '까득', 0.8813022712977647), ([[150, 926], [188, 926], [188, 954], [150, 954]], '빨리', 0.9997426610422517), ([[201, 929], [233, 929], [233, 947], [201, 947]], '이길', 0.30453243111330336), ([[143, 963], [205, 963], [205, 983], [143, 983]], '모퉁해', 0.13850851620007032), ([[206.43826238111393, 961.7506099048911], [275.80572103764786, 951.1401328392153], [278.56173761888607, 972.2493900951089], [209.19427896235214, 982.8598671607847]], '옆리 켓니', 0.12007869638925169)]
[([[14, 52], [140, 52], [140, 148], [14, 148]], '에?', 0.9961263769123766), ([[503, 499], [573, 499], [573, 535], [503, 535]], '저건?', 0.9387397194548653), ([[429, 619], [473, 619], [473, 661], [429, 661]], '@은', 0.16196230878872342)]
[([[513, 125], [591, 125], [591, 163], [513, 163]], "'우0", 0.2210124140324727), ([[1, 179], [63, 179], [63, 217], [1, 217]], '짐_', 0.2207481276961946), ([[-3.5949044456578, 230.33171977498705], [92.58573028856654, 222.2272794078997], [94.5949044456578, 260.66828022501295], [-3.5857302885665443, 269.7727205921003]], '드니개?', 0.3548791706562042), ([[198.54697301067944, 379.0519839459216], [219.36417852036462, 374.0334359900311], [233.45302698932056, 425.9480160540784], [213.63582147963538, 431.9665640099689]], '풀', 0.2457833790504651), ([[549.3576165455737, 910.1430466182295], [624.8788930964546, 870.9119718030344], [645.6423834544263, 909.8569533817705], [569.1211069035454, 950.0880281969656]], '곁 주육', 0.16101034717893495)]
[]
[([[318, 524], [445, 524], [445, 578], [318, 578]], '굳인임`', 0.02812706120312214), ([[317, 577], [437, 577], [437, 617], [317, 617]], '빨리 도";길!', 0.056968351371844445), ([[176, 708], [476, 708], [476, 812], [176, 812]], '나으나4 역"', 0.006444133574295885), ([[561, 757], [700, 757], [700, 847], [561, 847]], '사재님@', 0.11038030683994293), ([[10.029857499854668, 420.1194299994187], [74.77088909191748, 430.6656853982446], [66.97014250014533, 467.8805700005813], [2.2291109080825144, 456.3343146017554]], '운거', 0.004260755310021189), ([[209.1210468075817, 484.0778621224576], [287.8292141861733, 504.70435716956325], [274.8789531924183, 549.9221378775424], [196.17078581382665, 529.2956428304368]], "'", 0.04378397983288451)]
[([[111, 44], [226, 44], [226, 123], [111, 123]], '은', 0.30607647747320144), ([[564, 52], [628, 52], [628, 102], [564, 102]], '7', 0.6924912510095425), ([[208, 488], [290, 488], [290, 566], [208, 566]], '은', 0.08204921381258501)]
[([[423, 45], [668, 45], [668, 158], [423, 158]], '번 * 똑', 0.4468447089416847)]
[([[339, 153], [413, 153], [413, 189], [339, 189]], '떠기능?', 0.2467997968196869)]
[([[191, 249], [387, 249], [387, 291], [191, 291]], '오필리하- 내이그관스', 0.14027244695885807), ([[51, 377], [91, 377], [91, 433], [51, 433]], '배', 0.16143201337186852), ([[378, 458], [456, 458], [456, 486], [378, 486]], '기적기다니', 0.24277729371160064), ([[552, 464], [576, 464], [576, 488], [552, 488]], '이', 0.994845493218012), ([[354, 510], [434, 510], [434, 542], [354, 542]], '엉공이고', 0.35255715250968933), ([[557, 499], [620, 499], [620, 538], [557, 538]], '설마', 0.8369214977584738), ([[5, 579], [143, 579], [143, 624], [5, 624]], '당신은   본명', 0.6085949523364279), ([[96, 630], [148, 630], [148, 660], [96, 660]], '스널', 0.06700691384945257), ([[10, 668], [163, 668], [163, 720], [10, 720]], '태뜰맵대  ', 0.04352452966865962), ([[462, 718], [526, 718], [526, 748], [462, 748]], '이용이', 0.332832161573788), ([[540, 714], [584, 714], [584, 744], [540, 744]], '너름', 0.5184092434615631), ([[463, 753], [632, 753], [632, 797], [463, 797]], '집어 삼기늘 끄이다', 0.16485499498302053), ([[234, 840], [268, 840], [268, 870], [234, 870]], '무', 0.9984811355710832), ([[155, 849], [222, 849], [222, 888], [155, 888]], '크루', 0.41372330051309647), ([[235, 883], [307, 883], [307, 919], [235, 919]], '업잖나', 0.38357157828664584), ([[142, 950], [182, 950], [182, 978], [142, 978]], '지금', 0.8480345976572065), ([[193, 941], [283, 941], [283, 979], [193, 979]], '중요0 긴', 0.02902593427522165), ([[206.2562854188427, 208.5587995863798], [278.60472942637335, 198.5115831849295], [281.7437145811573, 227.4412004136202], [210.39527057362662, 237.4884168150705]], '트디어', 0.9244393812799243), ([[292.07351789077586, 200.10877514125852], [386.9207102826357, 214.2075160067013], [379.92648210922414, 249.89122485874148], [285.0792897173643, 234.7924839932987]], '눈은 또근', 0.1574270441520679), ([[-10.634716327561135, 334.03366652092535], [35.58259978571255, 320.0283521964463], [69.63471632756114, 439.96633347907465], [22.417400214287444, 454.9716478035537]], '틀', 0.20401975334962774), ([[577.9309852784941, 447.448167612687], [677.1676920610834, 431.23769247114245], [683.0690147215059, 478.551832387313], [582.8323079389166, 493.76230752885755]], '목소리논', 0.44837135076522827), ([[1.2562854188427106, 638.5587995863798], [70.66586197116459, 630.6240712406892], [73.74371458115729, 657.4412004136202], [3.3341380288354086, 665.3759287593108]], '그때', 0.866711504250757), ([[270.65835921350015, 834.3167184270003], [331.6134566276113, 830.5269608098918], [332.34164078649985, 859.6832815729997], [271.3865433723887, 864.4730391901082]], '기3온', 0.3741528055637492), ([[144.47893962030983, 899.4141973545267], [225.7459450972683, 892.791784157202], [226.52106037969017, 921.5858026454733], [145.2540549027317, 928.208215842798]], '이 우상간', 0.10661938949389961)]
[([[141, 855], [216, 855], [216, 898], [141, 898]], '친진히', 0.06823007438851349), ([[43, 902], [272, 902], [272, 969], [43, 969]], '은 미개 주도하하기', 0.09331057848831294), ([[56.30930882401475, 878.0402397064162], [116.88923204079312, 861.233714003496], [125.69069117598525, 894.9597602935838], [64.11076795920688, 911.766285996504]], '이제', 0.9987542822441261)]
[]
[([[86, 596], [120, 596], [120, 628], [86, 628]], '0', 0.46672787370022206), ([[181, 601], [279, 601], [279, 661], [181, 661]], '속각0', 0.21045342384727675), ([[462, 658], [570, 658], [570, 710], [462, 710]], '각각0', 0.18534589964512418)]
[([[233, 781], [293, 781], [293, 812], [233, 812]], '-니', 0.020611816086203053)]
[([[6.632605721682729, 105.68978171650483], [126.11256312532595, 14.326488123463383], [204.36739427831728, 117.31021828349517], [84.88743687467405, 208.67351187653662]], '끝', 0.008287150290947842)]
[([[78, 662], [122, 662], [122, 692], [78, 692]], '주무', 0.11337006300526546), ([[490, 672], [684, 672], [684, 792], [490, 792]], '덥 석!', 0.1955857127904892), ([[238.1970684086417, 150.1094462711102], [315.9756449940576, 165.6185070520439], [308.8029315913583, 191.8905537288898], [232.02435500594245, 176.3814929479561]], '터미', 0.12410566182647889)]
[([[261, 787], [365, 787], [365, 825], [261, 825]], '미제 부다', 0.4523860721936019), ([[377, 791], [427, 791], [427, 829], [377, 829]], '너는', 0.5915518530950119), ([[268, 826], [332, 826], [332, 852], [268, 852]], '나 의', 0.312318280452931), ([[398, 830], [454, 830], [454, 862], [398, 862]], '미익', 0.03858772339187717), ([[290, 878], [322, 878], [322, 904], [290, 904]], '오', 0.9996048602467091), ([[325, 879], [445, 879], [445, 923], [325, 923]], '필리기 .', 0.11168456372724786), ([[352.9011154884105, 826.1539042094367], [407.62986762847936, 833.3195057275559], [402.0988845115895, 868.8460957905633], [346.37013237152064, 861.6804942724441]], '인합', 0.06967772896898602)]
[]
