671073
13
[([[702, 96], [726, 96], [726, 130], [702, 130]], '0', 0.9998574307715558), ([[119, 61], [319, 61], [319, 195], [119, 195]], '울생', 0.35595211883936284), ([[459, 168], [642, 168], [642, 293], [459, 293]], '움병', 0.0347511497410919), ([[229, 395], [321, 395], [321, 437], [229, 437]], '["*다)?', 0.04691496717039953)]
[([[44, 226], [150, 226], [150, 282], [44, 282]], '제빨', 0.13997670151996844), ([[26, 607], [200, 607], [200, 706], [26, 706]], '두리번', 0.9885328804590174), ([[677, 991], [739, 991], [739, 1031], [677, 1031]], '이건', 0.6279320793782011), ([[664, 1032], [758, 1032], [758, 1084], [664, 1084]], '뛰냐능', 0.34834246065788993), ([[244.16318886892464, 298.058640969365], [343.8856099270518, 327.8339829389803], [325.83681113107536, 380.941359030635], [226.11439007294817, 351.1660170610197]], '찌핏?', 0.06269666054067427), ([[260.96667006423115, 836.0766894303488], [391.72869578963326, 856.0700639983222], [380.03332993576885, 916.9233105696512], [249.27130421036676, 896.9299360016778]], '두리번', 0.909436289614058)]
[([[405, 143], [484, 143], [484, 171], [405, 171]], '\'지 ""', 0.029358371000529165), ([[308, 220], [358, 220], [358, 244], [308, 244]], '지미히', 0.2240034757948389), ([[518, 390], [575, 390], [575, 420], [518, 420]], '하학', 0.6261825618144009), ([[84, 470], [156, 470], [156, 498], [84, 498]], '법미진5이', 0.14024553814777663), ([[41, 509], [112, 509], [112, 536], [41, 536]], '오나니글', 0.17495823535182525), ([[41, 535], [149, 535], [149, 578], [41, 578]], '하고잇다5?', 0.28770630913354617)]
[([[119, 249], [175, 249], [175, 287], [119, 287]], '주', 0.2876487655479174)]
[([[570, 36], [614, 36], [614, 60], [570, 60]], '지료', 0.2713756886621852), ([[671, 64], [752, 64], [752, 93], [671, 93]], '%던거야?', 0.12797272261968015), ([[224, 633], [269, 633], [269, 660], [224, 660]], "'어때", 0.6262835978363637), ([[278, 634], [362, 634], [362, 664], [278, 664]], '이렇기 터니', 0.12345971617950695), ([[231, 668], [330, 668], [330, 701], [231, 701]], '기분증이-? 0', 0.5120467938631909), ([[454, 644], [651, 644], [651, 745], [454, 745]], '쓰다능@', 0.08227808028459549), ([[128, 964], [192, 964], [192, 1014], [128, 1014]], '법미', 0.5362366867573451), ([[281, 963], [363, 963], [363, 1011], [281, 1011]], '그렇계', 0.9439313344270103), ([[105, 1019], [210, 1019], [210, 1055], [105, 1055]], '예로하개', 0.9072972536087036), ([[222, 1020], [286, 1020], [286, 1052], [222, 1052]], '차면', 0.1140163109519465), ([[296, 1018], [332, 1018], [332, 1050], [296, 1050]], '나', 0.9959182752420794), ([[347, 1009], [397, 1009], [397, 1047], [347, 1047]], '오"', 0.13993174300244446), ([[565.0794468010066, 76.69533616120788], [667.8150293504514, 66.96288392351794], [669.9205531989934, 93.30466383879212], [567.1849706495486, 104.03711607648206]], '날 토치보고', 0.43560259149591596), ([[191.31831801500923, 967.2912904420258], [257.0343141007673, 963.0463057476526], [257.6816819849908, 1004.7087095579742], [192.96568589923274, 1009.9536942523474]], '장 !', 0.23421411507747608)]
[([[276, 358], [324, 358], [324, 384], [276, 384]], '돼지', 0.9949529445063786), ([[348, 356], [408, 356], [408, 382], [348, 382]], '주제해', 0.22915919522592568), ([[279, 397], [346, 397], [346, 425], [279, 425]], '앉이도', 0.3572697635595898), ([[362, 394], [418, 394], [418, 418], [362, 418]], '세네', 0.6645223697356817), ([[86, 894], [116, 894], [116, 920], [86, 920]], '야', 0.9988395959774756), ([[301.21114561800016, 321.4222912360003], [353.10224801484475, 315.4749144065217], [355.78885438199984, 348.5777087639997], [303.89775198515525, 355.5250855934783]], '정말', 0.4631079617765039), ([[496.1135155856441, 340.09946857683417], [561.9060950938557, 357.13836137635536], [552.8864844143559, 391.90053142316583], [486.0939049061443, 373.86163862364464]], '3*0*', 0.07548388093709946), ([[19.46153846153846, 835.3076923076923], [90.44914344197615, 829.9743125816965], [91.53846153846153, 866.6923076923077], [20.55085655802385, 871.0256874183035]], '이번엔', 0.8367813137889355), ([[10.41000317999046, 899.4560050879847], [91.75933450424223, 892.8226839448566], [92.58999682000955, 920.5439949120153], [11.240665495757773, 927.1773160551434]], '내차네', 0.37433634202908445)]
[([[184, 52], [258, 52], [258, 144], [184, 144]], '불', 0.14522860021790596), ([[635, 141], [701, 141], [701, 201], [635, 201]], '끈', 0.9991916860071939), ([[152, 708], [228, 708], [228, 761], [152, 761]], '7.0', 0.09744602333486183), ([[556, 730], [766, 730], [766, 880], [556, 880]], '광!?', 0.05071786754775045), ([[372.5086250343203, 478.22760010982483], [449.12200387830336, 473.169967486538], [449.4913749656797, 519.7723998901752], [373.87799612169664, 524.830032513462]], '꾸무육', 0.3890686644055708), ([[36.42229123600033, 780.2111456180002], [105.58608678160647, 751.9484175977044], [120.57770876399967, 788.7888543819998], [50.41391321839354, 817.0515824022956]], '하상0', 0.19439045314093356), ([[348.56216786052136, 864.273538586294], [513.601705635555, 835.143567971659], [523.4378321394787, 929.726461413706], [358.39829436444495, 958.856432028341]], '푸욕 |', 0.24421541392803192)]
[([[352, 38], [648, 38], [648, 134], [352, 134]], '(굉장하에베없0', 0.09179926924882281), ([[277, 391], [357, 391], [357, 427], [277, 427]], '50', 0.5771495727173184), ([[556, 444], [678, 444], [678, 570], [556, 570]], '광', 0.8781454496633536), ([[590, 790], [704, 790], [704, 842], [590, 842]], '오타구', 0.7920243851671156), ([[581, 857], [647, 857], [647, 895], [581, 895]], '자지', 0.901315302240004), ([[592, 914], [730, 914], [730, 962], [592, 962]], '굉장계계', 0.07113853842020035), ([[604, 962], [674, 962], [674, 988], [604, 988]], '예예', 0.8259614398141142), ([[67.65739357167091, 294.12591485733674], [136.44973249485184, 277.26829254674266], [142.34260642832908, 305.87408514266326], [73.55026750514817, 321.73170745325734]], '중아0', 0.16368813812732697), ([[667.0574282752855, 959.5033708955139], [728.8574343255004, 945.2008806607342], [735.9425717247145, 984.4966291044861], [674.1425656744996, 998.7991193392658]], '00', 0.9238351216362959)]
[([[393.09748443378584, -10.974525521990977], [631.7986648194652, 70.46974508750752], [582.9025155662142, 197.97452552199098], [344.2013351805348, 116.53025491249248]], '거움', 0.07863971960167199)]
[([[464, 810], [550, 810], [550, 860], [464, 860]], '광0', 0.6541612174109296), ([[39.13593527016356, 662.6271870540327], [180.1795805137716, 610.2912904420258], [201.86406472983643, 667.3728129459673], [59.820419486228396, 719.7087095579742]], '광광(', 0.39389868254818255)]
[([[327, 0], [371, 0], [371, 41], [327, 41]], '모', 0.9918666240508891), ([[323, 49], [429, 49], [429, 117], [323, 117]], '산다능', 0.5667817152088817), ([[351, 113], [411, 113], [411, 181], [351, 181]], '[7', 0.17463776329629233), ([[501, 507], [555, 507], [555, 549], [501, 549]], '부욕', 0.36305447060444657)]
[([[571, 231], [724, 231], [724, 346], [571, 346]], '끈직', 0.6498319346334008), ([[150, 286], [289, 286], [289, 389], [150, 389]], '끈적', 0.7109136946665385), ([[524.9815420665362, 724.074486052446], [618.5316640915914, 744.4825877980325], [603.0184579334638, 805.925513947554], [509.46833590840856, 786.5174122019675]], '하악', 0.970924527236093)]
[([[654, 152], [684, 152], [684, 176], [654, 176]], '야', 0.6093606652553376), ([[658, 178], [690, 178], [690, 284], [658, 284]], '촌', 0.008098325690731267), ([[667, 1040], [800, 1040], [800, 1127], [667, 1127]], '계속?', 0.9951385816110893)]
