672206
38
[([[28, 28], [288, 28], [288, 66], [28, 66]], '{아대 4지시지7 0깎댁', 2.283748500015331e-05), ([[70, 849], [813, 849], [813, 963], [70, 963]], '이4. 숨교어담 이]나.', 0.0008966633285338095), ([[499, 989], [816, 989], [816, 1068], [499, 1068]], '임_깨,..15', 0.0017122389296582317)]
[]
[([[89, 857], [381, 857], [381, 893], [89, 893]], '5고~-미어> 이^나.  갈_@"_15', 2.814304058344872e-06)]
[([[565, 885], [813, 885], [813, 925], [565, 925]], '64. $교어담 이]나.', 0.000236960610623357), ([[628, 932], [812, 932], [812, 960], [628, 960]], '파;+:고탁. 7애탁탁아뒤;', 1.808697918493881e-05)]
[([[179, 112], [318, 112], [318, 144], [179, 144]], '독]~마].15', 9.751969745938647e-05), ([[169, 139], [321, 139], [321, 199], [169, 199]], '오카네 8', 0.06841579577339382), ([[525, 497], [719, 497], [719, 533], [525, 533]], '12 120 터 (표)', 0.24682259787200672), ([[572, 534], [672, 534], [672, 564], [572, 564]], '맨-3:02', 0.2655129546535476), ([[639, 713], [701, 713], [701, 1077], [639, 1077]], ';', 0.17267704155079855), ([[641, 1079], [713, 1079], [713, 1121], [641, 1121]], '지', 0.1760754980852477)]
[([[356, 158], [424, 158], [424, 184], [356, 184]], '카아마', 0.9260839006524679), ([[770, 152], [818, 152], [818, 180], [770, 180]], '에:?', 0.5553183697822132), ([[368, 182], [418, 182], [418, 212], [368, 212]], '선배?', 0.5383039631945041), ([[92, 780], [240, 780], [240, 812], [92, 812]], '당신이 오늘 여기에', 0.7314703668513308), ([[110, 806], [220, 806], [220, 838], [110, 838]], '나타날 대까지', 0.9241383324486934), ([[82, 828], [243, 828], [243, 864], [82, 864]], '기다리고 외으라고:""', 0.3022107125004744), ([[104, 856], [226, 856], [226, 886], [104, 886]], '시노노데군에게', 0.5160336300484485), ([[120, 880], [210, 880], [210, 912], [120, 912]], '부탁받앉어', 0.7105167100896623), ([[740, 1080], [812, 1080], [812, 1108], [740, 1108]], '시노노메', 0.7353202104568481), ([[742, 1106], [812, 1106], [812, 1132], [742, 1132]], '씨가!?', 0.9565030336380005)]
[([[387, 171], [417, 171], [417, 191], [387, 191]], '에:', 0.8896490911636922), ([[486, 156], [526, 156], [526, 186], [486, 186]], '당신', 0.9999669570306657), ([[758, 160], [830, 160], [830, 192], [758, 192]], '(미아마씨', 0.515000196329873), ([[98, 180], [138, 180], [138, 210], [98, 210]], '어떻', 0.9403406508202677), ([[384, 192], [424, 192], [424, 222], [384, 222]], '옛?', 0.9992211308156175), ([[452, 179], [558, 179], [558, 209], [452, 209]], '시노노메군과', 0.6951778063557508), ([[92, 206], [130, 206], [130, 234], [92, 234]], '다니:', 0.9910432089627713), ([[468, 206], [544, 206], [544, 236], [468, 236]], '어떤 관계', 0.9905657086872829), ([[474, 232], [540, 232], [540, 260], [474, 260]], '인걸까?', 0.49058638306274255), ([[368, 710], [426, 710], [426, 740], [368, 740]], '하지만', 0.9987874617771284), ([[352, 736], [440, 736], [440, 766], [352, 766]], '곤란해하는', 0.9006691478002335), ([[470, 744], [560, 744], [560, 774], [470, 774]], '선배에다가', 0.9946098773385479), ([[716, 746], [806, 746], [806, 774], [716, 774]], '그리고 보니', 0.956235460023071), ([[80, 758], [152, 758], [152, 788], [80, 788]], '나에게 ', 0.3012615740299225), ([[350, 760], [442, 760], [442, 792], [350, 792]], '나의 상담을', 0.5545334046938643), ([[478, 770], [550, 770], [550, 798], [478, 798]], '사춧키의', 0.5484288930892944), ([[697, 770], [819, 770], [819, 800], [697, 800]], '어떤 관계일까 ', 0.9398705834247185), ([[368, 786], [424, 786], [424, 816], [368, 816]], '해쥐서', 0.2997447544502761), ([[468, 796], [560, 796], [560, 822], [468, 822]], '아는 사람 ', 0.7591953151426828), ([[370, 810], [424, 810], [424, 842], [370, 842]], '도움올', 0.8008388228896767), ([[376, 836], [418, 836], [418, 866], [376, 866]], '받고', 0.4484752686164028), ([[135, 1103], [293, 1103], [293, 1165], [135, 1165]], '그는 당신올', 0.6693454819808946), ([[285.3516732326157, 1097.230856314155], [409.2582953147626, 1087.1103061783738], [410.6483267673843, 1143.769143685845], [287.7417046852374, 1153.8896938216262]], '좋아하고', 0.9921819567680359)]
[([[826, 122], [876, 122], [876, 150], [826, 150]], '좋아"', 0.7946927375001942), ([[248, 158], [352, 158], [352, 190], [248, 190]], '시노노데군은', 0.9061187354680619), ([[246, 182], [354, 182], [354, 214], [246, 214]], '어젯밤 당신올', 0.7767272731383454), ([[264, 208], [334, 208], [334, 236], [264, 236]], '찾으려고', 0.9419514536857605), ([[245, 231], [357, 231], [357, 267], [245, 267]], '찾아간 곳에서|', 0.19786631061487678), ([[104, 370], [158, 370], [158, 398], [104, 398]], '오카네', 0.5538690090179443), ([[94, 394], [166, 394], [166, 426], [94, 426]], '선생님의', 0.9954189658164978), ([[84, 420], [176, 420], [176, 450], [84, 450]], '살해 현장올', 0.632797611047143), ([[94, 444], [166, 444], [166, 476], [94, 476]], '발견워어', 0.28140008449554443), ([[795, 483], [837, 483], [837, 541], [795, 541]], '낮', 0.04993905509620422), ([[322, 832], [362, 832], [362, 862], [322, 862]], '살하', 0.8420925580030164), ([[90, 866], [160, 866], [160, 892], [90, 892]], '미아마씨', 0.9756541848182678), ([[294, 856], [392, 856], [392, 888], [294, 888]], '당황어요   ?', 0.2620060187371838), ([[772, 854], [822, 854], [822, 880], [772, 880]], '에:?', 0.9282426535674655), ([[98, 890], [152, 890], [152, 922], [98, 922]], '당신은', 0.99983034703267), ([[412, 888], [478, 888], [478, 914], [412, 914]], '오카네:', 0.377705890603208), ([[90, 916], [160, 916], [160, 946], [90, 946]], '아무것도', 0.989165723323822), ([[412, 912], [484, 912], [484, 944], [412, 944]], '선생님이', 0.8175027966499329), ([[94, 940], [154, 940], [154, 972], [94, 972]], '못 들은', 0.9925462007522583), ([[100, 964], [150, 964], [150, 996], [100, 996]], '거야?', 0.998942983782495), ([[768.3774764341784, 342.0277360627988], [826.0697860964979, 335.31299876516056], [839.6225235658216, 467.9722639372012], [782.9302139035021, 474.68700123483944]], '@', 0.023703118604282203)]
[([[410, 184], [462, 184], [462, 212], [410, 212]], '에"!?', 0.9701613187789917), ([[660, 236], [806, 236], [806, 268], [660, 268]], '아마 노사카 선생님', 0.7888949433550265), ([[686, 260], [780, 260], [780, 292], [686, 292]], '사건과 같은', 0.9503300749027378), ([[670, 286], [798, 286], [798, 318], [670, 318]], '범인일 것이라고', 0.7806937647524398), ([[352, 306], [444, 306], [444, 336], [352, 336]], '무슨 일이"', 0.9286977097349518), ([[102, 438], [170, 438], [170, 470], [102, 470]], '내0올교', 0.03835413604974747), ([[268, 504], [306, 504], [306, 530], [268, 530]], '{모', 0.6328914972735628), ([[398, 664], [476, 664], [476, 694], [398, 694]], '살아 있면', 0.4294236220032619), ([[81, 695], [189, 695], [189, 731], [81, 731]], '실해당해:?', 0.16522378076847685), ([[408, 692], [462, 692], [462, 718], [408, 718]], '오카메', 0.6606946367712285), ([[394, 714], [472, 714], [472, 746], [394, 746]], '선생넘이 ', 0.6236171320444417), ([[98, 900], [144, 900], [144, 930], [98, 930]], '시노', 0.9917831109064225), ([[266, 886], [314, 886], [314, 918], [266, 918]], '시노', 0.995086943985427), ([[77, 929], [145, 929], [145, 965], [77, 965]], '노메씨', 0.7634020580707187), ([[255, 915], [325, 915], [325, 953], [255, 953]], '노메씨', 0.19749515629277878), ([[622.9620111158283, 725.022456775634], [800.8918367586746, 708.6138387731135], [820.0379888841717, 1003.977543224366], [642.1081632413254, 1020.3861612268865]], '3', 0.8857350680124831)]
[([[96, 178], [164, 178], [164, 210], [96, 210]], '괜찮아?', 0.9943148493766785), ([[238, 748], [294, 748], [294, 778], [238, 778]], '늦어서', 0.9993190025988566), ([[330, 760], [368, 760], [368, 788], [330, 788]], '시노', 0.9885781848653483), ([[80, 774], [168, 774], [168, 806], [80, 806]], '카아마씨도', 0.7275159615278612), ([[246, 772], [288, 772], [288, 802], [246, 802]], '미안', 0.9990464343287185), ([[330, 786], [368, 786], [368, 810], [330, 810]], '노메', 0.3528224188308766), ([[508, 768], [582, 768], [582, 798], [508, 798]], '시노노메', 0.6461657285690308), ([[86, 800], [162, 800], [162, 830], [86, 830]], '이상한 일', 0.7212651617165895), ([[330, 808], [370, 808], [370, 838], [330, 838]], '권?', 0.7822520688022614), ([[520, 794], [570, 794], [570, 820], [520, 820]], '씨!', 0.7375682422941693), ([[90, 824], [158, 824], [158, 852], [90, 852]], '부탁하서', 0.9973158836364746), ([[90, 850], [160, 850], [160, 880], [90, 880]], '미안하요', 0.9976633787155151), ([[88, 1144], [124, 1144], [124, 1172], [88, 1172]], '으응', 0.9989997570042113)]
[([[444, 158], [520, 158], [520, 190], [444, 190]], '뭐 어쨌든', 0.8733431534153), ([[591, 155], [611, 155], [611, 179], [591, 179]], '네', 0.9992722405346655), ([[728, 156], [822, 156], [822, 188], [728, 188]], '경찰의 일은', 0.9746714622657389), ([[444, 181], [517, 181], [517, 212], [444, 212]], '미아마가', 0.9784836173057556), ([[574, 178], [630, 178], [630, 210], [574, 210]], '오늘은', 0.9997408076096524), ([[724, 182], [826, 182], [826, 214], [724, 214]], '이제 괜찮아?', 0.9002239391945961), ([[446, 208], [518, 208], [518, 238], [446, 238]], '무사하서', 0.9996593594551086), ([[550, 204], [652, 204], [652, 232], [550, 232]], '일단   이라는', 0.5322439163137336), ([[730, 208], [818, 208], [818, 238], [730, 238]], '시노노메군', 0.883257857629445), ([[454, 234], [492, 234], [492, 262], [454, 262]], '다행', 0.998220349881435), ([[556, 228], [646, 228], [646, 260], [556, 260]], '느낌이에요', 0.9914325213126925), ([[554, 406], [646, 406], [646, 436], [554, 436]], '너무 타이망', 0.6893013565748156), ([[554, 430], [648, 430], [648, 462], [554, 462]], '증게 현장에', 0.6974988253479271), ([[550, 454], [652, 454], [652, 486], [550, 486]], '있있으니까요', 0.24139722100161587), ([[586, 596], [640, 596], [640, 628], [586, 628]], '우앗?', 0.10897225947371345), ([[737, 655], [827, 655], [827, 683], [737, 683]], '시노노데씨', 0.46824042093826934), ([[165.93713208437967, 531.022603982922], [493.75198428336853, 610.1997921436275], [436.06286791562036, 815.977396017078], [108.24801571663149, 736.8002078563725]], '4" 4', 0.3960365355014801)]
[([[78, 156], [142, 156], [142, 184], [78, 184]], '미아마', 0.9970888360796571), ([[736, 156], [822, 156], [822, 186], [736, 186]], '다행이에요', 0.9509830133703162), ([[278, 172], [350, 172], [350, 202], [278, 202]], '나야말로', 0.9770110249519348), ([[734, 180], [824, 180], [824, 210], [734, 210]], '시노노메씨', 0.5061830495165668), ([[277, 195], [351, 195], [351, 231], [277, 231]], '걱정하어', 0.33601707220077515), ([[528, 329], [558, 329], [558, 412], [528, 412]], '즉', 0.599902527761742), ([[572, 466], [664, 466], [664, 492], [572, 492]], '시노노데씨', 0.7460628047148781), ([[579, 492], [669, 492], [669, 520], [579, 520]], '시노노데씨', 0.973096428780242), ([[746, 672], [784, 672], [784, 704], [746, 704]], '크흡', 0.9685771722075335), ([[115, 921], [135, 921], [135, 949], [115, 949]], '응', 0.9997122494780939), ([[204, 924], [272, 924], [272, 952], [204, 952]], '고마워요', 0.9990939497947693), ([[300, 918], [356, 918], [356, 950], [300, 950]], '역할은', 0.9989500029937614), ([[401, 887], [463, 887], [463, 975], [401, 975]], '올', 0.07704416699337546), ([[87, 915], [151, 915], [151, 1001], [87, 1001]], '유', 0.049810780564858215), ([[200, 948], [274, 948], [274, 978], [200, 978]], '카아마씨', 0.8594102263450623), ([[294, 944], [362, 944], [362, 974], [294, 974]], '다한것', 0.9988569645732722), ([[216, 974], [258, 974], [258, 1004], [216, 1004]], '정말', 0.9999854172215584), ([[292, 968], [366, 968], [366, 1000], [292, 1000]], '같으니까', 0.8433624505996704), ([[202, 998], [272, 998], [272, 1030], [202, 1030]], '살앉어요', 0.6013815999031067), ([[575.3069948509526, 299.04015571819247], [620.7562856325646, 293.2628002669554], [632.6930051490474, 396.95984428180753], [587.2437143674354, 402.7371997330446]], '축', 0.041380714191065815)]
[([[778, 156], [802, 156], [802, 182], [778, 182]], '아', 0.9986365915559681), ([[376, 178], [432, 178], [432, 208], [376, 208]], '아까는', 0.7387846028441195), ([[754, 180], [826, 180], [826, 210], [754, 210]], '미아마씨', 0.9645017385482788), ([[366, 204], [444, 204], [444, 234], [366, 234]], '이상한 것', 0.7139243000981264), ([[365, 225], [442, 225], [442, 261], [365, 261]], '물어화서', 0.826303243637085), ([[370, 252], [440, 252], [440, 284], [370, 284]], '미안하요', 0.9939600825309753), ([[268, 870], [326, 870], [326, 900], [268, 900]], '하지만', 0.9992949847247999), ([[552, 880], [576, 880], [576, 906], [552, 906]], '아', 0.99914914594709), ([[285, 899], [307, 899], [307, 919], [285, 919]], '저', 0.9999980926522767), ([[375, 905], [395, 905], [395, 931], [375, 931]], '꼴', 0.9999901056534419), ([[526, 906], [604, 906], [604, 934], [526, 934]], '뭐한 거야', 0.9585905480701928), ([[258, 920], [334, 920], [334, 952], [258, 952]], '두 사람은', 0.9540770753030565), ([[348, 928], [408, 928], [408, 958], [348, 958]], '사나위:', 0.7171621322631836), ([[742, 926], [808, 926], [808, 952], [742, 952]], '미상한 것', 0.404613829354216), ([[268, 946], [324, 946], [324, 976], [268, 976]], '어떻게', 0.42012376097457443), ([[626, 956], [702, 956], [702, 982], [626, 982]], '"가르처 줄', 0.776511480078932), ([[745, 955], [809, 955], [809, 973], [745, 973]], '이라니:  !', 0.28617733001569273), ([[268, 970], [306, 970], [306, 998], [268, 998]], '화도', 0.9375472557383859), ([[634, 982], [694, 982], [694, 1006], [634, 1006]], '수 없어요', 0.9888644993407278)]
[([[78, 592], [186, 592], [186, 624], [78, 624]], '오카네 선생님:', 0.5902854902227221), ([[94, 616], [182, 616], [182, 648], [94, 648]], '죽은거네요', 0.8488769675388359), ([[756, 846], [812, 846], [812, 876], [756, 876]], '가르처', 0.9049208456538291), ([[284, 876], [340, 876], [340, 906], [284, 906]], '하지만', 0.9996584267835789), ([[458, 868], [568, 868], [568, 900], [458, 900]], '말하기 거북한', 0.6460940860724682), ([[584, 864], [670, 864], [670, 894], [584, 894]], '오카베와의', 0.45926602992417515), ([[758, 872], [814, 872], [814, 902], [758, 902]], '짚잖아', 0.09690491552423212), ([[162, 884], [236, 884], [236, 914], [162, 914]], '그러니까', 0.9996163249015808), ([[264, 902], [358, 902], [358, 932], [264, 932]], '이번 사건의', 0.9471186870980957), ([[458, 894], [564, 894], [564, 924], [458, 924]], '일이라는 건: ', 0.6481668786498958), ([[580, 890], [676, 890], [676, 920], [580, 920]], '사이에 원가', 0.8873225120473343), ([[750, 898], [822, 898], [822, 926], [750, 926]], '미아마가', 0.9980748891830444), ([[156, 908], [240, 908], [240, 940], [156, 940]], '힘들거라고', 0.99788788771039), ([[256, 926], [366, 926], [366, 958], [256, 958]], '전모름 붙잡지', 0.7455121708341425), ([[458, 920], [568, 920], [568, 950], [458, 950]], '어쩐지 이하돼', 0.7177461781141737), ([[592, 914], [664, 914], [664, 946], [592, 946]], '있없어요', 0.9757263660430908), ([[176, 934], [218, 934], [218, 962], [176, 962]], '생각', 0.9994508707342997), ([[162, 960], [230, 960], [230, 988], [162, 988]], '하지만-', 0.9981510639190674), ([[254, 950], [366, 950], [366, 982], [254, 982]], '안는 한 범인올', 0.37369150111643173), ([[264, 976], [356, 976], [356, 1006], [264, 1006]], '따라잡울 수', 0.6340655432168498), ([[292, 1002], [332, 1002], [332, 1032], [292, 1032]], '없어', 0.9999509414208003), ([[74, 1138], [106, 1138], [106, 1162], [74, 1162]], '꾸벽', 0.8081860963299703), ([[88, 1168], [120, 1168], [120, 1192], [88, 1192]], '꾸늬', 0.10341636762488475)]
[([[92, 158], [166, 158], [166, 188], [92, 188]], '시노노메', 0.7119803428649902), ([[760, 160], [824, 160], [824, 192], [760, 192]], '미야가?', 0.8512473106384277), ([[82, 184], [176, 184], [176, 214], [82, 214]], '씨와 만나서', 0.624719086106689), ([[84, 208], [176, 208], [176, 240], [84, 240]], '안심하니까', 0.9971624189039987), ([[318, 198], [390, 198], [390, 228], [318, 228]], '죄송하요', 0.9977502822875977), ([[100, 234], [158, 234], [158, 264], [100, 264]], '갑자기', 0.9609105224205307), ([[92, 258], [156, 258], [156, 290], [92, 290]], '즐려서 ', 0.2462180256843567), ([[90, 550], [162, 550], [162, 582], [90, 582]], '죄송하요', 0.9939152598381042), ([[372, 556], [430, 556], [430, 586], [372, 586]], '괜찮아', 0.9990537779862081), ([[106, 576], [148, 576], [148, 606], [106, 606]], '정말', 0.999964006781098), ([[372, 580], [426, 580], [426, 612], [372, 612]], '조금은', 0.9998503060051347), ([[90, 600], [158, 600], [158, 630], [90, 630]], '즐려서  ', 0.2360045233045965), ([[366, 604], [432, 604], [432, 636], [366, 636]], '자물래?', 0.536075234413147)]
[([[268, 110], [294, 110], [294, 136], [268, 136]], '12', 0.9999995785315409), ([[355, 183], [371, 183], [371, 205], [355, 205]], '3', 0.999998569489037), ([[412, 176], [506, 176], [506, 208], [412, 208]], '어제 19일에', 0.7689587705934886), ([[84, 190], [172, 190], [172, 222], [84, 222]], '타임리프의', 0.9887999813897098), ([[405, 201], [492, 201], [492, 231], [405, 231]], '만남더라면', 0.29394662886079), ([[94, 218], [166, 218], [166, 246], [94, 246]], '고리에서', 0.9976540803909302), ([[394, 228], [520, 228], [520, 258], [394, 258]], '아무것도 문제는', 0.9253124902025086), ([[102, 242], [158, 242], [158, 272], [102, 272]], '벗어난', 0.9868527487744216), ([[406, 252], [496, 252], [496, 284], [406, 284]], '없엎든지도:', 0.0849669297917927), ([[86, 266], [158, 266], [158, 298], [86, 298]], '우리들은:', 0.72437229317695), ([[74, 292], [184, 292], [184, 322], [74, 322]], '도대체 어떻게', 0.7145075558983401), ([[90, 316], [170, 316], [170, 348], [90, 348]], '되는 걸까', 0.6429724700745831), ([[102, 896], [140, 896], [140, 920], [102, 920]], '어제', 0.9999919078146757), ([[344, 896], [400, 896], [400, 928], [344, 928]], '19일]?', 0.26112928025318366), ([[88, 920], [156, 920], [156, 950], [88, 950]], '날짜:  !?', 0.21646271841258038)]
[([[756, 164], [814, 164], [814, 194], [756, 194]], '도대체', 0.978120700196737), ([[748, 190], [812, 190], [812, 220], [748, 220]], '어떻게:', 0.4213752746582031), ([[304, 638], [342, 638], [342, 664], [304, 664]], '그래', 0.999784552108772), ([[88, 668], [150, 668], [150, 696], [88, 696]], '그때의', 0.9996885710404892), ([[288, 662], [362, 662], [362, 692], [288, 692]], '그런건가|', 0.5177554103801462), ([[494, 678], [586, 678], [586, 706], [494, 706]], '아니 이건:', 0.7652690807487443), ([[82, 692], [156, 692], [156, 724], [82, 724]], '공원이네', 0.9931353330612183), ([[510, 702], [568, 702], [568, 732], [510, 732]], '그런 게', 0.999224841594696), ([[770, 694], [824, 694], [824, 726], [770, 726]], '우수?', 0.11087398200064721), ([[512, 728], [570, 728], [570, 758], [512, 758]], '아니라', 0.9917940537781463), ([[608, 920], [664, 920], [664, 948], [608, 948]], '미아마', 0.962555160243692), ([[366, 1122], [422, 1122], [422, 1154], [366, 1154]], '여기는:', 0.30281776189804077)]
[([[728, 156], [792, 156], [792, 188], [728, 188]], '당신은 :', 0.7764462194179372), ([[708, 180], [822, 180], [822, 212], [708, 212]], '어느 때에서 온', 0.809756918280351), ([[724, 206], [806, 206], [806, 236], [724, 236]], '미아마야?', 0.962165016437091), ([[316, 492], [422, 492], [422, 522], [316, 522]], '이하가 빠르니', 0.9708591257559677), ([[316, 518], [424, 518], [424, 548], [316, 548]], '도움이 뒷어요', 0.365358279318861), ([[324, 544], [414, 544], [414, 572], [324, 572]], '시노노메씨', 0.637697453919968), ([[177, 817], [247, 817], [247, 853], [177, 853]], '~" +', 0.27761757082403804), ([[397, 803], [459, 803], [459, 841], [397, 841]], '7" {', 0.7132400472972211)]
[([[98, 533], [174, 533], [174, 578], [98, 578]], '버0용왜)', 3.962433924421517e-05), ([[157, 1029], [205, 1029], [205, 1067], [157, 1067]], '뿌육', 0.11538577770625048)]
[([[76, 164], [148, 164], [148, 194], [76, 194]], '타임리프', 0.9960888028144836), ([[766, 156], [814, 156], [814, 182], [766, 182]], '에:?', 0.9877664257669635), ([[204, 174], [262, 174], [262, 206], [204, 206]], '18일"?', 0.380806730808728), ([[534, 176], [604, 176], [604, 204], [534, 204]], '어머  !?', 0.6090124681862353), ([[76, 188], [148, 188], [148, 220], [76, 220]], '햇다   !?', 0.5466809341794572), ([[434, 454], [466, 454], [466, 502], [434, 502]], '9', 0.975409032988864), ([[84, 540], [122, 540], [122, 570], [84, 570]], '틀려', 0.8816248574484147), ([[449, 607], [487, 607], [487, 627], [449, 627]], '+0', 0.031828848557836686), ([[80, 722], [160, 722], [160, 750], [80, 750]], '그 시계가', 0.6225057786125343), ([[74, 746], [166, 746], [166, 778], [74, 778]], '이상한거야', 0.9240999558763165), ([[472, 748], [528, 748], [528, 780], [472, 780]], '오늘은', 0.9997564554214478), ([[462, 774], [538, 774], [538, 804], [462, 804]], '20일이야;', 0.16592956097274517), ([[261, 809], [293, 809], [293, 825], [261, 825]], "'민::", 0.01082523912191391), ([[657, 941], [705, 941], [705, 957], [657, 957]], '노-머 "', 0.15847777239789518), ([[379.02682341501134, 604.3241410735102], [475.05354514147643, 567.4162310341353], [486.97317658498866, 600.6758589264898], [390.94645485852357, 638.5837689658647]], '40,이-긋', 0.0009339021964435932)]
[([[681, 233], [821, 233], [821, 293], [681, 293]], '에에~?', 0.42605939507484436), ([[102, 994], [190, 994], [190, 1026], [102, 1026]], '그저께부터', 0.5072417582790096), ([[357, 1002], [516, 1002], [516, 1034], [357, 1034]], '시노노메씨의 말로는', 0.9088565621980311), ([[92, 1020], [200, 1020], [200, 1050], [92, 1050]], '화장실에 두고', 0.8012451711100336), ([[342, 1028], [434, 1028], [434, 1060], [342, 1060]], '나의 시계는', 0.513568857993294), ([[444, 1028], [518, 1028], [518, 1058], [444, 1058]], '오토메틱_', 0.41701812553725687), ([[80, 1044], [212, 1044], [212, 1076], [80, 1076]], '내버려 문 바람에', 0.7182049314415885), ([[364, 1052], [510, 1052], [510, 1084], [364, 1084]], '이라는 것으로 손에', 0.6167989144175395), ([[78, 1069], [223, 1069], [223, 1100], [78, 1100]], '19일의 날짜인 채로', 0.7146345739951472), ([[372, 1078], [500, 1078], [500, 1110], [372, 1110]], '차고있지 않으면 ', 0.7868736193739738), ([[82, 1094], [216, 1094], [216, 1126], [82, 1126]], '멈칭년 젓이 내가 ', 0.16430779316652544), ([[370, 1104], [500, 1104], [500, 1134], [370, 1134]], '태엽이 다 감겨서', 0.5989341349495091), ([[89, 1119], [199, 1119], [199, 1151], [89, 1151]], '차제된 것으로', 0.1605477009017647), ([[354, 1128], [522, 1128], [522, 1160], [354, 1160]], '멈칙 버린다는 것 같다', 0.7597916342388827), ([[92, 1144], [204, 1144], [204, 1176], [92, 1176]], '다시 움직이기드', 0.20733985224125953), ([[78, 1170], [228, 1170], [228, 1202], [78, 1202]], '시작햇다는 것 같다등', 0.24633255793382733)]
[([[400, 144], [456, 144], [456, 168], [400, 168]], '타임리프', 0.9583962559700012), ([[724, 128], [818, 128], [818, 160], [724, 160]], '과거의 내가', 0.993331466367186), ([[110, 158], [166, 158], [166, 188], [110, 188]], '그것은', 0.9206194176286361), ([[394, 164], [480, 164], [480, 194], [394, 194]], '시간도약의', 0.9642320950760151), ([[726, 154], [816, 154], [816, 186], [726, 186]], '1이일이라고', 0.3600888117083697), ([[86, 182], [174, 182], [174, 214], [86, 214]], '다행이지만', 0.9986370219682488), ([[402, 190], [474, 190], [474, 220], [402, 220]], '고리에서', 0.920362692897376), ([[716, 180], [826, 180], [826, 212], [716, 212]], '인식하 사건은', 0.5422861685438082), ([[734, 204], [806, 204], [806, 236], [734, 236]], '처음부터', 0.9998303055763245), ([[387, 209], [487, 209], [487, 273], [387, 273]], "'하어줌이유}", 0.0030151966434739065), ([[425, 235], [488, 235], [488, 274], [425, 274]], '젓이다', 0.6761720234832718), ([[710, 230], [828, 230], [828, 262], [710, 262]], '20일의 즉 오늘', 0.7610241336972111), ([[183, 259], [199, 259], [199, 285], [183, 285]], '5', 0.9992997680480222), ([[732, 254], [808, 254], [808, 286], [732, 286]], '일어난 일', 0.6271930082301536), ([[189, 289], [205, 289], [205, 315], [189, 315]], '5', 0.999925972401261), ([[716, 280], [822, 280], [822, 312], [716, 312]], '이/년 젓으로', 0.06585044438267207), ([[646, 956], [712, 956], [712, 988], [646, 988]], '5871', 0.19017472863197327), ([[275, 981], [380, 981], [380, 1022], [275, 1022]], '{그리고 보니', 0.8091218656166412), ([[632, 986], [724, 986], [724, 1018], [632, 1018]], '불래한 오라', 0.4258343089816185), ([[304, 1012], [362, 1012], [362, 1040], [304, 1040]], "'과거의;", 0.39810328947479284), ([[778, 1008], [822, 1008], [822, 1038], [778, 1038]], "'%가", 0.15036925098315496), ([[288, 1036], [382, 1036], [382, 1066], [288, 1066]], '내가 오늘에:', 0.8059929180911217), ([[756, 1032], [822, 1032], [822, 1062], [756, 1062]], '화낫어 "', 0.29680647827999024), ([[272, 1060], [396, 1060], [396, 1092], [272, 1092]], '타임리프햇올 때', 0.6678961684944057), ([[282, 1086], [386, 1086], [386, 1118], [282, 1118]], '시노노메씨의', 0.7627111977678609), ([[273, 1108], [399, 1108], [399, 1146], [273, 1146]], '인상은 최약이런', 0.25424467939934653), ([[298, 1136], [354, 1136], [354, 1168], [298, 1168]], '기분이-', 0.3205902576446533)]
[([[453, 159], [541, 159], [541, 199], [453, 199]], '하지만 %', 0.4617707392355215), ([[463, 191], [529, 191], [529, 227], [463, 227]], "'지금의", 0.7852407693862915), ([[80, 170], [202, 170], [202, 290], [80, 290]], '올주', 0.06255051987425127), ([[88, 210], [144, 210], [144, 280], [88, 280]], '알술', 0.8186263301472417), ([[451, 219], [545, 219], [545, 261], [451, 261]], '나에제-', 0.31263473629951477), ([[151, 271], [201, 271], [201, 311], [151, 311]], '없다', 0.9995295892901119), ([[72, 264], [168, 264], [168, 366], [72, 366]], '[권계 ', 0.004055976402014494), ([[122, 356], [152, 356], [152, 422], [122, 422]], '출', 0.048645451265576733), ([[135, 485], [165, 485], [165, 499], [135, 499]], '4미쇼', 0.008180793026906916), ([[379, 663], [517, 663], [517, 701], [379, 701]], '아까 공원에서', 0.9910360590983537), ([[359, 693], [539, 693], [539, 733], [359, 733]], '나는 타임리프있다', 0.4939575757598684), ([[103, 885], [173, 885], [173, 921], [103, 921]], '오카베', 0.5910651087760925), ([[471, 887], [541, 887], [541, 923], [471, 923]], '그리고', 0.9970301985740662), ([[91, 913], [181, 913], [181, 953], [91, 953]], '선생님의', 0.8772691488265991), ([[113, 945], [161, 945], [161, 983], [113, 983]], '방에', 0.9983605443178956), ([[80, 970], [195, 970], [195, 1015], [80, 1015]], '있없으니까', 0.5338314785441355)]
[([[742, 174], [812, 174], [812, 206], [742, 206]], '입없어요', 0.9937072992324829), ([[105, 433], [298, 433], [298, 471], [105, 471]], '12터 18,( )', 0.04312520262151682), ([[768, 462], [792, 462], [792, 468], [768, 468]], '오애 이 ', 0.009267446336237987), ([[166, 476], [266, 476], [266, 508], [166, 508]], '매 1:57', 0.7711882454593239), ([[326, 658], [380, 658], [380, 690], [326, 690]], '다음은', 0.9992753025131731), ([[306, 684], [398, 684], [398, 716], [306, 716]], '교복올 입은', 0.8342581269332223), ([[314, 710], [392, 710], [392, 740], [314, 740]], '차로 한다', 0.9808386872404617), ([[570, 868], [626, 868], [626, 900], [570, 900]], '교복은', 0.9959767204239142), ([[752, 872], [828, 872], [828, 904], [752, 904]], '역시 종군', 0.7340306287487387), ([[83, 1041], [151, 1041], [151, 1079], [83, 1079]], '이것은', 0.9883572361473036), ([[457, 1045], [503, 1045], [503, 1081], [457, 1081]], '그래', 0.9998914314445021), ([[93, 1073], [147, 1073], [147, 1109], [93, 1109]], "사망'", 0.4885808899255488), ([[73, 1101], [159, 1101], [159, 1139], [73, 1139]], '2일 전의', 0.9087039439686304), ([[73, 1129], [143, 1129], [143, 1171], [73, 1171]], '선생님', 0.996445871788854)]
[([[693, 131], [711, 131], [711, 159], [693, 159]], '응', 0.9990758647740137), ([[80, 508], [158, 508], [158, 588], [80, 588]], '대분', 0.059273853216841935), ([[424, 806], [452, 806], [452, 838], [424, 838]], '왜', 0.9990720518434415), ([[723, 803], [813, 803], [813, 839], [723, 839]], '그때까지', 0.9994640350341797), ([[393, 835], [481, 835], [481, 871], [393, 871]], '지금까지', 0.873167872428894), ([[713, 831], [821, 831], [821, 873], [713, 873]], "'선생님과의", 0.8911415614504067), ([[404, 868], [472, 868], [472, 900], [404, 900]], '느끼지', 0.9985362248961626), ([[733, 861], [801, 861], [801, 899], [733, 899]], '행위에', 0.9963402069634691), ([[391, 891], [483, 891], [483, 935], [391, 935]], "'못해없나", 0.33448468247387964), ([[711, 891], [827, 891], [827, 929], [711, 929]], '느끼지 못한', 0.7957306197556097), ([[733, 923], [803, 923], [803, 959], [733, 959]], '감정에', 0.9988853163949882), ([[726, 954], [812, 954], [812, 986], [726, 986]], '스스로도', 0.9993409845464933), ([[733, 979], [805, 979], [805, 1021], [733, 1021]], '놀랍다', 0.6571656177174467), ([[95, 1045], [171, 1045], [171, 1081], [95, 1081]], '왜 -지금', 0.9482773937459422), ([[349, 1039], [367, 1039], [367, 1067], [349, 1067]], '응', 0.9996605207597895), ([[386, 1022], [440, 1022], [440, 1086], [386, 1086]], '유', 0.027035958125654957), ([[97, 1073], [165, 1073], [165, 1111], [97, 1111]], '그것올', 0.741321181927697), ([[79, 1105], [169, 1105], [169, 1141], [79, 1141]], '느끼는가', 0.36499959230422974)]
[([[244, 568], [268, 568], [268, 592], [244, 592]], '그', 0.8753552465050376), ([[269, 563], [317, 563], [317, 599], [269, 599]], '사람', 0.999729343668039), ([[243, 593], [313, 593], [313, 631], [243, 631]], '때문에', 0.9877276722393037), ([[384, 714], [464, 714], [464, 790], [384, 790]], '하올', 0.09087930397089754), ([[342, 850], [374, 850], [374, 874], [342, 874]], "아 '", 0.6201807657140476)]
[([[750, 116], [774, 116], [774, 144], [750, 144]], '아', 0.9986909146610436), ([[125, 149], [265, 149], [265, 189], [125, 189]], '상대의 얼굴도', 0.9884737509399595), ([[366, 156], [408, 156], [408, 188], [366, 188]], '아앗', 0.8909934894133021), ([[429, 157], [501, 157], [501, 197], [429, 197]], '(행위는', 0.3726477026939392), ([[139, 183], [255, 183], [255, 219], [139, 219]], '몸도 안바도', 0.40657230242041037), ([[291, 195], [311, 195], [311, 227], [291, 227]], '싫', 0.11165760766837085), ([[153, 213], [237, 213], [237, 251], [153, 251]], '되니까 "', 0.5578228937265907), ([[287, 221], [335, 221], [335, 261], [287, 261]], '않다', 0.9999669570306657), ([[719, 647], [811, 647], [811, 687], [719, 687]], "'좋아하눈", 0.469604072783447), ([[731, 681], [803, 681], [803, 717], [731, 717]], '남자루_', 0.34928208589553833), ([[715, 709], [813, 709], [813, 747], [715, 747]], '생각활 수', 0.5492360203742698), ([[711, 739], [803, 739], [803, 779], [711, 779]], '있으니까', 0.6988471746444702), ([[352, 974], [418, 974], [418, 1006], [352, 1006]], '그런가', 0.9996085307355375)]
[([[812, 112], [846, 112], [846, 144], [812, 144]], '나"', 0.9677897749724357), ([[117, 153], [253, 153], [253, 197], [117, 197]], '시도노-찌가', 0.044179624535366877), ([[151, 185], [219, 185], [219, 225], [151, 225]], '\'좋아"', 0.24058327078819275), ([[87, 705], [157, 705], [157, 743], [87, 743]], '이렇계', 0.48457351326942444), ([[280, 700], [324, 700], [324, 728], [280, 728]], '또 ', 0.4530051206808696), ([[75, 733], [167, 733], [167, 775], [75, 775]], '(깊숙하게', 0.7083673337299558), ([[351, 1145], [369, 1145], [369, 1173], [351, 1173]], '응', 0.9995500355603362), ([[553.1132466948843, 1081.0437916183316], [617.5869828755317, 1055.0191620043654], [670.8867533051157, 1199.9562083816684], [606.4130171244683, 1225.9808379956346]], '@', 0.014523013142121732)]
[([[379, 109], [399, 109], [399, 133], [379, 133]], '조', 0.9999378929244962), ([[433, 107], [501, 107], [501, 143], [433, 143]], '그리고', 0.9999874049413062), ([[82, 109], [109, 109], [109, 166], [82, 166]], '몇', 0.8576460038745068), ([[102, 110], [135, 110], [135, 204], [102, 204]], '', 0.0), ([[184, 138], [222, 138], [222, 168], [184, 168]], '좋다', 0.9991724205242271), ([[419, 135], [507, 135], [507, 177], [419, 177]], '사정없이', 0.9996207356452942), ([[725, 125], [815, 125], [815, 169], [725, 169]], '선생님의', 0.9067296385765076), ([[89, 171], [109, 171], [109, 207], [89, 207]], '몇', 0.9983558266054757), ([[168, 164], [226, 164], [226, 190], [168, 190]], '미아마:', 0.9747750642552178), ([[439, 165], [489, 165], [489, 205], [439, 205]], '나름', 0.6756321581390298), ([[710, 156], [766, 156], [766, 228], [710, 228]], '나물', 0.8700800308331247), ([[757, 159], [809, 159], [809, 197], [757, 197]], '건은', 0.9947222454763982), ([[75, 201], [133, 201], [133, 239], [75, 239]], '이나;', 0.9447980576820544), ([[419, 195], [511, 195], [511, 235], [419, 235]], '위젓논다_', 0.020274947025918182), ([[761, 187], [829, 187], [829, 225], [761, 225]], '현실로', 0.13116290531803865), ([[723, 217], [817, 217], [817, 257], [723, 257]], '되돌린다', 0.9310383200645447), ([[406, 574], [430, 574], [430, 600], [406, 600]], '아', 0.9994974767835174), ([[85, 593], [105, 593], [105, 617], [85, 617]], '아', 0.9720822270817884), ([[694, 590], [734, 590], [734, 620], [694, 620]], '아으', 0.9938273724772064), ([[258, 790], [282, 790], [282, 816], [258, 816]], '아', 0.9441300476246279), ([[757, 887], [805, 887], [805, 923], [757, 923]], '내려', 0.9994909883152874), ([[337, 903], [425, 903], [425, 941], [337, 941]], '뱃속으로', 0.5802361965179443), ([[439, 909], [535, 909], [535, 953], [439, 953]], '[파해친다', 0.26994804986386567), ([[684, 918], [726, 918], [726, 948], [684, 948]], '아아', 0.9986796261072983), ([[746, 918], [814, 918], [814, 950], [746, 950]], '가지도', 0.9999825871649118), ([[266, 930], [428, 930], [428, 986], [266, 986]], '5다 옥른듯안', 0.021722894532649122), ([[735, 949], [759, 949], [759, 969], [735, 969]], '안', 0.8186013409499857), ([[345, 965], [403, 965], [403, 1001], [345, 1001]], '감각 ', 0.9765718639838746), ([[727, 942], [788, 942], [788, 1049], [727, 1049]], '%', 0.08611893576344531), ([[735, 963], [757, 963], [757, 983], [735, 983]], '병', 0.4259903001730123), ([[778, 946], [828, 946], [828, 1016], [778, 1016]], '안일', 0.17152721232575505), ([[780, 976], [806, 976], [806, 1010], [780, 1010]], '안', 0.9999833107690961), ([[778, 1008], [802, 1008], [802, 1038], [778, 1038]], '고', 0.9999988079074598), ([[306, 1082], [338, 1082], [338, 1126], [306, 1126]], ' ', 0.05392434012044678), ([[504, 1142], [542, 1142], [542, 1170], [504, 1170]], '아양', 0.29179879994672725), ([[184.76918828622019, 572.5998895441725], [350.067904838719, 534.4282210030536], [364.2308117137798, 615.4001104558275], [198.932095161281, 653.5717789969464]], '닭구 대', 0.023941559000853745)]
[([[430, 56], [454, 56], [454, 100], [430, 100]], '>', 0.6055579020025768), ([[800, 124], [856, 124], [856, 154], [800, 154]], '아아?', 0.8992193939281865), ([[104, 140], [196, 140], [196, 172], [104, 172]], '내 자궁으로', 0.7613254763388841), ([[104, 164], [198, 164], [198, 196], [104, 196]], '오면 안돼에', 0.9498245826424775), ([[710, 196], [774, 196], [774, 228], [710, 228]], '안돼@', 0.24348259694842284), ([[150, 354], [174, 354], [174, 378], [150, 378]], '아', 0.9997004494913462), ([[94, 456], [118, 456], [118, 482], [94, 482]], '아', 0.9994191774952164), ([[102, 622], [176, 622], [176, 652], [102, 652]], '부탁이다', 0.8035818934440613), ([[526, 622], [602, 622], [602, 652], [526, 652]], '싸산다  ', 0.20714198850512688), ([[696, 626], [822, 626], [822, 658], [696, 658]], '미아마의 자궁이', 0.9149411713908857), ([[98, 648], [178, 648], [178, 676], [98, 676]], '미야가 %', 0.1457524671015698), ([[714, 652], [804, 652], [804, 684], [714, 684]], '선생님에게', 0.5830527102762395), ([[92, 672], [184, 672], [184, 704], [92, 704]], '저거 말하쥐', 0.5723243108493428), ([[702, 674], [815, 674], [815, 710], [702, 710]], '나가지 못하게', 0.9764224053595917), ([[92, 698], [180, 698], [180, 724], [92, 724]], '마지막으로', 0.7954879636415236), ([[695, 701], [821, 701], [821, 733], [695, 733]], '달라붙어 온다고', 0.90190613261861), ([[106, 724], [172, 724], [172, 754], [106, 754]], '말해쥐씨', 0.22016097605228424), ([[75, 897], [137, 897], [137, 933], [75, 933]], '말하지', 0.6959008180636478), ([[73, 925], [141, 925], [141, 963], [73, 963]], '않앞면', 0.2099148971631984), ([[245, 939], [303, 939], [303, 975], [245, 975]], '계속 ', 0.749969546078708), ([[515, 921], [598, 921], [598, 964], [515, 964]], '마지막"', 0.5693079233169556), ([[249, 969], [305, 969], [305, 1005], [249, 1005]], '[강요', 0.47399253418140835), ([[233, 995], [327, 995], [327, 1039], [233, 1039]], '당해지만', 0.663486123085022), ([[796, 1070], [820, 1070], [820, 1094], [796, 1094]], '아', 0.9463082132427623), ([[622, 1138], [676, 1138], [676, 1168], [622, 1168]], '요오오', 0.94654371153849), ([[424.27253004752583, 112.05320432317573], [455.4526787302126, 91.02053396766148], [517.7274699524742, 189.94679567682425], [485.5473212697874, 210.9794660323385]], '표', 0.13471779888871627)]
[([[568, 118], [638, 118], [638, 150], [568, 150]], '싸주세요', 0.9970462918281555), ([[774, 108], [830, 108], [830, 140], [774, 140]], '선생님', 0.9997262859443727), ([[174, 158], [214, 158], [214, 188], [174, 188]], '우오', 0.9976122053425234), ([[256, 148], [350, 148], [350, 180], [256, 180]], '저의 자궁에', 0.5923480464441702), ([[166, 184], [224, 184], [224, 214], [166, 214]], '미아마', 0.9987403241108727), ([[276, 174], [330, 174], [330, 204], [276, 204]], '정자루', 0.8628128296748684), ([[262, 198], [346, 198], [346, 228], [262, 228]], '싸주세요', 0.9804675579071045), ([[46, 390], [126, 390], [126, 500], [46, 500]], '묘', 0.0059217988129339205), ([[671, 435], [737, 435], [737, 473], [671, 473]], '그것은', 0.9864487827414068), ([[110, 484], [152, 484], [152, 514], [110, 514]], '아아', 0.9989389073167703), ([[653, 465], [759, 465], [759, 503], [653, 503]], '연만이엎는', 0.1878043672124248), ([[647, 491], [767, 491], [767, 536], [647, 536]], '지도 모르다', 0.5349069107206481), ([[38, 562], [94, 562], [94, 592], [38, 592]], '뜨거워', 0.9835517322265751), ([[450, 672], [474, 672], [474, 698], [450, 698]], '아', 0.9993678138746418), ([[47, 707], [63, 707], [63, 733], [47, 733]], '응', 0.9994555260984725), ([[13, 1013], [103, 1013], [103, 1051], [13, 1051]], '되돌아갈', 0.8874319195747375), ([[11, 1041], [87, 1041], [87, 1081], [11, 1081]], '수없다:', 0.987818717956543), ([[166, 1052], [214, 1052], [214, 1160], [166, 1160]], '꿈', 0.002607181659759608), ([[78, 1223], [261, 1223], [261, 1249], [78, 1249]], '-어 3. -어,+;74~어', 3.905592858516581e-05)]
[([[567, 82], [836, 82], [836, 518], [567, 518]], '393', 0.01556766912440146), ([[55, 546], [561, 546], [561, 753], [55, 753]], '[평초)*"#기한', 0.00013173397113724306), ([[570, 606], [716, 606], [716, 657], [570, 657]], '\'3,+,3"7', 0.37489746292841725), ([[744, 564], [795, 564], [795, 729], [744, 729]], '#', 0.04978427169072952), ([[378, 559], [428, 559], [428, 932], [378, 932]], '{', 0.04158356970454613), ([[417, 737], [455, 737], [455, 793], [417, 793]], '#', 0.28601836421024984), ([[479, 669], [515, 669], [515, 799], [479, 799]], '물', 0.05488895709299868), ([[510, 640], [548, 640], [548, 834], [510, 834]], ';', 0.05355444873551196), ([[562, 686], [610, 686], [610, 810], [562, 810]], '#', 0.511550781183562), ([[694, 686], [742, 686], [742, 776], [694, 776]], '통', 0.15671173564226226), ([[786, 562], [823, 562], [823, 825], [786, 825]], '{', 0.8735330820220497), ([[390, 994], [414, 994], [414, 1022], [390, 1022]], '낙', 0.4828023137034485), ([[258, 1012], [290, 1012], [290, 1079], [258, 1079]], '탑', 0.09319118384631597), ([[240, 1033], [269, 1033], [269, 1130], [240, 1130]], '춤', 0.2074455599394618), ([[202.05217527923597, 261.11391864486745], [289.8641929793559, 272.9665530404048], [283.947824720764, 309.88608135513255], [196.1358070206441, 298.0334469595952]], '/1=', 0.055116338136477025), ([[343.52230268352616, 988.038276637862], [367.5554451095985, 984.0518682644388], [377.47769731647384, 1055.961723362138], [353.4445548904015, 1058.9481317355612]], '물', 0.07566875792534589), ([[364.73784875685544, 997.0114758281524], [389.23734890299437, 991.009403822271], [419.26215124314456, 1116.9885241718478], [395.76265109700563, 1122.990596177729]], '8', 0.2985125235088759), ([[396.615171078558, 1022.0373725006457], [415.34559895601626, 1019.0300859507074], [424.384828921442, 1076.9626274993543], [405.65440104398374, 1079.9699140492926]], '륙', 0.01342057723632828), ([[588.472628084549, 1075.0467172734745], [612.5528656051506, 1071.051383439197], [623.527371915451, 1136.9532827265255], [599.4471343948494, 1140.948616560803]], '륙', 0.00852279304079101)]
[([[519, 146], [782, 146], [782, 246], [519, 246]], '느,4 + :', 0.3577997634260292), ([[791, 115], [893, 115], [893, 446], [791, 446]], '흙', 0.01361086262710387), ([[119, 563], [155, 563], [155, 669], [119, 669]], '춤', 0.23876206972133573), ([[454, 610], [486, 610], [486, 652], [454, 652]], '3', 0.9806664652353767), ([[576, 580], [627, 580], [627, 666], [576, 666]], "'", 0.9820811115207704), ([[898, 558], [931, 558], [931, 619], [898, 619]], '숨', 0.8885251215555314), ([[72, 551], [122, 551], [122, 822], [72, 822]], '{', 0.07961810801298785), ([[132, 746], [164, 746], [164, 782], [132, 782]], '}', 0.007979981157721971), ([[142, 710], [174, 710], [174, 744], [142, 744]], '+', 0.9028116650194171), ([[290, 552], [382, 552], [382, 855], [290, 855]], '#', 0.19961673233638866), ([[682, 552], [724, 552], [724, 793], [682, 793]], '}', 0.13471005445595186), ([[865, 559], [905, 559], [905, 853], [865, 853]], ';', 0.060229510645026574), ([[900, 616], [928, 616], [928, 714], [900, 714]], '못', 0.012679806723014941), ([[405, 780], [437, 780], [437, 863], [405, 863]], '흙', 0.021080023753250465), ([[870, 852], [894, 852], [894, 886], [870, 886]], '1!', 0.308487187493729), ([[897, 711], [933, 711], [933, 887], [897, 887]], '"', 0.18506515145509184), ([[682, 816], [723, 816], [723, 987], [682, 987]], '8', 0.1996928760650576), ([[865, 891], [905, 891], [905, 1009], [865, 1009]], '쫓', 0.01067868284249146), ([[213, 1224], [297, 1224], [297, 1388], [213, 1388]], '##', 0.12794684575597687), ([[731, 1041], [928, 1041], [928, 1388], [731, 1388]], ';', 0.1905250284631279), ([[492.431145444232, 566.0270271644363], [537.9415674377954, 571.7705467772527], [523.568854555768, 682.9729728355637], [478.05843256220464, 678.2294532227473]], '딸', 0.003416337437242692), ([[541.5374370791983, 564.0152998958939], [594.1304951684997, 571.7390096630006], [571.4625629208017, 728.9847001041061], [518.8695048315003, 722.2609903369994]], '출', 0.3453074450928604), ([[341.6368368740669, 1224.0220623673483], [364.33872906413285, 1221.0191842356307], [377.3631631259331, 1311.9779376326517], [354.66127093586715, 1314.9808157643693]], '0', 0.0021143593508944486)]
[([[545, 467], [838, 467], [838, 503], [545, 503]], '이교. $교어담 이]뒤.   하<~미..15', 3.0129403821482044e-05), ([[562, 530], [610, 530], [610, 554], [562, 554]], '죽;터', 0.049862889851614495), ([[548, 554], [718, 554], [718, 578], [548, 578]], '2013 쇼 8 터11 료3도;;', 0.04739125108403478), ([[561, 603], [611, 603], [611, 623], [561, 623]], '#437', 0.0027825257275253534), ([[547, 627], [665, 627], [665, 647], [547, 647]], '병<촌< 1빼헌', 0.0004316960771401292), ([[551, 673], [609, 673], [609, 693], [551, 693]], '#3;스', 0.004091709852218628), ([[545, 695], [649, 695], [649, 719], [545, 719]], '*도3-"*', 0.030455603919422973), ([[561, 743], [611, 743], [611, 763], [561, 763]], '[시구구;', 0.00012917583621715496), ([[551, 767], [675, 767], [675, 787], [551, 787]], '[어설? -설토)-', 0.0006561935728968975), ([[547, 815], [777, 815], [777, 835], [547, 835]], "룹++마://>하`>담하`뒤-200.;,80'", 0.0001540757047103198), ([[549, 839], [789, 839], [789, 857], [549, 857]], '<제탁+라표+@라`신감라`뒤-200.;7카어', 2.7464017777563984e-06), ([[549, 885], [641, 885], [641, 903], [549, 903]], '10#버우로 둑', 0.005737495188032676), ([[649, 887], [829, 887], [829, 903], [649, 903]], '#버나다 ,  ##임손#(금화', 0.0013130707575377699)]
[]
[]
[([[710, 612], [866, 612], [866, 640], [710, 640]], '2013 -고물물갚드', 0.010315473736763602), ([[320, 638], [590, 638], [590, 666], [320, 666]], '요멋니고담라니고-지아고6고+:고.탁', 1.6341129553962196e-06)]
[([[181, 467], [697, 467], [697, 527], [181, 527]], '발 번역 식자: 아아아아아아아아아아아', 0.7501243056677656), ([[364, 520], [396, 520], [396, 556], [364, 556]], '이', 0.999147239410977), ([[395, 511], [805, 511], [805, 573], [395, 573]], '동인지논 과연 끝은 있는 것인가?', 0.4128101435010668), ([[710, 612], [866, 612], [866, 640], [710, 640]], '2013 -고물물갚드', 0.006208523213531042), ([[320, 637], [590, 637], [590, 666], [320, 666]], '요리어고담멋니고-지아고6고+째고.,', 5.005942399247958e-06)]
