680396
36
[([[31, 87], [291, 87], [291, 679], [31, 679]], '닭', 0.008408211362629425), ([[835, 65], [1030, 65], [1030, 1116], [835, 1116]], "'", 0.764371521149215), ([[813, 1380], [1013, 1380], [1013, 1442], [813, 1442]], '골시끊터', 0.008505759760737419)]
[]
[([[786, 292], [906, 292], [906, 324], [786, 324]], '안녕하세요', 0.9991773556595535), ([[85, 339], [195, 339], [195, 375], [85, 375]], '카와시로', 0.9380089044570923), ([[61, 377], [225, 377], [225, 415], [61, 415]], '나토리입니다;', 0.7406875137096135), ([[73, 667], [157, 667], [157, 703], [73, 703]], '이걸로', 0.6683727808454378), ([[61, 705], [169, 705], [169, 741], [61, 741]], '산으로의', 0.9909583330154419), ([[809, 701], [971, 701], [971, 739], [809, 739]], '갑작스럽지만', 0.9901460161579096), ([[59, 745], [171, 745], [171, 781], [59, 781]], '침입자도', 0.9150091409683228), ([[805, 741], [973, 741], [973, 777], [805, 777]], '새로운 트럭령', 0.41380115235304643), ([[53, 783], [162, 783], [162, 819], [53, 819]], '확찢확찢', 0.8176854252815247), ([[821, 779], [957, 779], [957, 817], [821, 817]], '생물병기록', 0.6305616158374349), ([[74, 824], [156, 824], [156, 856], [74, 856]], '이네요', 0.9944669007046707), ([[805, 819], [973, 819], [973, 855], [805, 855]], '개발휘습니다.', 0.17849785249194489), ([[866, 1088], [920, 1088], [920, 1120], [866, 1120]], '그럼', 0.9999220292205985), ([[26, 1445], [574, 1445], [574, 1478], [26, 1478]], '*원문은 * 2+-소촌 +-소(화 . 니토리의 말버릇인듯?', 0.08601268934320705)]
[([[829, 153], [999, 153], [999, 189], [829, 189]], '시간이 흐로고', 0.6854322135274845), ([[843, 187], [1007, 187], [1007, 227], [843, 227]], '[안개의 호수]', 0.9872770546723149), ([[112, 534], [184, 534], [184, 566], [112, 566]], '조금은', 0.9617526531219482), ([[104, 562], [194, 562], [194, 594], [104, 594]], '운동하지', 0.9999150633811951), ([[112, 590], [184, 590], [184, 622], [112, 622]], '않으면', 0.9831981447187904), ([[485, 609], [639, 609], [639, 645], [485, 645]], '준비운동 끝!', 0.9304117414285472), ([[355, 883], [441, 883], [441, 923], [355, 923]], '수영은', 0.9998577390154177), ([[340, 920], [453, 920], [453, 960], [340, 960]], '천식에도', 0.9849754571914673), ([[331, 957], [467, 957], [467, 995], [331, 995]], '좋아보이고', 0.9994609983798834), ([[24, 1252], [84, 1252], [84, 1278], [24, 1278]], '조금은', 0.932759165763855), ([[2, 1276], [104, 1276], [104, 1302], [2, 1302]], '지방 때문에', 0.9540816133885682), ([[2, 1299], [103, 1299], [103, 1325], [2, 1325]], '하는 거기도', 0.39697692602295886), ([[25, 1327], [67, 1327], [67, 1347], [25, 1347]], '하고', 0.9998395085732297)]
[([[614, 150], [676, 150], [676, 182], [614, 182]], '자아', 0.9933918026531992), ([[435, 341], [477, 341], [477, 377], [435, 377]], '압!', 0.8472754248820741), ([[465, 1151], [525, 1151], [525, 1187], [465, 1187]], '옛?!', 0.9619044079880488), ([[230, 1214], [304, 1214], [304, 1244], [230, 1244]], '+7/..', 0.36409044949761865)]
[([[285, 109], [321, 109], [321, 161], [285, 161]], '3', 0.5202546098880703), ([[112, 638], [374, 638], [374, 884], [112, 884]], '달)', 0.003170702470825193)]
[([[802, 1362], [832, 1362], [832, 1406], [802, 1406]], '@', 0.168942814462131), ([[714.902627190595, 1341.0865513007489], [807.393811695232, 1356.1505839184292], [795.097372809405, 1417.9134486992511], [702.606188304768, 1402.8494160815708]], "'씨;", 0.1696968997204121)]
[([[934, 100], [966, 100], [966, 134], [934, 134]], '뭐', 0.9999929666642835), ([[286, 128], [376, 128], [376, 158], [286, 158]], '이 녀석', 0.9993079817769847), ([[924, 133], [1002, 133], [1002, 172], [924, 172]], '뛰야?', 0.5110379046542136), ([[437, 83], [727, 83], [727, 256], [437, 256]], '젓방저', 0.005399259611318714), ([[474, 609], [600, 609], [600, 639], [474, 639]], '이 녀석에게', 0.821103454958296), ([[486, 638], [590, 638], [590, 668], [486, 668]], '물 속으로', 0.9960410754569576), ([[500, 666], [574, 666], [574, 694], [500, 694]], '억지로', 0.891368733955652), ([[467, 690], [609, 690], [609, 726], [467, 726]], '끌려들어가서', 0.9373021205020594), ([[857, 685], [975, 685], [975, 727], [857, 727]], '무슨 짓율', 0.8544825942731109), ([[36, 726], [134, 726], [134, 758], [36, 758]], '이상하고', 0.9999086260795593), ([[861, 725], [975, 725], [975, 761], [861, 761]], '하느거야', 0.9194222092628479), ([[26, 754], [146, 754], [146, 786], [26, 786]], '끈적곤적한', 0.5367811943021328), ([[923, 767], [939, 767], [939, 789], [923, 789]], '?', 0.7260093248384614), ([[47, 781], [122, 781], [122, 814], [47, 814]], '액체틀', 0.7215442570014502), ([[26, 810], [144, 810], [144, 842], [26, 842]], '마시게되어', 0.17887792334876013), ([[374, 812], [426, 812], [426, 842], [374, 842]], '구속', 0.9999959539049404), ([[364, 840], [436, 840], [436, 870], [364, 870]], '당해서', 0.9999520287699144), ([[444, 1072], [518, 1072], [518, 1102], [444, 1102]], '어째서', 0.999869167804718), ([[478, 1100], [506, 1100], [506, 1126], [478, 1126]], '?!', 0.4661104122954159), ([[847, 1087], [987, 1087], [987, 1125], [847, 1125]], '때문인지논', 0.5256184438106049), ([[876, 1126], [960, 1126], [960, 1158], [876, 1158]], '올라도', 0.8609958289775942), ([[845, 1158], [995, 1158], [995, 1198], [845, 1198]], '원가 머리가', 0.9722800375394995), ([[839, 1193], [995, 1193], [995, 1233], [839, 1233]], '병빵 도는 것', 0.4971186142492742), ([[875, 1233], [941, 1233], [941, 1269], [875, 1269]], '같아.', 0.7323994142371458)]
[([[65, 635], [107, 635], [107, 679], [65, 679]], '!2', 0.741140286632994), ([[914, 670], [978, 670], [978, 702], [914, 702]], '뭐야', 0.4575795872781149), ([[913, 705], [973, 705], [973, 741], [913, 741]], '이건', 0.9991484027299933), ([[384, 916], [408, 916], [408, 940], [384, 940]], '헌', 0.31999011664538557), ([[457, 1054], [530, 1054], [530, 1099], [457, 1099]], '꺼시;;', 0.013979779556393623), ([[591, 1197], [659, 1197], [659, 1235], [591, 1235]], '설마.', 0.9358087301190005), ([[600, 1236], [632, 1236], [632, 1268], [600, 1268]], '또', 0.9986331368470616), ([[653, 1237], [671, 1237], [671, 1263], [653, 1263]], '?2', 0.42555007827688657)]
[([[418, 114], [462, 114], [462, 142], [418, 142]], '싶단', 0.408359491339987), ([[494, 92], [546, 92], [546, 140], [494, 140]], '"4', 0.7703031602332922), ([[408, 142], [472, 142], [472, 168], [408, 168]], '말이야', 0.9997477587485316), ([[624, 126], [670, 126], [670, 154], [624, 154]], '싫어.', 0.9057433587712451), ([[875, 131], [961, 131], [961, 167], [875, 167]], '기다려', 0.9990905262409293), ([[23, 168], [150, 168], [150, 204], [23, 204]], '하하이이이익', 0.49375257822988744), ([[250, 538], [308, 538], [308, 564], [250, 564]], '1;', 0.12924639651868994), ([[442, 558], [516, 558], [516, 588], [442, 588]], '어째서', 0.9997383952140808), ([[416, 594], [522, 594], [522, 626], [416, 626]], "이런 짓'", 0.5424143826472589), ([[897, 601], [1007, 601], [1007, 639], [897, 639]], '그만해옛 ', 0.38240824658100336), ([[251, 797], [289, 797], [289, 813], [251, 813]], '1}#"거:', 0.012069639405337099), ([[708, 918], [838, 918], [838, 950], [708, 950]], '부탁이니까!', 0.9353920449778405), ([[424, 1158], [506, 1158], [506, 1190], [424, 1190]], '으극?!', 0.990642786026001), ([[887, 1201], [949, 1201], [949, 1237], [887, 1237]], '그만.', 0.8862666218592754), ([[573, 1329], [623, 1329], [623, 1365], [573, 1365]], '옛?', 0.995593866705734), ([[286.1430466182295, 645.2572186472918], [341.62044882157943, 629.8277604269425], [346.8569533817705, 650.7427813527082], [291.37955117842057, 666.1722395730575]], '~14"', 0.2141321748495102)]
[([[899, 119], [959, 119], [959, 155], [899, 155]], '후옷', 0.9942193237350886), ([[41, 165], [115, 165], [115, 201], [41, 201]], '후에?', 0.9310710003353797), ([[892, 158], [966, 158], [966, 188], [892, 188]], '오오?', 0.5492516160011292), ([[538, 318], [570, 318], [570, 348], [538, 348]], '거.', 0.9858328295908612), ([[520, 354], [608, 354], [608, 384], [520, 384]], '거기야?', 0.9992825984954834), ([[942, 666], [974, 666], [974, 696], [942, 696]], '뭐 ,', 0.998782300704249), ([[906, 702], [984, 702], [984, 732], [906, 732]], '뭐아아', 0.32536031397850235), ([[1001, 707], [1013, 707], [1013, 729], [1001, 729]], '?', 0.37735882812692256), ([[355, 719], [391, 719], [391, 755], [355, 755]], '옛', 0.9985426017784818), ([[29, 843], [117, 843], [117, 881], [29, 881]], '엉덩이', 0.9976834176552827), ([[31, 879], [117, 879], [117, 915], [31, 915]], '쪽에서', 0.9788601378656754), ([[72, 918], [102, 918], [102, 946], [72, 946]], '?!', 0.9883192742601655), ([[873, 925], [935, 925], [935, 995], [873, 995]], ')', 0.8891363994492316), ([[180, 1052], [234, 1052], [234, 1082], [180, 1082]], '기잇', 0.21621692502830606), ([[388, 1326], [414, 1326], [414, 1352], [388, 1352]], '희', 0.965068888809185), ([[389.70880390339926, 1070.0106134765701], [424.43004752820497, 1074.2643656406074], [406.29119609660074, 1214.9893865234299], [372.56995247179503, 1209.7356343593926]], '', 0.0)]
[([[885, 207], [927, 207], [927, 253], [885, 253]], '옷', 0.9997539671612685), ([[872, 288], [954, 288], [954, 320], [872, 320]], '오오오', 0.9726808667182922), ([[429, 369], [519, 369], [519, 405], [429, 405]], '응하아', 0.9972592522570759), ([[415, 405], [507, 405], [507, 441], [415, 441]], '아아아.', 0.6101734638214111), ([[214, 502], [305, 502], [305, 540], [214, 540]], '하아아', 0.999394222401068), ([[203, 541], [315, 541], [315, 577], [203, 577]], '들어오고', 0.9999813437461853), ([[203, 577], [315, 577], [315, 613], [203, 613]], '이선어어', 0.20856505632400513), ([[421, 677], [457, 677], [457, 721], [421, 721]], '"11', 0.191710172559567), ([[918, 956], [946, 956], [946, 986], [918, 986]], '희', 0.8961998802488189), ([[635, 967], [719, 967], [719, 1061], [635, 1061]], '4"', 0.5036152428970958), ([[519, 1247], [580, 1247], [580, 1286], [519, 1286]], '으극', 0.9923851664265001), ([[839, 1150], [916, 1150], [916, 1331], [839, 1331]], '#', 0.3436411304557261), ([[338, 1282], [388, 1282], [388, 1354], [338, 1354]], '7', 0.013544519121094167), ([[482.9563638994289, 547.1385464278869], [512.5904742490108, 532.0438225316279], [541.0436361005711, 591.8614535721131], [511.40952575098925, 606.9561774683721]], '#', 0.33052066851314876)]
[([[239, 69], [267, 69], [267, 83], [239, 83]], '0:9', 0.8265004671444272), ([[436, 62], [462, 62], [462, 88], [436, 88]], "'11", 0.18392466482399988), ([[465, 65], [511, 65], [511, 105], [465, 105]], '79', 0.2217106437147086), ([[255, 407], [341, 407], [341, 443], [255, 443]], '모릇?!', 0.6212139037529211), ([[902, 660], [934, 660], [934, 694], [902, 694]], '옛', 0.9957118803585132), ([[911, 693], [949, 693], [949, 731], [911, 731]], '앗', 0.4549918057570359), ([[876, 732], [912, 732], [912, 764], [876, 764]], '잠.', 0.9946378308856839), ([[927, 731], [991, 731], [991, 767], [927, 767]], '잠깐', 0.9999769036051378), ([[876, 768], [962, 768], [962, 800], [876, 800]], '기다려', 0.9998218417167664), ([[445, 813], [489, 813], [489, 851], [445, 851]], '뿐 ,', 0.6365111018396283), ([[409, 849], [497, 849], [497, 887], [409, 887]], '뿐는건', 0.5902502322514517), ([[286, 966], [374, 966], [374, 996], [286, 996]], '지, 지금', 0.6599235869924232), ([[282, 992], [378, 992], [378, 1024], [282, 1024]], '뽑혀지면', 0.8165959119796753), ([[788, 1278], [814, 1278], [814, 1312], [788, 1312]], '8', 0.9447559648838819), ([[790, 1312], [822, 1312], [822, 1344], [790, 1344]], ')', 0.31574107685046116)]
[([[875, 173], [965, 173], [965, 209], [875, 209]], '히아앗', 0.7084416161831679), ([[362, 180], [418, 180], [418, 240], [362, 240]], '!2', 0.806631828582698), ([[244, 554], [276, 554], [276, 584], [244, 584]], '그', 0.9999756814527814), ([[221, 587], [279, 587], [279, 623], [221, 623]], '그런', 0.9998380756480454), ([[927, 861], [987, 861], [987, 897], [927, 897]], '역시', 0.9999365274361579), ([[314, 878], [415, 878], [415, 916], [314, 916]], '으기이애', 0.9729102849960327), ([[899, 897], [963, 897], [963, 933], [899, 933]], '빼쥐_', 0.47192026905847645), ([[586, 1072], [670, 1072], [670, 1104], [586, 1104]], '괴로위 .', 0.30857533609169535), ([[46, 1198], [134, 1198], [134, 1230], [46, 1230]], '우으으~', 0.996584415435791)]
[([[525, 157], [669, 157], [669, 197], [525, 197]], '앗아아아아', 0.6039246616248226), ([[35, 301], [179, 301], [179, 337], [35, 337]], '배가 . 아파', 0.8390034310721621), ([[33, 337], [123, 337], [123, 373], [33, 373]], '빼쥐어', 0.9928432466771516), ([[725, 353], [797, 353], [797, 389], [725, 389]], '웃!! !', 0.6571277664471641), ([[173, 853], [313, 853], [313, 891], [173, 891]], '그, 그만햇! ', 0.7513323547058479), ([[623, 847], [703, 847], [703, 885], [623, 885]], '아극!!', 0.7717164754867554), ([[926, 862], [956, 862], [956, 892], [926, 892]], '희', 0.7888058285163915), ([[980, 862], [1012, 862], [1012, 894], [980, 894]], '길', 0.32642329377816637), ([[173, 891], [237, 891], [237, 927], [173, 927]], '배갖:', 0.23938069750127416), ([[282, 894], [306, 894], [306, 920], [282, 920]], '!!', 0.9934833375070673), ([[379, 1187], [485, 1187], [485, 1225], [379, 1225]], '응히익!!', 0.7383203529258265), ([[31, 1297], [143, 1297], [143, 1341], [31, 1341]], '망망가저', 0.13755983114242554)]
[([[145, 179], [287, 179], [287, 239], [145, 239]], '응히이', 0.991595576403877), ([[143, 237], [287, 237], [287, 299], [143, 299]], '이이이', 0.987659166944946), ([[566, 396], [670, 396], [670, 514], [566, 514]], '@7', 0.3236617424676392), ([[636, 277], [933, 277], [933, 513], [636, 513]], '9롭)', 0.0017371211671558045), ([[209, 533], [269, 533], [269, 569], [209, 569]], '오오', 0.749666120767587), ([[82, 878], [134, 878], [134, 910], [82, 910]], '용부우우', 0.20031170547008514), ([[204, 884], [262, 884], [262, 910], [204, 910]], '오요요오', 0.9496603012084961), ([[314, 922], [346, 922], [346, 954], [314, 954]], '옷', 0.9998391931336279), ([[288, 954], [399, 954], [399, 992], [288, 992]], '오오오외', 0.522747567452903), ([[365, 1125], [455, 1125], [455, 1263], [365, 1263]], '(', 0.7249903906942023), ([[673, 1149], [735, 1149], [735, 1225], [673, 1225]], '0', 0.9999645951543847)]
[([[266, 112], [296, 112], [296, 136], [266, 136]], '오요', 0.9643254549354733), ([[70, 552], [130, 552], [130, 584], [70, 584]], '아아', 0.9998728874712458), ([[357, 553], [417, 553], [417, 591], [357, 591]], '햇?!', 0.2192573496513122), ([[41, 585], [131, 585], [131, 623], [41, 623]], '거짓말', 0.9999788705966753), ([[55, 623], [117, 623], [117, 659], [55, 659]], '싫어', 0.9923620375793911), ([[54, 660], [116, 660], [116, 692], [54, 692]], '애씨', 0.5003217109670963), ([[512, 724], [572, 724], [572, 750], [512, 750]], '스르록', 0.31341099657915317), ([[944, 974], [974, 974], [974, 1004], [944, 1004]], '부', 0.999999046325911), ([[470, 986], [502, 986], [502, 1020], [470, 1020]], '앗', 0.7257261650258648), ([[912, 1008], [988, 1008], [988, 1038], [912, 1038]], '부탁해', 0.9998476906884625), ([[936, 1046], [986, 1046], [986, 1076], [936, 1076]], '이제', 0.9997097048502436), ([[254, 1078], [308, 1078], [308, 1110], [254, 1110]], '아앗.', 0.8824289625052353), ([[910, 1078], [989, 1078], [989, 1114], [910, 1114]], '그만해', 0.9990652015815742), ([[514, 1149], [609, 1149], [609, 1185], [514, 1185]], '용서해쥐.', 0.961566246515916), ([[504, 1177], [625, 1177], [625, 1215], [504, 1215]], "'부탁이니까.", 0.810313330517484), ([[438, 1326], [470, 1326], [470, 1358], [438, 1358]], '앗', 0.6677713290537781), ([[60.37004658340298, 150.27313509186865], [162.40235549961088, 142.62950088482492], [163.62995341659703, 188.72686490813135], [62.59764450038912, 196.37049911517508]], '재것 것', 0.011740556918084621)]
[([[314, 100], [388, 100], [388, 154], [314, 154]], '오요', 0.9233035306638234), ([[908, 110], [936, 110], [936, 136], [908, 136]], '극', 0.9999727012590007), ([[482, 148], [540, 148], [540, 180], [482, 180]], '전부', 0.9999861758616755), ([[882, 138], [938, 138], [938, 168], [882, 168]], '아아:', 0.47907516385538235), ([[868, 166], [892, 166], [892, 194], [868, 194]], '들', 0.9998775758067815), ([[904, 166], [1000, 166], [1000, 198], [904, 198]], '들어워어', 0.2018023282289505), ([[310, 142], [390, 142], [390, 248], [310, 248]], '옷', 0.3574029865021977), ([[474, 184], [600, 184], [600, 216], [474, 216]], '들어올어어', 0.14286982626750744), ([[372, 782], [422, 782], [422, 814], [372, 814]], '응오', 0.9540051624418389), ([[46, 808], [118, 808], [118, 840], [46, 840]], '응오오', 0.9773852484610199), ([[372, 812], [420, 812], [420, 836], [372, 836]], '오오', 0.5960062897730587), ([[42, 836], [90, 836], [90, 862], [42, 862]], '오오', 0.9998368955924629), ([[372, 1240], [444, 1240], [444, 1270], [372, 1270]], '으구우', 0.9948351966063481), ([[384, 1276], [434, 1276], [434, 1306], [384, 1306]], '우우', 0.9997411438704151), ([[116.74123579376467, 371.00418602732833], [173.24304884806222, 361.00369289875283], [228.25876420623533, 695.9958139726716], [171.75695115193778, 705.9963071012471]], '{', 0.4056984132768413)]
[([[831, 139], [895, 139], [895, 175], [831, 175]], '굉장.', 0.9846391771615107), ([[912, 140], [944, 140], [944, 172], [912, 172]], '해', 0.9999437340068198), ([[845, 211], [907, 211], [907, 247], [845, 247]], '이거', 0.9999160445100361), ([[284, 544], [408, 544], [408, 576], [284, 576]], '뿐 . 앞다가 ', 0.2130851755526817), ([[296, 580], [382, 580], [382, 612], [296, 612]], '박논거 .', 0.15413819028038964), ([[30, 602], [106, 602], [106, 632], [30, 632]], '으구육! _', 0.09010652623335767), ([[584, 762], [680, 762], [680, 866], [584, 866]], '#', 0.10090242515638526), ([[72, 984], [146, 984], [146, 1016], [72, 1016]], '우하아', 0.9978204079441405), ([[397, 971], [457, 971], [457, 1011], [397, 1011]], '응짓', 0.49245811399344813), ([[251, 1173], [339, 1173], [339, 1213], [251, 1213]], '굉장히', 0.9996991697350968), ([[854, 1166], [984, 1166], [984, 1198], [854, 1198]], '어째서 이런', 0.6711842620559552), ([[253, 1213], [339, 1213], [339, 1249], [253, 1249]], '기분이', 0.9990827499097494), ([[856, 1202], [1004, 1202], [1004, 1234], [856, 1234]], '엉덩이 구멍이', 0.9970615869398102), ([[904, 1238], [956, 1238], [956, 1268], [904, 1268]], '푹푹', 0.9913056802013857), ([[253, 1247], [343, 1247], [343, 1285], [253, 1285]], '좋아아', 0.9991906558314085), ([[380, 1262], [492, 1262], [492, 1294], [380, 1294]], '이상한데도', 0.7640966966382767), ([[870, 1274], [972, 1274], [972, 1306], [870, 1306]], '쓰서저서.', 0.3362450899366552)]
[([[560, 62], [592, 62], [592, 96], [560, 96]], '앗', 0.5926018704487888), ([[975, 111], [1011, 111], [1011, 173], [975, 173]], '국', 0.021716343340388855), ([[46, 498], [132, 498], [132, 524], [46, 524]], '후오오오', 0.9993360638618469), ([[696, 596], [750, 596], [750, 624], [696, 624]], '하아', 0.999650873359913), ([[317, 693], [431, 693], [431, 729], [317, 729]], '응하아아~', 0.8538735489684973), ([[66, 1000], [98, 1000], [98, 1034], [66, 1034]], '옷', 0.9998228628408157), ([[62, 1036], [130, 1036], [130, 1068], [62, 1068]], '그오!', 0.963417785403026), ([[465, 1007], [573, 1007], [573, 1075], [465, 1075]], '4컷', 0.02465292197016832)]
[([[381, 97], [495, 97], [495, 189], [381, 189]], '체', 0.2520498758650582), ([[123, 133], [271, 133], [271, 241], [123, 241]], '오외', 0.8587641023995918), ([[165, 259], [233, 259], [233, 385], [165, 385]], '5', 0.7766940540790443), ([[301, 437], [365, 437], [365, 499], [301, 499]], '버', 0.1922683865414001), ([[62, 576], [136, 576], [136, 658], [62, 658]], '떼', 0.04352449164715311), ([[557, 1007], [617, 1007], [617, 1045], [557, 1045]], '하룻', 0.6466163587643553), ([[56, 1003], [178, 1003], [178, 1089], [56, 1089]], '세', 0.1026268856387782), ([[354, 1228], [384, 1228], [384, 1260], [354, 1260]], '또', 0.9988512717417883), ([[328, 1264], [412, 1264], [412, 1296], [328, 1296]], '나오고', 0.999693388627081), ([[312, 1296], [425, 1296], [425, 1336], [312, 1336]], '이쩌어어', 0.3859754204750061), ([[549, 1305], [635, 1305], [635, 1343], [549, 1343]], '히하원', 0.1887020586321165)]
[([[893, 131], [955, 131], [955, 167], [893, 167]], '하앗', 0.3677210308975189), ([[489, 237], [549, 237], [549, 273], [489, 273]], '하앗', 0.37745229057246765), ([[74, 560], [202, 560], [202, 636], [74, 636]], '셋스', 0.038509976892834245), ([[48, 1016], [100, 1016], [100, 1070], [48, 1070]], '!?', 0.7324297581220637), ([[647, 1117], [755, 1117], [755, 1201], [647, 1201]], '새', 0.12771661081245966), ([[65.4127797804853, 136.01725626825004], [143.35456640039493, 124.281151453689], [169.5872202195147, 325.98274373174996], [91.64543359960507, 337.718848546311]], '&', 0.1218380560435186)]
[([[218, 74], [266, 74], [266, 106], [218, 106]], '헤?', 0.9922707012024462), ([[531, 107], [633, 107], [633, 143], [531, 143]], '이거.. ?', 0.6317481732330431), ([[302, 232], [326, 232], [326, 372], [302, 372]], '}', 0.11221410356984851), ([[723, 265], [921, 265], [921, 373], [723, 373]], '제젯 제', 0.024783840402960777), ([[916, 338], [1008, 338], [1008, 370], [916, 370]], '뛰야..?', 0.6737711701471301), ([[683, 547], [743, 547], [743, 583], [683, 583]], '옛?!', 0.996243211277416), ([[68, 794], [146, 794], [146, 826], [68, 826]], '뛰야?!', 0.778465211391449), ([[339, 857], [399, 857], [399, 893], [339, 893]], '옛?!', 0.992456623116029), ([[353, 1133], [437, 1133], [437, 1171], [353, 1171]], '으곳?!', 0.9356245994567871), ([[831, 1355], [891, 1355], [891, 1391], [831, 1391]], '희?!', 0.6451208825191481)]
[([[857, 171], [947, 171], [947, 207], [857, 207]], '거짓말', 0.9999589112803943), ([[872, 210], [932, 210], [932, 242], [872, 242]], '이거', 0.9999189104264612), ([[130, 282], [226, 282], [226, 390], [130, 390]], '알', 0.9999538665370302), ([[143, 381], [211, 381], [211, 459], [143, 459]], '!?', 0.9236019682262447), ([[815, 300], [966, 300], [966, 743], [815, 743]], '"', 0.7042881863839945), ([[179, 723], [287, 723], [287, 867], [179, 867]], '7', 0.7070393402983086), ([[57, 1359], [75, 1359], [75, 1383], [57, 1383]], '0', 0.9999548201895756)]
[([[406, 130], [470, 130], [470, 162], [406, 162]], '배가', 0.9993289195554727), ([[406, 166], [464, 166], [464, 198], [406, 198]], '안돼', 0.7441548489873216), ([[39, 349], [159, 349], [159, 379], [39, 379]], '안덮다구우', 0.5223165049200665), ([[250, 540], [326, 540], [326, 570], [250, 570]], '계속 .', 0.5254168009875184), ([[226, 576], [332, 576], [332, 608], [226, 608]], '낭고 있어', 0.7405246313601317), ([[39, 763], [159, 763], [159, 803], [39, 803]], '이 다음엔', 0.9812390323892641), ([[39, 801], [159, 801], [159, 837], [39, 837]], '어떤 짓올', 0.3011284732155123), ([[63, 837], [139, 837], [139, 873], [63, 873]], '할까?', 0.7090945793697394), ([[952, 998], [1022, 998], [1022, 1028], [952, 1028]], '무서워', 0.886146605014801), ([[53, 1275], [113, 1275], [113, 1311], [53, 1311]], '기분', 0.9997094519906654), ([[516, 1286], [600, 1286], [600, 1318], [516, 1318]], '어째서', 0.9998899488121907), ([[676, 1280], [776, 1280], [776, 1310], [676, 1310]], '무서운게', 0.6066439956637946), ([[29, 1309], [145, 1309], [145, 1347], [29, 1347]], '종은거야', 0.4689355492591858), ([[515, 1319], [601, 1319], [601, 1357], [515, 1357]], '이렇계', 0.48181772034377396), ([[666, 1316], [788, 1316], [788, 1348], [666, 1348]], '당연한데도.', 0.9731244581668019)]
[([[659, 47], [733, 47], [733, 83], [659, 83]], '정알이', 0.08622539668057061), ([[557, 77], [615, 77], [615, 113], [557, 113]], '기분', 0.9995615323483433), ([[657, 81], [747, 81], [747, 121], [657, 121]], "'뱃속올", 0.802574872970581), ([[531, 113], [641, 113], [641, 151], [531, 151]], '좋아저서', 0.8140255808830261), ([[661, 119], [747, 119], [747, 157], [661, 157]], '통과할', 0.8869424458963089), ([[645, 155], [755, 155], [755, 193], [645, 193]], '때마다 ! .', 0.9721863726286232), ([[771, 157], [807, 157], [807, 199], [771, 199]], '7)', 0.26349869331661113), ([[14, 198], [112, 198], [112, 230], [14, 230]], '아무것도', 0.9582749033538037), ([[10, 234], [112, 234], [112, 266], [10, 266]], '생각할 수', 0.9312094918036795), ([[10, 270], [92, 270], [92, 300], [10, 300]], '없게 돼', 0.9127020907408159), ([[42, 296], [70, 296], [70, 436], [42, 436]], '}', 0.055303922840167274), ([[132, 620], [214, 620], [214, 652], [132, 652]], '그래도', 0.9999291100557716), ([[836, 642], [942, 642], [942, 674], [836, 674]], '이런 짓율', 0.4291857382251026), ([[111, 653], [231, 653], [231, 691], [111, 691]], '이건 분명', 0.9988236606725346), ([[852, 678], [926, 678], [926, 710], [852, 710]], '당해서', 0.9999787329460355), ([[113, 691], [233, 691], [233, 727], [113, 727]], '맨 처음에', 0.8469658713196608), ([[801, 712], [975, 712], [975, 749], [801, 749]], '기분 좋아지다니', 0.9970836028570326), ([[143, 727], [201, 727], [201, 763], [143, 763]], '마신', 0.9998245050334752), ([[850, 750], [926, 750], [926, 782], [850, 782]], '어떻게', 0.8660075698109165), ([[113, 763], [233, 763], [233, 799], [113, 799]], '묘한 액체', 0.7580831793337893), ([[369, 729], [483, 729], [483, 843], [369, 843]], '[기', 0.010460410854929776), ([[802, 786], [958, 786], [958, 818], [802, 818]], '되어버린 걸까.', 0.9403360654510694), ([[115, 799], [203, 799], [203, 835], [115, 835]], '때문에', 0.9783622530390433), ([[892, 1118], [950, 1118], [950, 1150], [892, 1150]], '그래', 0.9999844899949775), ([[534, 1136], [586, 1136], [586, 1168], [534, 1168]], '그것', 0.9998806422114441), ([[873, 1153], [993, 1153], [993, 1189], [873, 1189]], '그게 원인', 0.9732688885455575), ([[498, 1171], [604, 1171], [604, 1201], [498, 1201]], '때문이야.', 0.6179720210954935), ([[36, 1246], [136, 1246], [136, 1276], [36, 1276]], "'그러니까", 0.7838406499385208), ([[44, 1282], [126, 1282], [126, 1314], [44, 1314]], '어절 수', 0.5655635663229234), ([[48, 1318], [102, 1318], [102, 1350], [48, 1350]], '없어', 0.9999801067454583), ([[575.5157824987558, 178.02941648979788], [604.9284744221551, 175.10925004049298], [612.4842175012442, 267.9705835102021], [582.0715255778449, 270.890749959507]], '몇', 0.004482786475082046), ([[658.472628084549, 184.04671727347454], [684.934652007515, 181.1493113770795], [689.527371915451, 245.95328272652546], [663.065347992485, 247.8506886229205]], '춤', 0.42947545816338106), ([[125.21553545944727, 214.0776772972363], [153.59922151771198, 206.04513798310094], [170.78446454055273, 271.92232270276367], [142.40077848228802, 279.9548620168991]], '8', 0.2510633426739197)]
[([[90, 208], [164, 208], [164, 510], [90, 510]], '틈', 0.02974697633231771), ([[421, 605], [531, 605], [531, 723], [421, 723]], "'종", 0.03876683894389018), ([[617, 785], [687, 785], [687, 829], [617, 829]], '멋3', 0.07518294308169057), ([[226, 816], [300, 816], [300, 870], [226, 870]], '내3', 0.040421678833101014), ([[671, 807], [707, 807], [707, 861], [671, 861]], "'세", 0.10017657112809003), ([[582, 840], [672, 840], [672, 914], [582, 914]], '쉬 581', 0.13510565171828506), ([[581, 929], [649, 929], [649, 989], [581, 989]], '4638 ', 0.3081797723738227), ([[560, 996], [636, 996], [636, 1052], [560, 1052]], '33', 0.052288499246079964), ([[205.60766234843018, 569.1435974919705], [466.4498337710936, 516.1724078745516], [488.39233765156985, 691.8564025080295], [228.5501662289064, 743.8275921254484]], '넷', 0.014421470389930358)]
[([[414, 76], [486, 76], [486, 164], [414, 164]], '1?', 0.44374541777499177), ([[421, 923], [489, 923], [489, 961], [421, 961]], "'모우우우", 0.41874093493711795), ([[43, 1249], [113, 1249], [113, 1285], [43, 1285]], "'영요요요", 0.2738223853703635), ([[535, 923], [681, 923], [681, 1432], [535, 1432]], '[', 0.04815624758493531), ([[938, 1210], [1014, 1210], [1014, 1308], [938, 1308]], '530', 0.4467877524928579), ([[961.5130994363956, 1058.0148307568868], [1026.2023258673482, 1078.9225165101072], [973.4869005636044, 1237.9851692431132], [908.7976741326518, 1216.0774834898928]], '3', 0.006442070827511692)]
[([[25, 41], [85, 41], [85, 129], [25, 129]], '하', 0.05529643095566272), ([[913, 71], [983, 71], [983, 111], [913, 111]], '용우우', 0.35486108783079573), ([[273, 61], [339, 61], [339, 175], [273, 175]], '8', 0.06794795102018725), ([[908, 566], [976, 566], [976, 616], [908, 616]], '(구', 0.6760032696460624), ([[47.135422059854406, 430.13441221299536], [237.4304484862685, 409.2407639309466], [242.8645779401456, 524.8655877870046], [52.569551513731504, 546.7592360690534]], ':"', 0.12993237463139656)]
[([[813, 113], [945, 113], [945, 179], [813, 179]], "'요오외", 0.15143528580665588), ([[93, 183], [189, 183], [189, 251], [93, 251]], '2오', 0.7593485995203471)]
[([[90, 106], [164, 106], [164, 156], [90, 156]], '[호구위', 0.12580940127372742), ([[437, 77], [499, 77], [499, 157], [437, 157]], '!?', 0.37470128905629163), ([[705, 355], [821, 355], [821, 424], [705, 424]], '4433', 0.016327358782291412), ([[61, 513], [203, 513], [203, 647], [61, 647]], '재', 0.830245334600832), ([[148, 812], [254, 812], [254, 866], [148, 866]], '응~~', 0.565531856246611), ([[593.6954589359598, 998.0154975724062], [621.1193862274877, 1001.2166612721928], [609.3045410640402, 1101.9845024275937], [581.8806137725123, 1098.7833387278072]], '말', 0.0014923555711230524)]
[([[251, 59], [319, 59], [319, 155], [251, 155]], '7소', 0.048348847558724393), ([[668, 138], [698, 138], [698, 172], [668, 172]], '옷', 0.9998337099547463), ([[430, 186], [460, 186], [460, 220], [430, 220]], '옷', 0.9998521859436096), ([[617, 175], [635, 175], [635, 213], [617, 213]], '4', 0.7503007363086454), ([[813, 197], [995, 197], [995, 233], [813, 233]], '오고오오오!! ! !', 0.5381628759765118), ([[276, 250], [306, 250], [306, 300], [276, 300]], '규', 0.07188644371149167), ([[23, 324], [160, 324], [160, 360], [23, 360]], '응오오오오', 0.9852923609851244), ([[756, 540], [832, 540], [832, 572], [756, 572]], '우으~', 0.9942289590835571), ([[62, 619], [193, 619], [193, 651], [62, 651]], '으구우우우~', 0.8599923123397116), ([[650, 1116], [706, 1116], [706, 1300], [650, 1300]], '}', 0.4761636637511266), ([[489.615171078558, 100.03737250064569], [506.35777087639997, 98.03226017980019], [514.384828921442, 154.9626274993543], [497.64222912360003, 156.96773982019982]], '9', 0.09262633966340506)]
[([[37, 117], [135, 117], [135, 153], [37, 153]], "'응후우위", 0.8172659788634896), ([[432, 548], [484, 548], [484, 580], [432, 580]], '전부', 0.9999757235015667), ([[44, 604], [142, 604], [142, 636], [44, 636]], '내보있다', 0.5558873414993286), ([[560, 716], [632, 716], [632, 746], [560, 746]], '간신히', 0.9999812106579419), ([[43, 845], [159, 845], [159, 885], [43, 885]], '살있다아', 0.5376154780387878), ([[389, 879], [461, 879], [461, 923], [389, 923]], '부부우우', 0.4429188668727875), ([[902, 1062], [976, 1062], [976, 1094], [902, 1094]], '이걸로', 0.8690538063993847), ([[317, 1083], [383, 1083], [383, 1147], [317, 1147]], '우옷', 0.44348810957979123), ([[900, 1100], [952, 1100], [952, 1130], [900, 1130]], '이젠', 0.8960222547058705), ([[890, 1134], [964, 1134], [964, 1166], [890, 1166]], '괜찮을', 0.5052679269590694), ([[313, 1249], [357, 1249], [357, 1301], [313, 1301]], '꼭', 0.1604611758793375)]
[([[53, 219], [183, 219], [183, 261], [53, 261]], '8 89" 7', 0.013692540931400961), ([[53, 295], [507, 295], [507, 331], [53, 331]], '도시-소(317<커한-니하5여 7당:', 5.822369761732177e-06), ([[49, 318], [498, 318], [498, 354], [49, 354]], '*]0 독-; 국 그 ! -#표국자 **<습', 0.0009200811955455638), ([[48, 343], [499, 343], [499, 383], [48, 383]], "#국-준 #다 다 출# 디(+ 8 50{},'", 0.0011396847123285887), ([[49, 371], [491, 371], [491, 407], [49, 407]], " ^ 4+#국이5_즈50,*8  ' ;", 0.010013460289556806), ([[48, 400], [428, 400], [428, 432], [48, 432]], "0730 ' 한께/ 주못히1규8? 3당", 0.0016440254482166623), ([[51, 421], [519, 421], [519, 459], [51, 459]], "그룹 +#청{수주0 @국군 #8+7- 넘{'변논", 0.002410008649608714), ([[50, 452], [248, 452], [248, 484], [50, 484]], '틈?(*3^ *화', 0.031336047925417686), ([[480, 784], [564, 784], [564, 832], [480, 832]], '꼬사', 0.04200729875501452), ([[124, 890], [208, 890], [208, 940], [124, 940]], '늙속', 0.1482495517776618), ([[358, 890], [866, 890], [866, 940], [358, 940]], "[멋 7':구 그 ! -##국# [", 0.035446429675325915), ([[125, 930], [321, 930], [321, 978], [125, 978]], '4- 솜', 0.11180442079094571), ([[357, 927], [522, 927], [522, 980], [357, 980]], '[값차물_', 0.03471775093650069), ([[127, 971], [245, 971], [245, 1015], [127, 1015]], '티]하-', 0.02011006884276867), ([[392, 966], [786, 966], [786, 1016], [392, 1016]], '#다숲차 +79 ~ 지   #', 0.05202894192025667), ([[124, 1004], [243, 1004], [243, 1058], [124, 1058]], '표구터', 0.017085694882229902), ([[399, 1009], [573, 1009], [573, 1053], [399, 1053]], '8 팀 1 2료', 0.14242674772578362), ([[153, 1157], [243, 1157], [243, 1193], [153, 1193]], '##움숲', 0.011064368300139904), ([[154, 1186], [242, 1186], [242, 1218], [154, 1218]], '7다)"', 0.3775729537010193), ([[291, 1182], [735, 1182], [735, 1224], [291, 1224]], '^(오;//하도;산<고!미;-; 6|어8 ;<2<어 /', 6.182127777428189e-07), ([[156, 1218], [240, 1218], [240, 1242], [156, 1242]], '뵈-내', 0.02305421952977559), ([[291, 1215], [647, 1215], [647, 1247], [291, 1247]], "'도교값고<영하하하,@커하룹어어<어;명", 3.4471785077135724e-07)]
[]
[([[902, 1404], [1018, 1404], [1018, 1452], [902, 1452]], '툼시물', 0.016834199784635736)]
