682273
27
[([[378, 632], [605, 632], [605, 701], [378, 701]], '세  에  배 상', 0.34457533903361703), ([[28, 880], [146, 880], [146, 904], [28, 904]], "세어행 '진대-7", 7.885840597023319e-05), ([[148.02202795004177, 875.1638810551212], [205.86074799540242, 882.0966058961887], [201.97797204995823, 909.8361189448788], [143.13925200459758, 901.9033941038113]], '어,1!', 0.03238078951835632)]
[]
[([[771, 897], [787, 897], [787, 925], [771, 925]], '11', 0.1546078929802803)]
[([[765, 721], [803, 721], [803, 741], [765, 741]], '시로', 0.9998942130491787), ([[756, 740], [840, 740], [840, 766], [756, 766]], "'옷은 혼자", 0.8806588909554341), ([[756, 764], [856, 764], [856, 790], [756, 790]], '벗젯습니다.', 0.6508906234477108), ([[769, 817], [843, 817], [843, 833], [769, 833]], '부끄러운지라', 0.846440092853731), ([[80, 1116], [128, 1116], [128, 1140], [80, 1140]], '저기', 0.9999946895012176), ([[68, 1140], [156, 1140], [156, 1164], [68, 1164]], '잠시동안', 0.9667535424232483), ([[70, 1162], [136, 1162], [136, 1186], [70, 1186]], '돌아서', 0.9999529923209995), ([[70, 1184], [214, 1184], [214, 1210], [70, 1210]], '주시켓습니까?', 0.6258651228148717)]
[([[831, 173], [873, 173], [873, 193], [831, 193]], '시로', 0.9997998083391767), ([[830, 194], [872, 194], [872, 218], [830, 218]], '부디', 0.9909735868977892), ([[350, 190], [374, 190], [374, 282], [350, 282]], "'", 0.2148906781450286), ([[326, 289], [377, 289], [377, 385], [326, 385]], '출협', 0.0036497317675580647), ([[328, 378], [352, 378], [352, 492], [328, 492]], '틀', 0.15647011561044)]
[([[126, 132], [154, 132], [154, 200], [126, 200]], "'", 0.046218645516881374), ([[387, 287], [423, 287], [423, 301], [387, 301]], '이 야', 0.48657062095016734), ([[482, 290], [506, 290], [506, 314], [482, 314]], '저', 0.9999994039536411), ([[480, 314], [580, 314], [580, 338], [480, 338]], '저기 시로', 0.9993160302295035), ([[482, 335], [600, 335], [600, 359], [482, 359]], '오늘도  잔뜩', 0.32866412846120496), ([[480, 358], [570, 358], [570, 384], [480, 384]], '기분 증 게', 0.6062051659607595), ([[480, 380], [568, 380], [568, 406], [480, 406]], '해주세요', 0.9997512698173523), ([[654, 720], [686, 720], [686, 758], [654, 758]], '{', 0.048630853472602986), ([[639, 765], [697, 765], [697, 803], [639, 803]], "돈:'", 0.8953900541374834), ([[246, 840], [274, 840], [274, 864], [246, 864]], '아', 0.9997729191962925), ([[300, 840], [326, 840], [326, 864], [300, 864]], '양', 0.9754821474400934), ([[246, 862], [368, 862], [368, 888], [246, 888]], '시로의 숨이', 0.9694687299062983), ([[246, 884], [378, 884], [378, 910], [246, 910]], '간지겹습니다', 0.673840573573644)]
[([[704, 120], [762, 120], [762, 144], [704, 144]], '시로는', 0.9864868425411266), ([[702, 144], [768, 144], [768, 168], [702, 168]], '제 가슴', 0.998307227639719), ([[702, 164], [810, 164], [810, 190], [702, 190]], '좋아합니까?', 0.9858952824446721), ([[758, 576], [800, 576], [800, 600], [758, 600]], '아아', 0.99992767677399), ([[758, 600], [816, 600], [816, 624], [758, 624]], '좋아해', 0.9998742568425516), ([[758, 622], [870, 622], [870, 646], [758, 646]], '사랑스러워서', 0.9326029020538679), ([[305, 947], [353, 947], [353, 989], [305, 989]], '겪사', 0.020920501213715133), ([[424, 974], [524, 974], [524, 1000], [424, 1000]], '그런 말투분', 0.43365760607650067), ([[300, 989], [354, 989], [354, 1048], [300, 1048]], '촬날', 0.15101755985799883), ([[424, 996], [508, 996], [508, 1024], [424, 1024]], '조금 신경', 0.7936275406094737), ([[132, 1026], [250, 1026], [250, 1052], [132, 1052]], '잔뜩 해주세요', 0.9304200391383165), ([[422, 1018], [506, 1018], [506, 1044], [422, 1044]], '쓰입니다.', 0.9106737309108515), ([[328, 1034], [352, 1034], [352, 1078], [328, 1078]], '시', 0.06500721573852175), ([[328, 1080], [354, 1080], [354, 1140], [328, 1140]], '안', 0.3412037358439193), ([[135.2025477771711, 1004.1658598874935], [176.87824570424064, 1009.312836937473], [173.7974522228289, 1030.8341401125065], [132.12175429575936, 1025.6871630625271]], '네. .', 0.5032290369929957)]
[([[741, 39], [761, 39], [761, 61], [741, 61]], '앗', 0.30176671889593365), ([[661, 65], [697, 65], [697, 85], [661, 85]], '시로', 0.9998840138431118), ([[658, 84], [718, 84], [718, 110], [658, 110]], '그렇게', 0.9235387534179648), ([[658, 108], [740, 108], [740, 132], [658, 132]], '세게 빨면', 0.8867931933071196), ([[158, 188], [198, 188], [198, 212], [158, 212]], '아양', 0.8920095352771836), ([[868, 434], [894, 434], [894, 460], [868, 460]], '숲', 0.6577654559532817), ([[501, 663], [521, 663], [521, 691], [501, 691]], '', 0.0), ([[513, 731], [529, 731], [529, 753], [513, 753]], '3', 0.46106547234012396), ([[144, 1034], [228, 1034], [228, 1058], [144, 1058]], '네 시로가', 0.9981695985577708), ([[143, 1054], [220, 1054], [220, 1082], [143, 1082]], '젖꼭지에', 0.9044262766838074), ([[144, 1078], [228, 1078], [228, 1106], [144, 1106]], '당울 때에', 0.32078029922162765), ([[916, 1074], [974, 1074], [974, 1098], [916, 1098]], '세이버', 0.9868566648801191), ([[144, 1102], [262, 1102], [262, 1128], [144, 1128]], '저리논 것처럼', 0.9039384591940122), ([[914, 1098], [956, 1098], [956, 1122], [914, 1122]], '가슴', 0.9981655037475676), ([[144, 1124], [210, 1124], [210, 1148], [144, 1148]], '되어서.', 0.8050631284713745), ([[916, 1118], [1004, 1118], [1004, 1144], [916, 1144]], '기분좋아?', 0.9796123167408546), ([[142, 1148], [222, 1148], [222, 1172], [142, 1172]], '아 .양9', 0.4003881033438562), ([[370.052175279236, 545.1139186448675], [397.5023207456646, 526.03166610925], [442.947824720764, 593.8860813551325], [415.4976792543354, 612.96833389075]], '5', 0.40317858641202875), ([[500.2548739491969, 687.0940084018679], [523.9121205213796, 683.142022366344], [530.7451260508032, 731.9059915981321], [507.08787947862044, 735.857977633656]], '30', 0.1436760309310221)]
[([[406, 96], [468, 96], [468, 120], [406, 120]], '세이버', 0.9860630433470082), ([[810, 724], [852, 724], [852, 748], [810, 748]], '시로', 0.9997890193956982), ([[629, 1069], [693, 1069], [693, 1135], [629, 1135]], '10', 0.947351451235876), ([[641, 1133], [677, 1133], [677, 1169], [641, 1169]], '(하', 0.07382063042642499)]
[([[548, 44], [602, 44], [602, 68], [548, 68]], '어래?', 0.9998972442128196), ([[550, 68], [590, 68], [590, 92], [550, 92]], '벌써', 0.9999615622905302), ([[550, 88], [608, 88], [608, 112], [550, 112]], '축축해', 0.9920605319428075), ([[556, 112], [610, 112], [610, 136], [556, 136]], '젓어?', 0.5826876163482666), ([[76, 426], [106, 426], [106, 450], [76, 450]], '아:', 0.4508927880567708), ([[114, 426], [138, 426], [138, 450], [114, 450]], '양', 0.9903023466727632), ([[76, 450], [136, 450], [136, 474], [76, 474]], '그렇게', 0.9299612796854847), ([[76, 470], [196, 470], [196, 496], [76, 496]], '찢숫게 말하지', 0.1647205527277389), ([[76, 494], [170, 494], [170, 520], [76, 520]], '말아주세요', 0.9220299218917685), ([[196, 632], [254, 632], [254, 656], [196, 656]], '세이버', 0.9787433326169962), ([[196, 654], [314, 654], [314, 680], [196, 680]], '어떻게 해주길', 0.5233031410375888), ([[198, 676], [302, 676], [302, 702], [198, 702]], '원하느거야?', 0.6735055077022074), ([[668, 694], [700, 694], [700, 724], [668, 724]], '새구', 0.17377787342767506), ([[166, 958], [206, 958], [206, 982], [166, 982]], '시로', 0.9998953931245746), ([[145, 978], [248, 978], [248, 1006], [145, 1006]], '나의 . 보 ..', 0.29294657582679867), ([[146, 1002], [222, 1002], [222, 1028], [146, 1028]], '여성기틀', 0.33349359035491943), ([[146, 1026], [246, 1026], [246, 1052], [146, 1052]], '틈백 사랑해', 0.519938369453134), ([[146, 1048], [204, 1048], [204, 1072], [146, 1072]], '주세요', 0.9998673744101363), ([[308.1135155856441, 110.09946857683416], [372.8280976177339, 124.83997041886852], [363.8864844143559, 161.90053142316583], [299.1719023822661, 147.16002958113148]], '소 ,', 0.18101469692208763), ([[564.2446104253995, 1169.0719742120775], [625.9391342352717, 1192.3048586643638], [611.7553895746005, 1228.9280257879225], [550.0608657647283, 1205.6951413356362]], '(5+3', 0.13962598145008087)]
[([[547, 427], [619, 427], [619, 447], [547, 447]], '시로의 혀', 0.97847401526672), ([[546, 444], [616, 444], [616, 468], [546, 468]], '[뜨거워요', 0.6486830497588569), ([[244, 468], [282, 468], [282, 496], [244, 496]], '아옷', 0.4058927306424986), ([[633, 483], [651, 483], [651, 505], [633, 505]], '5', 0.4941349326621527), ([[645, 487], [683, 487], [683, 527], [645, 527]], '}', 0.08299519017726098), ([[769, 875], [807, 875], [807, 891], [769, 891]], '아아', 0.995181891539088), ([[769, 895], [833, 895], [833, 915], [769, 915]], '애태우지', 0.9913618564605713), ([[766, 918], [802, 918], [802, 942], [766, 942]], '말2', 0.1952036780370101), ([[767, 965], [803, 965], [803, 985], [767, 985]], '직접', 0.9994721936755578), ([[769, 987], [833, 987], [833, 1005], [769, 1005]], '애주세요', 0.9763192534446716), ([[444, 1048], [476, 1048], [476, 1078], [444, 1078]], '히', 0.999097550955014), ([[459, 1083], [485, 1083], [485, 1101], [459, 1101]], '야', 0.9308888417162144), ([[598, 1060], [676, 1060], [676, 1146], [598, 1146]], "새'", 0.03997383805025893), ([[452, 1166], [480, 1166], [480, 1192], [452, 1192]], '0', 0.9933167677952817), ([[662, 1190], [686, 1190], [686, 1216], [662, 1216]], '0', 0.17339468129017632), ([[91.18517828561733, 1043.0369611417907], [283.9404834994026, 1093.9666777865011], [259.8148217143827, 1170.9630388582093], [67.05951650059741, 1119.0333222134989]], '항45 4 기', 0.02282476623125248), ([[450.3756770666054, 1106.0656822130454], [473.6180314431495, 1101.0643506450397], [483.6243229333946, 1158.9343177869546], [460.3819685568505, 1163.9356493549603]], '옷', 0.09512775116150252), ([[65.1695452014626, 1137.0345424175512], [273.9485311029991, 1194.9867236839539], [247.8304547985374, 1276.9654575824488], [38.05146889700093, 1219.0132763160461]], '5+ ;;; ;', 0.6295457197783909)]
[([[826, 100], [884, 100], [884, 126], [826, 126]], '세이버', 0.8983973264694214), ([[279, 111], [395, 111], [395, 171], [279, 171]], '젊3 33', 0.028836776322042155), ([[818, 130], [916, 130], [916, 156], [818, 156]], '점점 서하게', 0.6963223193375109), ([[818, 158], [900, 158], [900, 184], [818, 184]], '되고 있어', 0.7889981418421872), ([[703, 297], [725, 297], [725, 317], [703, 317]], '그', 0.9999617341841294), ([[702, 324], [760, 324], [760, 350], [702, 350]], '그런것', 0.9990744918678172), ([[363, 403], [393, 403], [393, 419], [363, 419]], '시로', 0.9986882207485975), ([[420, 398], [494, 398], [494, 446], [420, 446]], ',이', 0.01423103947238709), ([[333, 603], [353, 603], [353, 639], [333, 639]], '양', 0.9964237058629557), ([[523, 793], [539, 793], [539, 825], [523, 825]], '집', 0.022946963648281304), ([[144, 1266], [192, 1266], [192, 1290], [144, 1290]], '시로.', 0.7437912529206455), ([[130, 1292], [264, 1292], [264, 1320], [130, 1320]], "'기분종습.. 니다", 0.390634018857234), ([[130, 1322], [212, 1322], [212, 1348], [130, 1348]], '좀더 혀로', 0.2632389936374617), ([[138, 1352], [248, 1352], [248, 1376], [138, 1376]], '취저어주세요', 0.4429582298599222), ([[465.36307024470153, 433.0510355171494], [517.9726024172915, 471.5326350097304], [494.63692975529847, 502.9489644828506], [442.0273975827085, 464.4673649902696]], '5<', 0.6061507576518392)]
[([[144, 84], [186, 84], [186, 114], [144, 114]], '움필', 0.07041640999492683), ([[930, 86], [972, 86], [972, 112], [930, 112]], '아웃', 0.48609231118477714), ([[152, 114], [196, 114], [196, 144], [152, 144]], '움필', 0.16519018800244767), ([[916, 116], [996, 116], [996, 140], [916, 140]], '시로의 혀', 0.9984537269855719), ([[916, 144], [992, 144], [992, 170], [916, 170]], '기분좋아', 0.9805883169174194), ([[396, 174], [446, 174], [446, 230], [396, 230]], '54', 0.4816818573096305), ([[369, 607], [391, 607], [391, 625], [369, 625]], '하', 0.9787284311397713), ([[735, 575], [820, 575], [820, 629], [735, 629]], '4"', 0.825240142710292), ([[375, 633], [397, 633], [397, 649], [375, 649]], '아', 0.998493881315202), ([[292, 694], [316, 694], [316, 718], [292, 718]], '허', 0.6612698061317701), ([[294, 716], [320, 716], [320, 754], [294, 754]], '$', 0.018988583495920475), ([[93, 791], [159, 791], [159, 870], [93, 870]], '찢시', 0.07630364335078624), ([[911, 881], [933, 881], [933, 901], [911, 901]], '어', 0.9998890192307819), ([[114, 868], [138, 868], [138, 934], [114, 934]], '"', 0.011358377743709236), ([[910, 908], [968, 908], [968, 932], [910, 932]], '어째서', 0.99970267969572), ([[910, 936], [986, 936], [986, 962], [910, 962]], '그만두는', 0.9306926727294922), ([[160, 974], [198, 974], [198, 998], [160, 998]], '시로', 0.9998882283873791), ([[910, 966], [996, 966], [996, 992], [910, 992]], '것입니까?', 0.9639319347548797), ([[158, 1002], [206, 1002], [206, 1028], [158, 1028]], '좀 더', 0.9395205974578857), ([[158, 1032], [234, 1032], [234, 1056], [158, 1056]], '해주세요', 0.9999136328697205), ([[766, 1174], [816, 1174], [816, 1204], [766, 1204]], '[말탕', 0.07707321103424276), ([[778, 1204], [822, 1204], [822, 1230], [778, 1230]], '말랑', 0.3027823722337923), ([[840, 1204], [900, 1204], [900, 1230], [840, 1230]], '세이버', 0.8264293074607849), ([[842, 1234], [900, 1234], [900, 1258], [842, 1258]], '여기논', 0.5197203983778491), ([[466, 1252], [502, 1252], [502, 1278], [466, 1278]], '에?', 0.77136736061628), ([[842, 1262], [926, 1262], [926, 1288], [842, 1288]], '[기분 좋아', 0.4622159133829809), ([[468, 1282], [510, 1282], [510, 1308], [468, 1308]], '무엇', 0.8380535840988159), ([[466, 1310], [492, 1310], [492, 1336], [466, 1336]], '(어', 0.7029355640290983), ([[312, 1338], [338, 1338], [338, 1362], [312, 1362]], '[앗', 0.11118661367020734), ([[466, 1340], [538, 1340], [538, 1366], [466, 1366]], '엉덩이?', 0.9959262609481812), ([[314, 1366], [372, 1366], [372, 1390], [314, 1390]], '기다려', 0.9994368220582281), ([[314, 1394], [372, 1394], [372, 1420], [314, 1420]], '주세요', 0.9997907045422152), ([[322, 1426], [360, 1426], [360, 1450], [322, 1450]], '시로', 0.9998774391644443), ([[513.7350889359326, 49.20526680779795], [542.5904742490108, 30.04382253162789], [577.2649110640674, 86.79473319220206], [549.4095257509892, 104.95617746837212]], '$', 0.005759645633830246), ([[839.4100031799904, 112.45600508798474], [857.611862762336, 96.06305874078718], [890.5899968200096, 133.54399491201525], [872.388137237664, 149.9369412592128]], '5', 0.01919632503003954), ([[248.89059960754955, 410.3358994113243], [286.64079633354, 406.8564146766237], [288.1094003924505, 428.6641005886757], [250.35920366646002, 432.1435853233763]], '+스', 0.7982568218774413)]
[([[731, 265], [751, 265], [751, 287], [731, 287]], '질', 0.9994904452152333), ([[701, 285], [721, 285], [721, 309], [701, 309]], '질', 0.9996127265206987), ([[296, 658], [374, 658], [374, 684], [296, 684]], '세이버의', 0.9990684390068054), ([[290, 688], [350, 688], [350, 712], [290, 712]], '(여기가', 0.728522777557373), ([[290, 716], [408, 716], [408, 742], [290, 742]], '움질움질해서', 0.6790809269452264), ([[306, 746], [382, 746], [382, 772], [306, 772]], '귀여워서', 0.8135940432548523), ([[596, 742], [674, 742], [674, 766], [596, 766]], '시 . 시로', 0.6899077693844821), ([[594, 770], [654, 770], [654, 794], [594, 794]], '어째서', 0.9650840261103824), ([[594, 798], [670, 798], [670, 824], [594, 824]], '그컷곳올', 0.21807165443897247), ([[250, 856], [274, 856], [274, 880], [250, 880]], '그', 0.9998923569084504), ([[250, 884], [308, 884], [308, 908], [250, 908]], '그런짓', 0.9944737781451325), ([[801, 1071], [833, 1071], [833, 1085], [801, 1085]], '저기', 0.999673967548966), ([[791, 1099], [841, 1099], [841, 1115], [791, 1115]], '세이버', 0.9451657471785944), ([[160, 1116], [214, 1116], [214, 1142], [160, 1142]], '(에에?', 0.9806827902793884), ([[788, 1126], [852, 1126], [852, 1150], [788, 1150]], '엉덩이로', 0.993890643119812), ([[162, 1146], [250, 1146], [250, 1172], [162, 1172]], '엉덩이로?', 0.9554310815344157), ([[791, 1157], [839, 1157], [839, 1173], [791, 1173]], '애보지', 0.7677587542842492), ([[796, 1184], [862, 1184], [862, 1210], [796, 1210]], '앞울래?', 0.47387346625328064), ([[60.41000317999046, 136.45600508798475], [133.70708605184123, 129.7070633782251], [134.58999682000953, 157.54399491201525], [61.292913948158784, 164.2929366217749]], '부들   부들', 0.8191667630136659)]
[([[356, 110], [440, 110], [440, 134], [356, 134]], '이제 조금', 0.9999019349371512), ([[532, 110], [592, 110], [592, 134], [532, 134]], '시로가', 0.9993916072442568), ([[356, 132], [452, 132], [452, 156], [356, 156]], '기분 쫓지?', 0.4339219362133512), ([[532, 132], [608, 132], [608, 156], [532, 156]], '원한다면', 0.9382542967796326), ([[200, 158], [224, 158], [224, 184], [200, 184]], '잘', 0.9996302469694598), ([[554, 156], [630, 156], [630, 180], [554, 180]], '엉덩이도', 0.9992091059684753), ([[162, 182], [238, 182], [238, 208], [162, 208]], '모르켓습', 0.8253318667411804), ([[162, 204], [222, 204], [222, 228], [162, 228]], '나다만', 0.6840006712002379), ([[876, 196], [944, 196], [944, 222], [876, 222]], '세이버?', 0.9866911172866821), ([[161, 226], [255, 226], [255, 252], [161, 252]], '불래하지는', 0.5593828360377276), ([[162, 248], [244, 248], [244, 274], [162, 274]], '않습니다.', 0.7085550656231066), ([[764, 718], [822, 718], [822, 742], [764, 742]], '이상한', 0.9504195870843299), ([[763, 743], [803, 743], [803, 763], [763, 763]], '기분', 0.9999529644410586), ([[764, 762], [822, 762], [822, 788], [764, 788]], '입니다', 0.9970275367456104), ([[566, 842], [664, 842], [664, 868], [566, 868]], '그래? 좋아', 0.6828666534926385), ([[758, 840], [790, 840], [790, 864], [758, 864]], '움질', 0.8654566467713345), ([[560, 864], [660, 864], [660, 890], [560, 890]], '확실히 준비', 0.9998487403725125), ([[756, 860], [790, 860], [790, 886], [756, 886]], '움질', 0.2519759206727348), ([[558, 888], [630, 888], [630, 912], [558, 912]], '해불까?', 0.38571467995643616), ([[238, 1068], [286, 1068], [286, 1094], [238, 1094]], '준비.', 0.47141144731945617), ([[237, 1089], [308, 1089], [308, 1118], [237, 1118]], '입니까?', 0.9865485429763794), ([[165.1401328392153, 160.19427896235214], [206.90646127539864, 165.39551227853215], [203.8598671607847, 184.80572103764786], [162.09353872460136, 179.60448772146785]], '자.', 0.949484288737937)]
[([[403, 205], [474, 205], [474, 235], [403, 235]], '(이것이?', 0.9464734631006557), ([[532, 384], [574, 384], [574, 412], [532, 412]], '관장', 0.9999758077946654), ([[52, 604], [110, 604], [110, 630], [52, 630]], '이걸로', 0.2966145657894303), ([[52, 634], [112, 634], [112, 662], [52, 662]], '뱃속울', 0.309233632266576), ([[386, 1002], [462, 1002], [462, 1032], [386, 1032]], '사용법은', 0.9678267240524292), ([[384, 1034], [460, 1034], [460, 1058], [384, 1058]], '숙지하고', 0.9869713187217712), ([[384, 1061], [480, 1061], [480, 1087], [384, 1087]], '(있습니다만', 0.5461271815500146), ([[190, 1146], [270, 1146], [270, 1170], [190, 1170]], '그 . 그게', 0.5185441330658481), ([[178, 1174], [286, 1174], [286, 1200], [178, 1200]], '잘 훨지 불안', 0.7008785940610995), ([[175, 1202], [240, 1202], [240, 1230], [175, 1230]], '해서. ..', 0.45964657546417), ([[164, 1234], [322, 1234], [322, 1260], [164, 1260]], '도와주시켓습니까?', 0.5661804936330012), ([[124, 1408], [166, 1408], [166, 1434], [124, 1434]], '아아', 0.999882243736071), ([[124, 1438], [182, 1438], [182, 1462], [124, 1462]], '알앗어', 0.36709366763098444)]
[([[855, 33], [903, 33], [903, 71], [855, 71]], '3', 0.9888104267814732), ([[584, 110], [614, 110], [614, 134], [584, 134]], '네.', 0.988815439016161), ([[866, 202], [924, 202], [924, 228], [866, 228]], '세이버', 0.9957745542050974), ([[864, 232], [922, 232], [922, 256], [864, 256]], '그대로', 0.5128279328346252), ([[866, 260], [926, 260], [926, 288], [866, 288]], '천천히', 0.9994166577313826), ([[864, 290], [966, 290], [966, 316], [864, 316]], '항문에 넣어', 0.9188345497967566), ([[224, 378], [266, 378], [266, 404], [224, 404]], '아아', 0.9999204276773073), ([[218, 408], [294, 408], [294, 434], [218, 434]], '엉덩이에', 0.9934024810791016), ([[216, 436], [312, 436], [312, 462], [216, 462]], '차가운것애', 0.2884127145048472), ([[218, 466], [292, 466], [292, 490], [218, 490]], '들어오고', 0.9998906030389061), ([[224, 494], [300, 494], [300, 520], [224, 520]], '있습니다', 0.9453727602958679), ([[813, 593], [827, 593], [827, 617], [813, 617]], '7', 0.7689154856072946), ([[874, 848], [934, 848], [934, 874], [874, 874]], '천천히', 0.986119649251772), ([[875, 881], [913, 881], [913, 901], [875, 901]], '해도', 0.9999087954380531), ([[874, 908], [970, 908], [970, 932], [874, 932]], '괜찮으니까', 0.9529338618610562), ([[759, 957], [775, 957], [775, 991], [759, 991]], '응', 0.9235681333871639), ([[759, 993], [775, 993], [775, 1019], [759, 1019]], '옷', 0.7280464916493976), ([[782.9820268028815, 540.1317018509494], [812.5356715840056, 522.0360302783587], [849.0179731971185, 585.8682981490506], [819.4643284159944, 603.9639697216413]], '국', 0.2049354452720289), ([[859.0029455144984, 1133.0382916884794], [1030.5827077895017, 1183.7326670380853], [994.9970544855016, 1288.9617083115206], [824.4172922104983, 1237.2673329619147]], '{새]', 0.048960456447514386)]
[([[430, 210], [464, 210], [464, 234], [430, 234]], '에?', 0.9981275079419677), ([[430, 240], [470, 240], [470, 264], [430, 264]], '그런', 0.9998794621411472), ([[904, 234], [928, 234], [928, 258], [904, 258]], '잘', 0.9998847279391079), ([[673, 225], [807, 225], [807, 311], [673, 311]], '3 (3', 0.09535227715969086), ([[898, 262], [974, 262], [974, 288], [898, 288]], '들어자네', 0.8299036026000977), ([[806, 580], [832, 580], [832, 604], [806, 604]], '자', 0.9999786616510029), ([[806, 608], [872, 608], [872, 632], [806, 632]], '하나 더', 0.6128955117366213), ([[806, 636], [866, 636], [866, 664], [806, 664]], '넣울게', 0.9036277514369514), ([[806, 666], [864, 666], [864, 692], [806, 692]], '세이버', 0.9783116772512942), ([[154, 740], [266, 740], [266, 764], [154, 764]], '넣는 겁니까?', 0.7467133544593612), ([[632, 750], [660, 750], [660, 778], [632, 778]], '그', 0.05549783683679621), ([[657, 745], [699, 745], [699, 791], [657, 791]], ',0', 0.013975829671660318), ([[650, 1050], [692, 1050], [692, 1076], [650, 1076]], '아앗', 0.6977438851380533), ([[560, 1092], [618, 1092], [618, 1116], [560, 1116]], '으으우', 0.9994822436084682), ([[560, 1122], [632, 1122], [632, 1146], [560, 1146]], '시 시로', 0.9952670931816101), ([[559, 1153], [583, 1153], [583, 1173], [559, 1173]], '배', 0.999998569489037), ([[558, 1180], [602, 1180], [602, 1204], [558, 1204]], '배가', 0.9989498621080395), ([[471, 1261], [515, 1261], [515, 1321], [471, 1321]], '과', 0.21353781396175364), ([[508, 1392], [532, 1392], [532, 1428], [508, 1428]], '르', 0.1104710934352946), ([[518.2583685632087, 888.0693533850061], [610.9894085356243, 914.7091056276107], [599.7416314367913, 948.9306466149939], [507.0105914643757, 922.2908943723893]], '4455 ;', 0.17664549869045607), ([[491.53686935917915, 1321.0359638987468], [516.4470084045759, 1316.0334896787238], [528.4631306408209, 1390.9640361012532], [504.55299159542415, 1394.9665103212762]], '틀', 0.8794387491207658)]
[([[284, 148], [308, 148], [308, 172], [284, 172]], '자', 0.9999952316341023), ([[278, 178], [320, 178], [320, 202], [278, 202]], '내가', 0.9998160761074868), ([[278, 206], [372, 206], [372, 230], [278, 230]], '흐로지않게', 0.47613900127759795), ([[276, 236], [354, 236], [354, 262], [276, 262]], '둘러출게', 0.43487629294395447), ([[542, 288], [584, 288], [584, 312], [542, 312]], "'안돼", 0.4610341864064348), ([[536, 316], [640, 316], [640, 342], [536, 342]], '이제 10분운', 0.8862430134615747), ([[934, 318], [978, 318], [978, 342], [934, 342]], '안돼', 0.7183841851205642), ([[536, 346], [612, 346], [612, 370], [536, 370]], '참아야되', 0.9978103637695312), ([[928, 348], [992, 348], [992, 372], [928, 372]], '더는 못', 0.6508567493910362), ([[928, 374], [1002, 374], [1002, 402], [928, 402]], '참젯어요', 0.277438759803772), ([[476, 406], [500, 406], [500, 432], [476, 432]], '앗', 0.28993861139597144), ([[588, 474], [606, 474], [606, 519], [588, 519]], '꿀', 0.010854405564765024), ([[505, 733], [525, 733], [525, 755], [505, 755]], '앗', 0.42013716814791735), ([[674, 734], [706, 734], [706, 768], [674, 768]], '대', 0.9722913303893534), ([[503, 759], [563, 759], [563, 787], [503, 787]], '시로의', 0.9995936652188422), ([[371, 795], [389, 795], [389, 817], [371, 817]], '잇', 0.7815164957729657), ([[504, 790], [584, 790], [584, 816], [504, 816]], '손가락이.', 0.772052059589499), ([[504, 818], [544, 818], [544, 844], [504, 844]], '나의', 0.9997223478530352), ([[503, 844], [580, 844], [580, 875], [503, 875]], '엉덩이에', 0.9296522736549377), ([[221, 859], [285, 859], [285, 929], [221, 929]], '대', 0.009187764926210706), ([[504, 878], [564, 878], [564, 902], [504, 902]], '들어와', 0.966377189888707), ([[504, 906], [562, 906], [562, 932], [504, 932]], '버릇어', 0.26066804003302463), ([[772, 1220], [830, 1220], [830, 1244], [772, 1244]], '세이버', 0.9915513717417657), ([[758, 1250], [816, 1250], [816, 1274], [758, 1274]], '조금만', 0.9872964024543762), ([[758, 1278], [798, 1278], [798, 1304], [758, 1304]], '힘복', 0.12942551552698947), ([[758, 1308], [850, 1308], [850, 1334], [758, 1334]], '손가락으로', 0.9086472100897398), ([[758, 1338], [870, 1338], [870, 1362], [758, 1362]], '막아줄테니까', 0.8149753684932906), ([[471.2548739491969, 334.0940084018679], [493.65711502692017, 329.0728512437193], [503.7451260508031, 378.9059915981321], [481.34288497307983, 383.9271487562807]], '꿀', 0.928657256254187), ([[576.4437764224065, 522.0520150387546], [599.1494135643144, 530.907149950536], [578.5562235775935, 580.9479849612454], [556.8505864356856, 572.092850049464]], '쟁', 0.311860725548744)]
[([[788, 186], [826, 186], [826, 210], [788, 210]], '시로', 0.9999183203846476), ([[786, 214], [864, 214], [864, 240], [786, 240]], '엉덩이가', 0.9992873072624207), ([[258, 230], [336, 230], [336, 302], [258, 302]], '1국?', 0.1395844501545495), ([[537, 235], [575, 235], [575, 327], [537, 327]], '#', 0.07718742496649966), ([[117, 301], [165, 301], [165, 319], [117, 319]], '시로의', 0.995642966830588), ([[116, 326], [190, 326], [190, 354], [116, 354]], '손가락이', 0.8242421746253967), ([[115, 357], [153, 357], [153, 377], [115, 377]], '나의', 0.956488144355726), ([[116, 388], [154, 388], [154, 412], [116, 412]], '엉', 0.980756422386353), ([[114, 414], [190, 414], [190, 442], [114, 442]], '엉덩이어', 0.9945371150970459), ([[296, 410], [354, 410], [354, 436], [296, 436]], '세이버', 0.9777064419550059), ([[296, 440], [356, 440], [356, 466], [296, 466]], '엉덩이', 0.999427875421843), ([[296, 470], [372, 470], [372, 494], [296, 494]], '기분증게', 0.9929600358009338), ([[296, 498], [366, 498], [366, 524], [296, 524]], '되없어?', 0.575548714321794), ([[133, 769], [167, 769], [167, 789], [133, 789]], '시로', 0.9996554247570707), ([[100, 796], [156, 796], [156, 820], [100, 820]], '이런거', 0.9988030138316767), ([[98, 826], [174, 826], [174, 852], [98, 852]], '이상해오', 0.5512796640396118), ([[100, 856], [170, 856], [170, 882], [100, 882]], '엉덩이로', 0.9962233901023865), ([[101, 885], [171, 885], [171, 905], [101, 905]], '느끼다니', 0.99966961145401), ([[498, 942], [600, 942], [600, 1042], [498, 1042]], '5,0', 0.0396062843157049), ([[712, 1074], [839, 1074], [839, 1136], [712, 1136]], '\'소";', 0.11682400852441788), ([[106, 1164], [142, 1164], [142, 1188], [106, 1188]], '시로', 0.9994860157323734), ([[106, 1222], [182, 1222], [182, 1248], [106, 1248]], '이상해저', 0.985464334487915), ([[226, 1216], [250, 1216], [250, 1242], [226, 1242]], '앗', 0.29513347639239385), ([[226, 1240], [250, 1240], [250, 1266], [226, 1266]], '앗', 0.3612346153679482), ([[109, 1285], [163, 1285], [163, 1301], [109, 1301]], '버려서', 0.969171741073103), ([[856, 1336], [880, 1336], [880, 1362], [856, 1362]], '잇', 0.7510389096339942), ([[528.0863768078794, 1028.0464927172186], [630.8584408629449, 1074.410023434856], [598.9136231921206, 1143.9535072827814], [496.141559137055, 1098.589976565144]], '570', 0.7154609562459584), ([[629.9815420665362, 1038.074486052446], [746.7841797176553, 1062.2752085463587], [732.0184579334638, 1119.925513947554], [615.2158202823447, 1095.7247914536413]], '(,""|', 0.010114611518129913)]
[([[221, 145], [257, 145], [257, 165], [221, 165]], '저의', 0.9998871326053691), ([[220, 174], [316, 174], [316, 200], [220, 200]], "'엉덩이가이", 0.1501991107399961), ([[321, 205], [357, 205], [357, 269], [321, 269]], '팬', 0.6262852102518082), ([[928, 326], [986, 326], [986, 350], [928, 350]], '아아', 0.22716652994232564), ([[328, 412], [348, 412], [348, 491], [328, 491]], '물', 0.2540964636464196), ([[335, 495], [349, 495], [349, 525], [335, 525]], '특', 0.6270074972513981), ([[202, 512], [276, 512], [276, 538], [202, 538]], '엉덩이이', 0.8352078795433044), ([[753, 551], [775, 551], [775, 565], [753, 565]], '아', 0.9986319455695138), ([[168, 636], [238, 636], [238, 662], [168, 662]], '엉덩이로', 0.9995404481887817), ([[171, 663], [282, 663], [282, 692], [171, 692]], '가버린니다0', 0.2436046816300325), ([[406, 670], [438, 670], [438, 762], [406, 762]], '묻', 0.004352928113544374), ([[794, 702], [852, 702], [852, 728], [794, 728]], '(엉덩이', 0.9896948933601379), ([[796, 732], [900, 732], [900, 760], [796, 760]], '(기분 중습니다', 0.24585965865791556), ([[797, 763], [869, 763], [869, 781], [797, 781]], '시로어개', 0.8270060420036316), ([[798, 790], [882, 790], [882, 818], [798, 818]], '손가락으로', 0.9307486681537606), ([[793, 814], [872, 814], [872, 843], [793, 843]], '만저저서', 0.455356649921053), ([[799, 851], [853, 851], [853, 867], [799, 867]], '가버려', 0.9993580232066948), ([[349, 1001], [377, 1001], [377, 1021], [349, 1021]], '아', 0.9998981978577746), ([[881, 983], [923, 983], [923, 1031], [881, 1031]], '\'름"', 0.014385198573820479), ([[347, 1033], [373, 1033], [373, 1053], [347, 1053]], '아', 0.9997396638575538), ([[898, 1028], [922, 1028], [922, 1072], [898, 1072]], '닷"', 0.011613700917829447), ([[913, 1111], [949, 1111], [949, 1131], [913, 1131]], '시로', 0.999861508264801), ([[910, 1138], [992, 1138], [992, 1164], [910, 1164]], '더는 정말', 0.9881176619845388), ([[908, 1166], [1000, 1166], [1000, 1192], [908, 1192]], '안.. 돕니다', 0.24748712564372843), ([[538, 1192], [580, 1192], [580, 1216], [538, 1216]], '배가', 0.9996745575485436), ([[538, 1250], [582, 1250], [582, 1274], [538, 1274]], '나와.', 0.9548830710674673), ([[608.5253021940113, 675.018807644542], [651.4044831479539, 664.0136494102817], [688.4746978059887, 812.981192355458], [645.5955168520461, 823.9863505897183]], '*', 0.32179245866679196)]
[([[813, 75], [879, 75], [879, 145], [813, 145]], '귀', 0.16252402903143093), ([[827, 134], [878, 134], [878, 231], [827, 231]], '내', 0.28035460421074276), ([[579, 335], [617, 335], [617, 355], [579, 355]], '아우', 0.17956117875825048), ([[599, 369], [633, 369], [633, 389], [599, 389]], '"눈', 0.5392708327389764), ([[135, 611], [149, 611], [149, 635], [135, 635]], '옷', 0.8570390286097371), ([[87, 711], [115, 711], [115, 727], [87, 727]], '시로', 0.9988994703595472), ([[85, 739], [123, 739], [123, 759], [85, 759]], '안쇄', 0.11353642129376998), ([[87, 769], [135, 769], [135, 787], [87, 787]], '보지마', 0.5613670349121094), ([[677, 979], [725, 979], [725, 1019], [677, 1019]], '40', 0.48556394704504774), ([[504, 1030], [558, 1030], [558, 1058], [504, 1058]], '내;+', 0.021429134019249594), ([[522, 1066], [564, 1066], [564, 1094], [522, 1094]], '대,', 0.07454246122996233), ([[643, 1275], [673, 1275], [673, 1291], [643, 1291]], '시로', 0.9963628971203322), ([[642, 1300], [708, 1300], [708, 1326], [642, 1326]], '보지말아', 0.9745275974273682), ([[518, 1328], [570, 1328], [570, 1352], [518, 1352]], '싫어어', 0.8148572597127562), ([[518, 1358], [568, 1358], [568, 1382], [518, 1382]], '멈추질', 0.9769300713073434), ([[643, 1359], [689, 1359], [689, 1379], [643, 1379]], '주세요', 0.9941383727971191), ([[518, 1386], [556, 1386], [556, 1412], [518, 1412]], '않아', 0.7971874824365192), ([[658.8858279709377, 481.2145699273442], [699.7500878941253, 486.8012437384582], [696.1141720290623, 511.7854300726558], [655.2499121058747, 506.1987562615418]], "'안되", 0.1639682985642356), ([[610.0675452416649, 512.048434319983], [742.8486986246884, 554.356670255415], [717.9324547583351, 625.951565680017], [585.1513013753116, 583.643329744585]], '고사짙', 0.00031816953439478275), ([[705.200159952016, 587.0807837648783], [766.9154347995027, 607.1818494448801], [753.799840047984, 643.9192162351217], [692.0845652004973, 622.8181505551199]], '나0', 0.05624324276875941)]
[([[802, 180], [856, 180], [856, 206], [802, 206]], "'아아.", 0.39237236976623535), ([[802, 210], [896, 210], [896, 238], [802, 238]], '이런 모습', 0.8304204173454046), ([[804, 238], [928, 238], [928, 268], [804, 268]], '시로에제만은', 0.5865894718016764), ([[804, 268], [888, 268], [888, 296], [804, 296]], '보여주고', 0.6503139303655803), ([[804, 296], [936, 296], [936, 326], [804, 326]], '싶지 않앗논데', 0.3705186825767054), ([[827, 407], [845, 407], [845, 433], [827, 433]], '부', 0.9999980926522767), ([[788, 414], [816, 414], [816, 450], [788, 450]], '7', 0.13813961367972993), ([[821, 437], [841, 437], [841, 475], [821, 475]], '들', 0.9919466453124279), ([[134, 604], [202, 604], [202, 634], [134, 634]], '괜찮아', 0.99939807631804), ([[134, 636], [218, 636], [218, 662], [134, 662]], '이제부터', 0.9998962879180908), ([[134, 664], [180, 664], [180, 692], [134, 692]], '잔뜩', 0.9997577485099909), ([[134, 692], [220, 692], [220, 722], [134, 722]], '세이버의', 0.9974483847618103), ([[134, 722], [248, 722], [248, 752], [134, 752]], '귀여운 모습', 0.5172128878130074), ([[133, 751], [241, 751], [241, 779], [133, 779]], '화줄테니까', 0.6121473341694638), ([[626, 774], [702, 774], [702, 822], [626, 822]], '$ +', 0.3275091350078583), ([[476, 982], [616, 982], [616, 1006], [476, 1006]], '70 3형 -아,+7나서어', 4.179283230373049e-05), ([[817.5296973673978, 482.0370934146066], [840.5984398090584, 487.46130147973076], [826.4703026326022, 550.9629065853934], [803.4015601909416, 546.5386985202692]], '불', 0.9772531540349974), ([[703.3798263270539, 768.0386106164317], [886.0, 813.0], [872.6201736729461, 857.9613893835683], [690.0, 813.0]], '{{  *다', 0.03274780904430094)]
[([[204, 218], [276, 218], [276, 244], [204, 244]], '허81손', 0.02074766531586647), ([[202, 262], [722, 262], [722, 290], [202, 290]], '손*~고*")\'0<하 스미미간20주창32*0-(<#-하\'))산~', 6.03539968506446e-05), ([[202, 286], [624, 286], [624, 312], [202, 312]], '+|당스::한_소+) 국뭇표로내(시"-한주외합', 0.00036005071414757), ([[204, 332], [578, 332], [578, 356], [204, 356]], '초~(프처시 ""-한\')#분밥소<-디0)<답', 0.0015829536935577464), ([[202, 354], [284, 354], [284, 378], [202, 378]], '(단위내', 0.0072440896183252335), ([[204, 398], [705, 398], [705, 424], [204, 424]], '#룻02느+])5꾸없수}맑손(<총()-3교하-해실능카내#)', 4.228949588010037e-08), ([[204, 422], [550, 422], [550, 448], [204, 448]], '자)=그-) )-듯고손-<*-<내째시중)', 0.0010158303991487819), ([[204, 464], [796, 464], [796, 493], [204, 493]], '206시1)-하실취다"즘<5|<합 ##규하둑한;!)7522<7522<', 0.0002481539320791377), ([[204, 508], [722, 508], [722, 538], [204, 538]], '2)웬하표3{표:모 )+ 13 +가속-<닭산형눈주고하3/)다7답', 1.890576703097718e-06), ([[204, 533], [478, 533], [478, 560], [204, 560]], '0130 13]]손스내# |금034하중0', 0.0005527478228737349), ([[204, 555], [546, 555], [546, 582], [204, 582]], '도니앗3니스켜해하.하숨1 |준(스디앗흔', 1.0551708313647233e-06), ([[206, 646], [492, 646], [492, 674], [206, 674]], '디당금소0#숨;3<중 봇나 |여새', 0.0003505077566350039), ([[204, 692], [292, 692], [292, 718], [204, 718]], "해훈')-", 0.008084125302141807), ([[204, 714], [294, 714], [294, 740], [204, 740]], '(~운고손물', 0.12429479214690906), ([[204, 738], [294, 738], [294, 762], [204, 762]], '2006.8.13', 0.7197311410372222)]
[([[80, 1204], [118, 1204], [118, 1228], [80, 1228]], '및다]', 0.14974713195888367), ([[78, 1224], [230, 1224], [230, 1248], [78, 1248]], "'353고+시)-한", 0.030887608506363063), ([[80, 1262], [250, 1262], [250, 1286], [80, 1286]], '독;하다:200638터13.', 0.05292123932942048), ([[80, 1282], [202, 1282], [202, 1306], [80, 1306]], '옷; :|~의고값물', 0.002890462510590371), ([[80, 1300], [306, 1300], [306, 1328], [80, 1328]], '테터: 그)거지"가 )5--3-)', 0.01996423177510413), ([[80, 1321], [484, 1321], [484, 1348], [80, 1348]], '1#움속:주349--0101  1하소엿 있 류 5474921 {소#*/', 0.0024625702104572604), ([[80, 1346], [424, 1346], [424, 1366], [80, 1366]], '훌+- ://갑!12~밥"뱀스명/-|~하~니~하기/~서뵈|', 3.0713922095464977e-07), ([[438, 1344], [622, 1344], [622, 1368], [438, 1368]], '*아,아*`@리녹,형컨-~""처;', 5.0866940002949265e-08), ([[82, 1369], [360, 1369], [360, 1393], [82, 1393]], "### 유 ' 유 ##숲 #소 ' *#후#밤보*소", 0.0035536215930789656)]
[([[443, 677], [619, 677], [619, 721], [443, 721]], '(운7쨌물', 0.0016211479241251918), ([[481, 719], [585, 719], [585, 737], [481, 737]], '못서악아못기검)거선', 2.904785682773325e-06), ([[507, 733], [549, 733], [549, 751], [507, 751]], '2006', 0.9999962449073792), ([[499, 751], [565, 751], [565, 765], [499, 765]], '염+물라[', 0.00023575467148404195)]
[([[253, 43], [775, 43], [775, 160], [253, 160]], '후기 폐이지', 0.9894893224679704), ([[72, 194], [936, 194], [936, 246], [72, 246]], '우리 판다리아 친구들에게 관장의 위대합을 알려고자', 0.4538958198579025), ([[72, 252], [406, 252], [406, 302], [72, 302]], '이 작품올 가져앉지', 0.3513594805463123), ([[864, 280], [922, 280], [922, 312], [864, 312]], '아아', 0.9873180098579388), ([[74, 310], [760, 310], [760, 360], [74, 360]], '나아가선 소프트한 스갖도 즐길 줄 알아야', 0.5990316994488699), ([[864, 318], [976, 318], [976, 350], [864, 350]], '이런 모습', 0.622301501729177), ([[863, 353], [1015, 353], [1015, 389], [863, 389]], '시로에계만은', 0.5380292446616715), ([[74, 370], [430, 370], [430, 420], [74, 420]], '진정한 판다리안이지', 0.9832567050493934), ([[864, 392], [966, 392], [966, 424], [864, 424]], '보여주고', 0.9999159574508667), ([[863, 427], [1027, 427], [1027, 463], [863, 463]], '싶지 않앗논데', 0.39531328593047405), ([[72, 454], [608, 454], [608, 506], [72, 506]], '하지만 천리길도 한걸음부터라고', 0.6354887746507348), ([[72, 516], [646, 516], [646, 564], [72, 564]], '천천히 단계름 밟아나아 가야켓지?', 0.666649958812776), ([[890, 568], [916, 568], [916, 598], [890, 598]], '부', 0.9998334715560055), ([[74, 574], [864, 574], [864, 624], [74, 624]], '갈색 배설물이 나오는 건 아니지만 스갖물에서만', 0.8460856329388008), ([[886, 608], [910, 608], [910, 652], [886, 652]], '들', 0.9966958681480378), ([[72, 632], [538, 632], [538, 680], [72, 680]], '얼올 수 잇는 모에함이 있어.', 0.3262358266564537), ([[72, 717], [820, 717], [820, 769], [72, 769]], '뭐 그냥 동 자체에 기호가 잇는 사람은 드물고', 0.4718867643597146), ([[74, 778], [730, 778], [730, 826], [74, 826]], '나또한 아니야. 그런결 추천하지는 않아', 0.4536390286245386), ([[43, 819], [127, 819], [127, 855], [43, 855]], '괜찮아', 0.9279053572776921), ([[46, 860], [80, 860], [80, 890], [46, 890]], '이)', 0.6568864388335494), ([[70, 864], [488, 864], [488, 916], [70, 916]], '떡신이 없어서 아쉽다고?', 0.8580881019989053), ([[46, 896], [92, 896], [92, 926], [46, 926]], '잔뜩', 0.9101545430830398), ([[44, 934], [76, 934], [76, 960], [44, 960]], '세', 0.9274351650241037), ([[70, 924], [514, 924], [514, 972], [70, 972]], '걱정마 2화에 포렌 터진다.', 0.6417220665475216), ([[131, 973], [171, 973], [171, 991], [131, 991]], '구스', 0.09821444089670836), ([[38, 962], [204, 962], [204, 1034], [38, 1034]], '귀내가 본', 0.25752989475685883), ([[46, 1008], [90, 1008], [90, 1034], [46, 1034]], '화줄', 0.7725854115819165), ([[206, 982], [842, 982], [842, 1030], [206, 1030]], '망가중에서 가장 모에한 표정이 나오지', 0.9038085010928641), ([[72, 1042], [508, 1042], [508, 1090], [72, 1090]], "그거 하나로 확짝 뽑는다.'", 0.08616937239777654), ([[546, 1027], [708, 1027], [708, 1127], [546, 1127]], '나:', 0.22442463489008233), ([[745, 1073], [795, 1073], [795, 1109], [745, 1109]], '리', 0.9963149013016523), ([[801, 1058], [906, 1058], [906, 1114], [801, 1114]], '이름', 0.8327104253745249), ([[898, 1078], [958, 1078], [958, 1128], [898, 1128]], '계 ', 0.12981036508289392), ([[72, 1128], [620, 1128], [620, 1178], [72, 1178]], '참고로 이거 작가가 프린세스러버', 0.9804107008522832), ([[72, 1183], [462, 1183], [462, 1238], [72, 1238]], '올규데로만체 원화가야', 0.38174255512001537), ([[610, 1206], [640, 1206], [640, 1242], [610, 1242]], '7', 0.46571041895754206), ([[1007, 1183], [1045, 1183], [1045, 1231], [1007, 1231]], '대', 0.43938018741238594), ([[72, 1242], [616, 1242], [616, 1297], [72, 1297]], '070이라곧 믿을 수 없는 철이지', 0.32647698218189936), ([[464, 1298], [634, 1298], [634, 1326], [464, 1326]], '70 3처 (아,7니형응', 4.771292673018127e-05), ([[74, 1302], [272, 1302], [272, 1350], [74, 1350]], '역시 레전드', 0.723153410161384), ([[629, 1441], [1039, 1441], [1039, 1495], [629, 1495]], '역식자 <홍의망가>', 0.816512960487035), ([[880.613634257068, 665.0249837794242], [906.5434872662826, 671.4275212228624], [890.386365742932, 747.9750162205758], [864.4565127337174, 741.5724787771376]], '불', 0.8056645649608676), ([[941.800239928024, 1119.1211756473176], [975.5797981043564, 1092.028079525129], [1039.199760071976, 1179.8788243526824], [1004.4202018956436, 1206.971920474871]], '품', 0.10875939723872818)]
