683411
17
[([[1024, 0], [1250, 0], [1250, 81], [1024, 81]], '[무@연', 0.007066117599606514), ([[766, 48], [910, 48], [910, 192], [766, 192]], '흙', 0.5019894346720868), ([[1030, 186], [1252, 186], [1252, 264], [1030, 264]], '팀로자락', 0.00690828263759613), ([[885, 247], [959, 247], [959, 309], [885, 309]], '@', 0.5817987007330885), ([[132, 332], [180, 332], [180, 364], [132, 364]], '따끈', 0.9924250325190247), ([[50, 20], [100, 20], [100, 778], [50, 778]], '', 0.0), ([[646, 498], [694, 498], [694, 530], [646, 530]], '따끈', 0.7847774166850299), ([[50, 780], [98, 780], [98, 1066], [50, 1066]], '}', 0.056929142609707384), ([[138, 1480], [446, 1480], [446, 1632], [138, 1632]], '행보원', 0.9640222393526519), ([[293, 1665], [373, 1665], [373, 1685], [293, 1685]], '7장7-시큰어', 0.005381358214812406), ([[283, 1698], [376, 1698], [376, 1724], [283, 1724]], '[오5툼-.$', 0.00012706876212975333), ([[300, 1682], [374, 1682], [374, 1706], [300, 1706]], '~*정어서', 0.0006311038182209458), ([[374, 1649], [720, 1649], [720, 1735], [374, 1735]], '0공충스터', 0.006545287302616236), ([[37, 1767], [125, 1767], [125, 1803], [37, 1803]], '번식자', 0.9683878529713552), ([[49, 1797], [129, 1797], [129, 1833], [49, 1833]], '유일무리', 0.5507386326789856)]
[([[457, 109], [497, 109], [497, 145], [457, 145]], '희임', 0.10143311283010743), ([[12, 174], [48, 174], [48, 204], [12, 204]], '취임', 0.6033698126983363), ([[371, 197], [389, 197], [389, 219], [371, 219]], '9', 0.3326985020578519), ([[0, 856], [30, 856], [30, 884], [0, 884]], '스록', 0.38901557099556705), ([[764, 1052], [804, 1052], [804, 1084], [764, 1084]], '열얼', 0.4028901558186083), ([[79, 1319], [255, 1319], [255, 1483], [79, 1483]], '채', 0.025805425452178676)]
[([[577, 83], [685, 83], [685, 151], [577, 151]], '사르', 0.9573331748566603), ([[1147, 123], [1235, 123], [1235, 185], [1147, 185]], '(리', 0.027091446235053555), ([[591, 405], [679, 405], [679, 449], [591, 449]], '따끈', 0.9399196156303565), ([[588, 682], [658, 682], [658, 730], [588, 730]], '취임', 0.5400915383868807), ([[201, 1667], [301, 1667], [301, 1707], [201, 1707]], '후리리락', 0.5745840072631836), ([[1139.1644588494623, 469.0703072118277], [1224.8921714210178, 492.9672082555629], [1210.8355411505377, 537.9296927881724], [1125.1078285789822, 514.0327917444371]], '따 끈', 0.7687891293238455), ([[1031.9153477109066, 690.1190646990802], [1088.5186891944677, 701.8595682763048], [1078.0846522890934, 744.8809353009198], [1022.4813108055323, 733.1404317236952]], '취임', 0.1763201945608912), ([[103.22697931747608, 1272.0428138572847], [267.97638303592583, 1316.4254743382178], [249.77302068252393, 1375.9571861427153], [84.02361696407417, 1331.5745256617822]], '@@행', 0.0750878002944076)]
[([[819, 533], [861, 533], [861, 569], [819, 569]], '과', 0.9685537887085651), ([[996, 528], [1024, 528], [1024, 562], [996, 562]], '트', 0.039373460270511806), ([[938, 556], [968, 556], [968, 590], [938, 590]], '트', 0.10190582683876315), ([[884, 576], [912, 576], [912, 610], [884, 610]], '트', 0.07926299641745604), ([[204, 918], [244, 918], [244, 946], [204, 946]], '썰렁', 0.9765217122467253), ([[962, 956], [1039, 956], [1039, 1005], [962, 1005]], '풍당', 0.3546045301912554), ([[325, 1055], [377, 1055], [377, 1099], [325, 1099]], '과', 0.8427532970838456), ([[391, 1083], [427, 1083], [427, 1127], [391, 1127]], '트', 0.18777357117041849), ([[466, 1100], [496, 1100], [496, 1138], [466, 1138]], '르', 0.23197262184204792), ([[670, 1102], [700, 1102], [700, 1140], [670, 1140]], '크', 0.0632166876583975), ([[19.799463576526584, 1261.028842391753], [364.17876248409226, 1312.632771503479], [323.2005364234734, 1518.971157608247], [-21.178762484092278, 1468.367228496521]], '사약', 0.45176403701482987)]
[([[899, 1527], [919, 1527], [919, 1551], [899, 1551]], '추', 0.2802490151347037)]
[([[420, 270], [516, 270], [516, 384], [420, 384]], '^', 0.22122710142460367), ([[212, 572], [250, 572], [250, 600], [212, 600]], '따뜻', 0.9984983853349855), ([[266, 598], [290, 598], [290, 624], [266, 624]], '0', 0.4406965184870195), ([[236, 624], [274, 624], [274, 650], [236, 650]], '따뜻', 0.9949327440383575), ([[20, 1758], [50, 1758], [50, 1782], [20, 1782]], '애', 0.007036821832331841), ([[1037.2106731229717, 486.02835640930675], [1117.2483689793419, 473.49057094918805], [1139.7893268770283, 646.9716435906932], [1059.7516310206581, 659.509429050812]], '특', 0.09379755441694115), ([[977.0729607040108, 1457.0866917312576], [1048.8148200985709, 1476.6518503724], [1035.927039295989, 1519.9133082687424], [964.1851799014291, 1500.3481496276]], '엉에', 0.020771127862911794)]
[([[717, 267], [761, 267], [761, 305], [717, 305]], '다', 0.999998569489037), ([[629, 483], [659, 483], [659, 499], [629, 499]], '~_', 0.20656276601721207), ([[759, 493], [783, 493], [783, 505], [759, 505]], '(7', 0.2807918572367076), ([[396, 816], [536, 816], [536, 940], [396, 940]], '스', 0.5173335431255168), ([[703, 829], [813, 829], [813, 977], [703, 977]], '특', 0.31925867481820447)]
[([[498, 34], [584, 34], [584, 90], [498, 90]], '흉빛', 0.21143032792177288), ([[675, 315], [705, 315], [705, 335], [675, 335]], '쓰우', 0.9033778329552767), ([[660, 352], [692, 352], [692, 376], [660, 376]], '쓰우', 0.6678932197629854), ([[1036, 904], [1074, 904], [1074, 930], [1036, 930]], '따뜻', 0.9978444483130561), ([[3, 1087], [91, 1087], [91, 1171], [3, 1171]], '스우"', 0.1692289909233815), ([[962, 1150], [1030, 1150], [1030, 1198], [962, 1198]], '혈@', 0.06335334915183799), ([[1086, 1756], [1122, 1756], [1122, 1788], [1086, 1788]], '건', 0.5697566354067476), ([[0, 1783], [19, 1783], [19, 1807], [0, 1807]], "'0", 0.9500437498448165), ([[1053, 1771], [1095, 1771], [1095, 1811], [1053, 1811]], '뇨', 0.2683807585458773), ([[957.1051750205921, 1019.1365600658949], [996.7469320905739, 1027.7940298138944], [989.8948249794079, 1056.8634399341051], [950.2530679094261, 1048.2059701861056]], '(따뜻', 0.984106148321319)]
[([[1162, 570], [1218, 570], [1218, 636], [1162, 636]], '댐', 0.21928436041920296), ([[1171, 633], [1211, 633], [1211, 703], [1171, 703]], '굶', 0.09849571510029875), ([[110, 830], [146, 830], [146, 856], [110, 856]], '옛추', 0.534394557134681), ([[496, 1250], [590, 1250], [590, 1330], [496, 1330]], '사', 0.9998395507327729), ([[1048, 1274], [1144, 1274], [1144, 1386], [1048, 1386]], '락', 0.8573764313268839), ([[1120.817871102149, 290.0701172580506], [1219.782276668784, 309.21757211105813], [1200.182128897851, 393.9298827419494], [1101.217723331216, 373.78242788894187]], '냉률', 0.045889619717021914)]
[]
[([[1039, 131], [1055, 131], [1055, 155], [1039, 155]], '위', 0.08748217850269668), ([[1065, 393], [1105, 393], [1105, 429], [1065, 429]], '풀쩍', 0.416443726820161), ([[1026, 1266], [1122, 1266], [1122, 1340], [1026, 1340]], '꼬용', 0.49848578695501183)]
[([[14, 322], [82, 322], [82, 376], [14, 376]], '꼬욕', 0.2802835532570239), ([[610, 1476], [664, 1476], [664, 1532], [610, 1532]], '꼬', 0.9991703562840293), ([[1081, 1571], [1185, 1571], [1185, 1655], [1081, 1655]], '오욕', 0.3000517961009871), ([[249, 1733], [269, 1733], [269, 1763], [249, 1763]], '주', 0.05085218662949509), ([[442, 1754], [482, 1754], [482, 1786], [442, 1786]], '조옥', 0.18152297424372077), ([[219, 1765], [261, 1765], [261, 1807], [219, 1807]], '주옷', 0.2231180220754734), ([[195, 1795], [209, 1795], [209, 1823], [195, 1823]], '옷', 0.9835749233923394), ([[4.963203131951248, 979.0902578521221], [75.56551325210317, 996.7583349401251], [61.036796868048754, 1047.909742147878], [-7.5655132521031785, 1030.241665059875]], '포근', 0.8720020162340539)]
[([[180, 88], [260, 88], [260, 160], [180, 160]], '출렁', 0.2514549145861357), ([[48, 576], [128, 576], [128, 650], [48, 650]], '출텅', 0.7522744020395246), ([[957, 703], [1037, 703], [1037, 771], [957, 771]], '출텅', 0.24452281638875573), ([[768, 1026], [824, 1026], [824, 1058], [768, 1058]], '하앗', 0.20573873790386646), ([[77, 1219], [145, 1219], [145, 1257], [77, 1257]], '아양', 0.9378149374868515), ([[760, 1486], [870, 1486], [870, 1584], [760, 1584]], "질'", 0.032957650217385066), ([[516, 1602], [620, 1602], [620, 1682], [516, 1682]], '헬월', 0.1183927227323161), ([[738.1961581007969, 1692.0323604498815], [840.9988863522433, 1762.850762890265], [788.8038418992031, 1835.9676395501185], [687.0011136477567, 1765.149237109735]], '질)', 0.25231194507249094)]
[([[821, 661], [891, 661], [891, 701], [821, 701]], '아양', 0.8086110972974023), ([[514, 1196], [740, 1196], [740, 1388], [514, 1388]], '질컷', 0.2586509255415508), ([[10, 1546], [126, 1546], [126, 1598], [10, 1598]], '아아', 0.9988295762653555), ([[708.8766329066244, 64.03715689002811], [907.3401542937669, 100.6733591432755], [874.1233670933756, 248.96284310997189], [675.6598457062331, 211.32664085672448]], '질력', 0.05201976536176783), ([[986.2057158810163, 422.01660955629023], [1173.928571175718, 570.354037289068], [1070.7942841189836, 698.9833904437097], [883.0714288242821, 551.645962710932]], '질력', 0.2074188113786696)]
[([[94, 48], [221, 48], [221, 148], [94, 148]], '움빛', 0.042231342367067895), ([[1000, 46], [1180, 46], [1180, 194], [1000, 194]], '아', 0.9920861559720748), ([[591, 365], [855, 365], [855, 587], [591, 587]], '아', 0.7432912375618486), ([[32, 1198], [271, 1198], [271, 1351], [32, 1351]], '야', 0.7386447444347688), ([[183, 1413], [419, 1413], [419, 1621], [183, 1621]], '아', 0.973609468867437), ([[49, 1602], [280, 1602], [280, 1770], [49, 1770]], '야', 0.7010060175157697), ([[339.19961255822943, 56.035660652169845], [509.9393682517852, 108.9570737039584], [482.80038744177057, 185.96433934783016], [312.0606317482148, 132.0429262960416]], '소 움질', 0.041278988122940063), ([[610.0755305374755, 7.013356596653349], [1086.5286000678273, 162.52758026436135], [992.9244694625245, 416.98664340334665], [516.4713999321729, 261.47241973563865]], '아아', 0.7133156982035559)]
[([[844, 46], [918, 46], [918, 136], [844, 136]], '흉', 0.17624999242242723), ([[919, 165], [985, 165], [985, 225], [919, 225]], '@', 0.9576923070983554), ([[964, 266], [1026, 266], [1026, 320], [964, 320]], '@', 0.9959003114946796), ([[416, 330], [454, 330], [454, 358], [416, 358]], '따끈', 0.9268978567302679), ([[879, 377], [933, 377], [933, 421], [879, 421]], '@', 0.8839462847409472), ([[637, 437], [737, 437], [737, 499], [637, 499]], '안 @', 0.12091699514371357), ([[412, 484], [452, 484], [452, 508], [412, 508]], '따끈', 0.9736486362052981), ([[226, 736], [282, 736], [282, 828], [226, 828]], '훈', 0.9385151345520768), ([[782, 774], [834, 774], [834, 868], [782, 868]], '훈', 0.6358730875463472), ([[15, 1749], [315, 1749], [315, 1793], [15, 1793]], '출난0없0.`)', 0.010393612633620328)]
[([[846, 44], [918, 44], [918, 134], [846, 134]], '흙', 0.050747460482839735), ([[919, 165], [985, 165], [985, 225], [919, 225]], '@', 0.9970606738700418), ([[964, 264], [1026, 264], [1026, 318], [964, 318]], '@', 0.9994489713834618), ([[416, 330], [454, 330], [454, 356], [416, 356]], '따끈', 0.9658213517796087), ([[874, 372], [936, 372], [936, 422], [874, 422]], '@', 0.9976883196677342), ([[415, 489], [437, 489], [437, 501], [415, 501]], '[다', 0.2336187213127715), ([[115, 509], [597, 509], [597, 571], [115, 571]], '안녕하세요. 유일무리입니다.', 0.6638119349523965), ([[117, 583], [197, 583], [197, 625], [117, 625]], '이거', 0.999949592741294), ([[201, 573], [937, 573], [937, 637], [201, 637]], '번역할계 사실상 거의 없는 만화이긴 한데', 0.3331879217241496), ([[115, 637], [499, 637], [499, 705], [115, 705]], '심심풀이경 트레이님경', 0.7686031134815852), ([[520, 634], [1127, 634], [1127, 707], [520, 707]], '효과음 완전번역질올 해 보앗습니다.', 0.8892663964265618), ([[115, 705], [431, 705], [431, 773], [115, 773]], '정말로 훈훈합니다.', 0.6536222706684206), ([[228, 758], [282, 758], [282, 832], [228, 832]], '운', 0.9216223893571716), ([[784, 772], [834, 772], [834, 870], [784, 870]], '훈', 0.9026313507662032), ([[14, 1746], [315, 1746], [315, 1794], [14, 1794]], '출40짓09)', 0.018793908227077053), ([[948, 1751], [1251, 1751], [1251, 1849], [948, 1849]], '@로자람', 0.07144232421211398), ([[921.7152330911474, 1521.286093236459], [1157.3719188345929, 1456.5309072939847], [1177.2847669088526, 1532.713906763541], [941.6280811654073, 1597.4690927060153]], '{@으-뜨-@-?', 0.00015085706251054693), ([[1145.8418973634698, 1524.1359689265732], [1175.507568440067, 1496.0258292873436], [1246.1581026365302, 1575.8640310734268], [1216.492431559933, 1603.9741707126564]], '물', 0.14798615657868197)]
