684370
15
[([[230, 560], [288, 560], [288, 614], [230, 614]], '퍽', 0.11551984569955298), ([[57, 999], [267, 999], [267, 1041], [57, 1041]], '열다 % 데인 유', 0.10068085444356278), ([[5, 1034], [325, 1034], [325, 1077], [5, 1077]], '입다   웬스트다 티칼', 0.052561791267758465), ([[61.28026567843061, 151.3885579247043], [158.5938954694111, 142.24389198653776], [159.7197343215694, 179.6114420752957], [63.40610453058889, 188.75610801346224]], '퍼미', 0.3015029319035853), ([[-1.716470731235832, 193.65517634188774], [220.74794038993858, 165.43249814877626], [224.71647073123583, 209.34482365811226], [2.2520596100614174, 237.56750185122374]], '팬데만음3움', 0.06559034209721495), ([[33.671267835836886, 222.5754088880901], [204.67800859475372, 205.2347137378288], [207.3287321641631, 250.4245911119099], [36.32199140524629, 268.76528626217123]], '안돼의 8공', 0.032336942611211526), ([[286.0939460213589, 389.10396789184324], [318.56568542494927, 375.0402020253553], [343.9060539786411, 439.89603210815676], [311.43431457505073, 452.9597979746447]], '등', 0.176405346291042), ([[2.162681821950562, 517.0502591221897], [237.98175559537663, 556.4949368292706], [224.83731817804943, 613.9497408778103], [-10.981755595376622, 574.5050631707294]], '@ 묵과 에', 0.07875979991368626), ([[55.03156499751168, 574.0588329795958], [231.83771945826052, 603.3968301108104], [216.96843500248832, 671.9411670204042], [40.16228054173948, 642.6031698891896]], '말예#', 0.006543438706583515), ([[82.71806521676417, 677.3823891286161], [213.95626694777332, 659.3226525800703], [218.28193478323584, 719.6176108713839], [87.04373305222667, 737.6773474199297]], '@5이', 0.0744758387960209)]
[([[60, 280], [134, 280], [134, 312], [60, 312]], '바 보;', 0.8827754419976308), ([[663, 287], [735, 287], [735, 325], [663, 325]], '리글', 0.832294533220589), ([[669, 321], [739, 321], [739, 361], [669, 361]], '리글-', 0.840033184585333), ([[50, 686], [132, 686], [132, 710], [50, 710]], '소리내 면', 0.6872782865486147), ([[62, 712], [120, 712], [120, 736], [62, 736]], '안 돼신', 0.18133732255831456), ([[14, 1050], [58, 1050], [58, 1082], [14, 1082]], '03', 0.9999940994463072), ([[542.3541871006132, 919.0232006985237], [649.5795002008524, 1017.2811443025467], [598.6458128993868, 1075.9767993014764], [490.4204997991476, 977.7188556974533]], '이95', 0.07679021216313599), ([[622.4199852094342, 1031.085951191133], [660.9951502016725, 1050.860803474302], [652.5800147905658, 1067.914048808867], [614.0048497983275, 1048.139196525698]], '00 9', 0.4391066486489458)]
[]
[([[97.3351366892331, 813.0746014326256], [121.58834840541455, 807.0582579729272], [133.6648633107669, 862.9253985673744], [109.41165159458545, 867.9417420270728]], '1', 0.0324292935511894)]
[([[60, 800], [122, 800], [122, 824], [60, 824]], '넣 올 게', 0.29651618034038324), ([[717, 1053], [767, 1053], [767, 1091], [717, 1091]], '06', 0.9981002961286792)]
[([[115, 509], [189, 509], [189, 551], [115, 551]], '참-', 0.9944594982857772), ([[14, 1060], [62, 1060], [62, 1092], [14, 1092]], '07', 0.5488188053412693)]
[([[717, 1053], [763, 1053], [763, 1089], [717, 1089]], '08', 0.9997925595140182)]
[([[176, 778], [274, 778], [274, 878], [176, 878]], '사', 0.8317097547775489), ([[9, 1055], [61, 1055], [61, 1095], [9, 1095]], '09', 0.9977880076872039)]
[([[439, 165], [475, 165], [475, 181], [439, 181]], '아 -', 0.9976326155423856), ([[466, 170], [586, 170], [586, 210], [466, 210]], '좁더 형내-', 0.1598244855988894), ([[736, 1054], [762, 1054], [762, 1086], [736, 1086]], '0', 0.9998726885310703), ([[305.0729607040109, 123.08669173125764], [382.8646827535978, 143.84463784602053], [369.9270392959891, 185.91330826874236], [293.1353172464022, 165.15536215397947]], '민', 0.057000991284788194), ([[475.87867965644034, 153.87867965644037], [607.876626392929, 142.14851858769302], [609.1213203435597, 168.12132034355963], [477.123373607071, 180.85148141230698]], '나온다나와-', 0.5455772450792112), ([[95.86757481053463, 857.0922063442613], [141.54948034200555, 824.0215996565295], [212.13242518946538, 931.9077936557387], [166.45051965799445, 964.9784003434705]], '동', 0.11617646441742924)]
[([[34, 300], [187, 300], [187, 349], [34, 349]], "'조금-이라면", 0.8637556893016837), ([[124, 336], [180, 336], [180, 362], [124, 362]], "어 '요", 0.3697132170200348), ([[2, 337], [128, 337], [128, 385], [2, 385]], '묶올 수%', 0.1542586894258239), ([[33, 1049], [69, 1049], [69, 1087], [33, 1087]], '7]', 0.5244497302738608), ([[470.99508749336485, 173.05627869094704], [520.4992301766027, 127.0138568211513], [647.0049125066352, 279.943721309053], [597.5007698233973, 324.9861431788487]], '*', 0.22967023515008123)]
[([[715, 1045], [767, 1045], [767, 1089], [715, 1089]], '12', 0.8757538713252055)]
[([[13, 1047], [61, 1047], [61, 1089], [13, 1089]], '13', 0.9277626075321402)]
[([[15, 39], [47, 39], [47, 53], [15, 53]], '63 ;', 0.9151635529452353), ([[45, 35], [325, 35], [325, 55], [45, 55]], '화장실 에서 소리낮 추교 옛치라던가', 0.28384194643881994), ([[331, 37], [365, 37], [365, 55], [331, 55]], '쫓 아', 0.3490428626537323), ([[15, 82], [293, 82], [293, 103], [15, 103]], '64 ; 사후. 질내사정한거 눈치 못괜계', 0.28254462955834725), ([[299, 85], [333, 85], [333, 103], [299, 103]], '초 아', 0.235079696252648), ([[15, 135], [37, 135], [37, 149], [15, 149]], '05', 0.5866210076041628), ([[47, 133], [119, 133], [119, 151], [47, 151]], '입은채로', 0.8924826383590698), ([[125, 131], [271, 131], [271, 151], [125, 151]], '기 승 위라던가 초아', 0.2714962435294195), ([[47, 181], [241, 181], [241, 199], [47, 199]], '입구에 자,대느 거라던가', 0.243785644307518), ([[247, 181], [281, 181], [281, 199], [247, 199]], '죽 아', 0.5465129761376911), ([[15, 227], [287, 227], [287, 247], [15, 247]], '67 ; 자보에 팬티 터느거라던가 쫓아', 0.24057659802793085), ([[15, 279], [45, 279], [45, 293], [15, 293]], '68 ;', 0.932899963873586), ([[45, 275], [277, 275], [277, 295], [45, 295]], '초-하면서 소으로 하눈계쪽 아', 0.23557055337344346), ([[15, 325], [101, 325], [101, 343], [15, 343]], '69 ; 뒤에서', 0.7206084151003316), ([[107, 323], [257, 323], [257, 343], [107, 343]], '소 으로 하눈계 쫓아', 0.30394609017202057), ([[15, 375], [43, 375], [43, 389], [15, 389]], '16 ;', 0.6745532352262195), ([[43, 371], [131, 371], [131, 391], [43, 391]], '옷 입 은채로', 0.5794648345958192), ([[139, 373], [285, 373], [285, 391], [139, 391]], '뒤에서하 눈계 쫓 아', 0.3077924339132234), ([[15, 421], [187, 421], [187, 439], [15, 439]], '" : 가슴 넥타 이가 초 아', 0.665566272386519), ([[15, 467], [339, 467], [339, 487], [15, 487]], '12 : 덥으로 파;리님 그리논거별 이여논데', 0.1388957581266316), ([[17, 493], [175, 493], [175, 511], [17, 511]], '파 이 조리시 켜버로다', 0.36350212846048346), ([[15, 541], [149, 541], [149, 559], [15, 559]], '13 : 니 토 리책에서', 0.5695457076721331), ([[155, 539], [249, 539], [249, 559], [155, 559]], '표지의 장면', 0.9793214029556493), ([[15, 562], [181, 562], [181, 583], [15, 583]], '공으로학지 수로함지', 0.6149963744903131), ([[187, 565], [293, 565], [293, 583], [187, 583]], '고 민해버켜다', 0.6444603469195005), ([[43, 611], [349, 611], [349, 631], [43, 631]], '체 중 이람 뱃살 올 신경쓰는 여자가 쫓아', 0.39101332517182363), ([[311, 681], [339, 681], [339, 697], [311, 697]], '69', 0.11186315676084377)]
[([[328, 8], [446, 8], [446, 38], [328, 38]], '여자 후 기', 0.5158869322942846), ([[194, 42], [270, 42], [270, 66], [194, 66]], '이 야-', 0.9874235987663269), ([[272, 34], [581, 34], [581, 73], [272, 73]], '야한부분은 집어치우 고', 0.6224386774934512), ([[107, 67], [411, 67], [411, 103], [107, 103]], '단순히 머리묶눈장면이', 0.3845454468449717), ([[420, 70], [664, 70], [664, 102], [420, 102]], '상당히 맘에드네 요', 0.4588590738284416), ([[328, 128], [448, 128], [448, 160], [328, 160]], '식자후 기', 0.6172131863087233), ([[200, 158], [574, 158], [574, 188], [200, 188]], '파 일 노 리에서 어편 업로 더가', 0.613123389457564), ([[211, 187], [417, 187], [417, 223], [211, 223]], '리글 사랑하다!', 0.5099843838047706), ([[434, 192], [492, 192], [492, 216], [434, 216]], '라 고', 0.5174381136894226), ([[500, 190], [592, 190], [592, 218], [500, 218]], '하길래', 0.8384542597414314), ([[156, 217], [619, 217], [619, 253], [156, 253]], '존나 날로 먹논게 하나 아길래 해다', 0.4837228873115871), ([[184, 278], [588, 278], [588, 310], [184, 310]], '이거 하느데 컴라면 고개 만드 눈', 0.27540246766123594), ([[198, 308], [578, 308], [578, 340], [198, 340]], '시간밖 에 안 걸림 역시 낙서책', 0.6296651587360594), ([[252, 370], [524, 370], [524, 402], [252, 402]], '그러니까 딸챙이 들아', 0.6287601597561436), ([[238, 400], [534, 400], [534, 430], [238, 430]], '[2?업로더들에게 백날', 0.08922870151161408), ([[189, 426], [535, 426], [535, 464], [189, 464]], '이거 번여해 죽수 잇냐요?"', 0.27783586430622503), ([[552, 430], [610, 430], [610, 458], [552, 458]], '해도', 0.9999901376516928), ([[259, 457], [517, 457], [517, 493], [259, 493]], '번역본 잘 안나오다', 0.4979170069838952), ([[106, 518], [670, 518], [670, 550], [106, 550]], '코카 콜라 회사에서 패시 달라고 하지말라 고', 0.5131901929942977), ([[480, 558], [644, 558], [644, 582], [480, 582]], '그[춥<학3)1+가0', 0.0004649272932264283), ([[419, 576], [706, 576], [706, 604], [419, 604]], "'스0니-1다3 <출륭<_순니초화 .", 0.0024885347558249397), ([[480, 598], [644, 598], [644, 622], [480, 622]], '손그손3소#<017', 0.017939389862505727), ([[518, 638], [614, 638], [614, 662], [518, 662]], '[- 스', 0.1919495314359665), ([[526, 660], [606, 660], [606, 684], [526, 684]], '[*>/?', 0.13631561060948102), ([[526, 700], [606, 700], [606, 724], [526, 724]], '미쫓{스춥다', 0.018145125617720765), ([[526, 720], [606, 720], [606, 744], [526, 744]], '0*>/?', 0.026585189900323575), ([[526, 760], [608, 760], [608, 784], [526, 784]], '[폐속다', 0.00968145951628685), ([[493, 779], [638, 779], [638, 807], [493, 807]], '5+*2#', 0.03675873436456862), ([[526, 822], [608, 822], [608, 846], [526, 846]], '다호소다', 0.09040874987840652), ([[467, 845], [669, 845], [669, 865], [467, 865]], ';+아어너@카+리;&;. 도3*신,라"목  ;명', 2.6634367956898655e-06), ([[481, 885], [651, 885], [651, 905], [481, 905]], '[즈^)+-+)2지', 0.02134007194758235), ([[543, 911], [593, 911], [593, 927], [543, 927]], '(리3니(0', 0.002806512862135834), ([[540, 944], [592, 944], [592, 968], [540, 968]], '[?다', 0.07744365930557251), ([[464, 964], [668, 964], [668, 990], [464, 990]], '훌+명;//-리*;.도`누싣라굳 ;명/', 9.038045828678066e-05), ([[496, 1004], [638, 1004], [638, 1030], [496, 1030]], '다급주78# 메*유다', 0.0011846210596867309), ([[534, 1046], [600, 1046], [600, 1070], [534, 1070]], '다#.다', 0.02644372545182705), ([[13, 1053], [49, 1053], [49, 1089], [13, 1089]], '(5', 0.7248112975643985)]
[([[436, 1048], [764, 1048], [764, 1080], [436, 1080]], '5527 티합다##예슷 시/  *342', 0.001134017967904231)]
