686160
25
[([[31, 13], [83, 13], [83, 29], [31, 29]], '박사 무', 0.009913495741784573), ([[23, 29], [91, 29], [91, 43], [23, 43]], '5권-훨`까|', 2.4935826451603375e-05), ([[64, 396], [260, 396], [260, 498], [64, 498]], '[제| >사', 0.006462380536438874), ([[519, 399], [605, 399], [605, 497], [519, 497]], '닐', 0.01453778882642981), ([[181, 509], [257, 509], [257, 547], [181, 547]], '의머@', 0.012992681790610824), ([[266, 506], [422, 506], [422, 538], [266, 538]], '<깨미고디좋처-고', 0.00020443226321372853), ([[11, 675], [82, 675], [82, 720], [11, 720]], '헌글_', 0.17499227331507178), ([[128, 702], [186, 702], [186, 728], [128, 728]], '요타장', 0.0031710262846617945), ([[1, 717], [91, 717], [91, 761], [1, 761]], '번역림', 0.49048774280970603), ([[179, 697], [301, 697], [301, 765], [179, 765]], '.어', 0.2263390935787829), ([[429.98022872944, 495.105097901312], [517.790644308719, 509.56831319509547], [509.01977127056, 552.894902098688], [421.20935569128096, 538.4316868049045]], '-@훨', 0.00402058541435565)]
[]
[([[432, 430], [456, 430], [456, 460], [432, 460]], '0', 0.14776822516120092), ([[667, 953], [729, 953], [729, 993], [667, 993]], '저건', 0.9998309953206692), ([[641, 1003], [731, 1003], [731, 1043], [641, 1043]], '마을의', 0.9991706986236288), ([[661, 1055], [737, 1055], [737, 1091], [661, 1091]], '아이?', 0.9998695767878186), ([[354.42039851764594, 440.58283688705643], [417.81922194366166, 385.28244531992044], [449.57960148235406, 430.41716311294357], [386.18077805633834, 484.71755468007956]], '꽤', 0.056291706061561086)]
[([[604, 32], [638, 32], [638, 56], [604, 56]], '기분', 0.9993530228982884), ([[599, 65], [643, 65], [643, 109], [599, 109]], '초야', 0.06969147263614078), ([[275, 167], [331, 167], [331, 187], [275, 187]], '좋젯다아', 0.05286421999335289), ([[295, 185], [325, 185], [325, 203], [295, 203]], '나도', 0.9999960381985386), ([[279, 203], [323, 203], [323, 223], [279, 223]], '저렇게', 0.7053912084146837), ([[281, 221], [323, 221], [323, 241], [281, 241]], '당하고', 0.9998904305837104), ([[275, 239], [317, 239], [317, 259], [275, 259]], '싶은걸', 0.42012471075530605), ([[520, 504], [606, 504], [606, 532], [520, 532]], '저, 저기', 0.9396238337417459), ([[548, 534], [598, 534], [598, 564], [548, 564]], '그런', 0.9999114084738541), ([[526, 562], [622, 562], [622, 594], [526, 594]], '아이보다', 0.9999089241027832), ([[538, 594], [596, 594], [596, 622], [538, 622]], '나흘:.', 0.22139008343219757), ([[526, 622], [620, 622], [620, 654], [526, 654]], '범해보지', 0.7405556527005875), ([[525, 651], [615, 651], [615, 687], [525, 687]], '않울래홀', 0.05760851502418518), ([[585, 777], [625, 777], [625, 831], [585, 831]], '욕다', 0.34844712940250483)]
[([[496, 114], [536, 114], [536, 138], [496, 138]], '아양!', 0.5969577417378724), ([[490, 138], [546, 138], [546, 164], [490, 164]], '갑자기', 0.9988995611616395), ([[484, 162], [554, 162], [554, 188], [484, 188]], '들어올어', 0.2461586892604828), ([[541, 697], [593, 697], [593, 715], [541, 715]], '아 아', 0.9871034524420118), ([[538, 732], [592, 732], [592, 758], [538, 758]], '젖꼭지', 0.7822215569581695), ([[556, 754], [594, 754], [594, 778], [556, 778]], '양대', 0.9940926793168493)]
[([[67, 85], [91, 85], [91, 103], [67, 103]], '아:', 0.9939683115237125), ([[384, 80], [422, 80], [422, 104], [384, 104]], '히이', 0.6568502168683172), ([[67, 115], [91, 115], [91, 133], [67, 133]], '아:', 0.9927211833024833), ([[387, 115], [415, 115], [415, 133], [387, 133]], '이뻐', 0.018549330761048106), ([[64, 142], [88, 142], [88, 166], [64, 166]], '앗', 0.5194114479247816), ([[568, 318], [622, 318], [622, 344], [568, 344]], '아이들', 0.9994714387600849), ([[570, 358], [608, 358], [608, 382], [570, 382]], '너무', 0.999971424556293), ([[568, 378], [624, 378], [624, 404], [568, 404]], '겪렬해', 0.41472849340174106), ([[457, 721], [507, 721], [507, 741], [457, 741]], '아아 ', 0.2764210660088825), ([[65, 725], [105, 725], [105, 773], [65, 773]], '혜', 0.4703879664584889), ([[457, 741], [509, 741], [509, 761], [457, 761]], '그래도', 0.9998843669891357), ([[464, 760], [502, 760], [502, 784], [464, 784]], '기분', 0.9997982068532238), ([[456, 780], [512, 780], [512, 806], [456, 806]], '좋아아', 0.9988317095219067)]
[([[551, 51], [573, 51], [573, 71], [551, 71]], '저', 0.9999272553144591), ([[546, 72], [584, 72], [584, 96], [546, 96]], '저기', 0.9999463053372296), ([[162, 110], [200, 110], [200, 136], [162, 136]], '아직', 0.9996959661736383), ([[485, 473], [571, 473], [571, 511], [485, 511]], '여기도', 0.999634545461022), ([[497, 521], [557, 521], [557, 561], [497, 561]], '다른', 0.9987285821479729), ([[481, 567], [573, 567], [573, 609], [481, 609]], '구멍이', 0.9970079981189909), ([[483, 615], [571, 615], [571, 657], [483, 657]], '있다겨', 0.9219679587414583)]
[([[211, 203], [235, 203], [235, 221], [211, 221]], '에:', 0.6460316106997179), ([[213, 225], [243, 225], [243, 245], [213, 245]], '에?', 0.9994368802602535), ([[139, 461], [193, 461], [193, 479], [139, 479]], '아 아', 0.8112910389900208), ([[137, 483], [153, 483], [153, 505], [137, 505]], '움', 0.8759077551920633), ([[170, 482], [208, 482], [208, 506], [170, 506]], '말도', 0.9997397109865219), ([[144, 528], [200, 528], [200, 554], [144, 554]], '이렇게', 0.9436678552944212), ([[144, 552], [202, 552], [202, 580], [144, 580]], '깊숙한', 0.9700396134586257), ([[136, 576], [196, 576], [196, 602], [136, 602]], '곳까지:', 0.9829386472702026), ([[142.41000317999047, 505.45600508798475], [195.62510212725326, 501.5478158444982], [196.58999682000953, 526.5439949120153], [143.37489787274674, 530.4521841555018]], '안되 ', 0.5619497895240784)]
[([[508, 34], [560, 34], [560, 58], [508, 58]], '에, 서,', 0.5487550409697083), ([[518, 58], [556, 58], [556, 84], [518, 84]], '설마', 0.999728753658991), ([[518, 82], [556, 82], [556, 108], [518, 108]], '벌써', 0.9999517000532567), ([[502, 106], [570, 106], [570, 132], [502, 132]], '사정하는', 0.8436894416809082), ([[512, 130], [560, 130], [560, 154], [512, 154]], '거야?', 0.9994465257298221), ([[68, 230], [108, 230], [108, 258], [68, 258]], '잠깐', 0.9999771564845276), ([[60, 254], [104, 254], [104, 280], [60, 280]], '기다', 0.9999441137362786), ([[565, 573], [589, 573], [589, 591], [565, 591]], '아:', 0.517954312210911), ([[565, 597], [589, 597], [589, 615], [565, 615]], '아:', 0.6438142717406099), ([[62, 640], [86, 640], [86, 664], [62, 664]], '배', 0.9999564890826242), ([[235, 653], [265, 653], [265, 669], [235, 669]], '7야', 0.2009253926065757), ([[67, 665], [87, 665], [87, 687], [67, 687]], '배', 0.9999860525617557), ([[50, 686], [88, 686], [88, 714], [50, 714]], '안에', 0.9955234889884381), ([[527, 813], [571, 813], [571, 867], [527, 867]], '직로', 0.03480157720117493), ([[524, 864], [574, 864], [574, 890], [524, 890]], '있어"', 0.14030829611521392)]
[([[367, 205], [391, 205], [391, 223], [367, 223]], '아:', 0.9942842045332242), ([[69, 239], [111, 239], [111, 259], [69, 259]], '이거:', 0.9207983002439316), ([[67, 259], [124, 259], [124, 286], [67, 286]], '최고야', 0.9999497575428488), ([[79, 289], [109, 289], [109, 307], [79, 307]], '아:', 0.4848189696245571), ([[238, 630], [282, 630], [282, 656], [238, 656]], '하아', 0.9999844899949775), ([[224, 658], [274, 658], [274, 682], [224, 682]], '하아 ', 0.7327715418975587), ([[210, 686], [308, 686], [308, 712], [210, 712]], '아양 아래에', 0.8119150791519739), ([[240, 716], [278, 716], [278, 740], [240, 740]], '잇는', 0.16443926828447256), ([[224, 742], [294, 742], [294, 768], [224, 768]], '구멍에도', 0.9886850714683533), ([[214, 770], [274, 770], [274, 796], [214, 796]], '빨리 싸', 0.9814458624778721)]
[([[160, 94], [200, 94], [200, 118], [160, 118]], '안에', 0.9975273820611036), ([[535, 133], [567, 133], [567, 153], [535, 153]], '에', 0.9992927371752245), ([[516, 154], [590, 154], [590, 178], [516, 178]], '뭐 뛰야?', 0.7249720410371137), ([[170, 806], [226, 806], [226, 830], [170, 830]], '에에!?', 0.9871304631233215), ([[181, 835], [215, 835], [215, 853], [181, 853]], '뭐 .', 0.43076746193631593), ([[182, 854], [208, 854], [208, 880], [182, 880]], '잠', 0.9998121349838129), ([[166, 880], [226, 880], [226, 906], [166, 906]], '그 만 .', 0.5675057637694965)]
[([[141, 293], [175, 293], [175, 313], [141, 313]], '아 ', 0.6590296427759492), ([[135, 317], [193, 317], [193, 337], [135, 337]], '아  이', 0.8042081883141139), ([[138, 338], [188, 338], [188, 362], [138, 362]], '이거 ', 0.5258960943051533), ([[133, 367], [195, 367], [195, 385], [133, 385]], '뭐; 야:', 0.2504358170565676), ([[565, 505], [603, 505], [603, 525], [565, 525]], '갑자기', 0.9722984745557066), ([[565, 529], [609, 529], [609, 549], [565, 549]], '감도가', 0.9996894657349068), ([[71, 539], [123, 539], [123, 557], [71, 557]], '강하게  ', 0.5406457587598731), ([[73, 563], [121, 563], [121, 579], [73, 579]], '되서  ?', 0.8885261609486207), ([[349, 737], [391, 737], [391, 757], [349, 757]], '아  앗', 0.31016337871551514)]
[([[43, 89], [89, 89], [89, 107], [43, 107]], '아 에:', 0.8601781129837036), ([[57, 115], [99, 115], [99, 131], [57, 131]], '뭐  야', 0.8001137938938793), ([[252, 136], [294, 136], [294, 168], [252, 168]], '7+', 0.13276634453411953), ([[537, 733], [579, 733], [579, 751], [537, 751]], '실 어,', 0.38624653220176697), ([[535, 755], [583, 755], [583, 775], [535, 775]], '설 설마', 0.9993776679039001), ([[537, 779], [581, 779], [581, 799], [537, 799]], '이뤄게', 0.393224533781653), ([[525, 803], [593, 803], [593, 823], [525, 823]], '근걸  . 넣올', 0.1678512035232215), ([[553, 829], [577, 829], [577, 847], [553, 847]], '셈?', 0.9999754706222831), ([[217, 903], [257, 903], [257, 945], [217, 945]], '47', 0.628448268487662)]
[([[167, 23], [255, 23], [255, 65], [167, 65]], '세77', 0.8638984440228547), ([[111, 69], [163, 69], [163, 89], [111, 89]], '무 무리', 0.9403542919759103), ([[111, 93], [167, 93], [167, 113], [111, 113]], '무리라니', 0.9999093413352966), ([[577, 91], [627, 91], [627, 129], [577, 129]], '거절울"', 0.14800646901130676), ([[578, 120], [636, 120], [636, 144], [578, 144]], '들어가지', 0.9406344294548035), ([[581, 151], [627, 151], [627, 169], [581, 169]], '암- 아', 0.8756370544433594), ([[71, 295], [111, 295], [111, 307], [71, 307]], '아 - 아', 0.2166982222683829)]
[([[195, 229], [258, 229], [258, 253], [195, 253]], '아  아', 0.34046751260757446), ([[462, 206], [560, 206], [560, 254], [462, 254]], '(#', 0.0407960630155227), ([[219, 261], [253, 261], [253, 281], [219, 281]], '이런', 0.9998098387156548), ([[279, 671], [311, 671], [311, 689], [279, 689]], '무;_', 0.4181777139644992), ([[280, 692], [314, 692], [314, 716], [280, 716]], '말도', 0.9982786511942678), ([[272, 716], [312, 716], [312, 740], [272, 740]], '안되:', 0.7186807761732015), ([[45, 849], [67, 849], [67, 869], [45, 869]], "개'", 0.5384026086949635), ([[38, 872], [74, 872], [74, 896], [38, 896]], '전부', 0.9999559989736939)]
[([[588, 54], [614, 54], [614, 78], [588, 78]], '이,', 0.8392357933956566), ([[585, 87], [621, 87], [621, 107], [585, 107]], '이제', 0.9998962360358216), ([[582, 114], [622, 114], [622, 140], [582, 140]], '양대', 0.9831277067370875), ([[108, 148], [134, 148], [134, 172], [108, 172]], '괴', 0.8875642928467222), ([[86, 178], [156, 178], [156, 202], [86, 202]], '(괴로운데', 0.5098649507429458), ([[103, 211], [133, 211], [133, 231], [103, 231]], '에:', 0.7965425631550899), ([[512, 324], [586, 324], [586, 356], [512, 356]], '기분이', 0.9994238150288696), ([[524, 366], [574, 366], [574, 396], [524, 396]], '너무', 0.9999711716773277), ([[511, 403], [589, 403], [589, 439], [511, 439]], '좋아아', 0.9963493562672365), ([[569, 791], [623, 791], [623, 811], [569, 811]], '머리가 ', 0.9810389280319214), ([[87, 815], [131, 815], [131, 833], [87, 833]], '이제는', 0.6872127745795686), ([[570, 814], [628, 814], [628, 838], [570, 838]], '범해지고', 0.9920768141746521), ([[97, 835], [127, 835], [127, 851], [97, 851]], '뭐가', 0.9391027033734285), ([[571, 839], [627, 839], [627, 859], [571, 859]], '나서부터', 0.999809205532074), ([[89, 851], [127, 851], [127, 869], [89, 869]], '원지 *', 0.5766729116439819), ([[75, 867], [145, 867], [145, 887], [75, 887]], '모르켓어어', 0.5017751631166305)]
[([[547, 207], [585, 207], [585, 223], [547, 223]], '아아:', 0.6352109453143715), ([[573, 223], [593, 223], [593, 245], [573, 245]], '또', 0.9999486214561593), ([[552, 238], [590, 238], [590, 262], [552, 262]], '싸고', 0.9305065865565596), ([[544, 258], [598, 258], [598, 284], [544, 284]], '있어어', 0.9972322138223616), ([[47, 809], [77, 809], [77, 829], [47, 829]], '너무', 0.9999863444483912), ([[41, 829], [83, 829], [83, 849], [41, 849]], '많아 ', 0.9819996860664736), ([[45, 845], [79, 845], [79, 865], [45, 865]], '배가', 0.9993595965667899), ([[38, 862], [86, 862], [86, 886], [38, 886]], '터질꺼', 0.7555447105574945), ([[33, 887], [87, 887], [87, 905], [33, 905]], '같아아:', 0.5309005379676819), ([[111, 885], [159, 885], [159, 921], [111, 921]], '(대', 0.06752348945193416)]
[([[67, 71], [137, 71], [137, 89], [67, 89]], '괴로어   배', 0.5068625352623888), ([[572, 76], [634, 76], [634, 100], [572, 100]], '더 이상은', 0.9885335468842), ([[65, 95], [137, 95], [137, 113], [65, 113]], '가  아파아', 0.924712041329843), ([[561, 97], [625, 97], [625, 117], [561, 117]], '무리이이!', 0.9967896346826943), ([[91, 121], [113, 121], [113, 137], [91, 137]], '아!', 0.3021496669526061), ([[562, 114], [640, 114], [640, 138], [562, 138]], '이상 싸는건', 0.35785356072872176), ([[561, 153], [623, 153], [623, 171], [561, 171]], '그만   뒤;', 0.6512471263107772), ([[148, 604], [210, 604], [210, 628], [148, 628]], '괴로운데:', 0.9845407004698646), ([[155, 627], [213, 627], [213, 647], [155, 647]], '괴로운데', 0.9986340999603271), ([[161, 647], [207, 647], [207, 667], [161, 667]], '가능게', 0.770977454280947), ([[70, 664], [118, 664], [118, 694], [70, 694]], '*3', 0.048176998744816284), ([[161, 667], [207, 667], [207, 687], [161, 687]], '멈추지', 0.9981850166752351), ([[151, 689], [219, 689], [219, 707], [151, 707]], '암  아버', 0.27037503329530227)]
[([[99, 67], [127, 67], [127, 85], [99, 85]], '아:', 0.7332750140789126), ([[99, 97], [127, 97], [127, 115], [99, 115]], '아:', 0.6053937590792071), ([[232, 667], [275, 667], [275, 694], [232, 694]], '하아', 0.9999602978995441), ([[226, 688], [270, 688], [270, 712], [226, 712]], '하아', 0.9999868502085879), ([[221, 731], [271, 731], [271, 751], [221, 751]], '드디어', 0.9999736398741442), ([[218, 750], [274, 750], [274, 776], [218, 776]], '끝낫다:', 0.5195412039756775)]
[([[134, 52], [158, 52], [158, 76], [134, 76]], '거', 0.9999971389790971), ([[114, 76], [170, 76], [170, 100], [114, 100]], '거짓말:', 0.9710005521774292), ([[114, 100], [154, 100], [154, 124], [114, 124]], '설마:', 0.9844254390101413), ([[134, 124], [164, 124], [164, 148], [134, 148]], '또?', 0.9996078882416655), ([[168, 448], [218, 448], [218, 472], [168, 472]], '아아니', 0.5131514898109842), ([[77, 783], [155, 783], [155, 803], [77, 803]], '그래도:  이', 0.8382673437791779), ([[60, 806], [174, 806], [174, 830], [60, 830]], '상태에서 머리가', 0.7869474109131025), ([[74, 830], [156, 830], [156, 854], [74, 854]], '또범해지면', 0.9993200312683233), ([[92, 854], [140, 854], [140, 878], [92, 878]], '어떻게', 0.9375293613984371), ([[62, 880], [132, 880], [132, 904], [62, 904]], '되논걸까 -', 0.2931636537941423)]
[([[48, 78], [140, 78], [140, 108], [48, 108]], '하산귀손', 0.021459732204675674), ([[46, 132], [596, 132], [596, 162], [46, 162]], "#(차:니' *소간창-내나)디라 83830+--중", 3.8190087626910175e-06), ([[46, 157], [559, 157], [559, 187], [46, 187]], '충학 20까충국?배-<이:50+ {3270 총하1', 0.0006214540794721541), ([[46, 212], [390, 212], [390, 242], [46, 242]], '손다 르미즐염구쨌국#디(끝+', 6.434462200336433e-05), ([[48, 236], [619, 236], [619, 268], [48, 268]], '#미##(초손+라+등소교(천0하산+손<습-<찾(끝+:', 2.2950122853108653e-05), ([[48, 263], [614, 263], [614, 294], [48, 294]], '*|금#;히구개한(-##<오#)5#( 안미#?< (=', 1.7999302603349196e-05), ([[46, 288], [529, 288], [529, 324], [46, 324]], '+.133++32}듯초33고4*1<묘돌 :소.', 0.0002584985803482397), ([[48, 318], [210, 318], [210, 348], [48, 348]], '틈히7디0초"', 0.0012739058834212546), ([[48, 342], [402, 342], [402, 374], [48, 374]], '|률미이떤+<토묘이 쨌국가촌. ..', 0.00019880304784875645), ([[48, 370], [444, 370], [444, 402], [48, 402]], '#충소국순(-창신+소 타니운소".', 0.00022098333814514219), ([[48, 422], [538, 422], [538, 454], [48, 454]], '*#커소거듯(##3++구초#고3관볶?<:합', 0.00015869012278521514), ([[50, 450], [328, 450], [328, 482], [50, 482]], '논13+없#굳 쇼0<충하', 6.478283103666081e-05), ([[46, 473], [437, 473], [437, 510], [46, 510]], '{010++3/6디*/503 #(하디', 0.011883489064735782), ([[47, 525], [611, 525], [611, 562], [47, 562]], '본+고(<습극미0 빼국가. `스비2| + 뉴구#모나#니디하', 4.2702550521428356e-05), ([[49, 553], [611, 553], [611, 590], [49, 590]], '손습30* ^-3없03소<기미~-흔화.고려쫓내<', 0.000902868530880738), ([[50, 583], [289, 583], [289, 613], [50, 613]], '수-4초뉴?1+523.', 0.004389219277970409), ([[49, 606], [629, 606], [629, 642], [49, 642]], '20<54디규:3-미~*손(2*?*내+.3025<501', 0.0009649305744362819), ([[50, 636], [490, 636], [490, 668], [50, 668]], '"꼼+ #(초?10-###?끔:-(:(소귀;', 1.2700130385733137e-05), ([[48, 659], [501, 659], [501, 696], [48, 696]], '*3에(3*<*난0573*3*+내:합  .', 0.0007902961273860791), ([[50, 690], [388, 690], [388, 720], [50, 720]], '혼+2쿠히즐2017 초소미', 0.0011544120325222124), ([[52, 742], [460, 742], [460, 774], [52, 774]], '당미숙자 슬{(<폐니소유#-훨숙해사!', 9.210525735373548e-05), ([[48, 764], [539, 764], [539, 802], [48, 802]], '태국 4도다3]-위구:. (1+ ?중축몇5내니<하채;', 3.5413435767902275e-06), ([[48, 791], [529, 791], [529, 828], [48, 828]], '고01순 (박(다#(<연:50/산3고하이:31', 0.0002977355608739935)]
[([[13, 867], [359, 867], [359, 903], [13, 903]], '6#0 8773*5 _ 단  향니 !', 0.009107810531285409), ([[12, 900], [202, 900], [202, 926], [12, 926]], '표 로하@ / #[가_-내%', 0.00014358783668854625), ([[10, 920], [164, 920], [164, 944], [10, 944]], '일`0 [08/8770', 0.009221741877963778)]
[([[232, 216], [408, 216], [408, 246], [232, 246]], '176하어+장< -', 0.056135010062233454)]
[([[55, 457], [337, 457], [337, 499], [55, 499]], '[치찮재늘름 - 1 안;*.', 0.0029821349200497126), ([[348, 464], [574, 464], [574, 496], [348, 496]], '+~,+라<이. 8 이어어샌', 6.866535196847945e-05), ([[286, 558], [340, 558], [340, 582], [286, 582]], '쭉소타', 0.02337322179279704), ([[365, 559], [654, 559], [654, 587], [365, 587]], '5록4<9톤 724-니47어5', 0.0008534441439375124), ([[275, 575], [355, 575], [355, 595], [275, 595]], '2011/4/30', 0.9744373628568743), ([[392, 585], [656, 585], [656, 611], [392, 611]], '724-니4.어2/맵이이-어2:', 0.0008998911890056656), ([[286, 606], [342, 606], [342, 630], [286, 630]], '축뉴하', 0.01740661202101821), ([[260, 620], [370, 620], [370, 644], [260, 644]], '(037+5<', 0.051612014404725806), ([[432, 614], [600, 614], [600, 646], [432, 646]], '4어7 $04총', 0.0007719506083924827), ([[295, 655], [333, 655], [333, 675], [295, 675]], '##', 0.06508795653700013), ([[389, 655], [655, 655], [655, 669], [389, 669]], '베7?//9어:름포채항사--7어플- 짓네어하구어7()씨', 1.667867101473275e-07), ([[283, 671], [333, 671], [333, 691], [283, 691]], '*0+', 0.05426953492852038), ([[297, 703], [333, 703], [333, 723], [297, 723]], '시묘오', 0.0035627711748035316), ([[203, 721], [429, 721], [429, 739], [203, 739]], '룹++명:/ /낫리명명7괴도하<`  뉴2표령천/', 3.987565040750883e-06), ([[296, 748], [336, 748], [336, 772], [296, 772]], '타곁', 0.012501427202964313), ([[258, 764], [372, 764], [372, 788], [258, 788]], '#3)-가:', 0.037960592702275635), ([[246, 796], [386, 796], [386, 820], [246, 820]], '지스+142지', 0.018312594744279747), ([[276, 812], [356, 812], [356, 836], [276, 836]], '##="5', 0.4681871862568792)]
[([[199, 7], [656, 7], [656, 97], [199, 97]], ' /`드 시어감리스/3.훨', 6.255080159121771e-06), ([[106, 106], [220, 106], [220, 178], [106, 178]], '후기', 0.9999747119845447), ([[109, 181], [179, 181], [179, 223], [109, 223]], '역자', 0.9986867883068766), ([[203, 184], [313, 184], [313, 222], [203, 222]], '*나`하`', 0.00659494454181917), ([[106, 229], [622, 229], [622, 260], [106, 260]], '친구새끼가 요청한겁네다. 식자새끼는 이번에 새로 들어운 다른', 0.3192983835447209), ([[106, 255], [648, 255], [648, 286], [106, 286]], '친구새끼입니다 해외 유학하면서 망가 식질올 해주는 중은 친구조.', 0.6809244604186678), ([[104, 305], [445, 305], [445, 336], [104, 336]], '어쨌든 스와코는 장장이에요 로리니까여', 0.6621269169209058), ([[456, 306], [666, 306], [666, 336], [456, 336]], '헤혜 . 근데 임신이 없네요', 0.3710982811003952), ([[152, 332], [216, 332], [216, 360], [152, 360]], '개빨침.', 0.7067055106163025), ([[106, 380], [618, 380], [618, 410], [106, 410]], '그런 의미에서 나한데 번역 요청해도 되는데 로리수간임신출산 ,', 0.39314816789274504), ([[106, 406], [560, 406], [560, 436], [106, 436]], '로리속수임신출산 아니면 안 받습니다 그지 껏챙이들아', 0.14145266368849346), ([[123, 535], [193, 535], [193, 573], [123, 573]], '식자', 0.999393813558647), ([[219, 537], [325, 537], [325, 573], [219, 573]], '물*명화$', 5.2747634841715345e-05), ([[110, 572], [656, 572], [656, 602], [110, 602]], '안녕하세요 신입 식자 모프입니다. 위에 폐도역자인 크나랑은 같은', 0.6094468430371489), ([[112, 596], [472, 596], [472, 626], [112, 626]], '고등학교틀 다뉘습니다. 지금 전 미국이지만', 0.4109442598079606), ([[112, 622], [640, 622], [640, 652], [112, 652]], '크나가 절 들여빛습니다. 친구 하나 잘만나서 이렇게 식자루 활수', 0.29303984049395293), ([[112, 646], [256, 646], [256, 678], [112, 678]], '있다니.인생무상', 0.9964658004540174), ([[112, 694], [654, 694], [654, 726], [112, 726]], '뒷보다 첫 식자작이 하필 로리 속수물이라니! 가슴이 작다 작어! 난', 0.8710371099101752), ([[110, 722], [624, 722], [624, 752], [110, 752]], '가슴 군 도도하지만 데레데레한 떼정이 아가씨갈은 동급생이나', 0.6364282601670612), ([[112, 748], [634, 748], [634, 778], [112, 778]], '누넘이량 순애스러운 예쓰틀 원햇단 말이다! 거유 만세다 씨발!!', 0.20765235170485014), ([[110, 794], [378, 794], [378, 826], [110, 826]], '하 빨리 비스마르크나 뿐고 싶다', 0.6021315238993026)]
