689506
9
[([[159, 303], [577, 303], [577, 365], [159, 365]], '후~쏘이값어미0 =; 농들미', 3.6389738150241484e-07), ([[158, 359], [643, 359], [643, 427], [158, 427]], '쪽박박퍽어져 :교7 1~7+@', 3.0366784125010826e-05), ([[330, 409], [419, 409], [419, 457], [330, 457]], '은이', 0.007327800996795212), ([[0, 581], [33, 581], [33, 631], [0, 631]], "기'", 0.07471199545672862)]
[([[477, 0], [497, 0], [497, 33], [477, 33]], '(', 0.19117806578592056), ([[96, 430], [214, 430], [214, 510], [96, 510]], '음필', 0.126059978465608), ([[531, 407], [653, 407], [653, 493], [531, 493]], '움질', 0.16871202483706835), ([[510, 508], [566, 508], [566, 574], [510, 574]], '짧', 0.3157272781521989), ([[196.09565595278485, 668.8765247622279], [256.48069469178415, 640.6587842893776], [275.90434404721515, 683.1234752377721], [215.51930530821582, 712.3412157106224]], '잠름', 0.046817407990965246)]
[([[424, 126], [555, 126], [555, 177], [424, 177]], '솟아이', 0.0025621590696500917), ([[32, 520], [108, 520], [108, 600], [32, 600]], '30', 0.05638388047185573)]
[([[502, 160], [588, 160], [588, 208], [502, 208]], "건@'", 0.08324160445279323), ([[72, 246], [156, 246], [156, 294], [72, 294]], '건/이', 0.0018661179157539924), ([[120, 332], [202, 332], [202, 384], [120, 384]], '랜양', 0.06114008090047448), ([[114.540235122517, 755.9862116102653], [251.54093804661497, 704.0782807779234], [268.459764877483, 755.0137883897347], [132.45906195338503, 806.9217192220766]], '잡아악', 0.15213934699493611)]
[([[94, 422], [150, 422], [150, 500], [94, 500]], '절', 0.21581696468928513), ([[593, 559], [645, 559], [645, 601], [593, 601]], '웬', 0.053138547557640914), ([[276, 824], [392, 824], [392, 904], [276, 904]], '움질', 0.14582861997400345)]
[([[22, 14], [142, 14], [142, 162], [22, 162]], '푹', 0.6386747170991249), ([[541, 233], [649, 233], [649, 383], [541, 383]], '우', 0.2001688699932771), ([[128.26342822088202, 759.3112561963815], [222.13653126212495, 747.19124420473], [225.73657177911798, 795.6887438036185], [132.86346873787505, 807.80875579527]], '페책', 0.0019087980322146662)]
[([[135, 263], [220, 263], [220, 306], [135, 306]], '5000', 0.23449838161468506), ([[538, 180], [666, 180], [666, 312], [538, 312]], '땅', 0.8797284274920436), ([[447, 359], [532, 359], [532, 402], [447, 402]], '(3000', 0.20548991282830392), ([[103, 403], [188, 403], [188, 448], [103, 448]], '8 00', 0.06875579804182053), ([[0, 611], [257, 611], [257, 752], [0, 752]], '관양', 0.13024898859202283), ([[367, 719], [433, 719], [433, 763], [367, 763]], '필페', 0.004471522737174171), ([[343, 755], [671, 755], [671, 939], [343, 939]], '판양', 0.34503998150286586), ([[31.967968625769327, -2.9644549263447466], [282.5689164677827, 49.42975169564218], [251.03203137423068, 171.96445492634476], [0.43108353221729345, 118.57024830435782]], '욕}이', 0.020152020735203762), ([[221.46153846153845, 685.3076923076923], [289.3108339928191, 678.7553667845294], [291.53846153846155, 716.6923076923077], [223.68916600718092, 723.2446332154706]], '때벽', 0.08122101856757179)]
[([[241, 61], [297, 61], [297, 99], [241, 99]], '움질', 0.15876916786488748), ([[434.79040365394314, 304.1053008274758], [532.4410824494, 317.2591138513191], [523.2095963460569, 374.8946991725242], [425.5589175506, 362.7408861486809]], '@`앗', 0.062032776625769524)]
[]
