692411
54
[([[300, 58], [529, 58], [529, 147], [300, 147]], '[플적등 안', 0.01116586624801395), ([[302, 134], [555, 134], [555, 197], [302, 197]], '허필준동워중3', 0.0003096911369749108)]
[([[561, 127], [621, 127], [621, 165], [561, 165]], '후우', 0.9864862147973167), ([[886.9320072497238, 38.02853556983471], [1030.2072499952135, -1.3102187322502488], [1091.0679927502763, 264.97146443016527], [947.7927500047864, 304.31021873225023]], '#', 0.016123475556008238)]
[([[925, 171], [989, 171], [989, 209], [925, 209]], '선배', 0.9996719446940455), ([[869, 207], [1047, 207], [1047, 247], [869, 247]], '수고하시내요', 0.5688671507848819), ([[913, 245], [1003, 245], [1003, 283], [913, 283]], '오늘도', 0.9996562244682129), ([[867, 277], [1047, 277], [1047, 319], [867, 319]], '열심이시군요', 0.9820940632411573), ([[238, 806], [326, 806], [326, 836], [238, 836]], '\'"\'너도', 0.6964992725086707), ([[200, 836], [363, 836], [363, 879], [200, 879]], '놀지만 말고', 0.9015648203564617), ([[235, 875], [327, 875], [327, 913], [235, 913]], '자신의', 0.9997614545757654), ([[209, 907], [351, 907], [351, 951], [209, 951]], '트레이님올', 0.1862621567849043), ([[251, 949], [313, 949], [313, 985], [251, 985]], '하럼', 0.2439374236134521)]
[([[1421, 175], [1511, 175], [1511, 213], [1421, 213]], '선배의', 0.9990380189586727), ([[1361, 207], [1577, 207], [1577, 251], [1361, 251]], '트레이님 모습은', 0.6113548480301729), ([[839, 235], [1000, 235], [1000, 280], [839, 280]], '단단히 등친', 0.34115416164388235), ([[1377, 245], [1557, 245], [1557, 287], [1377, 287]], '매력적이라서', 0.9996870602572074), ([[873, 272], [966, 272], [966, 316], [873, 316]], '근육에', 0.9968355238057145), ([[1039, 277], [1103, 277], [1103, 353], [1039, 353]], '빵', 0.10257434401241827), ([[1375, 283], [1563, 283], [1563, 321], [1375, 321]], '그만 보게되고', 0.8785213048930653), ([[841, 309], [999, 309], [999, 351], [841, 351]], '땀 투성이인', 0.9940581393208994), ([[1407, 319], [1529, 319], [1529, 357], [1407, 357]], '말거튼요', 0.8888276219367981), ([[843, 343], [972, 343], [972, 388], [843, 388]], '갈색 피부', 0.9993072201411937), ([[161, 443], [273, 443], [273, 481], [161, 481]], '빠, 반히', 0.4843490629190553), ([[137, 477], [301, 477], [301, 519], [137, 519]], '쳐다보지마!', 0.9568179969515976), ([[78, 578], [108, 578], [108, 612], [78, 612]], '년', 0.9994704232579785), ([[47, 611], [137, 611], [137, 649], [47, 649]], '여전히', 0.9998428041781886), ([[61, 649], [123, 649], [123, 685], [61, 685]], '변태', 0.9917023852405142), ([[47, 687], [113, 687], [113, 723], [47, 723]], "구나'", 0.9984660369768978), ([[320, 802], [536, 802], [536, 1162], [320, 1162]], '솜', 0.07922658603860189)]
[([[1403, 163], [1466, 163], [1466, 204], [1403, 204]], '이런', 0.9997222635661948), ([[1388, 200], [1481, 200], [1481, 240], [1388, 240]], '씩시한', 0.25351398027160243), ([[1377, 237], [1495, 237], [1495, 277], [1377, 277]], '몸매니까', 0.9997231960296631), ([[891, 273], [1011, 273], [1011, 315], [891, 315]], '덮쳐저도', 0.8180137872695923), ([[881, 313], [1019, 313], [1019, 353], [881, 353]], '할 말 업는', 0.7647688090856056), ([[891, 351], [1009, 351], [1009, 387], [891, 387]], '거라구요', 0.7959204912185669), ([[275, 715], [351, 715], [351, 757], [275, 757]], '잠깐!', 0.6894160509109497), ([[163, 799], [279, 799], [279, 837], [163, 837]], '트레이님', 0.6320046186447144), ([[175, 835], [239, 835], [239, 873], [175, 873]], '중에', 0.9341062824535046), ([[191, 871], [249, 871], [249, 909], [191, 909]], '위험', 0.9996738832633203), ([[173, 905], [267, 905], [267, 947], [173, 947]], '하잡아', 0.40006597286446294)]
[([[837, 215], [1027, 215], [1027, 257], [837, 257]], '이건 집중력올', 0.6915218641928931), ([[883, 253], [979, 253], [979, 293], [883, 293]], '높히는', 0.7977593782678469), ([[831, 287], [1035, 287], [1035, 329], [831, 329]], '트레이낳이에요', 0.39686034034494494), ([[907, 759], [945, 759], [945, 803], [907, 803]], '2', 0.8922072019688585), ([[915, 805], [955, 805], [955, 841], [915, 841]], '6', 0.29080819396136803)]
[([[627, 257], [787, 257], [787, 295], [627, 295]], '신체가 조금', 0.9995886484567847), ([[611, 291], [799, 291], [799, 331], [611, 331]], '만저진 정도로', 0.4704121402310601), ([[643, 325], [765, 325], [765, 367], [643, 367]], '집중력올', 0.9975998997688293), ([[635, 365], [783, 365], [783, 405], [635, 405]], '흐트러서는', 0.3089130515545474), ([[657, 399], [759, 399], [759, 439], [657, 439]], '안 되조', 0.9231531023979187), ([[103, 483], [159, 483], [159, 521], [103, 521]], '으웃', 0.7533264395272843)]
[([[273, 103], [335, 103], [335, 141], [273, 141]], '아으', 0.9989655359475039), ([[1413, 227], [1523, 227], [1523, 271], [1413, 271]], '어라라?', 0.9989801645278931), ([[798, 256], [1017, 256], [1017, 301], [798, 301]], '평소의 선배라면', 0.9954720303159514), ([[1386, 260], [1548, 260], [1548, 308], [1386, 308]], '계속 이어서', 0.9918157590848317), ([[811, 295], [1009, 295], [1009, 335], [811, 335]], '이 정도 벤치는', 0.6378566486549349), ([[1395, 301], [1541, 301], [1541, 343], [1395, 343]], '안 하나요?', 0.9053481988141018), ([[861, 333], [955, 333], [955, 371], [861, 371]], '가볍게', 0.7832567746937544), ([[803, 365], [1011, 365], [1011, 409], [803, 409]], '들어올럿올린데', 0.10989291165027097)]
[([[693, 209], [853, 209], [853, 251], [693, 251]], '이쪽 구멍도', 0.9955020367679929), ([[697, 245], [847, 245], [847, 289], [697, 289]], '만져불까요', 0.8140267961674224), ([[158, 578], [260, 578], [260, 696], [158, 696]], '희', 0.9448627997768568), ([[163, 681], [227, 681], [227, 759], [163, 759]], '?', 0.8507567714572737)]
[([[1399, 217], [1497, 217], [1497, 257], [1399, 257]], '아하하', 0.9999414985411635), ([[1349, 251], [1543, 251], [1543, 295], [1349, 295]], '바빌이 아니라', 0.41543819868240395), ([[1351, 289], [1541, 289], [1541, 331], [1351, 331]], '허리가 떨리고', 0.9495781994602078), ([[1387, 327], [1507, 327], [1507, 367], [1387, 367]], '있다구요', 0.9933094382286072), ([[1416, 366], [1476, 366], [1476, 398], [1416, 398]], '선배', 0.9998976689854189), ([[191, 533], [329, 533], [329, 729], [191, 729]], '안', 0.9999228730768586), ([[291, 711], [453, 711], [453, 849], [291, 849]], '아', 0.7566313141416323), ([[197.4621700440974, 934.3721992072578], [458.92181281859376, 786.1957386871738], [516.5378299559026, 920.6278007927422], [255.0781871814062, 1069.8042613128262]], '요소우', 0.10186766673576461)]
[([[1329, 205], [1485, 205], [1485, 243], [1329, 243]], '그런 식으로', 0.9994598561176538), ([[165, 257], [277, 257], [277, 299], [165, 299]], '네 , 네가', 0.6811883254162326), ([[1329, 239], [1487, 239], [1487, 283], [1329, 283]], '엉덩이틀 쭉', 0.4761213105272655), ([[1347, 277], [1453, 277], [1453, 317], [1347, 317]], "내밀고'.", 0.4291233530454272), ([[137, 295], [299, 295], [299, 337], [137, 337]], '매번 장난을', 0.7277291505146779), ([[171, 331], [269, 331], [269, 373], [171, 373]], '치니까', 0.9927848702456797), ([[155, 371], [285, 371], [285, 409], [155, 409]], '그렇지: !', 0.7701644690273826), ([[1169, 377], [1319, 377], [1319, 419], [1169, 419]], '발정해버린', 0.9851299537855609), ([[1193, 415], [1301, 415], [1301, 455], [1193, 455]], '건가요?', 0.9989383220672607), ([[1310, 1118], [1384, 1118], [1384, 1196], [1310, 1196]], '(', 0.9980366339755307)]
[([[1267, 181], [1427, 181], [1427, 221], [1267, 221]], '그런 태도는', 0.8465388874502856), ([[1293, 217], [1399, 217], [1399, 257], [1293, 257]], '안 되조', 0.9021716476412043), ([[725, 251], [887, 251], [887, 295], [725, 295]], '여길 어떻게', 0.7361945414291249), ([[1251, 251], [1439, 251], [1439, 293], [1251, 293]], '저번에 가르처', 0.9744150572809488), ([[747, 291], [867, 291], [867, 331], [747, 331]], '해싶으면', 0.26941490173339844), ([[1263, 289], [1433, 289], [1433, 331], [1263, 331]], '드럿잡아요?', 0.21322319437151765), ([[757, 327], [853, 327], [853, 365], [757, 365]], '하느지', 0.16999827324748035), ([[691, 359], [921, 359], [921, 403], [691, 403]], '제대로 말 해야조', 0.8912676494336279)]
[([[1301, 189], [1427, 189], [1427, 229], [1301, 229]], '저 , 저의.', 0.47375823393635375), ([[1289, 223], [1451, 223], [1451, 265], [1289, 265]], '근육 엉덩이', 0.9892692733363333), ([[1325, 263], [1417, 263], [1417, 301], [1325, 301]], '보지에', 0.9956296912865381), ([[159, 637], [221, 637], [221, 675], [159, 675]], '정액', 0.9993833630124228), ([[143, 673], [235, 673], [235, 711], [143, 711]], '주입해', 0.999519406900727), ([[123, 709], [237, 709], [237, 747], [123, 747]], '주세요"', 0.7466925978660583), ([[658.9565144929577, 839.0259413084498], [1060.454430907552, 909.2443448139942], [1020.0434855070423, 1081.9740586915502], [619.5455690924481, 1011.7556551860058]], '2용 시', 0.010899526630846753)]
[([[1298, 204], [1328, 204], [1328, 234], [1298, 234]], '네', 0.9999232306909676), ([[33, 85], [383, 85], [383, 445], [33, 445]], '셋', 0.011437655460100338), ([[1231, 235], [1391, 235], [1391, 277], [1231, 277]], '참 잘햇어요', 0.4312870232455606), ([[216, 430], [434, 430], [434, 648], [216, 648]], '함', 0.002407432478271701), ([[515.8242722305514, 659.1130134132936], [625.7043015498248, 558.0118138152218], [811.1757277694486, 796.8869865867064], [700.2956984501752, 897.9881861847782]], '올', 0.10872956021617952)]
[([[263, 163], [355, 163], [355, 201], [263, 201]], '선배{', 0.5427835041306919), ([[1365, 141], [1403, 141], [1403, 199], [1365, 199]], '00', 0.08906423217048309), ([[263, 199], [353, 199], [353, 237], [263, 237]], '여전히', 0.9687021970748901), ([[247, 233], [371, 233], [371, 273], [247, 273]], '엉덩이가', 0.999727189540863), ([[263, 271], [353, 271], [353, 309], [263, 309]], '약하네', 0.9944067233724446), ([[103, 387], [233, 387], [233, 429], [103, 429]], '지금 엄청', 0.9962176958311418), ([[91, 425], [249, 425], [249, 465], [91, 465]], '한심한 모습', 0.9858444241270796), ([[109, 461], [229, 461], [229, 503], [109, 503]], '하고있어', 0.9636175632476807)]
[([[1373, 143], [1533, 143], [1533, 185], [1373, 185]], '강하고 키도', 0.993732275148048), ([[1389, 179], [1523, 179], [1523, 221], [1389, 221]], '큰 선배가', 0.830808034439235), ([[1369, 215], [1541, 215], [1541, 257], [1369, 257]], '나 같은 연하', 0.9254761492057026), ([[1381, 253], [1529, 253], [1529, 293], [1381, 293]], '꼬멩이에계', 0.2866040082365163), ([[1365, 287], [1515, 287], [1515, 329], [1365, 329]], '물복하다니', 0.14388408623014698), ([[1195, 331], [1383, 331], [1383, 373], [1195, 373]], '반 애들에계도', 0.48802160943107586), ([[1229, 371], [1349, 371], [1349, 409], [1229, 409]], '보여주고', 0.9878425036753279), ([[1197, 405], [1253, 405], [1253, 445], [1197, 445]], '싶올', 0.36027648148338415), ([[1228, 404], [1252, 404], [1252, 428], [1228, 428]], '으', 0.9379037338173966), ([[1259, 407], [1381, 407], [1381, 445], [1259, 445]], '정도에요', 0.9988691806793213), ([[55, 553], [123, 553], [123, 593], [55, 593]], '하지', 0.9982793252037158), ([[49, 588], [153, 588], [153, 633], [49, 633]], '마아  !', 0.4568758138150667), ([[743, 641], [807, 641], [807, 677], [743, 677]], '그런;', 0.7875234595982805), ([[835, 639], [871, 639], [871, 679], [835, 679]], '말', 0.9996564683360845), ([[709.0336536724291, 184.02595830718116], [876.6985033120078, 272.71930182509124], [803.9663463275709, 405.97404169281884], [636.3014966879922, 317.28069817490876]], '구리', 0.004211084846430586), ([[508.5657092768111, 709.1033940099965], [573.9875158409184, 678.048878833823], [624.434290723189, 797.8966059900035], [559.0124841590816, 828.951121166177]], '쭉', 0.31728300009525867), ([[60.28272192665158, 868.0214561750815], [147.41983504804585, 850.2465154809202], [186.7172780733484, 1058.9785438249185], [100.58016495195416, 1077.7534845190798]], '집', 0.6504472778670198)]
[([[1357, 155], [1433, 155], [1433, 191], [1357, 191]], '자아!', 0.977600702480137), ([[1349, 191], [1443, 191], [1443, 229], [1349, 229]], '선배가', 0.9991411758176425), ([[1335, 225], [1455, 225], [1455, 267], [1335, 267]], '좋아하는', 0.823593258857727), ([[1315, 258], [1474, 258], [1474, 303], [1315, 303]], '정액 주입해', 0.8584188276298722), ([[133, 321], [227, 321], [227, 365], [133, 365]], '엉덩이', 0.9996160323269658), ([[516, 262], [596, 262], [596, 368], [516, 368]], '0', 0.9982512496677032), ([[1349, 299], [1441, 299], [1441, 339], [1349, 339]], '줄게요', 0.8896328127597277), ([[149, 363], [209, 363], [209, 399], [149, 399]], '구멍', 0.9993433309742403), ([[131, 399], [231, 399], [231, 437], [131, 437]], '조여화!', 0.8574903607368469), ([[848, 848], [904, 848], [904, 912], [848, 912]], '8', 0.16566096421720378), ([[914, 878], [966, 878], [966, 942], [914, 942]], '잇', 0.9253194862822625)]
[([[150, 886], [198, 886], [198, 946], [150, 946]], '데', 0.12013209442335437), ([[684, 846], [756, 846], [756, 926], [684, 926]], '등', 0.010220377971692507), ([[757.8929251965881, 831.0472248000805], [887.858193049439, 865.6724060212665], [856.1070748034119, 973.9527751999195], [726.141806950561, 938.3275939787335]], '아', 0.8776166925891324)]
[([[769, 618], [932, 618], [932, 731], [769, 731]], '감사', 0.9999954481433951), ([[72, 748], [144, 748], [144, 826], [72, 826]], '0', 0.5567780958504187), ([[240, 766], [292, 766], [292, 864], [240, 864]], '씨', 0.004809322843158326), ([[1405.1337038363515, 151.03759411804316], [1470.5577894651733, 119.0155685733968], [1544.8662961636485, 285.96240588195684], [1479.4422105348267, 317.9844314266032]], '영', 0.03283425998585532), ([[765.0370214010771, 710.0665540877558], [920.7986673382849, 732.3332299428721], [908.9629785989229, 795.9334459122442], [752.2013326617151, 773.6667700571279]], '합니다:', 0.9163498282432556)]
[([[123, 211], [285, 211], [285, 253], [123, 253]], '내일도 연습', 0.9739249279831736), ([[1291, 201], [1353, 201], [1353, 237], [1291, 237]], '선배', 0.9997432510537037), ([[161, 251], [249, 251], [249, 289], [161, 289]], '열심히', 0.9988477433729398), ([[141, 287], [265, 287], [265, 325], [141, 325]], '하자구요', 0.9976245164871216), ([[830, 662], [880, 662], [880, 712], [830, 712]], '네', 0.9999101182154533), ([[832, 714], [880, 714], [880, 770], [832, 770]], '에', 0.9989998458443097)]
[([[1411, 141], [1505, 141], [1505, 183], [1411, 183]], '다음날', 0.9993088861782938), ([[1183, 217], [1245, 217], [1245, 255], [1183, 255]], '선배', 0.9997970268114237), ([[1151, 249], [1273, 249], [1273, 293], [1151, 293]], '수고하석', 0.6454818687202153), ([[1183, 289], [1245, 289], [1245, 325], [1183, 325]], '어요', 0.999795678192723), ([[289, 283], [399, 283], [399, 401], [289, 401]], '17', 0.9489329760732306), ([[177, 613], [311, 613], [311, 653], [177, 653]], '땀울 닦아', 0.5693008142480948), ([[185, 651], [303, 651], [303, 687], [185, 687]], '드질게요', 0.24466118852799557), ([[197.22990386132267, 215.55868274236485], [402.73247772922826, 162.381480565081], [423.77009613867733, 273.44131725763515], [217.26752227077176, 326.618519434919]], '와앗', 0.2906469599388989)]
[([[1243, 245], [1359, 245], [1359, 285], [1243, 285]], '너말야 ', 0.7625427878305656), ([[1113, 329], [1235, 329], [1235, 371], [1113, 371]], '진지하게', 0.9888734221458435), ([[1131, 365], [1223, 365], [1223, 407], [1131, 407]], '연습할', 0.7713494240681571), ([[1111, 403], [1245, 403], [1245, 443], [1111, 443]], '생각없지!', 0.7978385609278514), ([[145, 601], [235, 601], [235, 639], [145, 639]], '선배의', 0.9977110769681341), ([[131, 635], [251, 635], [251, 677], [131, 677]], '울근불끈', 0.8019773960113525), ([[131, 673], [247, 673], [247, 711], [131, 711]], '폐로문이', 0.24396522343158722), ([[116, 709], [265, 709], [265, 750], [116, 750]], '나쁘다구요', 0.9997725678911431), ([[770.4816015659757, 894.045128926061], [796.4184055655377, 887.0293204846824], [813.5183984340243, 956.954871073939], [787.5815944344623, 963.9706795153176]], '숫', 0.015495882927319349)]
[([[1316, 399], [1478, 399], [1478, 447], [1316, 447]], '기술 걸려올', 0.6010368757574699), ([[1337, 441], [1461, 441], [1461, 479], [1337, 479]], '때라던가', 0.9259986281394958), ([[1287, 473], [1505, 473], [1505, 517], [1287, 517]], '이쪽은 흥분되서', 0.9992734860907398), ([[1309, 513], [1485, 513], [1485, 553], [1309, 553]], '큰일이라구요', 0.9694916230015842), ([[811, 795], [855, 795], [855, 839], [811, 839]], '주', 0.2761389109640646), ([[840, 818], [872, 818], [872, 862], [840, 862]], '7', 0.006153192927167206), ([[832, 858], [860, 858], [860, 884], [832, 884]], '', 0.0)]
[([[1129, 233], [1231, 233], [1231, 275], [1129, 275]], '연습 후', 0.9996980886791691), ([[1119, 273], [1237, 273], [1237, 311], [1119, 311]], '땀냄새로', 0.9698174595832825), ([[1131, 307], [1227, 307], [1227, 349], [1131, 349]], '가득하', 0.6195072778145697), ([[1103, 341], [1251, 341], [1251, 383], [1103, 383]], '겨드랑이의', 0.9484141394350631), ([[1133, 381], [1197, 381], [1197, 421], [1133, 421]], '향기', 0.9986652174925471), ([[161, 789], [256, 789], [256, 834], [161, 834]], '땀냄새', 0.9694990144789525), ([[141, 827], [275, 827], [275, 869], [141, 869]], '말하지마!', 0.9144129607387892), ([[159, 867], [259, 867], [259, 903], [159, 903]], '역시 년', 0.7183661767444856), ([[149, 901], [253, 901], [253, 941], [149, 941]], '변태다 .', 0.9171768589666198)]
[([[833, 465], [935, 465], [935, 501], [833, 501]], '그런 말', 0.5404571926477831), ([[789, 501], [949, 501], [949, 537], [789, 537]], '하는 주제에', 0.5392321812312193), ([[805, 535], [963, 535], [963, 575], [805, 575]], '계속 그대로', 0.9998803716830273), ([[777, 571], [989, 571], [989, 613], [777, 613]], '당하고 엇잡아요', 0.5422517985493912), ([[115, 819], [287, 819], [287, 861], [115, 861]], '선배 , 사실은', 0.6683577366167771), ([[73, 855], [327, 855], [327, 897], [73, 897]], '기술에 걸리는 쪽올', 0.5837736839604782), ([[107, 891], [295, 891], [295, 933], [107, 933]], '좋아하는 마조', 0.9408310476715657), ([[133, 931], [271, 931], [271, 969], [133, 969]], '아난가요?', 0.576686094725777), ([[1050.3882454253242, 743.0765769659029], [1145.643477927516, 663.0121827135797], [1305.6117545746758, 881.9234230340971], [1211.356522072484, 960.9878172864203]], '5', 0.880273143017817)]
[([[949, 275], [987, 275], [987, 311], [949, 311]], '네 ,', 0.9668256044387817), ([[997, 275], [1127, 275], [1127, 315], [997, 315]], '네가 매일', 0.9987406607287772), ([[1295, 285], [1457, 285], [1457, 327], [1295, 327]], '선배의 가슴', 0.9969396657663427), ([[963, 309], [1115, 309], [1115, 351], [963, 351]], '주무르니까', 0.9513972800506207), ([[1299, 325], [1457, 325], [1457, 365], [1299, 365]], '또 커져네요', 0.32772196896937456), ([[979, 349], [1073, 349], [1073, 387], [979, 387]], '그렇지', 0.9984407832500023), ([[161, 649], [253, 649], [253, 689], [161, 689]], '연습중', 0.9980981805179434), ([[129, 683], [251, 683], [251, 723], [129, 723]], '남자부원', 0.9987180829048157), ([[155, 679], [281, 679], [281, 763], [155, 763]], '자분빗들', 0.14519818127155304), ([[1199, 611], [1403, 611], [1403, 819], [1199, 819]], '대)', 0.01379318263511101), ([[145, 755], [265, 755], [265, 797], [145, 797]], '창피해질', 0.9994527697563171), ([[147, 795], [267, 795], [267, 833], [147, 833]], '정도라고', 0.9912391901016235), ([[1293, 823], [1403, 823], [1403, 943], [1293, 943]], '(읽', 0.07675952239330645)]
[([[1295, 273], [1395, 273], [1395, 311], [1295, 311]], '그럼 더', 0.9656101424165481), ([[1251, 305], [1439, 305], [1439, 349], [1251, 349]], '크게 만들어서', 0.9963912587305632), ([[1249, 343], [1447, 343], [1447, 383], [1249, 383]], '훨씬 더 창피한', 0.8865204648279345), ([[1267, 379], [1425, 379], [1425, 421], [1267, 421]], '경험을 하게', 0.5697837479934241), ([[1255, 417], [1437, 417], [1437, 457], [1255, 457]], '만들어드리조', 0.9961626549360558), ([[183, 621], [277, 621], [277, 661], [183, 661]], '하익!?', 0.43665310740470886)]
[([[1341, 723], [1529, 723], [1529, 767], [1341, 767]], '가슴에도 땀이', 0.7247570543245131), ([[1379, 765], [1495, 765], [1495, 801], [1379, 801]], '흐르네요', 0.9600192308425903), ([[1355, 797], [1517, 797], [1517, 839], [1355, 839]], '천천히 할아', 0.9524285316385404), ([[1377, 837], [1495, 837], [1495, 875], [1377, 875]], '드실게요', 0.1261519342660904)]
[([[894, 64], [1044, 64], [1044, 274], [894, 274]], '부', 0.2062086891967576), ([[987, 209], [1049, 209], [1049, 321], [987, 321]], '매', 0.06757304808375242), ([[153, 683], [279, 683], [279, 797], [153, 797]], '!2', 0.6630861470754273), ([[1373, 771], [1463, 771], [1463, 811], [1373, 811]], '아니면', 0.9999295918298191), ([[1359, 807], [1477, 807], [1477, 845], [1359, 845]], '난독하게', 0.26462122797966003), ([[1349, 841], [1481, 841], [1481, 882], [1349, 882]], '하는 편이', 0.9206513423077732), ([[1365, 879], [1473, 879], [1473, 919], [1365, 919]], '좋나요?', 0.946868896484375), ([[160.24581980199497, 413.0142247528664], [404.947142437092, 574.5468969085562], [308.75418019800503, 717.9857752471336], [63.052857562908, 555.4531030914438]], '히1템', 0.01153032333234412)]
[([[962, 262], [1030, 262], [1030, 290], [962, 290]], "으으'", 0.8140860256760934), ([[1355, 265], [1453, 265], [1453, 305], [1355, 305]], '아하하', 0.9998860258166878), ([[955, 293], [1047, 293], [1047, 333], [955, 333]], '너무해', 0.9979707492575624), ([[1305, 301], [1503, 301], [1503, 341], [1305, 341]], '내 이빨 모양이', 0.9986407397183668), ([[1341, 337], [1463, 337], [1463, 379], [1341, 379]], '새겨적어', 0.2528432309627533), ([[154, 705], [249, 705], [249, 749], [154, 749]], '선배는', 0.8887346379237097), ([[95, 743], [315, 743], [315, 785], [95, 785]], '제 장난감이니까', 0.9760150558189727), ([[139, 779], [259, 779], [259, 823], [139, 823]], '마증햇올', 0.02578352391719818), ([[145, 817], [259, 817], [259, 855], [145, 855]], '뿐이에요', 0.9489212036132812)]
[([[1257, 179], [1417, 179], [1417, 223], [1257, 223]], '다음은 복근', 0.988053993699181), ([[1257, 221], [1415, 221], [1415, 259], [1257, 259]], '가지고 놀게', 0.822481473295125), ([[406, 244], [438, 244], [438, 278], [406, 278]], '뭐', 0.9999953508431112), ([[1277, 257], [1397, 257], [1397, 295], [1277, 295]], '해주세요', 0.9367848226964455), ([[380, 274], [471, 274], [471, 317], [380, 317]], '뭐하는', 0.9095041777157701), ([[383, 315], [473, 315], [473, 353], [383, 353]], '거야!?', 0.6921147108078003)]
[([[391, 259], [453, 259], [453, 297], [391, 297]], '남의', 0.9996710175526077), ([[601, 285], [791, 285], [791, 325], [601, 325]], '선배의 복근에', 0.9687326527099297), ([[305, 325], [458, 325], [458, 373], [305, 373]], '[장난감처럼', 0.5713413144710493), ([[635, 323], [757, 323], [757, 361], [635, 361]], '문질러서', 0.9923721551895142), ([[621, 359], [773, 359], [773, 397], [621, 397]], '자위할계요', 0.27273980600701403), ([[1407, 549], [1567, 549], [1567, 589], [1407, 589]], '이거 해보고', 0.9998462621222851), ([[1427, 585], [1549, 585], [1549, 629], [1427, 629]], '싶없어요', 0.9619296789169312), ([[1443, 625], [1535, 625], [1535, 663], [1443, 663]], '복근딸', 0.945768313047218), ([[960, 660], [1018, 660], [1018, 716], [960, 716]], '(3', 0.1712124921265656), ([[1297, 895], [1379, 895], [1379, 957], [1297, 957]], '(더', 0.04604389013458321), ([[352.24861924323466, 244.03536397828734], [459.99975201103547, 303.93700982668474], [424.75138075676534, 365.96463602171264], [317.00024798896453, 305.06299017331526]], '나제륙', 0.42910643536376275)]
[([[1352, 180], [1447, 180], [1447, 221], [1352, 221]], '선배는', 0.689054993663605), ([[1349, 215], [1449, 215], [1449, 257], [1349, 257]], '온 몸이', 0.9607894938723262), ([[1325, 253], [1477, 253], [1477, 293], [1325, 293]], '셈스도구나', 0.1954167637039889), ([[1309, 287], [1489, 287], [1489, 331], [1309, 331]], '다름없다구요', 0.9997337836074804), ([[1147, 311], [1267, 311], [1267, 349], [1147, 349]], '자랑스런', 0.9817032217979431), ([[1161, 343], [1254, 343], [1254, 386], [1161, 386]], '근육에', 0.9881769233324218), ([[1175, 385], [1241, 385], [1241, 421], [1175, 421]], '자지', 0.9999512785907602), ([[1134, 417], [1283, 417], [1283, 459], [1134, 459]], '문질러지는', 0.8697787102671996), ([[1165, 453], [1253, 453], [1253, 493], [1165, 493]], '기분은', 0.9940160296124787), ([[1141, 491], [1279, 491], [1279, 529], [1141, 529]], '어떤가요?', 0.9892251656970069)]
[([[580, 388], [628, 388], [628, 448], [580, 448]], '오', 0.9997141565531962), ([[932, 824], [1007, 824], [1007, 973], [932, 973]], '"', 0.6146827911854871), ([[1235, 776], [1314, 776], [1314, 907], [1235, 907]], '낮', 0.8121615410714753), ([[558.3302206766053, 184.024957066512], [624.8819814609781, 171.19896905013198], [652.6697793233947, 335.975042933488], [587.1180185390219, 347.80103094986805]], '올', 0.2386735968130438), ([[1276.9608310029294, 286.0207750732335], [1448.620356250318, 218.13238060583427], [1575.0391689970706, 587.9792249267665], [1404.379643749682, 654.8676193941658]], '{', 0.008116554299580303)]
[([[620, 150], [644, 150], [644, 182], [620, 182]], '후', 0.9999178664860473), ([[709, 331], [869, 331], [869, 373], [709, 373]], '역시나 선배', 0.9973493405050372), ([[727, 369], [853, 369], [853, 407], [727, 407]], '엄청 기분', 0.9837014265228443), ([[731, 403], [849, 403], [849, 447], [731, 447]], '좋앞어요', 0.2129170298576355), ([[1356.47998592733, 253.00751308561752], [1493.7827700242767, 280.8904860881591], [1420.52001407267, 634.9924869143825], [1283.2172299757233, 606.109513911841]], '상', 0.08694182522208749)]
[([[1369, 197], [1461, 197], [1461, 235], [1369, 235]], "저도' '", 0.4584778338343794), ([[343, 245], [449, 245], [449, 287], [343, 287]], '어라라 .', 0.39472942593960625), ([[1357, 235], [1445, 235], [1445, 271], [1357, 271]], '보지에', 0.9974747376438728), ([[312, 288], [344, 288], [344, 318], [312, 318]], '또', 0.9998356171456955), ([[344, 280], [497, 280], [497, 325], [344, 325]], '발정해버린', 0.9367935797886904), ([[659, 281], [745, 281], [745, 317], [659, 317]], "하고' '", 0.43305389448402964), ([[351, 321], [461, 321], [461, 359], [351, 359]], '건가요?', 0.9993546334733389), ([[659, 317], [751, 317], [751, 355], [659, 355]], '싶어요', 0.9985904489569464)]
[([[1283, 145], [1377, 145], [1377, 183], [1283, 183]], '하지만', 0.9998569819492169), ([[1247, 177], [1409, 177], [1409, 222], [1247, 222]], '아직 안돼요', 0.8692002394484174), ([[1279, 219], [1377, 219], [1377, 255], [1279, 255]], '발로 해', 0.762788836587514), ([[1269, 255], [1389, 255], [1389, 291], [1269, 291]], '드질게요', 0.31401386857032776), ([[276, 588], [352, 588], [352, 698], [276, 698]], '+', 0.1458328239580311), ([[316, 666], [388, 666], [388, 746], [316, 746]], '0', 0.9995170222896945)]
[([[329, 181], [389, 181], [389, 221], [329, 221]], '기분', 0.9997070919688392), ([[329, 215], [391, 215], [391, 257], [329, 257]], '좋아', 0.9988098962300251), ([[1025, 221], [1117, 221], [1117, 261], [1025, 261]], '기분이', 0.9992740637743184), ([[344, 254], [376, 254], [376, 294], [344, 294]], '옷', 0.9998433651276315), ([[1023, 259], [1115, 259], [1115, 297], [1023, 297]], '비벼저', 0.7540451947734377), ([[1051, 295], [1087, 295], [1087, 333], [1051, 333]], '서', 0.9995955637809892), ([[692, 289], [736, 289], [736, 385], [692, 385]], '응', 0.9873518505020371), ([[769, 917], [806, 917], [806, 980], [769, 980]], '응', 0.9978354973739592)]
[([[1323, 279], [1501, 279], [1501, 317], [1323, 317]], '시인 선배에젠', 0.3880859351995764), ([[1315, 315], [1511, 315], [1511, 357], [1315, 357]], '좀더 난족하게', 0.4336995460077119), ([[1347, 353], [1479, 353], [1479, 391], [1347, 391]], '하는 편이', 0.5916904012229436), ([[660, 336], [788, 336], [788, 462], [660, 462]], '7', 0.4133447690154668), ([[1347, 387], [1483, 387], [1483, 429], [1347, 429]], '종으려나?', 0.5805532583339302), ([[176, 486], [370, 486], [370, 688], [176, 688]], '응료', 0.17057663026366904), ([[242, 698], [362, 698], [362, 858], [242, 858]], '12', 0.3752927308300943)]
[([[1403, 183], [1481, 183], [1481, 221], [1403, 221]], '어라?', 0.8842696908680864), ([[800, 274], [874, 274], [874, 434], [800, 434]], '즉', 0.5518649184653022), ([[260, 848], [290, 848], [290, 888], [260, 888]], '{', 0.006557229930933772), ([[816, 846], [864, 846], [864, 904], [816, 904]], '익', 0.07665040274838475)]
[([[1089, 71], [1125, 71], [1125, 127], [1089, 127]], '', 0.0), ([[1051, 127], [1127, 127], [1127, 189], [1051, 189]], '하', 0.9993995137722465), ([[933, 213], [1025, 213], [1025, 253], [933, 253]], '실금할', 0.7000959515571594), ([[1051, 195], [1125, 195], [1125, 255], [1051, 255]], '하', 0.9992132542827825), ([[933, 251], [1023, 251], [1023, 287], [933, 287]], '정도로', 0.9999652431956411), ([[947, 283], [1011, 283], [1011, 323], [947, 323]], '기분', 0.9997408067212096), ([[913, 319], [1049, 319], [1049, 361], [913, 361]], '좋아나요?', 0.6472706725326881), ([[1482, 1031], [1522, 1031], [1522, 1128], [1482, 1128]], '응', 0.46578461490958034), ([[1497, 1129], [1513, 1129], [1513, 1151], [1497, 1151]], '8', 0.8714402626219773)]
[([[1262, 196], [1450, 196], [1450, 244], [1262, 244]], '고간 밟히면서', 0.6297131603342891), ([[1308, 236], [1431, 236], [1431, 280], [1308, 280]], '분하다니', 0.9996819496154785), ([[1255, 275], [1459, 275], [1459, 315], [1255, 315]], '역시 시이/군요', 0.5427349126831575), ([[198, 508], [300, 508], [300, 688], [198, 688]], '응', 0.9925707794126062), ([[642.2092566022702, 159.01250863173843], [893.90035389928, 354.7701175612585], [760.7907433977298, 524.9874913682615], [509.09964610071995, 329.2298824387415]], '음씨', 0.039476254043379067)]
[([[1058, 232], [1088, 232], [1088, 268], [1058, 268]], '0', 0.12385876810584762), ([[1190, 227], [1350, 227], [1350, 271], [1190, 271]], '슬슬 이쪽도', 0.8622401751116812), ([[1212, 270], [1332, 270], [1332, 302], [1212, 302]], '해드리조', 0.943545401096344), ([[1106.0843474295577, 318.42530422886733], [1144.317009215737, 302.49484661058625], [1151.9156525704423, 322.57469577113267], [1113.682990784263, 337.50515338941375]], '~(', 0.7670514487977063)]
[([[299, 223], [433, 223], [433, 259], [299, 259]], "자 ' 지", 0.7122353415196964), ([[289, 257], [351, 257], [351, 297], [289, 297]], '들어', 0.9997515955123015), ([[379, 257], [447, 257], [447, 295], [379, 295]], '와아', 0.9917373661261133), ([[1148, 280], [1178, 280], [1178, 312], [1148, 312]], '다', 0.9999886751495559), ([[338, 520], [630, 520], [630, 814], [338, 814]], '사', 0.018773232722235855)]
[([[1231, 203], [1391, 203], [1391, 243], [1231, 243]], '선배의 보지', 0.997185594385284), ([[1267, 243], [1359, 243], [1359, 281], [1267, 281]], '조임이', 0.9918842537755594), ([[1235, 275], [1295, 275], [1295, 317], [1235, 317]], '엄청', 0.9924090523834161), ([[1292, 263], [1397, 263], [1397, 361], [1292, 361]], '출아보', 0.2534181757922962), ([[1329, 277], [1391, 277], [1391, 315], [1329, 315]], '아서', 0.9998957302890484), ([[1235, 311], [1293, 311], [1293, 353], [1235, 353]], '기분', 0.5052760922702142), ([[1127, 395], [1257, 395], [1257, 431], [1127, 431]], '자지 째로', 0.8341119342611081), ([[1113, 427], [1271, 427], [1271, 471], [1113, 471]], '뽑혀나갈 것', 0.46578515248407165), ([[1149, 467], [1239, 467], [1239, 505], [1149, 505]], '같아요', 0.9992200411966216), ([[101, 761], [289, 761], [289, 953], [101, 953]], '차,', 0.04226133380840233), ([[253.23537213691802, 1043.041886445954], [335.97342945963015, 1099.3906712122653], [301.76462786308196, 1147.958113554046], [219.02657054036985, 1091.6093287877347]], '(>시', 0.008230288139949584)]
[([[1218, 412], [1322, 412], [1322, 484], [1218, 484]], '4 0', 0.3166244438524716), ([[1005, 471], [1091, 471], [1091, 511], [1005, 511]], '좀 더.', 0.5821417903206273), ([[1017, 507], [1089, 507], [1089, 547], [1017, 547]], '좀더', 0.8074730243121447), ([[997, 544], [1111, 544], [1111, 582], [997, 582]], '찢러쥐!!', 0.482886188118644), ([[115, 733], [198, 733], [198, 776], [115, 776]], '수정 .', 0.9022971987724304), ([[81, 771], [251, 771], [251, 811], [81, 811]], '시켜 주세요!', 0.9669536078338996), ([[79.37189129289175, 325.0329672824716], [123.47847133369734, 310.01910832878326], [160.62810870710825, 431.9670327175284], [116.52152866630266, 446.98089167121674]], '응', 0.878426982251316), ([[1073.178858198043, 718.0259595290796], [1182.8996123972777, 818.3875484503403], [1106.821141801957, 901.9740404709204], [997.1003876027223, 801.6124515496597]], '(차위', 0.00711249144355152), ([[846.1570173083644, 845.0296457787748], [956.9867792339934, 931.4368627205506], [894.8429826916356, 1010.9703542212252], [784.0132207660066, 925.5631372794494]], '|사7 `', 0.010004230419223178), ([[672.9194081923158, 1037.0585553693054], [804.2058178187526, 1061.0945015314383], [785.0805918076842, 1148.9414446306946], [653.7941821812474, 1124.9054984685617]], '49', 0.3062328700513964), ([[252.2184013837282, 1043.043772315181], [333.9914381435216, 1096.6538892008157], [301.7815986162718, 1145.956227684819], [219.00856185647845, 1092.3461107991843]], '(> ', 0.007197521606362571)]
[([[255.24358573462106, 1043.0409887585138], [334.9511100816927, 1101.1741255348484], [299.7564142653789, 1148.9590112414862], [220.04888991830725, 1090.8258744651516]], '(> ', 0.004720485724238598)]
[([[654, 204], [686, 204], [686, 240], [654, 240]], '[0', 0.9401951945510552), ([[1226, 202], [1278, 202], [1278, 234], [1226, 234]], "아'", 0.5472687053197862), ([[679, 247], [715, 247], [715, 267], [679, 267]], '~`', 0.05204557951523312), ([[1211, 235], [1273, 235], [1273, 275], [1211, 275]], '정액', 0.999528746469405), ([[1013, 451], [1073, 451], [1073, 491], [1013, 491]], '들어', 0.9997410595831105), ([[995, 485], [1113, 485], [1113, 527], [995, 527]], '(와아앗이', 0.2824282814658391), ([[1033, 1133], [1065, 1133], [1065, 1153], [1033, 1153]], '에', 0.036856367826715086), ([[1092.4019155871076, 740.0358993729926], [1130.7105132137558, 755.6485687101562], [1098.5980844128924, 832.9641006270074], [1061.2894867862442, 818.3514312898438]], '7', 0.36539257352163546), ([[253.22697931747607, 1043.0428138572847], [334.9914381435216, 1097.6538892008157], [301.7730206825239, 1146.9571861427153], [220.00856185647845, 1093.3461107991843]], '(세시', 0.003305467132179748), ([[1061.0776772972363, 1096.2155354594472], [1177.3591906836862, 1063.8284019822636], [1186.9223227027637, 1099.7844645405528], [1071.6408093163138, 1132.1715980177364]], '온없(3@', 0.010511447326694158)]
[([[1287, 135], [1391, 135], [1391, 175], [1287, 175]], '밀 혼자', 0.2959091320523344), ([[1277, 173], [1397, 173], [1397, 211], [1277, 211]], '만족하고', 0.9997718930244446), ([[1293, 209], [1383, 209], [1383, 249], [1293, 249]], '있나요', 0.8599934632920601), ([[1171, 263], [1303, 263], [1303, 305], [1171, 305]], '저논 아직', 0.4923221266984194), ([[1205, 299], [1269, 299], [1269, 341], [1205, 341]], '부족', 0.9999370331889749), ([[1175, 339], [1299, 339], [1299, 379], [1175, 379]], '하다구요', 0.998068630695343), ([[971, 498], [1329, 498], [1329, 710], [971, 710]], '대템_', 0.01019448901356662), ([[77, 707], [235, 707], [235, 745], [77, 745]], '또 쌀때까지', 0.9933492571173187), ([[93, 741], [215, 741], [215, 781], [93, 781]], '쥐어자내', 0.513767659664154), ([[109, 781], [201, 781], [201, 817], [109, 817]], '주세요', 0.9999334460233197), ([[253.24358573462106, 1043.0409887585138], [334.97290895017767, 1099.3847433279254], [300.7564142653789, 1148.9590112414862], [219.02709104982233, 1091.6152566720746]], '(> ', 0.010173192735848309)]
[([[1291, 129], [1379, 129], [1379, 169], [1291, 169]], '정액올', 0.8524923058692703), ([[1293, 167], [1383, 167], [1383, 203], [1293, 203]], '원하고', 0.9999551258988449), ([[1269, 201], [1405, 201], [1405, 243], [1269, 243]], '잇잡아요?', 0.25382248705280175), ([[1147, 245], [1271, 245], [1271, 287], [1147, 287]], '사양말고', 0.9974198341369629), ([[1162, 282], [1253, 282], [1253, 324], [1162, 324]], '확실히', 0.9997387429161831), ([[1037, 303], [1123, 303], [1123, 395], [1037, 395]], '뱀', 0.038232900573945905), ([[1164, 320], [1253, 320], [1253, 359], [1164, 359]], '임신해', 0.9980899923746651), ([[1163, 357], [1255, 357], [1255, 395], [1163, 395]], '주세요', 0.9997792798357923), ([[1078, 616], [1236, 616], [1236, 740], [1078, 740]], '의', 0.30167537340620143), ([[542, 854], [622, 854], [622, 956], [542, 956]], '잎', 0.13905323882215104), ([[1406, 888], [1538, 888], [1538, 944], [1406, 944]], '노외"나', 0.0019040051847696304), ([[1155, 1035], [1259, 1035], [1259, 1099], [1155, 1099]], ')보어', 0.005613385013910608), ([[660.4606843142319, 235.14949000258275], [752.991972499923, 228.69940894237578], [754.5393156857681, 301.85050999741725], [663.008027500077, 308.3005910576242]], '아', 0.638372464373034), ([[149.31872319790034, 544.0290614154342], [235.66972886789296, 625.7250804205403], [189.68127680209966, 676.9709385845658], [102.33027113210704, 595.2749195794597]], "'들0", 0.024174789314351894), ([[255.35164491538947, 1044.0351332215832], [333.950908133901, 1101.2340415273197], [299.6483550846105, 1147.9648667784168], [221.049091866099, 1089.7659584726803]], '(', 0.9943578183877868)]
[([[1106, 316], [1180, 316], [1180, 434], [1106, 434]], '("', 0.1885322640792236), ([[199, 881], [303, 881], [303, 969], [199, 969]], '끼', 0.3628926598135287), ([[1194, 1028], [1246, 1028], [1246, 1094], [1194, 1094]], ']', 0.16729782905607582), ([[1239, 1001], [1467, 1001], [1467, 1116], [1239, 1116]], '@요 | |0', 0.03290895310318782), ([[1095.754952868357, 667.0554721255976], [1199.5248206008243, 646.1362386010659], [1225.245047131643, 806.9445278744024], [1121.4751793991757, 827.8637613989341]], '봄', 0.09484600875906413), ([[253.22697931747607, 1043.0428138572847], [333.97770694975287, 1098.4417834440198], [300.7730206825239, 1146.9571861427153], [220.02229305024713, 1091.5582165559802]], '( ', 0.026152058824574158)]
[([[1001, 387], [1079, 387], [1079, 425], [1001, 425]], '하아', 0.980874584710166), ([[254.22697931747607, 1043.0428138572847], [331.9638389977189, 1099.2894041839063], [297.7730206825239, 1146.9571861427153], [220.03616100228115, 1090.7105958160937]], '헤', 0.0016255664426787636)]
[([[339, 209], [403, 209], [403, 251], [339, 251]], '연습', 0.9997342323183596), ([[1222, 210], [1254, 210], [1254, 282], [1222, 282]], '내', 0.9990401188355378), ([[341, 251], [421, 251], [421, 287], [341, 287]], '열심히', 0.5684709548950195), ([[1252, 246], [1278, 246], [1278, 282], [1252, 282]], '일', 0.9999867678126328), ([[339, 287], [405, 287], [405, 323], [339, 323]], '하자', 0.9988950885035608), ([[1222, 284], [1252, 284], [1252, 316], [1222, 316]], '도', 0.9999614957701262)]
[([[33, 31], [149, 31], [149, 67], [33, 67]], '@짜 훌기', 0.11754480312798406), ([[42, 68], [536, 68], [536, 92], [42, 92]], '콤옮질이력해 보다는 백발 깔색 예해킬래 하자고 실짜씩에체 좁랍습내다', 0.00445490061583824), ([[46, 94], [230, 94], [230, 120], [46, 120]], '@ 제클은 뒷축스럽 쇼타록', 0.049589891660341265), ([[222, 86], [526, 86], [526, 138], [222, 138]], "'@어하보올다)꽃 [표8", 0.001074390639538369), ([[303, 137], [551, 137], [551, 181], [303, 181]], '풍업[(중문', 0.001362673215006792), ([[27, 215], [143, 215], [143, 253], [27, 253]], '색체 훌기', 0.36134284193733807), ([[42, 250], [192, 250], [192, 274], [42, 274]], '사용 물 % 로로컵 @06', 0.057674032187924655), ([[42, 274], [352, 274], [352, 303], [42, 303]], ')용 콤통 & 나물권렉 콤통틀 분실해세 대충씀', 0.0017086428241518084), ([[42, 302], [240, 302], [240, 328], [42, 328]], '집나칸 [물고텍올 찾습다다', 0.14659680894283578)]
