697208
42
[([[86, 110], [388, 110], [388, 188], [86, 188]], '느니껴뒷닭', 0.01016258563349639), ([[643, 183], [845, 183], [845, 225], [643, 225]], '번역 비브로스트', 0.9925364339801895), ([[86, 192], [284, 192], [284, 272], [86, 272]], '[표숫]', 0.05279801269292776), ([[86, 276], [456, 276], [456, 354], [86, 354]], '위시다+드', 0.0052079194390356)]
[([[328, 264], [354, 264], [354, 288], [328, 288]], '좁+', 0.012085472635364088), ([[507, 245], [687, 245], [687, 285], [507, 285]], '[ 안경올 쓰고 ]', 0.7761381459131994), ([[648, 386], [794, 386], [794, 410], [648, 410]], '따파트 나가토의 경우', 0.44298126039862734), ([[29, 1271], [81, 1271], [81, 1285], [29, 1285]], '비브로스트', 0.4378332119620645)]
[([[849, 1271], [881, 1271], [881, 1283], [849, 1283]], '비닐로', 0.40281706100084613)]
[([[136, 922], [162, 922], [162, 1052], [136, 1052]], '#', 0.05840173009838967), ([[619, 957], [681, 957], [681, 1053], [619, 1053]], '배', 0.1321544581853482), ([[29, 1271], [81, 1271], [81, 1285], [29, 1285]], '비브로스트', 0.9677588763846261)]
[([[819, 0], [900, 0], [900, 15], [819, 15]], '번어 비브로스트', 0.31573162732140264), ([[159, 151], [237, 151], [237, 171], [159, 171]], '가르저 쥐', 0.6908153403671572), ([[765, 145], [819, 145], [819, 165], [765, 165]], '나가토', 0.9963081479072571), ([[162, 200], [222, 200], [222, 226], [162, 226]], '년 나른', 0.28557156851111004), ([[156, 226], [244, 226], [244, 254], [156, 254]], '알고 있어?', 0.7998953785248043)]
[([[756, 132], [806, 132], [806, 180], [756, 180]], '낙', 0.012418988831078226), ([[745, 903], [813, 903], [813, 975], [745, 975]], '다', 0.10871645130372887), ([[849, 1271], [883, 1271], [883, 1285], [849, 1285]], '비브로', 0.6361452834592894)]
[([[100, 84], [172, 84], [172, 110], [100, 110]], '년 인간이', 0.9923605957293961), ([[107, 113], [155, 113], [155, 133], [107, 133]], '아니라', 0.9998572572460084), ([[102, 138], [182, 138], [182, 162], [102, 162]], '우주인에제', 0.4114419084779554), ([[100, 164], [176, 164], [176, 188], [100, 188]], '만들어진 -', 0.9798587963841005), ([[746, 286], [774, 286], [774, 312], [746, 312]], '&', 0.42306549623630474), ([[217, 591], [253, 591], [253, 611], [217, 611]], '그게', 0.9863299717498317), ([[459, 579], [475, 579], [475, 617], [459, 617]], '덧', 0.03359737808079277), ([[156, 616], [262, 616], [262, 644], [156, 644]], '내가 알고 잇는', 0.6775359710268192), ([[157, 645], [191, 645], [191, 663], [157, 663]], '너야', 0.9999059295301194), ([[320, 818], [372, 818], [372, 844], [320, 844]], '잠깐만', 0.9999411544162916), ([[743, 813], [801, 813], [801, 833], [743, 833]], '아니야?', 0.9999269843101501), ([[76, 844], [164, 844], [164, 876], [76, 876]], '그럴 리가', 0.5360078936684238), ([[90, 872], [146, 872], [146, 900], [90, 900]], '없어!', 0.11589138921070803), ([[849, 1271], [883, 1271], [883, 1285], [849, 1285]], '비닐로', 0.4625646500343026)]
[([[11, 0], [81, 0], [81, 15], [11, 15]], '익 비브로스트', 0.6275420915039064), ([[74, 188], [176, 188], [176, 218], [74, 218]], '떠올러 화!', 0.6835344806051747), ([[366, 692], [390, 692], [390, 716], [366, 716]], '0', 0.9993936742796485)]
[([[779, 67], [795, 67], [795, 89], [779, 89]], '뜨', 0.9199505738779976), ([[774, 88], [798, 88], [798, 138], [774, 138]], '뭐', 0.9473281669330049), ([[849, 1271], [883, 1271], [883, 1285], [849, 1285]], '비브로', 0.7216115878243038), ([[431.3351366892331, 803.0746014326256], [523.971788587612, 738.7390157528715], [537.6648633107669, 764.9253985673744], [445.028211412388, 829.2609842471285]], '반나로(', 0.013482334092259407), ([[189.44377642240653, 920.0520150387546], [217.73846153846154, 915.0923076923077], [228.55622357759347, 978.9479849612454], [200.26153846153846, 983.9076923076923]], '답', 0.4696503763852924)]
[([[175, 129], [203, 129], [203, 145], [175, 145]], '라고', 0.9996664661346565), ([[135, 149], [175, 149], [175, 165], [135, 165]], '남자는:', 0.707407982572795), ([[119, 165], [243, 165], [243, 185], [119, 185]], '양은 입흘 크게 벌리고', 0.3367248436404124), ([[89, 183], [209, 183], [209, 203], [89, 203]], '메니스름 쑤서 넣는다', 0.1302987872758605), ([[88, 202], [244, 202], [244, 226], [88, 226]], "'입올 막히자 비명은 흐랫한", 0.11202848024738098), ([[91, 223], [171, 223], [171, 243], [91, 243]], '소리로 뻔한다', 0.8860718419369004), ([[103, 241], [127, 241], [127, 261], [103, 261]], '용구', 0.2775660808186709), ([[235, 339], [305, 339], [305, 355], [235, 355]], '그 비린내에', 0.36738958990294335), ([[429, 345], [561, 345], [561, 365], [429, 365]], '손듯 한 상한듯 한 맛이', 0.4711409861946485), ([[235, 359], [287, 359], [287, 379], [235, 379]], '험오감과', 0.38752156496047974), ([[183, 371], [199, 371], [199, 397], [183, 397]], '응', 0.99767403114814), ([[431, 369], [519, 369], [519, 389], [431, 389]], '입안메 떠진다;', 0.2522170027503934), ([[233, 383], [355, 383], [355, 403], [233, 403]], '더럽혀지는 절망감이', 0.4633497969420526), ([[428, 388], [564, 388], [564, 414], [428, 414]], '동시에 코 끝에 달라불는', 0.18606939312133552), ([[233, 407], [299, 407], [299, 427], [233, 427]], '끓어 오른다', 0.862288569194619), ([[429, 415], [501, 415], [501, 435], [429, 435]], '짐승의   냄새', 0.6027301211982937), ([[249, 431], [341, 431], [341, 451], [249, 451]], '싫어! 싫어없이#', 0.1985821846141896), ([[103, 883], [169, 883], [169, 903], [103, 903]], '속꼴 들여다', 0.20996997195921888), ([[695, 891], [761, 891], [761, 911], [695, 911]], '"기분나빠"', 0.6404199767477502), ([[105, 909], [141, 909], [141, 927], [105, 927]], '보듯이', 0.9908471576546743), ([[715, 917], [789, 917], [789, 935], [715, 935]], '의사에 반해', 0.6162363086521051), ([[107, 935], [147, 935], [147, 951], [107, 951]], '남자가', 0.9679781925198241), ([[685, 939], [777, 939], [777, 959], [685, 959]], '몸 안의 깊숙히,', 0.4480316326137731), ([[105, 957], [157, 957], [157, 975], [105, 975]], '속삭인다', 0.9744828939437866), ([[687, 963], [765, 963], [765, 983], [687, 983]], '어두운 곳메서', 0.5397191093919911), ([[688, 984], [772, 984], [772, 1008], [688, 1008]], '타오르는 불질이', 0.35156991477046773), ([[687, 1011], [731, 1011], [731, 1031], [687, 1031]], '미없다;', 0.23179533509508146), ([[849, 1271], [883, 1271], [883, 1285], [849, 1285]], '비브로', 0.45874292928929), ([[687.0685071343347, 914.230163555236], [716.8699950526355, 919.290691531759], [713.9314928656653, 936.769836444764], [684.1300049473645, 931.709308468241]], '그런', 0.800379603929394)]
[([[339, 119], [379, 119], [379, 135], [339, 135]], '이렇게', 0.310568240232707), ([[327, 137], [375, 137], [375, 157], [327, 157]], '해 주길', 0.9976927147808788), ([[329, 161], [385, 161], [385, 177], [329, 177]], '원해지?"', 0.6795219862275922), ([[178, 510], [226, 510], [226, 574], [178, 574]], '새', 0.9934087290726588), ([[105, 883], [219, 883], [219, 903], [105, 903]], '흘러내린 스커드예서', 0.2504668837436573), ([[119, 905], [207, 905], [207, 925], [119, 925]], '뻗어나온 다리.', 0.6066559056765743), ([[104, 924], [250, 924], [250, 948], [104, 948]], '오드리려 해도 틈히 생기는', 0.37411239004503466), ([[104, 948], [231, 948], [231, 967], [104, 967]], '화사한 허버지 사이로', 0.42406604147339827), ([[107, 969], [227, 969], [227, 989], [107, 989]], '남자의 손히 미끄러저', 0.5724650860762422)]
[([[697, 95], [715, 95], [715, 123], [697, 123]], '후', 0.999874595759195), ([[781, 135], [797, 135], [797, 177], [781, 177]], '푹', 0.02331543088001653), ([[148, 680], [182, 680], [182, 710], [148, 710]], '4?', 0.1669219902201508), ([[331, 947], [375, 947], [375, 1019], [331, 1019]], '배', 0.35957950956913365), ([[350, 1012], [400, 1012], [400, 1070], [350, 1070]], "체'", 0.04787583843270394), ([[399, 1061], [441, 1061], [441, 1101], [399, 1101]], '3', 0.7680496815633866), ([[849, 1271], [881, 1271], [881, 1283], [849, 1283]], '비닐로', 0.21626187364987104), ([[475.08691552695075, 322.0298075623463], [638.7309614411834, 391.2685721864313], [588.9130844730493, 502.9701924376537], [425.2690385588167, 433.7314278135687]], '(시^', 0.00455766333828273)]
[([[87, 497], [101, 497], [101, 529], [87, 529]], '날', 0.3704023282276161), ([[377, 489], [391, 489], [391, 523], [377, 523]], '용', 0.840908340981116), ([[610, 526], [638, 526], [638, 558], [610, 558]], '용', 0.017008128587356675), ([[629, 593], [665, 593], [665, 629], [629, 629]], '벼 ', 0.004321492491171579), ([[463, 721], [509, 721], [509, 761], [463, 761]], '[(7버', 0.07801496237516403)]
[([[414, 254], [442, 254], [442, 280], [414, 280]], '사', 0.3315409056750127), ([[107, 731], [149, 731], [149, 771], [107, 771]], '나응', 0.31207195054934667), ([[29, 1271], [81, 1271], [81, 1285], [29, 1285]], '비브로스트', 0.8514179224805122)]
[([[685, 103], [709, 103], [709, 123], [685, 123]], '', 0.0), ([[103, 141], [151, 141], [151, 157], [103, 157]], '손. ,기락', 0.44697550914153733), ([[620, 172], [646, 172], [646, 196], [620, 196]], '0', 0.09965273167936406), ([[103, 405], [173, 405], [173, 423], [103, 423]], '검추지 . 입 .', 0.1412314538596471), ([[153, 423], [179, 423], [179, 437], [153, 437]], '여기', 0.9986985849036835), ([[111, 437], [163, 437], [163, 455], [111, 455]], '복록다고.', 0.5165638826322062), ([[113, 453], [143, 453], [143, 473], [113, 473]], '굉장,', 0.7277224878488701), ([[490, 576], [544, 576], [544, 644], [490, 644]], "('", 0.36706406776679007), ([[566, 770], [596, 770], [596, 806], [566, 806]], '햇', 0.7423295701160129), ([[849, 1271], [881, 1271], [881, 1283], [849, 1283]], '비념;', 0.218168898827006), ([[380.32383315553164, 690.0175965862079], [554.8433089798893, 813.9876843072984], [486.67616684446836, 907.9824034137921], [312.1566910201106, 784.0123156927016]], "'고시", 0.01051445896851226)]
[([[464, 69], [526, 69], [526, 98], [464, 98]], '{끈적 하고', 0.22711444762509692), ([[471, 97], [509, 97], [509, 113], [471, 113]], '소리가', 0.9999174098384492), ([[469, 117], [507, 117], [507, 137], [469, 137]], '난 것', 0.9857131131108515), ([[469, 139], [513, 139], [513, 157], [469, 157]], '같앉다', 0.3708840881921274), ([[91, 395], [147, 395], [147, 415], [91, 415]], '근게 입을', 0.1738699300443055), ([[90, 417], [200, 417], [200, 437], [90, 437]], '다물고 햇던 비은이', 0.20590436883541252), ([[91, 439], [211, 439], [211, 459], [91, 459]], '남자의   집요한 얘무로', 0.7148840260035771), ([[91, 461], [211, 461], [211, 479], [91, 479]], '느스해지기 시 작하다:', 0.3977283605406612), ([[239, 433], [305, 433], [305, 501], [239, 501]], '}', 0.00778746352176235), ([[111, 677], [243, 677], [243, 697], [111, 697]], '스스로데게 배신당한 것', 0.6601378646022954), ([[111, 697], [215, 697], [215, 717], [111, 717]], '같은 무거운 기분이', 0.38879380089175936), ([[748, 684], [780, 684], [780, 718], [748, 718]], ':3', 0.013962767135391078), ([[111, 719], [191, 719], [191, 739], [111, 739]], '무의   깊은 곳을', 0.2635071507965599), ([[111, 741], [173, 741], [173, 759], [111, 759]], '덮어 가다', 0.27507124839943414), ([[357, 803], [401, 803], [401, 843], [357, 843]], '"8', 0.03605381158336483), ([[325, 923], [351, 923], [351, 943], [325, 943]], '직접', 0.9847202763228846), ([[757, 925], [809, 925], [809, 945], [757, 945]], '"거짓말', 0.7055051326751709), ([[321, 945], [359, 945], [359, 961], [321, 961]], '만지면', 0.4348241595350996), ([[555, 947], [569, 947], [569, 977], [555, 977]], '적', 0.8636223270866736), ([[759, 947], [787, 947], [787, 967], [759, 967]], '젖어', 0.9953204456555865), ([[79, 959], [119, 959], [119, 977], [79, 977]], '어떻게.', 0.5998592376708984), ([[77, 981], [135, 981], [135, 997], [77, 997]], '되는 거지', 0.7015838436056849), ([[555, 1011], [569, 1011], [569, 1055], [555, 1055]], '%', 0.3660181715568491), ([[849, 1271], [881, 1271], [881, 1283], [849, 1283]], '비닐?', 0.39265826157188155), ([[334.14250707428744, 910.4855042445724], [357.86824314212447, 907.5038610616432], [358.85749292571256, 917.5144957554276], [335.13175685787553, 920.4961389383568]], '.거', 0.4460521774747664)]
[([[565, 681], [603, 681], [603, 723], [565, 723]], '사웃', 0.07685493228426463), ([[131, 723], [153, 723], [153, 743], [131, 743]], '나', 0.998358566166079), ([[105, 723], [121, 723], [121, 767], [105, 767]], '슬', 0.0073034382981242985), ([[163, 779], [181, 779], [181, 801], [163, 801]], '서', 0.9990252248832441), ([[133, 795], [151, 795], [151, 819], [133, 819]], '런', 0.8138466165626745), ([[549, 1061], [601, 1061], [601, 1097], [549, 1097]], '범', 0.019833461109208805), ([[849, 1271], [883, 1271], [883, 1285], [849, 1285]], '비브로', 0.8187402238333316)]
[([[355, 161], [371, 161], [371, 193], [355, 193]], '뜻', 0.0332696795828733), ([[849, 1271], [883, 1271], [883, 1285], [849, 1285]], '비브로', 0.7143034825796959)]
[([[817, 0], [900, 0], [900, 15], [817, 15]], '번엌 비브로스트', 0.18089570498542845), ([[459, 349], [499, 349], [499, 391], [459, 391]], '버', 0.13915143050566314)]
[([[743, 881], [765, 881], [765, 893], [743, 893]], '꼬판', 0.12825962262542304), ([[777, 879], [803, 879], [803, 893], [777, 893]], '@의', 0.18241066875675974), ([[331, 1049], [347, 1049], [347, 1107], [331, 1107]], '출', 0.043423043652508264), ([[849, 1271], [893, 1271], [893, 1285], [849, 1285]], '비브로스', 0.7984791398048401)]
[([[584, 654], [634, 654], [634, 680], [584, 680]], '내일도', 0.998969202634805), ([[675, 647], [691, 647], [691, 687], [675, 687]], '굽', 0.11884873159539211), ([[584, 682], [636, 682], [636, 706], [584, 706]], '부실에', 0.6937705874443054), ([[673, 685], [691, 685], [691, 711], [673, 711]], '잘', 0.9986019256098757), ([[589, 711], [625, 711], [625, 729], [589, 729]], '가도', 0.9999635010242852), ([[452, 724], [554, 724], [554, 748], [452, 748]], '요즘 방과후에', 0.8844547625180802), ([[578, 732], [654, 732], [654, 758], [578, 758]], '괜찮올가?', 0.3892330022728689), ([[673, 711], [691, 711], [691, 751], [673, 751]], '엇', 0.17405656038946304), ([[452, 750], [544, 750], [544, 776], [452, 776]], '달리 갈 긋이', 0.6413680108154377), ([[458, 776], [506, 776], [506, 802], [458, 802]], '업거든', 0.29742676421328995), ([[850, 1272], [890, 1272], [890, 1280], [850, 1280]], '5너금스', 0.02400897443294525)]
[]
[([[733, 157], [783, 157], [783, 177], [733, 177]], '나가토', 0.9994261860847473), ([[102, 184], [188, 184], [188, 210], [102, 210]], '너, 나가토록', 0.5464014206851376), ([[732, 182], [766, 182], [766, 214], [732, 214]], '너는', 0.7460505266547091), ([[96, 210], [204, 210], [204, 236], [96, 236]], '좋아하는 거야?', 0.9582982327321857), ([[250, 306], [356, 306], [356, 332], [250, 332]], '웃올 수 잇구나', 0.36799189488409834), ([[758, 444], [814, 444], [814, 468], [758, 468]], '그렇리', 0.7735019494940519), ([[84, 476], [206, 476], [206, 502], [84, 502]], '네가 좋아하는 건', 0.5028933391480861), ([[760, 468], [810, 468], [810, 494], [760, 494]], '없젠지', 0.24516088539897696), ([[80, 504], [204, 504], [204, 530], [80, 530]], '좀 더 특이한 얘일', 0.7913545764907769), ([[676, 494], [748, 494], [748, 520], [676, 520]], '내 생각이', 0.9963548695923046), ([[85, 531], [135, 531], [135, 551], [85, 551]], '테니가', 0.5132251937699254), ([[670, 520], [750, 520], [750, 546], [670, 546]], '지나젊나화', 0.1597583965808087), ([[628, 838], [744, 838], [744, 862], [628, 862]], '쿠니키다 그녀석', 0.9935805980000165), ([[624, 864], [804, 864], [804, 890], [624, 890]], '특이한 애클 좋아한다던가', 0.4092097194543308), ([[628, 890], [766, 890], [766, 916], [628, 916]], '말도 안 되는 소리큼', 0.3925496098658832), ([[618, 918], [748, 918], [748, 942], [618, 942]], '지걸이고 다니다니', 0.8332695545988396), ([[351, 959], [367, 959], [367, 981], [351, 981]], '인', 0.9998661324482647), ([[827, 1269], [873, 1269], [873, 1285], [827, 1285]], '비브로', 0.9879762755342498), ([[352.6232594407516, 816.0237495819375], [378.2357634278496, 819.2663415080904], [367.3767405592484, 900.9762504180625], [342.7642365721504, 897.7336584919096]], '"', 0.09577110776913234)]
[([[255, 103], [275, 103], [275, 159], [255, 159]], '안', 0.4050937067606952), ([[325, 101], [341, 101], [341, 179], [325, 179]], '"', 0.14332992751411666), ([[714, 132], [784, 132], [784, 158], [714, 158]], '무슨 소길', 0.7447688613145678), ([[111, 153], [127, 153], [127, 209], [111, 209]], '몸', 0.004840801484064239), ([[283, 139], [301, 139], [301, 235], [283, 235]], '#', 0.7175335065888966), ([[712, 160], [780, 160], [780, 184], [712, 184]], '하느거야', 0.561846137046814), ([[321, 179], [341, 179], [341, 257], [321, 257]], '푹', 0.05824830967608907), ([[664, 498], [716, 498], [716, 526], [664, 526]], '"일상"', 0.9993915557861328), ([[430, 618], [466, 618], [466, 642], [430, 642]], '계속', 0.999916887426382), ([[402, 644], [468, 644], [468, 670], [402, 670]], '미안한데', 0.9955710172653198), ([[439, 1209], [461, 1209], [461, 1227], [439, 1227]], '2', 0.8576349640355971), ([[0, 1267], [107, 1267], [107, 1285], [0, 1285]], '번역 비브로스트', 0.9316755415669059), ([[547.4713451196359, 633.0350883972694], [579.4276424244681, 624.0229254524469], [603.5286548803641, 715.9649116027306], [571.5723575755319, 724.9770745475531]], '통', 0.586180819198777)]
[([[222, 738], [258, 738], [258, 762], [222, 762]], '괜지', 0.44615066433618633), ([[228, 764], [262, 764], [262, 790], [228, 790]], '지금', 0.9998522363468539), ([[773, 753], [793, 753], [793, 793], [773, 793]], '안', 0.9265869267452764), ([[149, 789], [213, 789], [213, 809], [149, 809]], '세계에서', 0.9831203818321228), ([[128, 812], [198, 812], [198, 838], [128, 838]], '의지할 수', 0.9932691314108532), ([[134, 838], [184, 838], [184, 864], [134, 864]], '잇는건', 0.5147575625275187), ([[819, 1271], [841, 1271], [841, 1283], [819, 1283]], '버여', 0.6852713661144225), ([[845, 1271], [879, 1271], [879, 1285], [845, 1285]], '비브로', 0.596047323565358)]
[([[257, 123], [275, 123], [275, 203], [257, 203]], '품', 0.3902267934968364), ([[771, 171], [789, 171], [789, 197], [771, 197]], '뿐', 0.9995768517951689), ([[773, 115], [791, 115], [791, 171], [773, 171]], ' ', 0.004969947636315419), ([[198, 238], [262, 238], [262, 262], [198, 262]], '우슨소리', 0.6877949237823486), ([[196, 264], [262, 264], [262, 290], [196, 290]], '하고있어', 0.9014280438423157), ([[252, 1064], [284, 1064], [284, 1090], [252, 1090]], '죄경', 0.12548860759931776), ([[348, 1156], [380, 1156], [380, 1182], [348, 1182]], '과3', 0.4193133902553176), ([[819, 1271], [843, 1271], [843, 1283], [819, 1283]], '어여', 0.507810783990424)]
[([[313, 751], [339, 751], [339, 769], [313, 769]], '00', 0.6742511982114223), ([[449, 1203], [471, 1203], [471, 1221], [449, 1221]], '28', 0.9943375575064558), ([[819, 1271], [879, 1271], [879, 1285], [819, 1285]], '번역 비보로', 0.4764346420748055)]
[([[365, 357], [391, 357], [391, 377], [365, 377]], "'8", 0.04284773968360232)]
[([[429, 101], [443, 101], [443, 123], [429, 123]], '설', 0.9997992616313809), ([[406, 116], [444, 116], [444, 140], [406, 140]], "'깎마", 0.7428378545804386), ([[411, 137], [425, 137], [425, 159], [411, 159]], '은', 0.9997972352778994), ([[785, 209], [817, 209], [817, 229], [785, 229]], '우와', 0.94925224615361), ([[750, 232], [818, 232], [818, 258], [750, 258]], '매끈매끈', 0.19056065380573273), ([[538, 460], [572, 460], [572, 490], [538, 490]], ':', 0.012229118930850769), ([[546, 680], [628, 680], [628, 704], [546, 704]], "'원래. 라니,", 0.6270294033818526), ([[540, 706], [630, 706], [630, 732], [540, 732]], '나가토; 그건', 0.9287223058944539), ([[536, 732], [636, 732], [636, 756], [536, 756]], '너무 야하다구', 0.9454774789061446), ([[464, 735], [494, 735], [494, 813], [464, 813]], '용', 0.5190088452734507), ([[412, 824], [440, 824], [440, 854], [412, 854]], '세', 0.14102052357325423), ([[464, 942], [496, 942], [496, 982], [464, 982]], '채', 0.5858015643194427), ([[724, 1014], [772, 1014], [772, 1070], [724, 1070]], '세', 0.22961667911547412), ([[849, 1271], [883, 1271], [883, 1285], [849, 1285]], '비브로', 0.6062359207276512), ([[277.2648405679841, 94.04520860067139], [354.9996605086709, 139.93617382437583], [326.7351594320159, 186.95479139932863], [249.0003394913291, 141.06382617562417]], '기', 0.04464851517277513)]
[([[478, 112], [528, 112], [528, 138], [478, 138]], '손가락', 0.9965589678355008), ([[483, 141], [531, 141], [531, 161], [483, 161]], '하나도', 0.999370341924225), ([[478, 164], [530, 164], [530, 188], [478, 188]], '맥벽해', 0.1963564914035002), ([[74, 592], [100, 592], [100, 616], [74, 616]], '(히', 0.35071199998940694), ([[87, 617], [101, 617], [101, 641], [87, 641]], '옷', 0.6786112300962941), ([[626, 614], [664, 614], [664, 644], [626, 644]], '데', 0.08559343525008956), ([[283.1780050634732, 816.0680303808393], [322.46594978590014, 809.2197289590213], [334.8219949365268, 885.9319696191607], [296.53405021409986, 893.7802710409787]], '잠', 0.11387575934753702), ([[89.2821863608303, 1037.0322686052164], [191.97966959864587, 1104.4300236000968], [152.7178136391697, 1163.9677313947836], [50.02033040135412, 1096.5699763999032]], '(모', 0.029026582189144747)]
[([[83, 669], [113, 669], [113, 689], [83, 689]], '쓰고', 0.9997654187007238), ([[78, 694], [132, 694], [132, 718], [78, 718]], '잊어   쥐', 0.5099250848133333)]
[([[99, 143], [161, 143], [161, 163], [99, 163]], '그러니자,', 0.451146556598576), ([[430, 136], [516, 136], [516, 162], [430, 162]], '절대 그녀석', 0.9968122514347022), ([[587, 131], [651, 131], [651, 151], [587, 151]], '아 - 내가', 0.6411218363840514), ([[788, 132], [832, 132], [832, 156], [788, 156]], '잠깐}', 0.4694588680033113), ([[430, 162], [510, 162], [510, 186], [430, 186]], '대역이라는', 0.5846566826469585), ([[584, 156], [654, 156], [654, 180], [584, 180]], '알고 잇는', 0.5950032620469612), ([[702, 150], [780, 150], [780, 174], [702, 174]], '너 또 원가', 0.5079573810513385), ([[98, 172], [200, 172], [200, 196], [98, 196]], '나가토출 너로씨', 0.460598120007408), ([[578, 177], [655, 177], [655, 209], [578, 209]], "'나가토눈", 0.7230276845578789), ([[708, 176], [774, 176], [774, 200], [708, 200]], '착각하고', 0.9995357990264893), ([[98, 196], [218, 196], [218, 220], [98, 220]], '보기 위한 거락자', 0.34136732714895696), ([[440, 188], [490, 188], [490, 212], [440, 212]], '식으로', 0.9992553450788916), ([[704, 202], [780, 202], [780, 228], [704, 228]], '잊는거나?', 0.4300624129504373), ([[430, 214], [512, 214], [512, 240], [430, 240]], '생각하는계', 0.74616583922351), ([[590, 208], [640, 208], [640, 232], [590, 232]], '지금은', 0.9910404592591268), ([[441, 243], [491, 243], [491, 263], [441, 263]], '아니야', 0.999966826175292), ([[590, 232], [640, 232], [640, 258], [590, 258]], '안경올', 0.5750700699477104), ([[584, 260], [656, 260], [656, 284], [584, 284]], '쓰지 앉아', 0.5059200974478127), ([[710, 540], [786, 540], [786, 564], [710, 564]], "'부끄러운 말", 0.6427529905096269), ([[717, 565], [777, 565], [777, 585], [717, 585]], '아게 하지', 0.4729953034557737), ([[721, 589], [763, 589], [763, 609], [721, 609]], '말라구', 0.7076984643936157), ([[760, 1044], [812, 1044], [812, 1092], [760, 1092]], '염#', 0.037050769741706874), ([[819, 1271], [843, 1271], [843, 1285], [819, 1285]], '번역', 0.3028206296532499), ([[846, 1274], [876, 1274], [876, 1282], [846, 1282]], '어어뜨 ', 0.03493986358112895), ([[535.9074644389061, 1132.1003079700931], [622.6652010886746, 1148.0237670620902], [612.0925355610939, 1197.8996920299069], [525.3347989113254, 1181.9762329379098]], '빼해)', 0.14023281947888278)]
[([[99, 133], [123, 133], [123, 149], [99, 149]], '부.', 0.9479283854878966), ([[74, 150], [122, 150], [122, 174], [74, 174]], '들어감.', 0.3801325261592865), ([[395, 343], [409, 343], [409, 379], [395, 379]], '흙', 0.19390176735738862), ([[397, 405], [413, 405], [413, 437], [397, 437]], '안', 0.9992478116736869), ([[774, 458], [824, 458], [824, 512], [774, 512]], '실', 0.01995436600906708), ([[468, 514], [526, 514], [526, 570], [468, 570]], '시(', 0.11580108290749967), ([[512, 556], [570, 556], [570, 612], [512, 612]], '4', 0.25400068762395733), ([[386, 974], [434, 974], [434, 998], [386, 998]], '보여?', 0.999194372007031), ([[378, 998], [464, 998], [464, 1022], [378, 1022]], '나다 , 내가', 0.9086399445559197), ([[386, 1022], [450, 1022], [450, 1050], [386, 1050]], '너의 첫.', 0.5941738634662718), ([[719, 1031], [761, 1031], [761, 1051], [719, 1051]], '보여?', 0.5388621687889099), ([[708, 1054], [778, 1054], [778, 1078], [708, 1078]], '보이켓지.', 0.5042862513013986), ([[696, 1078], [796, 1078], [796, 1102], [696, 1102]], '이제 나가토의', 0.8065573517013617), ([[697, 1099], [808, 1099], [808, 1130], [697, 1130]], '첫 남자의 얼구 ,', 0.8048927791970714), ([[380.6546544120074, 486.2330323536207], [407.64710010826593, 469.05268933957785], [437.3453455879926, 521.7669676463794], [411.35289989173407, 537.9473106604221]], '#', 0.05947271743437543), ([[373.36271106700684, 503.0684709082316], [417.9979445013003, 529.8889650184703], [403.63728893299316, 554.9315290917684], [358.0020554986997, 528.1110349815297]], '유거', 0.3109597865462176)]
[([[741, 357], [777, 357], [777, 417], [741, 417]], '~', 0.002467520028442971), ([[316, 568], [344, 568], [344, 616], [316, 616]], '씨', 0.44614833005915955), ([[846, 1274], [876, 1274], [876, 1282], [846, 1282]], '5터 -', 0.10162623971700668), ([[529.127036057031, 203.06384518781087], [623.9261012887607, 234.061211677028], [605.872963942969, 282.9361548121891], [511.0738987112393, 251.938788322972]], '{# 새', 0.03893776045530575)]
[([[819, 1271], [881, 1271], [881, 1285], [819, 1285]], '버여 비브로', 0.42008660631922634)]
[([[172, 120], [196, 120], [196, 148], [172, 148]], '난', 0.9987596545672659), ([[299, 121], [319, 121], [319, 147], [299, 147]], '잘', 0.9988080240994037), ([[147, 123], [167, 123], [167, 187], [147, 187]], '혀', 0.03022550635876109), ([[149, 187], [167, 187], [167, 209], [149, 209]], '고', 1.0), ([[201, 173], [219, 173], [219, 195], [201, 195]], '하', 0.9998633908200105), ([[299, 147], [319, 147], [319, 233], [299, 233]], '물', 0.06295839248213397), ([[627, 109], [715, 109], [715, 209], [627, 209]], '설부', 0.08176021203023207), ([[684, 182], [708, 182], [708, 228], [684, 228]], '에', 0.3216691251129902), ([[752, 108], [806, 108], [806, 254], [752, 254]], '7', 0.11125284314360684), ([[198, 194], [222, 194], [222, 242], [198, 242]], '잔', 0.7571362828568908), ([[635, 203], [655, 203], [655, 247], [635, 247]], '젖', 0.2789452789948541), ([[146, 210], [170, 210], [170, 300], [146, 300]], '몸', 0.030316127378179125), ([[361, 251], [391, 251], [391, 269], [361, 269]], '이건', 0.9132759260812509), ([[515, 247], [571, 247], [571, 267], [515, 267]], '미안하다', 0.95844566822052), ([[757, 251], [777, 251], [777, 297], [757, 297]], '젖', 0.2925267642081195), ([[354, 270], [414, 270], [414, 294], [354, 294]], '둘러출게', 0.3856106698513031), ([[521, 273], [563, 273], [563, 291], [521, 291]], '나가토', 0.9085938269193536), ([[98, 408], [154, 408], [154, 506], [98, 506]], '흙?', 0.027104845659723455), ([[158, 412], [182, 412], [182, 436], [158, 436]], '세', 0.9999251379672955), ([[156, 409], [212, 409], [212, 480], [156, 480]], '싶-', 0.02780802188222128), ([[215, 435], [237, 435], [237, 455], [215, 455]], '래', 0.9758792032133137), ([[602, 404], [654, 404], [654, 454], [602, 454]], '해 소', 0.24216395616531372), ([[692, 404], [716, 404], [716, 472], [692, 472]], '하', 0.06373942381310371), ([[761, 405], [781, 405], [781, 451], [761, 451]], '않', 0.21617326035106998), ([[786, 404], [810, 404], [810, 492], [786, 492]], '꽃', 0.011763421653112838), ([[631, 455], [651, 455], [651, 501], [631, 501]], '%', 0.0406619326835147), ([[103, 507], [123, 507], [123, 551], [103, 551]], '양', 0.7896345212300417), ([[191, 481], [207, 481], [207, 549], [191, 549]], '올', 0.003401751752894422), ([[270, 490], [342, 490], [342, 542], [270, 542]], '565단1', 0.14857441354712847), ([[631, 499], [651, 499], [651, 541], [631, 541]], '칸', 0.03568665875820032), ([[695, 473], [715, 473], [715, 543], [695, 543]], '꽃', 0.041337160798191386), ([[789, 491], [807, 491], [807, 515], [789, 515]], '럽', 0.5663217329478165), ([[268, 542], [354, 542], [354, 566], [268, 566]], '단원 1이니깨', 0.8322026801722259), ([[787, 513], [807, 513], [807, 557], [787, 557]], '만', 0.9995521808458854), ([[787, 557], [807, 557], [807, 583], [787, 583]], '한', 0.9999289525254085), ([[163, 711], [183, 711], [183, 775], [163, 775]], '~', 0.04433576834845554), ([[162, 808], [186, 808], [186, 836], [162, 836]], '암', 0.4814105089616447), ([[635, 943], [655, 943], [655, 965], [635, 965]], '쓰', 0.9755226500223877), ([[603, 965], [623, 965], [623, 1011], [603, 1011]], '알', 0.1599740658779547), ([[719, 947], [737, 947], [737, 993], [719, 993]], '않', 0.07218598310068103)]
[([[327, 701], [345, 701], [345, 763], [327, 763]], '꿈', 0.017889319362668354), ([[492, 724], [554, 724], [554, 748], [492, 748]], '나가토;', 0.8063892126083374), ([[776, 714], [820, 714], [820, 740], [776, 740]], '그럼,', 0.46538570063192314), ([[492, 748], [558, 748], [558, 774], [492, 774]], '안가나?', 0.9760274887084961), ([[776, 740], [814, 740], [814, 764], [776, 764]], '먼저', 0.9999343358414837), ([[363, 787], [379, 787], [379, 829], [363, 829]], '올', 0.7494963581232241), ([[359, 829], [379, 829], [379, 867], [359, 867]], '거', 0.14756373402639156), ([[770, 808], [820, 808], [820, 860], [770, 860]], "퍽7'", 0.026827251721239193), ([[845, 1271], [881, 1271], [881, 1285], [845, 1285]], '비브로', 0.9303791082329335), ([[216.50324929946458, 889.0626722679119], [231.7015959947186, 898.9490142385562], [208.49675070053542, 931.9373277320881], [194.2984040052814, 922.0509857614438]], '8', 0.970317323401332)]
[([[517, 121], [557, 121], [557, 141], [517, 141]], '저기', 0.9998996076828902), ([[277, 143], [301, 143], [301, 157], [277, 157]], '왜?', 0.942395789791708), ([[513, 147], [561, 147], [561, 165], [513, 165]], '나가토', 0.9616492986679077), ([[116, 438], [172, 438], [172, 464], [116, 464]], '녀석 은', 0.9419230222702026), ([[324, 428], [388, 428], [388, 454], [324, 454]], '그렇다면', 0.9989759922027588), ([[338, 454], [380, 454], [380, 480], [338, 480]], '말야,', 0.9802597499173951), ([[725, 469], [791, 469], [791, 489], [725, 489]], '그 세계가', 0.9240968737542893), ([[332, 482], [390, 482], [390, 506], [332, 506]], '네 안에', 0.9933371543884277), ([[710, 492], [824, 492], [824, 518], [710, 518]], '너의 소원이라면', 0.8339489544591359), ([[587, 943], [651, 943], [651, 963], [587, 963]], '(는거나?', 0.2861485470209709), ([[819, 1271], [879, 1271], [879, 1285], [819, 1285]], '번역 비닐로', 0.2937404945635199), ([[121.41802403802068, 286.0425634585406], [158.35594334463968, 290.76742657363394], [147.58197596197934, 361.9574365414594], [110.64405665536033, 356.23257342636606]], '=', 0.08318096874035152)]
[([[817, 0], [899, 0], [899, 17], [817, 17]], '번역 비브로스트', 0.5223044462903811)]
[([[397, 101], [503, 101], [503, 139], [397, 139]], '작가후기', 0.9257133603096008), ([[217, 169], [663, 169], [663, 207], [217, 207]], '에-, 그런 고로 스즈미야 하루히  시리즈의', 0.42709395395637634), ([[265, 201], [645, 201], [645, 242], [265, 242]], "소실' 판 나가토의   책이 엇습니다:", 0.3974612086017396), ([[283, 237], [601, 237], [601, 273], [283, 273]], '기본적으로 팔기 위한 소재는', 0.7104118868455226), ([[197, 267], [685, 267], [685, 309], [197, 309]], '쓰지 암게로 햇어습니다만; 딱히 다른 소재도', 0.5461936688428323), ([[361, 303], [495, 303], [495, 341], [361, 341]], '없어던지라', 0.8986666499987157), ([[217, 337], [663, 337], [663, 375], [217, 375]], '/권이   발매태올 때 부터 사 밖습니다만;', 0.14544143312269872), ([[287, 369], [597, 369], [597, 407], [287, 407]], '설마 이렇계 하트록 칠 줄은;', 0.1906306095106862), ([[117, 401], [763, 401], [763, 442], [117, 442]], '처음 밖울 때는 미묘하게 끝까지 갈 수 앞으려나; 햇습니다:', 0.1182420900200665), ([[143, 436], [739, 436], [739, 473], [143, 473]], '그건 그렇다 치고 뭐략까, 다이제스트판같은 이야기라', 0.36725955450533404), ([[155, 469], [725, 469], [725, 509], [155, 509]], '죄 송합니다: 이어지논게 중요하다고  생각햇습니다만;', 0.4450418767986394), ([[87, 499], [796, 499], [796, 543], [87, 543]], '생각지도  못한데서 뒤통수록 맞는 일이  잦아 풀이 죽어 있습니다;', 0.4045832859213703), ([[237, 534], [420, 534], [420, 576], [237, 576]], '게다가 그덕분에', 0.9902920365994599), ([[433, 539], [647, 539], [647, 575], [433, 575]], '#신올 그림 시간이', 0.15238712911125726), ([[221, 569], [377, 569], [377, 607], [221, 607]], '줄어들 줄이야', 0.9744693312919025), ([[407, 565], [663, 565], [663, 610], [407, 610]], '드질 말씀이  없습니다~', 0.6383460231271969), ([[232, 622], [428, 622], [428, 648], [232, 648]], '타니가라씨   작품 중에서는', 0.4465195182742344), ([[448, 622], [668, 622], [668, 650], [448, 650]], "닫히 세계' 틀가장 좋아하는", 0.7797411655712988), ([[340, 645], [561, 645], [561, 685], [340, 685]], '우타타네 히로유키', 0.9847724396531043), ([[418, 680], [486, 680], [486, 706], [418, 706]], '엿습니다', 0.9571524262428284), ([[313, 735], [575, 735], [575, 777], [313, 777]], '교토 애니, 무섭군요', 0.7039106965405691), ([[849, 1271], [881, 1271], [881, 1283], [849, 1283]], '비닐로', 0.2595306914356241)]
[([[224, 1038], [654, 1038], [654, 1086], [224, 1086]], '손8초3 [ #쓸옷] 흉춤소 보#', 0.00029394616449305), ([[376, 1086], [534, 1086], [534, 1118], [376, 1118]], '[:어3어:어째', 0.0007672267652808569), ([[358, 1118], [530, 1118], [530, 1150], [358, 1150]], '5++-# [3이한', 0.038219792760515216), ([[380, 1150], [504, 1150], [504, 1182], [380, 1182]], '2006.8.11', 0.9316332471164254), ([[230, 1180], [652, 1180], [652, 1210], [230, 1210]], '##도# . ###셋. #-05-서##+&*#다#}.', 0.0008492230929233354), ([[849, 1271], [893, 1271], [893, 1285], [849, 1285]], '비브로스', 0.7195242047309875)]
[([[213, 543], [611, 543], [611, 609], [213, 609]], '신):이05', 0.0007023931142206855), ([[239, 615], [581, 615], [581, 651], [239, 651]], '질골조급 [#*]다실<떤5채', 9.513361233023446e-05), ([[776, 1264], [900, 1264], [900, 1288], [776, 1288]], '번역 비브로스트', 0.9851705227603355)]
