698344
17
[([[481, 5], [731, 5], [731, 25], [481, 25]], '노교요 @ 스36문_피소', 0.0006343856457041674), ([[75, 47], [169, 47], [169, 65], [75, 65]], '5신-::-내:', 0.00029003617876813856), ([[77, 63], [169, 63], [169, 75], [77, 75]], '-이신후훌신 557 3형형4', 0.00013158894086816983), ([[25, 85], [173, 85], [173, 103], [25, 103]], '5 4익 0거', 0.0062601188939668045), ([[46, 132], [154, 132], [154, 182], [46, 182]], '[-18', 0.1478202842794967), ([[63, 177], [111, 177], [111, 189], [63, 189]], '포군|', 0.005209009094186474), ([[599, 867], [709, 867], [709, 903], [599, 903]], '23뜨터다', 0.03753069940027532), ([[349, 871], [553, 871], [553, 931], [349, 931]], '탤꼼하소논', 0.023758610242290354), ([[353, 925], [764, 925], [764, 1001], [353, 1001]], '55,5372 중', 0.16983153355762337), ([[10, 994], [91, 994], [91, 1043], [10, 1043]], '역자', 0.9982565774585103), ([[111, 999], [213, 999], [213, 1037], [111, 1037]], '에리코', 0.992866006046522), ([[445, 999], [757, 999], [757, 1061], [445, 1061]], '43110 #;|가', 0.011462644580180483), ([[13, 1037], [87, 1037], [87, 1081], [13, 1081]], '식자', 0.999914527261138), ([[110, 1036], [312, 1036], [312, 1084], [110, 1084]], '웨스트바티칸', 0.6045883911287753)]
[([[34, 854], [534, 854], [534, 883], [34, 883]], '속#* $ 머 ? 5 머 ( ? 운소끼소+  총다 ( ^ ( ^ )', 0.003811728292961033)]
[]
[([[674, 120], [716, 120], [716, 146], [674, 146]], '싫다 .', 0.6857503652572632), ([[286, 152], [324, 152], [324, 178], [286, 178]], '정말', 0.9999962910793456), ([[658, 148], [712, 148], [712, 174], [658, 174]], '이모습', 0.9991536318124425), ([[674, 176], [728, 176], [728, 202], [674, 202]], '굉장히', 0.9998317235118159), ([[272, 208], [344, 208], [344, 234], [272, 234]], '야하잡아', 0.9832029938697815), ([[659, 205], [727, 205], [727, 225], [659, 225]], '부끄러위', 0.7331627011299133), ([[352, 932], [402, 932], [402, 958], [352, 958]], '좋아 .', 0.35300006757470087), ([[344, 960], [414, 960], [414, 986], [344, 986]], '상낭하게', 0.7946707798178531), ([[353, 989], [389, 989], [389, 1009], [353, 1009]], '해쥐', 0.7614901631838692)]
[([[515, 114], [600, 114], [600, 142], [515, 142]], '안아지니까', 0.9993988323862338), ([[514, 144], [570, 144], [570, 170], [514, 170]], '안심되 .', 0.6123779948983336), ([[276, 612], [374, 612], [374, 636], [276, 636]], '주물러지논거', 0.8473690198831647), ([[50, 626], [88, 626], [88, 652], [50, 652]], '정말', 0.9999944366205292), ([[270, 640], [342, 640], [342, 664], [270, 664]], '기분좋아', 0.8691635131835938), ([[50, 654], [104, 654], [104, 680], [50, 680]], '그렇게', 0.9545237689635141), ([[40, 682], [108, 682], [108, 708], [40, 708]], '가슴만 .', 0.6200914519748014), ([[40, 710], [114, 710], [114, 736], [40, 736]], '또 커질것', 0.9805666667757521), ([[42, 738], [82, 738], [82, 764], [42, 764]], '같아.', 0.9853421118130107)]
[([[165, 39], [185, 39], [185, 61], [165, 61]], '춤', 0.5724943739765287), ([[132, 152], [160, 152], [160, 160], [132, 160]], '스78', 0.07822782049553668), ([[57, 165], [103, 165], [103, 183], [57, 183]], '거기 .', 0.478079229593277), ([[44, 188], [118, 188], [118, 214], [44, 214]], '좁다 해쥐', 0.36041492435957667), ([[287, 493], [307, 493], [307, 515], [287, 515]], '8', 0.3820078066313535), ([[48, 804], [116, 804], [116, 830], [48, 830]], '젖꼭지도', 0.9346998929977417), ([[49, 833], [101, 833], [101, 853], [49, 853]], '보지도', 0.9999094949959553), ([[38, 860], [126, 860], [126, 886], [38, 886]], '굉장히 기분', 0.9943563890268227), ([[681, 865], [701, 865], [701, 889], [681, 889]], '[7', 0.09691002763604341), ([[56, 888], [108, 888], [108, 914], [56, 914]], '좋아~', 0.14592298604469378), ([[681, 929], [701, 929], [701, 973], [681, 973]], '병', 0.06372002817617872), ([[287.41998520943423, 516.0859511911331], [305.7248925223099, 515.1359906569174], [308.58001479056577, 552.9140488088669], [290.2751074776901, 554.8640093430826]], '속', 0.7350274435332871)]
[([[669, 101], [711, 101], [711, 121], [669, 121]], '자지 ', 0.3279764950275421), ([[658, 128], [748, 128], [748, 152], [658, 152]], '벌써 이렇게', 0.5809308747388068), ([[676, 156], [714, 156], [714, 180], [676, 180]], '돼션', 0.29266599590203257), ([[68, 184], [112, 184], [112, 208], [68, 208]], '저기.', 0.9890261637198479), ([[60, 240], [130, 240], [130, 264], [60, 264]], '나한데도', 0.27371224761009216), ([[60, 268], [130, 268], [130, 292], [60, 292]], '하게해쥐', 0.7425331473350525), ([[353, 415], [373, 415], [373, 503], [353, 503]], '꽃', 0.07197492568607888), ([[508, 936], [548, 936], [548, 962], [508, 962]], '잔뜩.', 0.9983986021476927), ([[500, 964], [566, 964], [566, 988], [500, 988]], '해출께 >', 0.0868866101541198)]
[([[683, 57], [703, 57], [703, 81], [683, 81]], '숨', 0.2569835176701396), ([[608, 628], [632, 628], [632, 668], [608, 668]], '속', 0.6220199299314721), ([[611, 703], [631, 703], [631, 741], [611, 741]], '수', 0.536287272769087), ([[56, 836], [80, 836], [80, 922], [56, 922]], '꿀', 0.19162963884367912)]
[([[644, 92], [698, 92], [698, 116], [644, 116]], '괜찮아', 0.9990429049418137), ([[544, 108], [590, 108], [590, 132], [544, 132]], '자지', 0.9999739533469749), ([[538, 136], [604, 136], [604, 162], [538, 162]], '넘어쥐 >', 0.028649985805085532), ([[72, 434], [122, 434], [122, 458], [72, 458]], '같이..', 0.8560842275619507), ([[62, 462], [138, 462], [138, 486], [62, 486]], '기분 좋아', 0.9993197781623318), ([[77, 493], [123, 493], [123, 509], [77, 509]], '지자"', 0.21149794190417393), ([[106, 716], [134, 716], [134, 802], [106, 802]], '"', 0.2518366807249919), ([[159, 887], [195, 887], [195, 899], [159, 899]], '257 5', 0.06916813322083315), ([[200, 960], [276, 960], [276, 1086], [200, 1086]], '색', 0.028962163199452995)]
[([[378, 82], [409, 82], [409, 142], [378, 142]], '칼', 0.12634453609303709), ([[481, 27], [514, 27], [514, 162], [481, 162]], '?', 0.26432934664990526), ([[378, 140], [410, 140], [410, 172], [378, 172]], '0', 0.9485673958143401), ([[60, 234], [96, 234], [96, 260], [60, 260]], '근거', 0.9868349122795116), ([[44, 262], [112, 262], [112, 288], [44, 288]], '들어오고', 0.9999136924743652), ([[52, 290], [102, 290], [102, 316], [52, 316]], '있어청', 0.11230448972785508), ([[687, 455], [753, 455], [753, 533], [687, 533]], '뱀', 0.06750719863845589), ([[478, 698], [532, 698], [532, 722], [478, 722]], '좀더어', 0.5690984823096976), ([[412, 738], [448, 738], [448, 762], [412, 762]], '잔뜩', 0.9995407988253077), ([[638, 677], [740, 677], [740, 806], [638, 806]], '초 탑', 0.03542495473684635), ([[404, 764], [454, 764], [454, 790], [404, 790]], '절러쥐', 0.15902800822869187), ([[413, 795], [433, 795], [433, 819], [413, 819]], '엇', 0.9751549786333413), ([[704.5571443132419, 906.032866898721], [732.6631770919284, 902.0742187120802], [742.4428556867581, 978.967133101279], [714.3368229080716, 982.9257812879198]], '~', 0.0038239268510427277), ([[634.575735931288, 938.0301515190165], [659.4994257115178, 934.0418630933178], [670.424264068712, 1013.9698484809835], [645.5005742884822, 1016.9581369066822]], ' ', 0.018495499427367612)]
[([[650, 66], [680, 66], [680, 124], [650, 124]], '호', 0.009734711458705192), ([[584, 96], [614, 96], [614, 198], [584, 198]], '축', 0.11016362442752836), ([[101, 269], [121, 269], [121, 313], [101, 313]], '축', 0.0379685482905503), ([[69, 311], [85, 311], [85, 351], [69, 351]], '5', 0.9998476563305445), ([[658, 586], [712, 586], [712, 610], [658, 610]], '굉장햇', 0.9936987307207135), ([[141, 703], [175, 703], [175, 723], [141, 723]], '자지', 0.9999730261235074), ([[107, 727], [206, 727], [206, 756], [107, 756]], '기분좋아아', 0.9611421536834178), ([[308, 742], [340, 742], [340, 774], [308, 774]], '0', 0.7630086877043141), ([[495, 817], [535, 817], [535, 921], [495, 921]], '$', 0.3555232288474599), ([[251.96320313195125, 676.0902578521221], [292.5742744398655, 652.0275458253983], [341.0367968680487, 744.9097421478779], [300.4257255601345, 767.9724541746017]], '용', 0.017187623878386127)]
[([[668, 122], [706, 122], [706, 146], [668, 146]], '이젯', 0.7391593940175146), ([[493, 157], [559, 157], [559, 177], [493, 177]], '자지로;', 0.4514237642288208), ([[606, 150], [656, 150], [656, 174], [606, 174]], '안팎~', 0.03875079582275862), ([[54, 442], [122, 442], [122, 468], [54, 468]], '이상해저', 0.9788637161254883), ([[53, 471], [117, 471], [117, 491], [53, 491]], '버려어>', 0.40203720331192017), ([[201, 679], [237, 679], [237, 699], [201, 699]], '안돼', 0.36370847881046864), ([[146, 734], [184, 734], [184, 760], [146, 760]], '간닷-', 0.7709613024563036), ([[190, 976], [258, 976], [258, 1000], [190, 1000]], '가버럿', 0.5831705255229499), ([[556, 964], [588, 964], [588, 1044], [556, 1044]], '호', 0.06847851611354727), ([[88, 1032], [118, 1032], [118, 1058], [88, 1058]], '0', 0.9899487426422446), ([[716.5571443132419, 565.032866898721], [744.8029315913583, 562.1094462711102], [751.4428556867581, 637.967133101279], [723.1970684086417, 639.8905537288898]], '~', 0.01144388901221266), ([[34.19649262399163, 753.0540454175381], [72.49015943667163, 729.0200548726061], [137.80350737600838, 838.9459545824619], [98.50984056332837, 862.9799451273939]], '탑', 0.012372244029262236), ([[28.907464438906157, 965.1003079700932], [66.57427443986555, 940.0275458253983], [121.09253556109384, 1030.8996920299069], [83.42572556013445, 1055.9724541746016]], '%', 0.0392505298511745)]
[([[70, 114], [94, 114], [94, 148], [70, 148]], '담', 0.3873040631406752), ([[71, 145], [85, 145], [85, 169], [71, 169]], '0', 0.7500981558867039), ([[76, 426], [115, 426], [115, 673], [76, 673]], '3', 0.21216769659639922), ([[367, 825], [397, 825], [397, 839], [367, 839]], '형내', 0.011869976549164656), ([[463, 797], [514, 797], [514, 888], [463, 888]], '{', 0.12320659373099918), ([[492, 890], [520, 890], [520, 920], [492, 920]], '0', 0.4499319789911169), ([[640, 780], [681, 780], [681, 997], [640, 997]], '#', 0.4727706680392316), ([[269.3756770666054, 75.06568221304549], [291.81696739739806, 72.11338186252691], [297.6243229333946, 127.93431778695451], [275.18303260260194, 130.8866181374731]], '중', 0.8073938494541665), ([[72.66366360300185, 167.05825808840515], [81.43273106758477, 169.09847694253173], [77.33633639699815, 196.94174191159485], [68.56726893241523, 195.90152305746827]], '중', 0.799803698046194), ([[182.6185070520439, 757.0243550059424], [207.31405435355413, 749.0164836412358], [237.3814929479561, 840.9756449940576], [212.68594564644587, 849.9835163587642]], '논', 0.05418304337818669)]
[([[354, 104], [380, 104], [380, 128], [354, 128]], '아', 0.9999595884591237), ([[356, 132], [396, 132], [396, 156], [356, 156]], '빼지', 0.994696744137573), ([[348, 160], [404, 160], [404, 186], [348, 186]], '말아쥐', 0.9348001541630613), ([[64, 298], [106, 298], [106, 324], [64, 324]], '좀더', 0.5016162702122876), ([[46, 324], [104, 324], [104, 348], [46, 348]], '이대로', 0.9999339277976472), ([[115, 793], [147, 793], [147, 809], [115, 809]], '저기', 0.9999742905192073), ([[113, 811], [153, 811], [153, 829], [113, 829]], '한번더', 0.6190971521746943), ([[91, 829], [123, 829], [123, 849], [91, 849]], '해쥐', 0.17402643109861748), ([[133, 833], [161, 833], [161, 849], [133, 849]], '면해 ', 0.6480694871572851), ([[668, 838], [692, 838], [692, 864], [668, 864]], '양', 0.9894408068590224), ([[650, 866], [724, 866], [724, 890], [650, 890]], '자지가>', 0.307722806930542), ([[572, 878], [630, 878], [630, 904], [572, 904]], '안에서', 0.9453383622522089), ([[571, 935], [631, 935], [631, 955], [571, 955]], '또 커지', 0.9955975213256617), ([[564, 962], [634, 962], [634, 988], [564, 988]], '고있어~', 0.24020712077617645)]
[([[32, 20], [264, 20], [264, 44], [32, 44]], '*1" =[} 18#나소[+" ? 채5', 0.11080341169011042), ([[358, 812], [736, 812], [736, 842], [358, 842]], '표쪽 + 소 55,3"5,3"*? 최7 7+"1+0 척\' *', 0.013495415578538691), ([[361, 841], [459, 841], [459, 861], [361, 861]], '2013/08/12', 0.9999445086983075), ([[360, 884], [506, 884], [506, 910], [360, 910]], '*어니어. <어물(|어0)', 6.523977034317161e-05), ([[360, 906], [460, 906], [460, 930], [360, 930]], '훔++권://>쁨', 0.00300015865082159), ([[464, 906], [738, 906], [738, 930], [464, 930]], "96형6'+@5 물[/'하|+하미해오싣하+7라/", 5.748126221758889e-06), ([[363, 931], [477, 931], [477, 951], [363, 951]], '혼어값어형<|$형+먹교', 3.809907197479149e-06), ([[503, 937], [533, 937], [533, 951], [503, 951]], '(기어', 0.00105173009847899), ([[360, 994], [406, 994], [406, 1018], [360, 1018]], '타물 제', 0.0511486950246088), ([[416, 992], [554, 992], [554, 1018], [416, 1018]], '저다 솟 {;타 뒤#', 0.03269492104873794), ([[365, 1061], [417, 1061], [417, 1077], [365, 1077]], '푹뇨5## #', 0.014386422584135479), ([[427, 1061], [671, 1061], [671, 1077], [427, 1077]], '*가} 쇼 * 5 {- 늄성다 잠 47 복 도 #소( 추녀 .', 0.003014026002365174)]
[([[119, 790], [342, 790], [342, 818], [119, 818]], '가처고실아닭?외어;안-+ 5고물 8어형뇨', 1.309660632859976e-07), ([[162, 814], [300, 814], [300, 842], [162, 842]], '5형+ ^깜미+ 0물`모', 4.071932235221782e-05), ([[117, 850], [344, 850], [344, 878], [117, 878]], '명*어|><+ 이솜 -어역니어교-<어물', 1.826428831386547e-06), ([[178, 874], [288, 874], [288, 898], [178, 898]], '2013/08/12', 0.9999932898697733)]
[([[480, 10], [519, 10], [519, 24], [480, 24]], "'", 0.5526874833054904), ([[530, 14], [558, 14], [558, 22], [530, 22]], "'", 0.3321109329370451), ([[563, 11], [603, 11], [603, 25], [563, 25]], "'", 0.7707000454183941), ([[75, 47], [169, 47], [169, 65], [75, 65]], '5신:', 0.0024394523155466326), ([[77, 61], [169, 61], [169, 75], [77, 75]], '.이신후-신 ] 3명형}', 4.194471226167565e-06), ([[25, 85], [173, 85], [173, 103], [25, 103]], '5 4신익 0거', 0.003257487500410232), ([[46, 132], [154, 132], [154, 182], [46, 182]], '3-18', 0.34878063201904297), ([[311, 113], [450, 113], [450, 164], [311, 164]], '역자후기', 0.9980035424232483), ([[177, 156], [586, 156], [586, 213], [177, 213]], '레이무가슴이 이렇게 젊나?', 0.4552784589296611), ([[240, 204], [524, 204], [524, 254], [240, 254]], '반유무너아니엿음?', 0.5297282149694561), ([[313, 290], [450, 290], [450, 340], [313, 340]], '식자후기', 0.9547339339908094), ([[324, 632], [448, 632], [448, 662], [324, 662]], '이 모든 것은', 0.6745014216629044), ([[280, 658], [494, 658], [494, 686], [280, 686]], '남자의 방만인 것이다!', 0.8372610386972452), ([[206, 734], [556, 734], [556, 782], [206, 782]], '가슴이 커서 다행이라고', 0.9954774512530016), ([[260, 778], [502, 778], [502, 826], [260, 826]], '생각합니다 혈학', 0.10314329931861736), ([[216, 822], [544, 822], [544, 870], [216, 870]], '레이무 가슴 빨고싶다 .', 0.8046968329916139), ([[263, 869], [303, 869], [303, 905], [263, 905]], '아', 0.9999775887791316), ([[301, 865], [551, 865], [551, 927], [301, 927]], '파뭄히고싶어 논', 0.49691600184254525), ([[599, 867], [683, 867], [683, 903], [599, 903]], '23든터', 0.13777761161327362), ([[354, 928], [764, 928], [764, 1000], [354, 1000]], '5553 72 5', 0.13196246658439867), ([[10, 993], [89, 993], [89, 1043], [10, 1043]], '역자', 0.9992397555225982), ([[111, 999], [213, 999], [213, 1037], [111, 1037]], '에리코', 0.9552222119620335), ([[444, 999], [757, 999], [757, 1061], [444, 1061]], '43110 ;[ 개', 0.029401184046447846), ([[13, 1037], [87, 1037], [87, 1081], [13, 1081]], '식자', 0.9998594010085109), ([[110, 1036], [312, 1036], [312, 1084], [110, 1084]], '웨스트바티칸', 0.6743224709241761)]
