698343
18
[([[166, 30], [270, 30], [270, 58], [166, 58]], '탤부단서논)', 0.009664173169742624), ([[165, 57], [377, 57], [377, 95], [165, 95]], '5353초5)', 0.5460996403712898), ([[213, 95], [289, 95], [289, 115], [213, 115]], '=31-60)', 0.029649308887917263), ([[287, 91], [374, 91], [374, 124], [287, 124]], '#내', 0.11264444126026797), ([[338, 150], [374, 150], [374, 176], [338, 176]], '18', 0.9995197283008709), ([[528, 287], [637, 287], [637, 304], [528, 304]], '가+`|타? 권] 5 묘형미사', 4.4225423539528327e-07), ([[547, 301], [617, 301], [617, 315], [547, 315]], '5형* 항산미| 야', 6.64714815906566e-05), ([[528, 317], [637, 317], [637, 333], [528, 333]], '끊싣형어>잊 이 니금형,<형머', 7.471024747880252e-08), ([[613, 459], [673, 459], [673, 495], [613, 495]], '역자', 0.9988778139338469), ([[690, 460], [768, 460], [768, 492], [690, 492]], '에리코', 0.9940854190631877), ([[13, 505], [89, 505], [89, 517], [13, 517]], '. 4"', 0.007405475212627637), ([[542, 494], [600, 494], [600, 526], [542, 526]], '식자', 0.9998675771701846), ([[614, 488], [771, 488], [771, 529], [614, 529]], '웨스트바티칸', 0.7919708296078382)]
[([[481, 27], [717, 27], [717, 47], [481, 47]], '소어요니어미 <이교 212 ~~', 0.00048306836800130496), ([[332, 55], [535, 55], [535, 119], [332, 119]], '류서하소논)', 0.022521935457241588), ([[565, 81], [611, 81], [611, 101], [565, 101]], '-어칭6', 0.0004210624028928578), ([[334, 116], [748, 116], [748, 188], [334, 188]], '5353 초25)', 0.32702299499701565), ([[427, 189], [581, 189], [581, 229], [427, 229]], '화51150', 0.13764359155451975), ([[581, 185], [747, 185], [747, 247], [581, 247]], '하신', 0.008766975010130905), ([[636, 302], [744, 302], [744, 350], [636, 350]], '{-18', 0.1752607422283025), ([[649, 347], [721, 347], [721, 359], [649, 359]], "대'면' 507", 0.0037041742902161), ([[77, 979], [167, 979], [167, 997], [77, 997]], '5신내-너-고', 0.00041146731361223), ([[77, 993], [167, 993], [167, 1007], [77, 1007]], "'3신서3신 5채/ 5기하4", 0.00010564923286437988), ([[25, 1015], [171, 1015], [171, 1035], [25, 1035]], '5이 서신춥>', 0.001643941563107963), ([[23, 1053], [83, 1053], [83, 1067], [23, 1067]], '("")] "', 0.15879861100893713), ([[87, 1053], [113, 1053], [113, 1065], [87, 1065]], '"-1:', 0.25740528106689453), ([[119, 1053], [173, 1053], [173, 1065], [119, 1065]], '#세 , 벼기', 0.11556180047392774), ([[178, 1050], [217, 1050], [217, 1067], [178, 1067]], '끼 %신 .', 0.016666349188204446), ([[221, 1053], [291, 1053], [291, 1065], [221, 1065]], '~7쪽 . " ;니', 0.006707768653227202), ([[299, 1051], [421, 1051], [421, 1065], [299, 1065]], "끼0 ''  '1내}", 0.024774364802736315)]
[([[74, 812], [411, 812], [411, 838], [74, 838]], '51 > 5 " ( < 8소끼소 + # : 다 (', 0.01570738977679119), ([[424, 814], [480, 814], [480, 838], [424, 838]], '( ^ )', 0.40224372398236113)]
[]
[([[664, 244], [768, 244], [768, 268], [664, 268]], '겨우  둘만 이', 0.2870264155287266), ([[677, 275], [737, 275], [737, 295], [677, 295]], '되어네', 0.9866146445274353), ([[412, 318], [478, 318], [478, 342], [412, 342]], '더는 못', 0.4700730255822042), ([[411, 349], [471, 349], [471, 369], [411, 369]], '기다려', 0.9690137641304141), ([[363, 365], [405, 365], [405, 383], [363, 383]], '빨리', 0.999755219879461), ([[349, 395], [425, 395], [425, 413], [349, 413]], '키 스 해쥐', 0.36565838063763106), ([[389, 787], [449, 787], [449, 807], [389, 807]], '부 탁해', 0.9310411472130592), ([[457, 789], [493, 789], [493, 809], [457, 809]], '좀 더', 0.8983769847608309), ([[409, 815], [453, 815], [453, 835], [409, 835]], '해쥐', 0.6073176608811885)]
[([[19, 140], [96, 140], [96, 168], [19, 168]], '적꼭 지', 0.2845705465078217), ([[391, 139], [429, 139], [429, 159], [391, 159]], '가 슴', 0.7139086790568322), ([[437, 141], [513, 141], [513, 159], [437, 159]], '만저지 고', 0.6978670310719638), ([[8, 172], [106, 172], [106, 196], [8, 196]], '[기불 죽 아앗', 0.11101349929812289), ([[427, 169], [469, 169], [469, 189], [427, 189]], '와 어', 0.458730962850676), ([[405, 197], [499, 197], [499, 217], [405, 217]], '부 끄러워어', 0.11810729343580681), ([[134, 668], [212, 668], [212, 692], [134, 692]], '주 물러지', 0.9500413365362923), ([[132, 698], [214, 698], [214, 722], [132, 722]], '논거 기불', 0.6745940159203476), ([[63, 725], [93, 725], [93, 745], [63, 745]], '양', 0.9854130168832995), ([[138, 726], [180, 726], [180, 750], [138, 750]], '죽 아', 0.5343759497307162), ([[60, 752], [104, 752], [104, 776], [60, 776]], '좀더', 0.6155009883781767), ([[65, 783], [103, 783], [103, 803], [65, 803]], '잔뜩', 0.9993440051941527), ([[55, 811], [115, 811], [115, 831], [55, 831]], '만저취', 0.6024541181768313)]
[([[445, 69], [489, 69], [489, 89], [445, 89]], '이제 .', 0.8908090256568438), ([[446, 96], [500, 96], [500, 122], [446, 122]], '이쪽도', 0.9991003670964358), ([[427, 123], [518, 123], [518, 153], [427, 153]], '끈적끈적해', 0.8564747807871325), ([[583, 513], [674, 513], [674, 542], [583, 542]], '손가락으로', 0.9972562790052467), ([[592, 546], [668, 546], [668, 570], [592, 570]], '만져저서 .', 0.31571692368967275), ([[526, 606], [620, 606], [620, 632], [526, 632]], '기분좋아앗', 0.7343794922999721), ([[40, 838], [114, 838], [114, 864], [40, 864]], '나한데도', 0.2975265681743622), ([[46, 866], [118, 866], [118, 890], [46, 890]], '하게해쥐', 0.8938537836074829)]
[([[456, 226], [512, 226], [512, 252], [456, 252]], '굉장이', 0.9994312476142975), ([[28, 248], [108, 248], [108, 274], [28, 274]], '지금 기분', 0.6928205121810626), ([[442, 256], [498, 256], [498, 282], [442, 282]], '뜨겁고', 0.9252224271739222), ([[679, 271], [719, 271], [719, 291], [679, 291]], '이게', 0.9777596716554949), ([[20, 278], [116, 278], [116, 304], [20, 304]], '중계 해줄게', 0.3493449162200979), ([[326, 286], [364, 286], [364, 312], [326, 312]], '움질', 0.9586387207437351), ([[452, 284], [482, 284], [482, 308], [452, 308]], '커 .', 0.3263470530509949), ([[680, 298], [732, 298], [732, 322], [680, 322]], '자0>', 0.04431260521171738), ([[310, 316], [380, 316], [380, 342], [310, 342]], '움질거려', 0.8024335503578186), ([[268, 626], [292, 626], [292, 652], [268, 652]], '[궁', 0.12598283353964418)]
[([[85, 375], [105, 375], [105, 451], [85, 451]], '꿀', 0.20113389169524964), ([[687, 491], [703, 491], [703, 563], [687, 563]], '%', 0.014999006476624166), ([[371, 735], [411, 735], [411, 755], [371, 755]], '저기', 0.9999962910793456), ([[372, 762], [428, 762], [428, 786], [372, 786]], '부탁해', 0.999960081307807), ([[30, 946], [72, 946], [72, 970], [30, 970]], '이제_', 0.8119224328895354), ([[22, 974], [96, 974], [96, 1002], [22, 1002]], '못참켓어', 0.2732827365398407), ([[43.69299722007724, 421.0482913822394], [57.27472112789738, 419.03847605235916], [61.30700277992276, 453.9517086177606], [47.72527887210262, 455.96152394764084]], '5', 0.9495554590215285), ([[507.41998520943423, 588.0859511911331], [523.569940536166, 586.0829272874419], [527.5800147905658, 624.9140488088669], [511.4300594638341, 626.9170727125581]], '5', 0.23242220116134504), ([[507.41998520943423, 642.0859511911331], [522.5218180502856, 640.0692732139435], [527.5800147905658, 678.9140488088669], [511.47818194971444, 680.9307267860565]], '춤', 0.08305746547479487)]
[([[668, 330], [708, 330], [708, 356], [668, 356]], '좋아', 0.9970324672885443), ([[625, 375], [661, 375], [661, 395], [625, 395]], '와쥐', 0.7186400507143939), ([[152, 480], [192, 480], [192, 506], [152, 506]], '나흘', 0.2722612627585178), ([[144, 508], [204, 508], [204, 536], [144, 536]], '당신의 .', 0.9447583279103073), ([[84, 564], [140, 564], [140, 590], [84, 590]], '신부로', 0.9999893320527347), ([[76, 594], [146, 594], [146, 620], [76, 620]], '삼아쥐 ~', 0.09574844360498398), ([[276, 804], [300, 804], [300, 892], [276, 892]], '축', 0.009360614135545176), ([[663, 879], [727, 879], [727, 955], [663, 955]], '뱀', 0.7013830478918095), ([[542, 1048], [584, 1048], [584, 1056], [542, 1056]], '753 3 0', 0.028285025595494673), ([[478, 1056], [510, 1056], [510, 1088], [478, 1088]], '9', 0.24296711135845328), ([[391.3816999397877, 968.0239292232616], [512.8057300167486, 1055.2476932615461], [471.6183000602123, 1112.9760707767384], [350.19426998325144, 1025.7523067384539]], '굉직생 >', 0.0009276865106395861)]
[([[439, 71], [459, 71], [459, 113], [439, 113]], '축', 0.006320114506076779), ([[645, 63], [729, 63], [729, 127], [645, 127]], '퀴규속', 0.009043014676451102), ([[44, 139], [75, 139], [75, 238], [44, 238]], '동', 0.019061984103624363), ([[198, 290], [222, 290], [222, 338], [198, 338]], '콩', 0.016731428057268127), ([[131, 391], [151, 391], [151, 467], [131, 467]], '닭', 0.00988722768052086), ([[67, 445], [87, 445], [87, 505], [67, 505]], '굶', 0.016680997358627048), ([[696, 490], [724, 490], [724, 566], [696, 566]], '호', 0.10016363407089646), ([[636, 552], [668, 552], [668, 686], [636, 686]], '중', 0.003148256668740315), ([[329, 753], [393, 753], [393, 829], [329, 829]], '뱀', 0.2593119328312241), ([[521, 813], [559, 813], [559, 833], [521, 833]], '자지', 0.9999862601550323), ([[438, 850], [506, 850], [506, 876], [438, 876]], '들어와~', 0.47332802414894104), ([[254.3374108435509, 44.03669759195829], [292.4214913458178, 18.014822889387425], [372.6625891564491, 145.96330240804173], [333.5785086541822, 171.98517711061257]], '#', 0.02627411604913732), ([[74.2184013837282, 712.0437723151811], [129.3728129459673, 697.1359352701636], [158.7815986162718, 814.9562276848189], [102.62718705403272, 830.8640647298364]], '댁', 0.10125449723551583)]
[([[59, 133], [89, 133], [89, 236], [59, 236]], '출', 0.2052602321205521), ([[440, 133], [470, 133], [470, 210], [440, 210]], '호', 0.12450410401675072), ([[123, 475], [193, 475], [193, 495], [123, 495]], '자지가>', 0.40529176592826843), ([[66, 516], [106, 516], [106, 542], [66, 542]], '안쪽', 0.9997262250499407), ([[702, 476], [735, 476], [735, 557], [702, 557]], '푹', 0.15306006335373468), ([[58, 544], [110, 544], [110, 570], [58, 570]], '까짓"', 0.20050089954435507), ([[648, 561], [676, 561], [676, 652], [648, 652]], '축', 0.07203914314334625), ([[512, 774], [552, 774], [552, 800], [512, 800]], '안돼', 0.7026882667261198), ([[340, 890], [416, 890], [416, 918], [340, 918]], '처음인데', 0.9971325397491455), ([[334, 920], [448, 920], [448, 946], [334, 946]], '[기분좋아 . 앗', 0.37304982667011205), ([[514.5815944344623, 185.0293204846825], [538.3721042037677, 181.02316636985898], [552.4184055655377, 261.9706795153175], [528.6278957962323, 266.976833630141]], '8', 0.5677001601806388), ([[703.202547777171, 1037.1658598874935], [754.9695671176358, 1045.652429332182], [751.797452222829, 1063.8341401125065], [700.0304328823642, 1055.347570667818]], ') @>@', 0.14722168076326375)]
[([[706, 62], [730, 62], [730, 90], [706, 90]], '8', 0.004954612730490526), ([[302, 80], [330, 80], [330, 162], [302, 162]], '축', 0.13225328323120156), ([[154, 229], [192, 229], [192, 304], [154, 304]], '@', 0.011434497095353047), ([[255, 249], [295, 249], [295, 269], [255, 269]], '이제', 0.9999667041520314), ([[237, 395], [259, 395], [259, 409], [237, 409]], '*3:', 0.004876241726133481), ([[68, 448], [92, 448], [92, 456], [68, 456]], '버기', 0.0034495341542947113), ([[140, 600], [180, 600], [180, 626], [140, 626]], "'기분", 0.8593795072820379), ([[82, 640], [140, 640], [140, 666], [82, 666]], "'좋아서", 0.5645954012870789), ([[485, 722], [516, 722], [516, 803], [485, 803]], '호', 0.0265361578151877), ([[478, 858], [502, 858], [502, 888], [478, 888]], '8', 0.03137299358063306), ([[101, 867], [137, 867], [137, 907], [101, 907]], '춤', 0.03719005106774009), ([[35, 895], [77, 895], [77, 939], [35, 939]], '8', 0.23625272386040308), ([[432, 916], [474, 916], [474, 944], [432, 944]], '안돼', 0.7001418974439768), ([[692, 936], [730, 936], [730, 944], [692, 944]], '국7 -_ =', 0.034495356482380904)]
[([[72, 554], [124, 554], [124, 686], [72, 686]], '값', 0.7983805424885446), ([[673, 464], [714, 464], [714, 643], [673, 643]], '?', 0.005819058640277541), ([[677, 641], [715, 641], [715, 679], [677, 679]], '0', 0.8869125779174034), ([[79, 689], [119, 689], [119, 731], [79, 731]], '어', 0.9993822336905431), ([[564, 696], [590, 696], [590, 722], [564, 722]], '박', 0.021531819864173407), ([[76, 728], [120, 728], [120, 862], [76, 862]], '현', 0.13632984816389637), ([[701.5661390843627, 154.0476258796321], [721.4940074101668, 151.0619709293459], [727.4338609156373, 202.9523741203679], [707.5059925898332, 205.9380290706541]], '중', 0.9650421882042792), ([[506.5928435361255, 232.0277578137162], [528.3505237427022, 226.02054818703138], [550.4071564638745, 310.97224218628384], [529.6494762572978, 316.97945181296865]], '8', 0.02053913009497621), ([[168.600079976008, 599.0403918824392], [188.0635362650713, 602.3062200222938], [178.399920023992, 651.9596081175608], [158.9364637349287, 648.6937799777062]], '@', 0.34856981445310353), ([[414.550583861716, 759.0338534873257], [437.3631631259331, 751.0220623673484], [464.449416138284, 830.9661465126743], [440.6368368740669, 838.9779376326516]], '본', 0.048821934852870896), ([[277.314855964253, 935.0392468890013], [315.4336455634708, 909.0156912241026], [394.685144035747, 1033.9607531109987], [355.5663544365292, 1058.9843087758973]], '#', 0.33200019905692457), ([[458.1401328392153, 949.1942789623521], [474.46324105461207, 938.0543875706293], [495.8598671607847, 973.8057210376479], [479.53675894538793, 983.9456124293707]], ':', 0.25125786535520334)]
[([[687, 161], [703, 161], [703, 183], [687, 183]], '춤', 0.1555704495913801), ([[600, 338], [644, 338], [644, 364], [600, 364]], '안이.', 0.9727675563231097), ([[586, 368], [674, 368], [674, 394], [586, 394]], '뜨거운걸로', 0.8595356646885504), ([[592, 398], [632, 398], [632, 422], [592, 422]], '가득', 0.9995748490677835), ([[71, 472], [148, 472], [148, 503], [71, 503]], '따뜻하고', 0.9997973442077637), ([[82, 504], [158, 504], [158, 530], [82, 530]], '기분좋아', 0.6600399613380432), ([[171, 765], [201, 765], [201, 779], [171, 779]], '저기', 0.9992598871109654), ([[426, 760], [484, 760], [484, 786], [426, 786]], '굉장히', 0.9997385364468676), ([[89, 787], [131, 787], [131, 807], [89, 807]], '한번더', 0.8933745148378125), ([[187, 783], [217, 783], [217, 799], [187, 799]], '하나', 0.9998855310784486), ([[89, 807], [145, 807], [145, 827], [89, 827]], '해짚으면', 0.18952153623104095), ([[155, 801], [185, 801], [185, 821], [155, 821]], '괜찮', 0.8181069596626706), ([[408, 790], [500, 790], [500, 816], [408, 816]], '기분중앉어', 0.5517363137372245), ([[274, 818], [374, 818], [374, 846], [274, 846]], '계속 함께야-', 0.9048560194605288), ([[69, 859], [111, 859], [111, 877], [69, 877]], '안독까', 0.2426602583833815), ([[302.9230627620734, 785.1999631813908], [352.8634399341051, 793.1051750205921], [348.0769372379266, 816.8000368186092], [299.1365600658949, 809.8948249794079]], '이제 .', 0.5412153005599976), ([[85.06850713433475, 824.230163555236], [116.8848554909625, 829.3311803096585], [113.93149286566525, 846.769836444764], [82.1151445090375, 841.6688196903415]], '하는.', 0.7140850574200156), ([[20.513411707505668, 932.6620705367551], [60.70159599471859, 926.9490142385562], [62.48658829249433, 944.3379294632449], [23.298404005281416, 950.0509857614438]], '갑자기', 0.9951217303846123)]
[([[37, 27], [201, 27], [201, 45], [37, 45]], '*1" 7 [금 #금히 ( [ 7', 0.031182881493765677), ([[356, 804], [724, 804], [724, 830], [356, 830]], '표목 + 소 55,3"53"*- 54 중+"1+0 # \' *', 0.014134991431849047), ([[356, 828], [454, 828], [454, 852], [356, 852]], '2012/12/30', 0.9998829459415155), ([[358, 874], [419, 874], [419, 895], [358, 895]], '*어어당어굽', 6.886697548288459e-05), ([[423, 879], [453, 879], [453, 893], [423, 893]], '밥기어', 0.0007826931381600617), ([[447, 872], [498, 872], [498, 897], [447, 897]], "'(고어커)", 0.005020043194893921), ([[354, 893], [726, 893], [726, 918], [354, 918]], '화++?://,>8 9@형<+@5; 꾸/^+하히오+하+7/', 1.1714260598783585e-05), ([[359, 919], [525, 919], [525, 939], [359, 939]], '노어어-더`^형+끼 <펼검', 1.1902729112668954e-06), ([[356, 980], [402, 980], [402, 1004], [356, 1004]], '타 곁', 0.13309654536750604), ([[410, 980], [544, 980], [544, 1004], [410, 1004]], '벼다 못 {7털 묶우*', 0.0015030587974855327), ([[361, 1047], [411, 1047], [411, 1063], [361, 1063]], '##5# 주"', 0.07269028468660169), ([[421, 1046], [659, 1046], [659, 1063], [421, 1063]], '3 + 1} : 7: (- #선터 급 {주 석 손 #소( 중카 .', 0.00044607660531329683)]
[([[273, 576], [492, 576], [492, 607], [273, 607]], '가고범어잃?-어;.-( :3물 3어형니', 7.491371936397593e-07), ([[314, 602], [452, 602], [452, 628], [314, 628]], ':어* ^_>`+ 0미작즐', 9.135655642897744e-06), ([[273, 638], [496, 638], [496, 666], [273, 666]], '저여어위교-[ 57 소어역니|옷 <어교', 7.390187808913786e-07)]
[([[481, 27], [717, 27], [717, 47], [481, 47]], '_ 랜직', 0.00011505102156661451), ([[332, 55], [535, 55], [535, 119], [332, 119]], '류활하소논)', 0.05490249321714824), ([[333, 117], [747, 117], [747, 185], [333, 185]], '5357 735', 0.30872920370032375), ([[298, 174], [748, 174], [748, 248], [298, 248]], '역자후기 10 #다', 0.10073961934890871), ([[97, 241], [683, 241], [683, 307], [97, 307]], '원가 ?-18금게임에 나올법한', 0.42257793526875315), ([[281, 309], [499, 309], [499, 373], [281, 373]], '그림체.. ?', 0.9891661108998664), ([[636, 302], [744, 302], [744, 350], [636, 350]], '3-18', 0.35683217356621855), ([[659, 347], [721, 347], [721, 359], [659, 359]], "어;하 '하1", 0.004169581781960754), ([[300, 443], [479, 443], [479, 507], [300, 507]], '식자후기', 0.9998078942298889), ([[225, 515], [551, 515], [551, 577], [225, 577]], '그러게요 역자남', 0.8406893550530534), ([[163, 580], [617, 580], [617, 646], [163, 646]], '에라토호가 생각나네요', 0.6887405891373904), ([[176, 644], [600, 644], [600, 717], [176, 717]], '하학 레이무탕 셈스!!', 0.1408456025713787), ([[111, 717], [669, 717], [669, 781], [111, 781]], '세스! 씩스!! 세에에에스!!!', 0.07191811466395531), ([[77, 979], [167, 979], [167, 995], [77, 995]], '릿이:개', 0.00024931662483140826), ([[77, 995], [167, 995], [167, 1007], [77, 1007]], "']신맛3신 5술/ 5형34", 0.00024352821808860183), ([[25, 1015], [171, 1015], [171, 1035], [25, 1035]], '5관대 서지 춥>', 0.0006950450089223439), ([[23, 1050], [217, 1050], [217, 1067], [23, 1067]], '[17] "\'. "-18 _ 떠] , 시계 . 깨 개시 .', 0.0016640874711195777), ([[221, 1053], [291, 1053], [291, 1065], [221, 1065]], '~쪽 . " ;내', 0.018019064789747786), ([[299, 1053], [323, 1053], [323, 1065], [299, 1065]], '끼나', 0.14559165200348434), ([[329, 1051], [421, 1051], [421, 1065], [329, 1065]], '"; \'1내2', 0.03511207376315488), ([[567.1401328392153, 80.19427896235214], [612.952374120368, 87.56613908436269], [609.8598671607847, 104.80572103764786], [564.047625879632, 98.43386091563731]], '(칭괴', 0.00016720641478320465)]
