698678
27
[([[114, 20], [186, 20], [186, 216], [114, 216]], '봄', 0.005131908466515844), ([[128, 216], [180, 216], [180, 274], [128, 274]], '1', 0.9961035135290928), ([[37, 265], [193, 265], [193, 425], [37, 425]], '숫', 0.4670778903657471), ([[69, 399], [179, 399], [179, 467], [69, 467]], '화난', 0.002152203512478117), ([[67, 463], [133, 463], [133, 529], [67, 529]], '뼈', 0.029645099555396293), ([[20, 974], [96, 974], [96, 998], [20, 998]], "'어", 0.0009083471207705267), ([[23, 995], [95, 995], [95, 1039], [23, 1039]], ':18', 0.005391646464785376), ([[21, 1037], [97, 1037], [97, 1055], [21, 1055]], '묘스[어', 0.06360960006713867), ([[23, 1069], [45, 1069], [45, 1083], [23, 1083]], '97', 0.0195712405063912), ([[28, 1054], [100, 1054], [100, 1084], [28, 1084]], '전#', 0.01796084689160661), ([[760.5661390843627, 1018.047625879632], [777.4364804455784, 1025.608409568346], [759.4338609156373, 1066.952374120368], [742.5635195544216, 1059.391590431654]], '닭', 0.07395476364635911), ([[687.6027607015021, 1087.3452453328541], [749.8840578047774, 1049.6654066332105], [761.3972392984979, 1073.6547546671459], [700.1159421952226, 1111.3345933667895]], '우탕_박', 0.0006391872302629054), ([[633.1401328392153, 1078.1942789623522], [667.9028890371088, 1084.3843594291707], [663.8598671607847, 1102.8057210376478], [630.0971109628912, 1096.6156405708293]], '넷', 0.008892288006031812)]
[([[118, 94], [168, 94], [168, 160], [118, 160]], '>', 0.9658999540622268), ([[45, 144], [192, 144], [192, 619], [45, 619]], '#', 0.04528324221632829)]
[]
[([[378, 148], [448, 148], [448, 174], [378, 174]], '[다녀앉어', 0.6490744894903889), ([[514, 193], [712, 193], [712, 273], [514, 273]], '대 "을된', 0.0013131375576552035), ([[319, 441], [363, 441], [363, 461], [319, 461]], '어라?', 0.9649998418430289), ([[32, 742], [152, 742], [152, 874], [32, 874]], '1', 0.981646653855023), ([[384, 828], [436, 828], [436, 852], [384, 852]], '아무도', 0.99996001248266), ([[370, 854], [450, 854], [450, 878], [370, 878]], '없느거야?', 0.6663255228906608), ([[659, 857], [697, 857], [697, 877], [659, 877]], '뭐야', 0.5359894220369331), ([[195, 997], [243, 997], [243, 1017], [195, 1017]], '어-이', 0.9999633160904321), ([[187, 1021], [249, 1021], [249, 1041], [187, 1041]], '라이더?', 0.9823479652404785)]
[([[382, 86], [406, 86], [406, 110], [382, 110]], '셋', 0.681609009063866), ([[34, 166], [102, 166], [102, 190], [34, 190]], '시 로?', 0.963260293006897), ([[16, 502], [240, 502], [240, 740], [16, 740]], '상', 0.08503609808634938), ([[335, 897], [429, 897], [429, 917], [335, 917]], '저저저기', 0.8416498625247897), ([[334, 924], [430, 924], [430, 948], [334, 948]], '이 이 이 건', 0.6126421374718635), ([[340, 952], [416, 952], [416, 976], [340, 976]], '이 유가', 0.9937131894492212), ([[677, 977], [739, 977], [739, 991], [677, 991]], '라 이터-', 0.5529057558138318)]
[([[459, 127], [507, 127], [507, 147], [459, 147]], '-저기', 0.5698704446670442), ([[31, 137], [101, 137], [101, 157], [31, 157]], '이거 입으면', 0.7946433950578502), ([[41, 159], [93, 159], [93, 177], [41, 177]], '에미야군', 0.9977734684944153), ([[31, 177], [103, 177], [103, 197], [31, 197]], '엄청 기뻐활', 0.4676613630380596), ([[51, 199], [85, 199], [85, 215], [51, 215]], '거야!', 0.6001861095428467), ([[381, 287], [445, 287], [445, 303], [381, 303]], '아까전 린이', 0.649401732302832), ([[401, 307], [427, 307], [427, 323], [401, 323]], '이걸', 0.4522989290937576), ([[385, 325], [441, 325], [441, 341], [385, 341]], '가저와서 ,', 0.6509423015118248), ([[175, 521], [289, 521], [289, 631], [175, 631]], '7}', 0.04316559248749367), ([[19, 735], [67, 735], [67, 751], [19, 751]], '그녀석이', 0.9985000491142273), ([[192, 752], [244, 752], [244, 810], [192, 810]], '떼]', 0.03422584726896238), ([[403, 917], [463, 917], [463, 931], [403, 931]], '라이더-도', 0.960240280419818), ([[680, 917], [743, 917], [743, 937], [680, 937]], '토오사카는', 0.6003093909204845), ([[393, 935], [473, 935], [473, 955], [393, 955]], '너무 진심으로', 0.9834551078596464), ([[675, 939], [747, 939], [747, 959], [675, 959]], '정말 이상한', 0.7304346213476676), ([[401, 957], [465, 957], [465, 975], [401, 975]], '받아들이지', 0.999941090018613), ([[676, 957], [731, 957], [731, 977], [676, 977]], '이야기만 .', 0.7756604903878067), ([[407, 975], [457, 975], [457, 995], [407, 995]], '말라고?', 0.9978414177894592), ([[337, 987], [365, 987], [365, 1003], [337, 1003]], '뭐어', 0.5796930684521278)]
[([[347, 67], [397, 67], [397, 85], [347, 85]], '무물 손', 0.23197187497099087), ([[351, 89], [397, 89], [397, 105], [351, 105]], '이 일무', 0.40259537487444097), ([[351, 109], [397, 109], [397, 125], [351, 125]], '누 구 한', 0.7078793021898357), ([[670, 108], [748, 108], [748, 132], [670, 132]], '라이더에컨', 0.49427290350495495), ([[345, 129], [379, 129], [379, 145], [345, 145]], '네도', 0.5164285787124387), ([[670, 128], [746, 128], [746, 152], [670, 152]], '어울린다고', 0.9986941814564967), ([[349, 149], [399, 149], [399, 165], [349, 165]], '안찰네', 0.07197997278286987), ([[684, 148], [734, 148], [734, 172], [684, 172]], '생각해', 0.9998929082663032), ([[357, 169], [393, 169], [393, 185], [357, 185]], '나까!', 0.3553105990210443), ([[387, 225], [423, 225], [423, 267], [387, 267]], '7', 0.1833952673455883), ([[0, 732], [54, 732], [54, 876], [0, 876]], '"', 0.0667669832970299), ([[678.3273272060037, 183.11651617681034], [711.993796297307, 200.84259502915998], [704.6726727939963, 214.88348382318966], [670.006203702693, 198.15740497084002]], '베 이 =', 0.24305486958590045), ([[390.03792769639495, 754.0934312516142], [422.584206237837, 737.0342469783856], [460.96207230360505, 814.9065687483858], [428.415793762163, 831.9657530216144]], ':', 0.004016952055954592)]
[([[594, 452], [630, 452], [630, 480], [594, 480]], '라 ,', 0.9970838137807744), ([[563, 476], [663, 476], [663, 517], [563, 517]], '라이더! ?', 0.38439193251375503), ([[24, 740], [70, 740], [70, 764], [24, 764]], '뒷위름', 0.7789027461351203)]
[([[483, 71], [513, 71], [513, 89], [483, 89]], '너무', 0.999966198394819), ([[469, 91], [527, 91], [527, 111], [469, 111]], '큰소리름', 0.426496297121048), ([[481, 111], [513, 111], [513, 131], [481, 131]], '내면', 0.9994661254731777), ([[9, 137], [85, 137], [85, 157], [9, 157]], '사구라에게', 0.7147044476341254), ([[17, 157], [77, 157], [77, 177], [17, 177]], '켜버려요', 0.9954314827919006), ([[176, 480], [204, 480], [204, 514], [176, 514]], '0', 0.0882259899127611), ([[74, 564], [100, 564], [100, 632], [74, 632]], '%', 0.0275444968967955)]
[([[193.35605709511347, 195.0416396323738], [254.77761793947772, 249.5254265618896], [225.64394290488653, 281.9583603676262], [164.22238206052228, 227.4745734381104]], '세30', 0.02899746788611259), ([[455.25872554132866, 576.0305790500768], [621.9950041628124, 641.7001665279063], [589.7412744586713, 714.9694209499232], [424.0049958371876, 648.2998334720937]], "#'", 0.0040182881854499575), ([[715.5058170275524, 744.0203860333845], [762.6302959934698, 733.0331979284866], [793.4941829724476, 876.9796139666155], [746.3697040065302, 886.9668020715134]], '중', 0.2667189277202766), ([[411.3541871006132, 945.0232006985237], [474.4755253310505, 920.0125712431459], [541.6458128993868, 1101.9767993014764], [477.5244746689495, 1126.9874287568541]], '통', 0.09074803168631718)]
[([[347, 3], [411, 3], [411, 103], [347, 103]], '콩"', 0.034081030338441905), ([[689, 23], [729, 23], [729, 113], [689, 113]], '셋', 0.009727449937813937), ([[298, 96], [334, 96], [334, 120], [298, 120]], '단단', 0.9996670561329374), ([[293, 119], [337, 119], [337, 135], [293, 135]], '하네요', 0.9958150695532115), ([[143, 169], [173, 169], [173, 189], [143, 189]], '그럼', 0.999928519693208), ([[261, 177], [289, 177], [289, 191], [261, 191]], '시로', 0.9999063509870175), ([[134, 188], [166, 188], [166, 212], [134, 212]], '다음', 0.9999361902676549), ([[574, 328], [652, 328], [652, 412], [574, 412]], '통', 0.04993023772585392), ([[667, 335], [780, 335], [780, 467], [667, 467]], '실', 0.023752335408975478), ([[445.3847043755747, 908.0316324430743], [526.7606259977845, 975.3221477676356], [493.6152956244253, 1016.9683675569257], [412.2393740022156, 948.6778522323644]], '1/>', 0.015210572579083233)]
[([[607, 285], [699, 285], [699, 377], [607, 377]], '2?', 0.054425750522413274), ([[297, 469], [359, 469], [359, 555], [297, 555]], '회', 0.39327869463963694), ([[21, 670], [114, 670], [114, 730], [21, 730]], '대3', 0.46431061650045063), ([[156.49767925433545, 60.031666109250004], [225.81633735002958, 115.8018475761535], [201.50232074566455, 146.96833389075], [132.18366264997042, 91.1981524238465]], '"3<', 0.3804274167115378)]
[([[695, 91], [733, 91], [733, 143], [695, 143]], '사', 0.010242082306022304), ([[700, 688], [724, 688], [724, 712], [700, 712]], '햇.', 0.2267197947310227), ([[629, 713], [663, 713], [663, 733], [629, 733]], '굉장.', 0.9980504279436107), ([[624, 730], [688, 730], [688, 754], [624, 754]], '이렇게나', 0.6704148054122925), ([[204, 804], [262, 804], [262, 852], [204, 852]], '2', 0.1899640485978047), ([[25, 879], [201, 879], [201, 993], [25, 993]], '%물', 0.06187210844411968), ([[221, 903], [259, 903], [259, 951], [221, 951]], '@', 0.35832563515274174), ([[343, 975], [375, 975], [375, 995], [343, 995]], '잔뜩', 0.9995865644525347), ([[618, 984], [648, 984], [648, 1024], [618, 1024]], '0', 0.9194468675815557), ([[196.10116772343204, 486.0677069746514], [242.42471854286194, 474.17160596101934], [263.898832276568, 563.9322930253486], [217.57528145713806, 575.8283940389807]], '#', 0.07762095314769457)]
[([[25, 173], [113, 173], [113, 211], [25, 211]], '4"새', 0.07825248901413934), ([[627, 137], [743, 137], [743, 221], [627, 221]], '"', 0.2221557493245152), ([[701, 203], [773, 203], [773, 265], [701, 265]], '1>', 0.04371031575084064), ([[27, 677], [81, 677], [81, 693], [27, 693]], '라이터 -', 0.4573938326970865), ([[-9.643326479831003, 340.8126899685746], [162.36089110122845, 199.73186966514993], [255.643326479831, 345.1873100314254], [82.63910889877155, 486.26813033485007]], '등', 0.014891733044578359)]
[([[695, 125], [741, 125], [741, 145], [695, 145]], '좋아요', 0.993980062887939), ([[658, 756], [754, 756], [754, 938], [658, 938]], '벼', 0.009300669736701794)]
[([[28, 262], [256, 262], [256, 410], [28, 410]], '거', 0.001831670511265815), ([[373, 279], [655, 279], [655, 439], [373, 439]], '비합', 0.018505979340014172), ([[18, 698], [374, 698], [374, 894], [18, 894]], '[산  ', 0.015101741999387741), ([[43, 963], [111, 963], [111, 1063], [43, 1063]], "'찌", 0.20126872524413933), ([[267.34240405077855, 972.0544243046714], [299.8607488096041, 982.204268208796], [281.65759594922145, 1039.9455756953287], [250.1392511903959, 1030.795731791204]], '3', 0.005331037458938204)]
[([[402, 376], [556, 376], [556, 504], [402, 504]], '4', 0.220303308071089), ([[716, 388], [768, 388], [768, 496], [716, 496]], '"', 0.08795758496137651), ([[400, 956], [676, 956], [676, 1091], [400, 1091]], '사해', 0.003682256767679171)]
[([[393, 271], [417, 271], [417, 291], [393, 291]], '쇼', 0.20145739218009684), ([[350, 284], [396, 284], [396, 314], [350, 314]], '8?', 0.025218203656445184), ([[12, 266], [138, 266], [138, 414], [12, 414]], '대', 0.09424293183414623), ([[163, 361], [223, 361], [223, 381], [163, 381]], '쩌', 0.003832319009451135), ([[254, 354], [298, 354], [298, 382], [254, 382]], '겨', 0.00018382157106121142), ([[250, 766], [384, 766], [384, 818], [250, 818]], '옛', 0.00529966903791973), ([[37, 857], [101, 857], [101, 923], [37, 923]], '#', 0.9001307833899865), ([[407, 873], [487, 873], [487, 937], [407, 937]], '#!', 0.015453752754368352), ([[355, 975], [423, 975], [423, 1043], [355, 1043]], '버', 0.018398636830397663), ([[385, 1019], [447, 1019], [447, 1091], [385, 1091]], '꿀', 0.006852334092865897), ([[549.2968079947509, 228.07265353858534], [669.7485388513419, 153.01401266917165], [792.7031920052491, 384.9273464614147], [673.2514611486581, 459.9859873308284]], '높', 0.020669738443984897), ([[141.09237295922068, 353.02576408228407], [364.7643433298253, 433.2640395873857], [314.9076270407793, 560.974235917716], [91.2356566701747, 480.7359604126143]], '기내', 0.3342255285035527), ([[518.0876568944764, 843.0697698140963], [648.8764815336393, 866.788816783143], [636.9123431055236, 919.9302301859037], [506.1235184663607, 896.211183216857]], '굵문구2', 0.015559317544102669)]
[([[273, 123], [307, 123], [307, 143], [273, 143]], '미안', 0.9998694315600928), ([[727, 123], [761, 123], [761, 143], [727, 143]], '시!?', 0.5834209322929382), ([[263, 145], [309, 145], [309, 161], [263, 161]], '라이더', 0.6867948797077325), ([[279, 187], [301, 187], [301, 203], [279, 203]], '나!', 0.9938029716845297), ([[690, 204], [740, 204], [740, 228], [690, 228]], "'시롯!?", 0.42202181813868617), ([[725, 791], [769, 791], [769, 875], [725, 875]], '벼', 0.10233528930980729), ([[521, 905], [551, 905], [551, 923], [521, 923]], '시로', 0.9999434393978074), ([[457, 927], [509, 927], [509, 947], [457, 947]], '소리가.', 0.9088584184646606), ([[523, 925], [555, 925], [555, 945], [523, 945]], '안팎', 0.2080938922852938), ([[580, 918], [638, 918], [638, 968], [580, 968]], "7'", 0.2806873860119287), ([[453, 949], [523, 949], [523, 969], [453, 969]], '울려버려요', 0.9853383962557891), ([[607, 947], [659, 947], [659, 991], [607, 991]], '>', 0.991135896740932), ([[643.370046583403, 947.2731350918687], [678.0758876551831, 932.117125257246], [697.629953416597, 985.7268649081313], [662.9241123448169, 1000.882874742754]], '오', 0.42574727065529316)]
[([[408, 32], [464, 32], [464, 134], [408, 134]], '비', 0.015490917668935289), ([[567, 201], [611, 201], [611, 289], [567, 289]], '#', 0.3267275367471747), ([[706, 260], [754, 260], [754, 286], [706, 286]], '안 :', 0.17669859528541565), ([[648, 318], [699, 318], [699, 347], [648, 347]], '겨해', 0.5122040701566247), ([[191, 1047], [239, 1047], [239, 1087], [191, 1087]], '#1', 0.03647918094628586), ([[198.01082013539857, 53.44760859575372], [299.8561726894781, -28.979626479039876], [412.9891798646014, 132.55239140424626], [311.1438273105219, 216.97962647903987]], '봄', 0.010133141338460272), ([[582.8834515520108, 42.048038003325786], [667.6491890202706, 0.016219594588019248], [749.1165484479892, 183.9519619966742], [664.3508109797294, 225.98378040541198]], '딴', 0.005776435644734512), ([[647.0625747279902, 643.0630529871278], [737.7990811814238, 673.3349188943452], [716.9374252720098, 730.9369470128722], [626.2009188185762, 700.6650811056548]], '*7%', 0.0024280801522303984)]
[([[380, 0], [641, 0], [641, 140], [380, 140]], '개', 0.0375510945870241), ([[0, 510], [168, 510], [168, 632], [0, 632]], '벼 `/', 0.12005125731229782), ([[254, 616], [306, 616], [306, 700], [254, 700]], '흙', 0.30426681141949885)]
[([[635, 415], [727, 415], [727, 511], [635, 511]], '[:', 0.0216021941741049), ([[544, 727], [709, 727], [709, 787], [544, 787]], '> 하소 ?', 0.017445165111011605), ([[666.4730402043222, 49.19755277642412], [707.6347163275611, 21.033666520925326], [755.5269597956778, 98.80244722357588], [714.3652836724389, 126.96633347907468]], '숲', 0.006323565803193709), ([[504.11378308918484, 377.28029375484266], [746.6734623095426, 326.5803249680423], [763.8862169108152, 457.71970624515734], [521.3265376904574, 508.4196750319577]], '팀3', 0.019752009858993183), ([[400.0748539593629, 982.0614046952215], [489.89699817653775, 1016.8035819489679], [466.9251460406371, 1070.9385953047783], [378.10300182346225, 1036.196418051032]], '버', 0.03373099033318483)]
[([[83, 75], [155, 75], [155, 91], [83, 91]], '4도 모사 카', 0.6439129514658425), ([[556, 66], [588, 66], [588, 102], [556, 102]], '7', 0.02309462246319982), ([[91, 95], [155, 95], [155, 111], [91, 111]], '너말 이 야', 0.9740158578311868), ([[708, 102], [756, 102], [756, 134], [708, 134]], '후일', 0.9783012636540495), ([[212, 122], [276, 122], [276, 146], [212, 146]], '어쨌어!?', 0.5401455634434503), ([[606, 272], [676, 272], [676, 296], [606, 296]], '(에미야군! !', 0.2782874921861346), ([[273, 289], [309, 289], [309, 335], [273, 335]], '오', 0.006632124383188831), ([[213, 429], [243, 429], [243, 445], [213, 445]], '네에', 0.9954635512203336), ([[21, 447], [65, 447], [65, 463], [21, 463]], '그리고', 0.9999801679072089), ([[207, 449], [235, 449], [235, 465], [207, 465]], '뛰어', 0.5663549234952767), ([[331, 447], [371, 447], [371, 465], [331, 465]], '어때?', 0.9901435375213623), ([[7, 467], [79, 467], [79, 487], [7, 487]], '되도록이면', 0.9854423218150581), ([[319, 465], [379, 465], [379, 485], [319, 485]], '에미야군', 0.9954068660736084), ([[10, 484], [64, 484], [64, 508], [10, 508]], '부탁이.', 0.7420980334281921), ([[324, 484], [372, 484], [372, 508], [324, 508]], '재방는', 0.19865189715564438), ([[318, 504], [380, 504], [380, 528], [318, 528]], '반응없어', 0.7903492450714111), ([[527, 505], [573, 505], [573, 525], [527, 525]], '라이더', 0.8474543873972126), ([[688, 776], [770, 776], [770, 800], [688, 800]], '시로가 좋아', 0.9959919380325377), ([[688, 796], [768, 796], [768, 820], [688, 820]], '할만한 다른', 0.8849678261102949), ([[690, 816], [766, 816], [766, 840], [690, 840]], '웃올 알려쥐', 0.24183135788864085), ([[705, 839], [733, 839], [733, 859], [705, 859]], '으면', 0.9942145271494351), ([[438, 900], [472, 900], [472, 924], [438, 924]], '그럼', 0.9997497411864057), ([[432, 920], [478, 920], [478, 944], [432, 944]], '다음은', 0.9996418406119657), ([[426, 940], [484, 940], [484, 964], [426, 964]], '말이야-', 0.6621448288625138), ([[76.37292982319717, 389.04945788614214], [103.46736499026959, 378.0273975827085], [135.62707017680285, 459.95054211385786], [108.53263500973041, 470.9726024172915]], '@', 0.9520565972195669), ([[546.1686688158603, 742.0288309483878], [626.5707817929854, 709.0135823473067], [701.8313311841397, 909.9711690516122], [621.4292182070146, 942.9864176526933]], '"', 0.10764630229118666)]
[([[346, 582], [456, 582], [456, 630], [346, 630]], '표클', 0.01583865479616505), ([[145, 647], [239, 647], [239, 685], [145, 685]], '*사', 0.3989200836812866), ([[254, 644], [448, 644], [448, 682], [254, 682]], '(1디하{촌', 0.0008026502943699986), ([[59, 681], [463, 681], [463, 723], [59, 723]], '*미*0*구}태표권_#[손+)', 5.211896652038736e-05), ([[61, 721], [271, 721], [271, 761], [61, 761]], '#()-107', 0.08626819333896085), ([[285, 721], [463, 721], [463, 761], [285, 761]], '#우+40', 0.13030774027209333), ([[87, 760], [450, 760], [450, 800], [87, 800]], '#음구+ +)1?+고()초(촌.', 0.0009352052846243001), ([[63, 801], [451, 801], [451, 839], [63, 839]], '트고기 2<]웨+교분로(존하.', 0.0001432549752607718), ([[259, 879], [451, 879], [451, 917], [259, 917]], '흔*?충소.', 0.004010383314798317)]
[([[597, 589], [675, 589], [675, 631], [597, 631]], '및사', 0.25262658001270105), ([[305, 649], [369, 649], [369, 689], [305, 689]], '#음', 0.009157867843892142), ([[383, 649], [717, 649], [717, 689], [383, 689]], '39-하18*71월모', 0.0025869631538340014), ([[305, 689], [369, 689], [369, 729], [305, 729]], "표'교", 0.012532057912574166), ([[633, 691], [717, 691], [717, 727], [633, 727]], '$$.루', 0.4005913734436035), ([[303, 729], [369, 729], [369, 767], [303, 767]], '{출', 0.004709067335601551), ([[677, 729], [715, 729], [715, 765], [677, 765]], '떼', 0.455532886869662), ([[303, 767], [395, 767], [395, 807], [303, 807]], "표'하속", 0.0037074906285852194), ([[491, 765], [711, 765], [711, 808], [491, 808]], '20133 12빨3/료', 0.0695938127468903), ([[305, 809], [371, 809], [371, 845], [305, 845]], '.이락', 0.012053875981926993), ([[391, 805], [659, 805], [659, 847], [391, 847]], '##다문차(:+버거규', 0.011765085970900438), ([[675, 805], [715, 805], [715, 845], [675, 845]], '#', 0.7116749971672256), ([[303, 845], [397, 845], [397, 887], [303, 887]], '13하삼다', 0.0006416790024943487), ([[449, 847], [717, 847], [717, 885], [449, 885]], '-^미?히;@9히;|댐어설', 4.67759820174359e-06), ([[306, 890], [342, 890], [342, 922], [306, 922]], '"', 0.01912231155687949), ([[353, 887], [715, 887], [715, 925], [353, 925]], '훌++ :/청하34컨7 5/09/02+(2-0득', 3.4103287236051305e-05), ([[340, 1002], [714, 1002], [714, 1034], [340, 1034]], '18#* #0-0~왼또+ ####손*4내7화', 0.0009484322576359503), ([[112, 1042], [716, 1042], [716, 1074], [112, 1074]], '**0-환저0소# 0# #후도축다 - #빛 . 7가다-스속손%:내:화', 0.000496967436942746)]
[([[330, 564], [550, 564], [550, 588], [330, 588]], '-._-- -설~작-꼴_-스데사꼬', 1.7379478799761488e-06)]
[([[115, 21], [188, 21], [188, 278], [115, 278]], '로', 0.5490442486895155), ([[195, 248], [588, 248], [588, 298], [195, 298]], '[에리 코 ] 역자 후기', 0.7472084348626761), ([[118, 296], [666, 296], [666, 350], [118, 350]], '맛있논 건 나중에 엎는타입', 0.15367262348593003), ([[69, 343], [641, 343], [641, 405], [69, 405]], '시이과 유카타라 이터보다', 0.295662381629609), ([[73, 391], [636, 391], [636, 466], [73, 466]], '}르데이 드라 이더름 먼저.', 0.06514668464175619), ([[125, 498], [658, 498], [658, 550], [125, 550]], '[웬스트바티칸] 식자훈기', 0.5859826897043401), ([[90, 558], [486, 558], [486, 584], [90, 584]], '명형숨+서히 @7 05 어3거 2014,05.42 신7( 3거 -|-미@김 박드', 6.460224831392562e-07), ([[116, 589], [668, 589], [668, 619], [116, 619]], '다 중은데 제목에 작품명미나 작가명도 마니고 니 넉네임은 왜 박나여?', 0.3598453610513759), ([[119, 629], [427, 629], [427, 650], [119, 650]], '835. +3, "3어미-지명명처 -5, 쪽감,; 7, 5;속 4', 7.284600658621076e-05), ([[20, 974], [96, 974], [96, 998], [20, 998]], "'관", 0.0010066498822764122), ([[23, 995], [95, 995], [95, 1037], [23, 1037]], '묘18', 0.11108412451845029), ([[19, 1035], [95, 1035], [95, 1055], [19, 1055]], '장스미알', 0.012907505966722965), ([[21, 1069], [47, 1069], [47, 1083], [21, 1083]], '"시', 0.0014192194821727546), ([[28, 1056], [98, 1056], [98, 1084], [28, 1084]], '새채진 ', 0.005962597206234932), ([[761.6291842816044, 1012.034676692503], [778.3142704008649, 1019.4924545401844], [759.3708157183956, 1068.9653233074969], [741.6857295991351, 1061.5075454598157]], '팀', 0.034400939417111864), ([[686.4789396203098, 1086.4141973545268], [750.8932624022486, 1048.6728649639026], [763.5210603796902, 1074.5858026454732], [699.1067375977514, 1112.3271350360974]], '사좌마', 0.001047400170611512)]
