699865
93
[([[772, 96], [1086, 96], [1086, 146], [772, 146]], '바뿐 프로뉴서 대신', 0.4597659259798003), ([[704, 132], [822, 132], [822, 180], [704, 180]], '혼자서', 0.9983575910601692), ([[749, 169], [825, 169], [825, 213], [749, 213]], '하지', 0.9993535285646465), ([[815, 129], [905, 129], [905, 218], [815, 218]], "'뿐율", 0.05338880638639188), ([[859, 131], [985, 131], [985, 215], [859, 215]], '울할기', 0.08967206976443143), ([[908, 166], [990, 166], [990, 214], [908, 214]], '일이', 0.9927995780148798), ([[977, 129], [1153, 129], [1153, 221], [977, 221]], '횟직교루.', 0.022164735372430494), ([[817, 205], [1039, 205], [1039, 249], [817, 249]], '시작이없다 ..', 0.40925484315654126), ([[26, 308], [324, 308], [324, 364], [26, 364]], '병염 8 죄치 외오', 0.08241794936527487), ([[88, 570], [222, 570], [222, 622], [88, 622]], '시즈원', 0.2996793661785491), ([[84, 616], [228, 616], [228, 768], [84, 768]], '병', 0.035938167102941065), ([[202.37292982319715, 377.04945788614214], [256.8805700005813, 420.02985749985464], [234.62707017680285, 447.95054211385786], [181.11942999941868, 404.97014250014536]], '@0주', 0.04587952317748186), ([[237.15557929614786, 461.1212930550496], [262.5309844631963, 478.38937352342055], [216.84442070385214, 541.8787069449504], [191.46901553680368, 523.6106264765795]], '8', 0.12042331491670666)]
[([[869, 153], [1005, 153], [1005, 195], [869, 195]], '제 제기', 0.889359248322633), ([[896, 174], [968, 174], [968, 222], [896, 222]], '0헤', 0.08410912347309915), ([[845, 202], [1030, 202], [1030, 256], [845, 256]], '부슨 @어조}', 0.13068084091010748), ([[84, 360], [266, 360], [266, 408], [84, 408]], '갑자기 왜 _', 0.35305764883945706), ([[147, 397], [203, 397], [203, 441], [147, 441]], '꽤', 0.5166225547240835), ([[120, 426], [229, 426], [229, 478], [120, 478]], '그덕 ', 0.005873198694947557)]
[([[773, 103], [965, 103], [965, 189], [773, 189]], '%뛰움금', 0.0009876551339402795), ([[801, 107], [845, 107], [845, 151], [801, 151]], '및', 0.010785658076695237), ([[806, 170], [932, 170], [932, 218], [806, 218]], '해국', 0.05527778434260881), ([[754, 194], [981, 194], [981, 286], [754, 286]], '검요고 올', 0.016999647280834283)]
[([[1005, 351], [1047, 351], [1047, 393], [1005, 393]], '팩', 0.072001223252258), ([[948, 376], [1127, 376], [1127, 453], [948, 453]], '아외앗', 0.07422492368925933), ([[106, 601], [230, 601], [230, 674], [106, 674]], '때회', 0.036639703217965176), ([[58, 634], [270, 634], [270, 719], [58, 719]], '+해없어', 0.009461110457777977), ([[443, 633], [653, 633], [653, 795], [443, 795]], '7`', 0.36488118494759336), ([[803, 729], [881, 729], [881, 791], [803, 791]], '구', 0.42696537062485973), ([[618, 788], [648, 788], [648, 832], [618, 832]], '내', 0.008779386860183536), ([[950.9950460742126, 74.04600220891732], [1114.6254285665357, 114.15390306253508], [1088.0049539257875, 204.95399779108268], [925.3745714334643, 164.84609693746492]], '응짜', 0.2247054466050642), ([[898.1157739108766, 138.0355964948697], [1134.92121577824, 194.6858288067678], [1108.8842260891233, 283.9644035051303], [872.07878422176, 226.3141711932322]], '@아아', 0.27610349577713544), ([[906.0303382047318, 216.04282171347032], [1101.7291031744135, 258.573820890208], [1076.9696617952682, 350.95717828652965], [881.2708968255865, 308.426179109792]], '아약@', 0.22043993323091166)]
[([[940, 176], [990, 176], [990, 206], [940, 206]], '에', 0.446253520954091), ([[846, 200], [1038, 200], [1038, 248], [846, 248]], '띄페움 키예', 0.0345752451949725), ([[868, 214], [1018, 214], [1018, 318], [868, 318]], '음용', 0.0032730382819465657), ([[741, 553], [825, 553], [825, 647], [741, 647]], '1', 0.2419660175181102), ([[625.0729607040108, 81.08669173125764], [687.8155548700142, 101.6544773157313], [672.9270392959892, 143.91330826874236], [610.1844451299858, 123.3455226842687]], '00', 0.020537913305016146), ([[229.22703117128825, 249.1989371536683], [345.54470961818424, 239.39926353573185], [347.7729688287117, 308.80106284633166], [231.45529038181576, 319.60073646426815]], '(7인', 0.020728103575619345), ([[400.4895666067739, 567.1759229080949], [743.3402701248854, 517.5832005173971], [753.5104333932261, 673.8240770919051], [409.65972987511464, 722.4167994826029]], '4조2|-', 0.0003541673816245716)]
[([[44, 472], [272, 472], [272, 523], [44, 523]], '왼제 예상해요', 0.433330935390979), ([[904, 346], [1076, 346], [1076, 516], [904, 516]], '뼈', 0.40738664077161957), ([[991, 457], [1065, 457], [1065, 499], [991, 499]], '마요', 0.4312322772036785), ([[97, 529], [121, 529], [121, 545], [97, 545]], '9', 0.013643525129789558), ([[117, 511], [169, 511], [169, 549], [117, 549]], '예3', 0.241273941366362), ([[98, 538], [194, 538], [194, 590], [98, 590]], '위부', 0.0036118903542475597), ([[111, 577], [137, 577], [137, 597], [111, 597]], '마', 0.9041526938892872), ([[176, 588], [208, 588], [208, 612], [176, 612]], '텅', 0.12647764326915478), ([[171.98202680288142, 506.1317018509494], [226.7043694390782, 516.4908124507459], [220.01797319711858, 551.8682981490506], [165.2956305609218, 541.5091875492541]], '%', 0.12668304668921238)]
[([[343, 159], [452, 159], [452, 211], [343, 211]], '(임아-', 0.026402965188026428), ([[948, 178], [1094, 178], [1094, 226], [948, 226]], '모유존다', 0.07213055342435837), ([[969, 209], [1071, 209], [1071, 253], [969, 253]], '예', 0.9975662751917866), ([[553, 405], [735, 405], [735, 513], [553, 513]], '6"?', 0.0328405233478077), ([[127, 551], [345, 551], [345, 713], [127, 713]], '0', 0.8977558930755016)]
[([[939, 179], [1049, 179], [1049, 221], [939, 221]], '가슴이', 0.26297845391586483), ([[919, 211], [1069, 211], [1069, 255], [919, 255]], '@ _취어', 0.053957948422371164), ([[235, 267], [377, 267], [377, 403], [235, 403]], '뼈내', 0.011552103718012428), ([[613, 405], [917, 405], [917, 611], [613, 611]], '좁리', 0.051895787398010464), ([[326, 717], [475, 717], [475, 833], [326, 833]], '5공터', 0.0022620631261653177), ([[155.87292886485199, 580.053045967431], [291.6376231468334, 604.4465349748149], [269.127071135148, 709.946954032569], [134.36237685316658, 686.5534650251851]], '칼))', 0.00031642901551713273)]
[([[597, 77], [779, 77], [779, 117], [597, 117]], '예명에 일이', 0.2613694240114474), ([[511, 107], [867, 107], [867, 151], [511, 151]], '이렇레 랫든제든 몰라로', 0.04125307933349858), ([[561, 139], [815, 139], [815, 183], [561, 183]], '밟리 문망가 야 해', 0.13317212450881086), ([[759, 204], [988, 204], [988, 313], [759, 313]], '33', 0.41083023439621313), ([[70, 568], [182, 568], [182, 648], [70, 648]], '@탓따', 0.0036794962146535597), ([[54, 658], [196, 658], [196, 706], [54, 706]], '주실태대요', 0.1865979913917163), ([[91, 631], [165, 631], [165, 671], [91, 671]], '말0', 0.8863782897794323), ([[343, 597], [560, 597], [560, 707], [343, 707]], '7과요', 0.005298821292335574)]
[([[896, 82], [962, 82], [962, 138], [896, 138]], '꼭', 0.4296203886745822), ([[860.9959964937677, 117.07237580699751], [986.6513484980652, 135.81835769263463], [975.0040035062323, 199.9276241930025], [848.3486515019348, 181.18164230736537]], '피책@', 0.2290920783021189)]
[([[1033, 559], [1095, 559], [1095, 599], [1033, 599]], '교 ', 0.17876497979785197), ([[973, 591], [1105, 591], [1105, 633], [973, 633]], '편디 양', 0.048820098229601), ([[167, 687], [349, 687], [349, 775], [167, 775]], '때패달열?', 0.011542525913950972), ([[191, 757], [323, 757], [323, 801], [191, 801]], '위험해', 0.6355400963457447), ([[177.64456164493743, 251.08168768709888], [628.766031687049, 173.81641122131077], [654.3554383550626, 462.9183123129011], [203.233968312951, 540.1835887786892]], '74_', 0.07652727773939809), ([[633.9361299756998, 259.02021836090574], [961.3980740628615, 348.6650288821186], [891.0638700243002, 577.9797816390942], [563.6019259371385, 489.3349711178814]], '0', 0.03922643195125275)]
[([[793, 105], [945, 105], [945, 147], [793, 147]], '@@ @아', 0.39297352747050307), ([[773, 131], [965, 131], [965, 175], [773, 175]], '제송- 7내마', 0.008439460542937328), ([[806, 161], [929, 161], [929, 204], [806, 204]], '때리지-', 0.08734278380870819), ([[814, 194], [919, 194], [919, 234], [814, 234]], '@요', 0.41499535967915563), ([[541, 326], [636, 326], [636, 388], [541, 388]], '69', 0.9975969588968886), ([[181, 449], [221, 449], [221, 491], [181, 491]], '핵', 0.042758529820617674), ([[469, 445], [562, 445], [562, 510], [469, 510]], '@마', 0.22352465816493938), ([[160, 482], [244, 482], [244, 530], [160, 530]], '싫어', 0.8635885619450802), ([[141, 517], [275, 517], [275, 609], [141, 609]], '않조의', 0.0027450630481266193), ([[147, 563], [191, 563], [191, 605], [147, 605]], '생', 0.7115077658202154), ([[223, 557], [265, 557], [265, 603], [223, 603]], '예', 0.9513126656820283), ([[442, 687], [650, 687], [650, 816], [442, 816]], '시구 (', 0.22389363775606466), ([[318.4848456760908, 200.03331170589902], [352.5118853505208, 192.0328885334639], [373.5151543239092, 284.96668829410095], [339.4881146494792, 292.9671114665361]], '"', 0.13012111768202406), ([[337.200359892036, 699.1817634709763], [432.4471392869463, 688.720318876351], [436.799640107964, 765.8182365290237], [342.5528607130537, 776.279681123649]], '스구', 0.06396334741233581)]
[([[781, 150], [905, 150], [905, 201], [781, 201]], '이대로 _', 0.9179858630589733), ([[821, 184], [963, 184], [963, 228], [821, 228]], '죽스지도', 0.25581130385398865), ([[893, 149], [1079, 149], [1079, 235], [893, 235]], '전기월늄만', 0.020280851346587962), ([[831, 211], [1029, 211], [1029, 266], [831, 266]], '프록휴세째', 0.0572799624550602), ([[847, 251], [1011, 251], [1011, 295], [847, 295]], '살려취요', 0.6998538374900818)]
[([[232, 100], [383, 100], [383, 200], [232, 200]], '(7히', 0.26845970905742805), ([[825, 153], [1069, 153], [1069, 195], [825, 195]], '또 뜨거워울어', 0.4482871425340655), ([[853, 183], [1033, 183], [1033, 227], [853, 227]], '이번엔 대체', 0.5112389118148059), ([[871, 217], [1021, 217], [1021, 261], [871, 261]], '월 한걸까', 0.3154820215655263)]
[([[385, 153], [571, 153], [571, 245], [385, 245]], '@푹-요', 0.003172899130731821), ([[797, 111], [923, 111], [923, 221], [797, 221]], '@@씩', 0.055374811556450326), ([[431, 229], [529, 229], [529, 269], [431, 269]], '제발?', 0.6303392488808076), ([[421, 257], [537, 257], [537, 299], [421, 299]], '@@', 0.2528491073591381), ([[400, 320], [560, 320], [560, 370], [400, 370]], '@ 요', 0.16281713545322418), ([[452, 360], [742, 360], [742, 626], [452, 626]], '쥐다', 0.03139550347579529), ([[76, 672], [548, 672], [548, 722], [76, 722]], '이녀색  내가 되로위하는 모습올', 0.17999857279716924), ([[213, 707], [411, 707], [411, 751], [213, 751]], '즐기고 있어?', 0.9826840337491076), ([[444.9153477109067, 283.11906469908024], [522.7115081442233, 295.3261747382365], [515.0846522890932, 337.88093530091976], [437.2884918557767, 325.6738252617635]], '형째', 0.004860784399398996)]
[([[11, 163], [121, 163], [121, 249], [11, 249]], '[교?', 0.001673144499519604), ([[169, 209], [329, 209], [329, 369], [169, 369]], '0', 0.034973087561125604), ([[183, 531], [269, 531], [269, 569], [183, 569]], '귀만구', 0.006728794393548689), ([[990, 506], [1132, 506], [1132, 578], [990, 578]], '피획@', 0.16330087243057184), ([[177, 561], [275, 561], [275, 597], [177, 597]], '자8이', 0.11996000109736399), ([[157, 587], [289, 587], [289, 629], [157, 629]], '찌부다체', 0.5839390158653259), ([[215, 639], [237, 639], [237, 651], [215, 651]], ':', 0.007929009915589091), ([[419, 644], [563, 644], [563, 686], [419, 686]], '들예{다', 0.276339054107666), ([[420, 670], [561, 670], [561, 721], [420, 721]], '햇령대움', 0.0066087874583899975), ([[124.85552115613172, 49.073065017827346], [249.33746035798328, 68.61078847236452], [234.14447884386828, 144.92693498217267], [109.66253964201671, 125.38921152763548]], "[7'", 0.03350036215168482), ([[819.9817815290336, 147.02469949809102], [1018.9310356576518, 226.38533314418544], [948.0182184709664, 394.975300501909], [750.0689643423482, 315.61466685581456]], ')', 0.05156974678194448)]
[([[336, 320], [368, 320], [368, 362], [336, 362]], '2', 0.902299424826424), ([[176, 636], [304, 636], [304, 684], [176, 684]], '왜에, 나', 0.4234491235946406), ([[293, 631], [503, 631], [503, 717], [293, 717]], '[탤증 거야?', 0.100704072018093), ([[263, 669], [303, 669], [303, 709], [263, 709]], '배', 0.999963045461655), ([[203, 701], [459, 701], [459, 743], [203, 743]], '죽을 것만 같은데', 0.5687721832166481), ([[151, 728], [524, 728], [524, 777], [151, 777]], '데륙 아파서 이상해적나}', 0.1803224271788546), ([[171, 762], [504, 762], [504, 812], [171, 812]], '둘서워요 프로`제 꽤', 0.022491598883650963), ([[178.07351789077583, 48.10877514125853], [244.72163357126837, 58.53390192647004], [237.92648210922417, 97.89122485874147], [171.27836642873163, 87.46609807352996]], '1', 0.7356147146367675), ([[29.029776858740064, 184.40297768587402], [105.21682305279998, 142.93521476793194], [127.97022314125994, 184.59702231412598], [51.78317694720002, 227.06478523206806]], '00공', 0.045246165843756916)]
[]
[([[967, 73], [1057, 73], [1057, 115], [967, 115]], '에리3', 0.13663923268625014), ([[893, 99], [1129, 99], [1129, 189], [893, 189]], '염해 @-직약', 0.007477154218745742), ([[90, 679], [183, 679], [183, 730], [90, 730]], '설@ =', 0.20241108536720276), ([[162, 674], [524, 674], [524, 770], [162, 770]], "'올령빼블없주워가오8", 6.235389463763634e-05)]
[([[920, 50], [1074, 50], [1074, 98], [920, 98]], '문자 욕다', 0.09048459651558183), ([[997, 87], [1049, 87], [1049, 123], [997, 123]], '@', 0.24954643574668367), ([[779, 41], [1165, 41], [1165, 205], [779, 205]], '유 뱃]카', 0.0019943753865392104), ([[891, 181], [1059, 181], [1059, 223], [891, 223]], '빨리 문해뇨', 0.6607021571209929), ([[419, 405], [509, 405], [509, 471], [419, 471]], '용;', 0.013262304145895005), ([[229, 437], [311, 437], [311, 503], [229, 503]], '84', 0.1738097326856818), ([[177, 671], [225, 671], [225, 687], [177, 687]], '%3)', 0.003102198705732046), ([[216, 646], [282, 646], [282, 694], [216, 694]], '예3', 0.566006343977232), ([[140.16299392693688, 184.09954412781923], [371.6326483892334, 162.84367695002112], [375.83700607306315, 309.90045587218077], [144.3673516107666, 332.1563230499789]], '^/', 0.10230931809360568)]
[([[949, 51], [1091, 51], [1091, 95], [949, 95]], '에에끗?', 0.0809493288397789), ([[972, 78], [1067, 78], [1067, 128], [972, 128]], '어리움', 0.01228829789038174), ([[932, 114], [1108, 114], [1108, 162], [932, 162]], '때; 보지93', 0.059748876821571345), ([[833, 187], [1013, 187], [1013, 231], [833, 231]], '왜 폐트병이', 0.3288289127499405), ([[114, 630], [310, 630], [310, 756], [114, 756]], '월기속', 0.004877248885846858), ([[227, 635], [295, 635], [295, 717], [227, 717]], '(화', 0.021658024413141002), ([[193, 735], [239, 735], [239, 775], [193, 775]], '0', 0.1562796918138396)]
[([[142, 150], [294, 150], [294, 322], [142, 322]], "'이타", 0.09024303192724081), ([[708, 364], [740, 364], [740, 400], [708, 400]], '/', 0.9219727305501237), ([[732, 402], [760, 402], [760, 438], [732, 438]], '7', 0.3999289006983986), ([[1047, 529], [1087, 529], [1087, 571], [1047, 571]], '터', 0.5990680480019286), ([[235, 605], [391, 605], [391, 649], [235, 649]], '@하 회익', 0.4695214822283325), ([[302, 636], [446, 636], [446, 684], [302, 684]], "'들에가요", 0.6870784417579661), ([[78, 698], [236, 698], [236, 750], [78, 750]], '제 보제문', 0.5567638703030953), ([[162, 621], [439, 621], [439, 797], [162, 797]], '떨다', 0.03260721038535755), ([[402, 696], [544, 696], [544, 748], [402, 748]], '@데에요', 0.76484215259552), ([[204, 732], [296, 732], [296, 780], [204, 780]], '제말', 0.18204014076895073), ([[834.2672065083736, 35.03846182955016], [947.9945812876027, 86.72462278395265], [920.7327934916264, 143.96153817044984], [807.0054187123973, 92.27537721604735]], '[">', 0.03821427198234901), ([[601.1537115632518, 529.0448886945671], [713.9342229330722, 574.9762292989584], [686.8462884367482, 638.9551113054329], [574.0657770669278, 593.0237707010416]], '(7?', 0.002835576538520808)]
[([[843, 61], [1159, 61], [1159, 105], [843, 105]], '또 그남자가 나타낫다', 0.8362039896039316), ([[885, 93], [1117, 93], [1117, 135], [885, 135]], '벌이라 말햇다 ', 0.5121585204160936), ([[22, 532], [313, 532], [313, 583], [22, 583]], '오늘도 최약의 날이', 0.7366992577268958), ([[29, 567], [305, 567], [305, 611], [29, 611]], '시작되는 건가요', 0.9100983719289367), ([[896, 623], [1156, 623], [1156, 672], [896, 672]], '말 잊예메올 얼-', 0.009366440544799669), ([[695, 615], [859, 615], [859, 743], [695, 743]], '프로둘교', 0.005392229650169611), ([[841, 689], [985, 689], [985, 733], [841, 733]], "'내0만", 0.04302331060171127), ([[838, 621], [1105, 621], [1105, 714], [838, 714]], "'똑 똑히@스_물", 0.0005913519440861516), ([[981, 689], [1091, 689], [1091, 733], [981, 733]], '@아요', 0.038712202593361604)]
[([[949, 189], [993, 189], [993, 229], [949, 229]], '제', 0.999938250541291), ([[896, 218], [974, 218], [974, 266], [896, 266]], '옷올', 0.19620640155205624), ([[965, 180], [1142, 180], [1142, 273], [965, 273]], '[동리량', 0.00032453457242809236), ([[915, 247], [1110, 247], [1110, 298], [915, 298]], '습기터뷰 요', 0.0016138813439596695), ([[144, 510], [196, 510], [196, 564], [144, 564]], '4', 0.9171967378876822), ([[549, 563], [660, 563], [660, 614], [549, 614]], '@직소?', 0.005058164242655039), ([[584, 562], [740, 562], [740, 640], [584, 640]], '@수이지% ', 0.0012435034671119099), ([[535, 625], [747, 625], [747, 673], [535, 673]], '쓰#목@보내', 8.814934794174487e-05), ([[548, 658], [740, 658], [740, 706], [548, 706]], '@@갚하', 0.007203530520200729), ([[162.35461252607485, 550.0298152816083], [212.98994949366116, 537.0703535443719], [242.64538747392515, 671.9701847183917], [192.01005050633884, 683.9296464556281]], '8', 0.02016375163726991)]
[([[891, 198], [1077, 198], [1077, 262], [891, 262]], '@@@애', 0.0054055387154221535), ([[904, 244], [990, 244], [990, 294], [904, 294]], '가습', 0.06348147268826024), ([[1060, 272], [1126, 272], [1126, 322], [1060, 322]], '요', 0.21869018919017721), ([[807, 263], [1100, 263], [1100, 390], [807, 390]], '@최짝풀이 예온', 0.0043879342122846625), ([[502, 503], [742, 503], [742, 575], [502, 575]], '떼 협_하켓', 0.01767534823061991), ([[543, 552], [706, 552], [706, 618], [543, 618]], '해측월', 0.18270283741287502), ([[552, 590], [694, 590], [694, 659], [552, 659]], '환워히', 0.006892382836535912), ([[508, 631], [756, 631], [756, 703], [508, 703]], '망; 품예요', 0.011319737883897785), ([[55.16837354923654, 312.02662736809003], [251.91975403958972, 389.55779489790626], [206.83162645076345, 493.97337263190997], [11.080245960410283, 416.44220510209374]], '럴;', 0.028231222252192736), ([[192.44782845053984, 591.063507096586], [308.7058321551212, 518.0131150272406], [436.5521715494602, 750.936492903414], [320.2941678448788, 824.9868849727594]], '쭉', 0.6073473758029344)]
[([[942, 102], [1056, 102], [1056, 154], [942, 154]], '용혼온', 0.20866532237337365), ([[932, 138], [1046, 138], [1046, 188], [932, 188]], '@요왕', 0.02594690684882703), ([[899, 156], [1118, 156], [1118, 308], [899, 308]], '달:', 0.009583948106804508), ([[923, 171], [1013, 171], [1013, 263], [923, 263]], '묶질', 0.0012955492197162311), ([[929, 179], [969, 179], [969, 225], [929, 225]], '떨-', 0.09195225558815719), ([[616, 226], [714, 226], [714, 398], [616, 398]], '새', 0.09965132049279646), ([[938, 274], [1059, 274], [1059, 331], [938, 331]], '햇어요', 0.14477598106834072), ([[990.9805585009541, 178.0872393055339], [1034.0081858459444, 163.08530970379365], [1060.0194414990458, 247.9127606944661], [1016.9918141540558, 262.91469029620635]], '유', 0.18564731029005443)]
[([[545, 125], [563, 125], [563, 147], [545, 147]], '0', 0.453932005922792), ([[789, 173], [809, 173], [809, 197], [789, 197]], '0', 0.9999945163801982), ([[777, 207], [805, 207], [805, 227], [777, 227]], '0', 0.1556210696928142), ([[745, 233], [821, 233], [821, 273], [745, 273]], '@@-', 0.10049885091634093), ([[484, 528], [698, 528], [698, 576], [484, 576]], '가슴도 자궁도', 0.8727597825111324), ([[481, 559], [603, 559], [603, 643], [481, 643]], '잔통축', 0.2417719134654951), ([[560, 594], [662, 594], [662, 634], [560, 634]], '속까지', 0.6033721439548415), ([[591, 563], [703, 563], [703, 605], [591, 605]], '입받0', 0.8191353705939723), ([[778, 562], [830, 562], [830, 644], [778, 644]], '새', 0.044276920284503696), ([[392, 624], [790, 624], [790, 674], [392, 674]], '(기분 나뿐 결로 채 위젊어요', 0.09700255712696551), ([[811, 595], [875, 595], [875, 687], [811, 687]], '새', 0.34258665899051266), ([[493, 659], [689, 659], [689, 701], [493, 701]], '기분나뿐 데야', 0.07172230286084329), ([[442, 686], [740, 686], [740, 738], [442, 738]], "'@이0 기분 좋아리)", 0.06083015250066957), ([[213, 743], [305, 743], [305, 841], [213, 841]], '제', 0.07447340975485961), ([[522.1135155856441, 142.09946857683417], [592.9181396745372, 159.19490280660193], [583.8864844143559, 193.90053142316583], [512.0818603254628, 175.80509719339807]], '혜해', 0.20499269454070493), ([[500.9820268028814, 172.1317018509494], [569.7656943711277, 181.6510945536259], [563.0179731971185, 217.8682981490506], [495.2343056288724, 208.3489054463741]], '해해', 0.15396845519217395), ([[906.043337266272, 218.03272408757184], [1073.6837983161581, 282.04134090461446], [1028.9566627337279, 391.9672759124282], [861.3162016838419, 327.95865909538554]], ')', 0.23309308403463547), ([[184.19344499129141, 463.1023159233645], [275.6949955884209, 392.01510146631904], [403.8065550087086, 582.8976840766355], [312.3050044115791, 653.984898533681]], '즉', 0.02500683747684551), ([[293.99701813799464, 754.1838979451709], [428.21325827550703, 735.6827335363665], [436.00298186200536, 829.8161020548291], [301.78674172449297, 848.3172664636335]], '색', 0.002756135220530531)]
[([[909, 93], [949, 93], [949, 129], [909, 129]], '@', 0.9864419857984252), ([[912, 124], [944, 124], [944, 160], [912, 160]], '월', 0.9989730373504848), ([[936, 88], [1020, 88], [1020, 166], [936, 166]], '[@', 0.6248982239847164), ([[931, 153], [1003, 153], [1003, 189], [931, 189]], '생각', 0.1623074364022786), ([[905, 177], [1023, 177], [1023, 221], [905, 221]], '@833', 0.1429043412208557), ([[973, 417], [1009, 417], [1009, 453], [973, 453]], '요', 0.9960023858038767), ([[694, 444], [832, 444], [832, 492], [694, 492]], '매일매일', 0.7282918095588684), ([[821, 407], [1151, 407], [1151, 500], [821, 500]], '(집패생미올해진문교', 0.00038996022385210006), ([[123, 417], [515, 417], [515, 669], [123, 669]], '빼', 0.020058818806663936), ([[728, 470], [1034, 470], [1034, 598], [728, 598]], '확대기리길', 0.0001864839649576399), ([[947, 471], [1109, 471], [1109, 559], [947, 559]], '공출합주', 0.020302535966038704)]
[([[822, 124], [976, 124], [976, 172], [822, 172]], '잠씨말요', 0.5403760075569153), ([[754, 158], [990, 158], [990, 206], [754, 206]], '망종 환장기늄', 0.00223204317495508), ([[768, 188], [980, 188], [980, 284], [768, 284]], '곡교다가용', 0.00819019301772262), ([[789, 249], [959, 249], [959, 311], [789, 311]], '@끓대요;', 0.11529938348628047), ([[457, 596], [571, 596], [571, 640], [457, 640]], '있어요', 0.8576648155668223), ([[144, 590], [468, 590], [468, 688], [144, 688]], '@@구롭-최금바골{', 0.0004123138170009796), ([[409, 633], [591, 633], [591, 677], [409, 677]], '말만으로도', 0.9935472106269434), ([[215, 649], [509, 649], [509, 757], [215, 757]], '출없물록  @운', 0.00014017844196237072)]
[([[818, 156], [1010, 156], [1010, 204], [818, 204]], '웃 들예오교', 0.24195367337553023), ([[882, 194], [936, 194], [936, 224], [882, 224]], '있이', 0.25204651545090323), ([[832, 216], [996, 216], [996, 265], [832, 265]], '@매 @입', 0.011256503209071745), ([[837, 251], [957, 251], [957, 295], [837, 295]], '@예8든', 0.16699610650539398), ([[855, 248], [1010, 248], [1010, 338], [855, 338]], '알플영', 0.0009036827558813617), ([[560, 374], [787, 374], [787, 531], [560, 531]], '74', 0.5356266262822089), ([[201, 663], [237, 663], [237, 703], [201, 703]], '데', 0.9895124294134803), ([[251, 661], [345, 661], [345, 705], [251, 705]], '데어', 0.9766318813382789), ([[113, 690], [368, 690], [368, 780], [113, 780]], '입똑업@ 요드', 0.00520804985929378), ([[226, 692], [422, 692], [422, 742], [226, 742]], '"올 패피제', 0.019363761872213236), ([[568.168139040221, 596.0247358757125], [744.9575525469687, 684.9106300451147], [689.831860959779, 791.9752641242875], [512.0424474530313, 703.0893699548853]], '이소?', 0.01071836825750268)]
[([[796, 58], [962, 58], [962, 107], [796, 107]], '어? 예디3', 0.14364947963824945), ([[814, 94], [992, 94], [992, 144], [814, 144]], '렉어죄?', 0.003441727254539728), ([[743, 89], [1013, 89], [1013, 223], [743, 223]], '올대뷰', 0.04585638142252994), ([[752, 198], [1006, 198], [1006, 252], [752, 252]], '밀철 지롭-', 0.03353341100651108), ([[732, 240], [1028, 240], [1028, 288], [732, 288]], '공통히활 귀예사', 0.014563546955945082), ([[718, 274], [1038, 274], [1038, 328], [718, 328]], '때 @ 태다 찢어잡', 0.007988918418201232), ([[863, 335], [891, 335], [891, 353], [863, 353]], '9', 0.03232956853309177), ([[298.06547682257246, 290.0506073111344], [724.4441485268227, 237.18430513490114], [740.9345231774275, 554.9493926888656], [314.55585147317726, 607.8156948650989]], '씨', 0.052992125805612966), ([[19.96045745887999, 484.21019580262396], [243.04818702200993, 465.7420296367012], [244.03954254112, 551.789804197376], [20.95181297799006, 570.2579703632988]], '가@@', 0.21917473524587194), ([[-2.2651349466027817, 553.259919729608], [285.3661398728728, 530.4963698994069], [285.26513494660276, 615.740080270392], [-3.366139872872793, 638.5036301005931]], '@@@@', 0.9016128182411194), ([[25.710815910886556, 619.2408347811668], [273.9668925380628, 595.3458563478649], [275.28918408911346, 687.7591652188332], [27.033107461937238, 710.6541436521351]], '@@@@', 0.17188864946365356)]
[([[745, 65], [871, 65], [871, 151], [745, 151]], '확통월', 0.04055868568326256), ([[775, 137], [846, 137], [846, 178], [775, 178]], '물어', 0.34713464771787966), ([[732, 164], [890, 164], [890, 212], [732, 212]], '숨실태요', 0.05018956586718559), ([[74, 501], [149, 501], [149, 549], [74, 549]], '이제', 0.847235435900929), ([[141, 467], [401, 467], [401, 555], [141, 555]], '완전 적집문터제 ', 0.0013310117907330418), ([[117, 533], [361, 533], [361, 577], [117, 577]], '떨어질 숲 없어요', 0.5601724053327839), ([[68, 562], [410, 562], [410, 610], [68, 610]], '보지는 향상 헬렁커리고', 0.12098011965421591), ([[19, 629], [127, 629], [127, 671], [19, 671]], '평범한', 0.994169182416211), ([[37, 593], [218, 593], [218, 641], [37, 641]], '가슴도 너무', 0.6053179823404687), ([[118, 594], [438, 594], [438, 674], [118, 674]], '탤탤로"듯씩@올요', 0.0008111439733416118), ([[256, 624], [458, 624], [458, 674], [256, 674]], "'못돌아가요", 0.6655673920872384), ([[627, 621], [775, 621], [775, 659], [627, 659]], '야위플되로', 0.0017226076725782827), ([[1019, 621], [1091, 621], [1091, 665], [1019, 665]], '마음', 0.9903857355701953), ([[662, 650], [744, 650], [744, 682], [662, 682]], '말러제', 0.19028576620513296), ([[1019, 657], [1055, 657], [1055, 697], [1019, 697]], '월', 0.9978672920420308), ([[1052, 620], [1132, 620], [1132, 704], [1052, 704]], '음음', 0.16554918626080403), ([[645, 675], [763, 675], [763, 711], [645, 711]], '@율렉요', 0.023735813796520233), ([[1027, 687], [1121, 687], [1121, 729], [1027, 729]], '레륙}', 0.12375989650501626)]
[([[495, 79], [543, 79], [543, 123], [495, 123]], '제', 0.9945971231538806), ([[621, 77], [727, 77], [727, 121], [621, 121]], '당의', 0.902774455482432), ([[459, 141], [507, 141], [507, 185], [459, 185]], '@', 0.9905283494416359), ([[497, 67], [778, 67], [778, 200], [497, 200]], '공로다 @', 0.022886629397225255), ([[480, 168], [644, 168], [644, 290], [480, 290]], '제;', 0.06370529026405551), ([[557, 237], [633, 237], [633, 281], [557, 281]], '올', 0.05274078140323746), ([[618, 166], [748, 166], [748, 292], [618, 292]], '콤결', 0.014064686847388859), ([[487, 266], [742, 266], [742, 317], [487, 317]], '%사-예주세회', 0.011131511241500788), ([[221, 517], [377, 517], [377, 561], [221, 561]], '@아 빨리_', 0.41335950652763187), ([[159, 545], [442, 545], [442, 596], [159, 596]], '비전한 고기루 명올', 0.22704551858059333), ([[182, 580], [390, 580], [390, 628], [182, 628]], "'취젓어주세요", 0.16948209249853297), ([[1025, 657], [1107, 657], [1107, 695], [1025, 695]], '예 예', 0.4672466255562132), ([[998, 681], [1134, 681], [1134, 755], [998, 755]], '@물대교', 0.005734102334827185), ([[1035, 685], [1127, 685], [1127, 723], [1035, 723]], "'씀어집", 0.025414442643523216), ([[1055, 763], [1077, 763], [1077, 777], [1055, 777]], '9', 0.29022657219320536)]
[([[227, 271], [505, 271], [505, 551], [227, 551]], '셋끼', 0.016406413294553376)]
[([[375, 77], [543, 77], [543, 141], [375, 141]], '용내%용', 0.024365095421671867), ([[402, 116], [515, 116], [515, 167], [402, 167]], '대문원', 0.07731171714660778), ([[390, 146], [533, 146], [533, 201], [390, 201]], '용쁨체', 0.028270014081554877), ([[382, 184], [463, 184], [463, 235], [382, 235]], '데륙', 0.2517075839139046), ([[204, 374], [355, 374], [355, 431], [204, 431]], '죽어트린', 0.007144649047404528), ([[177, 400], [396, 400], [396, 523], [177, 523]], '불-]', 0.002851002042040871), ([[531, 453], [665, 453], [665, 495], [531, 495]], '뜯려 )', 0.07073721289634705), ([[537, 504], [630, 504], [630, 548], [537, 548]], '(아어', 0.032289778392445824), ([[709, 527], [880, 527], [880, 630], [709, 630]], '대용따-', 0.0017371021676808596), ([[412, 601], [532, 601], [532, 653], [412, 653]], '용기다', 0.023182977644056347), ([[683, 597], [908, 597], [908, 661], [683, 661]], '@물록 입소물', 0.019648993944397293), ([[481, 647], [503, 647], [503, 663], [481, 663]], '0', 0.7433949416602026), ([[753, 641], [831, 641], [831, 681], [753, 681]], '페문', 0.006947815072670861), ([[1038, 624], [1176, 624], [1176, 700], [1038, 700]], '넷기@', 0.003526091489224421), ([[408, 704], [519, 704], [519, 757], [408, 757]], '오@용', 0.11779205384613221), ([[418, 672], [533, 672], [533, 723], [418, 723]], '@혼용', 0.4153417848685506), ([[689, 660], [888, 660], [888, 762], [689, 762]], '@불고 ', 0.060103002935647964), ([[1028, 682], [1164, 682], [1164, 758], [1028, 758]], '오쪽온올', 0.008831394836306572), ([[679, 729], [892, 729], [892, 794], [679, 794]], '가빠터0에0', 0.040226601319278986), ([[1014.0895536990885, 126.0835899750777], [1130.8963020975355, 144.98697197982023], [1121.9104463009116, 189.9164100249223], [1005.1036979024644, 171.01302802017977]], '@@양', 0.8429718520978675), ([[456.263428220882, 184.3112561963815], [547.2637720742173, 175.38843960454193], [549.736571779118, 220.6887438036185], [458.73622792578277, 229.61156039545807]], '통어', 0.23612237878428755), ([[787.0925740939716, 181.02747255053214], [914.8881518291496, 266.171630477122], [841.9074259060284, 375.97252744946786], [714.1118481708504, 290.828369522878]], '14', 0.16768877354694378), ([[399.3183180150092, 645.2912904420258], [483.2976794401033, 639.4446230356142], [484.6816819849908, 682.7087095579742], [400.7023205598967, 688.5553769643858]], '@@:', 0.018821087113452435)]
[([[1009, 597], [1095, 597], [1095, 635], [1009, 635]], '@떤', 0.009900062008525409)]
[([[1002, 508], [1090, 508], [1090, 558], [1002, 558]], '예물', 0.032824080842947155), ([[1015, 545], [1079, 545], [1079, 585], [1015, 585]], '제료', 0.04087032088074987)]
[([[176, 152], [406, 152], [406, 206], [176, 206]], '제디 문가요?', 0.020969852809814758), ([[259, 191], [322, 191], [322, 234], [259, 234]], '예3', 0.9394570042043963), ([[157, 247], [179, 247], [179, 263], [157, 263]], '4', 0.0077521373713915764), ([[173, 225], [227, 225], [227, 269], [173, 269]], '여', 0.11495310048264518), ([[306, 222], [424, 222], [424, 272], [306, 272]], '젠부터', 0.07060777600026008), ([[111, 254], [272, 254], [272, 308], [111, 308]], '꽤율움이', 0.02970096841454506), ([[217, 215], [480, 215], [480, 324], [217, 324]], '내다부되오;', 0.0162121209544635), ([[118, 282], [348, 282], [348, 386], [118, 386]], '@륙기교', 0.0050324429757893085), ([[283, 295], [419, 295], [419, 339], [283, 339]], '주입림이', 0.0151700833812356), ([[333, 329], [451, 329], [451, 373], [333, 373]], '숙세요', 0.3859183606110454), ([[106, 362], [474, 362], [474, 414], [106, 414]], '좀 데 웨여원 해주세세요', 0.08536093920043143), ([[738, 446], [776, 446], [776, 478], [738, 478]], '예', 0.9972011388933346), ([[695, 437], [849, 437], [849, 521], [695, 521]], '휴@적 ', 0.019375499337911606), ([[711, 493], [831, 493], [831, 582], [711, 582]], '동다물', 0.024807940733529123), ([[702, 560], [842, 560], [842, 610], [702, 610]], '@집내다', 0.17254085838794708), ([[948, 574], [1054, 574], [1054, 622], [948, 622]], '어리3', 0.13585374502766756), ([[921, 603], [1083, 603], [1083, 711], [921, 711]], '교씬화', 0.0033364563648673406)]
[([[163, 104], [320, 104], [320, 204], [163, 204]], '@주록', 0.03346536901806817), ([[177, 125], [217, 125], [217, 161], [177, 161]], '예', 0.9997178515163831), ([[122, 159], [371, 159], [371, 272], [122, 272]], '목  ;@', 0.03250816898853639), ([[223, 228], [386, 228], [386, 290], [223, 290]], '날어훨요', 0.05210421606898308), ([[119, 245], [307, 245], [307, 331], [119, 331]], '@문잡내대', 0.004327327639120601), ([[293, 273], [349, 273], [349, 311], [293, 311]], '@', 0.9303606472599455), ([[666, 490], [833, 490], [833, 547], [666, 547]], '쥐송하요', 0.0457727424800396), ([[650, 527], [867, 527], [867, 587], [650, 587]], '커주제예', 0.013938039541244507), ([[675, 564], [840, 564], [840, 620], [675, 620]], '입심넷', 0.00730810788167019), ([[933, 599], [983, 599], [983, 639], [933, 639]], '회', 0.8230324533545156), ([[949, 567], [999, 567], [999, 611], [949, 611]], '중요', 0.21173575472041034), ([[971, 557], [1115, 557], [1115, 641], [971, 641]], '{문빛명 ', 0.000533247619213691), ([[698, 608], [824, 608], [824, 656], [698, 656]], '텔불어', 0.02057296306417728), ([[959, 620], [1080, 620], [1080, 670], [959, 670]], "'한>요", 0.0016375862760469317), ([[672, 640], [848, 640], [848, 694], [672, 694]], '제청업움', 0.0177492406219244), ([[699, 683], [819, 683], [819, 727], [699, 727]], '채우예', 0.07214353834306908), ([[681, 711], [852, 711], [852, 774], [681, 774]], '없습내다', 0.18484055995941162)]
[([[512, 114], [602, 114], [602, 162], [512, 162]], '아용', 0.02758643427104875), ([[62, 366], [148, 366], [148, 418], [62, 418]], '@조', 0.017002312939733828), ([[945, 631], [1031, 631], [1031, 675], [945, 675]], '편하', 0.017373035053929186), ([[388.0970112720904, 235.0140618341019], [780.6558262566168, 386.5453819972313], [684.9029887279096, 613.9859381658981], [292.3441737433832, 462.4546180027687]], '{', 0.051466467750928224), ([[114.76915405713896, 628.029150605632], [395.9343464397053, 672.7519081737775], [352.23084594286104, 890.970849394368], [71.06565356029475, 846.2480918262225]], '{ ', 0.008069950878884747)]
[([[760, 202], [840, 202], [840, 294], [760, 294]], '개', 0.08692973406624915), ([[36, 340], [203, 340], [203, 418], [36, 418]], '음교일', 0.04613251625859206), ([[4, 389], [241, 389], [241, 479], [4, 479]], '@이어애', 0.01465361937880516), ([[641, 403], [741, 403], [741, 495], [641, 495]], '74', 0.11869086775321361), ([[0, 440], [233, 440], [233, 530], [0, 530]], '아아어앗', 0.2775496244430542), ([[913.4395045439089, 290.014289060616], [998.1665353900302, 276.215468280739], [1033.560495456091, 507.985710939384], [948.8334646099698, 521.784531719261]], '주', 0.0027371215978160834), ([[734.0549075079291, 441.02793688400175], [862.8996911343938, 457.2868990794574], [835.9450924920709, 641.9720631159983], [707.1003088656062, 624.7131009205426]], '7', 0.03151177629621671)]
[([[947.3671633597229, 322.014310249876], [1127.434799614393, 476.0622139061262], [1048.632836640277, 570.9856897501239], [868.565200385607, 415.9377860938738]], '초"7 :', 0.03317502173496915)]
[([[883, 127], [961, 127], [961, 163], [883, 163]], '@아', 0.03547131757115427), ([[436, 336], [508, 336], [508, 390], [436, 390]], '수월', 0.14164907974871946), ([[862, 436], [936, 436], [936, 512], [862, 512]], '속@', 0.07304961127230014), ([[563, 591], [623, 591], [623, 633], [563, 633]], '7괴', 0.012314431437410837), ([[541.0297768587401, 333.402977685874], [631.6754299926149, 288.25750968694854], [652.9702231412599, 333.597022314126], [562.3245700073851, 377.74249031305146]], '#*?', 0.06156665752244254), ([[813.540235122517, 344.9862116102653], [875.0271885216406, 300.35283197542975], [904.459764877483, 344.0137883897347], [842.9728114783594, 389.64716802457025]], '7', 0.23956224356780442), ([[337.78724294654234, 401.1022238226572], [734.2502645678651, 355.11874288233224], [741.2127570534577, 556.8977761773428], [344.7497354321349, 602.8812571176678]], '(빠중 ', 0.10202594101428986), ([[701.170011659965, 470.67201865594404], [854.1053646561279, 414.60275086093975], [882.829988340035, 505.32798134405596], [729.8946353438721, 561.3972491390602]], '0?_', 0.14944399819022403), ([[890.6301469647385, 556.0097776335579], [942.982352298389, 564.6671037614458], [909.3698530352615, 758.9902223664421], [856.017647701611, 749.3328962385542]], '"', 0.9128313956748322), ([[269.4127797804853, 605.0172562682501], [327.3858129207662, 560.007445352155], [492.5872202195147, 794.9827437317499], [434.6141870792338, 838.992554647845]], "'", 0.06341335643469392), ([[411.11428862648387, 634.0657337974418], [448.53359162784704, 611.0237737681132], [504.88571137351613, 712.9342662025582], [468.46640837215296, 734.9762262318868]], '국', 0.26527146163789794)]
[([[913, 202], [1049, 202], [1049, 247], [913, 247]], '@찌록움', 0.0854174792766571), ([[963, 233], [1023, 233], [1023, 269], [963, 269]], "'인식", 0.030904081194242497), ([[913, 257], [1049, 257], [1049, 299], [913, 299]], '어제가요}', 0.14573613885518386), ([[436, 336], [508, 336], [508, 390], [436, 390]], '수옷', 0.11056636482235079), ([[897, 301], [1065, 301], [1065, 417], [897, 417]], '째주', 0.0439121555740247), ([[417, 429], [576, 429], [576, 503], [417, 503]], '#내다시', 0.3302188217639923), ([[563, 593], [623, 593], [623, 631], [563, 631]], '관시', 0.01230872887591248), ([[544.3576165455737, 329.1430466182295], [633.3218191941496, 293.2629534065817], [650.6423834544263, 336.8569533817705], [562.6781808058504, 372.7370465934183]], '# #?', 0.36762765049934387), ([[810.0297768587401, 347.402977685874], [880.5186650381626, 301.5542377553241], [908.9702231412599, 347.597022314126], [838.4813349618374, 392.4457622446759]], '지', 0.5528364697968904), ([[564.982685472117, 412.0649466825132], [731.8258730008196, 439.3399663331595], [717.017314527883, 505.9350533174868], [551.1741269991804, 477.6600336668405]], '9";\'', 0.11326814442873001), ([[890.67614845191, 559.008746360335], [939.5266678387278, 567.5579461935095], [905.32385154809, 755.991253639665], [856.4733321612722, 746.4420538064905]], "'", 0.057438377333346446), ([[268.4127797804853, 603.0172562682501], [325.3873060808198, 559.0075031148486], [492.5872202195147, 792.9827437317499], [435.6126939191802, 836.9924968851514]], '{', 0.2353572009770346), ([[412.2828546384055, 634.0516970049982], [448.44465968987254, 612.0198114734277], [504.7171453615945, 712.9483029950018], [467.55534031012746, 733.9801885265723]], '#', 0.41520657677915906)]
[([[132, 346], [246, 346], [246, 394], [132, 394]], '제몸올', 0.49376012454879475), ([[436, 336], [508, 336], [508, 390], [436, 390]], '수월', 0.13336098426959586), ([[119, 405], [260, 405], [260, 455], [119, 455]], '때로세요', 0.16813060641288757), ([[173, 379], [243, 379], [243, 415], [173, 415]], '음껏', 0.8834014468529323), ([[955, 291], [1168, 291], [1168, 526], [955, 526]], '매', 0.03548723885949645), ([[977, 407], [1101, 407], [1101, 445], [977, 445]], "헬렁'리", 0.006690328009426594), ([[417, 422], [724, 422], [724, 500], [417, 500]], '#내시;9<"{', 0.011577970760688523), ([[775, 427], [937, 427], [937, 515], [775, 515]], "2  속8'", 0.2644931393259743), ([[977, 491], [1139, 491], [1139, 535], [977, 535]], '가출이$', 0.04623664543032646), ([[565, 593], [625, 593], [625, 633], [565, 633]], '7리', 0.19412657380717777), ([[543.0846084768857, 327.55922593382], [634.9972800718872, 292.52543275535015], [651.9153915231143, 341.44077406618], [560.0027199281128, 376.47456724464985]], '#유!', 0.011392885198824363), ([[142.2172729245717, 377.1039098209152], [207.9275294209997, 390.34458296544784], [200.7827270754283, 419.8960901790848], [135.0724705790003, 406.65541703455216]], '아음', 0.8917252103965767), ([[890.6281851971722, 557.009881706838], [945.0411689751942, 566.695137490451], [911.3718148028278, 758.990118293162], [856.9588310248058, 749.304862509549]], '"', 0.4407066480888524), ([[267.40931719245566, 604.0174605525011], [324.3888108345484, 560.0075615521066], [492.59068280754434, 792.9825394474989], [435.6111891654516, 836.9924384478934]], '{', 0.1613285492922154), ([[412.2828546384055, 634.0516970049982], [448.44465968987254, 612.0198114734277], [504.7171453615945, 712.9483029950018], [467.55534031012746, 733.9801885265723]], '#', 0.2966347473626598)]
[([[95, 191], [207, 191], [207, 303], [95, 303]], '민@', 0.001785320922041673), ([[255, 189], [323, 189], [323, 285], [255, 285]], '0', 0.5220520232459336), ([[305, 225], [341, 225], [341, 269], [305, 269]], '7', 0.38627567911519023), ([[614, 226], [704, 226], [704, 300], [614, 300]], '(많', 0.0015032460258119652), ([[79, 333], [217, 333], [217, 417], [79, 417]], "@출'", 0.054585770832671805), ([[436, 336], [508, 336], [508, 392], [436, 392]], '수표', 0.18285354359555692), ([[85, 399], [205, 399], [205, 441], [85, 441]], '필위없', 0.6301302110760376), ([[111, 429], [179, 429], [179, 467], [111, 467]], '예요', 0.5414994935331596), ([[417, 428], [574, 428], [574, 503], [417, 503]], '#내시', 0.4750417678937642), ([[773, 417], [1077, 417], [1077, 527], [773, 527]], '2 속|{맵', 0.004535400257432241), ([[563, 591], [623, 591], [623, 633], [563, 633]], '7리', 0.053587791626558155), ([[541.8550424457247, 327.91302546743486], [633.8998050146238, 291.44022798290143], [652.1449575542753, 340.08697453256514], [561.1001949853762, 376.55977201709857]], '#표!', 0.17551777773381036), ([[564.982685472117, 412.0649466825132], [731.8353803725092, 440.3854367717254], [717.017314527883, 505.9350533174868], [551.1646196274908, 477.6145632282746]], '9"; .', 0.0783463060909623), ([[433.80595537174804, 520.0595537174802], [588.8723695981432, 541.9214589377094], [571.194044628252, 643.9404462825198], [415.1276304018568, 623.0785410622906]], '|@', 0.08333109317291112), ([[242.16794970566215, 616.0230947019188], [328.4931543125765, 554.0081088976744], [505.8320502943378, 825.9769052980812], [419.5068456874235, 887.9918911023256]], '꿀', 0.006418422442717786), ([[412.2161622789965, 638.0618223576777], [446.4567972389943, 615.0209100949625], [506.7838377210035, 710.9381776423223], [472.5432027610057, 733.9790899050375]], '#', 0.6812159813254972)]
[([[883, 181], [957, 181], [957, 223], [883, 223]], '이용', 0.41047326508433934), ([[939, 143], [1094, 143], [1094, 231], [939, 231]], '콤록 -제', 0.003061961464075638), ([[587, 305], [639, 305], [639, 349], [587, 349]], '{ ,', 0.05160360038280487), ([[854, 198], [1096, 198], [1096, 368], [854, 368]], '대입', 0.007402852216347485), ([[1034, 244], [1082, 244], [1082, 320], [1034, 320]], '@', 0.15781449756218624), ([[781, 447], [823, 447], [823, 497], [781, 497]], '그', 0.5001117625727183), ([[862, 438], [936, 438], [936, 512], [862, 512]], "'", 0.3170038598642009), ([[563, 589], [623, 589], [623, 633], [563, 633]], '무리', 0.054335431244599386), ([[120.02324637398688, 138.01835354805107], [258.51577150243475, 19.00511627728879], [590.9767536260131, 455.9816464519489], [451.48422849756525, 574.9948837227112]], '#', 0.2720675632309053), ([[566.043064939372, 408.05743899678816], [730.853665352632, 439.47686490130775], [714.956935060628, 506.94256100321184], [550.146334647368, 474.52313509869225]], '9";\'', 0.042446035891771317), ([[579.3630702447015, 473.0510355171494], [632.8771421252026, 515.016247520471], [611.6369297552985, 542.9489644828506], [558.1228578747974, 499.983752479529]], '09', 0.2453022382419841), ([[889.6320881681406, 555.0096751946725], [942.92413248142, 563.6400118529116], [910.3679118318594, 758.9903248053275], [857.07586751858, 750.3599881470884]], '~', 0.07651268922622823), ([[266.40931719245566, 604.0174605525011], [324.3858129207662, 559.007445352155], [492.59068280754434, 792.9825394474989], [434.6141870792338, 837.992554647845]], '{', 0.35960796068014034), ([[411.26190718873653, 634.0547781645348], [447.44863352448107, 612.0201678782602], [504.73809281126347, 710.9452218354652], [468.55136647551893, 732.9798321217398]], '#', 0.30980207202082966)]
[([[869, 153], [1005, 153], [1005, 195], [869, 195]], '제 제기', 0.889359248322633), ([[896, 174], [968, 174], [968, 222], [896, 222]], '0헤', 0.08410912347309915), ([[845, 202], [1030, 202], [1030, 256], [845, 256]], '부슨 @어조}', 0.13068084091010748), ([[84, 360], [266, 360], [266, 408], [84, 408]], '갑자기 왜 _', 0.35305764883945706), ([[147, 397], [203, 397], [203, 441], [147, 441]], '꽤', 0.5166225547240835), ([[120, 426], [229, 426], [229, 478], [120, 478]], '그덕 ', 0.005873198694947557)]
[([[773, 103], [965, 103], [965, 189], [773, 189]], '%뛰움금', 0.0009876551339402795), ([[801, 107], [845, 107], [845, 151], [801, 151]], '및', 0.010785658076695237), ([[806, 170], [932, 170], [932, 218], [806, 218]], '해국', 0.05527778434260881), ([[754, 194], [981, 194], [981, 286], [754, 286]], '검요고 올', 0.016999647280834283)]
[([[1005, 351], [1047, 351], [1047, 393], [1005, 393]], '팩', 0.072001223252258), ([[948, 376], [1127, 376], [1127, 453], [948, 453]], '아외앗', 0.07422492368925933), ([[106, 601], [230, 601], [230, 674], [106, 674]], '때회', 0.036639703217965176), ([[58, 634], [270, 634], [270, 719], [58, 719]], '+해없어', 0.009461110457777977), ([[443, 633], [653, 633], [653, 795], [443, 795]], '7`', 0.36488118494759336), ([[803, 729], [881, 729], [881, 791], [803, 791]], '구', 0.42696537062485973), ([[618, 788], [648, 788], [648, 832], [618, 832]], '내', 0.008779386860183536), ([[950.9950460742126, 74.04600220891732], [1114.6254285665357, 114.15390306253508], [1088.0049539257875, 204.95399779108268], [925.3745714334643, 164.84609693746492]], '응짜', 0.2247054466050642), ([[898.1157739108766, 138.0355964948697], [1134.92121577824, 194.6858288067678], [1108.8842260891233, 283.9644035051303], [872.07878422176, 226.3141711932322]], '@아아', 0.27610349577713544), ([[906.0303382047318, 216.04282171347032], [1101.7291031744135, 258.573820890208], [1076.9696617952682, 350.95717828652965], [881.2708968255865, 308.426179109792]], '아약@', 0.22043993323091166)]
[([[940, 176], [990, 176], [990, 206], [940, 206]], '에', 0.446253520954091), ([[846, 200], [1038, 200], [1038, 248], [846, 248]], '띄페움 키예', 0.0345752451949725), ([[868, 214], [1018, 214], [1018, 318], [868, 318]], '음용', 0.0032730382819465657), ([[741, 553], [825, 553], [825, 647], [741, 647]], '1', 0.2419660175181102), ([[625.0729607040108, 81.08669173125764], [687.8155548700142, 101.6544773157313], [672.9270392959892, 143.91330826874236], [610.1844451299858, 123.3455226842687]], '00', 0.020537913305016146), ([[229.22703117128825, 249.1989371536683], [345.54470961818424, 239.39926353573185], [347.7729688287117, 308.80106284633166], [231.45529038181576, 319.60073646426815]], '(7인', 0.020728103575619345), ([[400.4895666067739, 567.1759229080949], [743.3402701248854, 517.5832005173971], [753.5104333932261, 673.8240770919051], [409.65972987511464, 722.4167994826029]], '4조2|-', 0.0003541673816245716)]
[([[44, 472], [272, 472], [272, 523], [44, 523]], '왼제 예상해요', 0.433330935390979), ([[904, 346], [1076, 346], [1076, 516], [904, 516]], '뼈', 0.40738664077161957), ([[991, 457], [1065, 457], [1065, 499], [991, 499]], '마요', 0.4312322772036785), ([[97, 529], [121, 529], [121, 545], [97, 545]], '9', 0.013643525129789558), ([[117, 511], [169, 511], [169, 549], [117, 549]], '예3', 0.241273941366362), ([[98, 538], [194, 538], [194, 590], [98, 590]], '위부', 0.0036118903542475597), ([[111, 577], [137, 577], [137, 597], [111, 597]], '마', 0.9041526938892872), ([[176, 588], [208, 588], [208, 612], [176, 612]], '텅', 0.12647764326915478), ([[171.98202680288142, 506.1317018509494], [226.7043694390782, 516.4908124507459], [220.01797319711858, 551.8682981490506], [165.2956305609218, 541.5091875492541]], '%', 0.12668304668921238)]
[([[343, 159], [452, 159], [452, 211], [343, 211]], '(임아-', 0.026402965188026428), ([[948, 178], [1094, 178], [1094, 226], [948, 226]], '모유존다', 0.07213055342435837), ([[969, 209], [1071, 209], [1071, 253], [969, 253]], '예', 0.9975662751917866), ([[553, 405], [735, 405], [735, 513], [553, 513]], '6"?', 0.0328405233478077), ([[127, 551], [345, 551], [345, 713], [127, 713]], '0', 0.8977558930755016)]
[([[939, 179], [1049, 179], [1049, 221], [939, 221]], '가슴이', 0.26297845391586483), ([[919, 211], [1069, 211], [1069, 255], [919, 255]], '@ _취어', 0.053957948422371164), ([[235, 267], [377, 267], [377, 403], [235, 403]], '뼈내', 0.011552103718012428), ([[613, 405], [917, 405], [917, 611], [613, 611]], '좁리', 0.051895787398010464), ([[326, 717], [475, 717], [475, 833], [326, 833]], '5공터', 0.0022620631261653177), ([[155.87292886485199, 580.053045967431], [291.6376231468334, 604.4465349748149], [269.127071135148, 709.946954032569], [134.36237685316658, 686.5534650251851]], '칼))', 0.00031642901551713273)]
[([[597, 77], [779, 77], [779, 117], [597, 117]], '예명에 일이', 0.2613694240114474), ([[511, 107], [867, 107], [867, 151], [511, 151]], '이렇레 랫든제든 몰라로', 0.04125307933349858), ([[561, 139], [815, 139], [815, 183], [561, 183]], '밟리 문망가 야 해', 0.13317212450881086), ([[759, 204], [988, 204], [988, 313], [759, 313]], '33', 0.41083023439621313), ([[70, 568], [182, 568], [182, 648], [70, 648]], '@탓따', 0.0036794962146535597), ([[54, 658], [196, 658], [196, 706], [54, 706]], '주실태대요', 0.1865979913917163), ([[91, 631], [165, 631], [165, 671], [91, 671]], '말0', 0.8863782897794323), ([[343, 597], [560, 597], [560, 707], [343, 707]], '7과요', 0.005298821292335574)]
[([[896, 82], [962, 82], [962, 138], [896, 138]], '꼭', 0.4296203886745822), ([[860.9959964937677, 117.07237580699751], [986.6513484980652, 135.81835769263463], [975.0040035062323, 199.9276241930025], [848.3486515019348, 181.18164230736537]], '피책@', 0.2290920783021189)]
[([[1033, 559], [1095, 559], [1095, 599], [1033, 599]], '교 ', 0.17876497979785197), ([[973, 591], [1105, 591], [1105, 633], [973, 633]], '편디 양', 0.048820098229601), ([[167, 687], [349, 687], [349, 775], [167, 775]], '때패달열?', 0.011542525913950972), ([[191, 757], [323, 757], [323, 801], [191, 801]], '위험해', 0.6355400963457447), ([[177.64456164493743, 251.08168768709888], [628.766031687049, 173.81641122131077], [654.3554383550626, 462.9183123129011], [203.233968312951, 540.1835887786892]], '74_', 0.07652727773939809), ([[633.9361299756998, 259.02021836090574], [961.3980740628615, 348.6650288821186], [891.0638700243002, 577.9797816390942], [563.6019259371385, 489.3349711178814]], '0', 0.03922643195125275)]
[([[793, 105], [945, 105], [945, 147], [793, 147]], '@@ @아', 0.39297352747050307), ([[773, 131], [965, 131], [965, 175], [773, 175]], '제송- 7내마', 0.008439460542937328), ([[806, 161], [929, 161], [929, 204], [806, 204]], '때리지-', 0.08734278380870819), ([[814, 194], [919, 194], [919, 234], [814, 234]], '@요', 0.41499535967915563), ([[541, 326], [636, 326], [636, 388], [541, 388]], '69', 0.9975969588968886), ([[181, 449], [221, 449], [221, 491], [181, 491]], '핵', 0.042758529820617674), ([[469, 445], [562, 445], [562, 510], [469, 510]], '@마', 0.22352465816493938), ([[160, 482], [244, 482], [244, 530], [160, 530]], '싫어', 0.8635885619450802), ([[141, 517], [275, 517], [275, 609], [141, 609]], '않조의', 0.0027450630481266193), ([[147, 563], [191, 563], [191, 605], [147, 605]], '생', 0.7115077658202154), ([[223, 557], [265, 557], [265, 603], [223, 603]], '예', 0.9513126656820283), ([[442, 687], [650, 687], [650, 816], [442, 816]], '시구 (', 0.22389363775606466), ([[318.4848456760908, 200.03331170589902], [352.5118853505208, 192.0328885334639], [373.5151543239092, 284.96668829410095], [339.4881146494792, 292.9671114665361]], '"', 0.13012111768202406), ([[337.200359892036, 699.1817634709763], [432.4471392869463, 688.720318876351], [436.799640107964, 765.8182365290237], [342.5528607130537, 776.279681123649]], '스구', 0.06396334741233581)]
[([[781, 150], [905, 150], [905, 201], [781, 201]], '이대로 _', 0.9179858630589733), ([[821, 184], [963, 184], [963, 228], [821, 228]], '죽스지도', 0.25581130385398865), ([[893, 149], [1079, 149], [1079, 235], [893, 235]], '전기월늄만', 0.020280851346587962), ([[831, 211], [1029, 211], [1029, 266], [831, 266]], '프록휴세째', 0.0572799624550602), ([[847, 251], [1011, 251], [1011, 295], [847, 295]], '살려취요', 0.6998538374900818)]
[([[232, 100], [383, 100], [383, 200], [232, 200]], '(7히', 0.26845970905742805), ([[825, 153], [1069, 153], [1069, 195], [825, 195]], '또 뜨거워울어', 0.4482871425340655), ([[853, 183], [1033, 183], [1033, 227], [853, 227]], '이번엔 대체', 0.5112389118148059), ([[871, 217], [1021, 217], [1021, 261], [871, 261]], '월 한걸까', 0.3154820215655263)]
[([[385, 153], [571, 153], [571, 245], [385, 245]], '@푹-요', 0.003172899130731821), ([[797, 111], [923, 111], [923, 221], [797, 221]], '@@씩', 0.055374811556450326), ([[431, 229], [529, 229], [529, 269], [431, 269]], '제발?', 0.6303392488808076), ([[421, 257], [537, 257], [537, 299], [421, 299]], '@@', 0.2528491073591381), ([[400, 320], [560, 320], [560, 370], [400, 370]], '@ 요', 0.16281713545322418), ([[452, 360], [742, 360], [742, 626], [452, 626]], '쥐다', 0.03139550347579529), ([[76, 672], [548, 672], [548, 722], [76, 722]], '이녀색  내가 되로위하는 모습올', 0.17999857279716924), ([[213, 707], [411, 707], [411, 751], [213, 751]], '즐기고 있어?', 0.9826840337491076), ([[444.9153477109067, 283.11906469908024], [522.7115081442233, 295.3261747382365], [515.0846522890932, 337.88093530091976], [437.2884918557767, 325.6738252617635]], '형째', 0.004860784399398996)]
[([[11, 163], [121, 163], [121, 249], [11, 249]], '[교?', 0.001673144499519604), ([[169, 209], [329, 209], [329, 369], [169, 369]], '0', 0.034973087561125604), ([[183, 531], [269, 531], [269, 569], [183, 569]], '귀만구', 0.006728794393548689), ([[990, 506], [1132, 506], [1132, 578], [990, 578]], '피획@', 0.16330087243057184), ([[177, 561], [275, 561], [275, 597], [177, 597]], '자8이', 0.11996000109736399), ([[157, 587], [289, 587], [289, 629], [157, 629]], '찌부다체', 0.5839390158653259), ([[215, 639], [237, 639], [237, 651], [215, 651]], ':', 0.007929009915589091), ([[419, 644], [563, 644], [563, 686], [419, 686]], '들예{다', 0.276339054107666), ([[420, 670], [561, 670], [561, 721], [420, 721]], '햇령대움', 0.0066087874583899975), ([[124.85552115613172, 49.073065017827346], [249.33746035798328, 68.61078847236452], [234.14447884386828, 144.92693498217267], [109.66253964201671, 125.38921152763548]], "[7'", 0.03350036215168482), ([[819.9817815290336, 147.02469949809102], [1018.9310356576518, 226.38533314418544], [948.0182184709664, 394.975300501909], [750.0689643423482, 315.61466685581456]], ')', 0.05156974678194448)]
[([[336, 320], [368, 320], [368, 362], [336, 362]], '2', 0.902299424826424), ([[176, 636], [304, 636], [304, 684], [176, 684]], '왜에, 나', 0.4234491235946406), ([[293, 631], [503, 631], [503, 717], [293, 717]], '[탤증 거야?', 0.100704072018093), ([[263, 669], [303, 669], [303, 709], [263, 709]], '배', 0.999963045461655), ([[203, 701], [459, 701], [459, 743], [203, 743]], '죽을 것만 같은데', 0.5687721832166481), ([[151, 728], [524, 728], [524, 777], [151, 777]], '데륙 아파서 이상해적나}', 0.1803224271788546), ([[171, 762], [504, 762], [504, 812], [171, 812]], '둘서워요 프로`제 꽤', 0.022491598883650963), ([[178.07351789077583, 48.10877514125853], [244.72163357126837, 58.53390192647004], [237.92648210922417, 97.89122485874147], [171.27836642873163, 87.46609807352996]], '1', 0.7356147146367675), ([[29.029776858740064, 184.40297768587402], [105.21682305279998, 142.93521476793194], [127.97022314125994, 184.59702231412598], [51.78317694720002, 227.06478523206806]], '00공', 0.045246165843756916)]
[]
[([[967, 73], [1057, 73], [1057, 115], [967, 115]], '에리3', 0.13663923268625014), ([[893, 99], [1129, 99], [1129, 189], [893, 189]], '염해 @-직약', 0.007477154218745742), ([[90, 679], [183, 679], [183, 730], [90, 730]], '설@ =', 0.20241108536720276), ([[162, 674], [524, 674], [524, 770], [162, 770]], "'올령빼블없주워가오8", 6.235389463763634e-05)]
[([[920, 50], [1074, 50], [1074, 98], [920, 98]], '문자 욕다', 0.09048459651558183), ([[997, 87], [1049, 87], [1049, 123], [997, 123]], '@', 0.24954643574668367), ([[779, 41], [1165, 41], [1165, 205], [779, 205]], '유 뱃]카', 0.0019943753865392104), ([[891, 181], [1059, 181], [1059, 223], [891, 223]], '빨리 문해뇨', 0.6607021571209929), ([[419, 405], [509, 405], [509, 471], [419, 471]], '용;', 0.013262304145895005), ([[229, 437], [311, 437], [311, 503], [229, 503]], '84', 0.1738097326856818), ([[177, 671], [225, 671], [225, 687], [177, 687]], '%3)', 0.003102198705732046), ([[216, 646], [282, 646], [282, 694], [216, 694]], '예3', 0.566006343977232), ([[140.16299392693688, 184.09954412781923], [371.6326483892334, 162.84367695002112], [375.83700607306315, 309.90045587218077], [144.3673516107666, 332.1563230499789]], '^/', 0.10230931809360568)]
[([[949, 51], [1091, 51], [1091, 95], [949, 95]], '에에끗?', 0.0809493288397789), ([[972, 78], [1067, 78], [1067, 128], [972, 128]], '어리움', 0.01228829789038174), ([[932, 114], [1108, 114], [1108, 162], [932, 162]], '때; 보지93', 0.059748876821571345), ([[833, 187], [1013, 187], [1013, 231], [833, 231]], '왜 폐트병이', 0.3288289127499405), ([[114, 630], [310, 630], [310, 756], [114, 756]], '월기속', 0.004877248885846858), ([[227, 635], [295, 635], [295, 717], [227, 717]], '(화', 0.021658024413141002), ([[193, 735], [239, 735], [239, 775], [193, 775]], '0', 0.1562796918138396)]
[([[142, 150], [294, 150], [294, 322], [142, 322]], "'이타", 0.09024303192724081), ([[708, 364], [740, 364], [740, 400], [708, 400]], '/', 0.9219727305501237), ([[732, 402], [760, 402], [760, 438], [732, 438]], '7', 0.3999289006983986), ([[1047, 529], [1087, 529], [1087, 571], [1047, 571]], '터', 0.5990680480019286), ([[235, 605], [391, 605], [391, 649], [235, 649]], '@하 회익', 0.4695214822283325), ([[302, 636], [446, 636], [446, 684], [302, 684]], "'들에가요", 0.6870784417579661), ([[78, 698], [236, 698], [236, 750], [78, 750]], '제 보제문', 0.5567638703030953), ([[162, 621], [439, 621], [439, 797], [162, 797]], '떨다', 0.03260721038535755), ([[402, 696], [544, 696], [544, 748], [402, 748]], '@데에요', 0.76484215259552), ([[204, 732], [296, 732], [296, 780], [204, 780]], '제말', 0.18204014076895073), ([[834.2672065083736, 35.03846182955016], [947.9945812876027, 86.72462278395265], [920.7327934916264, 143.96153817044984], [807.0054187123973, 92.27537721604735]], '[">', 0.03821427198234901), ([[601.1537115632518, 529.0448886945671], [713.9342229330722, 574.9762292989584], [686.8462884367482, 638.9551113054329], [574.0657770669278, 593.0237707010416]], '(7?', 0.002835576538520808)]
[([[843, 61], [1159, 61], [1159, 105], [843, 105]], '또 그남자가 나타낫다', 0.8362039896039316), ([[885, 93], [1117, 93], [1117, 135], [885, 135]], '벌이라 말햇다 ', 0.5121585204160936), ([[22, 532], [313, 532], [313, 583], [22, 583]], '오늘도 최약의 날이', 0.7366992577268958), ([[29, 567], [305, 567], [305, 611], [29, 611]], '시작되는 건가요', 0.9100983719289367), ([[896, 623], [1156, 623], [1156, 672], [896, 672]], '말 잊예메올 얼-', 0.009366440544799669), ([[695, 615], [859, 615], [859, 743], [695, 743]], '프로둘교', 0.005392229650169611), ([[841, 689], [985, 689], [985, 733], [841, 733]], "'내0만", 0.04302331060171127), ([[838, 621], [1105, 621], [1105, 714], [838, 714]], "'똑 똑히@스_물", 0.0005913519440861516), ([[981, 689], [1091, 689], [1091, 733], [981, 733]], '@아요', 0.038712202593361604)]
[([[949, 189], [993, 189], [993, 229], [949, 229]], '제', 0.999938250541291), ([[896, 218], [974, 218], [974, 266], [896, 266]], '옷올', 0.19620640155205624), ([[965, 180], [1142, 180], [1142, 273], [965, 273]], '[동리량', 0.00032453457242809236), ([[915, 247], [1110, 247], [1110, 298], [915, 298]], '습기터뷰 요', 0.0016138813439596695), ([[144, 510], [196, 510], [196, 564], [144, 564]], '4', 0.9171967378876822), ([[549, 563], [660, 563], [660, 614], [549, 614]], '@직소?', 0.005058164242655039), ([[584, 562], [740, 562], [740, 640], [584, 640]], '@수이지% ', 0.0012435034671119099), ([[535, 625], [747, 625], [747, 673], [535, 673]], '쓰#목@보내', 8.814934794174487e-05), ([[548, 658], [740, 658], [740, 706], [548, 706]], '@@갚하', 0.007203530520200729), ([[162.35461252607485, 550.0298152816083], [212.98994949366116, 537.0703535443719], [242.64538747392515, 671.9701847183917], [192.01005050633884, 683.9296464556281]], '8', 0.02016375163726991)]
[([[891, 198], [1077, 198], [1077, 262], [891, 262]], '@@@애', 0.0054055387154221535), ([[904, 244], [990, 244], [990, 294], [904, 294]], '가습', 0.06348147268826024), ([[1060, 272], [1126, 272], [1126, 322], [1060, 322]], '요', 0.21869018919017721), ([[807, 263], [1100, 263], [1100, 390], [807, 390]], '@최짝풀이 예온', 0.0043879342122846625), ([[502, 503], [742, 503], [742, 575], [502, 575]], '떼 협_하켓', 0.01767534823061991), ([[543, 552], [706, 552], [706, 618], [543, 618]], '해측월', 0.18270283741287502), ([[552, 590], [694, 590], [694, 659], [552, 659]], '환워히', 0.006892382836535912), ([[508, 631], [756, 631], [756, 703], [508, 703]], '망; 품예요', 0.011319737883897785), ([[55.16837354923654, 312.02662736809003], [251.91975403958972, 389.55779489790626], [206.83162645076345, 493.97337263190997], [11.080245960410283, 416.44220510209374]], '럴;', 0.028231222252192736), ([[192.44782845053984, 591.063507096586], [308.7058321551212, 518.0131150272406], [436.5521715494602, 750.936492903414], [320.2941678448788, 824.9868849727594]], '쭉', 0.6073473758029344)]
[([[942, 102], [1056, 102], [1056, 154], [942, 154]], '용혼온', 0.20866532237337365), ([[932, 138], [1046, 138], [1046, 188], [932, 188]], '@요왕', 0.02594690684882703), ([[899, 156], [1118, 156], [1118, 308], [899, 308]], '달:', 0.009583948106804508), ([[923, 171], [1013, 171], [1013, 263], [923, 263]], '묶질', 0.0012955492197162311), ([[929, 179], [969, 179], [969, 225], [929, 225]], '떨-', 0.09195225558815719), ([[616, 226], [714, 226], [714, 398], [616, 398]], '새', 0.09965132049279646), ([[938, 274], [1059, 274], [1059, 331], [938, 331]], '햇어요', 0.14477598106834072), ([[990.9805585009541, 178.0872393055339], [1034.0081858459444, 163.08530970379365], [1060.0194414990458, 247.9127606944661], [1016.9918141540558, 262.91469029620635]], '유', 0.18564731029005443)]
[([[545, 125], [563, 125], [563, 147], [545, 147]], '0', 0.453932005922792), ([[789, 173], [809, 173], [809, 197], [789, 197]], '0', 0.9999945163801982), ([[777, 207], [805, 207], [805, 227], [777, 227]], '0', 0.1556210696928142), ([[745, 233], [821, 233], [821, 273], [745, 273]], '@@-', 0.10049885091634093), ([[484, 528], [698, 528], [698, 576], [484, 576]], '가슴도 자궁도', 0.8727597825111324), ([[481, 559], [603, 559], [603, 643], [481, 643]], '잔통축', 0.2417719134654951), ([[560, 594], [662, 594], [662, 634], [560, 634]], '속까지', 0.6033721439548415), ([[591, 563], [703, 563], [703, 605], [591, 605]], '입받0', 0.8191353705939723), ([[778, 562], [830, 562], [830, 644], [778, 644]], '새', 0.044276920284503696), ([[392, 624], [790, 624], [790, 674], [392, 674]], '(기분 나뿐 결로 채 위젊어요', 0.09700255712696551), ([[811, 595], [875, 595], [875, 687], [811, 687]], '새', 0.34258665899051266), ([[493, 659], [689, 659], [689, 701], [493, 701]], '기분나뿐 데야', 0.07172230286084329), ([[442, 686], [740, 686], [740, 738], [442, 738]], "'@이0 기분 좋아리)", 0.06083015250066957), ([[213, 743], [305, 743], [305, 841], [213, 841]], '제', 0.07447340975485961), ([[522.1135155856441, 142.09946857683417], [592.9181396745372, 159.19490280660193], [583.8864844143559, 193.90053142316583], [512.0818603254628, 175.80509719339807]], '혜해', 0.20499269454070493), ([[500.9820268028814, 172.1317018509494], [569.7656943711277, 181.6510945536259], [563.0179731971185, 217.8682981490506], [495.2343056288724, 208.3489054463741]], '해해', 0.15396845519217395), ([[906.043337266272, 218.03272408757184], [1073.6837983161581, 282.04134090461446], [1028.9566627337279, 391.9672759124282], [861.3162016838419, 327.95865909538554]], ')', 0.23309308403463547), ([[184.19344499129141, 463.1023159233645], [275.6949955884209, 392.01510146631904], [403.8065550087086, 582.8976840766355], [312.3050044115791, 653.984898533681]], '즉', 0.02500683747684551), ([[293.99701813799464, 754.1838979451709], [428.21325827550703, 735.6827335363665], [436.00298186200536, 829.8161020548291], [301.78674172449297, 848.3172664636335]], '색', 0.002756135220530531)]
[([[909, 93], [949, 93], [949, 129], [909, 129]], '@', 0.9864419857984252), ([[912, 124], [944, 124], [944, 160], [912, 160]], '월', 0.9989730373504848), ([[936, 88], [1020, 88], [1020, 166], [936, 166]], '[@', 0.6248982239847164), ([[931, 153], [1003, 153], [1003, 189], [931, 189]], '생각', 0.1623074364022786), ([[905, 177], [1023, 177], [1023, 221], [905, 221]], '@833', 0.1429043412208557), ([[973, 417], [1009, 417], [1009, 453], [973, 453]], '요', 0.9960023858038767), ([[694, 444], [832, 444], [832, 492], [694, 492]], '매일매일', 0.7282918095588684), ([[821, 407], [1151, 407], [1151, 500], [821, 500]], '(집패생미올해진문교', 0.00038996022385210006), ([[123, 417], [515, 417], [515, 669], [123, 669]], '빼', 0.020058818806663936), ([[728, 470], [1034, 470], [1034, 598], [728, 598]], '확대기리길', 0.0001864839649576399), ([[947, 471], [1109, 471], [1109, 559], [947, 559]], '공출합주', 0.020302535966038704)]
[([[822, 124], [976, 124], [976, 172], [822, 172]], '잠씨말요', 0.5403760075569153), ([[754, 158], [990, 158], [990, 206], [754, 206]], '망종 환장기늄', 0.00223204317495508), ([[768, 188], [980, 188], [980, 284], [768, 284]], '곡교다가용', 0.00819019301772262), ([[789, 249], [959, 249], [959, 311], [789, 311]], '@끓대요;', 0.11529938348628047), ([[457, 596], [571, 596], [571, 640], [457, 640]], '있어요', 0.8576648155668223), ([[144, 590], [468, 590], [468, 688], [144, 688]], '@@구롭-최금바골{', 0.0004123138170009796), ([[409, 633], [591, 633], [591, 677], [409, 677]], '말만으로도', 0.9935472106269434), ([[215, 649], [509, 649], [509, 757], [215, 757]], '출없물록  @운', 0.00014017844196237072)]
[([[818, 156], [1010, 156], [1010, 204], [818, 204]], '웃 들예오교', 0.24195367337553023), ([[882, 194], [936, 194], [936, 224], [882, 224]], '있이', 0.25204651545090323), ([[832, 216], [996, 216], [996, 265], [832, 265]], '@매 @입', 0.011256503209071745), ([[837, 251], [957, 251], [957, 295], [837, 295]], '@예8든', 0.16699610650539398), ([[855, 248], [1010, 248], [1010, 338], [855, 338]], '알플영', 0.0009036827558813617), ([[560, 374], [787, 374], [787, 531], [560, 531]], '74', 0.5356266262822089), ([[201, 663], [237, 663], [237, 703], [201, 703]], '데', 0.9895124294134803), ([[251, 661], [345, 661], [345, 705], [251, 705]], '데어', 0.9766318813382789), ([[113, 690], [368, 690], [368, 780], [113, 780]], '입똑업@ 요드', 0.00520804985929378), ([[226, 692], [422, 692], [422, 742], [226, 742]], '"올 패피제', 0.019363761872213236), ([[568.168139040221, 596.0247358757125], [744.9575525469687, 684.9106300451147], [689.831860959779, 791.9752641242875], [512.0424474530313, 703.0893699548853]], '이소?', 0.01071836825750268)]
[([[796, 58], [962, 58], [962, 107], [796, 107]], '어? 예디3', 0.14364947963824945), ([[814, 94], [992, 94], [992, 144], [814, 144]], '렉어죄?', 0.003441727254539728), ([[743, 89], [1013, 89], [1013, 223], [743, 223]], '올대뷰', 0.04585638142252994), ([[752, 198], [1006, 198], [1006, 252], [752, 252]], '밀철 지롭-', 0.03353341100651108), ([[732, 240], [1028, 240], [1028, 288], [732, 288]], '공통히활 귀예사', 0.014563546955945082), ([[718, 274], [1038, 274], [1038, 328], [718, 328]], '때 @ 태다 찢어잡', 0.007988918418201232), ([[863, 335], [891, 335], [891, 353], [863, 353]], '9', 0.03232956853309177), ([[298.06547682257246, 290.0506073111344], [724.4441485268227, 237.18430513490114], [740.9345231774275, 554.9493926888656], [314.55585147317726, 607.8156948650989]], '씨', 0.052992125805612966), ([[19.96045745887999, 484.21019580262396], [243.04818702200993, 465.7420296367012], [244.03954254112, 551.789804197376], [20.95181297799006, 570.2579703632988]], '가@@', 0.21917473524587194), ([[-2.2651349466027817, 553.259919729608], [285.3661398728728, 530.4963698994069], [285.26513494660276, 615.740080270392], [-3.366139872872793, 638.5036301005931]], '@@@@', 0.9016128182411194), ([[25.710815910886556, 619.2408347811668], [273.9668925380628, 595.3458563478649], [275.28918408911346, 687.7591652188332], [27.033107461937238, 710.6541436521351]], '@@@@', 0.17188864946365356)]
[([[745, 65], [871, 65], [871, 151], [745, 151]], '확통월', 0.04055868568326256), ([[775, 137], [846, 137], [846, 178], [775, 178]], '물어', 0.34713464771787966), ([[732, 164], [890, 164], [890, 212], [732, 212]], '숨실태요', 0.05018956586718559), ([[74, 501], [149, 501], [149, 549], [74, 549]], '이제', 0.847235435900929), ([[141, 467], [401, 467], [401, 555], [141, 555]], '완전 적집문터제 ', 0.0013310117907330418), ([[117, 533], [361, 533], [361, 577], [117, 577]], '떨어질 숲 없어요', 0.5601724053327839), ([[68, 562], [410, 562], [410, 610], [68, 610]], '보지는 향상 헬렁커리고', 0.12098011965421591), ([[19, 629], [127, 629], [127, 671], [19, 671]], '평범한', 0.994169182416211), ([[37, 593], [218, 593], [218, 641], [37, 641]], '가슴도 너무', 0.6053179823404687), ([[118, 594], [438, 594], [438, 674], [118, 674]], '탤탤로"듯씩@올요', 0.0008111439733416118), ([[256, 624], [458, 624], [458, 674], [256, 674]], "'못돌아가요", 0.6655673920872384), ([[627, 621], [775, 621], [775, 659], [627, 659]], '야위플되로', 0.0017226076725782827), ([[1019, 621], [1091, 621], [1091, 665], [1019, 665]], '마음', 0.9903857355701953), ([[662, 650], [744, 650], [744, 682], [662, 682]], '말러제', 0.19028576620513296), ([[1019, 657], [1055, 657], [1055, 697], [1019, 697]], '월', 0.9978672920420308), ([[1052, 620], [1132, 620], [1132, 704], [1052, 704]], '음음', 0.16554918626080403), ([[645, 675], [763, 675], [763, 711], [645, 711]], '@율렉요', 0.023735813796520233), ([[1027, 687], [1121, 687], [1121, 729], [1027, 729]], '레륙}', 0.12375989650501626)]
[([[495, 79], [543, 79], [543, 123], [495, 123]], '제', 0.9945971231538806), ([[621, 77], [727, 77], [727, 121], [621, 121]], '당의', 0.902774455482432), ([[459, 141], [507, 141], [507, 185], [459, 185]], '@', 0.9905283494416359), ([[497, 67], [778, 67], [778, 200], [497, 200]], '공로다 @', 0.022886629397225255), ([[480, 168], [644, 168], [644, 290], [480, 290]], '제;', 0.06370529026405551), ([[557, 237], [633, 237], [633, 281], [557, 281]], '올', 0.05274078140323746), ([[618, 166], [748, 166], [748, 292], [618, 292]], '콤결', 0.014064686847388859), ([[487, 266], [742, 266], [742, 317], [487, 317]], '%사-예주세회', 0.011131511241500788), ([[221, 517], [377, 517], [377, 561], [221, 561]], '@아 빨리_', 0.41335950652763187), ([[159, 545], [442, 545], [442, 596], [159, 596]], '비전한 고기루 명올', 0.22704551858059333), ([[182, 580], [390, 580], [390, 628], [182, 628]], "'취젓어주세요", 0.16948209249853297), ([[1025, 657], [1107, 657], [1107, 695], [1025, 695]], '예 예', 0.4672466255562132), ([[998, 681], [1134, 681], [1134, 755], [998, 755]], '@물대교', 0.005734102334827185), ([[1035, 685], [1127, 685], [1127, 723], [1035, 723]], "'씀어집", 0.025414442643523216), ([[1055, 763], [1077, 763], [1077, 777], [1055, 777]], '9', 0.29022657219320536)]
[([[227, 271], [505, 271], [505, 551], [227, 551]], '셋끼', 0.016406413294553376)]
[([[375, 77], [543, 77], [543, 141], [375, 141]], '용내%용', 0.024365095421671867), ([[402, 116], [515, 116], [515, 167], [402, 167]], '대문원', 0.07731171714660778), ([[390, 146], [533, 146], [533, 201], [390, 201]], '용쁨체', 0.028270014081554877), ([[382, 184], [463, 184], [463, 235], [382, 235]], '데륙', 0.2517075839139046), ([[204, 374], [355, 374], [355, 431], [204, 431]], '죽어트린', 0.007144649047404528), ([[177, 400], [396, 400], [396, 523], [177, 523]], '불-]', 0.002851002042040871), ([[531, 453], [665, 453], [665, 495], [531, 495]], '뜯려 )', 0.07073721289634705), ([[537, 504], [630, 504], [630, 548], [537, 548]], '(아어', 0.032289778392445824), ([[709, 527], [880, 527], [880, 630], [709, 630]], '대용따-', 0.0017371021676808596), ([[412, 601], [532, 601], [532, 653], [412, 653]], '용기다', 0.023182977644056347), ([[683, 597], [908, 597], [908, 661], [683, 661]], '@물록 입소물', 0.019648993944397293), ([[481, 647], [503, 647], [503, 663], [481, 663]], '0', 0.7433949416602026), ([[753, 641], [831, 641], [831, 681], [753, 681]], '페문', 0.006947815072670861), ([[1038, 624], [1176, 624], [1176, 700], [1038, 700]], '넷기@', 0.003526091489224421), ([[408, 704], [519, 704], [519, 757], [408, 757]], '오@용', 0.11779205384613221), ([[418, 672], [533, 672], [533, 723], [418, 723]], '@혼용', 0.4153417848685506), ([[689, 660], [888, 660], [888, 762], [689, 762]], '@불고 ', 0.060103002935647964), ([[1028, 682], [1164, 682], [1164, 758], [1028, 758]], '오쪽온올', 0.008831394836306572), ([[679, 729], [892, 729], [892, 794], [679, 794]], '가빠터0에0', 0.040226601319278986), ([[1014.0895536990885, 126.0835899750777], [1130.8963020975355, 144.98697197982023], [1121.9104463009116, 189.9164100249223], [1005.1036979024644, 171.01302802017977]], '@@양', 0.8429718520978675), ([[456.263428220882, 184.3112561963815], [547.2637720742173, 175.38843960454193], [549.736571779118, 220.6887438036185], [458.73622792578277, 229.61156039545807]], '통어', 0.23612237878428755), ([[787.0925740939716, 181.02747255053214], [914.8881518291496, 266.171630477122], [841.9074259060284, 375.97252744946786], [714.1118481708504, 290.828369522878]], '14', 0.16768877354694378), ([[399.3183180150092, 645.2912904420258], [483.2976794401033, 639.4446230356142], [484.6816819849908, 682.7087095579742], [400.7023205598967, 688.5553769643858]], '@@:', 0.018821087113452435)]
[([[1009, 597], [1095, 597], [1095, 635], [1009, 635]], '@떤', 0.009900062008525409)]
[([[1002, 508], [1090, 508], [1090, 558], [1002, 558]], '예물', 0.032824080842947155), ([[1015, 545], [1079, 545], [1079, 585], [1015, 585]], '제료', 0.04087032088074987)]
[([[176, 152], [406, 152], [406, 206], [176, 206]], '제디 문가요?', 0.020969852809814758), ([[259, 191], [322, 191], [322, 234], [259, 234]], '예3', 0.9394570042043963), ([[157, 247], [179, 247], [179, 263], [157, 263]], '4', 0.0077521373713915764), ([[173, 225], [227, 225], [227, 269], [173, 269]], '여', 0.11495310048264518), ([[306, 222], [424, 222], [424, 272], [306, 272]], '젠부터', 0.07060777600026008), ([[111, 254], [272, 254], [272, 308], [111, 308]], '꽤율움이', 0.02970096841454506), ([[217, 215], [480, 215], [480, 324], [217, 324]], '내다부되오;', 0.0162121209544635), ([[118, 282], [348, 282], [348, 386], [118, 386]], '@륙기교', 0.0050324429757893085), ([[283, 295], [419, 295], [419, 339], [283, 339]], '주입림이', 0.0151700833812356), ([[333, 329], [451, 329], [451, 373], [333, 373]], '숙세요', 0.3859183606110454), ([[106, 362], [474, 362], [474, 414], [106, 414]], '좀 데 웨여원 해주세세요', 0.08536093920043143), ([[738, 446], [776, 446], [776, 478], [738, 478]], '예', 0.9972011388933346), ([[695, 437], [849, 437], [849, 521], [695, 521]], '휴@적 ', 0.019375499337911606), ([[711, 493], [831, 493], [831, 582], [711, 582]], '동다물', 0.024807940733529123), ([[702, 560], [842, 560], [842, 610], [702, 610]], '@집내다', 0.17254085838794708), ([[948, 574], [1054, 574], [1054, 622], [948, 622]], '어리3', 0.13585374502766756), ([[921, 603], [1083, 603], [1083, 711], [921, 711]], '교씬화', 0.0033364563648673406)]
[([[163, 104], [320, 104], [320, 204], [163, 204]], '@주록', 0.03346536901806817), ([[177, 125], [217, 125], [217, 161], [177, 161]], '예', 0.9997178515163831), ([[122, 159], [371, 159], [371, 272], [122, 272]], '목  ;@', 0.03250816898853639), ([[223, 228], [386, 228], [386, 290], [223, 290]], '날어훨요', 0.05210421606898308), ([[119, 245], [307, 245], [307, 331], [119, 331]], '@문잡내대', 0.004327327639120601), ([[293, 273], [349, 273], [349, 311], [293, 311]], '@', 0.9303606472599455), ([[666, 490], [833, 490], [833, 547], [666, 547]], '쥐송하요', 0.0457727424800396), ([[650, 527], [867, 527], [867, 587], [650, 587]], '커주제예', 0.013938039541244507), ([[675, 564], [840, 564], [840, 620], [675, 620]], '입심넷', 0.00730810788167019), ([[933, 599], [983, 599], [983, 639], [933, 639]], '회', 0.8230324533545156), ([[949, 567], [999, 567], [999, 611], [949, 611]], '중요', 0.21173575472041034), ([[971, 557], [1115, 557], [1115, 641], [971, 641]], '{문빛명 ', 0.000533247619213691), ([[698, 608], [824, 608], [824, 656], [698, 656]], '텔불어', 0.02057296306417728), ([[959, 620], [1080, 620], [1080, 670], [959, 670]], "'한>요", 0.0016375862760469317), ([[672, 640], [848, 640], [848, 694], [672, 694]], '제청업움', 0.0177492406219244), ([[699, 683], [819, 683], [819, 727], [699, 727]], '채우예', 0.07214353834306908), ([[681, 711], [852, 711], [852, 774], [681, 774]], '없습내다', 0.18484055995941162)]
[([[512, 114], [602, 114], [602, 162], [512, 162]], '아용', 0.02758643427104875), ([[62, 366], [148, 366], [148, 418], [62, 418]], '@조', 0.017002312939733828), ([[945, 631], [1031, 631], [1031, 675], [945, 675]], '편하', 0.017373035053929186), ([[388.0970112720904, 235.0140618341019], [780.6558262566168, 386.5453819972313], [684.9029887279096, 613.9859381658981], [292.3441737433832, 462.4546180027687]], '{', 0.051466467750928224), ([[114.76915405713896, 628.029150605632], [395.9343464397053, 672.7519081737775], [352.23084594286104, 890.970849394368], [71.06565356029475, 846.2480918262225]], '{ ', 0.008069950878884747)]
[([[760, 202], [840, 202], [840, 294], [760, 294]], '개', 0.08692973406624915), ([[36, 340], [203, 340], [203, 418], [36, 418]], '음교일', 0.04613251625859206), ([[4, 389], [241, 389], [241, 479], [4, 479]], '@이어애', 0.01465361937880516), ([[641, 403], [741, 403], [741, 495], [641, 495]], '74', 0.11869086775321361), ([[0, 440], [233, 440], [233, 530], [0, 530]], '아아어앗', 0.2775496244430542), ([[913.4395045439089, 290.014289060616], [998.1665353900302, 276.215468280739], [1033.560495456091, 507.985710939384], [948.8334646099698, 521.784531719261]], '주', 0.0027371215978160834), ([[734.0549075079291, 441.02793688400175], [862.8996911343938, 457.2868990794574], [835.9450924920709, 641.9720631159983], [707.1003088656062, 624.7131009205426]], '7', 0.03151177629621671)]
[([[947.3671633597229, 322.014310249876], [1127.434799614393, 476.0622139061262], [1048.632836640277, 570.9856897501239], [868.565200385607, 415.9377860938738]], '초"7 :', 0.03317502173496915)]
[([[883, 127], [961, 127], [961, 163], [883, 163]], '@아', 0.03547131757115427), ([[436, 336], [508, 336], [508, 390], [436, 390]], '수월', 0.14164907974871946), ([[862, 436], [936, 436], [936, 512], [862, 512]], '속@', 0.07304961127230014), ([[563, 591], [623, 591], [623, 633], [563, 633]], '7괴', 0.012314431437410837), ([[541.0297768587401, 333.402977685874], [631.6754299926149, 288.25750968694854], [652.9702231412599, 333.597022314126], [562.3245700073851, 377.74249031305146]], '#*?', 0.06156665752244254), ([[813.540235122517, 344.9862116102653], [875.0271885216406, 300.35283197542975], [904.459764877483, 344.0137883897347], [842.9728114783594, 389.64716802457025]], '7', 0.23956224356780442), ([[337.78724294654234, 401.1022238226572], [734.2502645678651, 355.11874288233224], [741.2127570534577, 556.8977761773428], [344.7497354321349, 602.8812571176678]], '(빠중 ', 0.10202594101428986), ([[701.170011659965, 470.67201865594404], [854.1053646561279, 414.60275086093975], [882.829988340035, 505.32798134405596], [729.8946353438721, 561.3972491390602]], '0?_', 0.14944399819022403), ([[890.6301469647385, 556.0097776335579], [942.982352298389, 564.6671037614458], [909.3698530352615, 758.9902223664421], [856.017647701611, 749.3328962385542]], '"', 0.9128313956748322), ([[269.4127797804853, 605.0172562682501], [327.3858129207662, 560.007445352155], [492.5872202195147, 794.9827437317499], [434.6141870792338, 838.992554647845]], "'", 0.06341335643469392), ([[411.11428862648387, 634.0657337974418], [448.53359162784704, 611.0237737681132], [504.88571137351613, 712.9342662025582], [468.46640837215296, 734.9762262318868]], '국', 0.26527146163789794)]
[([[913, 202], [1049, 202], [1049, 247], [913, 247]], '@찌록움', 0.0854174792766571), ([[963, 233], [1023, 233], [1023, 269], [963, 269]], "'인식", 0.030904081194242497), ([[913, 257], [1049, 257], [1049, 299], [913, 299]], '어제가요}', 0.14573613885518386), ([[436, 336], [508, 336], [508, 390], [436, 390]], '수옷', 0.11056636482235079), ([[897, 301], [1065, 301], [1065, 417], [897, 417]], '째주', 0.0439121555740247), ([[417, 429], [576, 429], [576, 503], [417, 503]], '#내다시', 0.3302188217639923), ([[563, 593], [623, 593], [623, 631], [563, 631]], '관시', 0.01230872887591248), ([[544.3576165455737, 329.1430466182295], [633.3218191941496, 293.2629534065817], [650.6423834544263, 336.8569533817705], [562.6781808058504, 372.7370465934183]], '# #?', 0.36762765049934387), ([[810.0297768587401, 347.402977685874], [880.5186650381626, 301.5542377553241], [908.9702231412599, 347.597022314126], [838.4813349618374, 392.4457622446759]], '지', 0.5528364697968904), ([[564.982685472117, 412.0649466825132], [731.8258730008196, 439.3399663331595], [717.017314527883, 505.9350533174868], [551.1741269991804, 477.6600336668405]], '9";\'', 0.11326814442873001), ([[890.67614845191, 559.008746360335], [939.5266678387278, 567.5579461935095], [905.32385154809, 755.991253639665], [856.4733321612722, 746.4420538064905]], "'", 0.057438377333346446), ([[268.4127797804853, 603.0172562682501], [325.3873060808198, 559.0075031148486], [492.5872202195147, 792.9827437317499], [435.6126939191802, 836.9924968851514]], '{', 0.2353572009770346), ([[412.2828546384055, 634.0516970049982], [448.44465968987254, 612.0198114734277], [504.7171453615945, 712.9483029950018], [467.55534031012746, 733.9801885265723]], '#', 0.41520657677915906)]
[([[132, 346], [246, 346], [246, 394], [132, 394]], '제몸올', 0.49376012454879475), ([[436, 336], [508, 336], [508, 390], [436, 390]], '수월', 0.13336098426959586), ([[119, 405], [260, 405], [260, 455], [119, 455]], '때로세요', 0.16813060641288757), ([[173, 379], [243, 379], [243, 415], [173, 415]], '음껏', 0.8834014468529323), ([[955, 291], [1168, 291], [1168, 526], [955, 526]], '매', 0.03548723885949645), ([[977, 407], [1101, 407], [1101, 445], [977, 445]], "헬렁'리", 0.006690328009426594), ([[417, 422], [724, 422], [724, 500], [417, 500]], '#내시;9<"{', 0.011577970760688523), ([[775, 427], [937, 427], [937, 515], [775, 515]], "2  속8'", 0.2644931393259743), ([[977, 491], [1139, 491], [1139, 535], [977, 535]], '가출이$', 0.04623664543032646), ([[565, 593], [625, 593], [625, 633], [565, 633]], '7리', 0.19412657380717777), ([[543.0846084768857, 327.55922593382], [634.9972800718872, 292.52543275535015], [651.9153915231143, 341.44077406618], [560.0027199281128, 376.47456724464985]], '#유!', 0.011392885198824363), ([[142.2172729245717, 377.1039098209152], [207.9275294209997, 390.34458296544784], [200.7827270754283, 419.8960901790848], [135.0724705790003, 406.65541703455216]], '아음', 0.8917252103965767), ([[890.6281851971722, 557.009881706838], [945.0411689751942, 566.695137490451], [911.3718148028278, 758.990118293162], [856.9588310248058, 749.304862509549]], '"', 0.4407066480888524), ([[267.40931719245566, 604.0174605525011], [324.3888108345484, 560.0075615521066], [492.59068280754434, 792.9825394474989], [435.6111891654516, 836.9924384478934]], '{', 0.1613285492922154), ([[412.2828546384055, 634.0516970049982], [448.44465968987254, 612.0198114734277], [504.7171453615945, 712.9483029950018], [467.55534031012746, 733.9801885265723]], '#', 0.2966347473626598)]
[([[95, 191], [207, 191], [207, 303], [95, 303]], '민@', 0.001785320922041673), ([[255, 189], [323, 189], [323, 285], [255, 285]], '0', 0.5220520232459336), ([[305, 225], [341, 225], [341, 269], [305, 269]], '7', 0.38627567911519023), ([[614, 226], [704, 226], [704, 300], [614, 300]], '(많', 0.0015032460258119652), ([[79, 333], [217, 333], [217, 417], [79, 417]], "@출'", 0.054585770832671805), ([[436, 336], [508, 336], [508, 392], [436, 392]], '수표', 0.18285354359555692), ([[85, 399], [205, 399], [205, 441], [85, 441]], '필위없', 0.6301302110760376), ([[111, 429], [179, 429], [179, 467], [111, 467]], '예요', 0.5414994935331596), ([[417, 428], [574, 428], [574, 503], [417, 503]], '#내시', 0.4750417678937642), ([[773, 417], [1077, 417], [1077, 527], [773, 527]], '2 속|{맵', 0.004535400257432241), ([[563, 591], [623, 591], [623, 633], [563, 633]], '7리', 0.053587791626558155), ([[541.8550424457247, 327.91302546743486], [633.8998050146238, 291.44022798290143], [652.1449575542753, 340.08697453256514], [561.1001949853762, 376.55977201709857]], '#표!', 0.17551777773381036), ([[564.982685472117, 412.0649466825132], [731.8353803725092, 440.3854367717254], [717.017314527883, 505.9350533174868], [551.1646196274908, 477.6145632282746]], '9"; .', 0.0783463060909623), ([[433.80595537174804, 520.0595537174802], [588.8723695981432, 541.9214589377094], [571.194044628252, 643.9404462825198], [415.1276304018568, 623.0785410622906]], '|@', 0.08333109317291112), ([[242.16794970566215, 616.0230947019188], [328.4931543125765, 554.0081088976744], [505.8320502943378, 825.9769052980812], [419.5068456874235, 887.9918911023256]], '꿀', 0.006418422442717786), ([[412.2161622789965, 638.0618223576777], [446.4567972389943, 615.0209100949625], [506.7838377210035, 710.9381776423223], [472.5432027610057, 733.9790899050375]], '#', 0.6812159813254972)]
[([[883, 181], [957, 181], [957, 223], [883, 223]], '이용', 0.41047326508433934), ([[939, 143], [1094, 143], [1094, 231], [939, 231]], '콤록 -제', 0.003061961464075638), ([[587, 305], [639, 305], [639, 349], [587, 349]], '{ ,', 0.05160360038280487), ([[854, 198], [1096, 198], [1096, 368], [854, 368]], '대입', 0.007402852216347485), ([[1034, 244], [1082, 244], [1082, 320], [1034, 320]], '@', 0.15781449756218624), ([[781, 447], [823, 447], [823, 497], [781, 497]], '그', 0.5001117625727183), ([[862, 438], [936, 438], [936, 512], [862, 512]], "'", 0.3170038598642009), ([[563, 589], [623, 589], [623, 633], [563, 633]], '무리', 0.054335431244599386), ([[120.02324637398688, 138.01835354805107], [258.51577150243475, 19.00511627728879], [590.9767536260131, 455.9816464519489], [451.48422849756525, 574.9948837227112]], '#', 0.2720675632309053), ([[566.043064939372, 408.05743899678816], [730.853665352632, 439.47686490130775], [714.956935060628, 506.94256100321184], [550.146334647368, 474.52313509869225]], '9";\'', 0.042446035891771317), ([[579.3630702447015, 473.0510355171494], [632.8771421252026, 515.016247520471], [611.6369297552985, 542.9489644828506], [558.1228578747974, 499.983752479529]], '09', 0.2453022382419841), ([[889.6320881681406, 555.0096751946725], [942.92413248142, 563.6400118529116], [910.3679118318594, 758.9903248053275], [857.07586751858, 750.3599881470884]], '~', 0.07651268922622823), ([[266.40931719245566, 604.0174605525011], [324.3858129207662, 559.007445352155], [492.59068280754434, 792.9825394474989], [434.6141870792338, 837.992554647845]], '{', 0.35960796068014034), ([[411.26190718873653, 634.0547781645348], [447.44863352448107, 612.0201678782602], [504.73809281126347, 710.9452218354652], [468.55136647551893, 732.9798321217398]], '#', 0.30980207202082966)]
