701047
26
[([[39, 587], [935, 587], [935, 727], [39, 727]], '움8-( - 3늘 |7"7+\'1', 0.016523811171340507)]
[([[53, 241], [757, 241], [757, 303], [53, 303]], '내일은 여동생의 18살 생일입니다', 0.9277805816254644), ([[51, 315], [555, 315], [555, 377], [51, 377]], '18살은 이제 어른이기에', 0.9347171807558601), ([[52, 389], [445, 389], [445, 455], [52, 455]], '이제 필요없습니다', 0.991127357069423), ([[49, 465], [251, 465], [251, 527], [49, 527]], '폐기한다', 0.956011950969696), ([[9, 863], [203, 863], [203, 947], [9, 947]], '드개}', 0.010022390785758374)]
[([[9, 863], [203, 863], [203, 947], [9, 947]], "':}}", 0.013849790208041668)]
[([[9, 863], [203, 863], [203, 947], [9, 947]], "':}} {", 0.0487225509670638)]
[([[9, 863], [203, 863], [203, 949], [9, 949]], '"=:{;=', 0.06875105310551649)]
[([[9, 863], [203, 863], [203, 947], [9, 947]], "':;{나", 0.0042605271284621)]
[([[9, 863], [203, 863], [203, 949], [9, 949]], '"=:;;=', 0.010193906001445123)]
[([[9, 863], [203, 863], [203, 949], [9, 949]], '"=:;;=', 0.010193906001445123)]
[([[9, 863], [203, 863], [203, 949], [9, 949]], '"=:;#', 0.015420202877656244)]
[([[9, 863], [203, 863], [203, 949], [9, 949]], '"=:;', 0.048922330141067505)]
[([[7, 863], [201, 863], [201, 947], [7, 947]], '2?: ;', 0.023133893997665435)]
[([[7, 863], [201, 863], [201, 947], [7, 947]], '2?: #', 0.009847017590557606)]
[([[9, 863], [205, 863], [205, 949], [9, 949]], '=?:캐}', 0.03975536801558922)]
[([[7, 863], [207, 863], [207, 949], [7, 949]], '=:국 {', 0.21720630873005004)]
[([[9, 863], [203, 863], [203, 949], [9, 949]], '"=:3=', 0.08233406486509355)]
[([[9, 863], [203, 863], [203, 947], [9, 947]], "'내}", 0.07187641224385569)]
[([[9, 863], [201, 863], [201, 947], [9, 947]], ':나', 0.7584847883455078)]
[([[9, 863], [205, 863], [205, 947], [9, 947]], ':나!', 0.051358820338116576)]
[([[9, 863], [205, 863], [205, 949], [9, 949]], '"=:}', 0.05811203643679619)]
[([[9, 863], [203, 863], [203, 949], [9, 949]], '"=:9', 0.057478584349155426)]
[([[129, 341], [833, 341], [833, 643], [129, 643]], '둘_륭다', 0.006510070059448481), ([[539, 617], [595, 617], [595, 659], [539, 659]], '간', 0.9998161877230274), ([[7, 863], [203, 863], [203, 949], [7, 949]], '":드9', 0.028007585555315018)]
[([[9, 863], [203, 863], [203, 949], [9, 949]], '"7:9', 0.027846816927194595)]
[([[10, 868], [202, 868], [202, 944], [10, 944]], '{;다;', 0.07804729044437408)]
[([[228, 73], [499, 73], [499, 152], [228, 152]], '18살 생일', 0.8013839023115464), ([[237, 173], [412, 173], [412, 251], [237, 251]], '축하해', 0.9998680626530922), ([[300, 450], [372, 450], [372, 506], [300, 506]], '트', 0.023840700882349353), ([[111, 873], [201, 873], [201, 935], [111, 935]], '대 !', 0.05291243463751002)]
[([[309, 375], [441, 375], [441, 413], [309, 413]], '내 여동생', 0.8587309436016339), ([[309, 413], [415, 413], [415, 451], [309, 451]], '내 일생', 0.9912706826855535), ([[308, 442], [604, 442], [604, 490], [308, 490]], '유일하게 사랑한 사람', 0.5794395439939847), ([[10, 866], [202, 866], [202, 942], [10, 942]], '{}}', 0.6011855007996285)]
[([[256, 144], [545, 144], [545, 208], [256, 208]], '역식자 | +@', 0.0031468068173052853), ([[255, 219], [749, 219], [749, 283], [255, 283]], '오빠가 싸이코패스군요', 0.8708057525190593), ([[255, 293], [609, 293], [609, 359], [255, 359]], '따라하지 맡시다', 0.32721173173271695), ([[250, 367], [477, 367], [477, 427], [250, 427]], '20140514', 0.8989677295679941), ([[438, 510], [462, 510], [462, 534], [438, 534]], '역', 0.999639662784265), ([[478, 510], [524, 510], [524, 540], [478, 540]], '식자', 0.997513315246457), ([[38, 586], [936, 586], [936, 730], [38, 730]], '움8-@ - 3(|7"7+\'1', 0.012518241037121276)]
