707022
19
[([[83, 683], [436, 683], [436, 805], [83, 805]], '쇠페일이', 0.03917524218559265), ([[900, 721], [1249, 721], [1249, 849], [900, 849]], "새 7'", 0.006793680600821972), ([[217, 789], [841, 789], [841, 903], [217, 903]], '여장소타틀 괜다', 0.28847411633739095)]
[([[646, 150], [696, 150], [696, 224], [646, 224]], '2', 0.8836754113074221), ([[33, 703], [191, 703], [191, 765], [33, 765]], '인적에', 0.2713291644968706), ([[147, 691], [669, 691], [669, 828], [147, 828]], '훌국얼뷰적-무로월트', 6.071515924494868e-05), ([[645, 697], [1225, 697], [1225, 772], [645, 772]], '주취간예세 현료음 한다', 0.12371239276219136), ([[33, 753], [144, 753], [144, 820], [33, 820]], '마침', 0.8517632356437657), ([[652, 747], [1028, 747], [1028, 820], [652, 820]], "'말음 된엔보가6", 0.002516273041631487), ([[50, 797], [712, 797], [712, 875], [50, 875]], '기 언니 갑깐 괜찮음끼?', 0.0805465933973346)]
[([[78, 38], [130, 38], [130, 88], [78, 88]], '예', 0.45208576744784423), ([[69, 59], [231, 59], [231, 149], [69, 149]], '쨌음용히0트', 0.005711422653584897), ([[224, 82], [248, 82], [248, 110], [224, 110]], '2', 0.22148563080708428), ([[452, 330], [740, 330], [740, 574], [452, 574]], '의', 0.2057829081131537), ([[452, 830], [827, 830], [827, 898], [452, 898]], '없동이봄 말여위', 0.007713664889870527), ([[847, 829], [1123, 829], [1123, 895], [847, 895]], '턱에 훨신의', 0.3224225919525115), ([[1143, 833], [1273, 833], [1273, 895], [1143, 895]], '입결:', 0.060172555677547646), ([[455, 881], [1081, 881], [1081, 949], [455, 949]], '폐에 흉걸움 취이기 절시컨다', 0.027784309026524533), ([[640.1437765259749, 79.15149934416397], [808.3487220007653, -17.6474880046893], [921.8562234740251, 226.84850065583603], [752.6512779992347, 323.6474880046893]], '굶', 0.006694182600895715), ([[194.9851382226378, 646.1380066267519], [519.6494897790137, 542.775075188672], [583.0148617773622, 820.8619933732481], [258.35051022098634, 924.224924811328]], '사~~', 0.06860338896512985)]
[([[180, 396], [314, 396], [314, 522], [180, 522]], '의', 0.7398692665994986), ([[54, 712], [80, 712], [80, 740], [54, 740]], '0', 0.999998569489037), ([[70, 702], [650, 702], [650, 774], [70, 774]], '안돼 콤임이야 정정신국례"', 0.00037755029272386835), ([[52, 802], [1236, 802], [1236, 874], [52, 874]], '나문 걱정화눈록이 지울_폐현_; 중데해문 테이프록', 0.0018153512744106962), ([[50, 853], [427, 853], [427, 921], [50, 921]], '사용해서 스녀물', 0.23912892672395986), ([[445, 857], [655, 857], [655, 923], [445, 923]], '관3하다', 0.1292172372341156), ([[98.19722812927574, 122.01791009577659], [224.38782927109068, 90.32169089449047], [288.80277187072426, 381.9820899042234], [162.61217072890932, 412.6783091055095]], '지', 0.6036260202656685)]
[([[55, 49], [770, 49], [770, 118], [55, 118]], '_페음 입음 말기롬 @문델-엘', 0.0022346503981992756), ([[791, 53], [1141, 53], [1141, 119], [791, 119]], '비상계단속으콩', 0.034812987604192755), ([[46, 95], [421, 95], [421, 222], [46, 222]], '콤탤싶움질등록', 0.000214915189444754), ([[57, 105], [163, 105], [163, 167], [57, 167]], '음려', 0.453602230094392), ([[423, 103], [929, 103], [929, 165], [423, 165]], '방견 편러례 해주없다', 0.05014384158174032), ([[272, 152], [651, 152], [651, 217], [272, 217]], '대롭해화 팬빛기', 0.002136637425715238), ([[665, 151], [1103, 151], [1103, 219], [665, 219]], '패문에적어적수없다 ', 0.1287274619078747)]
[([[35, 319], [367, 319], [367, 385], [35, 385]], '대엽 경약하다', 0.0433132680987432), ([[33, 373], [407, 373], [407, 437], [33, 437]], '꽂광예터 있울리', 0.012090545222084264), ([[427, 373], [653, 373], [653, 435], [427, 435]], '언는 것위', 0.571324812206961), ([[671, 375], [835, 375], [835, 435], [671, 435]], '없없다_', 0.3231876790523529), ([[35, 421], [359, 421], [359, 487], [35, 487]], '엔예진 눈으로', 0.05925930599158967), ([[379, 421], [1195, 421], [1195, 489], [379, 489]], '나물 2다 보 왜습 맨녀포움 근분', 0.0036800517748985075), ([[35, 471], [313, 471], [313, 535], [35, 535]], '매일 현내고', 0.3372837487585282), ([[329, 473], [435, 473], [435, 535], [329, 535]], '잇는', 0.39081274724747267), ([[453, 475], [607, 475], [607, 535], [453, 535]], '나에계', 0.882252992160258), ([[1097, 673], [1207, 673], [1207, 783], [1097, 783]], '1?', 0.43318635177985637)]
[([[31, 75], [385, 75], [385, 139], [31, 139]], '아관쎄훨습내다"', 0.011172174556092925), ([[35, 124], [633, 124], [633, 189], [35, 189]], '나엽 참지못하고 딱딱해진', 0.10378089689609932), ([[649, 123], [979, 123], [979, 191], [649, 191]], '내결 $입하다_', 0.21178368959431992), ([[31, 176], [579, 176], [579, 242], [31, 242]], '긴장해서 균멍음 답단히', 0.1233895389721153), ([[597, 176], [1121, 176], [1121, 241], [597, 241]], '답혀있없제만 문리하게', 0.3345850305975926), ([[35, 227], [139, 227], [139, 289], [35, 289]], '열어', 0.6684645156707014), ([[155, 225], [321, 225], [321, 287], [155, 287]], '젊현다', 0.0966436157788738), ([[33, 277], [411, 277], [411, 341], [33, 341]], '테이프록 마아뭄', 0.13920545738694046), ([[427, 277], [527, 277], [527, 339], [427, 339]], '공의', 0.09517114955352969), ([[547, 275], [921, 275], [921, 341], [547, 341]], '입에세관 테덩이', 0.05549243088595095), ([[33, 324], [296, 324], [296, 390], [33, 390]], '흉려나용다 ', 0.5037956745102397), ([[1020, 480], [1219, 480], [1219, 900], [1020, 900]], '쭉', 0.2196500144524549)]
[([[75, 48], [449, 48], [449, 116], [75, 116]], '마문 솜에륙어온_', 0.07516846006635491), ([[468, 50], [675, 50], [675, 114], [468, 114]], '나에대한', 0.6589624285697937), ([[689, 50], [1185, 50], [1185, 117], [689, 117]], '보상때문이 몸음편다', 0.13704473030406217), ([[73, 97], [995, 97], [995, 166], [73, 166]], '운닷가  넣없다 빼다 넣없다 맺다-넣퓨다', 0.005058491923269424), ([[75, 149], [475, 149], [475, 215], [75, 215]], '문씬요 명의 몸음', 0.025126860584824787), ([[491, 151], [1145, 151], [1145, 217], [491, 217]], '조르자 고기구멍이 좌예{다_', 0.06657815408913807), ([[195, 247], [919, 247], [919, 315], [195, 315]], '@@아아이이@@미쇠터@렉터0', 0.003863895841694218), ([[71, 347], [1069, 347], [1069, 415], [71, 415]], "데욱데 '하제 소르자 데욱강하게 조여용다_", 0.07238020930397297), ([[1061, 383], [1079, 383], [1079, 405], [1061, 405]], '0', 0.999984383644037)]
[([[91, 51], [299, 51], [299, 239], [91, 239]], '퍽', 0.9997720848261906), ([[81, 257], [237, 257], [237, 321], [81, 321]], '모퉁움', 0.13256291516101007), ([[253, 256], [579, 256], [579, 320], [253, 320]], '프교늄 신경관', 0.101459592506804), ([[586, 250], [1233, 250], [1233, 376], [586, 376]], '팩현울 슬찌늄 신경은 들다 .', 0.0027656604917713355), ([[79, 305], [577, 305], [577, 371], [79, 371]], '라뭄 인터넷 폐세품에', 0.010349654893103362), ([[79, 357], [237, 357], [237, 419], [79, 419]], '펴올린', 0.20561100774899344), ([[253, 353], [945, 353], [945, 421], [253, 421]], '대늄 햇럽 예험해보기롭 행다.', 0.010814964312510599), ([[84, 486], [472, 486], [472, 680], [84, 680]], '펴엌', 0.3436467222463559), ([[984, 426], [1180, 426], [1180, 812], [984, 812]], '퍽', 0.9987883663896504), ([[225, 701], [878, 701], [878, 776], [225, 776]], '떠의팬 괴문문증기[기분출영 @0', 0.0007500260332763652), ([[255, 755], [411, 755], [411, 821], [255, 821]], '말학지', 0.12076841771304017), ([[427, 759], [583, 759], [583, 821], [427, 821]], '연이3', 0.11721623094150949), ([[601, 757], [731, 757], [731, 817], [601, 817]], '알아"', 0.9296513666644306), ([[76, 851], [584, 851], [584, 924], [76, 924]], '품멈음 예속 킬문롭다:', 0.043128113325871444), ([[872.9575066173686, 2.0226521994785713], [1250.2509258944945, 86.05067692516849], [1198.0424933826314, 279.97734780052144], [820.7490741055054, 195.9493230748315]], '퍼엌', 0.2543390838457935)]
[([[662, 28], [1243, 28], [1243, 97], [662, 97]], '미레 돕@ @제 합교@"', 0.029064661113546726), ([[13, 679], [615, 679], [615, 745], [13, 745]], '운멍음 플대씩 때문닐마단', 0.010279287204023487), ([[632, 686], [734, 686], [734, 742], [632, 742]], '내결', 0.9045431149853687), ([[15, 731], [641, 731], [641, 797], [15, 797]], '골문자예넷세 -아훌증도없다 _', 0.001965566776952685), ([[11, 781], [120, 781], [120, 846], [11, 846]], '화젠', 0.030593315163160856), ([[185, 783], [687, 783], [687, 845], [185, 845]], '은계엔 경권이 예속되', 0.05872677981597175), ([[729, 783], [881, 783], [881, 843], [729, 843]], '상당히', 0.09602680091872211), ([[899, 783], [1007, 783], [1007, 843], [899, 843]], '내례', 0.22454645519303743), ([[6, 778], [182, 778], [182, 902], [6, 902]], '흙직망', 0.01349129401769188), ([[183, 833], [303, 833], [303, 895], [183, 895]], '돕다.', 0.1545905807129438)]
[([[162, 41], [980, 41], [980, 113], [162, 113]], '@업웅움 폐린면 넷문중음례 뽑다하', 0.003019793478574609), ([[165, 97], [586, 97], [586, 159], [165, 159]], '마음 현제인지310', 0.0016282938434772133), ([[163, 800], [363, 800], [363, 856], [163, 856]], '그런고로', 0.09770993888378143), ([[383, 797], [613, 797], [613, 859], [383, 859]], '안면편켓0', 0.12583987146366268), ([[630, 800], [780, 800], [780, 856], [630, 856]], '오로제', 0.9011851775549011), ([[799, 797], [929, 797], [929, 857], [799, 857]], '편즈0', 0.01386603301209715), ([[163, 845], [587, 845], [587, 911], [163, 911]], '새어내오놈_비딩음', 0.04814995100541453), ([[603, 845], [1027, 845], [1027, 911], [603, 911]], '음고로 멈춘제안눈', 0.23289566623593366), ([[1045, 847], [1249, 847], [1249, 911], [1045, 911]], '8 덧계', 0.22184904586854418)]
[([[179, 27], [335, 27], [335, 89], [179, 89]], '어페람', 0.10050705918362159), ([[351, 27], [531, 27], [531, 89], [351, 89]], '입연0', 0.20434952182007818), ([[179, 75], [993, 75], [993, 141], [179, 141]], '여_이렉화 뒷작해면 퀴여월자 공의', 0.001742015391668269), ([[1013, 73], [1167, 73], [1167, 141], [1013, 141]], '연문이', 0.06906934370818772), ([[179, 127], [333, 127], [333, 189], [179, 189]], '더욱다', 0.5308317542076111), ([[350, 128], [502, 128], [502, 188], [350, 188]], '퀴여원', 0.08724102016151873), ([[525, 129], [737, 129], [737, 191], [525, 191]], '려습내다', 0.13206568360328674), ([[102, 574], [312, 574], [312, 698], [102, 698]], '하아', 0.9999608879486127), ([[927, 551], [1039, 551], [1039, 667], [927, 667]], '하', 0.9996061712902247), ([[177, 773], [507, 773], [507, 842], [177, 842]], '손문수 홍무늄', 0.019676206182366963), ([[525, 773], [1079, 773], [1079, 841], [525, 841]], '코피가 메우   세시합니다', 0.2218469221301194), ([[179, 823], [483, 823], [483, 891], [179, 891]], '@젠 봄잡야', 0.017491908715740398), ([[169.25146056613784, 256.02336905820533], [263.2952321395894, 246.7950465923754], [279.74853943386216, 439.97663094179467], [185.70476786041058, 449.2049534076246]], '항', 0.06805656722805509), ([[1046.2135642147755, 398.0238095437945], [1144.587711220066, 380.50486781977025], [1177.7864357852245, 588.9761904562055], [1079.412288779934, 607.4951321802297]], '하', 0.21357238232376208)]
[([[59, 39], [1149, 39], [1149, 107], [59, 107]], '속웬현예웬현해웬협해위현해웬현해웬현에웬협해진', 0.00011336452420357652), ([[58, 86], [1224, 86], [1224, 160], [58, 160]], '렌문움 닭안 다늄 정말 위험하해렉명_멈춘된안@', 0.00032170308129758336), ([[63, 143], [387, 143], [387, 205], [63, 205]], '왜동이 쏟이-', 0.01337072934229365), ([[405, 143], [609, 143], [609, 205], [405, 205]], '나오습계', 0.12002238631248474), ([[625, 137], [1028, 137], [1028, 206], [625, 206]], '야필교 한 된로움', 0.012464167521357886), ([[65, 195], [167, 195], [167, 257], [65, 257]], '$.', 0.005945438860934252), ([[185, 193], [365, 193], [365, 255], [185, 255]], '닮{다0', 0.0039464207366108894)]
[([[439, 51], [647, 51], [647, 115], [439, 115]], '죄고조예', 0.079550601541996), ([[649, 40], [1239, 40], [1239, 174], [649, 174]], '입름형령 움-마어-오눈', 0.0011203757626314314), ([[640, 100], [801, 100], [801, 169], [640, 169]], '깜퓨이', 0.018072008812099152), ([[882, 101], [1067, 101], [1067, 170], [882, 170]], '된최다', 0.06154044785136934), ([[84, 196], [984, 196], [984, 269], [84, 269]], '@@하@@@@@@@@에@@@이미((/ ', 0.000553196845008325), ([[427, 292], [656, 292], [656, 426], [427, 426]], '@사물령', 0.016412608325481415), ([[666, 306], [814, 306], [814, 362], [666, 362]], '상태로', 0.6180444955825806), ([[832, 298], [1236, 298], [1236, 370], [832, 370]], '@앉권 정말최교0', 0.030001504558373644), ([[613, 353], [841, 353], [841, 415], [613, 415]], '정말최고 (', 0.8036862364759201)]
[([[103, 732], [903, 732], [903, 797], [103, 797]], '따프나면 주방언에고금께남자제만', 0.0015075889856172187), ([[104, 780], [608, 780], [608, 849], [104, 849]], '맵 근렇제양음_예진다_', 0.02543187316941145), ([[100, 826], [747, 826], [747, 901], [100, 901]], '대련현화데_패끗히례 해주제', 0.004918550485723174), ([[764, 831], [1097, 831], [1097, 899], [764, 899]], '양의면 양되다_', 0.17299817312086732), ([[1091, 865], [1107, 865], [1107, 887], [1091, 887]], '0', 0.9878759561161274), ([[104, 888], [206, 888], [206, 942], [104, 942]], '그게', 0.9830188392367327), ([[227, 883], [427, 883], [427, 947], [227, 947]], '1대예익', 0.06448932737112045), ([[443, 885], [609, 885], [609, 947], [443, 947]], '예의다_', 0.46949726339253944)]
[([[122, 180], [909, 180], [909, 246], [122, 246]], '단산음와-랜계(엔혼스)가_결립히', 0.0020111356249148697), ([[935, 181], [1085, 181], [1085, 243], [935, 243]], '반응해', 0.999750442853396), ([[125, 233], [395, 233], [395, 293], [125, 293]], '망가진? 백위', 0.11171631696585255), ([[419, 229], [621, 229], [621, 293], [419, 293]], '입과-갈은', 0.8175130807115467), ([[636, 234], [788, 234], [788, 288], [636, 288]], '기세로', 0.6767834299062919), ([[809, 231], [959, 231], [959, 293], [809, 293]], '거품의', 0.19394515490828623), ([[982, 234], [1136, 234], [1136, 290], [982, 290]], '파도가', 0.9998446624281975), ([[123, 283], [335, 283], [335, 343], [123, 343]], '사정권다', 0.3004532754421234), ([[123, 330], [1017, 330], [1017, 395], [123, 395]], '내_청액으로 뒤럽혀진   장내가 씻볕진대_', 0.06801727473341235), ([[123, 381], [545, 381], [545, 445], [123, 445]], '안쪽-지 깨끗하게', 0.1708468309633177), ([[565, 383], [691, 383], [691, 443], [565, 443]], '말야', 0.8723894455699538)]
[([[771, 95], [969, 95], [969, 155], [771, 155]], '으으은|', 0.07780753821134567), ([[771, 143], [919, 143], [919, 205], [771, 205]], '으응| ', 0.08495844155550003), ([[86, 698], [186, 698], [186, 754], [86, 754]], '나의', 0.8027086980927798), ([[207, 692], [532, 692], [532, 758], [207, 758]], '상당합에 모늄', 0.013883618317409523), ([[549, 697], [699, 697], [699, 759], [549, 759]], '감사의', 0.9267105747801009), ([[718, 696], [874, 696], [874, 758], [718, 758]], '표정올', 0.8081602785055142), ([[893, 697], [997, 697], [997, 757], [893, 757]], '내계', 0.9258618356991304), ([[1017, 697], [1191, 697], [1191, 759], [1017, 759]], '보데다 .', 0.32998589031672276), ([[85, 745], [555, 745], [555, 807], [85, 807]], '남 정말 현사인가락0', 0.16278299694712067), ([[81, 791], [526, 791], [526, 858], [81, 858]], '그치만 조금 과로원', 0.6108868481031737), ([[551, 794], [953, 794], [953, 859], [551, 859]], '보이눈건-왜일까?', 0.1190081147537441), ([[82, 843], [529, 843], [529, 909], [82, 909]], '잡시동안 지켜볶다 .', 0.23798730080925848)]
[([[35, 101], [239, 101], [239, 257], [35, 257]], '-', 0.09506066236644983), ([[551, 121], [665, 121], [665, 279], [551, 279]], '표', 0.27485259363879777), ([[909, 269], [1043, 269], [1043, 431], [909, 431]], '~', 0.6843889190622718), ([[221, 499], [371, 499], [371, 611], [221, 611]], '주숫', 0.04556690335565515), ([[861, 493], [941, 493], [941, 561], [861, 561]], '>', 0.7104323438347002), ([[898, 526], [996, 526], [996, 636], [898, 636]], "'", 0.15159817768417927), ([[71, 631], [348, 631], [348, 695], [71, 695]], '별안간 말는', 0.07113534400719786), ([[362, 626], [816, 626], [816, 698], [362, 698]], '전신의_음항 젖없다', 0.02303697917837694), ([[65, 682], [620, 682], [620, 747], [65, 747]], '기핏 넣어춘 석운음료가', 0.03054949867941888), ([[67, 729], [453, 729], [453, 801], [67, 801]], '이포전국에_취다_', 0.12185226815822436), ([[71, 783], [451, 783], [451, 845], [71, 845]], '나편 젖어예력다', 0.014825760080861922), ([[475, 779], [765, 779], [765, 845], [475, 845]], '{진판 열반야', 0.15317589483076233), ([[67, 833], [469, 833], [469, 897], [67, 897]], '이제렇어( .이런놈', 0.0754549470322788), ([[487, 831], [918, 831], [918, 898], [487, 898]], '내버려문고_갈거야듣', 0.07733489779183135), ([[565.3434461773846, 319.0154035782934], [674.7229769821156, 333.3228588030412], [644.6565538226154, 559.9845964217066], [534.2770230178844, 545.6771411969588]], '4', 0.5000283059685309), ([[1058.2384334935678, 527.0170669065594], [1177.3697656755282, 600.7356828896757], [1064.7615665064322, 783.9829330934406], [945.6302343244716, 710.2643171103243]], "'", 0.17885680458189146), ([[1134.2282796300356, 633.015678898876], [1264.4194040459934, 718.4128817933007], [1134.7717203699644, 916.984321101124], [1004.5805959540066, 831.5871182066993]], ':', 0.45467038201252663)]
[([[306, 176], [798, 176], [798, 286], [306, 286]], '역식자후기', 0.9913326725838048), ([[404, 278], [606, 278], [606, 382], [404, 382]], '우와', 0.9966682818895282), ([[209, 372], [603, 372], [603, 481], [209, 481]], '남주라해', 0.9967484474182129), ([[211, 462], [603, 462], [603, 577], [211, 577]], '여주라해', 0.9370827674865723), ([[593, 357], [923, 357], [923, 591], [593, 591]], '안하나', 0.3709776454062435), ([[192, 568], [388, 568], [388, 672], [192, 672]], '암튼', 0.3823827885529905), ([[420, 562], [921, 562], [921, 677], [420, 677]], '다른의미로', 0.9999049441439906), ([[308, 662], [804, 662], [804, 774], [308, 774]], '먼달갑이네', 0.5015989714436582), ([[173, 764], [942, 764], [942, 866], [173, 866]], '20140605 |1<;+형', 0.02799020216500793), ([[124, 862], [276, 862], [276, 962], [124, 962]], '시0', 0.10072114827279581), ([[308, 860], [998, 860], [998, 963], [308, 963]], '44 히0 니', 0.019600988674894265)]
