709864
29
[([[49, 347], [277, 347], [277, 667], [49, 667]], '극', 0.13771835725583514), ([[14, 884], [400, 884], [400, 964], [14, 964]], '작-설:떤이_진맣', 1.48961745863474e-05), ([[22, 982], [102, 982], [102, 1012], [22, 1012]], '#봇"#', 0.02635308913886547), ([[142, 986], [368, 986], [368, 1014], [142, 1014]], '[<어응@_01/02/03/04/병054]', 0.018004550914853305), ([[34, 1104], [104, 1104], [104, 1136], [34, 1136]], '5이', 0.03531510410524163), ([[34, 1130], [104, 1130], [104, 1154], [34, 1154]], '40시-', 0.004135412164032459), ([[32, 1152], [102, 1152], [102, 1178], [32, 1178]], '이>', 0.013676132756305167), ([[37.89829784152248, 759.8474467622838], [275.9480441948544, 698.6021484006791], [296.1017021584775, 793.1525532377162], [58.05195580514562, 854.3978515993209]], '[식동라잔{ $', 4.749473883422835e-05)]
[([[331, 287], [395, 287], [395, 349], [331, 349]], '0', 0.4147397537926736), ([[548, 744], [724, 744], [724, 776], [548, 776]], '"-설퓨---어_씀', 4.043411287192805e-05), ([[534, 763], [784, 763], [784, 871], [534, 871]], '}.', 0.005587976293796093), ([[548, 874], [656, 874], [656, 904], [548, 904]], '(어`7설`불-', 9.724622132987645e-05), ([[550, 934], [590, 934], [590, 964], [550, 964]], '시표서', 0.001412934223573706), ([[548, 964], [632, 964], [632, 994], [548, 994]], '-설---4', 0.004891973772766599), ([[548, 994], [618, 994], [618, 1024], [548, 1024]], '네.어-서', 0.0009784797649666757), ([[548, 1024], [630, 1024], [630, 1054], [548, 1054]], '*신-위서', 0.00585322524413121), ([[546, 1084], [606, 1084], [606, 1114], [546, 1114]], '0서', 0.14249740900966218), ([[779, 1121], [811, 1121], [811, 1141], [779, 1141]], '(3', 0.7770492073487432), ([[702, 1126], [856, 1126], [856, 1180], [702, 1180]], '~우니)', 0.010577521286904812), ([[713, 1175], [815, 1175], [815, 1191], [713, 1191]], "'잔민지'익팀 - 푸드다", 0.03992249512144138)]
[([[324, 626], [576, 626], [576, 850], [324, 850]], '6?', 0.05111549888286609), ([[80, 992], [216, 992], [216, 1022], [80, 1022]], '아야 코바야시', 0.9887344794767163), ([[522, 994], [742, 994], [742, 1050], [522, 1050]], "'-- ", 0.0024902592413127422), ([[623, 1045], [783, 1045], [783, 1089], [623, 1089]], '@ 0', 0.08559460485744558), ([[51, 1119], [81, 1119], [81, 1139], [51, 1139]], '(', 0.9817852021004434)]
[([[783, 1115], [811, 1115], [811, 1135], [783, 1135]], '031', 0.9571655032607328), ([[702, 1124], [856, 1124], [856, 1180], [702, 1180]], '~우괴)', 0.0032357836607843637), ([[712, 1171], [815, 1171], [815, 1191], [712, 1191]], "'민지번먹팀 . 쿠드", 0.053861843088168014), ([[545.2281155986319, 603.0599398312445], [662.9984639278707, 638.8760711422842], [649.7718844013681, 676.9400601687555], [532.0015360721293, 642.1239288577158]], '({', 0.1404220701970602)]
[([[100, 990], [170, 990], [170, 1020], [100, 1020]], '제오다', 0.6634160532152696), ([[96, 1016], [182, 1016], [182, 1048], [96, 1048]], '슈바이처', 0.8263364434242249), ([[514, 1012], [734, 1012], [734, 1068], [514, 1068]], '--`어-이', 0.0021929256357380343), ([[562, 1058], [774, 1058], [774, 1109], [562, 1109]], '@이_@2---', 0.0031089021533219356), ([[40, 1118], [72, 1118], [72, 1142], [40, 1142]], '032', 0.8111472886988378)]
[([[74, 442], [226, 442], [226, 466], [74, 466]], '밤엔  부끄럽쟁이?', 0.2959518833310161), ([[784, 1116], [816, 1116], [816, 1140], [784, 1140]], '057', 0.9988849723188357), ([[703, 1126], [856, 1126], [856, 1175], [703, 1175]], '~우6)', 0.023031525313854218), ([[713, 1175], [815, 1175], [815, 1191], [713, 1191]], "'료민지'익팀 - 푸드다", 0.04460278984375004)]
[([[77, 989], [271, 989], [271, 1032], [77, 1032]], '데오나 가슴타입', 0.5770877480957687), ([[521, 991], [741, 991], [741, 1051], [521, 1051]], '--', 0.018087389116214398), ([[583, 1045], [779, 1045], [779, 1089], [583, 1089]], '@ (떼 ]', 0.023556433598865043), ([[367, 1079], [419, 1079], [419, 1097], [367, 1097]], '유요-떠', 0.002308647148311138), ([[53, 1115], [83, 1115], [83, 1135], [53, 1135]], '058', 0.999545696600754)]
[([[787, 1113], [819, 1113], [819, 1133], [787, 1133]], '083', 0.9976189484616881), ([[702, 1124], [856, 1124], [856, 1179], [702, 1179]], '~나투)', 0.0011109481565654278), ([[712, 1171], [815, 1171], [815, 1191], [712, 1191]], "'민지번먹팀 . 쿠드", 0.053861843088168014)]
[([[317, 631], [527, 631], [527, 857], [317, 857]], '5', 0.05987779085092715), ([[63, 997], [233, 997], [233, 1033], [63, 1033]], '구스하 미즈하', 0.9885210127670757), ([[508, 1006], [732, 1006], [732, 1062], [508, 1062]], "':-떤", 0.004457725211977959), ([[545, 1059], [771, 1059], [771, 1103], [545, 1103]], '@08_;물:이', 0.0007761064451509758), ([[31, 1119], [61, 1119], [61, 1139], [31, 1139]], '081', 0.999897450686526)]
[([[793, 1115], [823, 1115], [823, 1135], [793, 1135]], '109', 0.9493376958399403), ([[702, 1124], [856, 1124], [856, 1180], [702, 1180]], '~리6)', 0.0023615972604602575), ([[713, 1175], [815, 1175], [815, 1191], [713, 1191]], "'자민지'익팀 - 푸드다", 0.030388003882269574)]
[([[12, 744], [46, 744], [46, 768], [12, 768]], '110', 0.9908365028411659), ([[467, 973], [765, 973], [765, 1058], [467, 1058]], '[-물어어이립)', 8.314603008836434e-05), ([[468, 1057], [732, 1057], [732, 1136], [468, 1136]], '@밟-쪽', 0.0001703630987321958), ([[702, 1124], [856, 1124], [856, 1180], [702, 1180]], '주교+)', 0.003785378998145461), ([[713, 1175], [815, 1175], [815, 1191], [713, 1191]], "'잔민지'익팀 - 푸드다", 0.03992249512144138)]
[([[106, 112], [130, 112], [130, 174], [106, 174]], '뿐', 0.0835623150564766), ([[146, 55], [200, 55], [200, 228], [146, 228]], '#', 0.47667784465660645), ([[632, 146], [658, 146], [658, 198], [632, 198]], '밭', 0.19802032542603243), ([[660, 130], [688, 130], [688, 236], [660, 236]], '흙', 0.07115186215300184), ([[712, 38], [740, 38], [740, 262], [712, 262]], '{', 0.08817426557749286), ([[742, 74], [766, 74], [766, 174], [742, 174]], '물', 0.2565727483529123), ([[106, 174], [130, 174], [130, 254], [106, 254]], '지', 0.008079088903659104), ([[376, 198], [430, 198], [430, 254], [376, 254]], "'", 0.0047987261584086505), ([[630, 202], [660, 202], [660, 284], [630, 284]], '파', 0.04647192944677059), ([[742, 174], [766, 174], [766, 254], [742, 254]], '춤', 0.09670924134613657), ([[107, 255], [127, 255], [127, 315], [107, 315]], '푹', 0.6962564802910407), ([[406, 250], [430, 250], [430, 320], [406, 320]], '옆', 0.2768432811538766), ([[658, 235], [688, 235], [688, 318], [658, 318]], '출', 0.13497086230531696), ([[714, 264], [738, 264], [738, 316], [714, 316]], ':', 0.015318730362014199), ([[376, 254], [430, 254], [430, 396], [376, 396]], '#', 0.16299526990874202), ([[490, 284], [588, 284], [588, 410], [490, 410]], '{', 0.002968074604035531), ([[490, 384], [588, 384], [588, 490], [490, 490]], ';기', 0.05157788673926349), ([[501, 473], [519, 473], [519, 515], [501, 515]], '날', 0.3393736567950647), ([[633, 583], [653, 583], [653, 613], [633, 613]], '볼', 0.9945890388667635), ([[130, 614], [156, 614], [156, 710], [130, 710]], '축', 0.14733737408747416), ([[656, 620], [680, 620], [680, 644], [656, 644]], '2', 0.9999519592333037), ([[661, 645], [681, 645], [681, 675], [661, 675]], '류', 0.8479141884546983), ([[724, 564], [756, 564], [756, 684], [724, 684]], '출', 0.11999252135797533), ([[132, 714], [158, 714], [158, 764], [132, 764]], '말', 0.14279728638218003), ([[623, 614], [659, 614], [659, 745], [623, 745]], '국', 0.0707058297374239), ([[90, 776], [118, 776], [118, 892], [90, 892]], '물', 0.06772176489281279), ([[783, 1131], [819, 1131], [819, 1175], [783, 1175]], '6', 0.9266801061928085), ([[785, 1175], [815, 1175], [815, 1189], [785, 1189]], '무드', 0.4612434328130571), ([[558.526087639618, 354.0569593224337], [578.6700193353096, 352.1155706194417], [581.473912360382, 398.9430406775663], [561.3299806646904, 400.8844293805583]], '어', 0.9574717151699339)]
[([[746, 42], [770, 42], [770, 92], [746, 92]], '실', 0.9308161528973393), ([[747, 93], [767, 93], [767, 145], [747, 145]], '휴', 0.03355826056333222), ([[160, 134], [188, 134], [188, 214], [160, 214]], '철', 0.08071934431086447), ([[747, 151], [767, 151], [767, 201], [747, 201]], '올', 0.05053428544989913), ([[160, 234], [186, 234], [186, 312], [160, 312]], '염', 0.003980833721882127), ([[443, 351], [463, 351], [463, 451], [443, 451]], '푹', 0.011666458174506511), ([[440, 474], [464, 474], [464, 518], [440, 518]], '딱', 0.08410177556021381), ([[408, 636], [432, 636], [432, 686], [408, 686]], '심', 0.3096792671386517), ([[411, 685], [431, 685], [431, 711], [411, 711]], '요', 0.994744904956324), ([[337, 673], [399, 673], [399, 857], [337, 857]], '#', 0.11604952382605749), ([[190, 896], [214, 896], [214, 972], [190, 972]], '럭', 0.008659842210262392), ([[741, 879], [801, 879], [801, 977], [741, 977]], '실:', 0.06885667197054578), ([[151, 967], [217, 967], [217, 1043], [151, 1043]], '흙 급', 0.017782362177968025), ([[691, 943], [805, 943], [805, 1085], [691, 1085]], ';78', 0.0014473093160419417), ([[668, 994], [696, 994], [696, 1096], [668, 1096]], '흙', 0.011992658123932076), ([[744, 1038], [768, 1038], [768, 1068], [744, 1068]], '수', 0.9999806881883302), ([[24, 1118], [58, 1118], [58, 1142], [24, 1142]], '112', 0.9999938745316418), ([[698, 1126], [820, 1126], [820, 1178], [698, 1178]], ',밀+', 0.006069145775155197), ([[713, 1175], [807, 1175], [807, 1191], [713, 1191]], "'민지'익팀 - 푸의", 0.11044795213985316), ([[615.4781819497144, 1003.0692732139435], [655.0, 1023.0], [644.5218180502856, 1043.9307267860565], [605.0, 1023.0]], '다', 0.07868658372488202)]
[([[735, 57], [751, 57], [751, 83], [735, 83]], '흥', 0.44211722222485506), ([[439, 69], [459, 69], [459, 97], [439, 97]], '부', 0.999975800660625), ([[436, 116], [462, 116], [462, 218], [436, 218]], '불', 0.006744037251849022), ([[728, 110], [754, 110], [754, 182], [728, 182]], '흙', 0.5865633009782165), ([[382, 218], [408, 218], [408, 290], [382, 290]], '값', 0.24411449385299822), ([[439, 241], [457, 241], [457, 267], [439, 267]], '요', 0.9105096397932222), ([[532, 152], [556, 152], [556, 342], [532, 342]], '7', 0.003759310869324628), ([[559, 191], [579, 191], [579, 277], [559, 277]], '급', 0.03198426665993659), ([[730, 186], [754, 186], [754, 258], [730, 258]], '물', 0.042266314649115566), ([[559, 279], [579, 279], [579, 321], [559, 321]], '화', 0.8292416553152613), ([[108, 406], [136, 406], [136, 484], [108, 484]], '꿀', 0.4666429348228043), ([[60, 456], [138, 456], [138, 564], [60, 564]], '늙 #', 0.07799338710352499), ([[137, 392], [163, 392], [163, 594], [137, 594]], '7', 0.004334166661355221), ([[64, 530], [90, 530], [90, 644], [64, 644]], '#', 0.016937922305665376), ([[469, 543], [487, 543], [487, 595], [469, 595]], '꿀', 0.019601335333679026), ([[471, 597], [487, 597], [487, 661], [471, 661]], '불', 0.5297635691211475), ([[352, 702], [384, 702], [384, 734], [352, 734]], '앗', 0.5081860189193463), ([[122, 738], [164, 738], [164, 880], [122, 880]], '하', 0.06145760619489238), ([[702, 838], [726, 838], [726, 872], [702, 872]], '응', 0.9970407952972806), ([[14, 824], [68, 824], [68, 964], [14, 964]], '양', 0.026501651587992114), ([[700, 866], [730, 866], [730, 904], [700, 904]], '화', 0.30660015881677793), ([[24, 972], [56, 972], [56, 1006], [24, 1006]], '0', 0.9608973093875193), ([[787, 1113], [817, 1113], [817, 1133], [787, 1133]], '113', 0.9261275663965992), ([[783, 1175], [815, 1175], [815, 1189], [783, 1189]], '푸드다', 0.378302867730347), ([[778.3941368172834, 1125.2188925422204], [854.7204289485126, 1119.2962788250134], [856.6058631827166, 1172.7811074577796], [780.2795710514874, 1177.7037211749866]], '6)', 0.052078718273363606)]
[([[133, 87], [157, 87], [157, 107], [133, 107]], '이', 0.996380748793456), ([[706, 142], [732, 142], [732, 192], [706, 192]], '아', 0.9000746866250076), ([[132, 114], [162, 114], [162, 354], [132, 354]], "'", 0.03508815489681183), ([[560, 310], [592, 310], [592, 484], [560, 484]], '}', 0.01990703303152963), ([[116, 536], [142, 536], [142, 562], [116, 562]], '앗', 0.21391651061560513), ([[488, 616], [520, 616], [520, 656], [488, 656]], '시', 0.9999198929617705), ([[84, 714], [108, 714], [108, 764], [84, 764]], '북', 0.4097992093962013), ([[120, 700], [146, 700], [146, 774], [120, 774]], '꿈', 0.7835391942826533), ([[388, 638], [534, 638], [534, 864], [388, 864]], '79', 0.0014330468461141708), ([[711, 655], [775, 655], [775, 769], [711, 769]], '양', 0.9937471452011017), ([[82, 788], [108, 788], [108, 840], [82, 840]], '뭐', 0.18658878642839571), ([[87, 863], [105, 863], [105, 887], [87, 887]], '요', 0.9871920638674716), ([[331, 921], [347, 921], [347, 965], [331, 965]], '부', 0.37623526203611846), ([[516, 880], [590, 880], [590, 988], [516, 988]], '물현', 0.177349805973776), ([[590, 852], [616, 852], [616, 1006], [590, 1006]], '}', 0.028139282928382414), ([[327, 965], [347, 965], [347, 1007], [327, 1007]], '저', 0.3835222378970151), ([[349, 951], [369, 951], [369, 1037], [349, 1037]], '파', 0.0026799695294954518), ([[257, 1027], [277, 1027], [277, 1085], [257, 1085]], '약', 0.1908963668100263), ([[279, 987], [299, 987], [299, 1081], [279, 1081]], '북', 0.20885849508205467), ([[329, 1009], [349, 1009], [349, 1065], [329, 1065]], '약', 0.9521949026107599), ([[520, 990], [552, 990], [552, 1108], [520, 1108]], '춤', 0.13452626611896168), ([[39, 1117], [69, 1117], [69, 1137], [39, 1137]], '114', 0.9867487322729096), ([[279, 1085], [297, 1085], [297, 1141], [279, 1141]], '음', 0.16965997635055885), ([[701, 1121], [857, 1121], [857, 1181], [701, 1181]], ',+)', 0.09724846723763146), ([[713, 1175], [815, 1175], [815, 1191], [713, 1191]], "'녹민지'익팀 - 푸드다", 0.044550506068778514)]
[([[728, 130], [754, 130], [754, 202], [728, 202]], '국', 0.6505166947221177), ([[694, 148], [718, 148], [718, 264], [694, 264]], '#', 0.34881281175092127), ([[294, 266], [318, 266], [318, 394], [294, 394]], '7', 0.013979811092013128), ([[272, 1022], [378, 1022], [378, 1096], [272, 1096]], '', 0.0), ([[795, 1111], [825, 1111], [825, 1131], [795, 1131]], '115', 0.9995591167712993), ([[707, 1133], [743, 1133], [743, 1171], [707, 1171]], '그', 0.287618588832661), ([[735, 1121], [859, 1121], [859, 1183], [735, 1183]], '나다)', 0.13935212844691958), ([[703.9422240359654, 744.0803822352741], [758.2680368629482, 772.3904677449203], [682.0577759640346, 914.9196177647259], [627.7319631370518, 886.6095322550797]], '헌', 0.055428184039612916), ([[628.6027686249904, 877.1408641590439], [681.275873011718, 905.399438733782], [598.3972313750096, 1052.859135840956], [545.724126988282, 1023.600561266218]], '하', 0.8196743252227776)]
[([[155, 135], [175, 135], [175, 157], [155, 157]], '만', 0.999900581923626), ([[155, 159], [175, 159], [175, 219], [155, 219]], '활', 0.5080447904347807), ([[575, 169], [593, 169], [593, 207], [575, 207]], '굽', 0.5066109300998143), ([[652, 54], [718, 54], [718, 232], [652, 232]], '7', 0.04105868070711782), ([[155, 217], [175, 217], [175, 257], [155, 257]], '#', 0.027620259684015602), ([[515, 223], [601, 223], [601, 359], [515, 359]], '7', 0.012072902245323702), ([[82, 650], [106, 650], [106, 698], [82, 698]], '군', 0.1912823519999165), ([[217, 683], [281, 683], [281, 795], [217, 795]], '{#', 0.009322622330389252), ([[283, 659], [343, 659], [343, 789], [283, 789]], '색', 0.14635747786283648), ([[679, 691], [763, 691], [763, 801], [679, 801]], '%척', 0.05939285050241611), ([[250, 762], [276, 762], [276, 814], [250, 814]], '차', 0.999535137807527), ([[150, 938], [176, 938], [176, 1014], [150, 1014]], '육', 0.351908831582989), ([[200, 878], [226, 878], [226, 928], [200, 928]], '내', 0.19642876908712026), ([[727, 867], [789, 867], [789, 1001], [727, 1001]], '#', 0.022639890114967365), ([[788, 840], [814, 840], [814, 1070], [788, 1070]], "'", 0.02781517405771461), ([[200, 932], [226, 932], [226, 1058], [200, 1058]], '#', 0.10186233482733087), ([[655, 937], [693, 937], [693, 1061], [655, 1061]], '#', 0.1283748112781815), ([[760, 960], [784, 960], [784, 1034], [760, 1034]], '술', 0.14671266378081782), ([[150, 1016], [176, 1016], [176, 1094], [150, 1094]], '북', 0.13351762928845634), ([[317, 1069], [341, 1069], [341, 1089], [317, 1089]], '아', 0.9996205928256394), ([[317, 1093], [341, 1093], [341, 1113], [317, 1113]], '아', 0.9995702966823252), ([[32, 1110], [64, 1110], [64, 1134], [32, 1134]], '116', 0.99994555921585), ([[729, 1175], [765, 1175], [765, 1187], [729, 1187]], '1* 뇌뇌', 0.07711754718968819)]
[([[214, 52], [242, 52], [242, 150], [214, 150]], '흙', 0.10870568175413187), ([[138, 100], [166, 100], [166, 310], [138, 310]], "'", 0.013548336388172544), ([[170, 138], [196, 138], [196, 242], [170, 242]], '#', 0.007928771080117691), ([[173, 241], [191, 241], [191, 289], [173, 289]], '올', 0.2783819394394982), ([[214, 152], [242, 152], [242, 252], [214, 252]], '숲', 0.18737994638109345), ([[191, 555], [211, 555], [211, 609], [191, 609]], '꼴', 0.8003990177044784), ([[562, 558], [588, 558], [588, 632], [562, 632]], '품', 0.15397130200981568), ([[632, 490], [656, 490], [656, 590], [632, 590]], '축', 0.10268020469954653), ([[111, 619], [131, 619], [131, 681], [111, 681]], '영', 0.020466043864154848), ([[191, 611], [211, 611], [211, 667], [191, 667]], '값', 0.015603758168495574), ([[529, 571], [593, 571], [593, 715], [529, 715]], '벼', 0.010022967218932755), ([[632, 598], [658, 598], [658, 742], [632, 742]], '{', 0.13290593339854073), ([[109, 683], [129, 683], [129, 751], [109, 751]], '척', 0.10791626568619961), ([[191, 673], [211, 673], [211, 727], [191, 727]], '꿈', 0.0348494517111817), ([[532, 676], [560, 676], [560, 772], [532, 772]], '즉', 0.041696179285311), ([[108, 754], [132, 754], [132, 820], [108, 820]], '표', 0.2754327477602061), ([[191, 731], [211, 731], [211, 805], [191, 805]], '꿀', 0.054685781754849394), ([[266, 652], [458, 652], [458, 866], [266, 866]], '돌', 0.6074767033475759), ([[569, 715], [585, 715], [585, 789], [569, 789]], '울', 0.05951083641306898), ([[167, 913], [187, 913], [187, 991], [167, 991]], '출', 0.6168014371984363), ([[728, 954], [758, 954], [758, 988], [728, 988]], '하', 0.9990192673334128), ([[82, 956], [114, 956], [114, 1050], [82, 1050]], '꼴', 0.4497781452960794), ([[124, 982], [148, 982], [148, 1010], [124, 1010]], '뭐', 0.497531877120127), ([[240, 926], [447, 926], [447, 1153], [240, 1153]], '죽', 0.09411434052957279), ([[634, 942], [690, 942], [690, 1132], [634, 1132]], '아', 0.021171747277387576), ([[793, 1115], [823, 1115], [823, 1135], [793, 1135]], '117', 0.9998751515592318), ([[705, 1131], [775, 1131], [775, 1175], [705, 1175]], '~우', 0.016830239464000703), ([[713, 1175], [775, 1175], [775, 1189], [713, 1189]], "'자민지번덕튼", 0.022728976495152625), ([[783, 1175], [815, 1175], [815, 1189], [783, 1189]], '푸드', 0.218081825726454), ([[778.2599556283028, 1127.2578535733992], [854.7204289485126, 1120.2962788250134], [856.7400443716972, 1171.7421464266008], [780.2795710514874, 1178.7037211749866]], '0)', 0.1226515737324913)]
[([[753, 31], [837, 31], [837, 257], [753, 257]], '하', 0.5886507966243961), ([[122, 506], [170, 506], [170, 610], [122, 610]], '까', 0.02868730589449342), ([[298, 566], [376, 566], [376, 720], [298, 720]], '휴', 0.08437235581112734), ([[431, 387], [499, 387], [499, 693], [431, 693]], '#', 0.3520626583441846), ([[763, 901], [779, 901], [779, 927], [763, 927]], '후', 0.9999855757279796), ([[759, 925], [781, 925], [781, 945], [759, 945]], '아', 0.9990180758255782), ([[130, 960], [178, 960], [178, 1008], [130, 1008]], '싸', 0.8917029325326133), ([[38, 1112], [70, 1112], [70, 1136], [38, 1136]], '118', 0.9999431503407694), ([[81, 980], [125, 980], [125, 1161], [81, 1161]], '#', 0.07780755249486848), ([[740, 1136], [772, 1136], [772, 1174], [740, 1174]], '의', 0.19212521573386798), ([[723, 1175], [777, 1175], [777, 1189], [723, 1189]], "51 ' 리타", 0.030080515580723305)]
[([[112, 54], [138, 54], [138, 82], [112, 82]], '앗', 0.23423136136376232), ([[95, 97], [119, 97], [119, 115], [95, 115]], '아', 0.9986331368470616), ([[248, 93], [274, 93], [274, 174], [248, 174]], '척', 0.07800839248518177), ([[210, 146], [242, 146], [242, 248], [210, 248]], '"', 0.03885639854745748), ([[170, 168], [246, 168], [246, 350], [170, 350]], '#', 0.17508905251660511), ([[639, 477], [661, 477], [661, 497], [639, 497]], '0', 0.5923573484863665), ([[721, 467], [741, 467], [741, 495], [721, 495]], '피', 0.9722103427977267), ([[683, 497], [715, 497], [715, 574], [683, 574]], '퍽', 0.0652325101317821), ([[637, 505], [673, 505], [673, 685], [637, 685]], '}', 0.024119096299330067), ([[725, 905], [769, 905], [769, 953], [725, 953]], '잇', 0.2757231793795576), ([[692, 958], [746, 958], [746, 1016], [692, 1016]], '(값', 0.11749379939348542), ([[54, 982], [80, 982], [80, 1060], [54, 1060]], '품', 0.02613632625319462), ([[437, 1085], [453, 1085], [453, 1111], [437, 1111]], '좀', 0.9956220725491995), ([[433, 1109], [453, 1109], [453, 1131], [433, 1131]], '더', 0.9999692442397787), ([[789, 1115], [819, 1115], [819, 1135], [789, 1135]], '119', 0.39302356735634675), ([[702, 1126], [856, 1126], [856, 1179], [702, 1179]], '~6-)', 0.005308716092258692), ([[711, 1170], [766, 1170], [766, 1191], [711, 1191]], '불민지나', 0.003651668317615986), ([[785, 1175], [815, 1175], [815, 1189], [785, 1189]], '무드', 0.4962505778094399)]
[([[761, 49], [783, 49], [783, 69], [761, 69]], '이', 0.9994057108034582), ([[345, 95], [367, 95], [367, 111], [345, 111]], '아', 0.7903176061943249), ([[670, 63], [794, 63], [794, 276], [670, 276]], '해', 0.0014087260973758564), ([[83, 209], [143, 209], [143, 335], [83, 335]], '꼴', 0.009980257072955079), ([[697, 237], [723, 237], [723, 298], [697, 298]], '출', 0.3207325896506177), ([[111, 501], [161, 501], [161, 543], [111, 543]], '아', 0.9839757511240919), ([[506, 464], [530, 464], [530, 520], [506, 520]], '움', 0.4574784260290734), ([[547, 400], [571, 400], [571, 534], [547, 534]], '#', 0.36872907845122427), ([[173, 565], [221, 565], [221, 605], [173, 605]], '아', 0.9996781608174956), ([[551, 535], [571, 535], [571, 609], [551, 609]], '탑', 0.14821294531298523), ([[504, 544], [534, 544], [534, 674], [504, 674]], '"', 0.11772240321903382), ([[770, 740], [796, 740], [796, 812], [770, 812]], '양', 0.2699871682668942), ([[663, 833], [683, 833], [683, 867], [663, 867]], '단', 0.008831027577152817), ([[660, 892], [684, 892], [684, 992], [660, 992]], '꿀', 0.053382773356447366), ([[551, 1017], [587, 1017], [587, 1079], [551, 1079]], '하', 0.9866830596904244), ([[662, 996], [686, 996], [686, 1094], [662, 1094]], '물', 0.07144287461874033), ([[557, 1075], [577, 1075], [577, 1109], [557, 1109]], '응', 0.9987877707044959), ([[663, 1093], [685, 1093], [685, 1113], [663, 1113]], '9', 0.3518309055204014), ([[36, 1114], [70, 1114], [70, 1138], [36, 1138]], '120', 0.9997450058214684), ([[704, 1130], [818, 1130], [818, 1174], [704, 1174]], '~우분', 0.0028830744986135656), ([[713, 1175], [777, 1175], [777, 1191], [713, 1191]], "'러민사년 릭팀", 0.010291148483889173), ([[793, 1175], [815, 1175], [815, 1187], [793, 1187]], '느', 0.10025429637952143), ([[149.2172729245717, 391.05127422674474], [276.9753592388062, 428.4567855237449], [259.78272707542834, 478.94872577325526], [133.02464076119378, 441.5432144762551]], '아  하', 0.5394128004079611)]
[([[710, 0], [740, 0], [740, 122], [710, 122]], '#', 0.5820519620891709), ([[382, 126], [408, 126], [408, 188], [382, 188]], '일', 0.14515458258473757), ([[649, 101], [669, 101], [669, 159], [649, 159]], '젊', 0.09301289726523976), ([[380, 192], [412, 192], [412, 228], [380, 228]], '남', 0.9283979941315579), ([[649, 177], [669, 177], [669, 235], [649, 235]], '꿀', 0.03533352105194254), ([[711, 149], [739, 149], [739, 224], [711, 224]], '해', 0.10475771587697214), ([[520, 412], [568, 412], [568, 538], [520, 538]], '#', 0.18647852927466602), ([[102, 444], [158, 444], [158, 638], [102, 638]], '하', 0.45640756444585406), ([[545, 531], [565, 531], [565, 571], [545, 571]], '업', 0.036832633338326426), ([[716, 570], [746, 570], [746, 726], [716, 726]], '}', 0.13691292731283866), ([[619, 767], [635, 767], [635, 815], [619, 815]], '터', 0.022757241461079936), ([[617, 831], [635, 831], [635, 897], [617, 897]], '륙', 0.06230874856776958), ([[64, 936], [112, 936], [112, 1022], [64, 1022]], '양', 0.7473210651608362), ([[227, 947], [247, 947], [247, 985], [227, 985]], '대', 0.9740242615163339), ([[194, 975], [220, 975], [220, 1052], [194, 1052]], '곁', 0.5371066239040942), ([[199, 1049], [219, 1049], [219, 1107], [199, 1107]], '답', 0.021231601365131247), ([[789, 1109], [819, 1109], [819, 1129], [789, 1129]], '121', 0.9998591154996159), ([[706, 1124], [856, 1124], [856, 1176], [706, 1176]], '커)', 0.033089906777371725), ([[713, 1175], [777, 1175], [777, 1191], [713, 1191]], "''민지}릭팀", 0.028429699721198295), ([[785, 1175], [815, 1175], [815, 1191], [785, 1191]], '푸드', 0.64064161070394)]
[([[33, 391], [63, 391], [63, 411], [33, 411]], '122', 0.9999922227208102), ([[665, 188], [776, 188], [776, 583], [665, 583]], '아', 0.016813321949360693), ([[702, 1124], [856, 1124], [856, 1180], [702, 1180]], '~나의)', 0.0026675222907215357), ([[713, 1175], [815, 1175], [815, 1191], [713, 1191]], '국민자버의럽_무다', 0.01174795366063383), ([[566.6996582123637, 838.0771289838556], [633.6001974527982, 788.0163866137935], [735.3003417876363, 943.9228710161444], [668.3998025472018, 992.9836133862065]], '독', 0.08522325829557165)]
[([[512, 64], [536, 64], [536, 122], [512, 122]], '푹', 0.055482574613102464), ([[453, 85], [539, 85], [539, 209], [453, 209]], '7 ?', 0.06285696396050369), ([[93, 209], [113, 209], [113, 273], [93, 273]], '응', 0.7513906171954012), ([[458, 194], [484, 194], [484, 292], [458, 292]], '%', 0.0032092083257110465), ([[510, 222], [536, 222], [536, 260], [510, 260]], '약', 0.9993025089034404), ([[39, 331], [107, 331], [107, 515], [39, 515]], '#', 0.9162297683633689), ([[106, 320], [132, 320], [132, 526], [106, 526]], "'", 0.014604775752023125), ([[715, 433], [731, 433], [731, 469], [715, 469]], '우', 0.7803747494677715), ([[42, 486], [66, 486], [66, 546], [42, 546]], '올', 0.006378523134996039), ([[43, 559], [63, 559], [63, 583], [43, 583]], '걸', 0.4518813199183569), ([[747, 609], [763, 609], [763, 645], [747, 645]], '우', 0.7803747494677715), ([[743, 643], [763, 643], [763, 681], [743, 681]], '학', 0.9135491903200545), ([[462, 676], [488, 676], [488, 752], [462, 752]], '울', 0.17511586485488806), ([[740, 682], [764, 682], [764, 740], [740, 740]], '김', 0.13814391146121352), ([[399, 743], [443, 743], [443, 845], [399, 845]], '국', 0.02439066862707784), ([[678, 678], [710, 678], [710, 830], [678, 830]], '날', 0.009016385010407968), ([[743, 741], [763, 741], [763, 779], [743, 779]], '수', 0.02371826244886055), ([[743, 783], [763, 783], [763, 839], [743, 839]], '줄', 0.773978753743009), ([[66, 998], [94, 998], [94, 1026], [66, 1026]], '하', 0.9996825708562405), ([[69, 1025], [93, 1025], [93, 1045], [69, 1045]], '아', 0.9975928266716529), ([[604, 1018], [630, 1018], [630, 1050], [604, 1050]], '움', 0.06348701513960364), ([[598, 1058], [634, 1058], [634, 1088], [598, 1088]], '12', 0.9302630378639608), ([[702, 1126], [821, 1126], [821, 1180], [702, 1180]], '[름', 0.005003988214075752), ([[713, 1175], [815, 1175], [815, 1191], [713, 1191]], "'료민지'익팀 - 푸드", 0.03971520756404282)]
[([[208, 100], [232, 100], [232, 172], [208, 172]], '굶', 0.1297399091457727), ([[528, 146], [552, 146], [552, 220], [528, 220]], '국', 0.885150980418544), ([[206, 204], [232, 204], [232, 284], [206, 284]], '뭐', 0.023348320795779642), ([[528, 222], [554, 222], [554, 322], [528, 322]], '넓', 0.004009376603493431), ([[735, 305], [761, 305], [761, 475], [735, 475]], "'", 0.032781580110299524), ([[557, 531], [577, 531], [577, 629], [557, 629]], "'", 0.009030306260683574), ([[557, 631], [577, 631], [577, 703], [557, 703]], '협', 0.04516292142175282), ([[639, 929], [655, 929], [655, 967], [639, 967]], '출', 0.05654694169985319), ([[687, 901], [747, 901], [747, 1027], [687, 1027]], '9', 0.05762190063712169), ([[122, 963], [154, 963], [154, 1040], [122, 1040]], '깊', 0.053998741245360415), ([[196, 930], [222, 930], [222, 1112], [196, 1112]], "'", 0.020066661964279753), ([[633, 965], [659, 965], [659, 1046], [633, 1046]], '철', 0.38827297562966123), ([[718, 988], [744, 988], [744, 1062], [718, 1062]], '삶', 0.7963313185598544), ([[93, 1031], [153, 1031], [153, 1135], [93, 1135]], '월춤', 0.06728300850296197), ([[637, 1045], [657, 1045], [657, 1121], [637, 1121]], '푹', 0.057970392484838706), ([[49, 1115], [79, 1115], [79, 1135], [49, 1135]], '121', 0.6391629114398527), ([[126, 1094], [152, 1094], [152, 1170], [126, 1170]], '딸', 0.1642967836787088), ([[776, 1120], [859, 1120], [859, 1177], [776, 1177]], '6', 0.24740979955056108), ([[723, 1175], [765, 1175], [765, 1187], [723, 1187]], '" + 덕', 0.05785187426826076), ([[783, 1175], [815, 1175], [815, 1189], [783, 1189]], '푸드다', 0.33964714460218925), ([[383.05364683002267, 663.6482821470204], [432.83747827614434, 618.0439563766288], [489.94635316997733, 683.3517178529796], [440.16252172385566, 728.9560436233712]], '콩', 0.02632207340136916)]
[([[177, 97], [239, 97], [239, 269], [177, 269]], '#', 0.1144432333309533), ([[252, 76], [318, 76], [318, 281], [252, 281]], '7', 0.15620731452742476), ([[734, 54], [760, 54], [760, 202], [734, 202]], '#', 0.19482119261347552), ([[210, 228], [234, 228], [234, 278], [210, 278]], '침', 0.47580721603765497), ([[396, 214], [452, 214], [452, 292], [396, 292]], '앞견', 0.06730753956714296), ([[115, 275], [135, 275], [135, 351], [115, 351]], '곁', 0.1904121056880479), ([[210, 278], [236, 278], [236, 330], [210, 330]], '닭', 0.7124483581633321), ([[393, 267], [455, 267], [455, 373], [393, 373]], '#출', 0.08876431309890634), ([[745, 397], [759, 397], [759, 419], [745, 419]], '흥', 0.5624434068133191), ([[741, 437], [761, 437], [761, 477], [741, 477]], '터', 0.03594422952413745), ([[147, 485], [163, 485], [163, 523], [147, 523]], '질', 0.8783361495454898), ([[646, 470], [674, 470], [674, 546], [646, 546]], '#', 0.13504624499135165), ([[145, 601], [165, 601], [165, 639], [145, 639]], '표', 0.9457907328410897), ([[147, 525], [163, 525], [163, 599], [147, 599]], '?', 0.023922380239677077), ([[642, 545], [675, 545], [675, 654], [642, 654]], '움', 0.03254907918333405), ([[672, 431], [702, 431], [702, 708], [672, 708]], "'", 0.17304730401854673), ([[737, 496], [761, 496], [761, 616], [737, 616]], '#', 0.2138542394666878), ([[145, 643], [165, 643], [165, 699], [145, 699]], '자', 0.02129641069689847), ([[483, 871], [503, 871], [503, 927], [483, 927]], '퍽', 0.0800188228371903), ([[483, 929], [503, 929], [503, 967], [483, 967]], '딸', 0.9333846386218738), ([[690, 828], [716, 828], [716, 942], [690, 942]], ';', 0.0017833035837533512), ([[716, 834], [742, 834], [742, 1022], [716, 1022]], '7', 0.00998435573179024), ([[79, 918], [122, 918], [122, 1111], [79, 1111]], '7', 0.13391171615820952), ([[480, 970], [504, 970], [504, 1030], [480, 1030]], '값', 0.1381295119411483), ([[481, 1029], [501, 1029], [501, 1067], [481, 1067]], '입', 0.09688832553269666), ([[610, 878], [658, 878], [658, 1076], [610, 1076]], '{', 0.06886474057508085), ([[690, 968], [714, 968], [714, 1032], [690, 1032]], '앞', 0.32909860225780463), ([[787, 1127], [817, 1127], [817, 1147], [787, 1147]], '125', 0.9992629151338845), ([[711, 1139], [815, 1139], [815, 1175], [711, 1175]], '"이)', 0.008932973875035099), ([[615, 1153], [673, 1153], [673, 1189], [615, 1189]], '밑-', 0.007145351962949831), ([[713, 1175], [815, 1175], [815, 1191], [713, 1191]], "'잔민지'익팀 - 푸드다", 0.03992249512144138)]
[([[352, 813], [509, 813], [509, 853], [352, 853]], '"옛제이$', 8.111514337067716e-05), ([[353, 853], [465, 853], [465, 897], [353, 897]], '씨청-^', 0.02364681206933815), ([[358, 924], [412, 924], [412, 954], [358, 954]], '표치료', 0.0334400311873535), ([[424, 924], [504, 924], [504, 950], [424, 950]], '2008 08 17', 0.6917502691875502), ([[358, 954], [520, 954], [520, 984], [358, 984]], '표;- ?-5-저긋-7', 0.00018909802505291345), ([[358, 984], [398, 984], [398, 1014], [358, 1014]], '출출', 0.3313627722396236), ([[420, 982], [492, 982], [492, 1014], [420, 1014]], '스#홀늄', 0.036368053406476974), ([[358, 1012], [516, 1012], [516, 1044], [358, 1044]], '테템해   #)커지*', 0.02240200521835926), ([[377, 1057], [512, 1057], [512, 1082], [377, 1082]], '"02.`@영피`00 (0 ]명', 5.144879034163111e-06), ([[43, 1119], [73, 1119], [73, 1139], [43, 1139]], '126', 0.9993964934590427), ([[701, 1121], [857, 1121], [857, 1181], [701, 1181]], '~나+)', 0.0027487631887197495), ([[713, 1175], [815, 1175], [815, 1191], [713, 1191]], "'잔민지'익팀 - 푸드다", 0.03992249512144138)]
[([[32, 148], [666, 148], [666, 695], [32, 695]], '{때', 0.02422154098915006), ([[99, 681], [149, 681], [149, 721], [99, 721]], '', 0.0), ([[100, 718], [136, 718], [136, 744], [100, 744]], '- ', 0.32391882874545813), ([[224, 682], [276, 682], [276, 772], [224, 772]], '품', 0.2259768256107444), ([[482, 708], [530, 708], [530, 770], [482, 770]], '지', 0.24138211953874134), ([[655, 731], [745, 731], [745, 769], [655, 769]], '시.이', 0.004440975780337701), ([[687, 715], [715, 715], [715, 733], [687, 733]], '[05', 0.03748677677662725), ([[675, 773], [707, 773], [707, 789], [675, 789]], '여어어빚', 0.000339214428095147), ([[143, 815], [203, 815], [203, 831], [143, 831]], ':-', 0.009383098412981466), ([[273, 815], [333, 815], [333, 829], [273, 829]], '7설쪽3-이', 0.0011700809376806343), ([[533, 811], [591, 811], [591, 827], [533, 827]], '---', 0.0021785341045822684), ([[562, 826], [588, 826], [588, 834], [562, 834]], '한흩버[다', 7.083933127267812e-05), ([[189, 829], [215, 829], [215, 841], [189, 841]], '0', 0.057159508568943806), ([[307, 829], [345, 829], [345, 841], [307, 841]], '029씨', 0.043944962322711945), ([[99, 855], [179, 855], [179, 869], [99, 869]], '표어]처_이1 "]', 0.0008643899125209189), ([[229, 853], [335, 853], [335, 867], [229, 867]], '여령어리_02 "진태시', 9.325506500811151e-05), ([[357, 851], [471, 851], [471, 867], [357, 867]], '여~끓리_03 대무디신-다', 1.3614527700348452e-05), ([[487, 851], [579, 851], [579, 867], [487, 867]], '여어_처_045*너)', 0.00023855947720405517), ([[98, 866], [146, 866], [146, 896], [98, 896]], '^들4', 0.00995738531184151), ([[226, 864], [316, 864], [316, 894], [226, 894]], '-:-촬^', 0.0017326683644150527), ([[354, 864], [444, 864], [444, 894], [354, 894]], '[-꼴^', 0.028949066996574402), ([[484, 862], [586, 862], [586, 892], [484, 892]], '쪽신-신-4', 0.0008740340447788016), ([[79, 887], [775, 887], [775, 1021], [79, 1021]], "'투어험-이_;[", 6.5391698098896405e-06), ([[479.4529980377477, 570.6794970566216], [679.0347144205967, 519.0465670257024], [696.5470019622522, 602.3205029433784], [496.9652855794032, 653.9534329742976]], '묘절표무5;;', 0.00014163171533897574), ([[598.2802656784306, 598.3885579247043], [719.1442137924676, 548.5273658525256], [730.7197343215694, 584.6114420752957], [609.8557862075324, 634.4726341474744]], '글,]5@,15', 0.015598567214711992)]
[([[361, 39], [523, 39], [523, 106], [361, 106]], '싣나)', 0.003994038605028097), ([[335, 107], [527, 107], [527, 149], [335, 149]], '번역후기페이지', 0.8214038829714889), ([[0, 176], [166, 176], [166, 272], [0, 272]], '역자 리토', 0.9728822764441479), ([[276, 314], [586, 314], [586, 370], [276, 370]], '원피스 찾는중', 0.7216407936090741), ([[58, 384], [278, 384], [278, 606], [58, 606]], '그', 0.9176575745786444), ([[9, 677], [73, 677], [73, 713], [9, 713]], '식자', 0.9998156546617337), ([[149, 813], [741, 813], [741, 857], [149, 857]], '식자질 안할꺼같앗는데 다시하는군요', 0.3419492972421853), ([[193, 857], [689, 857], [689, 901], [193, 901]], '이 시리즈 5개더 해야하는군요', 0.6234823905052419), ([[14, 884], [622, 884], [622, 964], [14, 964]], '[-_) 오랫만입니다 여러분', 0.09072654141014523), ([[263, 943], [637, 943], [637, 987], [263, 987]], '여러분의 [자창] 아이돌', 0.6620218461233806), ([[22, 982], [100, 982], [100, 1012], [22, 1012]], '#통"품', 0.21599842607975006), ([[142, 988], [174, 988], [174, 1012], [142, 1012]], "'[]야", 0.005911801476031542), ([[164, 987], [736, 987], [736, 1031], [164, 1031]], '옷,엿요시다 ,시다바리 시다입니다!', 0.3945575240349819), ([[123, 1028], [781, 1028], [781, 1073], [123, 1073]], '절 아시블분이 몇명이나 있옆련지~그럼!', 0.1482345684192173), ([[251, 1073], [625, 1073], [625, 1117], [251, 1117]], '나머지 5개 하로갈께요', 0.7882064284822097), ([[32, 1104], [102, 1104], [102, 1136], [32, 1136]], '5어', 0.039866195570887275), ([[33, 1133], [101, 1133], [101, 1153], [33, 1153]], '4신-', 0.041979581597984504), ([[381, 1125], [443, 1125], [443, 1163], [381, 1163]], '~5', 0.02980969375703906), ([[442, 1144], [498, 1144], [498, 1152], [442, 1152]], "'  ", 0.045423603869483145), ([[32, 1152], [102, 1152], [102, 1178], [32, 1178]], '어꼴내', 0.024886672428413834), ([[699, 1143], [856, 1143], [856, 1206], [699, 1206]], '싣나+)', 0.009290477260947227), ([[713, 1199], [815, 1199], [815, 1215], [713, 1215]], '축민지번의트 : 두드', 0.19498577261761585), ([[56.143046618229484, 719.3576165455737], [191.57057644204247, 706.9727281910295], [193.85695338177052, 753.6423834544263], [58.42942355795752, 766.0272718089705]], '컨확컨;천#', 5.228251087147517e-05), ([[40.0127388858555, 756.8292994374676], [236.23609989259916, 714.3284342056952], [248.9872611141445, 798.1707005625324], [52.76390010740085, 840.6715657943048]], '9투4 (', 2.8443202310700875e-05), ([[155.5144372945836, 787.286093236459], [272.1810037524196, 737.5748783273633], [282.48556270541644, 769.713906763541], [164.8189962475804, 819.4251216726367]], "'", 0.538098156205308)]
