711968
34
[([[1936, 484], [2170, 484], [2170, 532], [1936, 532]], '[@-,-)', 0.05467478772475791), ([[1912, 526], [2188, 526], [2188, 554], [1912, 554]], '오창명각-밥5하어 썹@보]| ', 1.5914124589599425e-07), ([[403, 698], [946, 698], [946, 838], [403, 838]], '.3', 0.014325256292711796), ([[571, 821], [972, 821], [972, 921], [571, 921]], "'88 80@홍어", 0.000986803674490162), ([[1739, 1293], [2231, 1293], [2231, 1453], [1739, 1453]], '"; 7', 0.13562503457069397), ([[33, 1528], [266, 1528], [266, 1573], [33, 1573]], '오`@창:', 0.009163588105170215)]
[([[185, 577], [273, 577], [273, 667], [185, 667]], '@8', 0.36320505651017126), ([[335, 652], [790, 652], [790, 828], [335, 828]], '`내3', 0.0025676586048159096), ([[437, 811], [871, 811], [871, 927], [437, 927]], '@-83003', 0.0017600942068280864)]
[([[138, 120], [284, 120], [284, 152], [138, 152]], '~~~라는길', 0.2408081505021782), ([[156, 148], [270, 148], [270, 180], [156, 180]], '또하려고', 0.9988804459571838), ([[144, 176], [284, 176], [284, 208], [144, 208]], '생각하논데', 0.7916685476291214), ([[170, 202], [254, 202], [254, 234], [170, 234]], '마을의', 0.9984771844258032), ([[155, 227], [269, 227], [269, 263], [155, 263]], '남자들올', 0.9787612557411194), ([[150, 256], [278, 256], [278, 288], [150, 288]], '모아줄래?', 0.9044402190461505), ([[1092, 260], [1112, 260], [1112, 350], [1092, 350]], "'", 0.37919237112185855), ([[906, 514], [938, 514], [938, 544], [906, 544]], '하', 0.5797824000897123), ([[906, 542], [938, 542], [938, 570], [906, 570]], '아', 0.5326902365675643), ([[435, 541], [593, 541], [593, 609], [435, 609]], '아아?', 0.9996651713784308), ([[1040, 718], [1072, 718], [1072, 750], [1040, 750]], '하', 0.08091251149977552), ([[761, 855], [862, 855], [862, 924], [761, 924]], '0용', 0.011471491978348947), ([[708, 950], [772, 950], [772, 1006], [708, 1006]], "'65", 0.3028778038379391), ([[951, 978], [1077, 978], [1077, 1064], [951, 1064]], '(최분대', 0.0012787261512130499), ([[140, 1023], [458, 1023], [458, 1114], [140, 1114]], '@찌물비묘물', 0.0013640172741030566), ([[202, 1102], [444, 1102], [444, 1152], [202, 1152]], '6820866혼', 0.030996504006312372), ([[680, 1224], [774, 1224], [774, 1254], [680, 1254]], '뭐 딱히', 0.9975116691956393), ([[654, 1248], [796, 1248], [796, 1284], [654, 1284]], '상관없지만', 0.9999271221620425), ([[331, 1269], [392, 1269], [392, 1308], [331, 1308]], '그럼', 0.9998722131468436), ([[696, 1280], [754, 1280], [754, 1308], [696, 1308]], '나도', 0.9999827198358404), ([[306, 1300], [420, 1300], [420, 1332], [306, 1332]], '결정이네', 0.9964270209088234), ([[655, 1303], [797, 1303], [797, 1339], [655, 1339]], '참가하켓어', 0.9869014154937193), ([[154, 1336], [182, 1336], [182, 1360], [154, 1360]], '7', 0.5522673981629431), ([[659, 1471], [709, 1471], [709, 1507], [659, 1507]], '#생보', 0.22963795986530477), ([[116.6076433315133, 990.4975796624806], [210.67334697001832, 972.2370452968684], [217.3923566684867, 1024.5024203375194], [124.32665302998167, 1041.7629547031315]], '920)', 0.10426406562328339)]
[([[890, 150], [946, 150], [946, 182], [890, 182]], '뭐어', 0.45621821943966506), ([[861, 173], [975, 173], [975, 209], [861, 209]], '이래저래', 0.9989464282989502), ([[86, 464], [162, 464], [162, 496], [86, 496]], '8명의', 0.9980277903027862), ([[69, 489], [183, 489], [183, 525], [69, 525]], '엉덩이엔', 0.9948020577430725), ([[70, 516], [128, 516], [128, 548], [70, 548]], '자신', 0.9999962910793456), ([[110, 511], [191, 511], [191, 579], [110, 579]], '기외하', 0.029782496951049134), ([[124, 518], [154, 518], [154, 550], [124, 550]], '잎', 0.8580758400293043), ([[66, 544], [126, 544], [126, 576], [66, 576]], '언니(', 0.4186509057157206), ([[84, 572], [168, 572], [168, 602], [84, 602]], '모여서', 0.9993802309036255), ([[450, 834], [482, 834], [482, 866], [450, 866]], '유:', 0.5844627829889688), ([[599, 789], [713, 789], [713, 881], [599, 881]], '로', 0.055552795411167644), ([[456, 858], [484, 858], [484, 888], [456, 888]], '@로:', 0.013054833592860422), ([[892, 856], [964, 856], [964, 888], [892, 888]], '제2회', 0.972591604252109), ([[886, 884], [972, 884], [972, 916], [886, 916]], '환상향', 0.9963569921609527), ([[886, 910], [970, 910], [970, 942], [886, 942]], '엉덩이', 0.9993945665007167), ([[900, 936], [958, 936], [958, 968], [900, 968]], '축제', 0.9999710030913613), ([[463, 1245], [575, 1245], [575, 1289], [463, 1289]], '개   막', 0.9343743452120781), ([[181, 1349], [293, 1349], [293, 1475], [181, 1475]], '77', 0.32747202837320594), ([[478, 1416], [538, 1416], [538, 1472], [478, 1472]], ':', 0.574928778006111), ([[84.37209906791931, 809.0395826365625], [235.98975870458077, 857.6801436727833], [220.6279009320807, 897.9604173634375], [70.01024129541925, 848.3198563272167]], '모 퍼(손/', 0.0004702186456621578), ([[334.4227786078027, 1006.5187236332646], [734.3401601876453, 953.247522512548], [741.5772213921973, 1042.4812763667355], [341.6598398123546, 1095.7524774874519]], '가4+ # 놔#+1', 0.02223282837526668)]
[]
[([[595, 824], [736, 824], [736, 933], [595, 933]], '"도', 0.005965077159872031)]
[]
[]
[([[0, 16], [401, 16], [401, 76], [0, 76]], '화미내끗사와 웨이예', 0.018637604429891676), ([[688, 118], [722, 118], [722, 150], [688, 150]], '내', 0.999857192369987), ([[633, 147], [775, 147], [775, 189], [633, 189]], '엉덩이가', 0.9992416501045227), ([[445, 173], [481, 173], [481, 211], [445, 211]], '자', 0.9999552970160188), ([[669, 181], [737, 181], [737, 223], [669, 223]], '제일', 0.9999366117282888), ([[411, 205], [447, 205], [447, 279], [411, 279]], '죽', 0.39024109144931174), ([[446, 208], [478, 208], [478, 244], [446, 244]], '비', 0.9998232204370403), ([[477, 209], [513, 209], [513, 277], [477, 277]], '허', 0.008300350307390014), ([[633, 213], [775, 213], [775, 255], [633, 255]], '기분좋아', 0.9300700426101685), ([[445, 241], [481, 241], [481, 311], [445, 311]], '입', 0.3904640095441927), ([[619, 301], [854, 301], [854, 364], [619, 364]], '화켓매 유화}', 0.04193840347704678), ([[570, 382], [886, 382], [886, 438], [570, 438]], '이짓요이 사선야', 0.08488265665747212), ([[653, 487], [755, 487], [755, 525], [653, 525]], '아가씨', 0.9991342940614818), ([[651, 521], [721, 521], [721, 559], [651, 559]], '에게', 0.31550853876606083), ([[391, 568], [497, 568], [497, 610], [391, 610]], '오늘은', 0.9995723305012678), ([[644, 513], [764, 513], [764, 634], [644, 634]], '탤활륭', 0.0016667218525688273), ([[406, 601], [480, 601], [480, 644], [406, 644]], '잔뜩', 0.996982861861213), ([[457, 637], [495, 637], [495, 675], [457, 675]], '해', 0.9999264492208262), ([[388, 634], [468, 634], [468, 714], [388, 714]], '초대 ', 0.10876407591762263), ([[420, 666], [502, 666], [502, 746], [420, 746]], '고요', 0.09942086103135295), ([[494, 722], [626, 722], [626, 776], [494, 776]], '소약매', 0.29799038874602707), ([[681, 921], [773, 921], [773, 959], [681, 959]], '어때?', 0.8476962447166443), ([[346, 945], [484, 945], [484, 987], [346, 987]], '너희들의', 0.9996747970581055), ([[654, 950], [761, 950], [761, 995], [654, 995]], '우리들', 0.9252407550811768), ([[364, 979], [470, 979], [470, 1019], [364, 1019]], '취향의', 0.9936576767842548), ([[655, 985], [761, 985], [761, 1027], [655, 1027]], '엉덩이', 0.9986562340069837), ([[759, 955], [795, 955], [795, 1027], [759, 1027]], '원', 0.8308029791897162), ([[346, 1011], [486, 1011], [486, 1053], [346, 1053]], '엉덩이틀', 0.6515517234802246), ([[330, 1112], [366, 1112], [366, 1144], [330, 1144]], '하', 0.08583697501904908), ([[789, 1173], [827, 1173], [827, 1215], [789, 1215]], '안', 0.002544461407078105), ([[231, 1235], [267, 1235], [267, 1275], [231, 1275]], '항', 0.20623215660010885), ([[543, 1119], [603, 1119], [603, 1316], [543, 1316]], '@', 0.0373169905106332), ([[395, 1309], [507, 1309], [507, 1381], [395, 1381]], '부벼', 0.01876258177134029), ([[634.9959964937677, 1281.0723758069976], [759.6407830863536, 1299.7864056378821], [747.0040035062323, 1363.9276241930024], [623.3592169136464, 1345.2135943621179]], '소', 0.071744506790683)]
[([[814, 20], [1126, 20], [1126, 76], [814, 76]], '오보염화} 회미켓', 0.01795484370492621), ([[608, 146], [720, 146], [720, 178], [608, 178]], '안 쪽까지', 0.32704728738208766), ([[361, 163], [471, 163], [471, 195], [361, 195]], '당신들의', 0.9997910261154175), ([[607, 169], [721, 169], [721, 205], [607, 205]], '잘화쥐0', 0.2963106334209442), ([[374, 192], [460, 192], [460, 222], [374, 222]], '엉덩이', 0.9829833507537842), ([[374, 216], [460, 216], [460, 248], [374, 248]], '밝힘은', 0.7634276146721547), ([[362, 244], [474, 244], [474, 276], [362, 276]], '어절수가', 0.7842792272567749), ([[376, 270], [460, 270], [460, 302], [376, 302]], '없네9', 0.6779901312630096), ([[17, 300], [453, 300], [453, 361], [17, 361]], '회예이컨 @마켓-나물', 0.031698447386720556), ([[529, 401], [803, 401], [803, 461], [529, 461]], '호고문마 유래', 0.05616847586613857), ([[382, 524], [440, 524], [440, 554], [382, 554]], '어서', 0.9999472325534401), ([[353, 549], [465, 549], [465, 581], [353, 581]], '자유롭게', 0.9942815899848938), ([[354, 576], [466, 576], [466, 608], [354, 608]], '새주세요', 0.944183886051178), ([[638, 588], [666, 588], [666, 620], [638, 620]], '얼', 0.9750812878710349), ([[633, 583], [697, 583], [697, 647], [633, 647]], '얼듯', 0.15384795889525357), ([[609, 637], [723, 637], [723, 673], [609, 673]], '찢러쥐9', 0.12169539928436279), ([[290, 710], [519, 710], [519, 772], [290, 772]], '@가예 이뤄', 0.05563170590257921), ([[1010, 820], [1042, 820], [1042, 848], [1010, 848]], '하', 0.24833572655666192), ([[1010, 848], [1042, 848], [1042, 874], [1010, 874]], '아', 0.3336980586623781), ([[478, 888], [618, 888], [618, 920], [478, 920]], '드서주세요', 0.9998869244615705), ([[362, 952], [392, 952], [392, 980], [362, 980]], '하', 0.7470120389803583), ([[362, 980], [394, 980], [394, 1014], [362, 1014]], '앗', 0.1385894927966982), ([[714, 1098], [746, 1098], [746, 1126], [714, 1126]], '하', 0.8943897326334174), ([[714, 1126], [746, 1126], [746, 1158], [714, 1158]], '앗', 0.24334964431901884), ([[858, 1032], [1054, 1032], [1054, 1242], [858, 1242]], '단', 0.09909973061964195), ([[228, 1216], [258, 1216], [258, 1242], [228, 1242]], '하', 0.6628604675485441), ([[228, 1244], [258, 1244], [258, 1268], [228, 1268]], '아', 0.2449335499277936), ([[382, 1298], [464, 1298], [464, 1376], [382, 1376]], '4', 0.7576687099008836), ([[463, 1343], [483, 1343], [483, 1369], [463, 1369]], '0', 0.9923237622352623), ([[511.4011865535673, 1074.060370353876], [535.8514859755269, 1094.0677834310777], [501.5988134464327, 1133.939629646124], [478.14851402447306, 1112.9322165689223]], '움', 0.48483115827133716), ([[640.2624143155141, 1231.0340746075524], [751.9990678163566, 1291.8778768272311], [716.7375856844859, 1354.9659253924476], [605.0009321836434, 1294.1221231727689]], '하', 0.5296599752080091)]
[([[652, 122], [708, 122], [708, 152], [652, 152]], '뭐어', 0.9325123017086347), ([[623, 147], [735, 147], [735, 179], [623, 179]], '내쪽에서', 0.994210422039032), ([[638, 176], [724, 176], [724, 206], [638, 206]], '받아갈', 0.6972231831081089), ([[624, 199], [738, 199], [738, 235], [624, 235]], '거지만0', 0.8571308851242065), ([[711, 341], [727, 341], [727, 375], [711, 375]], '3', 0.1608872903080263), ([[991, 415], [1053, 415], [1053, 477], [991, 477]], '음게', 0.19898556643104606), ([[760, 474], [880, 474], [880, 576], [760, 576]], '@,', 0.21177146446888534), ([[525, 643], [589, 643], [589, 733], [525, 733]], '축다', 0.002711885377853179), ([[582, 672], [610, 672], [610, 704], [582, 704]], '한', 0.9999038004170338), ([[583, 699], [603, 699], [603, 725], [583, 725]], '0', 0.934675452414524), ([[542, 724], [596, 724], [596, 756], [542, 756]], '09', 0.5795146685640261), ([[125, 821], [193, 821], [193, 883], [125, 883]], '3', 0.30085525934638113), ([[360, 848], [444, 848], [444, 880], [360, 880]], '당신도', 0.9999359237201925), ([[826, 814], [918, 814], [918, 866], [826, 866]], '35', 0.03326630716703935), ([[360, 874], [388, 874], [388, 908], [360, 908]], '질', 0.29789214254947183), ([[383, 871], [445, 871], [445, 933], [383, 933]], '팀쥐', 0.49648504860077375), ([[166, 1092], [392, 1092], [392, 1220], [166, 1220]], '대5*', 0.014025522643608106), ([[859, 1164], [918, 1164], [918, 1201], [859, 1201]], '아하', 0.9942703194332196), ([[627.31030298491, 347.0340601475913], [679.0357174970899, 334.07704620366263], [708.68969701509, 461.9659398524087], [657.9642825029101, 474.92295379633737]], '별', 0.04832470758252416)]
[([[272, 222], [342, 222], [342, 254], [272, 254]], '이화!', 0.30774265991839134), ([[275, 247], [335, 247], [335, 283], [275, 283]], '허락', 0.4687310807470585), ([[263, 275], [349, 275], [349, 311], [263, 311]], '흔들어', 0.999858840202756), ([[295, 305], [315, 305], [315, 331], [295, 331]], '!!', 0.9940255302400207), ([[625, 305], [645, 305], [645, 337], [625, 337]], '응', 0.9852661665800646), ([[44, 387], [131, 387], [131, 440], [44, 440]], '까양', 0.614693047304878), ([[876, 462], [900, 462], [900, 490], [876, 490]], '으', 0.3687080863645775), ([[876, 490], [900, 490], [900, 524], [876, 524]], '응', 0.3757230803032918), ([[220, 574], [288, 574], [288, 604], [220, 604]], '더욱!', 0.9839578054655647), ([[224, 600], [282, 600], [282, 630], [224, 630]], '더욱', 0.9999120828059984), ([[210, 626], [296, 626], [296, 658], [210, 658]], '강하게', 0.9993118454019367), ([[198, 654], [308, 654], [308, 686], [198, 686]], '흔들어쥐', 0.7479124665260315), ([[522, 646], [554, 646], [554, 706], [522, 706]], '%', 0.054666764269335255), ([[41, 683], [101, 683], [101, 721], [41, 721]], '하양', 0.906607067477659), ([[896, 824], [922, 824], [922, 886], [896, 886]], '움', 0.7119271383289885), ([[268, 1000], [334, 1000], [334, 1024], [268, 1024]], '엉덩이', 0.9997793486592725), ([[558, 1000], [582, 1000], [582, 1026], [558, 1026]], '9', 0.34423971692149635), ([[260, 1020], [342, 1020], [342, 1044], [260, 1044]], '때려저서', 0.9984428286552429), ([[258, 1038], [342, 1038], [342, 1064], [258, 1064]], '기뻐하여', 0.9591334462165833), ([[559, 1025], [579, 1025], [579, 1059], [559, 1059]], '흡', 0.3074475596070023), ([[278, 1060], [322, 1060], [322, 1084], [278, 1084]], '허락', 0.7111481050255398), ([[270, 1080], [334, 1080], [334, 1106], [270, 1106]], '흔들고', 0.9977103889242799), ([[278, 1100], [324, 1100], [324, 1126], [278, 1126]], '잇어', 0.3308066637330647), ([[254, 1120], [346, 1120], [346, 1146], [254, 1146]], '이 암돼지', 0.6178952254288032), ([[558, 1110], [634, 1110], [634, 1188], [558, 1188]], '애', 0.10972214777737932), ([[797, 1264], [876, 1264], [876, 1309], [797, 1309]], '0#한', 0.04410888865453145), ([[533, 1289], [589, 1289], [589, 1331], [533, 1331]], '떤', 0.00511289508464291), ([[233, 1407], [295, 1407], [295, 1471], [233, 1471]], '영양', 0.13229272712281812), ([[518.0479255086583, 121.05049978138798], [644.7036708353638, 157.7095603064832], [620.9520744913417, 232.949500218612], [494.2963291646362, 197.2904396935168]], ")';", 0.00021885570961060815), ([[612.1504654174618, 229.07269942127826], [689.8864125479819, 252.94029607393162], [674.8495345825382, 296.9273005787217], [597.1135874520181, 273.0597039260684]], '*시:', 0.002815386072739246), ([[938.9074644389061, 1218.1003079700931], [1022.5183450729082, 1231.644608810344], [1012.0925355610939, 1283.8996920299069], [929.4816549270918, 1271.355391189656]], '(중)', 0.03898786359288381), ([[530.8853729282276, 1230.0893121550114], [617.5543042429833, 1249.5421359088812], [604.1146270717724, 1305.9106878449886], [516.4456957570167, 1287.4578640911188]], '후;', 0.05103588760859524)]
[([[191, 181], [281, 181], [281, 247], [191, 247]], '올륭움', 0.01694045026836817), ([[220, 212], [252, 212], [252, 270], [220, 270]], '경', 0.34466922726382165), ([[960, 270], [1022, 270], [1022, 302], [960, 302]], '정말', 0.9908628305695381), ([[949, 295], [1061, 295], [1061, 331], [949, 331]], '당신들은', 0.9976550936698914), ([[962, 324], [1048, 324], [1048, 356], [962, 356]], '성욕에', 0.6177151020123933), ([[974, 352], [1032, 352], [1032, 382], [974, 382]], '너무', 0.999909638352609), ([[961, 375], [1047, 375], [1047, 411], [961, 411]], '솔직해', 0.9995824472790927), ([[385, 367], [517, 367], [517, 513], [385, 513]], '다)', 0.006182605139078068), ([[506, 550], [538, 550], [538, 580], [506, 580]], '하', 0.765359871694514), ([[506, 578], [536, 578], [536, 604], [506, 604]], '아', 0.32606452925597296), ([[146, 688], [178, 688], [178, 722], [146, 722]], '항', 0.22999424656308864), ([[784, 790], [870, 790], [870, 820], [784, 820]], '그치만', 0.999958842455258), ([[796, 818], [856, 818], [856, 846], [796, 846]], '나도', 0.9999875245556333), ([[784, 844], [868, 844], [868, 874], [784, 874]], '그런게', 0.9866836024768978), ([[796, 870], [858, 870], [858, 900], [796, 900]], '십진', 0.46981603565530616), ([[769, 893], [885, 893], [885, 929], [769, 929]], '않으니까', 0.7984345555305481), ([[251, 1137], [377, 1137], [377, 1177], [251, 1177]], "'더욱 여성", 0.8557883129730807), ([[542, 1178], [626, 1178], [626, 1210], [542, 1210]], '좋아요', 0.9977808449449797), ([[660, 1154], [684, 1154], [684, 1206], [660, 1206]], '유', 0.10127382502435811), ([[958, 1180], [1014, 1180], [1014, 1212], [958, 1212]], '우앗', 0.5455802840597325), ([[254, 1196], [312, 1196], [312, 1226], [254, 1226]], '이게', 0.9935343221456812), ([[542, 1206], [626, 1206], [626, 1238], [542, 1238]], '질안에', 0.9593837109835698), ([[290, 1248], [320, 1248], [320, 1306], [290, 1306]], '한', 0.3094567411952909), ([[312, 1134], [410, 1134], [410, 1334], [312, 1334]], '뺨', 0.11607049978046291), ([[528, 1232], [640, 1232], [640, 1264], [528, 1264]], '싸주세요', 0.9979755878448486), ([[888, 1236], [918, 1236], [918, 1268], [888, 1268]], '죄', 0.9998711389095583), ([[888, 1260], [920, 1260], [920, 1292], [888, 1292]], '해', 0.999940992272176), ([[916, 1234], [946, 1234], [946, 1318], [916, 1318]], '흙', 0.913552266701604), ([[888, 1288], [918, 1288], [918, 1320], [888, 1320]], '벌', 0.999845749128113), ([[874, 1312], [961, 1312], [961, 1349], [874, 1349]], '나와옷', 0.6642710746850582), ([[446, 1402], [514, 1402], [514, 1452], [446, 1452]], '터', 0.02817453381798729), ([[123, 1474], [197, 1474], [197, 1518], [123, 1518]], '3움3소', 0.008825683034956455), ([[789.1964926239916, 216.05404541753805], [863.9811071728368, 255.52423011125163], [837.8035073760084, 301.9459545824619], [764.0188928271632, 263.4757698887484]], "'신7", 0.2889226834770521)]
[([[238, 128], [294, 128], [294, 158], [238, 158]], '부디', 0.9241341860858833), ([[564, 134], [594, 134], [594, 166], [564, 166]], '앗', 0.24215258444080323), ([[193, 150], [339, 150], [339, 214], [193, 214]], '며!실망콩', 0.0043798276344218685), ([[196, 180], [308, 180], [308, 212], [196, 212]], '새주세요', 0.9921746253967285), ([[464, 192], [548, 192], [548, 224], [464, 224]], '정말로', 0.9999802471032139), ([[222, 208], [310, 208], [310, 238], [222, 238]], '처녀가', 0.9966572747377263), ([[478, 220], [536, 220], [536, 250], [478, 250]], '저로', 0.9999563361441531), ([[208, 234], [322, 234], [322, 266], [208, 266]], '아니라서', 0.9999843239784241), ([[477, 243], [537, 243], [537, 279], [477, 279]], '괜찮', 0.9647138790305697), ([[928, 242], [958, 242], [958, 274], [928, 274]], '하', 0.1561099661956442), ([[196, 262], [336, 262], [336, 294], [196, 294]], '죄송하 지만', 0.6270220539379818), ([[472, 274], [546, 274], [546, 304], [472, 304]], '나요?', 0.9999803159285474), ([[742, 1020], [900, 1020], [900, 1120], [742, 1120]], '대`?', 0.018093124576741882), ([[955, 1073], [1003, 1073], [1003, 1109], [955, 1109]], '응우', 0.5373186253583125), ([[104, 1106], [134, 1106], [134, 1132], [104, 1132]], '이', 0.9665649465949997), ([[452, 1072], [625, 1072], [625, 1151], [452, 1151]], '대 |웃해', 0.3105423193825152), ([[517, 1135], [625, 1135], [625, 1201], [517, 1201]], '이입', 0.3133123546953089), ([[268, 1314], [376, 1314], [376, 1346], [268, 1346]], '오랜만의', 0.9325398247674406), ([[334, 1342], [366, 1342], [366, 1370], [334, 1370]], '기', 0.9997524176317576), ([[275, 1337], [372, 1337], [372, 1430], [275, 1430]], '봄허콩', 0.010339755341369295), ([[784, 1390], [868, 1390], [868, 1422], [784, 1422]], '그대로', 0.999993117451632), ([[946, 1374], [1028, 1374], [1028, 1424], [946, 1424]], '54', 0.22045729800726196), ([[772, 1418], [880, 1418], [880, 1448], [772, 1448]], '안쪽까지', 0.9137221574783325), ([[784, 1444], [870, 1444], [870, 1476], [784, 1476]], '단숨에', 0.9632824648070915), ([[772, 1472], [882, 1472], [882, 1502], [772, 1502]], '부탁해요', 0.9991291761398315), ([[405.1964926239916, 845.0540454175381], [493.98878620139135, 884.633339620323], [471.8035073760084, 930.9459545824619], [384.01121379860865, 891.366660379677]], "'[;;] [", 0.024643158474241592), ([[78.21553545944727, 1106.0776772972363], [108.64804059753388, 1097.0528436332027], [126.78446454055273, 1163.9223227027637], [96.35195940246612, 1171.9471563667973]], '%', 0.6922915732432422)]
[([[466, 44], [494, 44], [494, 96], [466, 96]], '입', 0.1767281613223446), ([[336, 106], [450, 106], [450, 138], [336, 138]], '이렇게나', 0.8802011609077454), ([[1029, 91], [1103, 91], [1103, 159], [1029, 159]], '@', 0.34666776762268015), ([[364, 132], [422, 132], [422, 162], [364, 162]], '잔뜩', 0.999715773485739), ([[322, 158], [462, 158], [462, 190], [322, 190]], '자지받아도', 0.9982747540670366), ([[316, 186], [472, 186], [472, 218], [316, 218]], '괜찮은가요?', 0.7796068451306002), ([[229, 257], [285, 257], [285, 293], [229, 293]], '하9', 0.5954782510595189), ([[1002, 458], [1062, 458], [1062, 488], [1002, 488]], '자자', 0.9999311327441059), ([[975, 483], [1089, 483], [1089, 519], [975, 519]], '화주세요', 0.7646247744560242), ([[1002, 512], [1058, 512], [1058, 542], [1002, 542]], '저의', 0.6771537322096679), ([[1044, 538], [1072, 538], [1072, 568], [1044, 568]], '빵', 0.9998899728524044), ([[983, 533], [1049, 533], [1049, 623], [983, 623]], '광임', 0.009113280389654489), ([[1016, 564], [1046, 564], [1046, 598], [1016, 598]], '에', 0.9964416743301285), ([[1044, 566], [1074, 566], [1074, 620], [1044, 620]], '용', 0.9638656206195861), ([[703, 655], [723, 655], [723, 685], [703, 685]], '응', 0.8846250514479834), ([[489, 767], [577, 767], [577, 862], [489, 862]], '용%웅', 0.19238048200639798), ([[942, 830], [1024, 830], [1024, 862], [942, 862]], '모두들', 0.6520563052048398), ([[954, 856], [1012, 856], [1012, 886], [954, 886]], '잔뜩', 0.999785057839074), ([[951, 879], [1014, 879], [1014, 916], [951, 916]], '수서', 0.24875479824546318), ([[742, 906], [768, 906], [768, 940], [742, 940]], ')', 0.40114024427117556), ([[941, 907], [1027, 907], [1027, 943], [941, 943]], '주세요', 0.9995854066112538), ([[577, 1161], [655, 1161], [655, 1229], [577, 1229]], '', 0.0), ([[552, 1270], [608, 1270], [608, 1302], [552, 1302]], '아9', 0.11322553093865843), ([[943, 1204], [1003, 1204], [1003, 1295], [943, 1295]], '용%', 0.020315820728561328), ([[102, 1312], [132, 1312], [132, 1350], [102, 1350]], '뱉', 0.03921655170849281), ([[536, 1322], [620, 1322], [620, 1354], [536, 1354]], '사정해', 0.9999132115296463), ([[538, 1348], [620, 1348], [620, 1380], [538, 1380]], '주세요', 0.9995827913874232), ([[966, 1328], [1020, 1328], [1020, 1390], [966, 1390]], '8', 0.29491805299750595), ([[564, 1374], [620, 1374], [620, 1406], [564, 1406]], '묵더', 0.9055584202041825), ([[533, 1373], [625, 1373], [625, 1437], [533, 1437]], '덜퓨다', 0.011928195095271), ([[800, 1510], [851, 1510], [851, 1540], [800, 1540]], '.?', 0.027620506726780833), ([[135.2025477771711, 868.1658598874935], [150.6946287116472, 866.1245024785526], [153.7974522228289, 894.8341401125065], [139.3053712883528, 896.8754975214474]], '응', 0.9718281363007897)]
[([[77, 83], [97, 83], [97, 113], [77, 113]], '응', 0.9770323237209055), ([[194, 112], [236, 112], [236, 144], [194, 144]], '"3', 0.10602815649690041), ([[454, 250], [478, 250], [478, 282], [454, 282]], '응', 0.9704179607240384), ([[236, 322], [320, 322], [320, 354], [236, 354]], '엉덩이', 0.9994808671937916), ([[702, 366], [762, 366], [762, 396], [702, 396]], '하아', 0.6762580769811296), ([[250, 374], [278, 374], [278, 434], [250, 434]], '동', 0.723815773802162), ([[994, 448], [1024, 448], [1024, 478], [994, 478]], "':", 0.11280566031171899), ([[860, 534], [908, 534], [908, 566], [860, 566]], '으응', 0.9967270979819598), ([[760, 614], [866, 614], [866, 646], [760, 646]], '어~서9', 0.7242715954780579), ([[935, 579], [999, 579], [999, 649], [935, 649]], '입', 0.04999080290300473), ([[240, 664], [320, 664], [320, 694], [240, 694]], '그대로', 0.9999898826560913), ([[336, 646], [366, 646], [366, 700], [336, 700]], '항', 0.6870953340802686), ([[758, 640], [786, 640], [786, 700], [758, 700]], '돌', 0.8980009000299702), ([[784, 640], [812, 640], [812, 672], [784, 672]], '구', 0.9999728204666667), ([[784, 668], [814, 668], [814, 698], [784, 698]], '어', 0.9998357363451902), ([[806, 635], [871, 635], [871, 702], [806, 702]], "'몇예", 0.15000967242934946), ([[250, 690], [308, 690], [308, 722], [250, 722]], '구멍', 0.9993931393288924), ([[770, 694], [856, 694], [856, 726], [770, 726]], '있어9', 0.9644931815647192), ([[236, 716], [320, 716], [320, 748], [236, 748]], '깊숙히', 0.9949132598021617), ([[248, 744], [308, 744], [308, 776], [248, 776]], '정액', 0.9994039270209522), ([[221, 767], [337, 767], [337, 803], [221, 803]], '싸주세요', 0.4545923173427582), ([[561, 915], [623, 915], [623, 979], [561, 979]], '영히', 0.034861613776707885), ([[83, 1095], [169, 1095], [169, 1131], [83, 1131]], '동꼬에', 0.8130121660046276), ([[220, 1062], [252, 1062], [252, 1150], [220, 1150]], '향', 0.15891245312218416), ([[93, 1119], [159, 1119], [159, 1265], [93, 1265]], '닭', 0.012646782902676401), ([[200.11428862648387, 232.06573379744182], [279.8886330316916, 261.84934756852005], [260.88571137351613, 310.93426620255815], [181.1113669683084, 281.15065243147995]], '원', 0.06768635754704011), ([[279.5630812614258, 341.0191263802539], [318.3394386020952, 347.5810604182647], [297.4369187385742, 464.9808736197461], [259.6605613979048, 458.4189395817353]], '용', 0.025612956160042666)]
[([[649, 69], [741, 69], [741, 105], [649, 105]], '우사이 _', 0.3790170601382069), ([[808, 82], [856, 82], [856, 114], [808, 114]], '0^', 0.1344067579233425), ([[642, 102], [752, 102], [752, 132], [642, 132]], '무기비교', 0.9995363354682922), ([[640, 128], [752, 128], [752, 160], [640, 160]], '할테니까', 0.9285663994749164), ([[649, 151], [712, 151], [712, 188], [649, 188]], '너희', 0.9998438073523916), ([[653, 179], [711, 179], [711, 215], [653, 215]], '일결', 0.042746592744520306), ([[708, 156], [738, 156], [738, 212], [708, 212]], '틀', 0.5408719291581043), ([[648, 208], [746, 208], [746, 240], [648, 240]], '정렬해!', 0.9597452282905579), ([[253, 333], [311, 333], [311, 369], [253, 369]], '이런', 0.6432615267731753), ([[172, 376], [256, 376], [256, 406], [172, 406]], '우선은', 0.9997123148902317), ([[172, 402], [256, 402], [256, 432], [172, 432]], '너부터', 0.9986985541943822), ([[156, 425], [269, 425], [269, 463], [156, 463]], '실레하지', 0.9521596431732178), ([[844, 474], [876, 474], [876, 508], [844, 508]], '항', 0.10655305754528754), ([[1031, 501], [1075, 501], [1075, 549], [1031, 549]], '', 0.0), ([[494, 536], [518, 536], [518, 596], [494, 596]], '올', 0.963837766325014), ([[874, 659], [938, 659], [938, 698], [874, 698]], '그럼', 0.9997499940489686), ([[363, 671], [435, 671], [435, 733], [363, 733]], '05 ,', 0.12165173888206482), ([[890, 690], [950, 690], [950, 720], [890, 720]], '어떤', 0.9997160263457855), ([[218, 702], [246, 702], [246, 760], [218, 760]], '흙', 0.25003904256653087), ([[878, 718], [964, 718], [964, 748], [878, 748]], '자지가', 0.9998647590874826), ([[890, 744], [946, 744], [946, 774], [890, 774]], '제일', 0.9999419221367344), ([[878, 770], [962, 770], [962, 802], [878, 802]], '즐거울', 0.8334577894212011), ([[880, 796], [958, 796], [958, 828], [880, 828]], '까나)', 0.451533611086621), ([[136, 850], [210, 850], [210, 928], [136, 928]], '4;', 0.010350364042909692), ([[992, 920], [1022, 920], [1022, 946], [992, 946]], '하', 0.8714039847344033), ([[79, 1197], [141, 1197], [141, 1259], [79, 1259]], '그물', 0.7472585169021713), ([[105, 1197], [167, 1197], [167, 1261], [105, 1261]], '물다', 0.0358611827657977), ([[136, 1228], [166, 1228], [166, 1258], [136, 1258]], '데', 0.9999803305639468), ([[162, 1200], [192, 1200], [192, 1258], [162, 1258]], '둘', 0.1836852494007104), ([[526, 1226], [584, 1226], [584, 1256], [526, 1256]], '이5', 0.22939136461780948), ([[932, 1198], [1032, 1198], [1032, 1272], [932, 1272]], '예', 0.26032255391896797), ([[115, 1251], [185, 1251], [185, 1287], [115, 1287]], '팀 다', 0.15839943289756775), ([[509, 1247], [603, 1247], [603, 1315], [509, 1315]], '도는되', 0.027418400546735763), ([[119, 1277], [181, 1277], [181, 1313], [119, 1313]], '이감-', 0.558205480902909), ([[901, 1313], [921, 1313], [921, 1343], [901, 1343]], '응', 0.9313392996334677), ([[380, 1322], [440, 1322], [440, 1374], [380, 1374]], '신', 0.14576716338457718), ([[397, 1387], [491, 1387], [491, 1423], [397, 1423]], '날 만족', 0.6180578163111863), ([[674, 1398], [730, 1398], [730, 1428], [674, 1428]], '아직', 0.9999157073435561), ([[835, 1355], [897, 1355], [897, 1421], [835, 1421]], '음', 0.17308459757111283), ([[400, 1413], [487, 1413], [487, 1449], [400, 1449]], '시키논', 0.5933556935180813), ([[700, 1424], [732, 1424], [732, 1456], [700, 1456]], '야', 0.9990624003954487), ([[416, 1444], [444, 1444], [444, 1474], [416, 1474]], '놈', 0.9990186715794067), ([[444, 1444], [472, 1444], [472, 1500], [444, 1500]], '욕', 0.22706847192793944), ([[671, 1421], [733, 1421], [733, 1487], [671, 1487]], '입양', 0.04082704887974365), ([[414, 1468], [448, 1468], [448, 1500], [414, 1500]], '아', 0.9995949678551739), ([[407, 1493], [483, 1493], [483, 1529], [407, 1529]], '인가?', 0.9983111442117935), ([[38, 1540], [62, 1540], [62, 1564], [38, 1564]], '18', 0.9997073448282425), ([[450.0955116463432, 368.0455652987975], [590.8320446155219, 410.26939666317475], [565.9044883536568, 484.9544347012025], [425.1679553844781, 442.73060333682525]], '7', 0.009612732698053073), ([[526.1343928719352, 730.0249966844797], [735.8667268925931, 814.004898122639], [683.8656071280648, 932.9750033155203], [475.1332731074069, 848.995101877361]], '빌5', 0.012963713626542849), ([[890.9230627620734, 1000.1999631813908], [912.527371915451, 985.0467172734745], [943.0769372379266, 1031.8000368186092], [920.472628084549, 1046.9532827265255]], '$', 0.5472383928463387), ([[191.58126086192783, 1216.0219781883143], [224.19924271737, 1224.6588427947647], [200.41873913807217, 1318.9780218116857], [167.80075728263, 1310.3411572052353]], '클', 0.08087530039804225), ([[86.2583685632087, 1251.069353385006], [117.15496718208178, 1246.1703719752024], [125.7416314367913, 1311.930646614994], [95.84503281791822, 1316.8296280247976]], '퍽', 0.7821260565672219)]
[([[241, 143], [355, 143], [355, 179], [241, 179]], "'싸고있어", 0.9798960343585019), ([[265, 165], [329, 165], [329, 231], [265, 231]], '밥찰', 0.004185908414791908), ([[324, 170], [354, 170], [354, 202], [324, 202]], '히', 0.9970190124181535), ([[328, 198], [360, 198], [360, 228], [328, 228]], '내', 0.9999984502798362), ([[902, 126], [932, 126], [932, 236], [902, 236]], '%', 0.0028897093892815834), ([[296, 224], [356, 224], [356, 256], [296, 256]], '안에', 0.9329585458516988), ([[512, 208], [542, 208], [542, 242], [512, 242]], '앗', 0.17446452028085346), ([[251, 245], [371, 245], [371, 311], [251, 311]], '사청핵취', 0.12162520736455917), ([[762, 484], [972, 484], [972, 588], [762, 588]], '음', 0.09429159259383724), ([[130, 596], [186, 596], [186, 628], [130, 628]], '이양', 0.9186590803350668), ([[773, 907], [809, 907], [809, 965], [773, 965]], '샌', 0.0015839530728679052), ([[307, 953], [419, 953], [419, 1017], [307, 1017]], '닐8', 0.02706898028009346), ([[81, 1115], [147, 1115], [147, 1181], [81, 1181]], '료용', 0.010713402305512801), ([[86, 1118], [118, 1118], [118, 1152], [86, 1152]], '중', 0.3351480291546274), ([[72, 1174], [160, 1174], [160, 1204], [72, 1204]], '자지도', 0.9999478304416382), ([[59, 1196], [170, 1196], [170, 1232], [59, 1232]], '빨리와쥐', 0.8984893560409546), ([[356, 1190], [384, 1190], [384, 1220], [356, 1220]], '항', 0.17448172400291728), ([[982, 1268], [1032, 1268], [1032, 1296], [982, 1296]], '이혼', 0.38972450536630737), ([[940, 1304], [970, 1304], [970, 1334], [940, 1334]], '꽤', 0.9998129693706268), ([[425, 1371], [491, 1371], [491, 1415], [425, 1415]], '5', 0.9971926869045689), ([[714, 1390], [798, 1390], [798, 1422], [714, 1422]], '확실히', 0.9996386747908689), ([[923, 1327], [987, 1327], [987, 1419], [923, 1419]], '표@', 0.05245334764250798), ([[726, 1418], [786, 1418], [786, 1448], [726, 1448]], '기록', 0.9999918235211795), ([[940, 1410], [970, 1410], [970, 1440], [940, 1440]], '0', 0.9553940796634066), ([[714, 1444], [800, 1444], [800, 1476], [714, 1476]], '해뒤야', 0.9930407260708807), ([[1061, 1543], [1083, 1543], [1083, 1563], [1061, 1563]], '19', 0.9890440555488288), ([[261.2583685632087, 195.0693533850061], [291.1720080433792, 191.1755527005521], [299.7416314367913, 255.9306466149939], [269.8279919566208, 260.8244472994479]], '절', 0.3873975461910959), ([[572.9471635269132, 854.0505006798969], [784.6158940204958, 885.1185430515796], [765.0528364730868, 979.9494993201031], [553.3841059795042, 947.8814569484204]], "'기 -", 0.023919738829135895), ([[57.037927696394945, 1288.0934312516142], [125.86619800894968, 1308.8510365812201], [112.96207230360505, 1348.9065687483858], [44.13380199105032, 1328.1489634187799]], '30', 0.02262693232307025)]
[([[519, 97], [581, 97], [581, 138], [519, 138]], '하양', 0.8923180186667365), ([[456, 166], [522, 166], [522, 214], [456, 214]], ',', 0.015740514170854647), ([[801, 267], [821, 267], [821, 289], [801, 289]], '5', 0.18507425427856905), ([[257, 259], [293, 259], [293, 341], [257, 341]], '힘', 0.884095804032544), ([[184, 342], [242, 342], [242, 374], [184, 374]], '자지', 0.9999519529307797), ([[172, 370], [256, 370], [256, 402], [172, 402]], '좋아아', 0.9542983770370483), ([[172, 394], [202, 394], [202, 430], [172, 430]], '아', 0.9997577813928729), ([[195, 393], [257, 393], [257, 453], [195, 453]], '러양', 0.04324434634754936), ([[583, 403], [713, 403], [713, 439], [583, 439]], '어떤가요?', 0.976414331119071), ([[590, 432], [702, 432], [702, 464], [590, 464]], '언제라도', 0.9845646281803371), ([[602, 458], [690, 458], [690, 490], [602, 490]], '질안에', 0.9689751785294417), ([[590, 486], [702, 486], [702, 516], [590, 516]], '싸주세요', 0.8636903853315365), ([[205, 577], [225, 577], [225, 607], [205, 607]], '응', 0.8962856504686876), ([[251, 543], [349, 543], [349, 605], [251, 605]], '@퍼', 0.015529919332338778), ([[468, 590], [518, 590], [518, 640], [468, 640]], '88', 0.15319051628496497), ([[1001, 593], [1021, 593], [1021, 625], [1001, 625]], '후', 0.2673432584266813), ([[157, 677], [227, 677], [227, 721], [157, 721]], '055', 0.6096009162075042), ([[352, 748], [382, 748], [382, 836], [352, 836]], '-', 0.01156142501937385), ([[84, 886], [186, 886], [186, 982], [84, 982]], "'0", 0.27404616483737104), ([[124, 1162], [206, 1162], [206, 1236], [124, 1236]], '뻐,', 0.0021260782127431065), ([[416, 1224], [500, 1224], [500, 1256], [416, 1256]], '이쪽이', 0.9894200305693379), ([[430, 1252], [460, 1252], [460, 1284], [430, 1284]], '먼', 0.5165196540638703), ([[415, 1277], [459, 1277], [459, 1339], [415, 1339]], '칼', 0.7815018473139759), ([[455, 1253], [497, 1253], [497, 1337], [455, 1337]], '젖', 0.4107930947299998), ([[978, 1302], [1026, 1302], [1026, 1334], [978, 1334]], '이:', 0.07450814349072164), ([[442, 1306], [474, 1306], [474, 1362], [442, 1362]], '암', 0.19779305557909854), ([[722, 1388], [804, 1388], [804, 1420], [722, 1420]], '당신의', 0.9999905709103443), ([[708, 1414], [818, 1414], [818, 1446], [708, 1446]], '성기와논', 0.4228360652923584), ([[720, 1442], [808, 1442], [808, 1474], [720, 1474]], '상성이', 0.9876049540789744), ([[719, 1465], [807, 1465], [807, 1501], [719, 1501]], '중네요', 0.41161039065633853), ([[41, 1543], [65, 1543], [65, 1563], [41, 1563]], '20', 0.9999599607286936), ([[315.402977685874, 54.029776858740064], [396.7974096376075, 122.45402409663801], [360.597022314126, 165.97022314125994], [280.2025903623925, 97.54597590336199]], '괜""', 0.0020046720340695925), ([[158.98154206653618, 192.07448605244602], [251.59062234672862, 213.64125094959186], [235.01845793346382, 273.92551394755395], [143.40937765327138, 252.35874905040814]], '554', 0.020873778422259768), ([[525.9973506193547, 290.0843686541932], [612.6179750654143, 306.89325935046963], [600.0026493806453, 360.9156313458068], [513.3820249345857, 344.10674064953037]], '(훌통우', 0.010341797024011612), ([[275.1165477914012, 821.0489301226111], [379.88368092595476, 862.6407446679389], [351.8834522085988, 926.9510698773889], [248.1163190740452, 885.3592553320611]], '(*:', 0.008758921963253011), ([[516.1896655424124, 824.0328861716721], [647.9578510876223, 888.0828295050874], [607.8103344575876, 966.9671138283279], [476.0421489123776, 903.9171704949126]], '*5;', 0.09177688917288107), ([[522.3400170126755, 1404.024231372387], [672.9404538766105, 1489.966421517155], [632.6599829873245, 1557.975768627613], [482.0595461233895, 1472.033578482845]], '}5', 0.00023586030590104116)]
[([[78, 64], [116, 64], [116, 96], [78, 96]], '34', 0.03273887216368123), ([[301, 81], [343, 81], [343, 173], [301, 173]], '헌', 0.03886408295863952), ([[754, 88], [786, 88], [786, 174], [754, 174]], '시', 0.011137947719561447), ([[63, 249], [219, 249], [219, 335], [63, 335]], '스}', 0.005570575541653308), ([[310, 272], [354, 272], [354, 304], [310, 304]], '싸4', 0.0303795963497636), ([[416, 212], [448, 212], [448, 298], [416, 298]], '향', 0.17389632876345562), ([[444, 286], [524, 286], [524, 368], [444, 368]], '팀', 0.004986405764776158), ([[936, 280], [966, 280], [966, 340], [936, 340]], '학', 0.8251379304765614), ([[434, 596], [466, 596], [466, 622], [434, 622]], '이', 0.889777011264389), ([[711, 577], [793, 577], [793, 613], [711, 613]], '응하0', 0.41652337807447865), ([[718, 620], [776, 620], [776, 652], [718, 652]], '전부', 0.9999854172215584), ([[434, 622], [466, 622], [466, 678], [434, 678]], '헌', 0.017877992690504607), ([[706, 648], [792, 648], [792, 678], [706, 678]], '내용에', 0.6286055708942705), ([[692, 674], [804, 674], [804, 706], [692, 706]], '싸주세옷', 0.9411107301712036), ([[123, 675], [201, 675], [201, 741], [123, 741]], '', 0.0), ([[290, 786], [350, 786], [350, 818], [290, 818]], '정자', 0.9996255036462214), ([[276, 810], [363, 810], [363, 847], [276, 847]], '전부름', 0.8779301355667429), ([[288, 840], [350, 840], [350, 870], [288, 870]], '내게', 0.9467683983218472), ([[276, 863], [363, 863], [363, 901], [276, 901]], '넘겨옷', 0.9859218052694029), ([[785, 915], [895, 915], [895, 1031], [785, 1031]], '[', 0.48847276904320225), ([[674, 1177], [781, 1177], [781, 1219], [674, 1219]], '응후후0', 0.07148043066263199), ([[696, 1222], [756, 1222], [756, 1254], [696, 1254]], '그럼', 0.9998784506526458), ([[686, 1250], [768, 1250], [768, 1282], [686, 1282]], '모두들', 0.7261121332463414), ([[526, 1272], [556, 1272], [556, 1302], [526, 1302]], '자', 0.9999763966999495), ([[696, 1276], [756, 1276], [756, 1306], [696, 1306]], '벽에', 0.9981590166288175), ([[237, 1303], [323, 1303], [323, 1339], [237, 1339]], '초향인', 0.21304475466866657), ([[669, 1301], [785, 1301], [785, 1337], [669, 1337]], '손승대고', 0.6098111867904663), ([[240, 1330], [322, 1330], [322, 1362], [240, 1362]], '구멍을', 0.2703705406669388), ([[250, 1358], [310, 1358], [310, 1388], [250, 1388]], '새도', 0.8791910842668739), ([[237, 1381], [324, 1381], [324, 1418], [237, 1418]], '좋아요', 0.9897468090057373), ([[268, 1408], [294, 1408], [294, 1434], [268, 1434]], '0', 0.9957976476234229), ([[1057, 1543], [1077, 1543], [1077, 1565], [1057, 1565]], '21', 0.9985636005701488)]
[([[461, 201], [527, 201], [527, 261], [461, 261]], '항안', 0.03544076625512917), ([[575, 183], [683, 183], [683, 307], [575, 307]], '0', 0.15002346353162466), ([[857, 215], [875, 215], [875, 239], [857, 239]], '0', 0.9998263196069992), ([[186, 300], [214, 300], [214, 338], [186, 338]], '하', 0.7757841907552212), ([[704, 282], [809, 282], [809, 357], [704, 357]], '내#국', 0.03416196053557816), ([[977, 265], [1017, 265], [1017, 325], [977, 325]], '약)', 0.017905805270924353), ([[1002, 340], [1052, 340], [1052, 420], [1002, 420]], '(;', 0.0009142555597952077), ([[672, 460], [702, 460], [702, 490], [672, 490]], '앗', 0.3465467027890554), ([[264, 610], [296, 610], [296, 672], [264, 672]], '항', 0.9273055165722468), ([[550, 570], [578, 570], [578, 656], [550, 656]], '용', 0.8723830846924194), ([[464, 756], [666, 756], [666, 880], [464, 880]], '(오', 0.2508299332690161), ([[622, 956], [699, 956], [699, 1119], [622, 1119]], '표', 0.0451234915680665), ([[893, 1175], [959, 1175], [959, 1249], [893, 1249]], "'", 0.006822331266215009), ([[682, 1308], [730, 1308], [730, 1364], [682, 1364]], '5', 0.059201150515719725), ([[101.95136234400404, 451.0789914704266], [207.72350801533187, 474.052067771259], [193.04863765599598, 530.9210085295733], [87.27649198466811, 508.947932228741]], '어', 0.010350330767011862), ([[197.04460536705227, 860.0765532757241], [294.7091636562267, 879.1546137676843], [281.95539463294773, 933.9234467242759], [184.29083634377332, 914.8453862323157]], '스꼴', 0.00026230183975076935)]
[([[692, 244], [720, 244], [720, 292], [692, 292]], '항', 0.8507295029724027), ([[477, 311], [497, 311], [497, 341], [477, 341]], '후', 0.33365646661059145), ([[553, 299], [641, 299], [641, 359], [553, 359]], '*:6', 0.014831032244661735), ([[84, 400], [154, 400], [154, 453], [84, 453]], "*3'", 0.13529698037055965), ([[372, 552], [402, 552], [402, 578], [372, 578]], '아', 0.4410436819738415), ([[889, 577], [947, 577], [947, 613], [889, 613]], '이팅', 0.08501656333235798), ([[395, 631], [587, 631], [587, 741], [395, 741]], '(우', 0.20115694083443184), ([[124, 700], [224, 700], [224, 780], [124, 780]], '*630', 0.05986040458083153), ([[293, 891], [397, 891], [397, 979], [293, 979]], '@', 0.47421018885870936), ([[460, 836], [655, 836], [655, 970], [460, 970]], '08?', 0.09350456818844062), ([[878, 1090], [984, 1090], [984, 1170], [878, 1170]], '88', 0.19208369265723285), ([[114, 1257], [417, 1257], [417, 1429], [114, 1429]], ')', 0.9291264783013311), ([[347.23034215711596, 550.0747450012914], [376.7051964011324, 542.0626534270108], [392.76965784288404, 608.9252549987086], [363.2948035988676, 616.9373465729892]], '%', 0.8304506407569079), ([[34.29621080340358, 1017.0123868166618], [304.78049292025366, 1201.0449873381328], [206.7037891965964, 1340.9876131833382], [-62.78049292025365, 1157.9550126618672]], '시 ', 0.2952501632953139)]
[([[830, 54], [882, 54], [882, 108], [830, 108]], '(8', 0.026113068120609637), ([[594, 94], [626, 94], [626, 126], [594, 126]], '항', 0.04045782768207773), ([[542, 326], [600, 326], [600, 356], [542, 356]], '하이', 0.6645398692864927), ([[285, 467], [373, 467], [373, 503], [285, 503]], '하잡아', 0.8839774334005178), ([[312, 442], [344, 442], [344, 472], [312, 472]], '꽤', 0.9997978312640043), ([[449, 421], [545, 421], [545, 511], [449, 511]], '굶', 0.016499404104743043), ([[851, 559], [901, 559], [901, 603], [851, 603]], '[완', 0.010627891028718122), ([[248, 1122], [304, 1122], [304, 1152], [248, 1152]], '안에', 0.996515562007374), ([[570, 1122], [602, 1122], [602, 1152], [570, 1152]], '싸', 0.6249415857281662), ([[248, 1148], [304, 1148], [304, 1178], [248, 1178]], '싸도', 0.9775489878823888), ([[555, 1147], [615, 1147], [615, 1183], [555, 1183]], '산다', 0.33553547973517606), ([[233, 1173], [319, 1173], [319, 1209], [233, 1209]], '되나옷', 0.6118444707579362), ([[596, 1342], [708, 1342], [708, 1374], [596, 1374]], '중앗90', 0.15747924149036407), ([[608, 1370], [694, 1370], [694, 1400], [608, 1400]], '질안에', 0.9690913471696109), ([[174, 1390], [202, 1390], [202, 1416], [174, 1416]], '다', 0.9998333523566458), ([[622, 1396], [680, 1396], [680, 1426], [622, 1426]], '잔뜩', 0.9993670130285089), ([[141, 1386], [207, 1386], [207, 1477], [141, 1477]], '용웅', 0.048926881578043944), ([[424, 1432], [454, 1432], [454, 1486], [424, 1486]], '양', 0.9713009040251706), ([[608, 1450], [694, 1450], [694, 1480], [608, 1480]], '싸쥐어', 0.24520139148955916), ([[622, 1422], [680, 1422], [680, 1454], [622, 1454]], '정액', 0.9996330049705004), ([[45, 1539], [67, 1539], [67, 1559], [45, 1559]], '24', 0.9999851643415568)]
[([[333, 129], [506, 129], [506, 249], [333, 249]], '시;', 0.07616100671244343), ([[94, 272], [124, 272], [124, 318], [94, 318]], '항', 0.237345595765853), ([[488, 348], [520, 348], [520, 432], [488, 432]], '%', 0.8153708885984088), ([[126, 415], [215, 415], [215, 550], [126, 550]], '쇼', 0.7440979356849518), ([[671, 499], [725, 499], [725, 537], [671, 537]], '응앗', 0.09823246880323712), ([[115, 981], [199, 981], [199, 1023], [115, 1023]], '74 ,', 0.2673675722595959), ([[864, 1008], [920, 1008], [920, 1036], [864, 1036]], '하아', 0.5414446281025664), ([[864, 1036], [920, 1036], [920, 1062], [864, 1062]], '아이', 0.5336619563750044), ([[198, 1034], [222, 1034], [222, 1086], [198, 1086]], '흙', 0.16926182057706374), ([[86, 1100], [196, 1100], [196, 1132], [86, 1132]], '안쪽까지', 0.9392234683036804), ([[98, 1128], [186, 1128], [186, 1160], [98, 1160]], '확실히', 0.9999520287699144), ([[85, 1153], [199, 1153], [199, 1189], [85, 1189]], '당있어9', 0.2642420828342438), ([[884, 1182], [960, 1182], [960, 1230], [884, 1230]], '4 ,', 0.6309072971343994), ([[399, 1295], [479, 1295], [479, 1339], [399, 1339]], '채대', 0.014610546733570979), ([[178, 1338], [262, 1338], [262, 1390], [178, 1390]], '7닮6', 0.033464007378555996), ([[45, 1383], [127, 1383], [127, 1419], [45, 1419]], '하~양', 0.9912796872997297), ([[552, 1384], [584, 1384], [584, 1418], [552, 1418]], '하', 0.28957194931951236), ([[262, 1412], [292, 1412], [292, 1446], [262, 1446]], '하', 0.09033452066411485), ([[933, 1411], [993, 1411], [993, 1455], [933, 1455]], '대싸', 0.06043703003284218), ([[872, 1448], [902, 1448], [902, 1474], [872, 1474]], '아', 0.6165217232422471), ([[195, 1475], [249, 1475], [249, 1517], [195, 1517]], '밭', 0.010195851191094951), ([[394, 1478], [426, 1478], [426, 1512], [394, 1512]], '항', 0.12982773324098673), ([[504, 1466], [646, 1466], [646, 1518], [504, 1518]], '상입이', 0.20584491797494), ([[874, 1474], [898, 1474], [898, 1508], [874, 1508]], '흥', 0.12012973930709236), ([[1059, 1539], [1083, 1539], [1083, 1559], [1059, 1559]], '25', 0.999915791635173), ([[755.4486522748772, 991.1740700094598], [836.1726909073933, 984.2837229962003], [839.5513477251228, 1048.8259299905403], [757.8273090926067, 1055.7162770037999]], '%8', 0.02678593825477956), ([[708.8994530298025, 1117.076061814578], [814.5387054208891, 1139.3227027477217], [798.1005469701975, 1204.923938185422], [692.4612945791109, 1182.6772972522783]], '{째', 0.01847940168081526)]
[([[703, 229], [764, 229], [764, 270], [703, 270]], "'하양", 0.6941659992295675), ([[156, 254], [212, 254], [212, 284], [156, 284]], '하이', 0.381430225088084), ([[384, 254], [414, 254], [414, 286], [384, 286]], '하', 0.12058977551243633), ([[974, 258], [1002, 258], [1002, 290], [974, 290]], '하', 0.1703000105454331), ([[185, 707], [271, 707], [271, 751], [185, 751]], '당51,', 0.12852029502391815), ([[794, 590], [914, 590], [914, 869], [794, 869]], '품', 0.10028234301570649), ([[842, 890], [926, 890], [926, 922], [842, 922]], '이하0', 0.20099013666164642), ([[160, 924], [274, 924], [274, 956], [160, 956]], '아직이야', 0.9995858669281006), ([[842, 918], [928, 918], [928, 950], [842, 950]], '패잔뜩', 0.621422711401224), ([[141, 951], [291, 951], [291, 987], [141, 987]], '어떤 구멍을', 0.4347886515014103), ([[829, 943], [943, 943], [943, 979], [829, 979]], '사정햇네', 0.9597346186637878), ([[154, 980], [280, 980], [280, 1010], [154, 1010]], '씨도 좋아', 0.4186889806914052), ([[404, 1074], [450, 1074], [450, 1104], [404, 1104]], '미위', 0.08685733651323858), ([[503, 1113], [565, 1113], [565, 1151], [503, 1151]], '위우', 0.10401229789910565), ([[259, 1255], [279, 1255], [279, 1281], [259, 1281]], '5', 0.3223241993342896), ([[826, 1318], [858, 1318], [858, 1348], [826, 1348]], '자', 0.9999710323524234), ([[800, 1344], [882, 1344], [882, 1376], [800, 1376]], '불일올', 0.28961928150458155), ([[260, 1370], [344, 1370], [344, 1402], [260, 1402]], '다같이', 0.9993448098563151), ([[812, 1370], [870, 1370], [870, 1400], [812, 1400]], '전부', 0.9999765664326473), ([[274, 1398], [304, 1398], [304, 1454], [274, 1454]], '댐', 0.3212627110289965), ([[300, 1398], [330, 1398], [330, 1428], [300, 1428]], '벼', 0.9999706747297665), ([[797, 1395], [885, 1395], [885, 1431], [797, 1431]], '짜내줄', 0.592391474842981), ([[302, 1420], [328, 1420], [328, 1452], [302, 1452]], '0', 0.9020555304491751), ([[800, 1424], [884, 1424], [884, 1456], [800, 1456]], '테니까', 0.9956149712809655), ([[43, 1531], [67, 1531], [67, 1551], [43, 1551]], '26', 0.9998800521762446)]
[([[862, 66], [918, 66], [918, 96], [862, 96]], '두꺼', 0.3780972710682145), ([[924, 56], [956, 56], [956, 118], [924, 118]], '하', 0.5992521355604055), ([[846, 90], [894, 90], [894, 154], [846, 154]], '울', 0.011042606767436292), ([[874, 120], [904, 120], [904, 150], [874, 150]], '꼬', 0.999432048400454), ([[884, 90], [932, 90], [932, 152], [884, 152]], '교', 0.08352689392617041), ([[976, 0], [1056, 0], [1056, 226], [976, 226]], '국', 0.19110470974760574), ([[860, 146], [918, 146], [918, 178], [860, 178]], '옷엇', 0.28171036284470846), ([[76, 166], [100, 166], [100, 226], [76, 226]], '응', 0.9970957891983403), ([[539, 305], [647, 305], [647, 371], [539, 371]], '경', 0.013924935619812118), ([[647, 505], [705, 505], [705, 541], [647, 541]], '이하', 0.906689958934489), ([[408, 528], [434, 528], [434, 556], [408, 556]], '히', 0.2740099043792412), ([[822, 756], [934, 756], [934, 788], [822, 788]], '자 어때?', 0.95466691840655), ([[846, 782], [908, 782], [908, 815], [846, 815]], '사신', 0.9999894633041312), ([[834, 807], [921, 807], [921, 843], [834, 843]], '보지논', 0.6374407712978241), ([[165, 832], [279, 832], [279, 864], [165, 864]], '내꺼보다', 0.9903339147567749), ([[822, 836], [934, 836], [934, 868], [822, 868]], '기분좋아', 0.7818769345949799), ([[151, 860], [291, 860], [291, 892], [151, 892]], '쫓다고하면', 0.45959293165187654), ([[869, 867], [885, 867], [885, 889], [869, 889]], '2', 0.5295757367053398), ([[166, 886], [278, 886], [278, 918], [166, 918]], '용서안할', 0.8102986216545105), ([[165, 911], [279, 911], [279, 947], [165, 947]], '테니까이', 0.8381909132003784), ([[649, 1077], [725, 1077], [725, 1141], [649, 1141]], '30', 0.16377089491247668), ([[712, 1098], [746, 1098], [746, 1124], [712, 1124]], '49', 0.12728873241075614), ([[993, 1149], [1037, 1149], [1037, 1193], [993, 1193]], '오#', 0.001599455541604319), ([[269, 1317], [329, 1317], [329, 1353], [269, 1353]], '하양', 0.5765574323688542), ([[668, 1322], [732, 1322], [732, 1348], [668, 1348]], '엉덩이', 0.9993394419394093), ([[269, 1345], [329, 1345], [329, 1381], [269, 1381]], '이양', 0.6289210174444898), ([[679, 1345], [721, 1345], [721, 1365], [679, 1365]], '살로', 0.9928319626259161), ([[666, 1362], [732, 1362], [732, 1386], [666, 1386]], '사정해', 0.9998866452368933), ([[658, 1382], [742, 1382], [742, 1406], [658, 1406]], '버리네요', 0.9861142635345459), ([[540, 1394], [568, 1394], [568, 1420], [540, 1420]], '하', 0.9709087745491729), ([[668, 1402], [732, 1402], [732, 1428], [668, 1428]], '다음엔', 0.9873374685507441), ([[534, 1420], [566, 1420], [566, 1448], [534, 1448]], '이', 0.15581407995981156), ([[666, 1422], [732, 1422], [732, 1446], [666, 1446]], '질안에', 0.9866324883568356), ([[648, 1442], [754, 1442], [754, 1468], [648, 1468]], '부탁해요0', 0.4855458354022793), ([[186, 1474], [264, 1474], [264, 1528], [186, 1528]], '7;', 0.011029010407787086), ([[327, 1477], [347, 1477], [347, 1509], [327, 1509]], '후', 0.28181525787545425), ([[1069, 1537], [1089, 1537], [1089, 1559], [1069, 1559]], '21', 0.9802425894580553), ([[628.2989525145956, 79.04109637406275], [701.9783880432359, 130.49120101759695], [669.7010474854044, 175.95890362593727], [596.0216119567641, 123.50879898240305]], '아고', 0.0038285737191206303), ([[209.07899166023174, 125.14487414671835], [261.8866181374731, 135.18303260260194], [255.92100833976826, 161.85512585328166], [203.1133818625269, 151.81696739739806]], '해/4', 0.026462729759919458), ([[819.3022506247456, 578.2090024989827], [911.6425633893942, 571.8573585242423], [912.6977493752544, 631.7909975010173], [821.3574366106058, 638.1426414757577]], '큰#,', 0.06767527018207874), ([[318.0077221232863, 987.0617769862906], [453.6641482699747, 1011.7063497878178], [437.9922778767137, 1082.9382230137094], [301.3358517300253, 1057.2936502121822]], '34', 0.08485086552489977), ([[855.4615384615385, 1415.3076923076924], [935.4759395655094, 1409.020645525196], [936.5384615384615, 1446.6923076923076], [856.5240604344906, 1453.979354474804]], '37,', 0.09956287747154943)]
[([[630, 81], [743, 81], [743, 160], [630, 160]], '[창우', 0.0021000840682003207), ([[352, 142], [444, 142], [444, 194], [352, 194]], '0#국)', 0.0029882132075726986), ([[922, 130], [1034, 130], [1034, 202], [922, 202]], '(76@', 0.002396171446889639), ([[78, 202], [162, 202], [162, 252], [78, 252]], '3족', 0.005822597353180739), ([[757, 203], [809, 203], [809, 239], [757, 239]], '응극', 0.4286515833859957), ([[951, 277], [1003, 277], [1003, 315], [951, 315]], '응후', 0.3395441987254264), ([[125, 335], [145, 335], [145, 381], [125, 381]], '응', 0.15449890372963537), ([[630, 308], [748, 308], [748, 384], [630, 384]], '0+}', 0.021300339609105143), ([[503, 361], [555, 361], [555, 397], [503, 397]], '으웃', 0.43172922035534156), ([[189, 385], [271, 385], [271, 451], [189, 451]], '@#', 0.37872754114852764), ([[237, 445], [305, 445], [305, 511], [237, 511]], '부', 0.4395979111237125), ([[497, 613], [585, 613], [585, 705], [497, 705]], '표', 0.052521768635926946), ([[426, 662], [502, 662], [502, 742], [426, 742]], '7', 0.2147960816935246), ([[101, 657], [191, 657], [191, 880], [101, 880]], '4', 0.012453268829375697), ([[563, 613], [675, 613], [675, 870], [563, 870]], '표', 0.5251427976055858), ([[929, 865], [1025, 865], [1025, 933], [929, 933]], '(', 0.9872936909345107), ([[716, 1106], [740, 1106], [740, 1134], [716, 1134]], '후', 0.9999442108306198), ([[302, 1144], [384, 1144], [384, 1176], [302, 1176]], '그러면', 0.9985225796699524), ([[626, 1132], [650, 1132], [650, 1184], [626, 1184]], '탑', 0.26964907363300483), ([[721, 1137], [739, 1137], [739, 1163], [721, 1163]], '육', 0.10127052456476182), ([[1006, 1130], [1064, 1130], [1064, 1160], [1006, 1160]], '꽤나', 0.9852957265936433), ([[309, 1169], [374, 1169], [374, 1206], [309, 1206]], '오늘', 0.9999735318817311), ([[987, 1151], [1081, 1151], [1081, 1217], [987, 1217]], '졸음콩', 0.013346599060451814), ([[1020, 1182], [1050, 1182], [1050, 1214], [1020, 1214]], '네', 0.9998446763275446), ([[327, 1196], [359, 1196], [359, 1258], [327, 1258]], '올', 0.9156446070051629), ([[356, 1198], [384, 1198], [384, 1230], [356, 1230]], '의', 0.9999805689801953), ([[992, 1182], [1024, 1182], [1024, 1240], [992, 1240]], '칼', 0.12849571471960886), ([[1020, 1208], [1074, 1208], [1074, 1240], [1020, 1240]], '마치', 0.9998706959174258), ([[300, 1198], [332, 1198], [332, 1284], [300, 1284]], '집', 0.0655425371503151), ([[346, 1252], [388, 1252], [388, 1284], [346, 1284]], '입!', 0.9950974655250984), ([[356, 1224], [386, 1224], [386, 1258], [356, 1258]], '올', 0.8702452703502708), ([[630, 1282], [714, 1282], [714, 1314], [630, 1314]], '하지만', 0.9998026110319792), ([[86, 1322], [140, 1322], [140, 1354], [86, 1354]], '후이', 0.8596794106049139), ([[498, 1310], [544, 1310], [544, 1340], [498, 1340]], '네?', 0.9997024562164315), ([[627, 1302], [744, 1302], [744, 1344], [627, 1344]], '성기만이', 0.7739189267158508), ([[642, 1336], [728, 1336], [728, 1366], [642, 1366]], '아니라', 0.999897175388252), ([[642, 1362], [728, 1362], [728, 1394], [642, 1394]], '항문도', 0.9963307825044404), ([[239, 1393], [307, 1393], [307, 1433], [239, 1433]], '18', 0.049440016091093685), ([[628, 1386], [742, 1386], [742, 1422], [628, 1422]], '사용활것', 0.9870721101760864), ([[227, 1459], [267, 1459], [267, 1501], [227, 1501]], '썰', 0.01599561815227446), ([[549, 1437], [623, 1437], [623, 1497], [549, 1497]], "해산'", 0.030320277581161938), ([[23, 1541], [45, 1541], [45, 1561], [23, 1561]], '28', 0.9996613247253826), ([[689.9531521548196, 409.0549454707859], [826.2894020349645, 435.29770208751415], [806.0468478451804, 523.9450545292141], [669.7105979650355, 497.70229791248585]], '(학?', 0.037818521268081044), ([[97.33051172504386, 496.0203922907193], [179.19939767885919, 526.6672053278495], [121.66948827495614, 681.9796077092807], [39.800602321140815, 651.3327946721505]], '및', 0.06254384690373982), ([[528.3963839970814, 663.2633919857229], [613.4144637019176, 735.1423982847149], [496.6036160029185, 869.7366080142771], [411.5855362980824, 797.8576017152851]], '8', 0.11023069432307338), ([[378.77627447532797, 1328.1261174815743], [422.6152956244253, 1304.0316324430744], [466.22372552467203, 1387.8738825184257], [423.3847043755747, 1412.9683675569256]], '허', 0.005778903693261006)]
[([[643, 55], [693, 55], [693, 93], [643, 93]], '으응', 0.9832239961900063), ([[910, 67], [1024, 67], [1024, 99], [910, 99]], '사 ~구야', 0.8277178801828187), ([[661, 87], [675, 87], [675, 109], [661, 109]], '2', 0.2868529374701758), ([[942, 94], [992, 94], [992, 126], [942, 126]], '상}', 0.9022340113662711), ([[196, 150], [228, 150], [228, 182], [196, 182]], '학', 0.8970382343524221), ([[911, 199], [961, 199], [961, 239], [911, 239]], '낭 ', 0.17750958864782568), ([[36, 246], [84, 246], [84, 300], [36, 300]], "'8", 0.04617190678945418), ([[154, 326], [264, 326], [264, 358], [154, 358]], '우리같이', 0.9997881650924683), ([[152, 352], [266, 352], [266, 384], [152, 384]], '기분좋아', 0.5781792998313904), ([[865, 355], [923, 355], [923, 391], [865, 391]], '잠깐', 0.9999132628875714), ([[166, 380], [252, 380], [252, 410], [166, 410]], '저요9', 0.3410711197945209), ([[800, 466], [834, 466], [834, 496], [800, 496]], '앗', 0.20436607035514331), ([[764, 492], [846, 492], [846, 520], [764, 520]], '이이어', 0.08237899086553037), ([[764, 518], [846, 518], [846, 548], [764, 548]], '아아-아', 0.1836494356393814), ([[763, 545], [847, 545], [847, 581], [763, 581]], '아이양', 0.44271674161015295), ([[342, 588], [374, 588], [374, 620], [342, 620]], '12', 0.9704153844042168), ([[613, 603], [683, 603], [683, 647], [613, 647]], "'및", 0.0019023769293169128), ([[181, 641], [261, 641], [261, 681], [181, 681]], '응히익', 0.5218326320475706), ([[192, 670], [224, 670], [224, 702], [192, 702]], '0', 0.719827965799599), ([[493, 665], [557, 665], [557, 731], [493, 731]], '33', 0.32763725287531387), ([[772, 712], [846, 712], [846, 760], [772, 760]], '스54,', 0.5022000074386597), ([[86, 750], [116, 750], [116, 810], [86, 810]], '&', 0.27106130891708347), ([[958, 1036], [1022, 1036], [1022, 1062], [958, 1062]], '후춧어', 0.25090014387336124), ([[948, 1058], [1032, 1058], [1032, 1082], [948, 1082]], '사구야상', 0.9231026660501304), ([[956, 1076], [1022, 1076], [1022, 1100], [956, 1100]], '주도권', 0.9990897004354634), ([[948, 1096], [1034, 1096], [1034, 1122], [948, 1122]], '뱃기니까', 0.4815797805786133), ([[948, 1116], [1032, 1116], [1032, 1142], [948, 1142]], '약하네요', 0.9898556470870972), ([[255, 1157], [373, 1157], [373, 1183], [255, 1183]], '기분좋나요?', 0.816288345083178), ([[258, 1180], [370, 1180], [370, 1206], [258, 1206]], '제 동구멍도', 0.614772982661886), ([[261, 1199], [367, 1199], [367, 1223], [261, 1223]], '푹푹찢리고', 0.3520545723148508), ([[268, 1220], [364, 1220], [364, 1246], [268, 1246]], '있어요~}', 0.9665476065723234), ([[500, 1198], [530, 1198], [530, 1256], [500, 1256]], '%', 0.24275406393228227), ([[688, 1223], [764, 1223], [764, 1363], [688, 1363]], ':', 0.007212761129782308), ([[244, 1370], [338, 1370], [338, 1424], [244, 1424]], '자골양습_', 0.01926765587784014), ([[240, 1414], [326, 1414], [326, 1438], [240, 1438]], '귀여워요', 0.988008975982666), ([[250, 1436], [336, 1436], [336, 1460], [250, 1460]], '나도가앗', 0.5431728363037109), ([[439, 1411], [499, 1411], [499, 1473], [439, 1473]], '%하', 0.5658479519522974), ([[371, 1447], [411, 1447], [411, 1487], [371, 1487]], '18', 0.06163633468097865), ([[781, 1487], [843, 1487], [843, 1569], [781, 1569]], '있', 0.05263148128747397), ([[1070, 1534], [1094, 1534], [1094, 1558], [1070, 1558]], '29', 0.9966748864474325), ([[548.5661390843627, 143.0476258796321], [569.4416513051956, 139.04937340205282], [577.4338609156373, 191.9523741203679], [556.5583486948044, 195.95062659794718]], '육', 0.563776739887544), ([[705.6027607015021, 285.34524533285406], [767.5174589596694, 278.3683136372513], [770.3972392984979, 309.65475466714594], [708.4825410403306, 316.6316863627487]], '\'("전)', 0.010418734629228042), ([[770.400119964012, 438.0605878236588], [794.6561343707522, 434.07263126895197], [804.599880035988, 492.9394121763412], [780.3438656292478, 497.92736873104803]], '올', 0.20542642304667424), ([[576.095947656747, 747.0204432141086], [832.7777114340314, 853.0264280011771], [763.904052343253, 1007.9795567858914], [507.2222885659686, 901.9735719988229]], '예요%', 0.06586378250175012), ([[693.3204595160191, 1294.0779759188824], [717.898020223612, 1290.1375605372368], [724.6795404839809, 1342.9220240811176], [700.101979776388, 1346.8624394627632]], ':$', 0.004096393510213698)]
[([[514, 134], [616, 134], [616, 242], [514, 242]], '촬준', 0.0024423350772428158), ([[762, 196], [816, 196], [816, 226], [762, 226]], '대단', 0.6250721595635576), ([[757, 221], [813, 221], [813, 259], [757, 259]], "'해옷", 0.6830137136392515), ([[113, 275], [169, 275], [169, 313], [113, 313]], '응애', 0.8419810638196797), ([[112, 302], [168, 302], [168, 332], [112, 332]], '이아', 0.1648286341807943), ([[1016, 372], [1046, 372], [1046, 406], [1016, 406]], '양', 0.9761635033208371), ([[626, 388], [650, 388], [650, 448], [626, 448]], '유', 0.0564775683267591), ([[794, 378], [919, 378], [919, 455], [794, 455]], '@8원', 0.0032836997415395704), ([[890, 756], [970, 756], [970, 788], [890, 788]], '기지이', 0.007707945004821088), ([[891, 779], [968, 779], [968, 812], [891, 812]], '두꺼위', 0.23680464028015652), ([[52, 808], [82, 808], [82, 868], [52, 868]], '양', 0.16687956748544153), ([[171, 821], [189, 821], [189, 849], [171, 849]], '응', 0.9600026394910088), ([[887, 807], [969, 807], [969, 843], [887, 843]], '어어0', 0.5935029180179464), ([[465, 875], [523, 875], [523, 913], [465, 913]], '존데', 0.7549707847509969), ([[658, 1136], [756, 1136], [756, 1214], [658, 1214]], '꼴 ', 0.0156239102993815), ([[0, 1193], [33, 1193], [33, 1235], [0, 1235]], '터', 0.014663012415228105), ([[10, 1222], [38, 1222], [38, 1252], [10, 1252]], '산', 0.010568568496536423), ([[369, 1199], [431, 1199], [431, 1269], [369, 1269]], '-', 0.008251229599682885), ([[384, 1254], [416, 1254], [416, 1286], [384, 1286]], '햇', 0.32975188456208926), ([[114, 1302], [140, 1302], [140, 1352], [114, 1352]], '&', 0.13600144850322327), ([[534, 1344], [590, 1344], [590, 1374], [534, 1374]], '아직', 0.9999381289870019), ([[534, 1372], [590, 1372], [590, 1402], [534, 1402]], '사정', 0.9999193318849618), ([[943, 1357], [999, 1357], [999, 1393], [943, 1393]], '응하', 0.49195416471252246), ([[520, 1398], [606, 1398], [606, 1428], [520, 1428]], '하지마', 0.9997843039515224), ([[140, 1412], [216, 1412], [216, 1464], [140, 1464]], '1리0', 0.030190159088477195), ([[536, 1426], [588, 1426], [588, 1452], [536, 1452]], '0어', 0.2169596606617242), ([[264, 1458], [294, 1458], [294, 1484], [264, 1484]], '하', 0.8712220502780497), ([[264, 1486], [294, 1486], [294, 1518], [264, 1518]], '양', 0.9765998090148322), ([[51, 1531], [73, 1531], [73, 1551], [51, 1551]], '30', 0.99996872718163), ([[446.99508749336485, 392.056278690947], [571.5314610644647, 421.1339622986564], [550.0049125066352, 498.943721309053], [426.4685389355353, 469.8660377013436]], '@버?', 0.04924582373583016), ([[629.4334578190496, 1094.053980659058], [652.4943733817049, 1097.3986833725876], [645.5665421809504, 1151.946019340942], [622.5056266182951, 1149.6013166274124]], '흉', 0.03741385308444478)]
[([[0, 0], [44, 0], [44, 92], [0, 92]], '줄', 0.09226218466820146), ([[46, 42], [104, 42], [104, 90], [46, 90]], '#동', 0.010385810595041012), ([[242, 16], [322, 16], [322, 106], [242, 106]], '[>', 0.0008264944365587622), ([[285, 99], [329, 99], [329, 181], [285, 181]], '표', 0.9636482975821856), ([[302, 32], [430, 32], [430, 220], [302, 220]], '뿐', 0.06123170606230488), ([[536, 121], [624, 121], [624, 175], [536, 175]], "'쉬징마", 0.2947949171066284), ([[551, 69], [613, 69], [613, 133], [551, 133]], '열흘', 0.6666634008403652), ([[556, 322], [586, 322], [586, 350], [556, 350]], '하', 0.9179647871972954), ([[558, 350], [588, 350], [588, 376], [558, 376]], '이', 0.3274221853772019), ([[851, 417], [933, 417], [933, 453], [851, 453]], '통구멍', 0.7636169791221619), ([[864, 446], [922, 446], [922, 476], [864, 476]], '으로', 0.9960118696557791), ([[849, 471], [935, 471], [935, 507], [849, 507]], '바버)', 0.06805711006384299), ([[728, 732], [752, 732], [752, 792], [728, 792]], '응', 0.2103474595811008), ([[178, 806], [208, 806], [208, 866], [178, 866]], '종', 0.45231391204797333), ([[524, 832], [570, 832], [570, 864], [524, 864]], '영옷', 0.03329747590312185), ([[893, 791], [929, 791], [929, 853], [893, 853]], '술', 0.02386968601238082), ([[166, 860], [194, 860], [194, 892], [166, 892]], '겪', 0.43538306734811627), ([[164, 886], [194, 886], [194, 920], [164, 920]], '질', 0.09448167094092597), ([[192, 860], [222, 860], [222, 944], [192, 944]], '춤', 0.09331067655297431), ([[622, 1100], [646, 1100], [646, 1134], [622, 1134]], '응', 0.9890753824623886), ([[305, 1145], [325, 1145], [325, 1169], [305, 1169]], '5', 0.4335259574080652), ([[695, 1205], [759, 1205], [759, 1271], [695, 1271]], '긁잎', 0.009528179701315668), ([[700, 1208], [730, 1208], [730, 1242], [700, 1242]], '칼', 0.34514123456119705), ([[950, 1224], [982, 1224], [982, 1254], [950, 1254]], '하', 0.934986422477678), ([[952, 1250], [984, 1250], [984, 1280], [952, 1280]], '아', 0.15850640501504643), ([[700, 1262], [756, 1262], [756, 1294], [700, 1294]], '세요', 0.9997299336771889), ([[116, 1292], [148, 1292], [148, 1322], [116, 1322]], '하', 0.8795589302275211), ([[326, 1302], [408, 1302], [408, 1334], [326, 1334]], '허리클', 0.2888814227370048), ([[118, 1318], [142, 1318], [142, 1354], [118, 1354]], '후', 0.1229512930231067), ([[338, 1330], [398, 1330], [398, 1360], [338, 1360]], '계속', 0.676393495454728), ([[325, 1355], [409, 1355], [409, 1391], [325, 1391]], '흔들어', 0.9997252535995756), ([[366, 1380], [396, 1380], [396, 1412], [366, 1412]], '0', 0.7023237195761034), ([[424.5326739962425, -4.981772848095462], [470.2425402087342, -8.869931330916806], [484.4673260037575, 134.98177284809546], [438.7574597912658, 139.8699313309168]], '품', 0.028815003492504765), ([[196.6097143038745, 809.0190858995201], [229.3377723067447, 801.0142867804122], [256.3902856961255, 918.9809141004799], [222.6622276932553, 926.9857132195878]], '털', 0.016774395684834076)]
[([[561, 131], [643, 131], [643, 167], [561, 167]], '하아양', 0.951964377333527), ([[474, 156], [498, 156], [498, 190], [474, 190]], '응', 0.9599007917785372), ([[128, 244], [158, 244], [158, 276], [128, 276]], '잇', 0.12852661189823777), ([[922, 240], [954, 240], [954, 268], [922, 268]], '하', 0.9424237899693253), ([[924, 268], [952, 268], [952, 294], [924, 294]], '이', 0.36035481131165525), ([[457, 395], [501, 395], [501, 449], [457, 449]], '씨', 0.6861766709016734), ([[234, 460], [260, 460], [260, 498], [234, 498]], '화', 0.5039981544442185), ([[350, 682], [430, 682], [430, 708], [350, 708]], '아이이', 0.4149967361264434), ([[354, 712], [434, 712], [434, 744], [354, 744]], '009', 0.3437944562393754), ([[633, 721], [711, 721], [711, 759], [633, 759]], '음우웃', 0.2318849851242211), ([[985, 825], [1077, 825], [1077, 893], [985, 893]], "음'", 0.057492415947920136), ([[135, 1217], [219, 1217], [219, 1261], [135, 1261]], '어제', 0.9999956167305686), ([[324, 1210], [374, 1210], [374, 1240], [324, 1240]], '(세4', 0.0026870162440452267), ([[545, 1215], [657, 1215], [657, 1247], [545, 1247]], '이르지만', 0.9957250952720642), ([[441, 1241], [511, 1241], [511, 1277], [441, 1277]], '언365', 0.001859727781265974), ([[586, 1244], [616, 1244], [616, 1274], [586, 1274]], '또', 0.999975204621478), ([[116, 1254], [242, 1254], [242, 1304], [116, 1304]], '햇찮아', 0.3061475214253685), ([[557, 1267], [645, 1267], [645, 1303], [557, 1303]], '엉덩이', 0.9915196792927068), ([[559, 1293], [646, 1293], [646, 1332], [559, 1332]], '축제름', 0.2476615946998928), ([[164, 1338], [192, 1338], [192, 1366], [164, 1366]], '뭐', 0.9999980926522767), ([[96, 1364], [262, 1364], [262, 1396], [96, 1396]], '대환영이지만', 0.9783429902839628), ([[302, 1366], [346, 1366], [346, 1394], [302, 1394]], '55네', 0.02479011819490213), ([[80, 1470], [248, 1470], [248, 1546], [80, 1546]], '꼬시)', 0.004452708090318107), ([[35, 1545], [59, 1545], [59, 1565], [35, 1565]], '32', 0.8430921910256347), ([[902.624826387077, 1311.008802044739], [965.3506745343043, 1329.286459123789], [902.375173612923, 1539.991197955261], [840.6493254656957, 1521.713540876211]], '출', 0.8040815167633788)]
[([[114, 208], [226, 208], [226, 256], [114, 256]], '묘-도', 0.0012899186341898687), ([[1047, 1539], [1069, 1539], [1069, 1559], [1047, 1559]], '33', 0.9759031649350413), ([[133.0, 256.0], [376.7757276456133, 218.51931588280112], [382.0, 256.0], [138.22427235438673, 292.4806841171989]], '출스달>33* 온;디', 0.014245628946307955), ([[359.1708677174509, 256.6221280326862], [422.474797116963, 245.30430567911796], [426.8291322825491, 274.3778719673138], [363.525202883037, 285.69569432088207]], "초')", 0.07626277009814905), ([[111.17157287525382, 298.1715728752538], [365.83087097152975, 257.84916221842934], [369.8284271247462, 293.8284271247462], [115.16912902847022, 333.15083778157066]], "국3 ,2+국소중 ( . (' .", 0.01693162665089779), ([[234.28352926876417, 333.65517634188774], [371.343422977625, 304.52317202102375], [379.71647073123586, 349.34482365811226], [241.65657702237502, 378.47682797897625]], '가을 히', 0.2318345974656303)]
[([[177, 163], [361, 163], [361, 195], [177, 195]], '* > 순 * ##유주화', 0.007621726951465281), ([[178, 202], [734, 202], [734, 234], [178, 234]], "스미#) [근후조 *청 3 (서-빠숨 > { > 청치경 ') *  초.", 0.0028226397440725753), ([[176, 238], [885, 238], [885, 275], [176, 275]], '0*7** ? <#한홀 < 순0센?초? 6 *#-0* 문씌가 5 주) )? 7', 0.0006569269463697573), ([[176, 276], [863, 276], [863, 313], [176, 313]], '115 특다?.| *방61081*. 3지 슬#훈 < 친? ? 초가##? <', 0.00038866266504220746), ([[174, 314], [507, 314], [507, 351], [174, 351]], '*늘2 6 \') 가" * >군21) 놓0 초 !', 0.0026216400409489024), ([[178, 356], [750, 356], [750, 388], [178, 388]], "터0 7#시간 < 친? ? 초밥번 0'#* * >2251 70 초-", 0.001910361716710435), ([[780, 358], [890, 358], [890, 388], [780, 388]], '중 *초 !', 0.21372825077037727), ([[132, 1218], [440, 1218], [440, 1250], [132, 1250]], '쫓;다 : 20 1 0 -8 터 1 4타', 0.03080652758648767), ([[132, 1256], [272, 1256], [272, 1288], [132, 1288]], '술# : * # %%', 0.005510666237181321), ([[130, 1294], [182, 1294], [182, 1326], [130, 1326]], '포수', 0.03286938716573294), ([[198, 1296], [286, 1296], [286, 1326], [198, 1326]], '가하', 0.3338160564165489), ([[127, 1329], [184, 1329], [184, 1366], [127, 1366]], '너므곁]', 0.0016946926480159163), ([[194, 1331], [485, 1331], [485, 1367], [194, 1367]], "#)> ^제)7'5- 3)", 0.16787171333203088), ([[130, 1384], [418, 1384], [418, 1412], [130, 1412]], '훌++명://>+5+. 5라*4칭고담.6. 의아어/', 9.008091890304494e-06), ([[128, 1414], [300, 1414], [300, 1440], [128, 1440]], "'아나,서,4!어@}기+물교", 2.795286113602816e-06), ([[309, 1419], [387, 1419], [387, 1439], [309, 1439]], '1. 00. 스', 0.19578953029982163), ([[63, 1501], [87, 1501], [87, 1521], [63, 1521]], '34', 0.9701638918660307)]
[([[256, 244], [749, 244], [749, 356], [256, 356]], '역식자후기', 0.996394486774625), ([[341, 345], [659, 345], [659, 453], [341, 453]], '78번째', 0.999494731426239), ([[409, 439], [605, 439], [605, 549], [409, 549]], '종군', 0.07949046106313967), ([[124, 636], [892, 636], [892, 740], [124, 740]], '20140622 |자<+.', 0.037022537660721756), ([[76, 738], [226, 738], [226, 834], [76, 834]], '사0', 0.08829668832703111), ([[256, 734], [948, 734], [948, 836], [256, 836]], '44루 사0 니5긋', 0.0005047943193407753)]
