712360
59
[([[12, 12], [105, 12], [105, 43], [12, 43]], '-토-', 0.0070812744243538926), ([[185, 11], [264, 11], [264, 41], [185, 41]], '네', 0.08919169581440656), ([[290, 10], [432, 10], [432, 42], [290, 42]], '5,--쪽', 0.003090839267137145), ([[1059, 5], [1177, 5], [1177, 117], [1059, 117]], '@', 0.0034124379357641232), ([[193, 83], [493, 83], [493, 186], [193, 186]], '[개드램_면역', 0.11351230045360193), ([[531, 87], [731, 87], [731, 177], [531, 177]], '때', 0.006022207863303708), ([[1065, 113], [1177, 113], [1177, 153], [1065, 153]], '4이--', 0.008380390703678131), ([[360, 174], [730, 174], [730, 276], [360, 276]], '색_:무 영권0', 0.00424456822283573), ([[1146, 462], [1198, 462], [1198, 514], [1146, 514]], '싶', 0.0034717959649877006), ([[125, 1207], [678, 1207], [678, 1442], [125, 1442]], '내오>', 0.00016422232630235861), ([[791, 1643], [1190, 1643], [1190, 1683], [791, 1683]], "이^--설 [-신.설시 ['어웃니<+", 4.6430311066223755e-06), ([[840.8039984476616, 5.002744581517628], [888.1732142719621, -17.99785658726932], [1083.1960015523384, 375.9972554184824], [1035.826785728038, 399.9978565872693]], '[', 0.2408411054754902), ([[56.915542973704504, 961.0210087215761], [607.2358906691726, 1046.5033655284542], [557.0844570262955, 1274.9789912784238], [7.764109330827395, 1189.4966344715458]], '기타다', 0.0021655014669185947)]
[([[24, 12], [280, 12], [280, 44], [24, 44]], '갈>-모) ^년7 어시니꼴', 6.640753268158778e-05), ([[302, 10], [446, 10], [446, 42], [302, 42]], '5,8어-쪽', 0.0013815085187100307), ([[1071, 7], [1189, 7], [1189, 117], [1071, 117]], '@', 0.13844547674541108), ([[1077, 113], [1189, 113], [1189, 153], [1077, 153]], '이0', 0.004664241562897181), ([[133, 1211], [662, 1211], [662, 1442], [133, 1442]], '개>', 0.0006464995855533243), ([[803, 1643], [1202, 1643], [1202, 1685], [803, 1685]], '이장다:- [어신서.설시 [하어어니후+', 2.1784391541058716e-06), ([[73.93612997569984, 963.0202183609058], [637.2854149616337, 1051.7146097677664], [586.0638700243002, 1281.9797816390942], [22.7145850383663, 1193.2853902322336]], '기3내', 0.007234213748851227)]
[([[394, 1260], [826, 1260], [826, 1334], [394, 1334]], '이 세계는 잘못되없다', 0.8272968977568357)]
[]
[]
[([[570, 238], [626, 238], [626, 364], [570, 364]], '자', 0.9989793522077548), ([[570, 396], [622, 396], [622, 576], [570, 576]], '군', 0.0067470246696155756), ([[570, 590], [624, 590], [624, 784], [570, 784]], '%', 0.00621932731043473), ([[574, 808], [626, 808], [626, 932], [574, 932]], '옛', 0.569681233132556), ([[570, 948], [626, 948], [626, 1146], [570, 1146]], '탑', 0.567167566956428)]
[([[42, 110], [142, 110], [142, 140], [42, 140]], '악몽과도 같은', 0.9611986812813516), ([[202, 104], [268, 104], [268, 134], [202, 134]], '그럼에도', 0.7666786313056946), ([[850, 114], [916, 114], [916, 142], [850, 142]], '잠들어도', 0.9978979229927063), ([[992, 100], [1080, 100], [1080, 128], [992, 128]], '눈올 뜨는 게', 0.7139594381838432), ([[54, 136], [130, 136], [130, 162], [54, 162]], '현실보디는', 0.5707326984226953), ([[992, 126], [1080, 126], [1080, 152], [992, 152]], '고통이 된 권', 0.5160806143974224), ([[850, 140], [916, 140], [916, 170], [850, 170]], '악몽밖에', 0.9796791672706604), ([[990, 149], [1086, 149], [1086, 179], [990, 179]], '언제부터일까', 0.982490145096684), ([[66, 162], [118, 162], [118, 188], [66, 188]], '낫다고', 0.9761989712715149), ([[858, 166], [906, 166], [906, 190], [858, 190]], '보이지', 0.9144767337756219), ([[46, 186], [140, 186], [140, 216], [46, 216]], '생각해버린다', 0.5583020842858115), ([[856, 192], [908, 192], [908, 220], [856, 220]], '않늘데', 0.16528346302894384), ([[178, 478], [260, 478], [260, 510], [178, 510]], '나오라고', 0.9491766860099021), ([[188, 512], [250, 512], [250, 544], [188, 544]], '당신들', 0.9999097702946838), ([[867, 1403], [973, 1403], [973, 1441], [867, 1441]], '아젠다 씨.', 0.43637755213041773)]
[([[841, 141], [939, 141], [939, 183], [841, 183]], '모여주신', 0.9806227684020996), ([[1071, 139], [1149, 139], [1149, 175], [1071, 175]], '차 그럼', 0.8630048407429929), ([[841, 185], [939, 185], [939, 229], [841, 229]], '여러분들', 0.9232981204986572), ([[849, 229], [933, 229], [933, 271], [849, 271]], '대단히', 0.9989815207101107), ([[851, 275], [931, 275], [931, 313], [851, 313]], '기다려', 0.8458562361718832), ([[125, 307], [191, 307], [191, 347], [125, 347]], '오늘밤', 0.6383654377396822), ([[827, 315], [953, 315], [953, 359], [827, 359]], '주여습니다', 0.4064393806361928), ([[125, 343], [191, 343], [191, 379], [125, 379]], '최초의', 0.9982496971965107), ([[119, 381], [197, 381], [197, 419], [119, 419]], '주여으로', 0.43351680040359497), ([[101, 417], [215, 417], [215, 455], [101, 455]], '등장하는 건', 0.8659944145422911), ([[1061, 1033], [1111, 1033], [1111, 1069], [1061, 1069]], '전직', 0.9961609824375275), ([[1009, 1065], [1161, 1065], [1161, 1105], [1009, 1105]], '(혈명 기사단)', 0.6263286437595393), ([[1015, 1103], [1159, 1103], [1159, 1143], [1015, 1143]], '부단장 섬광의', 0.8861481020271549), ([[1019, 1141], [1133, 1141], [1133, 1177], [1019, 1177]], '아스나남과', 0.6088371152166085), ([[527, 1353], [593, 1353], [593, 1389], [527, 1389]], '그녀의', 0.9743442523825234), ([[517, 1389], [601, 1389], [601, 1427], [517, 1427]], '친구로써', 0.4472040832042694), ([[505, 1427], [619, 1427], [619, 1465], [505, 1465]], '대장장이의', 0.9983241842340325), ([[515, 1465], [585, 1465], [585, 1501], [515, 1501]], '리초넷', 0.5881955623626709)]
[([[854, 96], [912, 96], [912, 126], [854, 126]], '여기논', 0.5860777394622831), ([[844, 124], [920, 124], [920, 156], [844, 156]], '(혹철궁)', 0.3837711540109422), ([[58, 166], [118, 166], [118, 196], [58, 196]], '일찍이', 0.9992357317903331), ([[48, 194], [126, 194], [126, 226], [48, 226]], '악질적인', 0.6902299523353577), ([[41, 224], [133, 224], [133, 254], [41, 254]], '플라이어률', 0.5599129977856421), ([[58, 252], [118, 252], [118, 284], [58, 284]], '붙잡아', 0.9919263979010359), ([[58, 282], [116, 282], [116, 314], [58, 314]], '두엇담', 0.1047520437202584), ([[58, 312], [118, 312], [118, 342], [58, 342]], '장소다', 0.9997901539535526), ([[326, 450], [766, 450], [766, 526], [326, 526]], '세계는 변하고 말있다.', 0.2663572550315686), ([[308, 668], [346, 668], [346, 692], [308, 692]], '그저', 0.9998668185564217), ([[272, 696], [382, 696], [382, 726], [272, 726]], '죽올때까지의', 0.36748675715091406), ([[298, 726], [358, 726], [358, 756], [298, 756]], '시간을', 0.48130311289725364), ([[278, 754], [378, 754], [378, 786], [278, 786]], '항라올 위해', 0.34237155193562396), ([[794, 762], [886, 762], [886, 792], [794, 792]], '언제부런가', 0.8857946133129972), ([[978, 746], [1076, 746], [1076, 776], [978, 776]], '데스 게임의', 0.9988441061685278), ([[290, 784], [364, 784], [364, 814], [290, 814]], '누구든지', 0.6073119640350342), ([[784, 790], [892, 790], [892, 822], [784, 822]], '사람들로부터', 0.8749121359037636), ([[974, 774], [1082, 774], [1082, 806], [974, 806]], '플레이어들은', 0.49325604887141034), ([[116, 804], [208, 804], [208, 836], [116, 836]], '어디서부터', 0.75467671703238), ([[286, 814], [368, 814], [368, 844], [286, 844]], '이 게임을', 0.26171276527591397), ([[810, 820], [868, 820], [868, 850], [810, 850]], '공락의', 0.7512245452631745), ([[998, 806], [1056, 806], [1056, 834], [998, 834]], '조금씩', 0.9999685468057282), ([[134, 834], [190, 834], [190, 864], [134, 864]], '시작문', 0.24442945024714796), ([[298, 844], [358, 844], [358, 872], [298, 872]], '즐기기', 0.9848220133794048), ([[810, 848], [870, 848], [870, 878], [810, 878]], '의지가', 0.7954738140106201), ([[980, 834], [1076, 834], [1076, 864], [980, 864]], '망가져갖다', 0.22232295082332018), ([[122, 861], [185, 861], [185, 894], [122, 894]], '건지는.', 0.47418665885925293), ([[290, 872], [366, 872], [366, 902], [290, 902]], '시작(다', 0.2421923130750656), ([[802, 878], [878, 878], [878, 910], [802, 910]], '얻어지고', 0.7659281492233276), ([[114, 892], [212, 892], [212, 922], [114, 922]], '이젠 모르다', 0.563511353914557), ([[352, 1146], [410, 1146], [410, 1176], [352, 1176]], '뒤에서', 0.9983230483394155), ([[334, 1176], [428, 1176], [428, 1206], [334, 1206]], '레드길드의', 0.8140533427243604), ([[324, 1206], [440, 1206], [440, 1236], [324, 1236]], '남자의 의지가', 0.9992042627807353), ([[326, 1234], [438, 1234], [438, 1266], [326, 1266]], '관련되없다고', 0.6105229624254711), ([[340, 1264], [422, 1264], [422, 1294], [340, 1294]], '눈치객 건', 0.28775316965219033), ([[1020, 1314], [1122, 1314], [1122, 1346], [1020, 1346]], '(아인크라드', 0.8436973508540457), ([[1028, 1344], [1096, 1344], [1096, 1374], [1028, 1374]], '해방군)', 0.5955623692263728), ([[1020, 1372], [1112, 1372], [1112, 1404], [1020, 1404]], '온전파엿면', 0.15131670538099512), ([[176, 1390], [284, 1390], [284, 1422], [176, 1422]], "'혈씬 기사단)", 0.49829366956422394), ([[682, 1404], [724, 1404], [724, 1434], [682, 1434]], '군의', 0.9998272022941872), ([[1008, 1402], [1124, 1402], [1124, 1432], [1008, 1432]], '유리엘 신귀의', 0.576265414884624), ([[200, 1420], [276, 1420], [276, 1450], [200, 1450]], '망해가고', 0.9999001026153564), ([[662, 1434], [744, 1434], [744, 1464], [662, 1464]], "실권올 '", 0.432909419457778), ([[1046, 1432], [1086, 1432], [1086, 1460], [1046, 1460]], '모살', 0.8498621358716797), ([[204, 1450], [248, 1450], [248, 1480], [204, 1480]], '많은', 0.9950611032222801), ([[664, 1464], [740, 1464], [740, 1492], [664, 1492]], '키바오의', 0.9981696009635925), ([[172, 1478], [282, 1478], [282, 1510], [172, 1510]], '플레이어들이', 0.5855290333538274), ([[682, 1492], [722, 1492], [722, 1522], [682, 1522]], '폭주', 0.9676671315680362), ([[80, 1554], [156, 1554], [156, 1586], [80, 1586]], '(훌철궁)', 0.11234956288584347), ([[70, 1586], [168, 1586], [168, 1616], [70, 1616]], '에 연금당하', 0.49955554317978657), ([[86, 1614], [146, 1614], [146, 1646], [86, 1646]], '후엿다.', 0.49535608291625977)]
[([[226, 142], [250, 142], [250, 168], [226, 168]], '이', 0.9996194009592649), ([[161, 177], [315, 177], [315, 215], [161, 215]], '야인크라드에선', 0.4850553586037564), ([[1070, 168], [1150, 168], [1150, 200], [1070, 200]], '그랫없나.', 0.2791544692792843), ([[165, 211], [311, 211], [311, 253], [165, 253]], '이것이 올바른', 0.9185600152034783), ([[177, 251], [301, 251], [301, 289], [177, 289]], '과거인 거야', 0.6699940395005743), ([[878, 278], [952, 278], [952, 310], [878, 310]], '원가가 .', 0.5157486707803326), ([[875, 309], [969, 309], [969, 345], [875, 345]], '다른 문가', 0.3220752118908541), ([[888, 344], [956, 344], [956, 376], [888, 376]], '기억과', 0.9996112147903197), ([[855, 377], [987, 377], [987, 413], [855, 413]], '맞물리지 앞는', 0.4641481801127655), ([[876, 412], [966, 412], [966, 444], [876, 444]], '느낌이 나', 0.9958934317893811), ([[235, 767], [327, 767], [327, 805], [235, 805]], '탤런스틀', 0.2515287399291992), ([[463, 773], [605, 773], [605, 813], [463, 813]], '너희들이 출던', 0.07925313826814294), ([[217, 803], [345, 803], [345, 841], [217, 841]], '부순 뒤에 이', 0.8950457654358466), ([[484, 812], [582, 812], [582, 844], [484, 844]], '540에도', 0.18047898088198291), ([[233, 837], [327, 837], [327, 879], [233, 879]], '유희성올', 0.663507342338562), ([[483, 845], [581, 845], [581, 883], [483, 883]], '이렇게 덜', 0.16538182581929942), ([[202, 874], [359, 874], [359, 913], [202, 913]], '시물레이트되어', 0.8912110570053773), ([[485, 881], [579, 881], [579, 921], [485, 921]], '가능성은', 0.9923927783966064), ([[144, 918], [174, 918], [174, 950], [144, 950]], '뭐', 0.7494873432004898), ([[255, 911], [305, 911], [305, 951], [255, 951]], '잇지', 0.29879338505095576), ([[493, 917], [569, 917], [569, 959], [493, 959]], '있없어.', 0.4213433265686035), ([[123, 953], [193, 953], [193, 991], [123, 991]], '어쨌든', 0.9983012355882755), ([[859, 1341], [931, 1341], [931, 1377], [859, 1377]], '소중한', 0.9829200387220947), ([[940, 1344], [1008, 1344], [1008, 1376], [940, 1376]], '중요한', 0.8871309358350669), ([[867, 1375], [999, 1375], [999, 1411], [867, 1411]], '기억이 있있단', 0.1332258725580011), ([[869, 1407], [999, 1407], [999, 1443], [869, 1443]], '느낌이 나는데', 0.9311491079472075), ([[890, 1442], [976, 1442], [976, 1474], [890, 1474]], '아무것도', 0.9629799798178201), ([[387, 1471], [487, 1471], [487, 1515], [387, 1515]], '이 게임에', 0.9881823714168018), ([[865, 1473], [1003, 1473], [1003, 1509], [865, 1509]], '떠올린 수 없어', 0.3611253958368555), ([[398, 1506], [472, 1506], [472, 1554], [398, 1554]], '영웅은', 0.9623275545810249), ([[365, 1547], [509, 1547], [509, 1589], [365, 1589]], '나타나지 않아', 0.9900715372555187)]
[([[371, 0], [763, 0], [763, 37], [371, 37]], '말하는 거지 필 말하는 거지 필 말하는', 0.39532419975636), ([[370, 33], [763, 33], [763, 73], [370, 73]], '[말하는 거지 필 말하는 거지 필 말하는', 0.3741405029245215), ([[369, 69], [763, 69], [763, 109], [369, 109]], '말하는 거지 필 말하는 거지 필 말하는', 0.4127693732401335), ([[1024, 86], [1104, 86], [1104, 114], [1024, 114]], '그 사람은', 0.9713873877166583), ([[371, 107], [763, 107], [763, 145], [371, 145]], '말하는 거지 필 말하는 거지 필 말하는', 0.621653007587684), ([[1028, 116], [1104, 116], [1104, 146], [1028, 146]], '누구없지', 0.41439953446388245), ([[256, 158], [316, 158], [316, 184], [256, 184]], '아스나;', 0.5563316941261292), ([[369, 141], [763, 141], [763, 181], [369, 181]], '말하는 거지 필 말하는 거지 필 말하는', 0.49896449846327023), ([[369, 179], [763, 179], [763, 219], [369, 219]], '말하는 거지 필 말하는 거지 필 말하는', 0.471951278321782), ([[800, 174], [890, 174], [890, 206], [800, 206]], '필 말하는', 0.8022380014969409), ([[371, 215], [763, 215], [763, 255], [371, 255]], '말하는 거지 필 말하는 거지 필 말하는', 0.20138756682486145), ([[822, 208], [868, 208], [868, 240], [822, 240]], '거지', 0.6395019948259814), ([[369, 251], [763, 251], [763, 293], [369, 293]], '말하는 거지 물 말하는 거지 필 말하는', 0.12120009560323655), ([[371, 291], [763, 291], [763, 327], [371, 327]], '말하는 거지 필 말하는 거지 필 말하는', 0.717032660433058), ([[588, 1118], [632, 1118], [632, 1146], [588, 1146]], '리즈', 0.9994960451866988), ([[1031, 1439], [1045, 1439], [1045, 1461], [1031, 1461]], '응', 0.9966314835957668), ([[57, 1515], [95, 1515], [95, 1535], [57, 1535]], '하아', 0.997000800582563), ([[554, 1516], [582, 1516], [582, 1540], [554, 1540]], '하', 0.9984424223611121), ([[77, 1543], [91, 1543], [91, 1567], [77, 1567]], '우', 0.9011717179805743), ([[0, 1605], [59, 1605], [59, 1677], [0, 1677]], '꼴', 0.024471321148667124), ([[849, 1677], [891, 1677], [891, 1721], [849, 1721]], '0', 0.901420699178189), ([[397.2161622789965, 502.06182235767767], [454.9920839055837, 540.7187558363051], [431.7838377210035, 574.9381776423223], [374.0079160944163, 537.2812441636949]], '노', 0.005759533676875039), ([[79.50127065008463, 998.0177891011848], [128.64936170108246, 987.0301844083816], [161.49872934991538, 1151.982210898815], [112.35063829891754, 1161.9698155916185]], '"', 0.6221027627836975), ([[425.3956710981649, 1534.0228584957763], [486.4013878696029, 1529.3689229921508], [497.6043289018351, 1681.9771415042237], [436.5986121303971, 1687.6310770078492]], '올', 0.44916818674943215), ([[788.0737387183583, 1656.0719277974933], [866.731715344148, 1679.2258976315732], [849.9262612816417, 1731.9280722025067], [771.268284655852, 1708.7741023684268]], '완웃', 0.005547437255013289)]
[([[1099, 221], [1143, 221], [1143, 279], [1099, 279]], '6', 0.2888883349096574), ([[250, 446], [348, 446], [348, 568], [250, 568]], '&', 0.9231074182680601), ([[919, 867], [986, 867], [986, 1012], [919, 1012]], '탑', 0.005369354446953745), ([[134, 1419], [189, 1419], [189, 1448], [134, 1448]], '하아', 0.9899260671887523), ([[146, 1458], [192, 1458], [192, 1484], [146, 1484]], '하아', 0.9405891918068976), ([[562, 1556], [592, 1556], [592, 1598], [562, 1598]], '후', 0.9978203742451939), ([[664, 1584], [715, 1584], [715, 1689], [664, 1689]], '8', 0.1843349638563021), ([[958, 1642], [984, 1642], [984, 1666], [958, 1666]], '에', 0.334189991645534)]
[([[489, 255], [553, 255], [553, 357], [489, 357]], '', 0.0), ([[650, 334], [674, 334], [674, 362], [650, 362]], '하', 0.4484194920098936), ([[414, 426], [438, 426], [438, 450], [414, 450]], '리', 0.9991669006519857), ([[451, 427], [467, 427], [467, 449], [451, 449]], '스', 0.8347415755715701), ([[467, 705], [531, 705], [531, 783], [467, 783]], '양', 0.0623338211004596), ([[586, 874], [640, 874], [640, 900], [586, 900]], '아스나', 0.9887560152367061), ([[29, 1063], [87, 1063], [87, 1107], [29, 1107]], '앗양', 0.1952559961227873), ([[1026, 1340], [1074, 1340], [1074, 1372], [1026, 1372]], '자아,', 0.6379107611712181), ([[1019, 1373], [1087, 1373], [1087, 1411], [1019, 1411]], '그러면', 0.9973550915711447), ([[1011, 1411], [1095, 1411], [1095, 1449], [1011, 1449]], '분위기도', 0.9658508218131916), ([[1011, 1447], [1095, 1447], [1095, 1485], [1011, 1485]], '불타오른', 0.9442420601844788), ([[1019, 1483], [1087, 1483], [1087, 1521], [1019, 1521]], '높이니', 0.17239584246204753), ([[601, 1543], [691, 1543], [691, 1581], [601, 1581]], '차치남의', 0.3869509994983673), ([[591, 1579], [705, 1579], [705, 1617], [591, 1617]], '입장입니다', 0.832986270113407)]
[([[967, 219], [1097, 219], [1097, 255], [967, 255]], "자아 이 '우품", 0.40385130848702167), ([[971, 253], [1091, 253], [1091, 295], [971, 295]], '숫은 늘름한', 0.1650903416980578), ([[979, 291], [1087, 291], [1087, 329], [979, 329]], '자지녁에계', 0.07619884866666324), ([[159, 515], [285, 515], [285, 555], [159, 555]], '빨아숙아주길', 0.11920994781037511), ([[157, 553], [287, 553], [287, 589], [157, 589]], '하도록 하조', 0.49497499155262376), ([[198, 900], [348, 900], [348, 1164], [198, 1164]], '2', 0.21961682915167557), ([[347, 1105], [435, 1105], [435, 1193], [347, 1193]], '@)', 0.14591874728156307), ([[1081, 1299], [1101, 1299], [1101, 1325], [1081, 1325]], '우', 0.9999290717304667), ([[1116, 1298], [1156, 1298], [1156, 1324], [1116, 1324]], '와아', 0.9984540666494253), ([[1098, 1328], [1138, 1328], [1138, 1358], [1098, 1358]], '이런', 0.9997783147745423), ([[132, 1334], [344, 1334], [344, 1434], [132, 1434]], ';+ /', 0.07787173986434937), ([[379, 1379], [453, 1379], [453, 1419], [379, 1419]], '엄청난', 0.9916087759809207), ([[379, 1417], [455, 1417], [455, 1455], [379, 1455]], '냄새 !', 0.6110914349555969), ([[756, 1412], [814, 1412], [814, 1442], [756, 1442]], '뜨겁고', 0.9773220543966202), ([[744, 1440], [806, 1440], [806, 1470], [744, 1470]], '커다란.', 0.5927906632423401)]
[([[426, 80], [478, 80], [478, 192], [426, 192]], '1', 0.11782576363736386), ([[963, 159], [1059, 159], [1059, 199], [963, 199]], '자아 손올', 0.7951700131140209), ([[969, 197], [1057, 197], [1057, 235], [969, 235]], '사용해선', 0.9988558888435364), ([[963, 233], [1063, 233], [1063, 271], [963, 271]], '안 %니다', 0.325813349263254), ([[585, 843], [651, 843], [651, 881], [585, 881]], '개같이', 0.9346194771645986), ([[583, 879], [651, 879], [651, 917], [583, 917]], '여만을', 0.38962301851770287), ([[575, 915], [663, 915], [663, 953], [575, 953]], '사용해서', 0.9998573064804077), ([[565, 951], [669, 951], [669, 989], [565, 989]], '찾아주세요', 0.21352834216374966)]
[([[367, 125], [503, 125], [503, 161], [367, 161]], '기다리석습니다', 0.331029089653388), ([[386, 160], [482, 160], [482, 192], [386, 192]], '여기서부런', 0.7893875531070931), ([[937, 147], [985, 147], [985, 183], [937, 183]], '그럼', 0.9197406884035468), ([[373, 191], [495, 191], [495, 227], [373, 227]], '관객참가형이', 0.4663370192856064), ([[887, 177], [1033, 177], [1033, 219], [887, 219]], '참율 수 없어진', 0.5484268122509465), ([[385, 223], [485, 223], [485, 259], [385, 259]], '되풀습니다', 0.3081926059160843), ([[917, 217], [1003, 217], [1003, 257], [917, 257]], '관객분들', 0.6817545890808105), ([[189, 559], [275, 559], [275, 603], [189, 603]], '힘차게', 0.962072020355362), ([[149, 603], [313, 603], [313, 647], [149, 647]], '참가해주세외', 0.9964822722594158), ([[1102, 1066], [1134, 1066], [1134, 1110], [1102, 1110]], '잠', 0.9052743241666263), ([[114, 1166], [184, 1166], [184, 1216], [114, 1216]], '싫어', 0.8471771397019485), ([[921, 1535], [1009, 1535], [1009, 1571], [921, 1571]], '기다려!', 0.21325689554214478)]
[([[420, 120], [468, 120], [468, 148], [420, 148]], '으응', 0.9897708413189243), ([[1028, 156], [1088, 156], [1088, 184], [1028, 184]], '얘기가', 0.9985321649887038), ([[1020, 186], [1096, 186], [1096, 216], [1020, 216]], '다르잡아', 0.9837979674339294), ([[292, 242], [382, 242], [382, 274], [292, 274]], '아스나님의', 0.9918971678507884), ([[662, 234], [720, 234], [720, 262], [662, 262]], '여기서', 0.999916170992983), ([[294, 270], [378, 270], [378, 300], [294, 300]], '엉덩이 . 옷', 0.5211016614273898), ([[644, 262], [736, 262], [736, 294], [644, 294]], '필라만하는', 0.511996658041109), ([[304, 300], [366, 300], [366, 332], [304, 332]], '참을 수', 0.5157842636108398), ([[670, 292], [710, 292], [710, 320], [670, 320]], '거로', 0.9991953429276559), ([[306, 332], [350, 332], [350, 362], [306, 362]], '없어.', 0.3827898349874053), ([[650, 320], [712, 320], [712, 352], [650, 352]], '좋다고', 0.9943822399346204), ([[998, 467], [1112, 467], [1112, 619], [998, 619]], '89', 0.8398908882330465), ([[396, 652], [444, 652], [444, 684], [396, 684]], '헤혜.', 0.31904644566866514), ([[387, 683], [469, 683], [469, 721], [387, 721]], '싫어하는', 0.8001526594161987), ([[962, 680], [1042, 680], [1042, 710], [962, 710]], '그만 이런', 0.9987364741802826), ([[377, 717], [479, 717], [479, 753], [377, 753]], '척하면서도', 0.9713790601657913), ([[972, 710], [1014, 710], [1014, 740], [972, 740]], '인수.', 0.5503240057599856), ([[367, 749], [487, 749], [487, 785], [367, 785]], '달라분으면서', 0.5137211677012197), ([[383, 783], [471, 783], [471, 819], [383, 819]], '빨고 있어', 0.9894233489799531), ([[577, 1107], [629, 1107], [629, 1143], [577, 1143]], '아양', 0.9839118583139357), ([[971, 1329], [1059, 1329], [1059, 1365], [971, 1365]], '상대활 수', 0.7656418342598645), ([[969, 1359], [1063, 1359], [1063, 1397], [969, 1397]], '있을 리가', 0.45625038869786316), ([[62, 1488], [142, 1488], [142, 1520], [62, 1520]], '어지간히', 0.9998957514762878), ([[50, 1520], [154, 1520], [154, 1552], [50, 1552]], '자지가 좋은', 0.4897212826503403), ([[69, 1551], [133, 1551], [133, 1587], [69, 1587]], '거젯지', 0.3805897140800743), ([[713, 1593], [759, 1593], [759, 1635], [713, 1635]], '&', 0.053712861153138114)]
[([[165, 11], [290, 11], [290, 255], [165, 255]], '*', 0.18104548668394305), ([[134, 342], [330, 342], [330, 582], [134, 582]], '행볕', 0.0012882159180105596), ([[206, 836], [272, 836], [272, 1033], [206, 1033]], '8', 0.9193012460314662), ([[1066, 1098], [1140, 1098], [1140, 1202], [1066, 1202]], "'", 0.9601963052048177), ([[401, 1633], [511, 1633], [511, 1697], [401, 1697]], '공', 0.21009617218283783), ([[1095.6809638763748, 101.00424175169313], [1183.6923357950132, 116.95545452330252], [1115.3190361236252, 500.99575824830686], [1027.3076642049868, 485.04454547669746]], '(', 0.007049967917336419)]
[([[990, 10], [1045, 10], [1045, 125], [990, 125]], '', 0.0), ([[998, 508], [1050, 508], [1050, 592], [998, 592]], '0', 0.5255322163523033), ([[1038, 576], [1066, 576], [1066, 616], [1038, 616]], '0', 0.9971811398792205), ([[7, 549], [69, 549], [69, 719], [7, 719]], '^', 0.0071995247495557635), ([[975, 849], [1041, 849], [1041, 955], [975, 955]], '0', 0.9387334164866843), ([[980, 1456], [1036, 1456], [1036, 1558], [980, 1558]], '여', 0.0054074010151242136), ([[1021, 1555], [1037, 1555], [1037, 1577], [1021, 1577]], '2', 0.8453418022461143), ([[57, 1533], [147, 1533], [147, 1643], [57, 1643]], '8)', 0.09824832905850359), ([[176, 1632], [204, 1632], [204, 1670], [176, 1670]], '8', 0.9719987801007655), ([[957, 1639], [1035, 1639], [1035, 1683], [957, 1683]], '8 8', 0.7169705606522455), ([[789, 1653], [825, 1653], [825, 1699], [789, 1699]], '응', 0.7933069607191925), ([[564.4589874473143, 423.02093807035385], [619.2481298701255, 413.1121721981963], [645.5410125526857, 565.9790619296462], [589.7518701298745, 575.8878278018037]], '7', 0.1491620042434647), ([[435.24651888150316, 897.047499163875], [483.12267264734, 884.1059686014652], [508.75348111849684, 987.952500836125], [460.87732735266, 1000.8940313985348]], '%', 0.6006815053400629), ([[588.7158010836004, 1495.048574303525], [692.6767539518295, 1435.0134758090808], [804.2841989163996, 1660.951425696475], [700.3232460481705, 1719.9865241909192]], '필', 0.2605781329594983)]
[([[191, 1479], [277, 1479], [277, 1523], [191, 1523]], '기분증애', 0.4265269935131073), ([[1009, 1485], [1089, 1485], [1089, 1523], [1009, 1523]], '아아아간', 0.1616247594356537), ([[169, 1523], [295, 1523], [295, 1567], [169, 1567]], '개분 좋아이아', 0.4294289384389399), ([[1009, 1525], [1107, 1525], [1107, 1561], [1009, 1561]], '가야 가야', 0.3304274283800837), ([[979, 1559], [1097, 1559], [1097, 1599], [979, 1599]], '가버려어어어 ', 0.7602967436889123)]
[([[968, 158], [1064, 158], [1064, 190], [968, 190]], '기분 좋아', 0.9808111682411239), ([[992, 192], [1038, 192], [1038, 222], [992, 222]], '기분', 0.9997896937036665), ([[964, 224], [1050, 224], [1050, 256], [964, 256]], '좋아아아', 0.9988211989402771), ([[320, 312], [350, 312], [350, 344], [320, 344]], '싶', 0.07912082528606224), ([[939, 855], [1061, 855], [1061, 899], [939, 899]], '그 렇계', 0.6019252930348791), ([[955, 899], [1041, 899], [1041, 943], [955, 943]], '당하면', 0.9996623496594347), ([[283, 1473], [395, 1473], [395, 1511], [283, 1511]], '이상하게"', 0.2550079852840908), ([[283, 1509], [397, 1509], [397, 1545], [283, 1545]], '되버려어어', 0.9668619619701253), ([[316, 1548], [364, 1548], [364, 1580], [316, 1580]], '어어', 0.9999378761105029), ([[574, 1611], [859, 1611], [859, 1710], [574, 1710]], '@ ` )', 0.023596748014095656), ([[915, 1619], [951, 1619], [951, 1687], [915, 1687]], '0', 0.23391864751919034), ([[578.5700282971499, 668.9420169782899], [623.5674482605008, 637.3199040840417], [642.4299717028501, 667.0579830217101], [597.4325517394992, 698.6800959159583]], '"', 0.11916320611860343), ([[83.24106270226885, 697.0221722087973], [176.3996008957517, 681.4523821484074], [207.75893729773114, 893.9778277912027], [114.60039910424832, 909.5476178515926]], '역', 0.3217435010715377)]
[([[1011, 203], [1049, 203], [1049, 245], [1011, 245]], '또', 0.9994803150332245), ([[989, 251], [1106, 251], [1106, 314], [989, 314]], '나오고', 0.7400869231498337), ([[990, 312], [1102, 312], [1102, 364], [990, 364]], '앗어"', 0.04964846390557477), ([[2181, 541], [2273, 541], [2273, 673], [2181, 673]], '8', 0.9769622147261181), ([[2230, 409], [2343, 409], [2343, 682], [2230, 682]], '8', 0.06374127475350466), ([[870, 876], [1066, 876], [1066, 1094], [870, 1094]], "'경히", 0.029178078178202962), ([[98, 1076], [289, 1076], [289, 1140], [98, 1140]], '아버없어어', 0.1871440700494426), ([[141, 1143], [219, 1143], [219, 1185], [141, 1185]], '어어', 0.769290987839008)]
[([[1025, 289], [1117, 289], [1117, 327], [1025, 327]], '이번 소는', 0.6248538205015882), ([[1029, 325], [1113, 325], [1113, 363], [1029, 363]], '종료하다', 0.19084077851294284), ([[1037, 363], [1107, 363], [1107, 401], [1037, 401]], '숨니다', 0.47492366219735754), ([[571, 817], [617, 817], [617, 855], [571, 855]], '다음', 0.5706426109922873), ([[561, 853], [625, 853], [625, 893], [561, 893]], '공연올', 0.6439522362423032), ([[562, 894], [630, 894], [630, 924], [562, 924]], '기대해', 0.9999804535792165), ([[552, 926], [635, 926], [635, 966], [552, 966]], '주십시오', 0.929373562335968), ([[1079, 1179], [1173, 1179], [1173, 1219], [1079, 1219]], '정말이지', 0.9997201561927795), ([[1081, 1219], [1175, 1219], [1175, 1255], [1081, 1255]], '이정도로', 0.998238742351532), ([[1069, 1251], [1185, 1251], [1185, 1293], [1069, 1293]], '다운이라니', 0.9972768640925754), ([[543, 1301], [629, 1301], [629, 1337], [543, 1337]], '당신들도', 0.9988987445831299), ([[1081, 1291], [1175, 1291], [1175, 1329], [1081, 1329]], '한심하네', 0.9995468258857727), ([[562, 1336], [608, 1336], [608, 1368], [562, 1368]], '저절', 0.306919335766427), ([[534, 1368], [638, 1368], [638, 1400], [534, 1400]], '본받으라고', 0.6893025185851831), ([[365, 1563], [385, 1563], [385, 1589], [365, 1589]], '2', 0.7547570724888466)]
[([[928, 432], [1048, 432], [1048, 462], [928, 462]], '비스트 테이머', 0.33781418208155606), ([[937, 463], [1039, 463], [1039, 499], [937, 499]], '시리카장의', 0.9622864253315947), ([[922, 498], [1030, 498], [1030, 530], [922, 530]], '자지 테이딩', 0.8040036429263988), ([[535, 797], [607, 797], [607, 833], [535, 833]], '모두-!', 0.9839593107803004), ([[21, 774], [198, 774], [198, 909], [21, 909]], '!목', 0.0007990091080625576), ([[167, 1413], [237, 1413], [237, 1451], [167, 1451]], '오늘은', 0.9953104663047627), ([[157, 1449], [245, 1449], [245, 1489], [157, 1489]], '시리카틀', 0.16860224306583405), ([[178, 1490], [226, 1490], [226, 1522], [178, 1522]], '위해', 0.9991470543676109), ([[146, 1522], [258, 1522], [258, 1561], [146, 1561]], '모여주어서', 0.994669357958354), ([[158, 1562], [248, 1562], [248, 1594], [158, 1594]], '고마위-!', 0.7025951898006232), ([[270.06517297263815, 1029.0230113445543], [472.6340634927534, 1122.2889788806804], [401.93482702736185, 1269.9769886554457], [199.3659365072466, 1176.7110211193196]], '신', 0.005091281925811375), ([[343.4976792543354, 1439.03166610925], [412.8288457091944, 1493.8424419948947], [387.5023207456646, 1525.96833389075], [319.1711542908056, 1470.1575580051053]], "'예0]", 0.005398353561758995)]
[([[137, 157], [281, 157], [281, 195], [137, 195]], '우오오오오오오', 0.3280319569535807), ([[157, 193], [263, 193], [263, 231], [157, 231]], '시리카장의', 0.995191809150645), ([[119, 227], [299, 227], [299, 267], [119, 267]], '생보지이이이이이!', 0.7408008050655216), ([[1072, 258], [1164, 258], [1164, 308], [1072, 308]], '에햇  ', 0.05806158855557442), ([[317, 742], [415, 742], [415, 778], [317, 778]], '지금도 이런', 0.9992434559982336), ([[310, 769], [423, 769], [423, 806], [310, 806]], '식으로 문지른', 0.6572279551275703), ([[332, 802], [404, 802], [404, 834], [332, 834]], '것만으로', 0.7781745791435242), ([[314, 832], [422, 832], [422, 864], [314, 864]], '찌망찌망하고', 0.07170707464016136), ([[324, 862], [412, 862], [412, 892], [324, 892]], '느껴버려서', 0.9961578905122227), ([[1014, 952], [1150, 952], [1150, 984], [1014, 984]], '9지 모두의 야한', 0.2724415976640433), ([[1024, 982], [1138, 982], [1138, 1012], [1024, 1012]], '시선올 받더니', 0.7199838674078859), ([[964, 1132], [1042, 1132], [1042, 1162], [964, 1162]], '나도 엄청', 0.9912192862044845), ([[968, 1160], [1040, 1160], [1040, 1192], [968, 1192]], '흥분하기', 0.9997488260269165), ([[958, 1190], [1048, 1190], [1048, 1220], [958, 1220]], '시작(어요', 0.42739273853775905), ([[94, 1362], [206, 1362], [206, 1392], [94, 1392]], '굉장히 굉장히', 0.9994119798442127), ([[94, 1390], [202, 1390], [202, 1422], [94, 1422]], '기분 좋아요"', 0.3929801853843396), ([[454.0293498376011, 1100.0790340093668], [491.5797981043564, 1079.028079525129], [538.9706501623989, 1172.9209659906332], [500.4202018956436, 1193.971920474871]], '8', 0.7150323189418941), ([[999.0557630317494, 1376.0899677650968], [1034.5234239225902, 1355.027472735393], [1081.9442369682506, 1437.9100322349032], [1046.4765760774098, 1459.972527264607]], '3', 0.9749779371482106), ([[358.4597040961579, 1620.0292776846527], [435.8076197382041, 1683.6263943605131], [404.5402959038421, 1721.9707223153473], [328.1923802617959, 1658.3736056394869]], '0고보)', 0.003890508785843849)]
[([[971, 135], [1095, 135], [1095, 171], [971, 171]], '모두도 오늘은', 0.997813578968153), ([[980, 167], [1086, 167], [1086, 199], [980, 199]], '참는 것따위', 0.6297327213764105), ([[990, 197], [1075, 197], [1075, 236], [990, 236]], '그만두고', 0.9992170333862305), ([[429, 639], [517, 639], [517, 675], [429, 675]], '나랑 함께', 0.9108658769342426), ([[430, 674], [516, 674], [516, 706], [430, 706]], '기분 증게', 0.33110182988139664), ([[431, 705], [513, 705], [513, 741], [431, 741]], '되어보요', 0.724351622224711), ([[946, 1464], [1026, 1464], [1026, 1496], [946, 1496]], '네-그럼', 0.9994097352027893), ([[925, 1495], [1045, 1495], [1045, 1531], [925, 1531]], '시리카장하고', 0.9985469070261243), ([[923, 1527], [1047, 1527], [1047, 1565], [923, 1565]], '렉스하고 싶은', 0.24664169671361658), ([[954, 1562], [1018, 1562], [1018, 1594], [954, 1594]], '사람 -!', 0.7942416898470774), ([[350.7437707738944, 1594.0608389711126], [437.6590499292326, 1547.0167163941176], [521.2562292261056, 1722.9391610288874], [435.3409500707674, 1769.9832836058824]], '7', 0.9142817431875869)]
[([[1054, 184], [1120, 184], [1120, 216], [1054, 216]], '에혜해', 0.6086782125368966), ([[1036, 216], [1154, 216], [1154, 248], [1036, 248]], '모두 고마위-', 0.4657615556012101), ([[973, 375], [1037, 375], [1037, 411], [973, 411]], '처음엔', 0.8212102260934626), ([[399, 411], [529, 411], [529, 447], [399, 447]], '안녕하세요 잘', 0.7688363519237212), ([[974, 410], [1034, 410], [1034, 442], [974, 442]], '손으로', 0.9989674822348457), ([[396, 444], [532, 444], [532, 476], [396, 476]], '부탁드컵게요"', 0.1253134721304016), ([[951, 441], [1059, 441], [1059, 477], [951, 477]], '자지 테이망', 0.9692690698321572), ([[954, 476], [1054, 476], [1054, 508], [954, 508]], '해버릭게요', 0.17112308908065557), ([[145, 811], [263, 811], [263, 851], [145, 851]], '아 저기 ', 0.7586888909033436), ([[192, 856], [220, 856], [220, 892], [192, 892]], '네', 0.9995655293410302), ([[707, 1039], [787, 1039], [787, 1105], [707, 1105]], '(', 0.9358535620393162), ([[1068, 1276], [1132, 1276], [1132, 1306], [1068, 1306]], '에혜헤', 0.40248594541071087), ([[1041, 1307], [1179, 1307], [1179, 1343], [1041, 1343]], '불근물곤~ 벌써', 0.3604617610686057), ([[1037, 1339], [1181, 1339], [1181, 1375], [1037, 1375]], '이렇게나 해주고', 0.8268871825763277), ([[1055, 1371], [1163, 1371], [1163, 1407], [1055, 1407]], '잇는 거네요', 0.33017384932201177), ([[212, 1402], [278, 1402], [278, 1450], [212, 1450]], '헤?', 0.7198857104916089), ([[809, 1395], [915, 1395], [915, 1433], [809, 1433]], '아아아아앗', 0.3901135481897938), ([[795, 1431], [927, 1431], [927, 1469], [795, 1469]], '잠깐 지금 그런', 0.9978169219666965), ([[132, 1474], [160, 1474], [160, 1524], [132, 1524]], '0', 0.35569327123175754), ([[145, 1541], [211, 1541], [211, 1607], [145, 1607]], '0', 0.72868194894642), ([[363, 1563], [479, 1563], [479, 1631], [363, 1631]], '#(내', 0.02461855253706197), ([[708, 1564], [796, 1564], [796, 1616], [708, 1616]], '우앗얘', 0.06208573957740671), ([[560, 1592], [636, 1592], [636, 1666], [560, 1666]], '0', 0.3455846917180594), ([[894.1736368240006, 1012.2424562488021], [939.7034909417331, 981.0354396768425], [990.8263631759994, 1062.7575437511978], [946.2965090582669, 1093.9645603231575]], '요', 0.6566876035152838), ([[101.26190718873654, 1356.0547781645348], [143.0552299175544, 1346.1126193292216], [162.73809281126344, 1432.9452218354652], [121.94477008244557, 1443.8873806707784]], '!', 0.1623190767493412), ([[936.5430712064641, 1389.3775281716353], [973.0161584048183, 1355.1773377643938], [989.4569287935359, 1376.6224718283647], [952.9838415951817, 1410.8226622356062]], "'4", 0.10947193550453338)]
[([[560, 92], [628, 92], [628, 120], [560, 120]], '에헤헤~', 0.39967411756515503), ([[542, 122], [648, 122], [648, 154], [542, 154]], '거짓말이에요', 0.9775233286137768), ([[1024, 128], [1072, 128], [1072, 160], [1024, 160]], '정말!', 0.39773363518708643), ([[985, 159], [1111, 159], [1111, 195], [985, 195]], '아무리 그래도', 0.9397716362238354), ([[72, 188], [176, 188], [176, 218], [72, 218]], '쓰다듬쓰다듬', 0.8968604010731107), ([[992, 194], [1104, 194], [1104, 226], [992, 226]], '너무 빨라요', 0.8286222816807556), ([[77, 212], [168, 212], [168, 250], [77, 250]], '해출게요"', 0.09282963741042399), ([[504, 324], [578, 324], [578, 354], [504, 354]], '이렇게나', 0.56009441614151), ([[703, 339], [723, 339], [723, 369], [703, 369]], '미', 0.9066836963534719), ([[484, 352], [598, 352], [598, 384], [484, 384]], '나오다니 장한', 0.9935062885663208), ([[502, 382], [576, 382], [576, 412], [502, 412]], '아이네요', 0.9747844934463501), ([[669, 377], [761, 377], [761, 419], [669, 419]], '미안합니다', 0.7853683352179145), ([[36, 470], [110, 470], [110, 502], [36, 502]], '아! 그런', 0.6966685070115033), ([[49, 503], [97, 503], [97, 539], [49, 539]], '오옷', 0.9962220271054735), ([[957, 779], [1073, 779], [1073, 817], [957, 817]], '시리카짜아', 0.966460197248824), ([[957, 817], [1073, 817], [1073, 853], [957, 853]], '아아아아아', 0.9538774331471612), ([[985, 853], [1045, 853], [1045, 891], [985, 891]], '아양', 0.826846996391268), ([[338, 918], [376, 918], [376, 946], [338, 946]], '모두', 0.9999812868505445), ([[304, 944], [410, 944], [410, 976], [304, 976]], '흥분해주서서', 0.9938013410190615), ([[320, 974], [394, 974], [394, 1004], [320, 1004]], '기쁘지만', 0.9958703517913818), ([[38, 1136], [154, 1136], [154, 1168], [38, 1168]], '아무리 그래도', 0.9998075919689905), ([[38, 1166], [154, 1166], [154, 1198], [38, 1198]], '이렇게 단번엔', 0.6112411093405578), ([[55, 1195], [135, 1195], [135, 1231], [55, 1231]], '길들일 순', 0.9229188872407122), ([[62, 1228], [132, 1228], [132, 1260], [62, 1260]], '없어요~', 0.5417351069825774), ([[493, 1437], [609, 1437], [609, 1481], [493, 1481]], '내 자지도', 0.8622946663392048), ([[925, 1469], [1011, 1469], [1011, 1505], [925, 1505]], '내 젓도', 0.587713955219098), ([[509, 1483], [591, 1483], [591, 1525], [509, 1525]], '테이망', 0.9390064944759962), ([[493, 1525], [611, 1525], [611, 1569], [493, 1569]], '해주세요', 0.9998564124107361), ([[431.42791088898014, 643.0182009569879], [500.07599636187337, 626.0645519513997], [542.5720891110199, 817.9817990430121], [474.92400363812663, 834.9354480486003]], '육', 0.7090646917673418), ([[1027.4642923871008, 1103.017956567803], [1085.2025532441062, 1092.0908998176094], [1114.5357076128992, 1267.982043432197], [1056.7974467558938, 1278.9091001823906]], '4', 0.09006256713702498)]
[([[1026, 128], [1050, 128], [1050, 162], [1026, 162]], '응', 0.9998476563305445), ([[113, 157], [253, 157], [253, 193], [113, 193]], '제대로 순서클', 0.47840734189648015), ([[999, 165], [1097, 165], [1097, 201], [999, 201]], '정말 모두', 0.9998647523829165), ([[117, 191], [249, 191], [249, 229], [117, 229]], '기다려주세요', 0.9977888009586271), ([[1001, 197], [1093, 197], [1093, 237], [1001, 237]], '속숙해줄', 0.32486236095428467), ([[1013, 239], [1085, 239], [1085, 275], [1013, 275]], '테니까', 0.6447237730026245), ([[289, 404], [389, 404], [389, 698], [289, 698]], '"', 0.002413381001443296), ([[987, 875], [1053, 875], [1053, 919], [987, 919]], '야양', 0.6631362959835629), ([[823, 912], [900, 912], [900, 1141], [823, 1141]], '3', 0.1378120051681586), ([[946, 1318], [1004, 1318], [1004, 1348], [946, 1348]], '하  응', 0.6719038005107334), ([[948, 1348], [1006, 1348], [1006, 1380], [948, 1380]], '굉장한', 0.9817854068678037), ([[940, 1376], [1014, 1376], [1014, 1408], [940, 1408]], '짐승냄새', 0.7594184279441833), ([[199, 1435], [247, 1435], [247, 1471], [199, 1471]], '좁더', 0.4796689216149827), ([[187, 1461], [264, 1461], [264, 1499], [187, 1499]], '시리카의', 0.9972499012947083), ([[236, 1492], [276, 1492], [276, 1522], [236, 1522]], '잔뜩', 0.9994292108078586), ([[185, 1518], [274, 1518], [274, 1558], [185, 1558]], '싸주세요*', 0.10099656578054604), ([[357.3756770666054, 163.0656822130455], [377.4561715527618, 154.03488490704814], [405.6243229333946, 215.9343177869545], [385.5438284472382, 224.96511509295186]], '3', 0.7184429087539144), ([[315.200159952016, 228.08078376487836], [342.52181805028556, 215.03418281782982], [376.799840047984, 284.9192162351216], [349.47818194971444, 298.96581718217016]], '용', 0.8083618491792919), ([[263.21553545944727, 264.07767729723633], [290.5086572639415, 250.0324733412566], [322.78446454055273, 321.92232270276367], [295.4913427360585, 335.9675266587434]], '용', 0.04739936492354957), ([[80.57826291885395, 685.1708779673012], [116.61529562442533, 657.0316324430743], [175.42173708114603, 737.8291220326988], [139.38470437557467, 765.9683675569257]], '8', 0.27133340624917324), ([[279.5249075479515, 901.016140954887], [333.4139883427594, 894.1442989441969], [352.4750924520485, 1061.983859045113], [297.5860116572406, 1067.8557010558031]], '4', 0.02693866253339139), ([[180.2802656784306, 1498.3885579247042], [240.31835099047765, 1492.76649452564], [241.7197343215694, 1526.6114420752958], [181.68164900952235, 1532.23350547436]], '얼굴에 =', 0.9087947416421698)]
[([[54, 248], [154, 248], [154, 436], [54, 436]], '철', 0.019589403893549795), ([[205, 727], [291, 727], [291, 819], [205, 819]], '세', 0.007383002838317276), ([[777, 717], [837, 717], [837, 789], [777, 789]], '2', 0.08161111895846318), ([[238, 810], [292, 810], [292, 892], [238, 892]], '4', 0.9630056001753928), ([[949, 877], [1037, 877], [1037, 917], [949, 917]], '에예 어', 0.16515387244240398), ([[955, 935], [1037, 935], [1037, 979], [955, 979]], '모두 잘', 0.9997795224189758), ([[926, 990], [1030, 990], [1030, 1038], [926, 1038]], '나앗네요', 0.172573983669281), ([[106, 1202], [248, 1202], [248, 1250], [106, 1250]], '상으고 다음은', 0.7446132331827964), ([[103, 1263], [249, 1263], [249, 1305], [103, 1305]], '보지로 테이망', 0.7576422962982796), ([[108, 1318], [212, 1318], [212, 1370], [108, 1370]], '해줄계요', 0.4009416401386261)]
[([[720, 82], [766, 82], [766, 112], [720, 112]], '저기 .', 0.7967280149459839), ([[728, 110], [768, 110], [768, 140], [728, 140]], '리즈', 0.9997252136068451), ([[834, 144], [874, 144], [874, 172], [834, 172]], '저건', 0.9999296154885023), ([[440, 178], [528, 178], [528, 208], [440, 208]], '저 애의 귀', 0.9642205605960792), ([[812, 172], [892, 172], [892, 204], [812, 204]], '흉내닐 수', 0.21389339306806235), ([[430, 206], [550, 206], [550, 238], [430, 238]], '뛰야? 약세서리', 0.8776519113672328), ([[826, 202], [868, 202], [868, 232], [826, 232]], '없어', 0.9999716774352768), ([[430, 238], [536, 238], [536, 268], [430, 268]], '장비? 꼬리도.', 0.43677576704948723), ([[121, 259], [169, 259], [169, 279], [121, 279]], '저 얘가', 0.7842658758163452), ([[108, 278], [182, 278], [182, 308], [108, 308]], '(켓트시)', 0.4763941070484713), ([[104, 308], [184, 308], [184, 332], [104, 332]], '여서 그런 거', 0.8413758223588784), ([[1117, 305], [1177, 305], [1177, 347], [1117, 347]], '우와.', 0.5181221513830044), ([[124, 330], [166, 330], [166, 354], [124, 354]], '아냐?', 0.9993145293499769), ([[538, 676], [616, 676], [616, 708], [538, 708]], '왜 그래', 0.9992589838899751), ([[535, 711], [621, 711], [621, 747], [535, 747]], '아스나?', 0.9993689656257629), ([[514, 994], [562, 994], [562, 1026], [514, 1026]], '얼굴', 0.9998799678855101), ([[485, 1029], [591, 1029], [591, 1065], [485, 1065]], '새파라데?', 0.5440858544662808), ([[1078, 1192], [1146, 1192], [1146, 1240], [1078, 1240]], '라니', 0.9999656926376816), ([[570, 1440], [598, 1440], [598, 1464], [570, 1464]], '예', 0.7758421506717674), ([[762, 1494], [786, 1494], [786, 1518], [762, 1518]], '예', 0.44952098835810617)]
[([[954, 60], [1018, 60], [1018, 90], [954, 90]], '그렇지.', 0.988549530506134), ([[956, 88], [1032, 88], [1032, 118], [956, 118]], '기본적인', 0.9994643926620483), ([[944, 118], [1044, 118], [1044, 148], [944, 148]], '종족의 외견', 0.6500344976518904), ([[97, 143], [169, 143], [169, 181], [97, 181]], '어째서', 0.9982322884477935), ([[960, 148], [1026, 148], [1026, 178], [960, 178]], '같은 건', 0.8595384868863631), ([[850, 164], [928, 164], [928, 194], [850, 194]], '항이에선', 0.06899632513523102), ([[82, 180], [182, 180], [182, 216], [82, 216]], '지금 나는', 0.578988075106882), ([[936, 176], [1054, 176], [1054, 208], [936, 208]], '처음부터 알고', 0.9932657283834065), ([[848, 192], [908, 192], [908, 224], [848, 224]], '당연하', 0.7156055347136567), ([[954, 206], [1038, 206], [1038, 236], [954, 236]], '있던 거야', 0.30987001705403494), ([[83, 217], [185, 217], [185, 253], [83, 253]], '떠올린 수', 0.48366547583789565), ([[822, 222], [932, 222], [932, 252], [822, 252]], '지식이어는데', 0.4780764155522412), ([[71, 251], [199, 251], [199, 291], [71, 291]], '없없면 결까', 0.13281584413894648), ([[501, 501], [595, 501], [595, 543], [501, 543]], '본 적이', 0.9980913213642795), ([[487, 545], [607, 545], [607, 587], [487, 587]], '없는 애네', 0.8439486352339572), ([[951, 583], [1085, 583], [1085, 625], [951, 625]], '아 저 애도', 0.7696739008755724), ([[943, 627], [1093, 627], [1093, 671], [943, 671]], '켓트시아나?', 0.31037115961966893), ([[149, 1309], [209, 1309], [209, 1353], [149, 1353]], '벌써', 0.9999270867306613), ([[111, 1353], [247, 1353], [247, 1397], [111, 1397]], '고객지명도', 0.9987222278552191), ([[123, 1397], [237, 1397], [237, 1441], [123, 1441]], '밭사구나', 0.23197346925735474), ([[125, 1441], [235, 1441], [235, 1485], [125, 1485]], '굉장하네', 0.9986833333969116)]
[([[283, 97], [357, 97], [357, 137], [283, 137]], '태어날', 0.998132102921683), ([[1061, 81], [1133, 81], [1133, 121], [1061, 121]], '대금은', 0.996551056559755), ([[285, 135], [355, 135], [355, 173], [285, 173]], '때부터', 0.9973528211352214), ([[1051, 119], [1147, 119], [1147, 159], [1051, 159]], '넷으니까', 0.3992130160331726), ([[133, 165], [233, 165], [233, 201], [133, 201]], '맘에 들지', 0.6356759444454098), ([[295, 173], [347, 173], [347, 209], [295, 209]], '이런', 0.9997666830195322), ([[1069, 157], [1127, 157], [1127, 193], [1069, 193]], '좁더', 0.264701689744999), ([[132, 197], [228, 197], [228, 237], [132, 237]], '않듣다면', 0.21044741570949554), ([[274, 209], [368, 209], [368, 245], [274, 245]], '얼굴이야', 0.9401116371154785), ([[1041, 191], [1155, 191], [1155, 231], [1041, 231]], '웃어주라고', 0.9680515645944838), ([[131, 237], [233, 237], [233, 273], [131, 273]], '다른 애로', 0.9945484349099311), ([[1073, 231], [1123, 231], [1123, 267], [1073, 267]], '시논', 0.9991866627347088), ([[125, 273], [241, 273], [241, 309], [125, 309]], '하지 그래?', 0.9983598557171228), ([[317, 511], [383, 511], [383, 547], [317, 547]], '헤에?', 0.9854586788032205), ([[159, 553], [233, 553], [233, 593], [159, 593]], '솔직히', 0.9996222263072244), ([[285, 543], [412, 543], [412, 584], [285, 584]], '좋은 취미름', 0.586034829547252), ([[1015, 563], [1159, 563], [1159, 601], [1015, 601]], '허짓 중네 시논', 0.17253206081405328), ([[145, 591], [247, 591], [247, 629], [145, 629]], '기분 나뉘', 0.44166019310954135), ([[287, 581], [411, 581], [411, 621], [287, 621]], '가지고 잇네', 0.6297117437985317), ([[1013, 598], [1159, 598], [1159, 637], [1013, 637]], '나는 너의 그런', 0.9273718934273039), ([[159, 629], [233, 629], [233, 665], [159, 665]], '죽으면', 0.9918828100169464), ([[1013, 635], [1159, 635], [1159, 675], [1013, 675]], '점이 맘에 들어', 0.7406290454074433), ([[143, 663], [247, 663], [247, 703], [143, 703]], '좋올 기데', 0.20794161852076692), ([[333, 973], [387, 973], [387, 1009], [333, 1009]], '그래', 0.9999161288016614), ([[1041, 971], [1159, 971], [1159, 1011], [1041, 1011]], '그리 말하지', 0.7952445836761852), ([[145, 999], [247, 999], [247, 1037], [145, 1037]], '전혀 필요', 0.9769507711361356), ([[1031, 1007], [1169, 1007], [1169, 1047], [1031, 1047]], '말라고 오늘은', 0.9408056311157124), ([[149, 1035], [245, 1035], [245, 1073], [149, 1073]], '없으니까', 0.9123749732971191), ([[1052, 1046], [1148, 1046], [1148, 1082], [1052, 1082]], '너름 위해', 0.6454709767149527), ([[145, 1073], [247, 1073], [247, 1109], [145, 1109]], '그 근처의', 0.9974864182659922), ([[1019, 1081], [1181, 1081], [1181, 1121], [1019, 1121]], '선물올 준비없어', 0.4265961179182436), ([[139, 1109], [253, 1109], [253, 1145], [139, 1145]], '쓰레기동에', 0.8062930696085311), ([[159, 1147], [231, 1147], [231, 1183], [159, 1183]], '넣어쥐', 0.8764400250463833), ([[206, 1482], [278, 1482], [278, 1530], [206, 1530]], '자아', 0.9927424640912531), ([[168, 1532], [324, 1532], [324, 1586], [168, 1586]], '받아주라고', 0.9978059262940102)]
[([[999, 123], [1057, 123], [1057, 165], [999, 165]], '총이', 0.9530235200546235), ([[451, 153], [495, 153], [495, 191], [451, 191]], '히짓', 0.06701813305284249), ([[25, 207], [171, 207], [171, 245], [25, 245]], '자아; 탄환하고', 0.41659010477034697), ([[25, 245], [170, 245], [170, 281], [25, 281]], '자지 어느 쪽올', 0.8294557546705026), ([[43, 281], [153, 281], [153, 317], [43, 317]], '박고 싶어?', 0.9908088789562608), ([[579, 459], [717, 459], [717, 499], [579, 499]], '무섭다고 햇지', 0.9156604756628028), ([[613, 499], [683, 499], [683, 535], [613, 535]], '강도록', 0.4634168083374665), ([[405, 531], [503, 531], [503, 567], [405, 567]], '고간 열고', 0.9343097310575451), ([[613, 535], [683, 535], [683, 573], [613, 573]], '총으로', 0.432655694378745), ([[393, 565], [511, 565], [511, 605], [393, 605]], '원하는 쪽올', 0.8003758528526818), ([[602, 570], [695, 570], [695, 610], [602, 610]], '씌죽이고', 0.6895155310630798), ([[395, 601], [509, 601], [509, 643], [395, 643]], '애원하라고', 0.957807718162142), ([[625, 607], [675, 607], [675, 645], [625, 645]], '말야', 0.9264961512045389), ([[26, 668], [74, 668], [74, 694], [26, 694]], '아아', 0.9998550179195939), ([[980, 900], [1030, 900], [1030, 928], [980, 928]], '남근올', 0.7107661639292621), ([[514, 992], [547, 992], [547, 1049], [514, 1049]], '8', 0.5373219142575749), ([[845, 1103], [887, 1103], [887, 1143], [845, 1143]], '86?', 0.07138330666210739), ([[844, 1140], [872, 1140], [872, 1178], [844, 1178]], '3', 0.39844190270574487), ([[953, 1143], [1025, 1143], [1025, 1187], [953, 1187]], '아양?', 0.6686471871620543), ([[211, 1177], [289, 1177], [289, 1237], [211, 1237]], '자재', 0.43776719873871867), ([[933, 1187], [1047, 1187], [1047, 1231], [933, 1231]], '안 들린데', 0.644650182279762), ([[78, 1324], [128, 1324], [128, 1348], [78, 1348]], '자지', 0.9997087776985486), ([[142, 1318], [166, 1318], [166, 1360], [142, 1360]], '틀', 0.9534994686078022), ([[77, 1363], [169, 1363], [169, 1403], [77, 1403]], '원해 .요', 0.835679150345528), ([[752, 1372], [834, 1372], [834, 1420], [752, 1420]], '[자지_', 0.23220376670360565), ([[97, 1409], [153, 1409], [153, 1447], [97, 1447]], '박아', 0.9990021927887546), ([[759, 1419], [829, 1419], [829, 1463], [759, 1463]], '잠아', 0.26105841696380405), ([[87, 1453], [159, 1453], [159, 1489], [87, 1489]], '주세요', 0.9999727451456574), ([[642, 1450], [754, 1450], [754, 1498], [642, 1498]], '허버지에', 0.2933441996574402), ([[655, 1497], [739, 1497], [739, 1541], [655, 1541]], '충구름', 0.21213681655307995), ([[903, 1489], [969, 1489], [969, 1529], [903, 1529]], '남 근', 0.4941222532337439), ([[655, 1541], [739, 1541], [739, 1585], [655, 1585]], '처박고', 0.785688988297253), ([[659, 1585], [735, 1585], [735, 1627], [659, 1627]], '싶내', 0.3266675008425834)]
[([[406, 174], [522, 174], [522, 206], [406, 206]], '아으으으응', 0.9442302971337461), ([[700, 172], [766, 172], [766, 210], [700, 210]], '당신의', 0.999103945592567), ([[399, 209], [529, 209], [529, 245], [399, 245]], '자지 핑장히', 0.11755748344998143), ([[690, 212], [738, 212], [738, 236], [690, 236]], '커다', 0.9997459482502111), ([[750, 212], [774, 212], [774, 240], [750, 240]], '칸', 0.9393285657652086), ([[426, 246], [502, 246], [502, 276], [426, 276]], '애어어', 0.48362005042407324), ([[693, 251], [735, 251], [735, 271], [693, 271]], '자지', 0.9989999175250713), ([[750, 248], [774, 248], [774, 274], [750, 274]], '로', 0.9998807942631629), ([[338, 435], [436, 435], [436, 471], [338, 471]], '딱딱하고', 0.6022953987121582), ([[1057, 427], [1155, 427], [1155, 465], [1057, 465]], '애원할 팬', 0.6007980427980697), ([[107, 479], [201, 479], [201, 515], [107, 515]], '시리카의', 0.7393733263015747), ([[351, 473], [427, 473], [427, 509], [351, 509]], '규련안', 0.01984841582842458), ([[665, 471], [699, 471], [699, 491], [665, 491]], '서의', 0.7909764620526832), ([[1071, 465], [1141, 465], [1141, 503], [1071, 503]], '어떻게', 0.39779352116084465), ([[351, 509], [427, 509], [427, 545], [351, 545]], '자지로', 0.9475382590437837), ([[650, 498], [700, 498], [700, 528], [650, 528]], '이곳올', 0.6299506827728595), ([[1071, 501], [1141, 501], [1141, 537], [1071, 537]], '말하면', 0.9922381206268291), ([[128, 518], [180, 518], [180, 550], [128, 550]], '보치', 0.34505584417093493), ([[105, 552], [205, 552], [205, 588], [105, 588]], '집적 질적', 0.05470898058252193), ([[1071, 537], [1141, 537], [1141, 575], [1071, 575]], '종은지', 0.34507275948980515), ([[89, 587], [222, 587], [222, 627], [89, 627]], '하게   뛰버려', 0.3987989568165593), ([[1061, 573], [1153, 573], [1153, 611], [1061, 611]], '기억하고', 0.9998130202293396), ([[118, 626], [190, 626], [190, 658], [118, 658]], '어어어', 0.996123447427655), ([[590, 626], [640, 626], [640, 650], [590, 650]], '보지 . 틀', 0.7010065976853439), ([[936, 622], [964, 622], [964, 646], [936, 646]], '네', 0.9999146479700016), ([[971, 625], [993, 625], [993, 645], [971, 645]], '에', 0.9994902068574198), ([[1077, 611], [1139, 611], [1139, 649], [1077, 649]], '있니?', 0.3861159586554408), ([[811, 799], [897, 799], [897, 915], [811, 915]], '세@', 0.02604918937322419), ([[990, 902], [1076, 902], [1076, 934], [990, 934]], '아으응 !', 0.5629612982511414), ([[1005, 939], [1059, 939], [1059, 975], [1005, 975]], '자지', 0.9411857024097521), ([[997, 975], [1065, 975], [1065, 1011], [997, 1011]], '굶아!', 0.18834926109592914), ([[894, 1024], [993, 1024], [993, 1097], [894, 1097]], '자지', 0.9671826135927755), ([[919, 1109], [971, 1109], [971, 1145], [919, 1145]], '제인', 0.4297982055334096), ([[205, 1123], [303, 1123], [303, 1161], [205, 1161]], '이뤄게나', 0.24050146341323853), ([[185, 1159], [317, 1159], [317, 1197], [185, 1197]], '맘옷 자지에', 0.4967170007755741), ([[907, 1145], [981, 1145], [981, 1181], [907, 1181]], '중아"', 0.6464511313733236), ([[191, 1195], [311, 1195], [311, 1233], [191, 1233]], '둘러싸여서', 0.5485770350495298), ([[125, 1303], [221, 1303], [221, 1339], [125, 1339]], '시리카논', 0.4052307903766632), ([[135, 1339], [209, 1339], [209, 1377], [135, 1377]], '정말로', 0.04408223554491997), ([[133, 1377], [211, 1377], [211, 1413], [133, 1413]], '행복한', 0.041573861913147075), ([[111, 1413], [231, 1413], [231, 1449], [111, 1449]], '아이에요"', 0.4784760153019471), ([[100.02169520744722, 819.0319366739425], [204.83772268220494, 786.270867982841], [261.97830479255276, 1001.9680633260575], [157.16227731779506, 1033.7291320171591]], '4', 0.17349183952939384), ([[752.3729298231972, 1164.0494578861421], [806.9087054556912, 1206.1502814226758], [784.6270701768028, 1234.9505421138579], [730.0912945443088, 1192.8497185773242]], "'초}", 0.0006939574841363589), ([[1011.9819816180111, 1188.7801797798122], [1062.3092738811802, 1177.0849923912165], [1068.018018381989, 1204.2198202201878], [1016.6907261188198, 1214.9150076087835]], '', 0.0)]
[([[556, 78], [604, 78], [604, 110], [556, 110]], '보지', 0.9678101464076397), ([[526, 110], [632, 110], [632, 142], [526, 142]], '뜨거워어어', 0.9568352715650167), ([[537, 141], [625, 141], [625, 177], [537, 177]], '" 춤 더', 0.3502765335197922), ([[525, 173], [633, 173], [633, 209], [525, 209]], '시리카난데', 0.1358732684879893), ([[556, 208], [604, 208], [604, 240], [556, 240]], '자지', 0.9863160353228705), ([[536, 242], [626, 242], [626, 274], [536, 274]], '뿌아쥐 어', 0.2681609024057637), ([[963, 497], [1021, 497], [1021, 541], [963, 541]], '하하', 0.9991255649140742), ([[962, 540], [1020, 540], [1020, 588], [962, 588]], '쫓네', 0.4463666922785478), ([[329, 1335], [439, 1335], [439, 1379], [329, 1379]], '목소리도', 0.9997354745864868), ([[317, 1379], [449, 1379], [449, 1423], [317, 1423]], '달달해지기', 0.9996295800211403), ([[316, 1420], [454, 1420], [454, 1468], [316, 1468]], '시작햇잖아', 0.3151366838067777)]
[([[585, 493], [663, 493], [663, 529], [585, 529]], '에혜헤]', 0.11079752445220947), ([[597, 527], [647, 527], [647, 567], [597, 567]], '실은', 0.9991339078623122), ([[457, 657], [527, 657], [527, 697], [457, 697]], '구멍도', 0.9946823051653352), ([[467, 621], [567, 621], [567, 661], [467, 661]], '저 엉덩이', 0.9620228888230211), ([[526, 660], [574, 660], [574, 692], [526, 692]], '자지', 0.999985754394923), ([[1044, 492], [1143, 492], [1143, 737], [1044, 737]], '%', 0.005409083133489645), ([[453, 693], [579, 693], [579, 733], [453, 733]], '테이망 활 수', 0.7451058215269212), ([[471, 733], [559, 733], [559, 771], [471, 771]], '있어요"', 0.8982292413711548), ([[1111, 947], [1186, 947], [1186, 1081], [1111, 1081]], '%', 0.38484958253812707), ([[1053, 1214], [1144, 1214], [1144, 1359], [1053, 1359]], '%', 0.6057187685979706), ([[115, 1463], [185, 1463], [185, 1501], [115, 1501]], '누군가', 0.9547565300912318), ([[113, 1499], [185, 1499], [185, 1537], [113, 1537]], '시험해', 0.9998456947895134), ([[93, 1535], [205, 1535], [205, 1573], [93, 1573]], '화주세요"', 0.25814977238441633)]
[([[361, 65], [509, 65], [509, 181], [361, 181]], '흙 /', 0.1323002427816391), ([[565, 135], [697, 135], [697, 291], [565, 291]], '쥐', 0.038204724856144345), ([[763, 321], [807, 321], [807, 433], [763, 433]], '%', 0.011309703869656629), ([[1019, 439], [1087, 439], [1087, 513], [1019, 513]], '2', 0.2269891219193596), ([[986, 662], [1058, 662], [1058, 756], [986, 756]], '8', 0.5225598977220081), ([[693, 1331], [783, 1331], [783, 1501], [693, 1501]], '자', 0.015602101585505901), ([[267, 1541], [333, 1541], [333, 1635], [267, 1635]], '0', 0.9088146405968054), ([[913, 1555], [1027, 1555], [1027, 1699], [913, 1699]], '사', 0.8095992846296021), ([[440.24001230982435, 926.0321452559276], [504.52849819756324, 900.015530641425], [564.7599876901756, 1061.9678547440724], [500.47150180243676, 1087.9844693585749]], '통', 0.013708588967677793)]
[([[455, 19], [519, 19], [519, 97], [455, 97]], '인', 0.18722535106485694), ([[581, 53], [665, 53], [665, 173], [581, 173]], '가', 0.023650941546637938), ([[1065, 23], [1149, 23], [1149, 153], [1065, 153]], '갑', 0.008223896703276667), ([[624, 146], [674, 146], [674, 256], [624, 256]], '죽', 0.033259661905127524), ([[1103, 165], [1165, 165], [1165, 243], [1103, 243]], '', 0.0), ([[190, 376], [238, 376], [238, 406], [190, 406]], '아"', 0.9739544870206129), ([[153, 409], [271, 409], [271, 447], [153, 447]], '엉덩이이이', 0.32769902400014717), ([[444, 368], [564, 368], [564, 472], [444, 472]], '40', 0.9961444795154336), ([[177, 445], [251, 445], [251, 483], [177, 483]], '엉덩 이', 0.45887697289266394), ([[165, 483], [265, 483], [265, 521], [165, 521]], '*다아야', 0.14164608716964722), ([[1025, 760], [1095, 760], [1095, 796], [1025, 796]], '하유유 .', 0.9278783563527604), ([[1038, 794], [1100, 794], [1100, 824], [1038, 824]], '아무유', 0.798309615628029), ([[974, 930], [1062, 930], [1062, 962], [974, 962]], '앞과 뒤로', 0.48498404493213504), ([[978, 962], [1060, 962], [1060, 990], [978, 990]], '주육주육', 0.017899256199598312), ([[478, 991], [578, 991], [578, 1032], [478, 1032]], '# 터 잔조', 0.0493487501593999), ([[970, 990], [1066, 990], [1066, 1020], [970, 1020]], '표고리 저서', 0.2449013905924521), ([[500, 1023], [561, 1023], [561, 1053], [500, 1053]], '안에시', 0.47876030353895943), ([[420, 1092], [480, 1092], [480, 1122], [420, 1122]], '모두의', 0.4940926730632782), ([[410, 1120], [490, 1120], [490, 1150], [410, 1150]], '질적집적', 0.03726106882095337), ([[406, 1150], [494, 1150], [494, 1180], [406, 1180]], '한 비스트', 0.40351680861846984), ([[424, 1180], [478, 1180], [478, 1210], [424, 1210]], '집액 !', 0.5720662474632263), ([[93, 1463], [187, 1463], [187, 1495], [93, 1495]], '시리 카의', 0.43372247902212135), ([[87, 1499], [195, 1499], [195, 1535], [87, 1535]], '안에 전부', 0.8763587673063078), ([[96, 1538], [184, 1538], [184, 1570], [96, 1570]], '싸취요!', 0.25803354382514954), ([[479.41000317999044, 1057.4560050879847], [589.8145625267305, 1047.961617708585], [591.5899968200096, 1078.5439949120153], [481.18543747326953, 1088.038382291415]], '표0러 쥐오!', 0.07708868082432782)]
[([[337, 59], [427, 59], [427, 229], [337, 229]], '유', 0.003358653845797477), ([[420, 844], [468, 844], [468, 898], [420, 898]], '~', 0.9140342971184658), ([[978, 938], [1056, 938], [1056, 1054], [978, 1054]], '소', 0.006335754172710539), ([[764, 1518], [812, 1518], [812, 1568], [764, 1568]], '80', 0.028517991623380264), ([[914, 1592], [962, 1592], [962, 1648], [914, 1648]], '', 0.0)]
[([[267, 767], [317, 767], [317, 811], [267, 811]], ' ', 0.003944719396407559), ([[743, 1335], [827, 1335], [827, 1463], [743, 1463]], '7"', 0.21338475748222496), ([[1448.3692940025269, 1283.01658604801], [1542.0105401890244, 1309.0651667122422], [1490.6307059974731, 1496.98341395199], [1395.9894598109756, 1471.9348332877578]], '~', 0.4636952375018524)]
[([[187, 163], [233, 163], [233, 199], [187, 199]], '좋은', 0.5311839346625978), ([[151, 197], [271, 197], [271, 233], [151, 233]], '절정이없다고', 0.9591238891281852), ([[713, 203], [807, 203], [807, 239], [713, 239]], '하아아아', 0.998001217842102), ([[713, 237], [807, 237], [807, 277], [713, 277]], '시리카장', 0.9917724132537842), ([[711, 275], [809, 275], [809, 313], [711, 313]], '레알 천사', 0.5144902419469299), ([[459, 409], [475, 409], [475, 435], [459, 435]], ')', 0.25367059706537987), ([[158, 440], [220, 440], [220, 472], [158, 472]], '다음도', 0.9998445247800327), ([[139, 471], [241, 471], [241, 507], [139, 507]], '지명할테니', 0.853593104487433), ([[129, 505], [249, 505], [249, 541], [129, 541]], '상대해주라고', 0.9855090297876746), ([[746, 678], [808, 678], [808, 710], [746, 710]], '모두랑', 0.6163318533820505), ([[715, 709], [839, 709], [839, 745], [715, 745]], '기념촬영할까', 0.4154774374140168), ([[868, 952], [892, 952], [892, 978], [868, 978]], '[', 0.2993563119162559), ([[318, 1296], [464, 1296], [464, 1346], [318, 1346]], '새로운 소의', 0.8767937793823988), ([[341, 1351], [445, 1351], [445, 1387], [341, 1387]], '시작입니다', 0.9398798267602839), ([[902, 1433], [1039, 1433], [1039, 1473], [902, 1473]], '모여주신 여러분', 0.9704761793926442), ([[941, 1469], [1007, 1469], [1007, 1505], [941, 1505]], '대단히', 0.9393339157104492), ([[896, 1495], [1038, 1495], [1038, 1546], [896, 1546]], '(기다리석습니다', 0.10941207383441946)]
[([[879, 219], [967, 219], [967, 259], [879, 259]], '최상급의', 0.6668804883956909), ([[891, 259], [961, 259], [961, 295], [891, 295]], '테이망', 0.5625552554881768), ([[853, 292], [996, 292], [996, 331], [853, 331]], '아이템에 의해', 0.40102325339620887), ([[857, 327], [993, 327], [993, 369], [857, 369]], '사역울 성공한', 0.4570642401133786), ([[71, 459], [197, 459], [197, 501], [71, 501]], '심중의 보스급', 0.593763232483098), ([[77, 499], [195, 499], [195, 537], [77, 537]], '본스터들이에', 0.7161360754855811), ([[111, 537], [161, 537], [161, 573], [111, 573]], '의한', 0.996857546106911), ([[531, 1309], [577, 1309], [577, 1345], [531, 1345]], '이중', 0.8509982622409131), ([[484, 1340], [624, 1340], [624, 1388], [484, 1388]], '레이프소가 ', 0.8853095945706103), ([[489, 1395], [599, 1395], [599, 1433], [489, 1433]], '되계습니다', 0.3418765970730729)]
[]
[([[1012, 604], [1104, 604], [1104, 656], [1012, 656]], '싫어!', 0.8498082627543584), ([[590, 676], [662, 676], [662, 724], [590, 724]], '고만', 0.8763776926621804), ([[536.2846279919629, 351.1054867348999], [675.9859484257319, 339.1877202425418], [679.7153720080371, 459.8945132651001], [541.0140515742681, 471.8122797574582]], '유', 0.004894485780127467), ([[518.0287141376427, 855.2516854477569], [551.728798697161, 823.1375144405885], [565.9712858623573, 840.7483145522431], [532.271201302839, 872.8624855594115]], '', 0.0)]
[([[269, 577], [359, 577], [359, 693], [269, 693]], '시', 0.1150149275019885), ([[153, 1219], [215, 1219], [215, 1297], [153, 1297]], ',', 0.013585324574795499)]
[([[412, 644], [456, 644], [456, 670], [412, 670]], '음_', 0.04145711495307107), ([[924, 1380], [1020, 1380], [1020, 1530], [924, 1530]], '무', 0.03361607384455567)]
[([[1814, 218], [1838, 218], [1838, 272], [1814, 272]], '국', 0.31298573695872633), ([[1656, 248], [1736, 248], [1736, 410], [1656, 410]], '삶', 0.00182603754428258), ([[2375, 913], [2417, 913], [2417, 969], [2375, 969]], '어', 0.2375084412513253), ([[2260, 1274], [2423, 1274], [2423, 1715], [2260, 1715]], '#', 0.002719384702146291), ([[903.9426902392719, 292.0701767945389], [955.5542207894265, 258.01922063225857], [1033.0573097607282, 382.9298232054611], [981.4457792105735, 417.98077936774143]], '5', 0.024961516130723505), ([[917.9950874933648, 929.056278690947], [977.5869828755317, 897.0191620043655], [1044.0049125066353, 1035.943721309053], [983.4130171244683, 1067.9808379956346]], '2', 0.648582679254023), ([[1365.221123327071, 1031.0303785865076], [1481.0, 1105.0], [1432.778876672929, 1178.9696214134924], [1317.0, 1105.0]], '(예', 0.6756935550106863), ([[795.3891668473663, 1260.0207526562833], [854.4181525941722, 1226.0097192252974], [959.6108331526337, 1424.9792473437167], [900.5818474058278, 1458.9902807747026]], '중', 0.16968634518662284), ([[1683.1910337040922, 1298.0272988205634], [1772.4232536437692, 1275.2472198277192], [1817.8089662959078, 1469.9727011794366], [1727.5767463562308, 1492.7527801722808]], '3', 0.31905757908703336), ([[1090.6714329397257, 1418.0986006961627], [1151.7889510727857, 1389.0346469001634], [1200.3285670602743, 1502.9013993038373], [1139.2110489272143, 1531.9653530998366]], '러', 0.05021525733233667), ([[912.6283088051803, 1454.0086393113754], [970.1850192678918, 1448.0882537114285], [991.3716911948197, 1684.9913606886246], [933.8149807321082, 1690.9117462885715]], '#', 0.6072959087568144), ([[1550.9866889781563, 1422.024461847833], [1790.0495603631146, 1499.7537908099528], [1730.0133110218437, 1670.975538152167], [1489.9504396368854, 1593.2462091900472]], '입6', 0.1728609000774965)]
[([[226, 1252], [348, 1252], [348, 1504], [226, 1504]], '8', 0.3157268762528851), ([[771, 1383], [813, 1383], [813, 1423], [771, 1423]], '씨', 0.001905466036167272)]
[([[993, 497], [1057, 497], [1057, 535], [993, 535]], '오늘의', 0.8631052871261271), ([[967, 531], [1081, 531], [1081, 573], [967, 573]], '홍행은 전부', 0.8374931872933784), ([[953, 571], [1101, 571], [1101, 609], [953, 609]], '중료하여습니다', 0.6695988004394715), ([[469, 1165], [585, 1165], [585, 1207], [469, 1207]], '다음 방문올', 0.8322698867243011), ([[486, 1210], [572, 1210], [572, 1240], [486, 1240]], '기다리고', 0.999945878982544), ([[473, 1243], [585, 1243], [585, 1281], [473, 1281]], '아제습니다', 0.1383263556598638)]
[]
[([[159, 523], [231, 523], [231, 559], [159, 559]], '정말로', 0.9999552635490495), ([[1015, 495], [1059, 495], [1059, 551], [1015, 551]], '뼈', 0.7815974336182343), ([[137, 557], [253, 557], [253, 595], [137, 595]], '이렇계까지', 0.7656083716333856), ([[143, 593], [247, 593], [247, 631], [143, 631]], '할 필요가', 0.9877241868460388), ([[125, 629], [263, 629], [263, 669], [125, 669]], '있던 건가요?', 0.3987419327761475), ([[15, 677], [131, 677], [131, 721], [15, 721]], '키구오카', 0.9623703360557556), ([[58, 728], [84, 728], [84, 754], [58, 754]], '씨', 0.999817260508312), ([[1018, 692], [1066, 692], [1066, 750], [1018, 750]], '뼈', 0.763946560032366), ([[790, 752], [858, 752], [858, 800], [790, 800]], '저기', 0.9995402088488532), ([[405, 1089], [495, 1089], [495, 1133], [405, 1133]], '본명인', 0.9942738535508425), ([[379, 1133], [521, 1133], [521, 1175], [379, 1175]], '프로제트는', 0.8027726842054297), ([[344, 1176], [552, 1176], [552, 1220], [344, 1220]], '(엘리시제이선)', 0.901760922271036), ([[986, 1178], [1016, 1178], [1016, 1212], [986, 1212]], '음.', 0.9809608348315016), ([[1034, 1178], [1060, 1178], [1060, 1210], [1034, 1210]], '뭐', 0.9999250187624718), ([[171, 1213], [245, 1213], [245, 1253], [171, 1253]], '이쪽의', 0.9997980686694812), ([[391, 1221], [509, 1221], [509, 1265], [391, 1265]], '쪽이지만', 0.992162823677063), ([[77, 1247], [339, 1247], [339, 1289], [77, 1289]], '<플렉 라이트 변성실험>', 0.6945294246070312), ([[96, 1290], [122, 1290], [122, 1318], [96, 1318]], '도', 0.999899270687056), ([[126, 1284], [323, 1284], [323, 1326], [126, 1326]], '나름대로의 예산올', 0.7121407384527273), ([[81, 1321], [333, 1321], [333, 1362], [81, 1362]], '사용하고 있고 무언가의', 0.5242033719160042), ([[95, 1357], [323, 1357], [323, 1397], [95, 1397]], '성과름 보이지 않으면', 0.5779755147290484), ([[119, 1395], [299, 1395], [299, 1435], [119, 1435]], '위험하단 말이야', 0.9897902434611746)]
[([[1043, 141], [1153, 141], [1153, 179], [1043, 179]], '너도 꽤나', 0.7068261476952106), ([[1057, 175], [1137, 175], [1137, 215], [1057, 215]], '훌륭한', 0.5867269547867403), ([[1021, 211], [1171, 211], [1171, 253], [1021, 253]], '약녀연기없어', 0.9277266631798685), ([[680, 427], [814, 427], [814, 465], [680, 465]], '또 부탁하게', 0.9962728334584847), ([[699, 463], [801, 463], [801, 501], [699, 501]], '스구하장', 0.994005024433136), ([[584, 1417], [783, 1417], [783, 1462], [584, 1462]], '또 키리토 군올', 0.27819836674380805), ([[623, 1463], [745, 1463], [745, 1507], [623, 1507]], '빼앗기고', 0.9283734329291106), ([[597, 1506], [772, 1506], [772, 1551], [597, 1551]], '싶진 않잖아?', 0.5164534943233009)]
[([[485, 201], [625, 201], [625, 243], [485, 243]], '그럼 실험올', 0.9539872819024819), ([[499, 241], [609, 241], [609, 283], [499, 283]], '재개하지', 0.9987267851829529), ([[194, 614], [650, 614], [650, 695], [194, 695]], '이룩계가 잘못되없다?', 0.18734790852038177), ([[879, 620], [979, 620], [979, 699], [879, 699]], '틀려', 0.8994571331308785), ([[425, 1031], [691, 1031], [691, 1091], [425, 1091]], '잘못된 건   나야', 0.5339417542513734), ([[136, 1466], [248, 1466], [248, 1516], [136, 1516]], '미안해 .', 0.8592767233848522), ([[165, 1521], [235, 1521], [235, 1563], [165, 1563]], '오빠바', 0.8357606006274984)]
[([[359, 1073], [792, 1073], [792, 1224], [359, 1224]], '예어>5', 0.002408702624961734), ([[360, 1203], [823, 1203], [823, 1359], [360, 1359]], "')", 0.18260947526976826), ([[353, 1393], [509, 1393], [509, 1429], [353, 1429]], '2013.8.12', 0.973412701238994), ([[541, 1393], [791, 1393], [791, 1429], [541, 1429]], '잃리너-팀튜어고검.;. ', 1.6475898344979572e-06), ([[445, 1442], [851, 1442], [851, 1484], [445, 1484]], '//담]너껍이뱀_어고검여; 6-어819 {(2 <어풀', 4.141415367104852e-06), ([[390, 1496], [780, 1496], [780, 1528], [390, 1528]], '굽고;]: 버고너드].-교고7(여@^어+굽-<어 스명', 1.966581117626192e-07), ([[482, 1544], [720, 1544], [720, 1592], [482, 1592]], '-@@-', 0.0031367430929094553), ([[497, 1585], [707, 1585], [707, 1601], [497, 1601]], '벼5매8/어_||-니`어터어)투형-|0?', 1.4018709224749236e-09), ([[167, 1627], [1055, 1627], [1055, 1663], [167, 1663]], "쭉 # # 워 . #못 빛 . ##; 7177-' )18 # * # 0) 미 #} 탤 똑손 후 4 (* 다", 0.0002460996172537437), ([[315.02985749985464, 1439.1194299994186], [389.8866704126478, 1453.05459368341], [382.97014250014536, 1486.8805700005814], [308.1133295873522, 1472.94540631659]], '이어응:', 0.053567077964544296), ([[386.9563638994289, 1441.138546427887], [457.8460957905633, 1452.9011154884106], [451.0436361005711, 1485.861453572113], [380.1539042094367, 1475.0988845115894]], '^+[:/', 0.012644300262302044)]
[]
[([[0, 5], [538, 5], [538, 114], [0, 114]], '역자-후기-피-', 0.08601557633163201), ([[1059, 5], [1179, 5], [1179, 119], [1059, 119]], '18', 0.1104091184778665), ([[1065, 113], [1177, 113], [1177, 153], [1065, 153]], '(0-', 0.02375161619572699), ([[0, 312], [1165, 312], [1165, 401], [0, 401]], '이예이이이이이이이이이템 세되애애애애애야애애', 0.008119240278069153), ([[0, 407], [771, 407], [771, 499], [0, 499]], '운간} 이종간] 최펴어어어어엔', 0.13860669294031938), ([[0, 500], [900, 500], [900, 596], [0, 596]], '트라우마흘 이용한 강가아아아아아안', 0.29179844714451764), ([[0, 594], [1058, 594], [1058, 695], [0, 695]], '매우 매우 바람직한 씨청에이선이 대집합입나다!', 0.12140091294695), ([[0, 693], [219, 693], [219, 783], [0, 783]], '멋지네외', 0.3510363698005676), ([[0, 880], [1140, 880], [1140, 976], [0, 976]], '음 솔직히 소아운은 8권까지밖에 보지틀 않사습니다', 0.11158702088771198), ([[0, 970], [1072, 970], [1072, 1069], [0, 1069]], '9권 들어가니 이해틀 할 수 있어아조 @하하하하', 0.3189129398395853), ([[0, 1165], [913, 1165], [913, 1257], [0, 1257]], '다음에도 이런 작품이 나땅으면 하뇨군잎', 0.09468195390233516), ([[128, 1224], [557, 1224], [557, 1443], [128, 1443]], '내)', 0.0009108469485356462), ([[791, 1646], [1190, 1646], [1190, 1683], [791, 1683]], '"장5올:긋 [-신설이쪽설시 [하어어니후+', 2.2130529796234233e-06), ([[848.7393766543422, 0.005663049869642833], [890.2262540594015, -16.99573257414007], [998.2606233456578, 241.99433695013036], [955.7737459405985, 259.99573257414005]], '6', 0.08333642751887638)]
[([[0, 28], [406, 28], [406, 150], [0, 150]], '식자-;영천이', 0.54426995843679), ([[0, 154], [694, 154], [694, 250], [0, 250]], '오랜만에 하는 색자 작품이네외', 0.48029236971065814), ([[0, 250], [550, 250], [550, 340], [0, 340]], '아아 시논 너무 귀여-외', 0.6616155331482435), ([[0, 343], [993, 343], [993, 435], [0, 435]], '정말 권충으로 현박강간하고 싶- 정도거튼잎', 0.14640390919294102), ([[0, 437], [943, 437], [943, 529], [0, 529]], '라노백에서 시논 나오는 부분어서 새논이 @', 0.26351388849287916), ([[0, 529], [742, 529], [742, 621], [0, 621]], '아터 말하면 스포일러가 되계네요.', 0.11165037650911934), ([[729, 587], [777, 587], [777, 607], [729, 607]], '000', 0.9496192336082458), ([[0, 714], [1104, 714], [1104, 810], [0, 810]], '아무튼 어떤어떤 후반 부분이 @는데 라노빛 보편서', 0.12077398725696943), ([[0, 811], [215, 811], [215, 903], [0, 903]], '딸걀어외', 0.13660427927970886), ([[0, 994], [424, 994], [424, 1090], [0, 1090]], '혜해자랑스러위로!', 0.1050634428784207), ([[0, 1183], [1027, 1183], [1027, 1275], [0, 1275]], '이 작품 몇 주 전에 받사논데 귀찮들이 엄청나서', 0.10781276710290308), ([[0, 1277], [299, 1277], [299, 1369], [0, 1369]], '밀어뒷없요.', 0.2797546986807396), ([[0, 1367], [694, 1367], [694, 1463], [0, 1463]], '조금만 더 쉬고 다시 분발함께오', 0.3455558004594723), ([[0, 1556], [785, 1556], [785, 1649], [0, 1649]], '식자이 마지막 모습이스다고 합나다', 0.22419125185752112)]
[([[12, 12], [103, 12], [103, 43], [12, 43]], "-주-:'", 0.0015497766414235233), ([[184, 11], [264, 11], [264, 41], [184, 41]], '9네권', 0.005979799084374158), ([[290, 10], [434, 10], [434, 42], [290, 42]], '5예--*', 0.0009501809053522244), ([[1059, 5], [1177, 5], [1177, 117], [1059, 117]], '쩌', 0.0029974416689979716), ([[195, 111], [337, 111], [337, 184], [195, 184]], '{개드램', 0.27144110202789307), ([[1065, 113], [1177, 113], [1177, 153], [1065, 153]], '40)', 0.017762452308980315), ([[1146, 464], [1198, 464], [1198, 512], [1146, 512]], '시', 0.059996836187758085), ([[107, 756], [2284, 756], [2284, 877], [107, 877]], '팀개드컵예서 가족같운분위기로함께 작업하실연식자 분들움문하고안습피때', 0.012956967041706149), ([[94, 834], [2292, 834], [2292, 1058], [94, 1058]], '@어-|-어/글_비즈물장|물런교국오로고입을}', 2.4124810333972164e-07), ([[196, 1054], [568, 1054], [568, 1228], [196, 1228]], '무 ', 0.01646194901660746), ([[125, 1209], [617, 1209], [617, 1442], [125, 1442]], '개:', 0.000865945770009964), ([[757, 1271], [1629, 1271], [1629, 1381], [757, 1381]], '역식자가아니라되면이 오세요', 0.6919349330178789), ([[726, 1366], [1666, 1366], [1666, 1480], [726, 1480]], '저희작품들 많이블 수있음겁니다', 0.25662607623220496), ([[791, 1643], [1190, 1643], [1190, 1683], [791, 1683]], '"^다다-설 [-신서.설시 [\'어웃니후+', 2.7084443195961775e-06), ([[840.802338736413, 6.002791269021825], [887.17450933694, -16.997824411295326], [1081.197661263587, 373.9972087309782], [1034.82549066306, 397.9978244112953]], '[', 0.7173711414954518)]
