713684
10
[([[68, 14], [152, 14], [152, 90], [68, 90]], '다', 0.9385211398530515), ([[19, 83], [125, 83], [125, 167], [19, 167]], '최복', 0.0019280978250561624), ([[128, 216], [170, 216], [170, 240], [128, 240]], '데켓', 0.23398925019985126), ([[467.388137237664, 273.0630587407872], [501.9506414986961, 304.458045439015], [482.611862762336, 326.9369412592128], [447.0493585013039, 296.541954560985]], '900', 0.38377331313235097), ([[378.8905996075495, 626.3358994113244], [420.69857065057806, 622.9441317577488], [422.1094003924505, 644.6641005886756], [380.30142934942194, 648.0558682422512]], '까아', 0.8641626659874198)]
[([[107.29072266128932, 425.04207035483034], [151.48230513952186, 405.0194162699289], [198.70927733871068, 520.9579296451697], [154.51769486047814, 540.9805837300711]], '줄', 0.8229090654609195)]
[([[45, 331], [134, 331], [134, 368], [45, 368]], '아직도', 0.9996068790099976), ([[51, 365], [169, 365], [169, 402], [51, 402]], '이 렇제 차', 0.18790992948113713), ([[650.9011154884105, 225.15390420943672], [711.7684105268709, 234.65870133789343], [706.0988845115895, 267.8460957905633], [645.2315894731291, 258.34129866210657]], '정말', 0.9999489184017407), ([[658.4354515597786, 390.03197372605143], [700.3736056394869, 385.1923802617959], [711.5645484402214, 487.96802627394857], [669.6263943605131, 492.8076197382041]], '뿐', 0.12113564802531585)]
[([[112, 242], [142, 242], [142, 268], [112, 268]], "이'", 0.07394604871134529), ([[128, 208], [198, 208], [198, 232], [128, 232]], '제 제독!', 0.8549603642178888), ([[134, 242], [214, 242], [214, 266], [134, 266]], '이건 너무', 0.9982262699008094), ([[715, 54], [836, 54], [836, 337], [715, 337]], '#', 0.04709640196894327), ([[132, 276], [196, 276], [196, 300], [132, 300]], '격해요!', 0.7754124999046326), ([[652, 490], [750, 490], [750, 516], [652, 516]], "'아타고의 안", 0.6599930882503044), ([[648, 524], [760, 524], [760, 550], [648, 550]], '기분 좋아아! !', 0.962964801776185), ([[76, 640], [138, 640], [138, 664], [76, 664]], '무리다!', 0.9954792857170105), ([[214, 608], [268, 608], [268, 666], [214, 666]], '평', 0.004699855097048067), ([[78, 674], [136, 674], [136, 698], [78, 698]], '허리가', 0.9995944222583285), ([[74, 708], [138, 708], [138, 734], [74, 734]], '안멈취!', 0.4190152883529663), ([[288, 712], [362, 712], [362, 784], [288, 784]], '1', 0.3399603147345296), ([[130, 928], [254, 928], [254, 1064], [130, 1064]], '{?', 0.11849314060550559), ([[192, 1116], [278, 1116], [278, 1170], [192, 1170]], '버', 0.010769881980432994), ([[587.9838560627564, 738.030396248032], [716.2016329588223, 722.6007635667737], [737.0161439372436, 938.969603751968], [607.7983670411777, 954.3992364332263]], '{', 0.29969909442151277)]
[([[701, 235], [763, 235], [763, 255], [701, 255]], '아타고!', 0.8870474696159363), ([[700, 268], [764, 268], [764, 294], [700, 294]], '안에 내', 0.8071136808741044), ([[702, 302], [766, 302], [766, 328], [702, 328]], '보랜다!', 0.30809926986694336), ([[86, 336], [184, 336], [184, 362], [86, 362]], '정말~ 매일', 0.22109288502536475), ([[86, 370], [184, 370], [184, 396], [86, 396]], '이렇게 잔뜩', 0.8048474091525208), ([[93, 402], [176, 402], [176, 430], [93, 430]], '내보내면,', 0.976770703941359), ([[78, 438], [192, 438], [192, 464], [78, 464]], '저클 임신시키', 0.7451620475377758), ([[70, 474], [198, 474], [198, 500], [70, 500]], '시려는 걸까나~', 0.3234721912334169), ([[590, 746], [718, 746], [718, 888], [590, 888]], '낱', 0.12315904328374927), ([[143, 967], [263, 967], [263, 1057], [143, 1057]], '나', 0.9257316619798672), ([[75, 1057], [173, 1057], [173, 1119], [75, 1119]], '사', 0.9892284446229702), ([[607.955005531036, 892.042068584846], [709.6904152530615, 879.3115794801981], [726.044994468964, 1041.957931415154], [624.3095847469385, 1054.6884205198019]], '의', 0.023389555807469486)]
[]
[]
[]
[([[20.463124507806842, 361.02061860148893], [71.58453508112899, 355.18169752968737], [86.53687549219316, 504.97938139851107], [35.415464918871, 510.81830247031263]], '합', 0.016953440443551182)]
[([[454, 54], [614, 54], [614, 102], [454, 102]], '아타고와', 0.611393928527832), ([[456, 98], [704, 98], [704, 150], [456, 150]], '장난친 녀석은', 0.6488217250080756), ([[0, 186], [272, 186], [272, 242], [0, 242]], '어디의 누구나?', 0.998649697546171), ([[216, 538], [246, 538], [246, 572], [216, 572]], '주', 0.9382728597802839), ([[230, 606], [264, 606], [264, 638], [230, 638]], '표', 0.5003013782533259), ([[670, 694], [806, 694], [806, 746], [670, 746]], '변태다!', 0.9266349673271179), ([[352, 806], [408, 806], [408, 830], [352, 830]], '어과', 0.9425088704957632), ([[411, 791], [534, 791], [534, 834], [411, 834]], '꽃 은남자', 0.2507522188248296)]
