715333
22
[([[908, 6], [1124, 6], [1124, 240], [908, 240]], '>', 0.3623382648677307), ([[1, 483], [209, 483], [209, 761], [1, 761]], '냉', 0.023909784178678173), ([[0, 805], [207, 805], [207, 1398], [0, 1398]], '돌', 0.03619246927400255), ([[893, 939], [1121, 939], [1121, 1421], [893, 1421]], '줄', 0.2929856207970829), ([[57, 1361], [424, 1361], [424, 1490], [57, 1490]], '사7', 0.012946817754394997), ([[452, 1452], [480, 1452], [480, 1478], [452, 1478]], '8', 0.4533540370764264), ([[681, 1419], [1093, 1419], [1093, 1511], [681, 1511]], '요코 사정집2', 0.9146979240917997)]
[([[576, 50], [922, 50], [922, 124], [576, 124]], '크-그거출특', 0.06483701109270174), ([[958, 52], [1030, 52], [1030, 194], [958, 194]], '@', 0.010204506196842544), ([[697, 1325], [1033, 1325], [1033, 1361], [697, 1361]], ":#7#숙0) ' 내-자-)", 0.01027851806208651), ([[698, 1360], [1028, 1360], [1028, 1392], [698, 1392]], '훌;[미-  :이어|반+--107', 1.613669222309939e-05), ([[613, 1391], [1033, 1391], [1033, 1429], [613, 1429]], '스미(:)  자 > "-수15" #내:', 0.0029578238878587007), ([[630, 1423], [1035, 1423], [1035, 1465], [630, 1465]], '[*머+71/( 5 [ 단#- 8026', 0.0018267419025129728), ([[673, 1459], [1031, 1459], [1031, 1491], [673, 1491]], '룻--   한/ *<하17 6', 0.001670387025646608)]
[]
[([[497.2135462705664, 1047.034427484457], [564.0599997229516, 1039.53617097907], [577.7864537294336, 1178.965572515543], [510.9400002770484, 1186.46382902093]], '콩', 0.910225627561033)]
[([[858, 153], [932, 153], [932, 283], [858, 283]], '콩', 0.7851425668974379), ([[167, 267], [284, 267], [284, 332], [167, 332]], '하앗', 0.13042609805778246), ([[171, 319], [288, 319], [288, 382], [171, 382]], '하앗', 0.21282171691303048), ([[674.2185469050424, 724.2304782391615], [777.4538285386881, 710.6118620953084], [782.7814530949576, 775.7695217608385], [679.5461714613119, 789.3881379046916]], '의편', 0.9995455186406161), ([[384.8445824720007, 800.4222912360003], [624.1010220679793, 747.3155074175579], [638.1554175279994, 812.5777087639997], [397.89897793202067, 864.6844925824421]], '비밀이야]!', 0.5432248419445147), ([[133.62691271532864, 854.83883890073], [386.95495878676746, 800.7906496105894], [401.3730872846714, 872.16116109927], [148.04504121323254, 927.2093503894106]], '형님에계는', 0.7750810010376737)]
[([[36, 47], [120, 47], [120, 230], [36, 230]], '@', 0.005774227420447753), ([[57, 1007], [101, 1007], [101, 1091], [57, 1091]], '한', 0.28865457981419596), ([[724, 1122], [752, 1122], [752, 1146], [724, 1146]], '<', 0.19855588335475716), ([[786.388137237664, 993.0630587407871], [807.4853250811994, 986.0395170046834], [826.611862762336, 1046.9369412592127], [804.5146749188006, 1052.9604829953166]], '8', 0.9999518400268812)]
[([[541.6806980001821, 92.00728620398974], [596.5641166645908, 84.0227675695351], [630.3193019998179, 324.99271379601026], [576.4358833354092, 332.9772324304649]], '7', 0.6365512322926783)]
[([[86, 1022], [136, 1022], [136, 1114], [86, 1114]], '잎', 0.052354164947843396), ([[496.0589374339547, 662.0152729658051], [1065.6419156142663, 794.4567995922198], [997.9410625660453, 1027.984727034195], [428.3580843857338, 895.5432004077802]], '오 ;#', 0.023632297292351723), ([[450.9594617776757, 1478.109470355076], [488.5709533631225, 1458.0327057408344], [527.0405382223242, 1534.890529644924], [489.4290466368775, 1554.9672942591656]], '$', 0.05577727250584119)]
[([[1011, 9], [1049, 9], [1049, 47], [1011, 47]], '00', 0.995661804472945), ([[403, 617], [453, 617], [453, 661], [403, 661]], '앗', 0.5433622862656193), ([[661, 753], [681, 753], [681, 783], [661, 783]], '0', 0.9999790192750879), ([[297, 769], [345, 769], [345, 813], [297, 813]], '앗', 0.5258004954887383), ([[385, 1099], [471, 1099], [471, 1195], [385, 1195]], '(', 0.9886322684915285), ([[184, 1088], [406, 1088], [406, 1324], [184, 1324]], '얼타', 0.001154537672786871), ([[299, 1537], [319, 1537], [319, 1565], [299, 1565]], '0', 0.9999791384831305), ([[602.272393124891, 796.089572499564], [626.4631306408209, 784.0359638987467], [654.727606875109, 841.910427500436], [630.5368693591791, 853.9640361012533]], '0', 0.37020629110575304)]
[([[910, 76], [964, 76], [964, 250], [910, 250]], '름', 0.023035389030057196), ([[241, 589], [355, 589], [355, 707], [241, 707]], '_', 0.009526025780853209)]
[([[120, 74], [168, 74], [168, 122], [120, 122]], '릇', 0.09198470331924913), ([[153, 267], [197, 267], [197, 315], [153, 315]], '롯', 0.09378972329315705), ([[190, 1462], [241, 1462], [241, 1555], [190, 1555]], '흙', 0.3933540547707004), ([[695, 1405], [745, 1405], [745, 1535], [695, 1535]], '하', 0.21350864650051538), ([[1031, 1465], [1075, 1465], [1075, 1505], [1031, 1505]], '차', 0.9681731227909864)]
[([[639, 457], [699, 457], [699, 545], [639, 545]], '@', 0.6765283937120472), ([[154, 500], [235, 500], [235, 639], [154, 639]], '호', 0.13957948088929673), ([[666, 540], [690, 540], [690, 576], [666, 576]], '0', 0.9574275522415499), ([[818, 840], [892, 840], [892, 976], [818, 976]], '총', 0.302057676003642)]
[([[524, 98], [598, 98], [598, 170], [524, 170]], '쪽', 0.9961120798781309), ([[113, 675], [223, 675], [223, 857], [113, 857]], '숲', 0.018252511170718577)]
[([[697, 87], [1049, 87], [1049, 577], [697, 577]], '내', 0.11963693394889763), ([[86, 714], [216, 714], [216, 764], [86, 764]], '시문의', 0.24460061943608263), ([[874, 694], [968, 694], [968, 746], [874, 746]], '하앗', 0.32235890550898794), ([[106, 754], [198, 754], [198, 802], [106, 802]], '자지', 0.9993009396647836), ([[88, 798], [218, 798], [218, 850], [88, 850]], '너무커', 0.8447744290619762)]
[([[947, 39], [1031, 39], [1031, 369], [947, 369]], '?', 0.39024042122693814), ([[707, 869], [887, 869], [887, 957], [707, 957]], '및목', 0.17708631130100888), ([[121, 1098], [597, 1098], [597, 1274], [121, 1274]], '117370', 0.01937354814192311)]
[([[307, 141], [347, 141], [347, 223], [307, 223]], '옛', 0.9619149213121005), ([[781, 145], [825, 145], [825, 195], [781, 195]], '빨', 0.9745143388436226), ([[779, 187], [823, 187], [823, 233], [779, 233]], '해', 0.9999574427364202), ([[45, 547], [149, 547], [149, 585], [45, 585]], '박히고', 0.9999778382169381), ([[57, 579], [133, 579], [133, 619], [57, 619]], '잇는', 0.259460607684289), ([[42, 614], [144, 614], [144, 650], [42, 650]], '요코의', 0.5046761774169682), ([[67, 645], [107, 645], [107, 685], [67, 685]], '혀', 0.9973443519789384), ([[58, 666], [134, 666], [134, 758], [58, 758]], '싶해', 0.003303945094373491), ([[87, 911], [131, 911], [131, 959], [87, 959]], '응', 0.9998927145171024), ([[881, 925], [925, 925], [925, 969], [881, 969]], '차', 0.18554927035610547), ([[802, 1050], [884, 1050], [884, 1100], [802, 1100]], '으음', 0.9584516470910037), ([[264, 1208], [346, 1208], [346, 1262], [264, 1262]], '웃!', 0.16835353070080974), ([[850, 1440], [906, 1440], [906, 1510], [850, 1510]], '0', 0.21005931839960112), ([[936, 1322], [1008, 1322], [1008, 1548], [936, 1548]], '물', 0.20906025555390872), ([[786.2624143155141, 105.0340746075524], [842.6643638388299, 87.02763393404096], [884.7375856844859, 228.96592539244762], [829.3356361611701, 246.97236606595902]], '책', 0.09321023566304021), ([[790.6066039770752, 1307.0077410177105], [865.5974358368793, 1322.1194829133785], [814.3933960229248, 1580.9922589822895], [739.4025641631207, 1565.8805170866215]], '}', 0.016915561537317103)]
[([[451, 158], [553, 158], [553, 196], [451, 196]], '좋아저', 0.5530548095703125), ([[465, 123], [537, 123], [537, 165], [465, 165]], '실엇', 0.5488597975034858), ([[575, 0], [1125, 0], [1125, 293], [575, 293]], '( @|', 0.000762956915423274), ([[463, 191], [537, 191], [537, 231], [463, 231]], '버럿', 0.5710748682613478), ([[451, 225], [553, 225], [553, 263], [451, 263]], '좋아저', 0.6440704464912415), ([[463, 257], [535, 257], [535, 297], [463, 297]], '버럿', 0.736329182342389), ([[375, 1045], [483, 1045], [483, 1090], [375, 1090]], '보지에', 0.9974761136880959), ([[393, 1083], [465, 1083], [465, 1119], [393, 1119]], '이거', 0.998499733440914), ([[376, 1112], [482, 1112], [482, 1154], [376, 1154]], '박아줄', 0.8290036578034321), ([[377, 1149], [483, 1149], [483, 1187], [377, 1187]], '테니까', 0.9954116455889916), ([[545, 1159], [617, 1159], [617, 1199], [545, 1199]], '에옛', 0.8059989241677878), ([[939, 1135], [1051, 1135], [1051, 1177], [939, 1177]], '있찮아', 0.35228612480211263), ([[963, 1171], [1031, 1171], [1031, 1207], [963, 1207]], '보지', 0.6354192365833972), ([[965, 1201], [1031, 1201], [1031, 1241], [965, 1241]], '박게', 0.9997446839390829), ([[961, 1235], [1031, 1235], [1031, 1275], [961, 1275]], '해쥐', 0.7196552527309357), ([[137, 1393], [175, 1393], [175, 1429], [137, 1429]], '기', 0.9987071165749093), ([[140, 1360], [172, 1360], [172, 1398], [140, 1398]], '엄', 0.9060312389551797), ([[173, 1359], [209, 1359], [209, 1431], [173, 1431]], '철', 0.9782054611118305), ([[121, 1423], [159, 1423], [159, 1465], [121, 1465]], '줄', 0.24223820876159152), ([[158, 1426], [188, 1426], [188, 1494], [158, 1494]], '음', 0.5919442594461088), ([[189, 1427], [227, 1427], [227, 1465], [189, 1465]], '데', 0.9999549393961757)]
[]
[([[911, 162], [1015, 162], [1015, 202], [911, 202]], '요코의', 0.9971108516763945), ([[202, 182], [318, 182], [318, 232], [202, 232]], '으응?', 0.9995639342743062), ([[895, 197], [1035, 197], [1035, 237], [895, 237]], '보지에도', 0.9445593140997328), ([[216, 224], [308, 224], [308, 272], [216, 272]], '보로', 0.7416741423840209), ([[923, 229], [995, 229], [995, 271], [923, 271]], '이거', 0.4513869182801886), ([[208, 266], [322, 266], [322, 314], [208, 314]], '박자?', 0.9999865102111692), ([[748, 266], [804, 266], [804, 448], [748, 448]], '국', 0.27113188094461194), ([[906, 246], [1026, 246], [1026, 378], [906, 378]], '#정류', 0.012113766903922185), ([[826, 902], [898, 902], [898, 1012], [826, 1012]], '7', 0.9886731616896363), ([[935, 931], [979, 931], [979, 1021], [935, 1021]], '옛', 0.12115994178636047), ([[165, 1019], [271, 1019], [271, 1079], [165, 1079]], '아앗', 0.40442072616160646), ([[773, 1101], [817, 1101], [817, 1231], [773, 1231]], '몇', 0.32654508295326323), ([[937.6780682444492, 901.1259548711355], [979.6453874739251, 873.0298152816083], [1035.3219317555508, 966.8740451288645], [992.3546125260749, 994.9701847183917]], '왜', 0.1247209919353196)]
[([[81, 119], [426, 119], [426, 174], [81, 174]], '2651금 터따/.', 0.0015285889328986357), ([[80, 197], [1043, 197], [1043, 257], [80, 257]], '봉기도)<호다초릇심36토기가볶다다 로되5채3{다', 3.221088849821981e-05), ([[81, 241], [1026, 241], [1026, 296], [81, 296]], '#훈안다-귀하+하#창+둘0볼 )=}93-그+-+-시벼', 5.033946980683328e-06), ([[84, 286], [1044, 286], [1044, 336], [84, 336]], '초+하[시1}.화 {.5+83112##구단.리하{창2.화  #벼', 0.00035790843058171264), ([[84, 330], [160, 330], [160, 378], [84, 378]], '초 !', 0.4408733546733856), ([[83, 407], [1044, 407], [1044, 462], [83, 462]], '라0371.)9,,73=11153-그중;로되?쿠손니', 0.00036180703986874265), ([[84, 450], [1044, 450], [1044, 502], [84, 502]], '5닭}름끊  <+디돈3-2< 기로없 5*+80+?|37나+서', 1.656969206460821e-05), ([[88, 492], [1030, 492], [1030, 544], [88, 544]], '화 오  ;미7} )0:2+172,그33,00심70++국', 0.0004715262513181931), ([[86, 536], [184, 536], [184, 584], [86, 584]], '한', 0.16707517184010445), ([[83, 614], [1014, 614], [1014, 668], [83, 668]], '틀다"하]#야준_<나:-심류-<(-에+리(}& 류<', 2.4756542040604957e-06), ([[76, 648], [1041, 648], [1041, 761], [76, 761]], '대 콤록도해3-터- 5내`짚병거국튼출', 5.446179084850527e-07), ([[85, 737], [1044, 737], [1044, 792], [85, 792]], '501 충 중+병,1중터 -+21청841.사) 켜니*', 2.3819530353531593e-05), ([[84, 780], [1024, 780], [1024, 832], [84, 832]], '렉-[-니이-신:-스저어쇼(껴835*-관401?)17#', 1.4193353737945698e-06), ([[83, 820], [570, 820], [570, 874], [83, 874]], '보의한5관1니/.화떤 ', 7.539396621845238e-05), ([[85, 902], [1022, 902], [1022, 957], [85, 957]], "-니-+ 소@틀:+세(?내훈-+'#한카5.1 #단", 5.4543188338673144e-05), ([[86, 944], [1024, 944], [1024, 998], [86, 998]], '충소키스청붙들증*5-0-콤지 )산+1)5운표혼터', 0.00013970093530050865), ([[86, 986], [1023, 986], [1023, 1038], [86, 1038]], '321총373,5 ((국고청_완6다/183} 제년+', 4.905012665338265e-05), ([[83, 1026], [692, 1026], [692, 1081], [83, 1081]], '손+3로시#출하#;# <#골퀴}하5.', 2.6309226897497425e-05), ([[86, 1110], [1034, 1110], [1034, 1162], [86, 1162]], '30-153 ( +]]마위#장<+리<+한디(중+산껴문+하(여난', 1.3341431109350982e-05), ([[84, 1152], [1028, 1152], [1028, 1202], [84, 1202]], '틈+:?하93 한훈]니+5-더리크-그^기감뷰러충#', 0.00019715125332867809), ([[88, 1191], [1005, 1191], [1005, 1243], [88, 1243]], '사-=]<톱솜}<간+#뉴이내충화 @명라하컨-차스돌다+점-7', 1.3292384141624395e-06), ([[86, 1236], [1038, 1236], [1038, 1286], [86, 1286]], '15,/`꼬-뒤적라(로(낙-][슷 )논+17.-+ <*메신', 1.404352491872697e-06), ([[83, 1275], [1030, 1275], [1030, 1328], [83, 1328]], '1-5/군315논-다-0트나저스가++리하스-', 0.00014072246556227474), ([[82, 1318], [185, 1318], [185, 1369], [82, 1369]], '=', 0.9903089899558495), ([[86, 1399], [843, 1399], [843, 1451], [86, 1451]], "능하화#*데(:하마+'산-2하니:나껍", 1.716144207517134e-06), ([[88, 1442], [354, 1442], [354, 1492], [88, 1492]], '존*디단독볶 !', 0.006885642312692068)]
[([[89, 115], [194, 115], [194, 164], [89, 164]], '이껏용', 0.01750544723156161), ([[207, 131], [221, 131], [221, 157], [207, 157]], ';', 0.5468105111069441), ([[234, 116], [1034, 116], [1034, 164], [234, 164]], '훌++명:/|침라7어담멋마슷5 6/08117 {/2 먼교/', 1.4469398395532714e-06), ([[426, 429], [764, 429], [764, 564], [426, 564]], '사', 0.029701863376146997), ([[449, 833], [705, 833], [705, 895], [449, 895]], '역식자후기', 0.9771586425157773), ([[477, 883], [673, 883], [673, 943], [477, 943]], '102번째', 0.997785822429009), ([[363, 931], [791, 931], [791, 995], [363, 995]], '대사가 거의없어서', 0.9975656814393269), ([[447, 983], [657, 983], [657, 1043], [447, 1043]], '금방 끝남', 0.8668584732173827), ([[378, 1084], [778, 1084], [778, 1140], [378, 1140]], '20140703 |검+형', 0.0833180646530471), ([[354, 1134], [806, 1134], [806, 1190], [354, 1190]], '사0 4`4루 히0 니15긋', 0.0002010641074915202), ([[153, 1453], [304, 1453], [304, 1502], [153, 1502]], '@-굽리히', 0.003866118087422365), ([[319, 1469], [333, 1469], [333, 1495], [319, 1495]], ';', 0.7507640275407681), ([[345, 1450], [966, 1450], [966, 1502], [345, 1502]], '도3,어게)마`하톤/실응+종리하츠/응얼', 4.253814832871468e-09)]
[([[360, 554], [812, 554], [812, 801], [360, 801]], '준유)최', 0.027458757162094116)]
