718850
35
[([[84, 268], [668, 268], [668, 467], [84, 467]], '939 논', 0.2317308083246302), ([[370, 534], [722, 534], [722, 711], [370, 711]], '쥐 논', 0.5068718791007996), ([[236, 780], [973, 780], [973, 974], [236, 974]], '{3모5,1', 0.09580273712576491), ([[467, 1403], [579, 1403], [579, 1439], [467, 1439]], '역/식자', 0.23968406021595), ([[453, 1456], [589, 1456], [589, 1496], [453, 1496]], '트나,먼명]', 0.0008269347340642184), ([[102, 1482], [152, 1482], [152, 1508], [102, 1508]], '105', 0.9999155515703271), ([[445, 1509], [597, 1509], [597, 1547], [445, 1547]], '지산9치+겉쳐', 0.00018041655587701128)]
[([[409, 371], [583, 371], [583, 535], [409, 535]], '존', 0.9948931733549813), ([[562, 444], [688, 444], [688, 522], [562, 522]], '이랑', 0.9821694082263503), ([[450, 626], [668, 626], [668, 800], [450, 800]], '나람', 0.21200491710518823), ([[371, 897], [689, 897], [689, 1061], [371, 1061]], '오빠', 0.9368598886275465), ([[669, 971], [731, 971], [731, 1041], [669, 1041]], '랑', 0.7764382554025282), ([[102, 1482], [154, 1482], [154, 1508], [102, 1508]], '105', 0.9999794211992603)]
[([[946, 134], [1082, 134], [1082, 166], [946, 166]], '다녀건습니다~', 0.27456647210021345), ([[106, 140], [136, 140], [136, 300], [106, 300]], '#', 0.00884110851932901), ([[114, 1072], [178, 1072], [178, 1100], [114, 1100]], '아무도', 0.9999513405192154), ([[112, 1112], [182, 1112], [182, 1144], [112, 1144]], '없는 겉', 0.804605907281452), ([[124, 1156], [172, 1156], [172, 1184], [124, 1184]], '까나', 0.9942819324220644)]
[([[920, 140], [966, 140], [966, 170], [920, 170]], '엄마', 0.9990840190211001), ([[70, 354], [116, 354], [116, 380], [70, 380]], '아빠', 0.9997966896566985), ([[596, 626], [632, 626], [632, 658], [596, 658]], '음?', 0.9984835562049553), ([[40, 1066], [386, 1066], [386, 1098], [40, 1098]], '아빠랑 엄마는 급한 일이 생겨서 할머니', 0.7403821282824706), ([[62, 1109], [364, 1109], [364, 1140], [62, 1140]], '집에 갚다 올게 돌아오는건 내일이', 0.6063315765556692), ([[868, 1126], [972, 1126], [972, 1156], [868, 1156]], '아이들에게', 0.9172919908639837), ([[66, 1150], [362, 1150], [362, 1182], [66, 1182]], '펼꺼갈으니 문단속 잘하고 있어라', 0.3002368849688214), ([[208, 1194], [254, 1194], [254, 1224], [208, 1224]], '인가', 0.9997714031472212), ([[447, 1259], [461, 1259], [461, 1281], [447, 1281]], '초', 0.17560765497803832), ([[445.5438284472382, 1304.034884907048], [468.39649116027306, 1299.026316297952], [486.4561715527618, 1374.965115092952], [462.60350883972694, 1379.973683702048]], '물', 0.23379562635707263)]
[([[671, 81], [769, 81], [769, 141], [671, 141]], '존]!', 0.535074213465192), ([[130, 628], [214, 628], [214, 660], [130, 660]], '할머님의', 0.9764367938041687), ([[454, 620], [518, 620], [518, 650], [454, 650]], '오늘은', 0.9997255288915076), ([[442, 662], [528, 662], [528, 692], [442, 692]], '부모님이', 0.5092930426329376), ([[1015, 647], [1069, 647], [1069, 685], [1015, 685]], '존9', 0.9312903441560247), ([[116, 672], [226, 672], [226, 702], [116, 702]], '집에 가서서', 0.9694465207572692), ([[134, 712], [210, 712], [210, 744], [134, 744]], '말이야', 0.9997737739594246), ([[420, 704], [550, 704], [550, 734], [420, 734]], '아무도 안계서', 0.9815668772892672), ([[138, 1100], [296, 1100], [296, 1132], [138, 1132]], '한달만이네 존군!', 0.6806695627969704), ([[257, 1209], [277, 1209], [277, 1235], [257, 1235]], '멍', 0.40360000673169694), ([[890, 1462], [944, 1462], [944, 1514], [890, 1514]], '119쉬', 0.12964408099651337), ([[685, 1511], [705, 1511], [705, 1539], [685, 1539]], '서', 0.4049459194368552), ([[1006.3630702447015, 108.05103551714942], [1065.97484746133, 146.5521298635121], [1046.6369297552985, 177.94896448285058], [987.0251525386699, 139.4478701364879]], '[@타나', 0.016037756577134132), ([[921.202547777171, 629.1658598874935], [950.9744822414253, 639.6815351223507], [945.797452222829, 655.8341401125065], [916.0255177585747, 645.3184648776493]], "'시", 0.027013750295837226)]
[([[450, 48], [542, 48], [542, 78], [450, 78]], '이리와 존', 0.9252255434357652), ([[618, 616], [690, 616], [690, 642], [618, 642]], '음~~~~', 0.9833581649715045), ([[598, 656], [710, 656], [710, 686], [598, 686]], '어디 있터라', 0.47420179835029014), ([[140, 1076], [228, 1076], [228, 1124], [140, 1124]], '히의', 0.20550913011650293)]
[([[536, 48], [582, 48], [582, 78], [536, 78]], '이걸', 0.19724143686373247), ([[680, 62], [766, 62], [766, 92], [680, 92]], '아직이야', 0.9997976422309875), ([[984, 68], [1066, 68], [1066, 94], [984, 94]], '이 녀석-', 0.9673054004188348), ([[518, 90], [600, 90], [600, 118], [518, 118]], '발라 서', 0.7406166328782459), ([[708, 106], [732, 106], [732, 132], [708, 132]], '존', 0.9808728297574056), ([[466, 436], [564, 436], [564, 464], [466, 464]], '(다 1 (4-', 0.08351661187331727), ([[477, 495], [511, 495], [511, 511], [477, 511]], '"신너)', 0.0021775546483695507), ([[304, 706], [334, 706], [334, 738], [304, 738]], '명', 0.8044134620901247), ([[848, 694], [976, 694], [976, 726], [848, 726]], '준비 할테니까', 0.8622386961979186), ([[848, 738], [974, 738], [974, 768], [848, 768]], '조금만 기다려', 0.8810204739664822), ([[878, 780], [942, 780], [942, 810], [878, 810]], '존군9', 0.9822949223941798), ([[935, 1103], [999, 1103], [999, 1225], [935, 1225]], '0', 0.02341590310293018), ([[466.07944680100655, 417.6953361612079], [545.7880562581378, 410.89241600704116], [546.9205531989934, 434.3046638387921], [467.2119437418622, 442.10758399295884]], "',0' - 사", 0.21106099344186977)]
[([[258, 76], [356, 76], [356, 108], [258, 108]], '차가워라', 0.92497718334198), ([[602, 358], [660, 358], [660, 410], [602, 410]], '13', 0.20540771608448813), ([[721, 625], [853, 625], [853, 667], [721, 667]], '자 할아.', 0.15080708543264532), ([[769, 691], [805, 691], [805, 729], [769, 729]], '존', 0.9940282122262403), ([[565.2917949420224, 209.02282160134695], [678.6430697421322, 315.22059962148137], [613.7082050579776, 385.97717839865305], [500.35693025786776, 279.77940037851863]], '[파', 0.0107706287872349)]
[([[730, 258], [786, 258], [786, 290], [730, 290]], '하야', 0.1565064695045162), ([[890, 542], [946, 542], [946, 574], [890, 574]], '하악', 0.4992795615375222), ([[330, 756], [354, 756], [354, 790], [330, 790]], '웃', 0.38179210373755623), ([[795, 1095], [859, 1095], [859, 1175], [795, 1175]], '4', 0.9663822412676417), ([[950, 1330], [1046, 1330], [1046, 1426], [950, 1426]], '43', 0.9989897209916516)]
[([[882, 87], [992, 87], [992, 117], [882, 117]], '간지럽지만.', 0.8851944519179991), ([[900, 130], [988, 130], [988, 160], [900, 160]], '기분좋아', 0.6803485155105591), ([[348, 380], [446, 380], [446, 498], [348, 498]], '43', 0.19834907098280852), ([[116, 568], [142, 568], [142, 594], [116, 594]], '양', 0.8933077673363279), ([[737, 723], [869, 723], [869, 765], [737, 765]], '존! 좀 더,', 0.4759288328461903), ([[718, 782], [888, 782], [888, 830], [718, 830]], '좀 더 흙아쥐', 0.2815357916408371), ([[0, 1008], [44, 1008], [44, 1034], [0, 1034]], '하악', 0.8617575709196995), ([[344, 1040], [390, 1040], [390, 1066], [344, 1066]], '하악', 0.8947385440182613)]
[([[500, 50], [584, 50], [584, 80], [500, 80]], '이번에는', 0.8691818118095398), ([[990, 58], [1036, 58], [1036, 88], [990, 88]], '존의', 0.9367603051178609), ([[500, 92], [586, 92], [586, 122], [500, 122]], '쿠루미가', 0.9000681042671204), ([[948, 100], [1078, 100], [1078, 130], [948, 130]], '자지 빨개적어', 0.8618177456617436), ([[500, 134], [584, 134], [584, 164], [500, 164]], '해줄게9', 0.5656120777130127), ([[974, 142], [1052, 142], [1052, 172], [974, 172]], '굉장-해', 0.9995373487472534), ([[650, 606], [674, 606], [674, 634], [650, 634]], '존', 0.9377863261139652), ([[628, 648], [698, 648], [698, 676], [628, 676]], '이 위로', 0.921890139579773), ([[622, 688], [706, 688], [706, 718], [622, 718]], '올라와서', 0.6252706508749163), ([[630, 732], [696, 732], [696, 760], [630, 760]], '누위화', 0.9440436131324181), ([[962, 1482], [1012, 1482], [1012, 1508], [962, 1508]], '114', 0.9999849272273436)]
[([[620, 186], [748, 186], [748, 216], [620, 216]], '굉장해 뜨겁고', 0.7852372236803142), ([[590, 228], [778, 228], [778, 258], [590, 258]], '두근두근거리고 있어', 0.9950540286357847), ([[135, 641], [153, 641], [153, 667], [135, 667]], '추', 0.11305362563676002), ([[99, 897], [115, 897], [115, 945], [99, 945]], '응', 0.9039675987789089), ([[403, 889], [421, 889], [421, 959], [403, 959]], '출', 0.09659590889626557), ([[81, 1163], [125, 1163], [125, 1211], [81, 1211]], '1', 0.966007509146042), ([[115.24025163660184, 78.02063011347386], [216.92, 62.56], [247.75974836339816, 289.9793698865261], [146.08, 305.44]], '$', 0.48949859816247354)]
[([[129, 174], [300, 174], [300, 642], [129, 642]], '>', 0.016831508649048033), ([[236, 636], [314, 636], [314, 746], [236, 746]], ')', 0.5684255927115522), ([[410, 872], [454, 872], [454, 902], [410, 902]], '존의', 0.9533437744304687), ([[621, 871], [659, 871], [659, 913], [621, 913]], '명', 0.48667271418914027), ([[362, 914], [504, 914], [504, 946], [362, 946]], '맛이 나고있어 .', 0.648428847817929), ([[99, 1229], [147, 1229], [147, 1271], [99, 1271]], '소깔', 0.0015976756770954017), ([[675, 1161], [789, 1161], [789, 1303], [675, 1303]], "'", 0.435563135354883), ([[757, 1237], [901, 1237], [901, 1347], [757, 1347]], '기내', 0.017456425519880484), ([[640, 1383], [860, 1383], [860, 1510], [640, 1510]], '~기내', 0.09895843426428749), ([[956, 1478], [1006, 1478], [1006, 1504], [956, 1504]], '116', 0.9978508887981286)]
[([[467, 169], [589, 169], [589, 213], [467, 213]], '맛있없어', 0.9975724220275879), ([[930, 178], [962, 178], [962, 212], [930, 212]], '명', 0.5968045646432643), ([[452, 230], [598, 230], [598, 278], [452, 278]], '존의 밀크', 0.9226512083494806), ([[422, 476], [446, 476], [446, 540], [422, 540]], '춤', 0.06067608692870241), ([[807, 799], [963, 799], [963, 837], [807, 837]], '음  존의 자지', 0.8113562785523302), ([[330, 854], [435, 854], [435, 895], [330, 895]], '이번에는', 0.7409072518348694), ([[775, 853], [997, 853], [997, 891], [775, 891]], '또 건강하게.. 뒷네', 0.4821199529304857), ([[321, 909], [449, 909], [449, 947], [321, 947]], '이쪽 . 이야', 0.3332650153942259), ([[94, 1482], [142, 1482], [142, 1506], [94, 1506]], '117', 0.9994551971066067)]
[([[96, 498], [142, 498], [142, 524], [96, 524]], '하아', 0.9984475789814433), ([[581, 479], [637, 479], [637, 517], [581, 517]], '좋아', 0.9905989911451407), ([[581, 533], [635, 533], [635, 569], [581, 569]], '존9', 0.7149380380080814)]
[([[452, 262], [482, 262], [482, 324], [452, 324]], '%', 0.47664410048633954), ([[141, 703], [458, 703], [458, 955], [141, 955]], '7오덧', 0.014818946534085166), ([[615, 907], [723, 907], [723, 1031], [615, 1031]], '거', 0.9906307413348827), ([[771, 947], [881, 947], [881, 1105], [771, 1105]], '7', 0.5206794579613074), ([[845, 1179], [903, 1179], [903, 1217], [845, 1217]], '아맛', 0.0964865447730334), ([[811, 1233], [939, 1233], [939, 1269], [811, 1269]], '커  커다래', 0.8365217778029479), ([[847, 1285], [901, 1285], [901, 1321], [847, 1321]], '존]!', 0.27545246188050543), ([[90, 1482], [140, 1482], [140, 1506], [90, 1506]], '119', 0.9970111628226378)]
[([[242, 960], [270, 960], [270, 990], [242, 990]], '야', 0.2690030112211481), ([[866, 1094], [898, 1094], [898, 1124], [866, 1124]], '야', 0.18826323466158446), ([[264, 1390], [294, 1390], [294, 1420], [264, 1420]], '0', 0.4316596585464403), ([[964, 1484], [1014, 1484], [1014, 1510], [964, 1510]], '120', 0.9999876114175069)]
[([[1292, 110], [1322, 110], [1322, 138], [1292, 138]], '하', 0.9966725418962596), ([[1292, 142], [1322, 142], [1322, 166], [1292, 166]], '아', 0.9994082134561246), ([[421, 211], [603, 211], [603, 419], [421, 419]], '지', 0.9359423624707155), ([[1304, 1406], [1498, 1406], [1498, 1526], [1304, 1526]], '명명', 0.7375439547432132), ([[206, 1830], [376, 1830], [376, 2040], [206, 2040]], '8이', 0.0023346964056250156), ([[131, 2269], [207, 2269], [207, 2311], [131, 2311]], '121', 0.9999991740938607), ([[106.80610971466004, 105.03241874974464], [255.23048542876705, 40.11336173022321], [367.19389028534, 332.96758125025536], [218.76951457123295, 397.88663826977677]], '짓', 0.8897231496171685)]
[([[918, 144], [1032, 144], [1032, 174], [918, 174]], '몸 안에 존의', 0.9935900458852138), ([[586, 178], [698, 178], [698, 210], [586, 210]], '존의 정자가', 0.6766699179816623), ([[917, 183], [1035, 183], [1035, 219], [917, 219]], '밀크가 잔뜩', 0.4129959158659699), ([[572, 220], [700, 220], [700, 252], [572, 252]], '들어오고있어 ', 0.7564217858725859), ([[924, 228], [1022, 228], [1022, 258], [924, 258]], '들어올어 .', 0.1620133821158724), ([[366, 230], [488, 230], [488, 350], [366, 350]], '0고', 0.16911506853182753), ([[231, 333], [273, 333], [273, 373], [231, 373]], '07', 0.5262232347163203), ([[472, 326], [520, 326], [520, 390], [472, 390]], '1', 0.6191038064747687), ([[114, 510], [140, 510], [140, 534], [114, 534]], '양', 0.7587111774546464), ([[146, 636], [208, 636], [208, 686], [146, 686]], "간7')", 0.012473465874791145), ([[168, 982], [192, 982], [192, 1006], [168, 1006]], '하', 0.9931456883732928), ([[171, 1013], [193, 1013], [193, 1029], [171, 1029]], '아', 0.5538925039126116), ([[634, 1350], [670, 1350], [670, 1380], [634, 1380]], '즐<', 0.024527021170032522), ([[85.37584598972153, 116.01624300265341], [169.42572688661028, 95.08499673332832], [223.62415401027846, 331.9837569973466], [138.57427311338972, 352.91500326667165]], '{', 0.43809422981823687)]
[([[594, 190], [668, 190], [668, 222], [594, 222]], '어이!!', 0.9004180431365967), ([[97, 94], [222, 94], [222, 347], [97, 347]], '딸', 0.03814147805093171), ([[592, 234], [670, 234], [670, 266], [592, 266]], '쿠루미', 0.6449452042579651), ([[466, 492], [492, 492], [492, 516], [466, 516]], '오', 0.999987721480867), ([[456, 534], [518, 534], [518, 560], [456, 560]], '오빠!?', 0.5392057936416582), ([[864, 836], [970, 836], [970, 866], [864, 866]], '설마 스스로', 0.9427626953470566), ([[446, 872], [576, 872], [576, 904], [446, 904]], '개랑 씩스하는', 0.3870330527817494), ([[848, 878], [990, 878], [990, 908], [848, 908]], '원해서 .게다가', 0.8694782305562408), ([[448, 914], [578, 914], [578, 946], [448, 946]], '변태일 줄이야', 0.9813437141229744), ([[834, 915], [995, 915], [995, 954], [834, 954]], '초등학생인 네가 ', 0.2846343862174564), ([[836, 1212], [966, 1212], [966, 1238], [836, 1238]], '아 아니 야', 0.7536545378601737), ([[852, 1254], [944, 1254], [944, 1280], [852, 1280]], '오오빠', 0.5264797210693359), ([[116, 1300], [264, 1300], [264, 1332], [116, 1332]], '아버지가 아시면', 0.9993922080747112), ([[118, 1342], [264, 1342], [264, 1374], [118, 1374]], '놀라시켓지 분명', 0.9919680986466258), ([[90, 1486], [138, 1486], [138, 1512], [90, 1512]], '123', 0.8144366145133972)]
[([[130, 172], [316, 172], [316, 202], [130, 202]], '안랜다구 아빠한테는', 0.20396457164928428), ([[658, 164], [714, 164], [714, 190], [658, 190]], '안돼~', 0.7932213285267299), ([[160, 214], [286, 214], [286, 244], [160, 244]], '말하지 말아쥐', 0.7059861851618932), ([[154, 256], [292, 256], [292, 286], [154, 286]], '부탁이야 오빠!', 0.7145501697669853), ([[608, 860], [684, 860], [684, 890], [608, 890]], '어-명게', 0.31685230135917664), ([[380, 880], [494, 880], [494, 910], [380, 910]], '어절 수 없지', 0.8030812441971331), ([[604, 902], [686, 902], [686, 930], [604, 930]], '활까나 .', 0.4047095719315862), ([[354, 922], [520, 922], [520, 954], [354, 954]], '잠자코 있어출테니', 0.5656273987410678), ([[382, 964], [492, 964], [492, 996], [382, 996]], '조건이 있어', 0.6464377710519874), ([[960, 1484], [1008, 1484], [1008, 1510], [960, 1510]], '124', 0.8715094753252256), ([[915.9230627620734, 911.1999631813908], [937.5562235775935, 898.0520150387546], [964.0769372379266, 942.8000368186092], [942.4437764224065, 956.9479849612454]], '중', 0.5606440143512827), ([[926.4616397706227, 1172.0242014539122], [969.8355289883946, 1164.0584605269719], [993.5383602293773, 1294.9757985460878], [950.1644710116054, 1303.9415394730281]], '4', 0.9452742052781673)]
[([[338, 172], [472, 172], [472, 204], [338, 204]], '너느 오빠의', 0.4939093117583907), ([[890, 192], [1006, 192], [1006, 222], [890, 222]], '조건이라니?', 0.9988668395024496), ([[337, 213], [475, 213], [475, 249], [337, 249]], '노예가 되라', 0.9940926288827464), ([[647, 631], [683, 631], [683, 669], [647, 669]], '에', 0.998805760474486), ([[660, 670], [668, 670], [668, 704], [660, 704]], '}', 0.9461282443389543), ([[660, 708], [668, 708], [668, 760], [660, 760]], '}', 0.9321465082922629), ([[452, 1094], [496, 1094], [496, 1122], [452, 1122]], '안돼', 0.5611180355890668), ([[566, 1090], [692, 1090], [692, 1122], [566, 1122]], '싫다면 좋아 ', 0.6263806321413941), ([[124, 1110], [228, 1110], [228, 1142], [124, 1142]], '알켓으니까', 0.4731514782436446), ([[544, 1129], [698, 1129], [698, 1166], [544, 1166]], '아버지에게 말울', 0.6454628099063072), ([[120, 1152], [230, 1152], [230, 1184], [120, 1184]], '말하면 싫어', 0.9986711227174472), ([[86, 1476], [136, 1476], [136, 1504], [86, 1504]], '125', 0.9999980040603199), ([[145.8258754354862, 727.0050574903627], [170.16827398463175, 724.0047230735546], [190.1741245645138, 904.9949425096373], [165.83172601536825, 907.9952769264454]], '{', 0.8049155191857018)]
[([[888, 120], [950, 120], [950, 148], [888, 148]], '좋아', 0.9918457587130175), ([[874, 162], [962, 162], [962, 192], [874, 192]], '그럼 먼저', 0.9995263476528432), ([[870, 204], [968, 204], [968, 236], [870, 236]], '옷올 벗어!', 0.4846723485524198), ([[916, 524], [980, 524], [980, 552], [916, 552]], '빨리해', 0.663360059261322), ([[604, 678], [642, 678], [642, 704], [604, 704]], '네~', 0.999520402555638)]
[([[112, 156], [174, 156], [174, 188], [112, 188]], '다음은', 0.9997025420501743), ([[590, 168], [696, 168], [696, 200], [590, 200]], '꼬망이라고', 0.28783059780552533), ([[98, 200], [188, 200], [188, 226], [98, 226]], '이걸 차라', 0.8183620250423771), ([[589, 212], [695, 212], [695, 242], [589, 242]], '생각햇는데', 0.37366202467218107), ([[584, 254], [702, 254], [702, 284], [584, 284]], '꽤나 컷잖아!', 0.4143817764538257), ([[747, 623], [913, 623], [913, 661], [747, 661]], '너는 오빠 전용', 0.5354812499565283), ([[749, 675], [913, 675], [913, 713], [749, 713]], '암개 노예니까', 0.8412208588949535), ([[585, 1155], [671, 1155], [671, 1253], [585, 1253]], '{', 0.044350566492941335), ([[84, 1492], [132, 1492], [132, 1518], [84, 1518]], '127', 0.8470713496208191), ([[863.580458153052, 1079.0080036099596], [944.3643820804813, 1066.0849433561496], [987.419541846948, 1362.9919963900404], [905.6356179195187, 1375.9150566438504]], '#', 0.8255227164259082)]
[([[118, 112], [254, 112], [254, 144], [118, 144]], '존의 자지에', 0.9457853552958113), ([[133, 153], [237, 153], [237, 189], [133, 189]], '친절하게', 0.9940362572669983), ([[475, 155], [635, 155], [635, 191], [475, 191]], '다음은 존에게', 0.5174690414605221), ([[133, 195], [237, 195], [237, 231], [133, 231]], '해짓덧걸', 0.02309141308069229), ([[515, 197], [595, 197], [595, 233], [515, 233]], '햇볕결', 0.18716452965094357), ([[142, 238], [230, 238], [230, 270], [142, 270]], '말이야!', 0.9340027570724487), ([[504, 240], [606, 240], [606, 272], [504, 272]], '해보라고', 0.9987611174583435), ([[590, 888], [640, 888], [640, 918], [590, 918]], '빨리', 0.999931722788134), ([[710, 1100], [754, 1100], [754, 1132], [710, 1132]], '^+', 0.18651885452980788), ([[964, 1486], [1016, 1486], [1016, 1514], [964, 1514]], '128', 0.9999971781544015), ([[677.6291842816044, 1024.0346766925031], [698.5405127802564, 1022.0744232203365], [703.3708157183956, 1080.9653233074969], [681.4594872197436, 1082.9255767796635]], '4', 0.9758737861319311)]
[([[602, 136], [668, 136], [668, 168], [602, 168]], '이것이', 0.9990315501971857), ([[132, 172], [156, 172], [156, 196], [132, 196]], '크', 0.9999508863757569), ([[602, 178], [668, 178], [668, 208], [602, 208]], '오빠의', 0.8441038727760315), ([[122, 212], [188, 212], [188, 244], [122, 244]], '크잡아', 0.8362460065334477), ([[612, 222], [658, 222], [658, 250], [612, 250]], '자지', 0.9999795166930683), ([[538, 526], [640, 526], [640, 556], [538, 556]], '음왜-그래', 0.9977487074757032), ([[524, 568], [654, 568], [654, 598], [524, 598]], '빨리 해주라고', 0.9875296310844984), ([[913, 1045], [931, 1045], [931, 1071], [913, 1071]], '소', 0.07579441995311331), ([[928, 1076], [954, 1076], [954, 1112], [928, 1112]], '7', 0.2433474684827539), ([[141, 1123], [231, 1123], [231, 1247], [141, 1247]], "7'", 0.43195010115644666), ([[223, 1235], [315, 1235], [315, 1345], [223, 1345]], '(장', 0.7414788105899524), ([[294, 1344], [324, 1344], [324, 1384], [294, 1384]], "'", 0.15849572655293187), ([[88, 1476], [138, 1476], [138, 1502], [88, 1502]], '129', 0.9999643484681607), ([[711.0928196703593, 264.0294229235327], [814.6114636762759, 254.17379731136936], [829.9071803296407, 445.9705770764673], [726.3885363237241, 455.82620268863064]], '0', 0.2919840702266221)]
[([[802, 78], [958, 78], [958, 110], [802, 110]], '웃제법 잘하잡아', 0.8466248080656429), ([[846, 122], [912, 122], [912, 150], [846, 150]], '쿠루미', 0.4560602307319641), ([[102, 246], [174, 246], [174, 348], [102, 348]], '{', 0.05225971560525977), ([[624, 850], [688, 850], [688, 878], [624, 878]], '뒤쪽도', 0.998574415659318), ([[361, 880], [522, 880], [522, 910], [361, 910]], '좀 더 입속 안까지', 0.8060662982583354), ([[604, 892], [708, 892], [708, 922], [604, 922]], '정성스럽게', 0.6695489595120344), ([[370, 922], [516, 922], [516, 954], [370, 954]], '이렇게 말이야] !', 0.605059893854646), ([[589, 934], [719, 934], [719, 964], [589, 964]], '하라고 그렇게', 0.7405135218595752), ([[606, 1094], [664, 1094], [664, 1146], [606, 1146]], '자', 0.03507852012686019), ([[875, 1290], [997, 1290], [997, 1382], [875, 1382]], '사:', 0.11796442500510271), ([[962, 1480], [1014, 1480], [1014, 1506], [962, 1506]], '130', 0.8381377458572388)]
[([[338, 160], [464, 160], [464, 192], [338, 192]], '다음은 스스로', 0.9586616916571042), ([[610, 180], [656, 180], [656, 208], [610, 208]], '뭐야', 0.5479357356800814), ([[295, 198], [511, 198], [511, 236], [295, 236]], '아랫 입으로 먹어보라고', 0.44220512754219543), ([[579, 222], [683, 222], [683, 252], [579, 252]], '못쓰켓구만', 0.8775728728912164), ([[262, 592], [290, 592], [290, 624], [262, 624]], '1', 0.8638522165307769), ([[274, 626], [306, 626], [306, 660], [274, 660]], '1', 0.2823445584996911), ([[114, 1278], [194, 1278], [194, 1306], [114, 1306]], '이런거  .', 0.4061177614518834), ([[104, 1320], [192, 1320], [192, 1348], [104, 1348]], '무리라고', 0.7096484137069812), ([[90, 1486], [138, 1486], [138, 1512], [90, 1512]], '131', 0.6328988075256348), ([[133.36307024470153, 482.0510355171494], [165.77453212758664, 475.07570388689436], [182.63692975529847, 551.9489644828506], [149.22546787241336, 558.9242961131057]], '규', 0.06910147453091842)]
[([[582, 156], [660, 156], [660, 186], [582, 186]], '빨리 해!', 0.984734175942197), ([[134, 506], [266, 506], [266, 538], [134, 538]], '쿠루미 좋다고.', 0.6431848025531837), ([[150, 548], [264, 548], [264, 580], [150, 580]], '좀 더 움직여', 0.7126887945579804), ([[1039, 551], [1059, 551], [1059, 573], [1039, 573]], '이', 0.9996313196549842), ([[1039, 589], [1059, 589], [1059, 615], [1039, 615]], '욕', 0.8072580597764158), ([[828, 782], [854, 782], [854, 806], [828, 806]], '하', 0.9990297526329961), ([[831, 813], [853, 813], [853, 829], [831, 829]], '아', 0.9553853406653481), ([[110, 746], [286, 746], [286, 946], [110, 946]], '짓', 0.25441077660994793), ([[731, 993], [755, 993], [755, 1013], [731, 1013]], '하', 0.9975173404304236), ([[420, 1014], [446, 1014], [446, 1038], [420, 1038]], '하', 0.9951411047014211), ([[731, 1019], [755, 1019], [755, 1037], [731, 1037]], '아', 0.9982333839960944), ([[421, 1041], [445, 1041], [445, 1061], [421, 1061]], '아', 0.9632574820584558), ([[718, 1088], [742, 1088], [742, 1118], [718, 1118]], '5', 0.057250290567267825), ([[381, 1183], [539, 1183], [539, 1349], [381, 1349]], '7', 0.9968141697701327), ([[600, 1308], [680, 1308], [680, 1426], [600, 1426]], '{', 0.10827572945796593), ([[956, 1478], [1006, 1478], [1006, 1504], [956, 1504]], '132', 0.9846593737602234)]
[([[412, 154], [460, 154], [460, 182], [412, 182]], '오빠', 0.9045559763908386), ([[576, 142], [712, 142], [712, 172], [576, 172]], '극 꽉끼논 안이', 0.4672456909073386), ([[370, 194], [502, 194], [502, 226], [370, 226]], '좀 더 . 천천히.', 0.4866752967414702), ([[602, 182], [686, 182], [686, 214], [602, 214]], '달라붙어', 0.9722114205360413), ([[602, 224], [686, 224], [686, 256], [602, 256]], '오고있어', 0.9987726807594299), ([[138, 510], [176, 510], [176, 538], [138, 538]], '크옥', 0.31497616873303197), ([[846, 504], [892, 504], [892, 530], [846, 530]], '하아', 0.9980895125600008), ([[696, 566], [842, 566], [842, 716], [696, 716]], '저', 0.00531028899406949), ([[142, 1026], [284, 1026], [284, 1054], [142, 1054]], '아파 . 조 . 좀 더', 0.4847441328020597), ([[122, 1068], [304, 1068], [304, 1098], [122, 1098]], '천천히. 하아 해쥐 .', 0.5039003824070941), ([[867, 1363], [885, 1363], [885, 1385], [867, 1385]], '베', 0.0017038595205348117), ([[704, 1470], [728, 1470], [728, 1504], [704, 1504]], '5', 0.12718795233809388), ([[712, 1508], [738, 1508], [738, 1546], [712, 1546]], ')', 0.5658525562257779), ([[554.3315670795698, 519.0562457694622], [581.5023207456645, 509.03166610925], [609.6684329204302, 585.9437542305378], [582.4976792543355, 595.96833389075]], '#', 0.7637229766470597), ([[243.331549089975, 491.01064142521534], [404.39946647382936, 527.8304515147539], [329.668450910025, 846.9893585747847], [169.6005335261706, 811.1695484852461]], '주', 0.7487397571356134)]
[([[351, 511], [367, 511], [367, 541], [351, 541]], '#', 0.7877229889462711), ([[622, 1102], [692, 1102], [692, 1130], [622, 1130]], '극 이제', 0.816884061950978), ([[616, 1142], [698, 1142], [698, 1174], [616, 1174]], '나온닷]!', 0.5156632432142653), ([[204, 1182], [250, 1182], [250, 1208], [204, 1208]], '싫어', 0.8609484053265248), ([[581, 1287], [697, 1287], [697, 1405], [581, 1405]], '(1', 0.06280825871784623), ([[962, 1486], [1010, 1486], [1010, 1512], [962, 1512]], '134', 0.4376618564128876), ([[361.3585363632979, 846.0343881786703], [407.9780454706889, 835.0802510984616], [433.6414636367021, 950.9656118213297], [387.0219545293111, 961.9197489015384]], '#', 0.6618151045814216)]
[([[803, 77], [883, 77], [883, 113], [803, 113]], '쿠루미', 0.984598929078231), ([[803, 131], [881, 131], [881, 167], [803, 167]], '산다! !', 0.6549196078992262), ([[798, 1148], [830, 1148], [830, 1274], [798, 1274]], '~', 0.01473243007869135), ([[90, 1486], [142, 1486], [142, 1514], [90, 1514]], '135', 0.9999804535792165), ([[703.672619571201, 256.00893815297826], [751.2937649117528, 246.00719580024318], [795.327380428799, 450.99106184702174], [748.7062350882472, 461.9928041997568]], '?', 0.03254903616938609), ([[604.600279916028, 532.1413715885371], [651.68969701509, 506.0340601475913], [695.399720083972, 594.8586284114629], [648.31030298491, 620.9659398524087]], '외', 0.3416383163036052), ([[263.4561116012819, 1249.0134543458946], [346.0214967394391, 1235.1873430216049], [381.5438883987181, 1472.9865456541054], [298.9785032605609, 1486.8126569783951]], ' ', 0.029275543332133225)]
[([[169, 79], [303, 79], [303, 117], [169, 117]], '오빠는 점점', 0.7084409210766308), ([[825, 77], [985, 77], [985, 113], [825, 113]], '쿠루미는 그날', 0.3800723856982129), ([[106, 127], [367, 127], [367, 171], [106, 171]], '부담스러운일올 저에게', 0.8052467053501734), ([[777, 125], [929, 125], [929, 165], [777, 165]], '이후 . 오빠의', 0.8144970961820478), ([[939, 129], [1033, 129], [1033, 165], [939, 165]], '5개] 가', 0.15055159174299268), ([[159, 183], [317, 183], [317, 223], [159, 223]], '시켜워습니다', 0.6831067938932422), ([[839, 179], [973, 179], [973, 219], [839, 219]], '되엇습니다', 0.6796780554858294), ([[388, 1212], [534, 1212], [534, 1242], [388, 1242]], '그래도 존하고는', 0.6596094123733403), ([[388, 1254], [534, 1254], [534, 1284], [388, 1284]], '가끔씩 교미하고', 0.9836447820183126), ([[410, 1296], [512, 1296], [512, 1326], [410, 1326]], '잇답니다9', 0.7520612912398529), ([[962, 1486], [1014, 1486], [1014, 1514], [962, 1514]], '136', 0.6149242520332336), ([[136, 1488], [300, 1488], [300, 1538], [136, 1538]], '[꼴) -', 0.027980912203486485)]
[]
[([[1016, 1166], [1040, 1166], [1040, 1216], [1016, 1216]], '표', 0.39867234413990005), ([[1016, 1212], [1044, 1212], [1044, 1426], [1016, 1426]], '{', 0.26439174257038545), ([[968, 1482], [1020, 1482], [1020, 1510], [968, 1510]], '138', 0.6163123250007629), ([[1019.5661390843627, 1426.047625879632], [1035.399920023992, 1424.0403918824393], [1041.4338609156373, 1474.952374120368], [1025.600079976008, 1476.9596081175607]], '*', 0.046711727459527674)]
