719087
23
[([[590, 116], [960, 116], [960, 214], [590, 214]], '[@비-비륙물-', 0.00035017140395994837), ([[500, 218], [1038, 218], [1038, 320], [500, 320]], '@박) [도꾸뽑|', 5.1019519618562785e-05), ([[811, 1298], [1001, 1298], [1001, 1358], [811, 1358]], '듯* 시놈)', 0.01603204758854415), ([[830, 1352], [986, 1352], [986, 1382], [830, 1382]], '[히 시 틈', 0.14410860490122004), ([[671.5262041961726, 894.5337092721878], [715.2764439164172, 929.1435792332178], [614.4737958038274, 1042.4662907278123], [571.7235560835828, 1006.8564207667822]], '류', 0.0345620299717988), ([[738.7078024593371, 928.8225057383067], [783.9893623620657, 965.3768054846763], [656.2921975406629, 1108.1774942616933], [610.0106376379343, 1070.6231945153236]], '@', 0.18851788082088206), ([[790.8148260471517, 967.7666488234581], [838.8659865929524, 1005.180287799938], [704.1851739528483, 1162.2333511765419], [655.1340134070476, 1124.819712200062]], '8', 0.17645198833080045)]
[([[76, 158], [186, 158], [186, 188], [76, 188]], '이래선 마치', 0.9996548403276703), ([[86, 198], [174, 198], [174, 230], [86, 230]], '사우나네.', 0.6796690719929299), ([[822, 258], [888, 258], [888, 286], [822, 286]], '우외아', 0.6379619554805891), ([[828, 300], [878, 300], [878, 330], [828, 330]], '덥다', 0.9999586120456244), ([[494, 544], [624, 544], [624, 574], [494, 574]], '여기의 기온은', 0.9187339323048053), ([[490, 586], [632, 586], [632, 616], [490, 616]], '섭씨 39도 정도', 0.9759239355127679), ([[516, 628], [602, 628], [602, 658], [516, 658]], '되니까요', 0.999342679977417), ([[882, 892], [1014, 892], [1014, 922], [882, 922]], '기다려 주세요', 0.9719233513205249), ([[918, 934], [982, 934], [982, 962], [918, 962]], '테즈오', 0.7955791623470092), ([[250, 1190], [279, 1190], [279, 1253], [250, 1253]], '몸', 0.9455462456350041)]
[([[152, 108], [236, 108], [236, 138], [152, 138]], '조심해서', 0.9999312162399292), ([[137, 149], [243, 149], [243, 179], [137, 179]], '다녀오세요', 0.997567716417194), ([[252, 736], [362, 736], [362, 766], [252, 766]], '다녀올게요', 0.9891936713029759), ([[272, 778], [338, 778], [338, 810], [272, 810]], '차장남', 0.9482838514454525)]
[([[562, 98], [676, 98], [676, 130], [562, 130]], '후~ 이 별은', 0.9814217853941075), ([[556, 142], [680, 142], [680, 170], [556, 170]], '너무 덥네요 .', 0.8379334280479758), ([[762, 814], [870, 814], [870, 844], [762, 844]], '메텔씨 이건', 0.8485854582864221), ([[506, 852], [600, 852], [600, 878], [506, 878]], '후후 여기논', 0.6074376172863168), ([[772, 856], [862, 856], [862, 886], [772, 886]], '또 대담한', 0.6802244040692194), ([[518, 888], [590, 888], [590, 916], [518, 916]], '개방적인', 0.9998157024383545), ([[762, 898], [868, 898], [868, 928], [762, 928]], '모습이네요', 0.8510482453099079), ([[508, 922], [596, 922], [596, 948], [508, 948]], '긋이니까요', 0.674352285667144)]
[([[61, 115], [81, 115], [81, 139], [61, 139]], '옛', 0.9993902182614534), ([[268, 114], [364, 114], [364, 140], [268, 140]], '차장남은 그', 0.6802449826029989), ([[264, 148], [366, 148], [366, 174], [264, 174]], '제복차림으로', 0.9898927668808063), ([[260, 184], [374, 184], [374, 210], [260, 210]], '덥지 않으세요?', 0.6647110250085528), ([[890, 297], [1020, 297], [1020, 327], [890, 327]], '게다가 이쪽이', 0.9553436304314865), ([[912, 340], [996, 340], [996, 370], [912, 370]], '여러모로', 0.7905471324920654), ([[900, 382], [1004, 382], [1004, 412], [900, 412]], '편하니까요', 0.9969590695507528), ([[350, 696], [440, 696], [440, 722], [350, 722]], '저논 더위름', 0.16590196070039887), ([[360, 732], [430, 732], [430, 756], [360, 756]], '못느끼는', 0.7800898551940918), ([[343, 765], [445, 765], [445, 791], [343, 791]], '체질이니까요', 0.6000304421333269), ([[914, 1008], [978, 1008], [978, 1034], [914, 1034]], '그래요?', 0.999887228012085), ([[882, 1044], [1012, 1044], [1012, 1072], [882, 1072]], '이 곳은 엄청나게', 0.9074791462619933), ([[904, 1078], [990, 1078], [990, 1104], [904, 1104]], '뜨거워요 ', 0.9346774132443448), ([[254, 1154], [282, 1154], [282, 1182], [254, 1182]], '희', 0.9195233406588024)]
[([[474, 168], [602, 168], [602, 200], [474, 200]], '아; 앗 메텔씨', 0.3915569312354972), ([[484, 210], [592, 210], [592, 242], [484, 242]], '이런 곳에선', 0.737092022943225), ([[492, 252], [584, 252], [584, 284], [492, 284]], '곤란해요!', 0.8376124662925449), ([[394, 1028], [554, 1028], [554, 1060], [394, 1060]], '게, 게다가 지금은', 0.9283375495107674), ([[396, 1070], [554, 1070], [554, 1102], [396, 1102]], '근무 중이고 이런', 0.9913719153236911), ([[392, 1112], [558, 1112], [558, 1144], [392, 1144]], '일은 개인적으로도', 0.9994759656037947), ([[416, 1156], [530, 1156], [530, 1186], [416, 1186]], '증지 않구요', 0.4563562100165407), ([[971, 1473], [991, 1473], [991, 1499], [971, 1499]], '8', 1.0)]
[([[482, 138], [544, 138], [544, 168], [482, 168]], '후후 ..', 0.7419783692100919), ([[94, 722], [180, 722], [180, 752], [94, 752]], '차장남도', 0.9530853033065796), ([[86, 764], [190, 764], [190, 794], [86, 794]], '개방적으로', 0.7520971093873174), ([[80, 806], [192, 806], [192, 834], [80, 834]], '돼도록 하조', 0.983735036394639), ([[1023, 1499], [1041, 1499], [1041, 1523], [1023, 1523]], '9', 0.6095158422904123)]
[([[106, 582], [178, 582], [178, 614], [106, 614]], '이 안을', 0.6622004508972168), ([[82, 626], [202, 626], [202, 654], [82, 654]], '개방해쥐요  .', 0.522102666735427), ([[104, 668], [180, 668], [180, 698], [104, 698]], '차장남!', 0.7526808188901842), ([[1024, 1470], [1056, 1470], [1056, 1500], [1024, 1500]], '10', 0.9999994099441718)]
[([[721, 63], [879, 63], [879, 265], [721, 265]], '{', 0.058315623986815446), ([[312, 1038], [344, 1038], [344, 1064], [312, 1064]], '메,', 0.9230040509502258), ([[286, 1078], [366, 1078], [366, 1106], [286, 1106]], '메텔 씨 ', 0.5345653419399483), ([[900, 1102], [976, 1102], [976, 1132], [900, 1132]], '웃 아아', 0.9916469972791568), ([[904, 1144], [968, 1144], [968, 1172], [904, 1172]], '그래요', 0.9995905682399252), ([[904, 1186], [968, 1186], [968, 1216], [904, 1216]], '좋아요', 0.9994142490270419), ([[100, 1468], [126, 1468], [126, 1492], [100, 1492]], '11', 0.9997937395542741)]
[([[662, 500], [760, 500], [760, 530], [662, 530]], '양 하아앗', 0.6563867058826732), ([[630, 542], [788, 542], [788, 572], [630, 572]], '뜨거워요 차장 님!', 0.7566532037100386), ([[637, 583], [781, 583], [781, 613], [637, 613]], '좀 더 해주세옷!', 0.961358808330152), ([[243, 1143], [285, 1143], [285, 1183], [243, 1183]], '0', 0.8657067415903299)]
[([[911, 551], [967, 551], [967, 593], [911, 593]], '으욕', 0.6400033046034342), ([[392, 634], [422, 634], [422, 662], [392, 662]], '죄', 0.9989321699831635), ([[358, 674], [464, 674], [464, 706], [358, 706]], '죄송합니다', 0.980195934020375), ([[86, 1150], [178, 1150], [178, 1180], [86, 1180]], '괜찮아요', 0.9995455145835876), ([[90, 1192], [174, 1192], [174, 1222], [90, 1222]], '신경쓰지', 0.9990020394325256), ([[96, 1234], [164, 1234], [164, 1264], [96, 1264]], '마세요', 0.9993521047239432), ([[966, 1466], [998, 1466], [998, 1494], [966, 1494]], '13', 0.9999998314126102)]
[([[102, 576], [256, 576], [256, 606], [102, 606]], '저한테 맡기세요', 0.7276138394916497), ([[96, 616], [248, 616], [248, 648], [96, 648]], '차장남은 가만히.', 0.9342196081621966), ([[829, 1095], [875, 1095], [875, 1133], [829, 1133]], '08', 0.1825074754301666), ([[966, 1454], [998, 1454], [998, 1480], [966, 1480]], '14', 1.0)]
[([[218, 324], [302, 324], [302, 354], [218, 354]], '앗아아 ', 0.40115886926651), ([[216, 366], [298, 366], [298, 394], [216, 394]], '메텔 씨 ,', 0.4531077651132862), ([[320, 506], [362, 506], [362, 530], [320, 530]], '좁더', 0.5897549974336466), ([[278, 540], [402, 540], [402, 566], [278, 566]], '개방적인 기분이', 0.9992176353348211), ([[294, 576], [382, 576], [382, 600], [294, 600]], '되어버려요', 0.7751695630011527), ([[848, 984], [958, 984], [958, 1014], [848, 1014]], '여기의 대기', 0.9900888049900092), ([[858, 1026], [950, 1026], [950, 1056], [858, 1056]], '탓일까요', 0.9906410574913025), ([[856, 1068], [950, 1068], [950, 1098], [856, 1098]], '원가 좀 더', 0.6392081419425059), ([[28, 1452], [58, 1452], [58, 1480], [28, 1480]], '15', 0.9999989041821146), ([[401.303473966853, 1229.0347396685302], [452.2324733606732, 1217.1093534835088], [478.696526033147, 1342.9652603314698], [427.7675266393268, 1353.8906465164912]], '올', 0.10071775663347271), ([[777.771988880309, 1285.1931655289577], [807.5737162892756, 1266.0413576039987], [843.228011119691, 1323.8068344710423], [813.4262837107244, 1342.9586423960013]], '꿈', 0.13142594306931787)]
[([[427, 607], [541, 607], [541, 761], [427, 761]], '4', 0.806418883436212), ([[518, 724], [568, 724], [568, 774], [518, 774]], '0', 0.6589587625290996), ([[522, 794], [572, 794], [572, 850], [522, 850]], '%', 0.08011747158894877), ([[420, 1006], [506, 1006], [506, 1036], [420, 1036]], '괜찮아요', 0.9994179010391235), ([[636, 1018], [710, 1018], [710, 1048], [636, 1048]], '으 우엇', 0.18964814227800658), ([[430, 1048], [514, 1048], [514, 1078], [430, 1078]], '마음대로', 0.9999011158943176), ([[598, 1060], [746, 1060], [746, 1090], [598, 1090]], '그렇게 격렬하게', 0.619368633439911), ([[418, 1090], [522, 1090], [522, 1120], [418, 1120]], '내보내세요', 0.9998481127077055), ([[596, 1102], [744, 1102], [744, 1132], [596, 1132]], '하시면 위험해요', 0.9992616402957016), ([[436, 1132], [508, 1132], [508, 1162], [436, 1162]], '제 안에', 0.8992720246315002), ([[608, 1144], [734, 1144], [734, 1174], [608, 1174]], '또 또 먼저 . !', 0.250819525128215), ([[436, 1174], [502, 1174], [502, 1204], [436, 1204]], '마음껏.', 0.9979376196861267), ([[98, 1456], [130, 1456], [130, 1484], [98, 1484]], '16', 0.999999915706304)]
[([[841, 123], [927, 123], [927, 167], [841, 167]], '으야', 0.9705731409619942), ([[617, 393], [751, 393], [751, 549], [617, 549]], ']', 0.1601963788467211), ([[886, 460], [942, 460], [942, 522], [886, 522]], "'00", 0.34348246521659903), ([[128, 540], [230, 540], [230, 588], [128, 588]], '아', 0.9998685164758889), ([[472, 1048], [650, 1048], [650, 1078], [472, 1078]], '어이구 안돼지 안돼,', 0.8844255631510474), ([[506, 1090], [616, 1090], [616, 1120], [506, 1120]], '월 생각하고', 0.9189841576948303), ([[494, 1132], [624, 1132], [624, 1162], [494, 1162]], '있는거야 나는.', 0.8908918042535735), ([[492, 1174], [632, 1174], [632, 1206], [492, 1206]], '근무 중 이잡아;', 0.5938540957870877), ([[961, 1163], [999, 1163], [999, 1199], [961, 1199]], '%', 0.6766924433893031), ([[498, 1216], [624, 1216], [624, 1246], [498, 1246]], '빨리 차량으로', 0.6963929113920126), ([[506, 1258], [612, 1258], [612, 1288], [506, 1288]], '돌아가야지', 0.8544750820146259), ([[90, 1452], [120, 1452], [120, 1476], [90, 1476]], '17', 0.9999998314126102)]
[([[736, 452], [810, 452], [810, 480], [736, 480]], '테즈오!', 0.5061224102973938), ([[726, 494], [822, 494], [822, 524], [726, 524]], '괜찮아요?', 0.9996353379685937), ([[717, 994], [830, 994], [830, 1043], [717, 1043]], '태즈와', 0.1404648610189893), ([[911, 1083], [1013, 1083], [1013, 1145], [911, 1145]], '여사', 0.9959172010421753), ([[159, 1365], [263, 1365], [263, 1427], [159, 1427]], '여사', 0.9996423605778179), ([[50, 1460], [82, 1460], [82, 1490], [50, 1490]], '18', 1.0)]
[([[87, 147], [167, 147], [167, 191], [87, 191]], '한나', 0.9437878287824556), ([[329, 355], [409, 355], [409, 399], [329, 399]], '한다', 0.8724326133720531), ([[568, 364], [608, 364], [608, 396], [568, 396]], '야', 0.9738634394737211), ([[126, 1366], [226, 1366], [226, 1414], [126, 1414]], '아양', 0.16950914612475665), ([[1020, 1452], [1052, 1452], [1052, 1482], [1020, 1482]], '19', 0.9999987355947788)]
[([[803, 691], [847, 691], [847, 751], [803, 751]], '0', 0.23024955307120365), ([[318, 663], [463, 663], [463, 877], [318, 877]], '대;', 0.25273658287806433), ([[836, 772], [862, 772], [862, 812], [836, 812]], '0', 0.9991105389453345), ([[820, 828], [872, 828], [872, 882], [820, 882]], '%', 0.41098695703114174), ([[537, 1043], [627, 1043], [627, 1087], [537, 1087]], '하이', 0.027513220590932384), ([[102, 1456], [134, 1456], [134, 1486], [102, 1486]], '20', 0.9809457207500585), ([[720.6748216871018, 730.0733951839165], [794.6924857024518, 688.0199973475837], [870.3251783128982, 843.9266048160835], [796.3075142975482, 884.9800026524163]], '극', 0.8064698404838033)]
[([[958, 1462], [988, 1462], [988, 1492], [958, 1492]], '21', 0.8317344799818981)]
[([[680, 120], [780, 120], [780, 152], [680, 152]], '이, 이건 또', 0.7936034188338729), ([[686, 164], [774, 164], [774, 194], [686, 194]], '어떻게 된', 0.810102635102972), ([[680, 204], [776, 204], [776, 236], [680, 236]], '일입니까', 0.7777292728424072), ([[606, 460], [714, 460], [714, 492], [606, 492]], '현지에 있는', 0.5867539676428634), ([[154, 502], [236, 502], [236, 532], [154, 532]], '열차에서', 0.9734257459640503), ([[598, 502], [722, 502], [722, 532], [598, 532]], '아리오주에게', 0.8758868948627473), ([[100, 544], [290, 544], [290, 574], [100, 574]], '멀어저서 죄송합니다', 0.9803817380561769), ([[584, 544], [734, 544], [734, 576], [584, 576]], '습격당하 겁니까', 0.6063665057368298), ([[130, 584], [260, 584], [260, 616], [130, 616]], '아직 테즈오의', 0.788051818893606), ([[586, 586], [730, 586], [730, 618], [586, 618]], '고생하석켓네요', 0.5320840841857266), ([[120, 628], [268, 628], [268, 658], [120, 658]], '의식이 돌아오지', 0.9998985082554247), ([[154, 670], [224, 670], [224, 700], [154, 700]], '않아서.', 0.9930803775787354), ([[890, 904], [994, 904], [994, 934], [890, 934]], '아리오주은', 0.6394176665361437), ([[868, 946], [1016, 946], [1016, 976], [868, 976]], '저에게 여러가지', 0.9366075374582662), ([[644, 990], [740, 990], [740, 1022], [644, 1022]], '이 일단은', 0.9922402767726782), ([[848, 983], [1035, 983], [1035, 1021], [848, 1021]], '일흘해서 만족터는지 ', 0.1977559860469087), ([[638, 1029], [745, 1029], [745, 1065], [638, 1065]], '테즈오씨름', 0.2687689553404967), ([[888, 1030], [992, 1030], [992, 1060], [888, 1060]], '돌아켓어요', 0.31485553155556656), ([[626, 1074], [756, 1074], [756, 1106], [626, 1106]], '전차로 옮기조.', 0.9159150045028002), ([[226, 1370], [294, 1370], [294, 1400], [226, 1400]], '차장남.', 0.9599708914756775), ([[970, 1456], [1002, 1456], [1002, 1486], [970, 1486]], '22', 0.9999353042958972), ([[451.82000635998094, 1091.9120101759695], [562.6345529159457, 1064.1893676024447], [574.1799936400191, 1118.0879898240305], [463.36544708405427, 1145.8106323975553]], ')이궁률 8', 0.0010493973200338365)]
[([[98, 182], [230, 182], [230, 212], [98, 212]], '나중에 늘 하던', 0.762868534512049), ([[97, 219], [233, 219], [233, 256], [97, 256]], '그거 부탁해도', 0.43167013051781306), ([[116, 264], [212, 264], [212, 296], [116, 296]], '종올까요?', 0.3454945893147958), ([[212, 350], [322, 350], [322, 380], [212, 380]], '여기의 대기', 0.9999280433326441), ([[200, 390], [334, 390], [334, 422], [200, 422]], '탓일까요 몸이', 0.7132212830193395), ([[184, 432], [350, 432], [350, 464], [184, 464]], '육신거리논게 전혀', 0.9577962960514912), ([[182, 474], [342, 474], [342, 506], [182, 506]], '가라앉질 않네요', 0.8570418329698103), ([[262, 814], [326, 814], [326, 844], [262, 844]], '아; 넷!', 0.8902879637812372), ([[37, 987], [105, 987], [105, 1079], [37, 1079]], '다', 0.0340510532220728), ([[598, 1160], [642, 1160], [642, 1186], [598, 1186]], '저로', 0.9999885360764513), ([[560, 1202], [682, 1202], [682, 1232], [560, 1232]], '괜찮으시다면', 0.9914794320660996), ([[103, 1220], [207, 1220], [207, 1264], [103, 1264]], '[`지', 0.003200287404402382), ([[570, 1244], [672, 1244], [672, 1274], [570, 1274]], '얼마듣지요', 0.48318804097000523), ([[972, 1416], [1006, 1416], [1006, 1444], [972, 1444]], '23', 0.9999990727694587)]
[([[410, 502], [714, 502], [714, 556], [410, 556]], '꼴이/:--:지', 0.00012426112205246405), ([[292, 545], [833, 545], [833, 605], [292, 605]], '6항-장,솜 .,::디-5999', 0.00014371349445173567), ([[431, 625], [691, 625], [691, 661], [431, 661]], '*#-) ) 사하주향솜', 0.010502510466321089), ([[477, 653], [541, 653], [541, 689], [477, 689]], '쓸#', 0.06343743782116225), ([[556, 656], [640, 656], [640, 688], [556, 688]], '태3)', 0.00451455124271651), ([[430, 684], [488, 684], [488, 716], [430, 716]], '태어끼]', 0.0010509195271879435), ([[504, 684], [694, 684], [694, 716], [504, 716]], '(#후*{:.-템', 0.000331660445782159), ([[448, 714], [508, 714], [508, 744], [448, 744]], '36{7', 0.158963143825531), ([[525, 713], [672, 713], [672, 744], [525, 744]], '2011.8.12', 0.7350646743271805), ([[306, 770], [392, 770], [392, 802], [306, 802]], '친$#;', 0.0009933470282703638), ([[407, 769], [817, 769], [817, 805], [407, 805]], '라,라+라물요,4@교]튜;라<라+.미.. ;마', 6.873136409973831e-06), ([[363, 821], [759, 821], [759, 859], [363, 859]], '*18# + #0|쁨서 0##^촬- 탓', 0.00247927236692462), ([[463, 851], [659, 851], [659, 887], [463, 887]], '탓출:#빠내주  탓', 0.006956551574744508), ([[962, 1458], [996, 1458], [996, 1488], [962, 1488]], '24', 0.9999993256504904)]
[([[234, 808], [862, 808], [862, 910], [234, 910]], '밭 -거 내)과초계', 0.0064352492653408)]
