723993
32
[([[291, 11], [465, 11], [465, 49], [291, 49]], '{스>31{', 0.055639807447553084), ([[321, 15], [675, 15], [675, 227], [321, 227]], '"물이', 0.00021231493908872555), ([[61, 813], [153, 813], [153, 855], [61, 855]], "'어큰", 0.015649728552063653), ([[65, 849], [209, 849], [209, 889], [65, 889]], '항지신7', 0.0004056585894431919), ([[59, 880], [184, 880], [184, 928], [59, 928]], '0시모', 0.0019438833212553892), ([[25, 944], [511, 944], [511, 1010], [25, 1010]], '좁.꼴이, 2외~째~,교째', 3.986684349502913e-06)]
[]
[([[198, 402], [615, 402], [615, 612], [198, 612]], '@', 0.09347946174012023)]
[([[556, 466], [612, 466], [612, 490], [556, 490]], '나미', 0.9999494241563932), ([[618, 466], [674, 466], [674, 490], [618, 490]], '이제', 0.999944450905564), ([[567, 497], [669, 497], [669, 535], [567, 535]], '죽느거야', 0.49923425912857056), ([[46, 544], [124, 544], [124, 572], [46, 572]], '나미쉬|', 0.3366866707801819), ([[604, 538], [634, 538], [634, 566], [604, 566]], '!?', 0.9991199186879552), ([[33, 575], [135, 575], [135, 605], [33, 605]], '죽으시면', 0.9757799506187439), ([[46, 610], [122, 610], [122, 640], [46, 640]], '안돼요', 0.6849822998046875), ([[523, 789], [595, 789], [595, 809], [523, 809]], '아아아', 0.9986587112796255), ([[522, 818], [596, 818], [596, 848], [522, 848]], '아아앗', 0.9210333460090443)]
[([[524, 188], [634, 188], [634, 216], [524, 216]], "'한시라도 빨리 ", 0.5388219339333731), ([[122, 222], [210, 222], [210, 246], [122, 246]], '그리고 나서', 0.9998278779495801), ([[530, 222], [620, 222], [620, 252], [530, 252]], '나미의 병을', 0.36424072556039416), ([[122, 254], [210, 254], [210, 280], [122, 280]], '알라바스타', 0.9874921040562665), ([[544, 256], [610, 256], [610, 280], [544, 280]], '치료하고', 0.9981954097747803), ([[150, 288], [182, 288], [182, 312], [150, 312]], '로!', 0.6214373781160238), ([[123, 379], [219, 379], [219, 399], [123, 399]], '그게 이 배의', 0.8479772434446889), ([[121, 407], [218, 407], [218, 439], [121, 439]], '"최고속력"', 0.7614975359411419), ([[144, 446], [196, 446], [196, 470], [144, 470]], '이라구', 0.9994999993805634)]
[([[264, 750], [695, 750], [695, 859], [264, 859]], '최@출트미3"', 0.00782387730621601), ([[480, 862], [616, 862], [616, 916], [480, 916]], '난년!', 0.07980127110929161)]
[([[103, 69], [339, 69], [339, 155], [103, 155]], ')비-장', 0.0009395754314027727)]
[([[431, 449], [497, 449], [497, 557], [431, 557]], '북', 0.27072936506760925), ([[153, 671], [207, 671], [207, 691], [153, 691]], '그것보다', 0.999393105506897), ([[395, 677], [427, 677], [427, 691], [395, 691]], '여어', 0.9999842371150446), ([[437, 677], [469, 677], [469, 691], [437, 691]], '비비', 0.999968221424118), ([[153, 699], [209, 699], [209, 717], [153, 717]], '그 녀석의', 0.9967106953933941), ([[253, 719], [291, 719], [291, 733], [253, 733]], '미스터', 0.9999865102111692), ([[394, 704], [468, 704], [468, 730], [394, 730]], '피곤하지?', 0.99988388563561), ([[154, 722], [200, 722], [200, 746], [154, 746]], '상태는', 0.828281713105806), ([[255, 739], [289, 739], [289, 755], [255, 755]], '무사도', 0.9880282282829285), ([[387, 741], [479, 741], [479, 761], [387, 761]], '교대시간이야', 0.9994671618993027), ([[161, 753], [201, 753], [201, 769], [161, 769]], '어때?', 0.9996527833517549), ([[37, 861], [111, 861], [111, 881], [37, 881]], '여전히 열이', 0.9856890715257501), ([[29, 887], [119, 887], [119, 907], [29, 907]], '내내려가지 않아', 0.42699686478217336), ([[31, 913], [117, 913], [117, 933], [31, 933]], '이대로 있다간', 0.986513819030937)]
[([[44, 66], [106, 66], [106, 92], [44, 92]], '괜찮아-', 0.97635418176651), ([[604, 74], [682, 74], [682, 98], [604, 98]], '뭐 , 그렇계', 0.8276673212478236), ([[24, 100], [128, 100], [128, 124], [24, 124]], '고작 이 정도의', 0.9980043543774672), ([[612, 108], [676, 108], [676, 132], [612, 132]], '걱정해도', 0.9987488985061646), ([[42, 130], [110, 130], [110, 158], [42, 158]], '일로 죽올', 0.43257817142173904), ([[594, 140], [692, 140], [692, 166], [594, 166]], '의미는 없지]!', 0.5090514362432439), ([[31, 163], [121, 163], [121, 181], [31, 181]], '녀석이 아냐!', 0.9366435041791461), ([[151, 879], [189, 879], [189, 897], [151, 897]], '그렇네', 0.8085712790489197), ([[145, 905], [181, 905], [181, 921], [145, 921]], '그럼 .', 0.468941559424072), ([[130, 926], [186, 926], [186, 950], [130, 950]], '부탁발계', 0.36316820979118347), ([[32.02881801070733, 283.02246903127843], [247.37299250305196, 375.906751874237], [171.97118198929266, 540.9775309687216], [-41.37299250305197, 448.093248125763]], '{하:', 0.03604169850911684)]
[([[162, 184], [196, 184], [196, 214], [162, 214]], '으응', 0.9998222292214073), ([[247, 603], [289, 603], [289, 623], [247, 623]], '.조로', 0.3288934917764687), ([[224, 628], [308, 628], [308, 652], [224, 652]], '언제 앞어?', 0.44686848058633133), ([[638, 670], [666, 670], [666, 694], [638, 694]], '으응', 0.9994015672103997), ([[31, 709], [67, 709], [67, 727], [31, 727]], '아양?', 0.9214112875861261), ([[24, 732], [88, 732], [88, 756], [24, 756]], '잠오대같은', 0.1497725181281109), ([[21, 761], [87, 761], [87, 781], [21, 781]], '길 하느거나', 0.7669287089219796), ([[23, 787], [73, 787], [73, 807], [23, 807]], '괜찮나?', 0.991097629070282)]
[([[255, 57], [307, 57], [307, 93], [255, 93]], '{)', 0.2458106783421482), ([[429, 65], [495, 65], [495, 83], [429, 83]], '에? 어라?', 0.4468828956293798), ([[612, 60], [670, 60], [670, 84], [612, 84]], '오! 열은', 0.9238802379632153), ([[425, 93], [501, 93], [501, 111], [425, 111]], '그. 그런가아', 0.7085167374174653), ([[615, 95], [667, 95], [667, 115], [615, 115]], '내려간', 0.9997829963046369), ([[215, 105], [279, 105], [279, 119], [215, 119]], '어이어이', 0.9941498637199402), ([[427, 117], [489, 117], [489, 137], [427, 137]], '괜지 엄청', 0.3900513704684386), ([[69, 137], [97, 137], [97, 149], [69, 149]], '어이 .', 0.9872426986694336), ([[208, 126], [292, 126], [292, 150], [208, 150]], '그거 반대로', 0.8690832593280154), ([[610, 126], [672, 126], [672, 152], [610, 152]], '모양이군', 0.9969421625137329), ([[412, 142], [502, 142], [502, 166], [412, 166]], '추운데 말이지.', 0.5317961033288525), ([[49, 161], [121, 161], [121, 179], [49, 179]], '어떻계 활까?', 0.43461912160313243), ([[218, 152], [284, 152], [284, 178], [218, 178]], '위험한거', 0.9392237067222595), ([[77, 187], [121, 187], [121, 205], [77, 205]], '깨울까?', 0.5075841546058655), ([[220, 180], [282, 180], [282, 204], [220, 204]], '아난가?', 0.3374222218990326), ([[32, 556], [100, 556], [100, 580], [32, 580]], '월 꾸미고', 0.6861923706713583), ([[34, 582], [98, 582], [98, 608], [34, 608]], '있는거지', 0.849057137966156), ([[46, 610], [102, 610], [102, 634], [46, 634]], '녀석은 .', 0.8500288473509041), ([[25, 645], [105, 645], [105, 661], [25, 661]], '환자인 주제에.', 0.7919321521832859), ([[395, 715], [429, 715], [429, 729], [395, 729]], '바보나', 0.9604432377202619), ([[181, 721], [213, 721], [213, 735], [181, 735]], '비비는', 0.921137087269666), ([[183, 735], [219, 735], [219, 751], [183, 751]], '번 잠들', 0.9805041588803093), ([[377, 731], [409, 731], [409, 745], [377, 745]], '아무리', 0.9998474153920239), ([[419, 731], [451, 731], [451, 745], [419, 745]], '다해도', 0.9999840324975037), ([[179, 751], [221, 751], [221, 769], [179, 769]], '얼마간은', 0.9708356857299805), ([[383, 749], [441, 749], [441, 763], [383, 763]], '바로 몇예서', 0.24176939025703523), ([[169, 767], [201, 767], [201, 783], [169, 783]], '절대로', 0.9999694415337118), ([[398, 768], [430, 768], [430, 776], [398, 776]], '비비가', 0.8498474554018572), ([[175, 783], [217, 783], [217, 801], [175, 801]], '않으니만', 0.5968931317329407), ([[385, 783], [441, 783], [441, 797], [385, 797]], '자고있다고!', 0.7724604495101293), ([[449, 739], [543, 739], [543, 827], [449, 827]], '1', 0.038757444543123576), ([[49, 821], [115, 821], [115, 841], [49, 841]], '알앗다고내', 0.0660336990473869), ([[521, 881], [571, 881], [571, 901], [521, 901]], '있잡아?', 0.23235461115837097), ([[511, 905], [581, 905], [581, 925], [511, 925]], '소로의 몸으로', 0.9705747374865146), ([[521, 931], [571, 931], [571, 947], [521, 947]], '데위 주지', 0.3533847794691056), ([[516, 950], [572, 950], [572, 974], [516, 974]], '(않울래 9', 0.5639120714584992), ([[51.390289239150306, 187.2073760108954], [73.96476382123774, 190.73688259420788], [71.6097107608497, 201.7926239891046], [50.03523617876227, 197.26311740579212]], '비비', 0.9644731624576683)]
[([[295, 43], [323, 43], [323, 61], [295, 61]], '맛관', 0.003998798917276003), ([[389, 53], [443, 53], [443, 73], [389, 73]], '첫 . 참나', 0.34738649627343854), ([[401, 81], [431, 81], [431, 95], [401, 95]], '이제', 0.9998722974373866), ([[105, 95], [139, 95], [139, 107], [105, 107]], '아아?', 0.9982217606471597), ([[387, 101], [445, 101], [445, 121], [387, 121]], '만족하나', 0.7753150397835727), ([[395, 127], [431, 127], [431, 145], [395, 145]], '제길.', 0.3729605650217561), ([[365, 207], [409, 207], [409, 227], [365, 227]], '응 . 조로', 0.45787595610301346), ([[363, 231], [409, 231], [409, 251], [363, 251]], '따뜻해 ~', 0.5749936401193172), ([[297, 337], [311, 337], [311, 375], [297, 375]], '흙', 0.6717263551784072), ([[179, 547], [191, 547], [191, 589], [179, 589]], '옷', 0.0692053164512032), ([[527.0179655345179, -8.962854944363349], [700.6435255915073, 44.9765482281178], [664.9820344654821, 148.96285494436336], [491.3564744084926, 95.02345177188221]], '츠뉴', 0.008263166436807058), ([[595.4452998037748, 183.16794970566215], [627.9981684966311, 189.93950493959812], [625.5547001962252, 199.83205029433785], [593.0018315033689, 192.06049506040188]], '어패서', 0.06102221184589361), ([[585.2307692307693, 194.15384615384616], [631.9838995592077, 204.74673622648413], [627.7692307692307, 221.84615384615384], [581.0161004407923, 211.25326377351587]], '속옷까지 .', 0.43171017032413805)]
[([[191, 145], [275, 145], [275, 165], [191, 165]], '그건 둘째치고', 0.8071028005194442), ([[445, 151], [523, 151], [523, 171], [445, 171]], '너 너 진짜!', 0.44285078319419374), ([[193, 173], [273, 173], [273, 193], [193, 193]], '그런 짓 하면', 0.9928978394671647), ([[442, 174], [540, 174], [540, 198], [442, 198]], '상태가 좀지않은', 0.2362137515352344), ([[213, 203], [257, 203], [257, 217], [213, 217]], '비비가', 0.9998307599763872), ([[426, 202], [536, 202], [536, 226], [426, 226]], '지지금 할 셈이다!?', 0.2735819368655062), ([[195, 227], [273, 227], [273, 245], [195, 245]], '깨버린다고!', 0.6441125614021606), ([[171, 289], [201, 289], [201, 303], [171, 303]], '여기도', 0.9999151386219184), ([[169, 309], [203, 309], [203, 325], [169, 325]], '이럴계', 0.10168546237384599), ([[91, 331], [153, 331], [153, 351], [91, 351]], '조로 . 정말로', 0.5418600308592564), ([[165, 327], [207, 327], [207, 343], [165, 343]], '되랫는데', 0.1654278188943863), ([[85, 355], [157, 355], [157, 373], [85, 373]], '나름 생각하고', 0.4979052076547346), ([[99, 377], [145, 377], [145, 393], [99, 393]], '있다면 .', 0.4259834937821069), ([[603, 485], [635, 485], [635, 501], [603, 501]], '나참.', 0.5233815312385559), ([[591, 505], [641, 505], [641, 523], [591, 523]], '알옛다고', 0.21433429419994354), ([[75, 827], [105, 827], [105, 841], [75, 841]], '이제', 0.9995383546378027), ([[104, 820], [158, 820], [158, 844], [104, 844]], '모르다괴', 0.3054790496826172), ([[70, 842], [144, 842], [144, 866], [70, 866]], '이런 짓하고', 0.9097027182532728), ([[69, 867], [145, 867], [145, 885], [69, 885]], '죽어버려도 ..', 0.3401335625699741), ([[389.9189235553514, 84.21894071015164], [500.71117634609305, 62.58649124559489], [513.0810764446486, 150.78105928984834], [401.28882365390695, 172.41350875440511]], '배', 0.49734346468382284)]
[([[93, 63], [157, 63], [157, 107], [93, 107]], '응앗', 0.2588318152737648), ([[667, 79], [687, 79], [687, 109], [667, 109]], '옷', 0.996757279381427), ([[45, 449], [77, 449], [77, 469], [45, 469]], '응. 옷', 0.5680259466171265), ([[39, 471], [79, 471], [79, 487], [39, 487]], '그리고 .', 0.6652718363477902), ([[381, 471], [469, 471], [469, 489], [381, 489]], '하지만 .. 언제나', 0.3155723994668771), ([[385, 491], [449, 491], [449, 511], [385, 511]], '시즌둥해서', 0.22049246022557076), ([[384, 510], [468, 510], [468, 534], [384, 534]], '알 수 있흘리가', 0.2741606707023721), ([[403, 533], [445, 533], [445, 553], [403, 553]], '없잡아', 0.41463166256970996), ([[649, 547], [705, 547], [705, 565], [649, 565]], '셈스 하지', 0.42446228371472045), ([[653, 569], [703, 569], [703, 587], [653, 587]], '않더라도', 0.9748388528823853), ([[631, 591], [661, 591], [661, 605], [631, 605]], '내가', 0.9998362212751702), ([[661, 589], [717, 589], [717, 609], [661, 609]], '널 어떤계', 0.38829414519438815), ([[645, 613], [709, 613], [709, 631], [645, 631]], '생각하는지', 0.4730742815052717), ([[635, 633], [717, 633], [717, 651], [635, 651]], '정도는.  알라고', 0.624299306160292), ([[649, 653], [703, 653], [703, 673], [649, 673]], '나참. 옷!', 0.34507553356774723), ([[376, 684], [584, 684], [584, 782], [376, 782]], '떠 |감', 0.0007910099229775369), ([[68, 774], [148, 774], [148, 798], [68, 798]], '이대로 열이', 0.9762867613460477), ([[57, 805], [117, 805], [117, 819], [57, 819]], '내려가지', 0.9999653697013855), ([[119, 803], [161, 803], [161, 823], [119, 823]], '않고 ..', 0.3009478979864692), ([[652, 784], [717, 784], [717, 840], [652, 840]], '#꼴', 0.0059084636287007695), ([[41, 823], [148, 823], [148, 853], [41, 853]], '그야. 죽지않논 .', 0.39206267353765173), ([[145, 833], [173, 833], [173, 847], [145, 847]], '다고', 0.9999535544888598), ([[52, 852], [162, 852], [162, 878], [52, 878]], '생각은 하지만 ..', 0.6997613412110931), ([[258, 816], [356, 816], [356, 928], [258, 928]], '채', 0.07992117847743785), ([[81, 883], [131, 883], [131, 903], [81, 903]], '혹시나 .', 0.8732606012613792), ([[511, 855], [595, 855], [595, 987], [511, 987]], '@', 0.09526372904589664)]
[([[233, 59], [281, 59], [281, 79], [233, 79]], '진짜로', 0.997929946944331), ([[230, 84], [296, 84], [296, 110], [230, 110]], '죽을..지도', 0.39519899075899045), ([[135, 99], [155, 99], [155, 121], [135, 121]], '탓', 0.22628316617121502), ([[228, 110], [288, 110], [288, 134], [228, 134]], '(모르는데', 0.6987370692897447), ([[105, 129], [161, 129], [161, 147], [105, 147]], '그러니만', 0.6573262214660645), ([[650, 240], [684, 240], [684, 264], [650, 264]], '싫어', 0.9929468674044832), ([[630, 266], [682, 266], [682, 292], [630, 292]], '" 싫은결', 0.39600272150375276), ([[228, 304], [258, 304], [258, 328], [228, 328]], '웃응', 0.8779137570752615), ([[218, 332], [270, 332], [270, 356], [218, 356]], '후우. 옷', 0.4866723554809245), ([[29, 451], [81, 451], [81, 469], [29, 469]], '언제나 .', 0.8359577266358044), ([[21, 477], [79, 477], [79, 495], [21, 495]], '언제라도', 0.9996519088745117), ([[289, 563], [323, 563], [323, 581], [289, 581]], '오오.', 0.9708997747524669), ([[283, 591], [315, 591], [315, 607], [283, 607]], '하아', 0.9986754130557506), ([[173, 595], [257, 595], [257, 715], [173, 715]], '#;', 0.5135145555712092), ([[597, 831], [633, 831], [633, 845], [597, 845]], '제대', 0.9999914020537298), ([[615, 853], [657, 853], [657, 873], [615, 873]], '가르처', 0.622764140876823), ([[164, 932], [219, 932], [219, 953], [164, 953]], '가르처 ,', 0.6660736136132202), ([[168, 956], [214, 956], [214, 980], [168, 980]], '젊으면', 0.49699868890673804), ([[168, 984], [214, 984], [214, 1008], [168, 1008]], '하눈결', 0.7587589692671154), ([[342.87462134111564, 22.04530462983417], [445.06428117911275, -4.397074997816121], [484.12537865888436, 173.95469537016584], [382.93571882088725, 200.39707499781613]], '캐', 0.04197178425897974), ([[418.1100836050802, 529.028312599759], [550.8828633818503, 608.1927633467413], [485.8899163949198, 713.971687400241], [354.11713661814974, 633.8072366532587]], '서"', 0.025833493186205942), ([[593.4187618062809, 856.1862665287932], [619.976187060184, 860.7830695421814], [617.5812381937191, 871.8137334712068], [591.023812939816, 867.2169304578186]], '가 .', 0.5181270241737366)]
[([[112, 32], [162, 32], [162, 60], [112, 60]], '앗앗.', 0.2457309321104533), ([[112, 62], [162, 62], [162, 90], [112, 90]], '굉자.', 0.9965854534720611), ([[412, 6], [562, 6], [562, 126], [412, 126]], '험#', 0.02218488315444259), ([[100, 92], [164, 92], [164, 124], [100, 124]], '굉장히.', 0.9945394992828369), ([[122, 122], [162, 122], [162, 152], [122, 152]], '좋아', 0.9981617968210555), ([[522, 190], [670, 190], [670, 336], [522, 336]], '#;', 0.034707716574716045), ([[566, 346], [618, 346], [618, 372], [566, 372]], '하아', 0.9998996076828902), ([[556, 376], [606, 376], [606, 402], [556, 402]], '하아', 0.999918573259698), ([[25, 485], [95, 485], [95, 503], [25, 503]], '아 .아아', 0.7170555054098621), ([[158, 414], [310, 414], [310, 558], [158, 558]], '커비', 0.0007949070539431682), ([[28, 508], [90, 508], [90, 534], [28, 534]], '조로. 옷', 0.48173261178338267), ([[457, 561], [527, 561], [527, 577], [457, 577]], '어이, 나미', 0.7141642746747445), ([[456, 582], [528, 582], [528, 606], [456, 606]], '소리가 조금', 0.999544035901786), ([[214, 612], [242, 612], [242, 636], [214, 636]], '으곳', 0.8869904009907115), ([[471, 611], [513, 611], [513, 629], [471, 629]], '크다고', 0.9998324805754544), ([[293, 697], [399, 697], [399, 781], [293, 781]], '||', 0.0006187817106845319), ([[331, 775], [361, 775], [361, 793], [331, 793]], '미안', 0.9998408572092468), ([[319, 793], [361, 793], [361, 813], [319, 813]], '그치만', 0.999917134539439), ([[313, 815], [347, 815], [347, 833], [313, 833]], '오랜.', 0.5368048612656888), ([[314, 882], [418, 882], [418, 982], [314, 982]], '좁템', 0.0005962982829912294)]
[([[517, 35], [537, 35], [537, 57], [517, 57]], '앗', 0.49425971553824866), ([[547, 39], [579, 39], [579, 53], [547, 53]], '이제', 0.999808827247783), ([[525, 65], [575, 65], [575, 81], [525, 81]], '가버려', 0.9988573086481322), ([[523, 91], [575, 91], [575, 111], [523, 111]], '조로.오', 0.49711596965789795), ([[29, 195], [49, 195], [49, 261], [29, 261]], '옷', 0.36774765067565696), ([[574, 226], [670, 226], [670, 336], [574, 336]], '값', 0.012341796921205628), ([[313, 333], [341, 333], [341, 349], [313, 349]], '와주', 0.4132247136438307), ([[309, 355], [331, 355], [331, 375], [309, 375]], '"옷', 0.8514769400953103), ([[293, 379], [345, 379], [345, 399], [293, 399]], '싸주 . 옷', 0.15774830811701374), ([[503, 323], [659, 323], [659, 433], [503, 433]], '판;', 0.2065851789062468), ([[33, 601], [61, 601], [61, 621], [33, 621]], '크으', 0.9941046282893065), ([[132, 824], [164, 824], [164, 852], [132, 852]], '응옷', 0.9213494797983754), ([[131, 855], [145, 855], [145, 881], [131, 881]], '응', 0.9929907791645043), ([[502.22421449831126, 572.0188186652122], [619.6242159145645, 546.4158715673728], [669.7757855016887, 809.9811813347878], [552.3757840854355, 835.5841284326272]], '#', 0.22115351588860577), ([[165.90767448131146, 902.0598377799342], [234.64382277997964, 870.0207469103154], [295.09232551868854, 1012.9401622200658], [226.35617722002036, 1044.9792530896846]], '뱀', 0.3663084437769193)]
[([[642, 112], [690, 112], [690, 208], [642, 208]], '내', 0.4115660651629902), ([[285, 243], [355, 243], [355, 309], [285, 309]], '대', 0.006473699624932883), ([[238, 408], [298, 408], [298, 434], [238, 434]], '응  좁다 .', 0.2659413954710816), ([[228, 434], [304, 434], [304, 460], [228, 460]], '좁다 .. 발래 ,', 0.10244162278143053), ([[535, 451], [591, 451], [591, 467], [535, 467]], '이런 .. 아직', 0.7940759375172246), ([[259, 465], [283, 465], [283, 481], [259, 481]], '맛맛', 0.4374190736019401), ([[516, 474], [602, 474], [602, 498], [516, 498]], '가라앉질 안눈군.', 0.4761689457525069), ([[515, 505], [549, 505], [549, 521], [515, 521]], '이대로', 0.9995494129532574), ([[555, 503], [603, 503], [603, 523], [555, 523]], '계속발계', 0.6846054792404175), ([[545, 533], [575, 533], [575, 545], [545, 545]], '나미.', 0.5206288971925666), ([[84, 812], [116, 812], [116, 836], [84, 836]], '좁다', 0.4458556220652294), ([[39, 863], [73, 863], [73, 879], [39, 879]], '아아', 0.9992806291047367), ([[48, 836], [122, 836], [122, 860], [48, 860]], '아앗 . 조로', 0.5234684308880347), ([[75, 861], [121, 861], [121, 881], [75, 881]], '뜨거워', 0.9210588046774032), ([[236, 734], [408, 734], [408, 952], [236, 952]], '섬', 0.0052808516985947684), ([[261.53425356716735, 385.115081777618], [290.96623493960124, 390.74233734943965], [287.46574643283265, 405.884918222382], [259.03376506039876, 399.25766265056035]], '아 .', 0.344698642045384)]
[([[423, 33], [457, 33], [457, 53], [423, 53]], '맛앗', 0.2206272395767253), ([[434, 52], [460, 52], [460, 76], [434, 76]], '",후', 0.3043935088831039), ([[57, 127], [73, 127], [73, 169], [57, 169]], '옷', 0.027354660379375284), ([[213, 209], [253, 209], [253, 227], [213, 227]], '아우 .', 0.4988162529752773), ([[211, 229], [257, 229], [257, 249], [211, 249]], '아아앗', 0.8601648526883703), ([[397, 365], [429, 365], [429, 385], [397, 385]], "'싫엇", 0.557608639266567), ([[401, 387], [449, 387], [449, 405], [401, 405]], '하  앗 .', 0.2157277363912985), ([[491, 511], [627, 511], [627, 665], [491, 665]], '#;', 0.6123552014130232), ([[47, 677], [73, 677], [73, 689], [47, 689]], '아아', 0.9888318222659782), ([[31, 699], [69, 699], [69, 713], [31, 713]], '하아아드', 0.5844897627830505), ([[421, 701], [495, 701], [495, 721], [421, 721]], "'앗.,안쪽에", 0.5357640308744366), ([[445, 725], [479, 725], [479, 743], [445, 743]], '안에', 0.9952760841541113), ([[437, 747], [483, 747], [483, 767], [437, 767]], '달아서', 0.9924516039493927), ([[445, 773], [473, 773], [473, 789], [445, 789]], '오고', 0.9999750491568521), ([[443, 793], [485, 793], [485, 811], [443, 811]], '있어어', 0.9949906360263069), ([[95, 859], [163, 859], [163, 875], [95, 875]], '자지가아', 0.9761828184127808), ([[80, 882], [170, 882], [170, 906], [80, 906]], '조로의 자지', 0.6818620667355085), ([[96, 910], [148, 910], [148, 934], [96, 934]], '온다아', 0.994972478333313), ([[605.2666855696394, 219.02692374709665], [682.1957251401802, 251.27024525598017], [629.7333144303606, 374.97307625290335], [552.8042748598198, 341.72975474401983]], '#', 0.3053531528951545), ([[265.25906735198186, 621.1170984046657], [345.7633862853691, 573.0224331487251], [421.74093264801814, 720.8829015953343], [342.2366137146309, 768.9775668512749]], '술', 0.031326711066809176), ([[466.40331589187366, 829.0751484538606], [583.3222143507586, 785.5586356069183], [639.5966841081264, 968.9248515461394], [523.6777856492414, 1012.4413643930817]], '쭉', 0.0486388060733276)]
[([[595, 55], [629, 55], [629, 73], [595, 73]], '히하', 0.9874417134547325), ([[585, 79], [637, 79], [637, 99], [585, 99]], '옷 아앗', 0.9505516620318846), ([[311, 47], [403, 47], [403, 149], [311, 149]], '#)', 0.011024587924280672), ([[218, 192], [256, 192], [256, 216], [218, 216]], "'하앗 .", 0.2835808410674617), ([[210, 214], [260, 214], [260, 238], [210, 238]], '아우 응', 0.7890668940377915), ([[226, 236], [256, 236], [256, 260], [226, 260]], '크옷', 0.6864049835940499), ([[10, 228], [86, 228], [86, 328], [10, 328]], '#', 0.005359969340608617), ([[555, 205], [711, 205], [711, 381], [555, 381]], '티4', 0.008308304682728222), ([[23, 331], [161, 331], [161, 447], [23, 447]], '")', 0.007055082920872394), ([[246, 366], [320, 366], [320, 454], [246, 454]], '대', 0.013407345279153271), ([[559, 409], [591, 409], [591, 421], [559, 421]], '하아', 0.9997989654517394), ([[571, 429], [601, 429], [601, 445], [571, 445]], '아앗', 0.8137815979729242), ([[47, 503], [83, 503], [83, 517], [47, 517]], '이제', 0.9998494547763805), ([[47, 531], [83, 531], [83, 545], [47, 545]], '이제', 0.9998880598055085), ([[55, 555], [87, 555], [87, 575], [55, 575]], '아양', 0.7412229057758167), ([[438, 474], [586, 474], [586, 636], [438, 636]], '#', 0.08067870695072088), ([[364, 610], [462, 610], [462, 706], [364, 706]], '$', 0.31679039179948987), ([[482, 680], [520, 680], [520, 706], [482, 706]], '힘이 ,', 0.9395532608032227), ([[527, 685], [559, 685], [559, 701], [527, 701]], '빠져', 0.5232212792674446), ([[493, 709], [551, 709], [551, 727], [493, 727]], '버려. 우', 0.4522226818534805), ([[501, 733], [531, 733], [531, 751], [501, 751]], '우아', 0.9955133870433492), ([[0, 712], [162, 712], [162, 918], [0, 918]], '허', 0.014492741631915218), ([[408, 876], [474, 876], [474, 902], [408, 902]], '(싫엇..아.', 0.5959469112830119), ([[586, 798], [688, 798], [688, 944], [586, 944]], '', 0.0), ([[417, 905], [475, 905], [475, 925], [417, 925]], '시러. 엇', 0.6361909076032263), ([[414, 928], [454, 928], [454, 952], [414, 952]], '하아 ,', 0.758888304233551), ([[461, 931], [475, 931], [475, 953], [461, 953]], '옷', 0.9886016880439144)]
[([[270, 30], [344, 30], [344, 110], [270, 110]], '@', 0.06908811005931526), ([[417, 61], [471, 61], [471, 81], [417, 81]], '응 웃아', 0.553449273109436), ([[615, 85], [647, 85], [647, 99], [615, 99]], '나미', 0.9999149487190977), ([[421, 115], [455, 115], [455, 133], [421, 133]], '와쥐', 0.22373394272723188), ([[622, 102], [650, 102], [650, 128], [622, 128]], '슬슬', 0.42261050472028294), ([[327, 145], [417, 145], [417, 255], [327, 255]], '$', 0.11208290156923795), ([[243, 233], [351, 233], [351, 345], [243, 345]], '꼴', 0.007439861880109755), ([[50, 350], [126, 350], [126, 374], [50, 374]], '안에.. 잔뜩', 0.687967526162236), ([[47, 379], [81, 379], [81, 395], [47, 395]], '싸쥐', 0.29804149498531574), ([[470, 350], [538, 350], [538, 406], [470, 406]], ')%', 0.01165256567013628), ([[73, 401], [107, 401], [107, 419], [73, 419]], '하아', 0.9993676029750197), ([[572, 450], [672, 450], [672, 558], [572, 558]], '대저', 0.005145963293488819), ([[68, 612], [138, 612], [138, 638], [68, 638]], '나온다:', 0.10768351703882217), ([[219, 559], [393, 559], [393, 671], [219, 671]], '골얘', 0.004463070250799782), ([[437, 649], [495, 649], [495, 667], [437, 667]], '나 . 나도', 0.25898536297947056), ([[442, 674], [504, 674], [504, 698], [442, 698]], '옷 아아', 0.5213721002590316), ([[287, 661], [417, 661], [417, 773], [287, 773]], '$', 0.9246212678705348), ([[441, 703], [503, 703], [503, 723], [441, 723]], '가버려엇', 0.970950696008475), ([[510, 778], [678, 778], [678, 928], [510, 928]], '#;', 0.9518588845154724)]
[([[0, 119], [207, 119], [207, 395], [0, 395]], '뼈', 0.4232971335715128), ([[456, 32], [704, 32], [704, 370], [456, 370]], '익', 0.0054113004225957995), ([[1, 437], [21, 437], [21, 459], [1, 459]], '0', 0.3772680673653248), ([[150, 330], [283, 330], [283, 530], [150, 530]], "'뱃", 0.8566699349120587), ([[545, 419], [657, 419], [657, 457], [545, 457]], '아아아양', 0.9560654759407043), ([[560, 459], [634, 459], [634, 495], [560, 495]], '히하..', 0.4595527648925781), ([[575, 501], [615, 501], [615, 537], [575, 537]], '앗.', 0.4024869872952841), ([[25, 643], [91, 643], [91, 727], [25, 727]], '벼', 0.007828137445070604), ([[58, 854], [116, 854], [116, 880], [58, 880]], '아아', 0.9991840502537769), ([[104, 892], [134, 892], [134, 916], [104, 916]], '아', 0.9997135605920313), ([[61, 923], [113, 923], [113, 961], [61, 961]], '크옷', 0.7887351081857296), ([[58.99099080900553, 889.1747742652154], [110.87809650471381, 897.1535010280254], [106.00900919099446, 922.8252257347846], [54.12190349528619, 913.8464989719746]], '아 .', 0.483754491871481)]
[([[150, 350], [252, 350], [252, 454], [150, 454]], '(간', 0.038776591981820464), ([[597, 373], [681, 373], [681, 411], [597, 411]], '저~엉말', 0.9980926513671875), ([[613, 405], [665, 405], [665, 443], [613, 443]], '좋아', 0.98237878989293), ([[547, 499], [611, 499], [611, 581], [547, 581]], '0)', 0.8681478039933987), ([[631, 675], [671, 675], [671, 693], [631, 693]], '진짜!!', 0.6860888600349426), ([[641, 699], [669, 699], [669, 711], [641, 711]], '이제', 0.9998367270131272), ([[633, 717], [673, 717], [673, 733], [633, 733]], '암전히', 0.7847710682504151), ([[631, 737], [675, 737], [675, 753], [631, 753]], '자라고!드', 0.5190188076579071), ([[109, 831], [159, 831], [159, 851], [109, 851]], '최고속도', 0.9651320815989611), ([[107, 853], [159, 853], [159, 871], [107, 871]], '최고속도 .', 0.9647793206651445), ([[427, 888], [536, 888], [536, 962], [427, 962]], '예', 0.018444526822627205), ([[37, 959], [59, 959], [59, 979], [37, 979]], '*', 0.872588636355264), ([[74, 954], [110, 954], [110, 986], [74, 986]], '끝', 0.9998897344469562), ([[127, 961], [149, 961], [149, 979], [127, 979]], '*', 0.723187916631364), ([[422.9632031319513, 550.0902578521221], [517.7159552673121, 567.1757589572409], [506.0367968680487, 618.9097421478779], [412.2840447326879, 600.8242410427591]], '(첫0', 0.004476988026336899)]
[([[200, 396], [536, 396], [536, 500], [200, 500]], '@@', 0.017088010550710065), ([[224, 508], [504, 508], [504, 562], [224, 562]], '"0)7니툼---', 3.434504916722664e-05)]
[([[0, 445], [33, 445], [33, 497], [0, 497]], '11', 0.5795298998233932)]
[]
[]
[]
[([[175, 103], [219, 103], [219, 119], [175, 119]], '저녀석.', 0.9690835475921631), ([[173, 127], [223, 127], [223, 147], [173, 147]], '살금살금', 0.9856782590072256), ([[165, 155], [233, 155], [233, 173], [165, 173]], '멀하는거지?', 0.18421613299710946), ([[485, 293], [511, 293], [511, 307], [485, 307]], '루디!', 0.5627847823562658), ([[449, 311], [521, 311], [521, 327], [449, 327]], '조로하고 나미는', 0.8774229765127329), ([[469, 331], [501, 331], [501, 345], [469, 345]], '사귀논', 0.5848294305947281), ([[461, 349], [509, 349], [509, 363], [461, 363]], '사이라고!', 0.9531829590976877), ([[419, 529], [485, 529], [485, 547], [419, 547]], '거 ..거짓말-!', 0.670465671643526), ([[427, 555], [485, 555], [485, 571], [427, 571]], '켜버로어!?', 0.4258593472503997), ([[429, 583], [471, 583], [471, 597], [429, 597]], '어쩌지', 0.9648333941534388), ([[449, 639], [471, 639], [471, 651], [449, 651]], '{려?', 0.13841596805611542), ([[457, 657], [487, 657], [487, 671], [457, 671]], '반응미', 0.6469947864962807), ([[449, 675], [493, 675], [493, 691], [449, 691]], '니원참은데', 0.1519291607542687), ([[459, 695], [485, 695], [485, 709], [459, 709]], '루끼?', 0.5296253402063713), ([[469, 761], [521, 761], [521, 777], [469, 777]], '그치만 너', 0.9826535818500569), ([[465, 779], [515, 779], [515, 799], [465, 799]], '거짓말쟁', 0.7552976608276367), ([[475, 801], [515, 801], [515, 819], [475, 819]], '잡아!!', 0.48029446601867676), ([[471.219131190557, 640.3753049524456], [499.87250601594974, 637.5113966310681], [500.780868809443, 649.6246950475544], [473.12749398405026, 652.4886033689319]], '위이?', 0.09983445693401764)]
[([[179, 131], [469, 131], [469, 265], [179, 265]], '@밟설', 0.0010264225210443814), ([[70, 314], [576, 314], [576, 338], [70, 338]], '-01_0여 [0큰우`유 ,1:/ 손현/(신( _:_한형진진느3-한하니_', 8.350104064678297e-06), ([[71, 337], [125, 337], [125, 355], [71, 355]], '*플{', 0.002847626717139777), ([[133, 335], [273, 335], [273, 355], [133, 355]], '벼{/신;0)다토<9@', 0.00011692970056415183), ([[69, 354], [303, 354], [303, 375], [69, 375]], '초?+5이( -갈소창-1 ["\'니', 1.3211596365152737e-05), ([[311, 354], [430, 354], [430, 375], [311, 375]], '지 *시다니이', 0.06088040805569831), ([[73, 379], [95, 379], [95, 391], [73, 391]], "'", 0.6646168823156131), ([[93, 375], [257, 375], [257, 395], [93, 395]], '후)검하+유(내4 5/)-', 0.0007055606387445174), ([[69, 395], [247, 395], [247, 415], [69, 415]], "-| '_제거", 0.003319420738681308), ([[257, 395], [629, 395], [629, 415], [257, 415]], "느).3고##:/150)/) #내(+'고깨괜닫'):", 0.00014828753673128722), ([[68, 412], [602, 412], [602, 436], [68, 436]], '확오진)구시(#녁의5내(. @;사((쇼/10)하) "#-(드| 1_15/ 느#신채 9', 6.421726576245719e-08), ([[71, 435], [329, 435], [329, 453], [71, 453]], "간눈 |과니;'니디)*되? 벼 ! ?", 2.334372638524748e-05), ([[70, 478], [600, 478], [600, 502], [70, 502]], '대 한표"하가 ) = 느 )[10)쓸" -[슬시_이까|"52-기1_{하그?(키9', 6.232995659863929e-06), ([[71, 499], [181, 499], [181, 519], [71, 519]], '하고하나사하', 0.001922511052161052), ([[69, 517], [431, 517], [431, 537], [69, 537]], '가 ";(느303#6 (-시< 기4(내하기-이)초', 0.0008046305878543933), ([[68, 534], [368, 534], [368, 558], [68, 558]], '빼한/_) 가1-0) ( 9 /)   [뛰니-금(우풍사디9', 2.4004404691518807e-05), ([[70, 552], [160, 552], [160, 576], [70, 576]], '느32느9', 0.11505793225767624), ([[77, 573], [389, 573], [389, 593], [77, 593]], '[0플예; \'.] (:스하/_*다))(" #+}', 3.914449248343489e-05), ([[71, 591], [355, 591], [355, 611], [71, 611]], '닥 . 1맣)선니 서{.산함색니카', 0.00010104914370943078), ([[360, 588], [592, 588], [592, 615], [360, 615]], "'_2.31 . #소}#니<하화처", 0.001775214985572564), ([[71, 611], [279, 611], [279, 631], [71, 631]], ')룩 1*) = 준세느내(', 0.007004101712875423), ([[285, 611], [503, 611], [503, 631], [285, 631]], '\'"")"2 1) ( 느)#어\')', 0.05073158934661578), ([[68, 629], [578, 629], [578, 654], [68, 654]], "###도#? 교)- ,'개#사-*9. 2{*보베0) [0큰`꼬: '.사 [-다", 1.3226305857578556e-06), ([[68, 668], [472, 668], [472, 692], [68, 692]], ';알(9이. *:`<|. 홀스물스렵이#_ <화', 1.8018874524147515e-05), ([[71, 691], [139, 691], [139, 711], [71, 711]], '!면(9 .', 0.01958068122282951), ([[70, 706], [482, 706], [482, 737], [70, 737]], '꾸 스시최"<유나용_하-<<(. 또소<하니소  @', 0.00011443600327143531), ([[71, 730], [501, 730], [501, 751], [71, 751]], ') ") 0))( 내라터(디화 훌컴권향( 1\'초모0(0)', 0.00012519668891340841), ([[70, 748], [252, 748], [252, 772], [70, 772]], "'미교하[ 49 <화;", 0.0006829007542004705), ([[69, 769], [251, 769], [251, 789], [69, 789]], '버한붙시 -애화"라내교', 0.0001672649780111835), ([[69, 809], [251, 809], [251, 829], [69, 829]], '1다나. 첫나_이-', 0.00453592594618987), ([[68, 826], [476, 826], [476, 852], [68, 852]], "*빼0) [0저;: '이.] @(-하디;금고<한{ ? 790", 2.9371476748800255e-05), ([[73, 849], [527, 849], [527, 869], [73, 869]], '#새-) (느4"+소7" )댁1_)다니하표(내1<니디흐선*', 3.7633895357100246e-06), ([[85, 897], [489, 897], [489, 913], [85, 913]], "'도시 {3돕하]이리스뉴 전뼈 | 표물@ 뜨둥#<그 하3+^고7것다깝", 5.5152640178801e-06), ([[107, 911], [193, 911], [193, 927], [107, 927]], "'내롬{털|||;", 0.00017171122387843907), ([[199, 909], [553, 909], [553, 929], [199, 929]], '수 묘시금밟고습 돕다@료35잘표0)> 국치히손나 다니소#나<금다 ', 1.9626135897574188e-05), ([[97, 925], [513, 925], [513, 941], [97, 941]], '8 `즈소렁!새드뷰주; {국요채+도 ) <:하)#버형<히 34<3[니춤하', 5.203440959791615e-07)]
[([[179, 458], [514, 458], [514, 566], [179, 566]], '오물-타', 0.0055247521959245205), ([[263, 575], [419, 575], [419, 595], [263, 595]], '200255/1120 7 씨 * 17', 0.06621362947472542), ([[225, 591], [463, 591], [463, 627], [225, 627]], '200216720 #2#터*7', 0.03459137735850434), ([[269, 631], [415, 631], [415, 661], [269, 661]], '*:킬 [ 시 | *', 0.02853216673365847), ([[230, 676], [344, 676], [344, 706], [230, 706]], '@ @ :소쪽쪽', 0.014424069123530777), ([[356, 676], [458, 676], [458, 706], [356, 706]], '뼈 # : 1겨', 0.21241418124999226), ([[224, 726], [418, 726], [418, 758], [224, 758]], '[곁 : 허1 ? 초 [ 저', 0.008445853795590992), ([[436, 726], [460, 726], [460, 756], [436, 756]], '투', 0.009146247866320734), ([[127, 914], [301, 914], [301, 944], [127, 944]], '표  ) 다 무 꽃벼 ^', 0.0099466183163052), ([[318, 914], [430, 914], [430, 944], [318, 944]], '표 # 버 # #', 0.02700677733130928), ([[444, 914], [556, 914], [556, 944], [444, 944]], '# # 주 : #', 0.049595646820715385)]
[([[271, 419], [593, 419], [593, 553], [271, 553]], '쪽물:', 0.00011932101578047489), ([[267, 553], [510, 553], [510, 586], [267, 586]], '좁.히이, 무,~5~탁(5', 6.337100481900748e-05)]
