724711
21
[([[82, 505], [722, 505], [722, 621], [82, 621]], ')시지-/-어뒤.', 0.0004284635916196217), ([[101, 606], [726, 606], [726, 681], [101, 681]], '[퍽,리끄-> _습--,-예-장:', 3.402312788905992e-06), ([[4, 1838], [736, 1838], [736, 1995], [4, 1995]], '번떡 : 중사구멍', 0.5186593255222508), ([[934, 2667], [1047, 2667], [1047, 2742], [934, 2742]], "')_", 0.01317523157875883), ([[652, 2721], [1320, 2721], [1320, 2795], [652, 2795]], '^마신-7 벤,-7설/ 이`내', 8.227618081536668e-05)]
[([[27, 2170], [907, 2170], [907, 2501], [27, 2501]], ')-)', 0.16958370133339598), ([[1121, 2171], [1946, 2171], [1946, 2511], [1121, 2511]], '@-어거터', 0.01000499427096813)]
[([[660, 1689], [1084, 1689], [1084, 1738], [660, 1738]], '벤41 -어6 -이 뇨', 0.0006538093441219189)]
[([[1379, 11], [1661, 11], [1661, 412], [1379, 412]], '@', 0.007830522624079406), ([[1387, 255], [1564, 255], [1564, 705], [1387, 705]], '#', 0.6572414472299251), ([[1481, 704], [1556, 704], [1556, 861], [1481, 861]], '저', 0.07280437886781588), ([[1564, 397], [1650, 397], [1650, 1164], [1564, 1164]], "'", 0.008918310973540011)]
[([[1780, 19], [1938, 19], [1938, 207], [1780, 207]], '윗율?', 0.012466888516854678), ([[1854, 148], [1914, 148], [1914, 374], [1854, 374]], '8', 0.025177367880744095), ([[1786, 200], [1853, 200], [1853, 600], [1786, 600]], '', 0.0), ([[1854, 375], [1914, 375], [1914, 549], [1854, 549]], '푹', 0.06945433678318214), ([[1791, 608], [1846, 608], [1846, 877], [1791, 877]], '출', 0.005497596545538608), ([[180, 1002], [300, 1002], [300, 1143], [180, 1143]], '조', 0.9939632008020318), ([[1788, 886], [1852, 886], [1852, 1175], [1788, 1175]], '{', 0.035160541665391065), ([[163, 1657], [228, 1657], [228, 1831], [163, 1831]], '소', 0.006099925904444525), ([[149, 1650], [300, 1650], [300, 2154], [149, 2154]], '4', 0.21169584491534366), ([[155, 2145], [293, 2145], [293, 2377], [155, 2377]], '닭`', 0.011682132365774072), ([[516, 2261], [625, 2261], [625, 2443], [516, 2443]], '뿐', 0.026111177204435343), ([[232, 2382], [286, 2382], [286, 2497], [232, 2497]], '전', 0.18184179667508094), ([[430, 2445], [510, 2445], [510, 2509], [430, 2509]], '공의', 0.08692700636718034), ([[575, 2421], [605, 2421], [605, 2449], [575, 2449]], '7', 0.6389438793577398), ([[1376, 2354], [1499, 2354], [1499, 2523], [1376, 2523]], '란활', 0.018591703439669316), ([[161, 2328], [226, 2328], [226, 2669], [161, 2669]], '6', 0.027262928388822383), ([[226, 2504], [291, 2504], [291, 2673], [226, 2673]], '#', 0.3269124270739212)]
[([[403, 475], [480, 475], [480, 568], [403, 568]], '3', 0.22819141983322666), ([[77.30580471232047, 398.01854812039255], [387.9994495814229, 505.8803731633611], [346.6941952876795, 610.9814518796074], [36.000550418577106, 503.1196268366389]], ' (극,', 0.03648891708954281), ([[515.9179748946285, 472.04187614070764], [701.1427614310184, 511.1763269215943], [671.0820251053715, 628.9581238592923], [486.85723856898164, 589.8236730784057]], '55', 0.39646094130910803)]
[([[1715, 0], [1795, 0], [1795, 76], [1715, 76]], '0', 0.5916140320917442), ([[1886, 453], [1966, 453], [1966, 572], [1886, 572]], '낮', 0.13697526115726077), ([[1677, 404], [1872, 404], [1872, 785], [1677, 785]], '8', 0.00527325600697659), ([[1228, 767], [1302, 767], [1302, 829], [1228, 829]], '새', 0.05525152533201183), ([[1292, 819], [1333, 819], [1333, 862], [1292, 862]], '9', 0.9999997615814351), ([[850, 911], [967, 911], [967, 1004], [850, 1004]], '3', 0.8577971464139047), ([[283, 1519], [527, 1519], [527, 1715], [283, 1715]], '나', 0.05044739666231757), ([[165, 1733], [421, 1733], [421, 2057], [165, 2057]], '8', 0.11610496294132933), ([[354, 2283], [604, 2283], [604, 2531], [354, 2531]], '3', 0.859744641479665), ([[1012.178858198043, 775.0259595290796], [1155.9991794742316, 865.8539418036603], [1095.821141801957, 958.9740404709204], [952.0008205257685, 868.1460581963397]], '여중', 0.16212490160042062), ([[135.07079112264242, 1018.0130848538055], [560.4037356230633, 1177.7551687236066], [453.9292088773576, 1438.9869151461946], [28.59626437693673, 1280.2448312763934]], '시서', 0.10900587411054416), ([[581.2315555082349, 2486.0173767319925], [753.8775254211695, 2624.9630572767555], [660.7684444917651, 2740.9826232680075], [488.1224745788306, 2601.0369427232445]], '2스', 0.2592261169292355)]
[([[1411, 66], [1701, 66], [1701, 274], [1411, 274]], '올표올출', 0.0376976802945137), ([[1562, 254], [1620, 254], [1620, 310], [1562, 310]], '로', 0.9996999727256686), ([[1403, 250], [1711, 250], [1711, 714], [1403, 714]], '뼈;', 0.045094227038075786), ([[1414, 515], [1558, 515], [1558, 707], [1414, 707]], '경출', 0.057409083910869955), ([[1629, 520], [1693, 520], [1693, 696], [1629, 696]], '바', 0.04212835564891293), ([[27, 805], [147, 805], [147, 941], [27, 941]], '[{', 0.03457158172349221), ([[1404, 696], [1701, 696], [1701, 908], [1404, 908]], '#봇 흙', 0.014728737254043044), ([[1392, 875], [1718, 875], [1718, 1300], [1392, 1300]], "'", 0.004776968427748829), ([[0, 1389], [67, 1389], [67, 1657], [0, 1657]], '"', 0.03957356988802818), ([[0, 1666], [38, 1666], [38, 1742], [0, 1742]], ')', 0.4504922869813619)]
[([[669, 1682], [1093, 1682], [1093, 1734], [669, 1734]], '벤4 -어6 1앙뇨', 0.002426373960663332)]
[([[163, 1823], [247, 1823], [247, 2010], [163, 2010]], '젖', 0.061851553053035246), ([[161, 2000], [254, 2000], [254, 2691], [161, 2691]], "'", 0.13958551571704447), ([[71, 2759], [121, 2759], [121, 2800], [71, 2800]], '꽤', 0.0884475563293643)]
[([[1912, 105], [1980, 105], [1980, 366], [1912, 366]], '꿀', 0.007672747123755264), ([[1917, 375], [1978, 375], [1978, 630], [1917, 630]], '뭐', 0.0034024766236951387), ([[1199, 779], [1337, 779], [1337, 902], [1199, 902]], '교', 0.037110947175771125), ([[1911, 642], [1980, 642], [1980, 1050], [1911, 1050]], '7', 0.023207483128552475), ([[127, 877], [202, 877], [202, 1262], [127, 1262]], '"', 0.005390577808328523), ([[199, 877], [272, 877], [272, 1519], [199, 1519]], "'", 0.24382300211886232), ([[982, 1190], [1043, 1190], [1043, 1239], [982, 1239]], '으', 0.09203850071340351), ([[1008, 1247], [1041, 1247], [1041, 1299], [1008, 1299]], '7', 0.9998860391661424), ([[1911, 1058], [1978, 1058], [1978, 1335], [1911, 1335]], '9', 0.002120628318707851), ([[130, 1292], [195, 1292], [195, 1481], [130, 1481]], '곁', 0.011207338635026654), ([[123, 1477], [272, 1477], [272, 1794], [123, 1794]], '벼', 0.011382024165087545), ([[130, 1799], [197, 1799], [197, 2039], [130, 2039]], '옆', 0.06956212194723221), ([[123, 2047], [210, 2047], [210, 2323], [123, 2323]], '"', 0.6204932590087573), ([[1595, 2649], [1644, 2649], [1644, 2738], [1595, 2738]], '유', 0.014628145182371322), ([[1417, 2754], [1450, 2754], [1450, 2786], [1417, 2786]], '0', 0.9691945790578416), ([[834.3356361611701, 895.027633934041], [894.7587130379724, 884.1957108939977], [919.6643638388299, 1030.972366065959], [859.2412869620276, 1041.8042891060022]], '지', 0.013502363824532182), ([[1663.0367707173848, 1389.0331754020783], [1832.5512972718989, 1447.4839877348586], [1789.9632292826152, 1561.9668245979217], [1620.4487027281011, 1502.5160122651414]], '40 ', 0.027627024028840177), ([[484.53125583871326, 2030.0157119968276], [655.6813598462452, 2139.9120750480483], [621.4687441612867, 2192.9842880031724], [450.3186401537548, 2084.0879249519517]], '쓰씨 ~-', 0.019777252417252793), ([[564.246353789955, 2157.0316101004646], [699.9908360756313, 2228.593962241746], [662.753646210045, 2293.9683898995354], [527.0091639243687, 2222.406037758254]], '셋이이  ', 0.15414905744028704), ([[1322.3546125260748, 2682.0298152816085], [1374.09437005522, 2677.320657661731], [1384.6453874739252, 2803.9701847183915], [1332.90562994478, 2808.679342338269]], '호', 0.014917762274323287)]
[([[1587, 23], [1733, 23], [1733, 278], [1587, 278]], '책0', 0.009004399018809294), ([[1668, 167], [1728, 167], [1728, 352], [1668, 352]], '좀', 0.35939946444649706), ([[349, 555], [438, 555], [438, 624], [349, 624]], '0하', 0.06215909087004375), ([[1594, 281], [1656, 281], [1656, 652], [1594, 652]], '}', 0.03173531941287422), ([[1664, 362], [1727, 362], [1727, 548], [1664, 548]], '곁', 0.7096696183635345), ([[1664, 561], [1726, 561], [1726, 744], [1664, 744]], '콩', 0.0051796874588525554), ([[894, 1692], [987, 1692], [987, 1829], [894, 1829]], '후', 0.9944717015163782), ([[1288, 1681], [1404, 1681], [1404, 1909], [1288, 1909]], '안', 0.013555122426623711), ([[676, 1853], [756, 1853], [756, 1990], [676, 1990]], '후', 0.9992511482809938), ([[1785, 2050], [1863, 2050], [1863, 2123], [1785, 2123]], '움%', 0.09203895127853565), ([[85, 2112], [205, 2112], [205, 2229], [85, 2229]], '배', 0.49363218970201217), ([[727, 2155], [1178, 2155], [1178, 2338], [727, 2338]], '꾸우육다', 0.06326556205749512), ([[1675, 2169], [1815, 2169], [1815, 2329], [1675, 2329]], '주', 0.7141367643457706), ([[368, 2324], [489, 2324], [489, 2462], [368, 2462]], '곰', 0.8482799835478296), ([[1204, 2324], [1241, 2324], [1241, 2391], [1204, 2391]], '운', 0.15777853202257575), ([[1213, 2392], [1252, 2392], [1252, 2442], [1213, 2442]], '길', 0.44470915496177454), ([[1709, 2317], [1814, 2317], [1814, 2447], [1709, 2447]], '슈', 0.24941350684815067), ([[1049.2953357365823, 1727.0207075219], [1197.78362767371, 1839.7314941376815], [1136.7046642634177, 1920.9792924781], [987.21637232629, 1808.2685058623185]], '비겨', 0.204035736875807), ([[1676.367163359723, 1799.014310249876], [1773.6984720195135, 1775.1034107494347], [1834.632836640277, 2047.985689750124], [1737.3015279804865, 2072.8965892505653]], '딴', 0.08596888830389648), ([[699.9308939388299, 1993.057313631117], [764.5941863998421, 1955.0176684826517], [842.0691060611701, 2105.9426863688827], [776.4058136001579, 2142.982331517348]], '닭', 0.008146077942695895)]
[([[1789, 33], [1865, 33], [1865, 235], [1789, 235]], '경', 0.47546660179796163), ([[1789, 243], [1867, 243], [1867, 447], [1789, 447]], '쭉', 0.08436241826184077), ([[1453, 460], [1561, 460], [1561, 565], [1453, 565]], '유', 0.6127445152911584), ([[1601, 485], [1715, 485], [1715, 593], [1601, 593]], '응', 0.22080050370739546), ([[1691, 545], [1782, 545], [1782, 620], [1691, 620]], '9', 0.7862672875661225), ([[1145, 653], [1385, 653], [1385, 845], [1145, 845]], '짓', 0.007513452542809773), ([[1793, 455], [1868, 455], [1868, 835], [1793, 835]], '#', 0.28643183034947484), ([[572, 697], [661, 697], [661, 978], [572, 978]], '얇', 0.014872078843098713), ([[499, 787], [575, 787], [575, 1248], [499, 1248]], '{', 0.11689566500653914), ([[581, 972], [650, 972], [650, 1179], [581, 1179]], '향', 0.031102312156214618), ([[1294, 1350], [1539, 1350], [1539, 1489], [1294, 1489]], '손리', 0.02256926695314041), ([[30, 1441], [299, 1441], [299, 1732], [30, 1732]], '값', 0.09932857219034563), ([[484, 1596], [523, 1596], [523, 1654], [484, 1654]], '싹', 0.10810745587549775), ([[611, 1556], [689, 1556], [689, 1617], [611, 1617]], '1중"', 0.11515586828004781), ([[845, 1499], [946, 1499], [946, 1609], [845, 1609]], "'호%", 0.2345708685058481), ([[905, 1601], [936, 1601], [936, 1651], [905, 1651]], '낙', 0.8280844266193164), ([[1340, 1565], [1409, 1565], [1409, 1625], [1340, 1625]], '(금"', 0.09452455144123324), ([[633, 1608], [713, 1608], [713, 1728], [633, 1728]], '#', 0.35615085286941905), ([[1334, 1610], [1412, 1610], [1412, 1710], [1334, 1710]], '중"', 0.5296536646049931), ([[1410, 1775], [1556, 1775], [1556, 2081], [1410, 2081]], '?', 0.002261869163754149), ([[1407, 2015], [1560, 2015], [1560, 2339], [1407, 2339]], '"', 0.012272073190953359), ([[1411, 2305], [1570, 2305], [1570, 2582], [1411, 2582]], '87', 0.2306856527083066), ([[1416, 2552], [1483, 2552], [1483, 2791], [1416, 2791]], '퍽', 0.022819047085832267), ([[905.1297206890207, 1337.0344806816604], [1104.8873408481406, 1394.4297104545951], [1074.8702793109794, 1484.9655193183396], [875.1126591518594, 1427.5702895454049]], '간', 0.17118133764339039), ([[420.8994530298025, 1518.076061814578], [480.7428242606974, 1498.1921473120758], [513.1005469701975, 1605.923938185422], [452.2571757393026, 1625.8078526879242]], '흙', 0.061614705453494345)]
[([[1397, 70], [1787, 70], [1787, 365], [1397, 365]], '(해', 0.011043177670079401), ([[1582, 363], [1874, 363], [1874, 572], [1582, 572]], '늙', 0.17944818579210065), ([[1675, 575], [1822, 575], [1822, 715], [1675, 715]], '과', 0.26000011082476604), ([[465, 686], [532, 686], [532, 770], [465, 770]], '꾸', 0.9996470524421319), ([[1729, 699], [1829, 699], [1829, 783], [1729, 783]], '29', 0.33840730453385903), ([[461, 768], [494, 768], [494, 809], [461, 809]], '우', 0.9999704363146975), ([[492, 779], [544, 779], [544, 892], [492, 892]], '육', 0.05706701162399441), ([[138, 1276], [283, 1276], [283, 1457], [138, 1457]], '1', 0.3262817798661253), ([[1716, 2364], [1805, 2364], [1805, 2555], [1716, 2555]], "'", 0.1544419545152218), ([[671.9013997378852, -37.98052739163879], [913.5929125707016, -4.226405761989803], [862.0986002621148, 305.98052739163876], [620.4070874292984, 271.2264057619898]], '짓', 0.04786706655121353)]
[([[1729, 97], [1792, 97], [1792, 169], [1729, 169]], '할', 0.7827175037911083), ([[1727, 174], [1792, 174], [1792, 250], [1727, 250]], '수', 0.9999824763112066), ([[1729, 255], [1792, 255], [1792, 440], [1729, 440]], '올', 0.9790182178748275), ([[1799, 97], [1864, 97], [1864, 536], [1799, 536]], '}', 0.011977220983523162), ([[1712, 450], [1872, 450], [1872, 918], [1712, 918]], '#', 0.35193139073786384), ([[1792, 912], [1869, 912], [1869, 1108], [1792, 1108]], '흙', 0.03472753983800558), ([[877.1297206890207, 1652.0344806816604], [1018.9064607065106, 1714.5685270322706], [978.8702793109793, 1799.9655193183396], [837.0935392934894, 1738.4314729677294]], '보소', 0.0952257228060868)]
[([[428, 1462], [1210, 1462], [1210, 1529], [428, 1529]], '속미상염}-히*7그그*하73  "', 4.800097985869585e-05), ([[1196, 1489], [1224, 1489], [1224, 1520], [1196, 1520]], '0', 0.9979575583169122), ([[423, 1526], [1280, 1526], [1280, 1595], [423, 1595]], '처피병 51당규끊소^-"1-+32<출화 .', 0.004021549505676297), ([[425, 1591], [1166, 1591], [1166, 1660], [425, 1660]], '*?리운스투기내>손 ! #볶이초 !', 0.0026562110733192807), ([[428, 1657], [1402, 1657], [1402, 1726], [428, 1726]], '논01579+31하+0+-0한~-< 중화 .', 0.020161235097102558), ([[425, 1723], [1459, 1723], [1459, 1792], [425, 1792]], "8리1당그)~2+'77-지하넣가출표-*", 0.00014834355209037157), ([[425, 1790], [1479, 1790], [1479, 1857], [425, 1857]], '초중버니-( 숫스 . +/년+ 뽑빼0*#초50', 0.0011086734018327811), ([[425, 1854], [1488, 1854], [1488, 1923], [425, 1923]], '-[미(-#-디++하-어카: 논015683015', 0.0010616971136654739), ([[425, 1920], [1481, 1920], [1481, 1989], [425, 1989]], "##퍼 ' 초춧+50+ 소스세-느31350+* . 21'", 0.0006212497608081445), ([[423, 1985], [1538, 1985], [1538, 2054], [423, 2054]], '?7논053+32060--"<로춧+하상국=.', 0.0072024499850593246), ([[428, 2051], [1547, 2051], [1547, 2120], [428, 2120]], "논0'3+-특습<숲병20+-53/4'=1하니+_@", 0.0011120685388006167), ([[428, 2116], [1461, 2116], [1461, 2183], [428, 2183]], '근6+고쓸*나훈 속미켜2+-<모둘#한*(+즐   물.', 0.0003481222020583963), ([[425, 2182], [1363, 2182], [1363, 2249], [425, 2249]], '스다-  톤 >}} 다-너직014록7금', 0.00030577253057122714), ([[428, 2248], [1545, 2248], [1545, 2317], [428, 2317]], '톤우  [ 세스-그니- ! +청느-]논마스+-그<찌', 0.0007294369454256167), ([[425, 2313], [1588, 2313], [1588, 2382], [425, 2382]], '1문40+-"-)+이#표+  품활-(-기기0+2약 #.', 1.2450371215544577e-05), ([[428, 2379], [1496, 2379], [1496, 2446], [428, 2446]], '지하-어말0/944++7+511-/ 장의', 0.00439193271038747), ([[427, 2443], [1423, 2443], [1423, 2515], [427, 2515]], '화-  콤롭(운화 . +꾸간병:병+#산히', 1.3467802681078162e-05), ([[425, 2510], [1164, 2510], [1164, 2577], [425, 2577]], '#,3+-5\')"노횟초<<-한', 0.02263107339671058), ([[428, 2641], [1177, 2641], [1177, 2710], [428, 2710]], '{사추다,)-지-(-신0디', 0.009344974978072596), ([[425, 2707], [1481, 2707], [1481, 2776], [425, 2776]], '5*2833퉁표주손쫓없 <(한+_(사그다하3 .', 0.00021641862387605727)]
[([[415, 52], [448, 52], [448, 78], [415, 78]], '떼', 0.02718487144512971), ([[300, 71], [453, 71], [453, 274], [300, 274]], '공번', 0.046263321018763015), ([[380, 242], [444, 242], [444, 309], [380, 309]], '그', 0.9999215618256727), ([[300, 274], [449, 274], [449, 539], [300, 539]], '꿀', 0.019041634305040134), ([[311, 545], [367, 545], [367, 620], [311, 620]], '것', 0.9978265663785493), ([[304, 624], [373, 624], [373, 821], [304, 821]], '', 0.0), ([[292, 806], [337, 806], [337, 856], [292, 856]], '오', 0.08762895268052162), ([[1519, 2729], [1562, 2729], [1562, 2772], [1519, 2772]], "'", 0.12366266883488208)]
[([[127, 1118], [257, 1118], [257, 1193], [127, 1193]], '자아;', 0.6084038269297253), ([[105, 1188], [292, 1188], [292, 1266], [105, 1266]], '뛰어라]', 0.45792338252067566), ([[32, 2685], [654, 2685], [654, 2772], [32, 2772]], '>0 6@ 찮,+미 서치', 4.464227539207242e-05), ([[1749.2534261467808, 2603.02536435768], [1835.4422502442774, 2590.552468556842], [1858.7465738532192, 2771.97463564232], [1771.5577497557226, 2784.447531443158]], '쥐', 0.5332757714143987)]
[([[490, 192], [562, 192], [562, 363], [490, 363]], "터'", 0.037229360672482635), ([[945, 311], [1279, 311], [1279, 364], [945, 364]], '속바지 착용입니다 .', 0.5295971979728281), ([[945, 359], [1441, 359], [1441, 410], [945, 410]], '속물근성올 버월수가 없네요', 0.5684995258368173), ([[944, 402], [1496, 402], [1496, 463], [944, 463]], '이런 느낌으로 씨보고 싶습니다.', 0.9518842737355107), ([[168, 479], [194, 479], [194, 516], [168, 516]], '~', 0.5038162162694704), ([[686, 474], [746, 474], [746, 558], [686, 558]], '꽉', 0.9154046182757725), ([[201, 551], [251, 551], [251, 603], [201, 603]], '{', 0.743084467633949), ([[211, 675], [248, 675], [248, 711], [211, 711]], '느', 0.06786395268341039), ([[58, 793], [166, 793], [166, 989], [58, 989]], '몸', 0.0324584850071139), ([[660, 929], [693, 929], [693, 960], [660, 960]], '84', 0.05454554335298556), ([[667, 899], [699, 899], [699, 925], [667, 925]], '매듭', 0.0029771929719518858), ([[50, 976], [102, 976], [102, 1029], [50, 1029]], '매', 0.6179014363009436), ([[207, 1250], [248, 1250], [248, 1287], [207, 1287]], '자', 0.021489875939878722), ([[807, 1240], [1498, 1240], [1498, 1292], [807, 1292]], '속옷올 어떻게 해야 활까 고뇌중의 그림 .', 0.2994702886185938), ([[746, 1312], [776, 1312], [776, 1349], [746, 1349]], '0', 0.6887935129788367), ([[809, 1286], [1445, 1286], [1445, 1341], [809, 1341]], '어느 정도까지 하드코어로 할것인가:', 0.4079474357724649), ([[1116, 1489], [1181, 1489], [1181, 1661], [1116, 1661]], '춤', 0.09736222958644536), ([[1288, 2367], [1854, 2367], [1854, 2423], [1288, 2423]], '에이프런 착용시키논게 어려워서', 0.719960397020787), ([[1288, 2415], [1712, 2415], [1712, 2469], [1288, 2469]], '사이에 끼워넣은 폐이지.', 0.8225597486693806), ([[72, 2461], [454, 2461], [454, 2513], [72, 2513]], '메이드라고 하면 항문', 0.7414593449201512), ([[72, 2509], [583, 2509], [583, 2563], [72, 2563]], '그렇게 제 영혼이 속삭입니다.', 0.7889198208970654), ([[70, 2557], [1802, 2557], [1802, 2611], [70, 2611]], '"그런데도 항문을 지위야 하느걸까요? 어째서 그런거조? 항문은 말이조, 성기가 아니라 엉덩이장아요', 0.34255998431441986), ([[144, 2616], [509, 2616], [509, 2648], [144, 2648]], '*일본의 출판물 검열에 대한 이야기인듯  ', 0.3388975500400568), ([[314.6512014601067, 244.01218087952577], [354.75561720794195, 247.31835411215476], [339.3487985398933, 396.9878191204742], [300.24438279205805, 392.6816458878452]], '숙', 0.26844375432364487), ([[120.49233499400452, 286.0143293938801], [185.3350640763722, 275.0995728241853], [218.50766500599548, 480.9856706061199], [152.6649359236278, 492.9004271758147]], '"', 0.9917598944841899), ([[69.47481954078732, 348.0172570199673], [131.30787794343755, 337.1076330999459], [161.5251804592127, 515.9827429800326], [99.69212205656247, 527.8923669000541]], '통', 0.012408738445222112), ([[191.04305733260531, 454.0382166575665], [276.30594254964547, 434.4643706778328], [307.9569426673947, 602.9617833424335], [222.69405745035453, 621.5356293221672]], '전', 0.010490229245650795), ([[161.05131670194947, 526.1539501058485], [185.52737191545097, 513.0467172734745], [210.94868329805053, 561.8460498941515], [185.47262808454903, 574.9532827265255]], '{', 0.854429026040382), ([[120.36307024470152, 536.0510355171494], [168.88405951573907, 578.0439238115104], [144.63692975529847, 605.9489644828506], [96.11594048426093, 563.9560761884896]], '서~', 0.08172053017139326), ([[147.76462184759066, 602.2820252056036], [198.6955875677388, 557.0269203761692], [280.23537815240934, 658.7179747943964], [229.3044124322612, 703.9730796238308]], '푹', 0.022231700392044473), ([[685.4390867178942, 1099.0157435785154], [756.1821288978512, 1083.0701172580505], [798.5609132821058, 1296.9842564214846], [728.8178711021488, 1312.9298827419495]], '#', 0.48016220444537794), ([[72.32586142007676, 1255.022749017136], [148.6359192570993, 1243.3536571867855], [173.67413857992324, 1422.977250982864], [96.36408074290071, 1434.6463428132145]], '몸', 0.3780313416957739), ([[154.37216262819206, 1265.0219255831464], [221.88578829529968, 1245.043696125303], [269.62783737180797, 1425.9780744168536], [202.11421170470032, 1444.956303874697]], "'", 0.086406176983723)]
[([[605, 1694], [1363, 1694], [1363, 1787], [605, 1787]], '+0이-@_술어꼴+', 0.00649530634965662), ([[712, 2014], [1251, 2014], [1251, 2074], [712, 2074]], '#물시/ [어6 -어영설 9', 0.0014851095058238174), ([[751, 2070], [1204, 2070], [1204, 2110], [751, 2110]], '돌아5 40신니- 44-7긋: 0꼴니포', 2.0119866962165196e-05), ([[583, 2120], [1385, 2120], [1385, 2183], [583, 2183]], '만신:4-어담 묘묘어묘4앗장꼴-4.', 4.380476091915877e-06), ([[784, 2173], [1151, 2173], [1151, 2242], [784, 2242]], '5내+교?로.', 0.011495503792392288), ([[520, 2283], [1446, 2283], [1446, 2352], [520, 2352]], '룹(+살시버:록애주(튼미.,~ ;명/-~후라*호--+참나뉴,66/', 8.161614142290247e-09), ([[673, 2350], [1287, 2350], [1287, 2427], [673, 2427]], '가라/줄나욕아감@룹아+<라|._기<', 2.3158977160727552e-07), ([[701, 2488], [1249, 2488], [1249, 2555], [701, 2555]], '플곁측 : 베0 ? . 2 1', 0.005842838271273243), ([[712, 2558], [1245, 2558], [1245, 2625], [712, 2625]], '-# : 20638.13슬', 0.003555247200044327), ([[641, 2680], [892, 2680], [892, 2729], [641, 2729]], '#홀이 치겹촌 ', 0.018639031619146065), ([[914, 2680], [1320, 2680], [1320, 2731], [914, 2731]], '창 내+#?3[-#변의', 0.002031692358126203), ([[610, 2717], [1331, 2717], [1331, 2769], [610, 2769]], "#빛 . '소`국 중률   (5*<0 *화{", 0.000272851384130222)]
[([[582, 1131], [1383, 1131], [1383, 1278], [582, 1278]], '(오리|리 -"자외# ', 3.715437736832607e-06), ([[950, 2674], [1055, 2674], [1055, 2739], [950, 2739]], '군아5', 0.0009019276598011757), ([[662, 2727], [1339, 2727], [1339, 2796], [662, 2796]], '^-신너7 씨4-7설: 이`니들.', 1.2921960898466468e-05)]
