727205
23
[([[625, 51], [832, 51], [832, 124], [625, 124]], '@커-)', 0.014620882458984852), ([[396, 878], [1062, 878], [1062, 1028], [396, 1028]], '7 미사시', 0.04010959459412877), ([[891, 1703], [1361, 1703], [1361, 1867], [891, 1867]], "'; '세", 0.03487762363957252), ([[685, 1861], [765, 1861], [765, 1875], [685, 1875]], '>4구예꼬!', 0.00269491146358213), ([[640, 1870], [810, 1870], [810, 1924], [640, 1924]], '-)_불', 0.00033240762422792614), ([[636, 1910], [808, 1910], [808, 1960], [636, 1960]], "0사내'", 0.004640036728233099)]
[([[580, 863], [796, 863], [796, 949], [580, 949]], '04', 0.05242582163029361), ([[583, 943], [803, 943], [803, 1031], [583, 1031]], '(48', 0.4278626815037064), ([[621, 1821], [725, 1821], [725, 1841], [621, 1841]], '>^구시꼴/!', 0.0011095117383651402), ([[562, 1837], [786, 1837], [786, 1901], [562, 1901]], '-)신_7', 0.00035475509618121864), ([[561, 1891], [785, 1891], [785, 1957], [561, 1957]], "0-'", 0.03723597772305924), ([[605, 1947], [743, 1947], [743, 1963], [605, 1963]], '*화포@루5 벼,:.-고>', 7.529923797307847e-06)]
[([[152, 274], [338, 274], [338, 343], [152, 343]], '어느날..', 0.5440189475029384), ([[227, 1155], [497, 1155], [497, 1267], [227, 1267]], '세상이', 0.8451802134513855), ([[224, 1250], [497, 1250], [497, 1366], [224, 1366]], '까당게', 0.31720977351711294), ([[220, 1348], [672, 1348], [672, 1472], [220, 1472]], '변해있없다', 0.3684696822318593), ([[928.457124714834, 1695.0370104182882], [960.4322367230736, 1685.0234221477222], [985.542875285166, 1775.9629895817118], [954.5677632769264, 1784.9765778522778]], '3', 0.9977763153895012)]
[([[616, 196], [873, 196], [873, 293], [616, 293]], '그리고', 0.9755654649291775), ([[614, 291], [1247, 291], [1247, 423], [614, 423]], '그때부터 모든게', 0.9844628279657682), ([[611, 389], [1254, 389], [1254, 522], [611, 522]], '변해버린 것이다', 0.7096162344937287)]
[([[175, 249], [407, 249], [407, 311], [175, 311]], '상낭하지만', 0.6893497566743401), ([[185, 288], [393, 288], [393, 416], [185, 416]], "'닦년,흩", 6.718443334298824e-05), ([[1302, 1014], [1354, 1014], [1354, 1078], [1302, 1078]], '0', 0.4359002434074597), ([[219, 1237], [365, 1237], [365, 1297], [219, 1297]], '남자에', 0.9903594578907702), ([[198, 1288], [384, 1288], [384, 1344], [198, 1344]], '대해서도', 0.9995200037956238), ([[199, 1335], [385, 1335], [385, 1397], [199, 1397]], '칠칠맞은', 0.3840857744216919), ([[218, 1388], [366, 1388], [366, 1444], [218, 1444]], '여자가', 0.9992135034589841), ([[201, 1437], [383, 1437], [383, 1499], [201, 1499]], '되버려다', 0.4870853126049042)]
[([[280, 262], [416, 262], [416, 340], [280, 340]], '아직', 0.999761794322735), ([[110, 250], [418, 250], [418, 420], [110, 420]], '아운로-', 0.01508166454732418), ([[123, 391], [189, 391], [189, 473], [123, 473]], '더', 0.9995542069510179), ([[190, 238], [776, 238], [776, 498], [190, 498]], '맞자적.#패장히', 0.00011980780556975141), ([[1224, 1566], [1426, 1566], [1426, 1694], [1224, 1694]], '지루울지', 0.7885470986366272), ([[1234, 1672], [1334, 1672], [1334, 1738], [1234, 1738]], '않게', 0.6860085060537202), ([[1237, 1721], [1375, 1721], [1375, 1785], [1237, 1785]], '집아서', 0.29872894861666704), ([[1223, 1763], [1431, 1763], [1431, 1947], [1223, 1947]], '야집썩염', 7.042767538223416e-05), ([[1232, 1766], [1468, 1766], [1468, 1892], [1232, 1892]], '붙러튿음는', 0.0015973341914313388), ([[1372, 1774], [1424, 1774], [1424, 1834], [1372, 1834]], '올', 0.9539962319323969)]
[([[1135, 265], [1445, 265], [1445, 329], [1135, 329]], '투정 부리지마', 0.7633439731601381), ([[1130, 312], [1405, 312], [1405, 379], [1130, 379]], '똑바로 마녀', 0.3767539718203204), ([[1126, 362], [1315, 362], [1315, 434], [1126, 434]], '치아기 !', 0.533369864633275), ([[132, 1204], [386, 1204], [386, 1258], [132, 1258]], '정도가 심해저', 0.5806185812864595), ([[132, 1246], [408, 1246], [408, 1302], [132, 1302]], '치아키에제까지', 0.8414272189240481), ([[131, 1287], [367, 1287], [367, 1347], [131, 1347]], '엄해저버로다', 0.3347377184978418)]
[([[1242, 400], [1560, 400], [1560, 860], [1242, 860]], '1177', 0.029638148844242096), ([[1466, 486], [1543, 486], [1543, 633], [1466, 633]], '혼', 0.08842194338973286), ([[121, 1396], [371, 1396], [371, 1456], [121, 1456]], '역시 치아키의', 0.8811325804051888), ([[122, 1442], [372, 1442], [372, 1498], [122, 1498]], '성격은 반발을', 0.7550274526338678), ([[121, 1483], [406, 1483], [406, 1540], [121, 1540]], '일으키는 것인지', 0.46224439650344185), ([[120, 1528], [478, 1528], [478, 1584], [120, 1584]], '매일같이 벌반고있다', 0.8869988020571603)]
[([[1176, 710], [1412, 710], [1412, 949], [1176, 949]], '_사히', 0.0005634470932564976), ([[1392, 850], [1468, 850], [1468, 926], [1392, 926]], '와', 0.06452131822006013), ([[1395, 783], [1459, 783], [1459, 861], [1395, 861]], '에', 0.7908577563856092), ([[1462, 724], [1538, 724], [1538, 874], [1462, 874]], '찢', 0.5028678775575521), ([[1256, 920], [1393, 920], [1393, 999], [1256, 999]], '아이', 0.989361758244274), ([[1456, 920], [1530, 920], [1530, 1004], [1456, 1004]], '웬', 0.8334481714703088), ([[1177, 905], [1482, 905], [1482, 1090], [1177, 1090]], '콜대렉앗', 0.018424736335873604), ([[67, 1501], [247, 1501], [247, 1617], [67, 1617]], '용시록', 0.10720652980598643), ([[74, 1593], [279, 1593], [279, 1654], [74, 1654]], '감싸고있다', 0.9991363546380911), ([[74, 1640], [240, 1640], [240, 1696], [74, 1696]], '바보갈은', 0.7780078053474426), ([[77, 1681], [327, 1681], [327, 1741], [77, 1741]], '친구가 있으면', 0.9196517206806211), ([[76, 1726], [236, 1726], [236, 1782], [76, 1782]], '큰일이다', 0.4900916814804077)]
[([[1332, 264], [1646, 264], [1646, 582], [1332, 582]], '자즈', 0.9577380014855392), ([[34, 1194], [326, 1194], [326, 1248], [34, 1248]], '그리고 요시노의', 0.9569347079486724), ([[34, 1236], [246, 1236], [246, 1290], [34, 1290]], '노력은 전혀', 0.9975409453644911), ([[33, 1277], [329, 1277], [329, 1337], [33, 1337]], '소용없게 되없다', 0.7063545051546674), ([[72, 1324], [270, 1324], [270, 1380], [72, 1380]], '일만엔으에', 0.6678994777595284), ([[33, 1362], [314, 1362], [314, 1424], [33, 1424]], '몸흘 팔앗던가?', 0.7326070717848758)]
[([[1250, 1046], [1500, 1046], [1500, 1102], [1250, 1102]], '하아미 선배는', 0.9155748393308994), ([[1250, 1090], [1456, 1090], [1456, 1144], [1250, 1144]], '지금까지와', 0.9674518342062075), ([[1247, 1129], [1503, 1129], [1503, 1189], [1247, 1189]], '그다지 변하지', 0.9854457289726379), ([[1250, 1176], [1450, 1176], [1450, 1232], [1250, 1232]], '않은것같다', 0.8293061076990189)]
[([[609, 169], [1258, 169], [1258, 433], [609, 433]], '앞걀해력오컵', 0.02270199628942538), ([[1224, 746], [1558, 746], [1558, 802], [1224, 802]], '상낭한 아숫고장은', 0.25697675688744387), ([[1224, 786], [1440, 786], [1440, 842], [1224, 842]], '몸올 사용해', 0.6542647057474509), ([[1222, 829], [1551, 829], [1551, 889], [1222, 889]], '셋겨주고 있지만 ..', 0.3751091274506204), ([[1222, 876], [1480, 876], [1480, 932], [1222, 932]], '아마 쓸모없는', 0.9424940471060884), ([[1224, 920], [1386, 920], [1386, 974], [1224, 974]], '노력이야', 0.9970855712890625), ([[941, 1847], [1035, 1847], [1035, 1935], [941, 1935]], ';', 0.014980053045487773)]
[([[490, 1726], [786, 1726], [786, 1782], [490, 1782]], '마키장은 모두의', 0.8935657000306277), ([[491, 1767], [849, 1767], [849, 1831], [491, 1831]], '변소가 퇴어버로다. ', 0.09350427238541605), ([[490, 1814], [694, 1814], [694, 1864], [490, 1864]], '아남코장이', 0.1805370701310119), ([[491, 1853], [729, 1853], [729, 1913], [491, 1913]], '청소해춘다면', 0.971611441797787), ([[490, 1896], [649, 1896], [649, 1956], [490, 1956]], '다행인데', 0.9991229176521301)]
[([[1195, 889], [1515, 889], [1515, 1023], [1195, 1023]], '오카운', 0.16660866549282194), ([[961, 869], [1542, 869], [1542, 1248], [961, 1248]], '축직옥학하', 0.013882239892472581), ([[136, 1554], [346, 1554], [346, 1610], [136, 1610]], '아니. 리코;', 0.47103126712576254), ([[136, 1594], [300, 1594], [300, 1650], [136, 1650]], '그건아마', 0.8854711651802063), ([[136, 1636], [343, 1636], [343, 1696], [136, 1696]], '후치오카가', 0.9977235907984686), ([[132, 1680], [225, 1680], [225, 1737], [132, 1737]], '아냐', 0.999760361430173)]
[([[988, 320], [1208, 320], [1208, 558], [988, 558]], '비엇', 0.2822611195267), ([[1164, 210], [1538, 210], [1538, 680], [1164, 680]], '볶}', 0.007128948307231556), ([[929, 885], [1221, 885], [1221, 945], [929, 945]], '켜이코는 모든결', 0.25781642891089657), ([[921, 921], [1061, 921], [1061, 1033], [921, 1033]], '백빗틀등', 0.01325823925435543), ([[1044, 930], [1216, 930], [1216, 986], [1044, 986]], '인것 같다', 0.9712743969478442), ([[1053, 971], [1215, 971], [1215, 1031], [1053, 1031]], '백점반는', 0.7259344458580017), ([[919, 1007], [1265, 1007], [1265, 1119], [919, 1119]], '여집습 갈하되핑게', 0.011210268326589638)]
[([[264, 282], [398, 282], [398, 336], [264, 336]], '마고장.', 0.7250921130180359), ([[418, 282], [554, 282], [554, 336], [418, 336]], '아니뭐', 0.9988297827095113), ([[264, 322], [604, 322], [604, 378], [264, 378]], '그건 그결로 횟나  .', 0.124826043140148)]
[([[136, 362], [238, 362], [238, 440], [136, 440]], '응!', 0.9938346927492266), ([[1490, 348], [1566, 348], [1566, 430], [1490, 430]], '마', 0.9998180948972646), ([[1351, 351], [1430, 351], [1430, 622], [1351, 622]], '푹', 0.021068147845243468), ([[1431.3491789790571, 314.0084727957914], [1620.0916851942695, 360.8673664225615], [1522.6508210209429, 747.9915272042086], [1333.9083148057305, 701.1326335774386]], '#', 0.8886181651888734)]
[([[418, 914], [585, 914], [585, 977], [418, 977]], '아무래도', 0.9999635815620422), ([[422, 960], [506, 960], [506, 1008], [422, 1008]], '나도', 0.9997295965290908), ([[411, 995], [593, 995], [593, 1109], [411, 1109]], '요혼해야', 0.008106783963739872), ([[1027, 1275], [1593, 1275], [1593, 1653], [1027, 1653]], '옮옮기탕', 0.0004931815201416612), ([[1183.5243217563452, 1378.704864351269], [1494.7134664043958, 1196.1805169664767], [1605.4756782436548, 1387.295135648731], [1295.2865335956042, 1569.8194830335233]], '동어0?', 0.016208650544285774)]
[([[766, 162], [1512, 162], [1512, 666], [766, 666]], '질바임히다', 0.00017814351407523775), ([[1428, 408], [1556, 408], [1556, 622], [1428, 622]], '몇', 0.6330883344901537)]
[([[122, 212], [374, 212], [374, 268], [122, 268]], '언젠가 내몸도', 0.736452107910684), ([[1267, 219], [1527, 219], [1527, 279], [1267, 279]], '그훈로 얼마나', 0.5426605307090075), ([[122, 256], [334, 256], [334, 308], [122, 308]], '전부 까매져', 0.5421596556019421), ([[1268, 264], [1390, 264], [1390, 318], [1268, 318]], '시간이', 0.9999399155668842), ([[118, 294], [381, 294], [381, 358], [118, 358]], '버리논결까. ?', 0.4433210004826194), ([[1270, 306], [1460, 306], [1460, 362], [1270, 362]], '흐른걸까?', 0.5328134825603708), ([[1267, 349], [1521, 349], [1521, 409], [1267, 409]], '이때측 보지가', 0.2702785100957654), ([[1266, 388], [1470, 388], [1470, 452], [1266, 452]], '까매젓다 .', 0.284935810202851)]
[([[166, 238], [1015, 238], [1015, 283], [166, 283]], ".준 5+1  2 6 타(토표:<꽃 ' 내-병 +3병+뇨+/#+출 =", 0.0007264964743485204), ([[164, 275], [1135, 275], [1135, 320], [164, 320]], '+5?<5* 5철화병71"수\'틈?<-58520,청0011 0 10', 0.0017204028866055355), ([[164, 312], [771, 312], [771, 353], [164, 353]], "##<**논 - 30++50+0123 ! (1거')", 0.01646659294665064), ([[197, 385], [359, 385], [359, 425], [197, 425]], '-+쉬(+디', 0.018500156231651136), ([[374, 387], [838, 387], [838, 427], [374, 427]], '-미곁이디어어 1 0 1 78필 * ', 0.006044729173474559), ([[852, 384], [1079, 384], [1079, 429], [852, 429]], '히)디8내 *화 .', 0.0024257339641214756), ([[163, 418], [822, 418], [822, 466], [163, 466]], '섬주(-묘 ? 디(손#횟 5 <갇운화0( ) ', 0.0010379409481494626), ([[167, 497], [1131, 497], [1131, 539], [167, 539]], '버디 속미스그 = (-##  디0 53+움71+] 추-+고니 * +-떤" #미논', 0.0009087759760426144), ([[165, 533], [237, 533], [237, 571], [165, 571]], '*다', 0.012320723463470068), ([[251, 531], [1345, 531], [1345, 576], [251, 576]], "소습속미다 '하병9] (-끝내 <0돌 필 논0 5 ##1-*, 주 / 기수); 크)+0", 0.00030213693795316413), ([[164, 567], [901, 567], [901, 611], [164, 611]], '*주78필 *(+_" 88 ! +스<-6+7-리1-32 (', 0.006451149805923016), ([[919, 573], [1027, 573], [1027, 613], [919, 613]], '747)', 0.09905534982681274), ([[204, 639], [1131, 639], [1131, 683], [204, 683]], "'섬카니] 1성9*9(-@시+하_ 그 하##한화3+내 실상훈", 3.9509750620716344e-05), ([[159, 672], [808, 672], [808, 720], [159, 720]], '*귀름6 5 논화 5+7 51*01< 5 <순틈초:3+', 0.0058123172979207), ([[825, 680], [1281, 680], [1281, 720], [825, 720]], '단화구 -존화 촌 " >" =출 < 01', 0.0063723949244811375), ([[165, 713], [649, 713], [649, 753], [165, 753]], '속로 ? <#( * (춤화 내*( _ )', 0.05559256166251751), ([[166, 783], [1044, 783], [1044, 833], [166, 833]], '실훈 <.  =놔수+ = 8- 3+. * 19++ * 9#8{수+ =:<', 0.0005297942342599517), ([[165, 825], [1103, 825], [1103, 867], [165, 867]], '볶 < 4 0 논01 > #골 출비춘 내  못0짝#퍼+ 소 ( <쓸비이솟병   료+-(+', 0.000217225046504203), ([[162, 859], [951, 859], [951, 903], [162, 903]], '토춧5 야 51-+52+-9 . #속%디(#{미롬 + +3+ 2+8 3-', 0.004284993057862262), ([[164, 894], [475, 894], [475, 937], [164, 937]], '7 미사소 + 바한*+_! ,', 0.009174275112593853), ([[492, 896], [1191, 896], [1191, 941], [492, 941]], '20 < 27+-350유국기-팬-+-0 . 논 85품다', 0.002140171783751166), ([[171, 933], [1267, 933], [1267, 978], [171, 978]], "'하울니] 0햇사;#이#소소로 $ 루 논01 5 /'하##옷 5; !) 0 옷#< 8 5 [묶도)]", 0.00013448103595747565), ([[165, 968], [1131, 968], [1131, 1013], [165, 1013]], '허잡+. #씨  롭5쓸}  <새| <#초(3+891미7)+8빠-(감#음##', 9.550204100250223e-07), ([[160, 1004], [1067, 1004], [1067, 1048], [160, 1048]], '11 9^축차다1규+하(스 톱2+-9 (+-#(+하화*" (표 5#31-+5', 0.0002653827022813277), ([[159, 1038], [994, 1038], [994, 1086], [159, 1086]], '주축워 소책0 퇴구 약 < 쇼5+5 *스속+-내"";=-(" 4\')::', 0.005341800043810721), ([[1002, 1050], [1056, 1050], [1056, 1082], [1002, 1082]], "4-')", 0.25354919633512113), ([[161, 1108], [1101, 1108], [1101, 1157], [161, 1157]], '논0 요초하 속미: [3++3711+] 031소[.01국 { 스년춘# < 축;디술<', 0.000668123105447254), ([[160, 1150], [1189, 1150], [1189, 1195], [160, 1195]], '뜻(2+-둠 (++사? 지품록병8 2+-5그5+69그. ##벼슷소:한', 0.00013157912419495808), ([[160, 1186], [773, 1186], [773, 1231], [160, 1231]], "#(디그97'- @#습(_+-+-스하잡+", 0.0007784136788498282), ([[792, 1191], [1189, 1191], [1189, 1233], [792, 1233]], "손화6 -495 ' [-#춤0디0", 0.013921146595758861), ([[159, 1223], [1248, 1223], [1248, 1271], [159, 1271]], '스^가?" 104디규그그+*`곁다하 "(*0? ! - 0* 6출다디(+병5', 0.00022439306008326947), ([[159, 1259], [1220, 1259], [1220, 1309], [159, 1309]], '+6-걱754스5+< +?< 최7내-내"하. 굳50 초#묶수 1 *4+70', 0.0007823789531673467), ([[163, 1295], [1096, 1295], [1096, 1343], [163, 1343]], '= 5 + 스표철록(+-스+-: +7  7+-7 =*+3<<#+고~?', 0.005583885375134625), ([[163, 1333], [495, 1333], [495, 1373], [163, 1373]], "'* 어쓸촌쎄수--4? }", 0.000150253721833158), ([[163, 1439], [1156, 1439], [1156, 1489], [163, 1489]], '표존닦 디:3+- 끝0#숲 (=. *1금+3(-+3? [,들] 03++5*5 +6카+3?', 9.488039915038664e-05), ([[186, 1477], [741, 1477], [741, 1522], [186, 1522]], '+스*0-병 타주나저1*+2 ! (*', 0.006173593544682238), ([[761, 1485], [853, 1485], [853, 1523], [761, 1523]], '4 ` *)', 0.5986588772175067), ([[872, 1933], [1364, 1933], [1364, 1983], [872, 1983]], '근품류  건없 히  50디중0)금합', 0.0015944796006815305), ([[941, 1977], [1325, 1977], [1325, 2020], [941, 2020]], '^++오|*어쪽라감-이+라.되-이어스명/', 5.811798331142861e-07), ([[1084, 2016], [1182, 2016], [1182, 2048], [1084, 2048]], '@-굽리)', 0.001338485012866105), ([[970, 2047], [1291, 2047], [1291, 2088], [970, 2088]], '룹*아`라담3@어요라.104.,서+', 2.8473292200191123e-05), ([[940, 2080], [1167, 2080], [1167, 2125], [940, 2125]], '20083041271', 0.0677553605063332), ([[1187, 2085], [1319, 2085], [1319, 2125], [1187, 2125]], '첫#포포둘?주', 0.0012845668838746915), ([[1001, 2119], [1101, 2119], [1101, 2157], [1001, 2157]], '타물다안', 0.0007314950344152749), ([[1121, 2121], [1259, 2121], [1259, 2159], [1121, 2159]], '(후이:--', 0.000762009434338179), ([[821, 2149], [1046, 2149], [1046, 2197], [821, 2197]], '출#빠#특#빛', 0.008812716191292303), ([[1061, 2153], [1432, 2153], [1432, 2201], [1061, 2201]], '**소0표^ 손찾-(.합', 0.0030549046385807107)]
[([[214, 308], [310, 308], [310, 408], [214, 408]], '어떤', 0.10207179550401828), ([[146, 870], [258, 870], [258, 924], [146, 924]], '하아?', 0.9998352335347872), ([[1380, 902], [1502, 902], [1502, 954], [1380, 954]], '세상이', 0.9997538840148908), ([[1358, 943], [1523, 943], [1523, 1003], [1358, 1003]], '까매지논', 0.26520729064941406), ([[1396, 986], [1486, 986], [1486, 1042], [1396, 1042]], '꿈을', 0.679522017935888), ([[1362, 1030], [1522, 1030], [1522, 1086], [1362, 1086]], '군거같아', 0.8374218344688416), ([[152, 1752], [218, 1752], [218, 1802], [152, 1802]], '뭐?', 0.999923377889216), ([[541, 1739], [583, 1739], [583, 1781], [541, 1781]], '옛', 0.9969544984016956), ([[1401, 1745], [1443, 1745], [1443, 1797], [1401, 1797]], '슬', 0.9546255502519365), ([[1395, 1739], [1531, 1739], [1531, 1849], [1395, 1849]], '스표물', 0.054832761679820936), ([[1418, 1830], [1506, 1830], [1506, 1886], [1418, 1886]], '듯해', 0.99909177196881)]
[([[353, 248], [643, 248], [643, 326], [353, 326]], '역식자후기', 0.9989608850840535), ([[384, 314], [612, 314], [612, 386], [384, 386]], '154번째', 0.9947457485959366), ([[246, 376], [750, 376], [750, 454], [246, 454]], '이건 2기패러디군요', 0.7210235214722513), ([[351, 505], [649, 505], [649, 573], [351, 573]], '20140809', 0.9999907698225313), ([[135, 957], [765, 957], [765, 1045], [135, 1045]], '사0 4내 사0 나:도', 0.003479227035503479), ([[847, 957], [1111, 957], [1111, 1045], [847, 1045]], '내-포.', 0.0014554548542946577), ([[371, 1063], [873, 1063], [873, 1155], [371, 1155]], '미이어-:이? 0:6', 0.00018683192605548752)]
