728375
51
[([[1834, 31], [2480, 31], [2480, 170], [1834, 170]], '저-난-', 0.13275285065174103), ([[520, 3591], [1236, 3591], [1236, 3979], [520, 3979]], '헌물', 0.051722170073670186), ([[3053, 3626], [3318, 3626], [3318, 3975], [3053, 3975]], '<', 0.15015319199926935), ([[1157, 4476], [1697, 4476], [1697, 4622], [1157, 4622]], '씨.,4 [', 0.0030199502734541963), ([[1764, 4473], [2865, 4473], [2865, 4641], [1764, 4641]], '^-7:,끈--,', 2.736721470882232e-05), ([[1949, 5592], [2272, 5592], [2272, 5780], [1949, 5780]], '세키', 0.001797793867944355), ([[97, 5845], [225, 5845], [225, 5996], [97, 5996]], '역', 0.6420668668425265), ([[308, 5830], [578, 5830], [578, 6010], [308, 6010]], '심패(', 0.09306901767486851), ([[657, 5841], [1300, 5841], [1300, 6009], [657, 6009]], '어떤 유게이', 0.9827962948095245), ([[1564, 5818], [2750, 5818], [2750, 5981], [1564, 5981]], '와 터) # 논 ?99,8)', 0.02076655596262252)]
[([[1578, 1315], [1978, 1315], [1978, 1670], [1578, 1670]], '뿐질', 0.0037959491255076788), ([[1574, 1606], [1976, 1606], [1976, 1828], [1574, 1828]], '메히교', 0.0006594086014298394), ([[1747, 1702], [2004, 1702], [2004, 1824], [1747, 1824]], '외없염', 0.028809794860385287)]
[([[1765, 1240], [2350, 1240], [2350, 1509], [1765, 1509]], '품업워울올', 0.05441037545409128), ([[1765, 1431], [2357, 1431], [2357, 1721], [1765, 1721]], '퓨재질답봉력', 4.2046616794203525e-05), ([[982, 2656], [1468, 2656], [1468, 2932], [982, 2932]], '름훨훨렉', 0.01143684796988964)]
[([[565, 2002], [2946, 2002], [2946, 2422], [565, 2422]], '@표 말- 스 자', 0.002624309194353417), ([[1140, 2669], [1503, 2669], [1503, 2781], [1140, 2781]], '세후,-', 0.0010959852952510118), ([[1538, 2669], [2262, 2669], [2262, 2784], [1538, 2784]], "항-꺼긋장'%--.어", 1.2619037624374747e-05)]
[([[1733, 2500], [2590, 2500], [2590, 2759], [1733, 2759]], '명여어-어84.', 0.0010513118254600743), ([[1888, 3043], [2430, 3043], [2430, 3144], [1888, 3144]], '되^#(어게 ,+고<.', 0.0001508308872879512), ([[1995, 3146], [2319, 3146], [2319, 3262], [1995, 3262]], '..&지', 0.0015987931983545423), ([[1965, 3327], [2349, 3327], [2349, 3462], [1965, 3462]], '{유 십', 0.014334611973905797), ([[2004, 3449], [2305, 3449], [2305, 3542], [2004, 3542]], '-연@탁할;어', 9.01672094130681e-06), ([[252, 4690], [753, 4690], [753, 5716], [252, 5716]], '*', 0.6681838460946352), ([[699, 5441], [1108, 5441], [1108, 5733], [699, 5733]], '">', 0.9610170774555811), ([[3185, 5072], [3820, 5072], [3820, 5674], [3185, 5674]], '>', 0.016597257402431786)]
[([[1609, 677], [1733, 677], [1733, 757], [1609, 757]], '꿈의', 0.8885866871205385), ([[1566, 744], [1738, 744], [1738, 829], [1566, 829]], '무거움', 0.931133508682251), ([[1639, 2266], [1760, 2266], [1760, 2342], [1639, 2342]], '뛰어', 0.9988654268572371), ([[1639, 2330], [1760, 2330], [1760, 2410], [1639, 2410]], '넘어', 0.9999466425067315)]
[([[1817, 989], [2150, 989], [2150, 1100], [1817, 1100]], '두 사람은', 0.9760082744434267), ([[1799, 1079], [2183, 1079], [2183, 1184], [1799, 1184]], '스꿀아이돌;', 0.5020691007440321), ([[1865, 1182], [1935, 1182], [1935, 1248], [1865, 1248]], '씨', 0.06289122937247171), ([[1963, 1158], [2089, 1158], [2089, 1250], [1963, 1250]], '5의', 0.12264694632992866), ([[1896, 1231], [2056, 1231], [2056, 1333], [1896, 1333]], '냄버', 0.06132593717987088), ([[510, 1349], [896, 1349], [896, 1460], [510, 1460]], '여자애지만', 0.9857277633166367), ([[550, 1423], [871, 1423], [871, 1540], [550, 1540]], '연인사이', 0.9998968243598938), ([[345, 3864], [745, 3864], [745, 4286], [345, 4286]], '산', 0.01943972801599103)]
[([[1480, 593], [2094, 593], [2094, 704], [1480, 704]], '니고장은 졸업해서', 0.5183276427480691), ([[1559, 675], [2033, 675], [2033, 776], [1559, 776]], '진짜 아이돌로', 0.9161657018486885), ([[1499, 730], [2078, 730], [2078, 875], [1499, 875]], '마기장은 그집이', 0.3273452282142998), ([[1519, 924], [1837, 924], [1837, 1044], [1519, 1044]], '이어받아', 0.7954750061035156), ([[1532, 844], [1838, 844], [1838, 955], [1532, 955]], '운영하는', 0.8742622137069702), ([[1815, 824], [2088, 824], [2088, 1049], [1815, 1049]], '역올', 0.18202811350780332), ([[2496, 1594], [2808, 1594], [2808, 1709], [2496, 1709]], '마기장은', 0.43479856848716736), ([[2386, 1684], [2903, 1684], [2903, 1794], [2386, 1794]], '고등학교 1학년', 0.8124153909346832), ([[2497, 1769], [2807, 1769], [2807, 1879], [2497, 1879]], '놔고장은', 0.3519936501979828), ([[2370, 1834], [2893, 1834], [2893, 1961], [2370, 1961]], '고등학교 3학년', 0.9916180537116869), ([[711, 1907], [1120, 1907], [1120, 2022], [711, 2022]], '각자의 길을', 0.7378873619919608), ([[753, 1995], [1057, 1995], [1057, 2100], [753, 2100]], '걸어가기', 0.9998689293861389), ([[638, 2158], [876, 2158], [876, 2263], [638, 2263]], '시기가', 0.9996755635722282), ([[646, 2063], [1201, 2063], [1201, 2275], [646, 2275]], '시작하앗활-다', 0.0005718089140650608), ([[1041, 2077], [1139, 2077], [1139, 2178], [1041, 2178]], '할', 0.9825127112450538), ([[218, 4469], [487, 4469], [487, 4732], [218, 4732]], '1', 0.8536087371014425), ([[279.50027728995525, 3745.014419077672], [765.8186315899635, 3488.148983374652], [1178.4997227100448, 4420.985580922328], [692.1813684100365, 4677.851016625348]], "''", 0.37851976346487237)]
[([[1276, 619], [1333, 619], [1333, 683], [1276, 683]], "1'", 0.23657654173725245), ([[1265, 585], [1656, 585], [1656, 819], [1265, 819]], '보월#값', 0.00019738245464395732), ([[2736, 673], [2815, 673], [2815, 794], [2736, 794]], '혀', 0.7581099817798531), ([[1455, 715], [1639, 715], [1639, 794], [1455, 794]], '해보자', 0.9998633137779883), ([[2740, 780], [2803, 780], [2803, 850], [2740, 850]], '그', 0.9826522551562836), ([[551, 841], [605, 841], [605, 905], [551, 905]], '의', 0.9999953508431112), ([[386, 957], [450, 957], [450, 1010], [386, 1010]], '딱', 0.7456136168323191), ([[389, 892], [455, 892], [455, 970], [389, 970]], '얼', 0.8431352721010086), ([[430, 877], [692, 877], [692, 1042], [430, 1042]], '[현출롭예', 0.03305110678991925), ([[855, 863], [1052, 863], [1052, 1014], [855, 1014]], '언젠?', 0.01815792723550285), ([[996, 936], [1170, 936], [1170, 1012], [996, 1012]], '놀이틀', 0.5263608884771697), ([[1034, 869], [1215, 869], [1215, 948], [1034, 948]], '햇없던', 0.0277377973212463), ([[2759, 648], [3002, 648], [3002, 1188], [2759, 1188]], '"', 0.2790837467726739), ([[358, 1015], [479, 1015], [479, 1091], [358, 1091]], '멋진', 0.9763975798807865), ([[372, 1063], [559, 1063], [559, 1148], [372, 1148]], '발견한', 0.955396234851653), ([[468, 1005], [714, 1005], [714, 1153], [468, 1153]], '[한므숲', 0.016420703381299973), ([[959, 996], [1136, 996], [1136, 1076], [959, 1076]], '떠올려', 0.9987796169477637), ([[2736, 904], [2821, 904], [2821, 1168], [2736, 1168]], '스', 0.1528321111969655), ([[2021, 1476], [2324, 1476], [2324, 1565], [2021, 1565]], '용기름 내서', 0.7687093779966649), ([[2046, 1543], [2280, 1543], [2280, 1628], [2046, 1628]], '아름다운', 0.979591965675354), ([[2059, 1605], [2289, 1605], [2289, 1681], [2059, 1681]], '여자애와', 0.9778141975402832), ([[2086, 1665], [2259, 1665], [2259, 1745], [2086, 1745]], '약속올', 0.8782079203486586), ([[2058, 1720], [2298, 1720], [2298, 1806], [2058, 1806]], '햇습니다', 0.7392874956130981), ([[1324, 1809], [1485, 1809], [1485, 1924], [1324, 1924]], '* `', 0.18868901290546122), ([[1567, 1845], [1677, 1845], [1677, 1921], [1567, 1921]], '*', 0.0529282395131867), ([[460, 2380], [813, 2380], [813, 2458], [460, 2458]], '그건 반짝반짝', 0.9979176373104376), ([[2586, 2410], [2825, 2410], [2825, 2472], [2586, 2472]], '테이스 안엔', 0.6513881332079696), ([[462, 2434], [818, 2434], [818, 2523], [462, 2523]], '빛나는 수많은', 0.5945365786463956), ([[2620, 2459], [2803, 2459], [2803, 2521], [2620, 2521]], '작디작은', 0.999433696269989), ([[492, 2493], [778, 2493], [778, 2586], [492, 2586]], '얼음설탕에', 0.6633287283871155), ([[2636, 2508], [2787, 2508], [2787, 2565], [2636, 2565]], '카드에', 0.9889186116891301), ([[580, 2564], [760, 2564], [760, 2626], [580, 2626]], '러싸여', 0.9818156957626343), ([[2599, 2554], [2813, 2554], [2813, 2610], [2599, 2610]], '칭안-~마거즌란', 3.3180158971830583e-05), ([[2661, 2594], [2758, 2594], [2758, 2656], [2661, 2656]], '글자', 0.9838089162046901), ([[458, 2527], [805, 2527], [805, 2847], [458, 2847]], '교', 0.01897013232544098), ([[589, 2609], [782, 2609], [782, 2757], [589, 2757]], '승력게', 0.5101233034430207), ([[2509, 3342], [2915, 3342], [2915, 3477], [2509, 3477]], '초 하이퍼', 0.5399094063947164), ([[2522, 3436], [2913, 3436], [2913, 3583], [2522, 3583]], '액설런트', 0.3643660843372345), ([[2480, 3554], [2969, 3554], [2969, 3683], [2480, 3683]], '톱 아이돌이', 0.6380418202736027), ([[2481, 3658], [2984, 3658], [2984, 3787], [2481, 3787]], '되면 독차지', 0.6300689093356541), ([[2411, 3753], [3043, 3753], [3043, 3906], [2411, 3906]], '한러 올 테니까', 0.48785341936841525), ([[2573, 3876], [2914, 3876], [2914, 4015], [2573, 4015]], '말이야:', 0.3025420904159546), ([[1237.9561351862576, 2620.846473151902], [1947.262560177879, 2512.4309478331716], [1960.0438648137424, 2698.153526848098], [1251.737439822121, 2806.5690521668284]], "여65.로신'", 7.758810158242889e-05)]
[([[2442, 611], [2799, 611], [2799, 696], [2442, 696]], '그리고 그녀분', 0.34176827947764454), ([[742, 690], [1175, 690], [1175, 778], [742, 778]], '여기틀 떠나는 건', 0.7090187983335388), ([[2453, 672], [2779, 672], [2779, 758], [2453, 758]], '모든 걸 두고', 0.5697140750596033), ([[759, 759], [1167, 759], [1167, 844], [759, 844]], '그렇게나 기다길', 0.4185162084291991), ([[2434, 736], [2790, 736], [2790, 825], [2434, 825]], '가버려습니다.', 0.6406468376436946), ([[834, 809], [1100, 809], [1100, 900], [834, 900]], "'수튼 없어", 0.23493375511413442), ([[2419, 800], [2827, 800], [2827, 889], [2419, 889]], '자신흘 형성해온', 0.37566040643468696), ([[879, 875], [1051, 875], [1051, 961], [879, 961]], '구렇계', 0.4476413995886156), ([[2460, 864], [2779, 864], [2779, 953], [2460, 953]], '것도 마음도', 0.9890443701395762), ([[814, 928], [1118, 928], [1118, 1018], [814, 1018]], '말하려분 듯', 0.14924282913101866), ([[2503, 936], [2759, 936], [2759, 1008], [2503, 1008]], '전부 두고', 0.8876610722052658), ([[842, 996], [1080, 996], [1080, 1076], [842, 1076]], '자랑스레', 0.9984079003334045), ([[2453, 988], [2797, 988], [2797, 1077], [2453, 1077]], '가버로습니다', 0.2506253836909062), ([[474, 2506], [595, 2506], [595, 2579], [474, 2579]], '두고', 0.9973024589164153), ([[666, 2503], [787, 2503], [787, 2579], [666, 2579]], '짐도', 0.9909633303576504), ([[2025, 2479], [2268, 2479], [2268, 2565], [2025, 2565]], '두고 가면', 0.9363611206352799), ([[2759, 2413], [2916, 2413], [2916, 2571], [2759, 2571]], '따물', 0.05783456598199005), ([[2898, 2489], [2964, 2489], [2964, 2559], [2898, 2559]], '수', 0.9999651911903698), ([[2905, 2409], [3160, 2409], [3160, 2574], [2905, 2574]], '위대롭터', 0.0038776842411607504), ([[468, 2497], [785, 2497], [785, 2645], [468, 2645]], '둥금잘 진둘', 0.0018067354213955678), ([[1769, 2468], [2121, 2468], [2121, 2692], [1769, 2692]], '그룹기빗등들', 0.0026521708598432753), ([[1834, 2597], [1906, 2597], [1906, 2676], [1834, 2676]], '날', 0.999945522096656), ([[2016, 2523], [2242, 2523], [2242, 2687], [2016, 2687]], '{대특록', 0.05746563896536827), ([[2439, 2582], [2612, 2582], [2612, 2661], [2439, 2661]], '사실은', 0.9992219681098607), ([[433, 2612], [809, 2612], [809, 2777], [433, 2777]], '살허횟속:하', 0.00847119940603682), ([[630, 2636], [687, 2636], [687, 2700], [630, 2700]], '소', 0.9999862909786863), ([[1922, 2653], [2175, 2653], [2175, 2746], [1922, 2746]], "'생각해서.", 0.5424290404935947), ([[2421, 2654], [2645, 2654], [2645, 2720], [2421, 2720]], '무척이나', 0.6696423067776508), ([[2366, 2705], [2726, 2705], [2726, 2794], [2366, 2794]], '외로워습니다.', 0.6600440848143447), ([[1533, 2817], [1768, 2817], [1768, 2903], [1533, 2903]], '그렇지만', 0.9999432563781738), ([[1532, 3971], [2021, 3971], [2021, 4071], [1532, 4071]], '그결 알아채기 위해', 0.4256819978043039), ([[1602, 4048], [1960, 4048], [1960, 4134], [1602, 4134]], '한동안 시간이', 0.995499191939525), ([[1615, 4106], [1967, 4106], [1967, 4195], [1615, 4195]], '필요랫습니다.', 0.5651996088666474)]
[([[394, 553], [763, 553], [763, 649], [394, 649]], '하지만 그녀가', 0.9582394183708502), ([[1784, 560], [2151, 560], [2151, 649], [1784, 649]], '물론; 아름속운', 0.16055838973964287), ([[394, 616], [757, 616], [757, 717], [394, 717]], '듯넓음 화늘로', 0.5681175798115158), ([[1751, 632], [2162, 632], [2162, 712], [1751, 712]], '여젯애도므런걸', 0.09501904519268611), ([[349, 684], [810, 684], [810, 769], [349, 769]], '날아화 독차지하러', 0.8890976089089037), ([[1773, 699], [2136, 699], [2136, 792], [1773, 792]], '[깨단진동새채', 0.011138245858549499), ([[453, 746], [575, 746], [575, 824], [453, 824]], '오는', 0.9812333461646168), ([[1480, 770], [1779, 770], [1779, 859], [1480, 859]], '패일해늘올', 0.24336943068340072), ([[432, 800], [720, 800], [720, 885], [432, 885]], '없엎습니다', 0.41144929708868955), ([[1491, 829], [1772, 829], [1772, 994], [1491, 994]], '상런령다', 0.0005809994763694704), ([[1492, 974], [1763, 974], [1763, 1046], [1492, 1046]], '독차지하러', 0.7585328519563346), ([[1510, 1022], [1761, 1022], [1761, 1111], [1510, 1111]], '와출 것흘', 0.16986392906670778), ([[1553, 1091], [1729, 1091], [1729, 1154], [1553, 1154]], '믿고서', 0.9551990229118176), ([[1469, 1142], [1813, 1142], [1813, 1227], [1469, 1227]], '기다려습니다', 0.437762502510333), ([[580.4178842536471, 746.1401518204236], [696.0278192849872, 737.3777445720102], [698.5821157463529, 819.8598481795764], [581.9721807150128, 828.6222554279898]], '일은', 0.9996382306218764)]
[([[1317, 397], [1783, 397], [1783, 486], [1317, 486]], '아름다운 여자애는', 0.9668887689906431), ([[875, 497], [1184, 497], [1184, 583], [875, 583]], '그걸 위해서', 0.442615512925862), ([[1397, 466], [1697, 466], [1697, 551], [1397, 551]], '이제 병원올', 0.6186963480521316), ([[908, 558], [1150, 558], [1150, 650], [908, 650]], '살아왕고', 0.19779863953590393), ([[1338, 534], [1748, 534], [1748, 614], [1338, 614]], '이어받지 않으면', 0.9104048396002526), ([[809, 622], [1224, 622], [1224, 709], [809, 709]], '그리고 앞으로도', 0.9986942716914423), ([[1406, 598], [1715, 598], [1715, 678], [1406, 678]], '안 뒷습니다', 0.2076529371351234), ([[842, 688], [1219, 688], [1219, 768], [842, 768]], '살아갈 겁니다.', 0.8411909764918681), ([[395, 794], [689, 794], [689, 869], [395, 869]], '그리고 그결', 0.523659719054278), ([[410, 850], [682, 850], [682, 930], [410, 930]], '다시 한 번', 0.9407630882016568), ([[317, 888], [606, 888], [606, 1195], [317, 1195]], '팩', 0.15678656619299147), ([[393, 1039], [455, 1039], [455, 1113], [393, 1113]], '곁', 0.26304940739242966), ([[384, 884], [772, 884], [772, 1193], [384, 1193]], '매기', 0.001478849252637733), ([[564, 1090], [700, 1090], [700, 1166], [564, 1166]], '니다.', 0.6693592271313239), ([[2503, 1895], [3044, 1895], [3044, 2056], [2503, 2056]], '약엇량인털글설둥이', 0.000638410397903666), ([[2559, 2029], [2988, 2029], [2988, 2101], [2559, 2101]], '아년 진짜 보석이', 0.4855013685341616), ([[2547, 2086], [3014, 2086], [3014, 2161], [2547, 2161]], '반짝반짝 반짝반짝', 0.9917551860959214), ([[2553, 2129], [3039, 2129], [3039, 2231], [2553, 2231]], '빛나고 잇없습니다:', 0.20055882170777706), ([[2429, 3477], [2743, 3477], [2743, 3578], [2429, 3578]], '어느정도의', 0.8204438362003966), ([[2494, 3546], [2692, 3546], [2692, 3631], [2494, 3631]], '세월이', 0.9963690995400334), ([[2468, 3606], [2726, 3606], [2726, 3699], [2468, 3699]], '지따홀까', 0.12581244111061096), ([[518, 4128], [795, 4128], [795, 4217], [518, 4217]], '세는 것도', 0.863418003597984), ([[458, 4200], [848, 4200], [848, 4292], [458, 4292]], '그만뒷올 즈음', 0.6216856219388547), ([[233.74585772970397, 2510.106091934862], [576.8039442981488, 2457.086526935951], [592.254142270296, 2663.893908065138], [249.19605570185118, 2716.913473064049]], '5의세사', 0.015443243086338043)]
[([[1440, 1316], [1755, 1316], [1755, 1425], [1440, 1425]], '그녀들은', 0.9994511604309082), ([[1369, 1410], [1827, 1410], [1827, 1519], [1369, 1519]], '재회랫습니다', 0.2565001626426898), ([[109, 3742], [457, 3742], [457, 4322], [109, 4322]], '물', 0.0254274419223679)]
[([[710, 466], [916, 466], [916, 555], [710, 555]], '하는 건', 0.31210204243940265), ([[635, 534], [996, 534], [996, 624], [635, 624]], '림거 정도지만', 0.49847412516371203), ([[429, 850], [535, 850], [535, 930], [429, 930]], '5일', 0.9985015028307545), ([[429, 726], [554, 726], [554, 873], [429, 873]], '호월등', 0.023077874542706614), ([[434, 791], [497, 791], [497, 868], [434, 868]], '입', 0.9999982118614561), ([[535, 855], [602, 855], [602, 932], [535, 932]], '정', 0.9998767413930096), ([[569, 730], [667, 730], [667, 994], [569, 994]], '올', 0.7888599317848275), ([[1277, 774], [2200, 774], [2200, 912], [1277, 912]], '쌓여가는 매일 속에서', 0.7271063618015107), ([[459, 914], [584, 914], [584, 993], [459, 993]], '안정-', 0.9749926273470106), ([[402, 965], [709, 965], [709, 1051], [402, 1051]], '취해야 된대', 0.8310945794429457), ([[656, 2684], [1611, 2684], [1611, 2824], [656, 2824]], '물히만 가능 무언가가', 0.4279435809990981), ([[1371, 4451], [1915, 4451], [1915, 4586], [1371, 4586]], '눈올 돈니다', 0.13749333797080837), ([[526.2624143155141, 734.0340746075524], [584.1254859317357, 724.287522476273], [602.7375856844859, 857.9659253924476], [544.8745140682643, 866.712477523727]], '통', 0.6315505005312652)]
[([[2911, 2310], [3049, 2310], [3049, 2711], [2911, 2711]], '첫', 0.006861007111459705), ([[2906, 2741], [3050, 2741], [3050, 3017], [2906, 3017]], '학', 0.42510890971266235), ([[2910, 3071], [3054, 3071], [3054, 3448], [2910, 3448]], '흙', 0.751903757779985), ([[2906, 3507], [3054, 3507], [3054, 4177], [2906, 4177]], "'", 0.03628036873593121)]
[([[2767, 1302], [3103, 1302], [3103, 1450], [2767, 1450]], '붙잡지', 0.9980580655826307), ([[2755, 1414], [3119, 1414], [3119, 1706], [2755, 1706]], '양편', 0.08456492982557309), ([[2806, 1551], [2948, 1551], [2948, 1690], [2806, 1690]], '안', 0.9999563698759317), ([[1417, 1718], [1793, 1718], [1793, 1970], [1417, 1970]], '별올', 0.4142899155556075), ([[1453, 1960], [1769, 1960], [1769, 2197], [1453, 2197]], '!!!', 0.5829493133393711), ([[653, 2366], [1074, 2366], [1074, 2501], [653, 2501]], '잇는 힘껏', 0.8114795565109507), ([[1532, 2366], [2046, 2366], [2046, 2501], [1532, 2501]], '손올 뻗어서', 0.5088863901055212), ([[2762, 3081], [3142, 3081], [3142, 3210], [2762, 3210]], '버릇없다', 0.9959985613822937), ([[2740, 3176], [3156, 3176], [3156, 3320], [2740, 3320]], '말하지 마', 0.5879564455197915), ([[900, 3661], [1312, 3661], [1312, 3723], [900, 3723]], '@ 38그호*3', 0.0054328407538126984), ([[162.3625865488868, 203.0092359365951], [318.95169149573957, 165.19891018059008], [412.63741345111316, 591.9907640634049], [256.04830850426043, 629.8010898194099]], '#', 0.9808293827906631)]
[([[1138, 421], [1415, 421], [1415, 510], [1138, 510]], '누구에게', 0.8169693946838379), ([[1089, 492], [1456, 492], [1456, 581], [1089, 581]], '제일 전하고', 0.9997705618870402), ([[1103, 566], [1457, 566], [1457, 665], [1103, 665]], '싶으신가요', 0.9874567589557021), ([[2647, 547], [3028, 547], [3028, 650], [2647, 650]], '축하합니다', 0.9281345845582017), ([[2586, 704], [2758, 704], [2758, 812], [2586, 812]], '지금', 0.999985754394923), ([[2598, 611], [3076, 611], [3076, 828], [2598, 828]], '지출결영렉요', 0.05520190949108463), ([[635, 2377], [1235, 2377], [1235, 2516], [635, 2516]], '만천 1기 )의', 0.12151612216328483), ([[1372, 2386], [1576, 2386], [1576, 2511], [1372, 2511]], '별흘', 0.3640053134867261), ([[1800, 2386], [2199, 2386], [2199, 2515], [1800, 2515]], '끌어모아', 0.8821986317634583), ([[2490, 2383], [3126, 2383], [3126, 2519], [2490, 2519]], '가슴에 품고서', 0.9975946181574894), ([[2105, 2905], [2244, 2905], [2244, 2984], [2105, 2984]], '바보', 0.9999772407776616), ([[2096, 2975], [2245, 2975], [2245, 3060], [2096, 3060]], '아냐', 0.9999016306727299), ([[209, 3574], [586, 3574], [586, 3772], [209, 3772]], '햇려립하공', 0.012166516365709803), ([[1752, 4032], [1917, 4032], [1917, 4197], [1752, 4197]], '하보', 0.860450048572794)]
[([[1968, 428], [2268, 428], [2268, 521], [1968, 521]], '이 난관올', 0.834599406626988), ([[1961, 511], [2305, 511], [2305, 604], [1961, 604]], '뛰어넘으면', 0.9908257792176184), ([[2903, 447], [3128, 447], [3128, 631], [2903, 631]], ']', 0.014822307098953047), ([[1912, 571], [2354, 571], [2354, 682], [1912, 682]], '드디어 승패가', 0.9233622146322087), ([[2952, 601], [3102, 601], [3102, 690], [2952, 690]], '맥스', 0.9948269460493077), ([[2215, 1400], [2389, 1400], [2389, 1499], [2215, 1499]], '라`하다', 0.002105223946273327), ([[345, 2392], [732, 2392], [732, 2531], [345, 2531]], '별자리가', 0.9947975277900696), ([[946, 2392], [1690, 2392], [1690, 2533], [946, 2533]], '되지 못한 별들의', 0.9082634490133287), ([[1905, 2397], [2211, 2397], [2211, 2526], [1905, 2526]], '눈물이', 0.5868882574592051), ([[2266, 2390], [2801, 2390], [2801, 2529], [2266, 2529]], '마을 때까지', 0.4628228450857546), ([[2114, 3093], [2360, 3093], [2360, 3538], [2114, 3538]], '&', 0.03663260487645226), ([[2792, 3866], [2913, 3866], [2913, 4115], [2792, 4115]], '향', 0.02401436316113803), ([[2032, 4260], [2121, 4260], [2121, 4383], [2032, 4383]], '하', 0.13070866443368434)]
[]
[([[320, 1210], [505, 1210], [505, 1719], [320, 1719]], '콩', 0.08305954401068849), ([[323, 1795], [507, 1795], [507, 2621], [323, 2621]], '"', 0.013999115376101878)]
[([[2499, 1184], [2620, 1184], [2620, 1501], [2499, 1501]], '엔', 0.19422034658964638), ([[2496, 1553], [2612, 1553], [2612, 2063], [2496, 2063]], '{', 0.03257210647788966), ([[2499, 2315], [2624, 2315], [2624, 2722], [2499, 2722]], '총', 0.005074649355536531), ([[2495, 2777], [2620, 2777], [2620, 3270], [2495, 3270]], '값', 0.0010696851106345578)]
[]
[([[275, 1008], [415, 1008], [415, 1084], [275, 1084]], '커피', 0.9999375389418667), ([[180, 1071], [457, 1071], [457, 1160], [180, 1160]], '잘 마실게', 0.9842689438879062), ([[2793, 1805], [2901, 1805], [2901, 1871], [2793, 1871]], '아', 0.9999284757052465), ([[2778, 1794], [2972, 1794], [2972, 2006], [2778, 2006]], '앞있%', 0.1602080500207834), ([[178, 2567], [325, 2567], [325, 2639], [178, 2639]], '저기::', 0.7503554821014404), ([[2689, 3065], [2839, 3065], [2839, 3158], [2689, 3158]], '밖에', 0.974019670431759), ([[1426, 3139], [1931, 3139], [1931, 3238], [1426, 3238]], '누구씨인 건지도', 0.997674821708157), ([[2693, 3140], [2906, 3140], [2906, 3233], [2693, 3233]], '중요한', 0.8522838354110718), ([[2693, 3046], [3008, 3046], [3008, 3319], [2693, 3319]], '뼈있터', 0.028939246102051907), ([[304, 3242], [656, 3242], [656, 3331], [304, 3331]], '버려지거나', 0.9997243723985472), ([[1511, 3288], [1662, 3288], [1662, 3367], [1511, 3367]], '내가', 0.9997563999068085), ([[1533, 3208], [1884, 3208], [1884, 3379], [1533, 3379]], '몸특부요히|', 0.006436658807808807), ([[1754, 3215], [1840, 3215], [1840, 3304], [1754, 3304]], '걸', 0.9206994144560667), ([[258, 3300], [718, 3300], [718, 3498], [258, 3498]], "%'화-살숨일", 0.00893587017056514), ([[1088, 3447], [1454, 3447], [1454, 3546], [1088, 3546]], '다른 사람이', 0.9930024092478075), ([[1505, 3334], [1879, 3334], [1879, 3535], [1505, 3535]], '발정훨어제', 0.008049474246678215), ([[246, 3454], [707, 3454], [707, 3648], [246, 3648]], '민몰록`없어', 0.006620421648373031), ([[1100, 3515], [1446, 3515], [1446, 3617], [1100, 3617]], '발견햇으면', 0.9695218049800267), ([[1120, 3569], [1167, 3569], [1167, 3609], [1120, 3609]], '근', 0.34906519053891216), ([[1074, 3592], [1484, 3592], [1484, 3696], [1074, 3696]], '어절 셈이야?', 0.9159484849069968), ([[2600, 3659], [2898, 3659], [2898, 3834], [2600, 3834]], '바보', 0.9598556495647347), ([[2671, 3820], [2857, 3820], [2857, 3909], [2671, 3909]], '아냐?', 0.9995688894235015)]
[([[1738, 735], [2021, 735], [2021, 838], [1738, 838]], '도박이야', 0.9986518621444702), ([[315, 1009], [744, 1009], [744, 1108], [315, 1108]], '이게 마키장의', 0.6563732718096337), ([[451, 1093], [731, 1093], [731, 1186], [451, 1186]], '들어가서', 0.9996341117393716), ([[289, 1081], [473, 1081], [473, 1277], [289, 1277]], '손@', 0.2116449769805311), ([[455, 1168], [739, 1168], [739, 1261], [455, 1261]], '와준다면', 0.9223842024803162), ([[1810, 2658], [2096, 2658], [2096, 2761], [1810, 2761]], '와준다면', 0.878917932510376), ([[2799, 3464], [2932, 3464], [2932, 3544], [2799, 3544]], '저기', 0.9999565890220194), ([[2750, 3535], [2951, 3535], [2951, 3624], [2750, 3624]], '니고장', 0.8559640642459893), ([[737, 3581], [847, 3581], [847, 3657], [737, 3657]], '에?', 0.9995326234463802), ([[2518, 3874], [2657, 3874], [2657, 3953], [2518, 3953]], '얘긴', 0.9105510441728365), ([[2491, 3934], [2687, 3934], [2687, 4030], [2491, 4030]], '나중에', 0.9609590598901963), ([[2525, 4009], [2665, 4009], [2665, 4085], [2525, 4085]], '하지', 0.9997952567494882), ([[2479, 4072], [2711, 4072], [2711, 4165], [2479, 4165]], '않울래?', 0.5049189925193787)]
[([[617, 801], [928, 801], [928, 894], [617, 894]], '그것보다 .', 0.5918835159654361), ([[518, 875], [985, 875], [985, 977], [518, 977]], '만지고 싶은데:.', 0.747013386089553), ([[1790, 3734], [1863, 3734], [1863, 3810], [1790, 3810]], '잠:', 0.997853967495836), ([[320, 3981], [363, 3981], [363, 4036], [320, 4036]], '옷', 0.4612590327572583), ([[1434, 4137], [1583, 4137], [1583, 4204], [1434, 4204]], '잠깐만', 0.9999322071751917)]
[([[519, 419], [704, 419], [704, 512], [519, 512]], '(마기장', 0.4234424829483032), ([[652, 928], [811, 928], [811, 1168], [652, 1168]], '둑', 0.026029388162795764), ([[371, 1130], [470, 1130], [470, 1315], [371, 1315]], '(', 0.866096101685855), ([[2688, 1208], [2754, 1208], [2754, 1300], [2688, 1300]], '음', 0.21366494565505523), ([[2307, 2825], [2429, 2825], [2429, 2951], [2307, 2951]], '방로', 0.15167294064910514), ([[2821, 3617], [2978, 3617], [2978, 3710], [2821, 3710]], '결혼', 0.9999109870163315), ([[2760, 3691], [3035, 3691], [3035, 3790], [2760, 3790]], '한 거야?', 0.9978549231250783), ([[891.4748195407873, 841.0172570199674], [954.4031917481179, 830.1240205105642], [983.5251804592127, 1008.9827429800326], [920.5968082518821, 1019.8759794894358]], '$', 0.012748397778304332)]
[([[1609, 700], [1733, 700], [1733, 779], [1609, 779]], '미안', 0.9996820589806366), ([[459, 820], [794, 820], [794, 899], [459, 899]], '나:   다음달에', 0.47393912640763625), ([[522, 879], [701, 879], [701, 964], [522, 964]], '결혼할', 0.8112739070976506), ([[470, 943], [758, 943], [758, 1028], [470, 1028]], '예정이없어', 0.9799429545143505), ([[995, 1029], [1141, 1029], [1141, 1115], [995, 1115]], '이건', 0.9903637130960231), ([[925, 1094], [1215, 1094], [1215, 1205], [925, 1205]], '약혼반지', 0.9914119243621826), ([[1450, 2096], [1817, 2096], [1817, 2185], [1450, 2185]], '여기에 오기', 0.9278773715093213), ([[1411, 2178], [1852, 2178], [1852, 2280], [1411, 2280]], '전까지논 말야', 0.6401824723153251), ([[628, 3419], [926, 3419], [926, 3548], [628, 3548]], '잠깐만', 0.9999701297860799), ([[1776, 3512], [2017, 3512], [2017, 3612], [1776, 3612]], '빼는 걸', 0.4394341113498455), ([[1718, 3589], [2089, 3589], [2089, 3697], [1718, 3697]], '잊어서 미안', 0.9988875711793093)]
[([[564, 651], [813, 651], [813, 730], [564, 730]], '지금 와서', 0.9904528210712553), ([[2606, 660], [2821, 660], [2821, 759], [2606, 759]], '정말로', 0.9999821053874435), ([[643, 718], [745, 718], [745, 798], [643, 798]], '월?', 0.9648519278302885), ([[2595, 739], [2847, 739], [2847, 838], [2595, 838]], '괜찮아?', 0.999094545841217), ([[1747, 1405], [1892, 1405], [1892, 1494], [1747, 1494]], '이미', 0.9999918235211795), ([[1828, 1388], [2202, 1388], [2202, 1586], [1828, 1586]], '민속철월올', 0.01854814037082787), ([[1797, 1546], [2168, 1546], [2168, 1654], [1797, 1654]], '상처 입없어', 0.9503580611082605), ([[409, 2085], [773, 2085], [773, 2178], [409, 2178]], '그게 아니면', 0.999528759333673), ([[442, 2151], [725, 2151], [725, 2254], [442, 2254]], '니코장은', 0.51238614320755), ([[2866, 3167], [3075, 3167], [3075, 3259], [2866, 3259]], '두려운', 0.9989948710493425), ([[2889, 3249], [3072, 3249], [3072, 3338], [2889, 3338]], '거야?', 0.9567290544509888), ([[1161, 3700], [1438, 3700], [1438, 3785], [1161, 3785]], '니시키노', 0.9337420463562012), ([[1187, 3762], [1468, 3762], [1468, 3874], [1187, 3874]], '합병원의', 0.5446838736534119), ([[1187, 3918], [1400, 3918], [1400, 4007], [1187, 4007]], '말이야', 0.9997024044046311), ([[1137.9817815290335, 3749.024699498091], [1493.3012211599173, 3819.627810556568], [1449.0182184709665, 3996.975300501909], [1093.6987788400827, 3925.372189443432]], '효통물해지', 0.003887460616789118)]
[([[2714, 652], [2862, 652], [2862, 751], [2714, 751]], '소길', 0.8424410953793365), ([[2775, 732], [2958, 732], [2958, 818], [2775, 818]], '거야?', 0.9997152054510113), ([[2379, 1245], [2705, 1245], [2705, 1353], [2379, 1353]], '초 한이퍼', 0.7083383488682325), ([[2123, 1225], [2713, 1225], [2713, 1527], [2123, 1527]], '기골-출한이다', 0.0064190797162173826), ([[2178, 1405], [2264, 1405], [2264, 1501], [2178, 1501]], '톤', 0.54047888259419), ([[2620, 1634], [2899, 1634], [2899, 2183], [2620, 2183]], '흥', 0.12521360283044292), ([[2610, 2385], [2973, 2385], [2973, 2478], [2610, 2478]], '죄금 부자인', 0.903360386686797), ([[1017, 2440], [1251, 2440], [1251, 2542], [1017, 2542]], '모두록', 0.4604426498239231), ([[1855, 2437], [2095, 2437], [2095, 2625], [1855, 2625]], '알복증', 0.04275198254941605), ([[2608, 2462], [2983, 2462], [2983, 2570], [2608, 2570]], '것 분이잡아', 0.7672645418367026), ([[914, 2518], [1391, 2518], [1391, 2630], [914, 2630]], '행복하게 하는', 0.8410019827455981), ([[1036, 2602], [1209, 2602], [1209, 2700], [1036, 2700]], '아이:', 0.9970602159012608), ([[1570, 2610], [1775, 2610], [1775, 2703], [1570, 2703]], '니코는', 0.4162684062066755), ([[2198, 2562], [2522, 2562], [2522, 2683], [2198, 2683]], '꼴 리가', 0.8222762452754395), ([[287, 2596], [689, 2596], [689, 2807], [287, 2807]], '아이룩럽밤', 0.00950766329635765), ([[608, 2686], [852, 2686], [852, 2802], [608, 2802]], '약속올', 0.8874902532930858), ([[1600, 2689], [1753, 2689], [1753, 2778], [1600, 2778]], '말야', 0.9866613566732559), ([[2190, 2667], [2552, 2667], [2552, 2792], [2190, 2792]], '없다고!!', 0.867272475751849), ([[238, 2773], [929, 2773], [929, 2885], [238, 2885]], '깨지 않듣다는 거지?', 0.7748394700701198), ([[2854.313476977721, 515.0130968162977], [3049.307431057535, 697.0550196978472], [2943.686523022279, 812.9869031837023], [2748.692568942465, 630.9449803021528]], '잇다', 0.04970552269586518)]
[([[2937, 582], [3090, 582], [3090, 675], [2937, 675]], '빨리', 0.9999883674896276), ([[2880, 653], [3182, 653], [3182, 755], [2880, 755]], '손 내밀어', 0.9418315479386675), ([[1638, 748], [1851, 748], [1851, 837], [1638, 837]], '니코가', 0.9583594477747236), ([[2952, 732], [3120, 732], [3120, 818], [2952, 818]], '화 화', 0.7591947913169861), ([[1694, 740], [2009, 740], [2009, 924], [1694, 924]], '콤출#지', 0.1188281700015068), ([[1309, 1091], [1628, 1091], [1628, 1191], [1309, 1191]], '*일런탁생', 0.8309701361592783), ([[1405, 1176], [1554, 1176], [1554, 1261], [1405, 1261]], '이야', 0.9999674627879904), ([[1849, 1334], [1929, 1334], [1929, 1437], [1849, 1437]], '터', 0.5045844725590456), ([[1251, 4538], [1520, 4538], [1520, 4623], [1251, 4623]], '*일런탁생', 0.8431032764907354), ([[1550, 4530], [2581, 4530], [2581, 4627], [1550, 4627]], '잘잘못에 불구하고 행동 및 운명올 같이합', 0.45769443082142075), ([[1555, 4609], [2568, 4609], [2568, 4694], [1555, 4694]], '즉 중문실든 항상 같이 한다는 정도의 뜻.', 0.4567305740776358)]
[([[374, 1636], [448, 1636], [448, 1702], [374, 1702]], '에', 0.9992606814754232), ([[2647, 1682], [2825, 1682], [2825, 1780], [2647, 1780]], '니 .', 0.38493114913888876), ([[2560, 1782], [2844, 1782], [2844, 1898], [2560, 1898]], '니코로', 0.6963456779658991), ([[2119, 1874], [2350, 1874], [2350, 1964], [2119, 1964]], '괜찮아?', 0.999447762966156)]
[([[1697, 814], [2017, 814], [2017, 913], [1697, 913]], '초 하이퍼', 0.7063780555916429), ([[1707, 888], [2022, 888], [2022, 996], [1707, 996]], '액탤런트', 0.536803126335144), ([[1602, 975], [2153, 975], [2153, 1083], [1602, 1083]], '톤 아이돌이잡아', 0.6929524281457834), ([[2337, 1406], [2537, 1406], [2537, 1527], [2337, 1527]], '뭐야', 0.6786634438597524), ([[537, 3285], [882, 3285], [882, 3443], [537, 3443]], '독차지', 0.9674045150517486), ([[483, 3417], [729, 3417], [729, 3561], [483, 3561]], '하러-', 0.4740635902369918)]
[([[2686, 2821], [3041, 2821], [3041, 2992], [2686, 2992]], '독차제', 0.4757505469690437), ([[2732, 2961], [2976, 2961], [2976, 3119], [2732, 3119]], '하러', 0.6025142484090802), ([[2740, 3085], [2991, 3085], [2991, 3250], [2740, 3250]], '앞어', 0.07062624301280318)]
[([[653, 769], [1052, 769], [1052, 871], [653, 871]], '독차지 하러', 0.9507074311462785), ([[599, 862], [1094, 862], [1094, 974], [599, 974]], '온다고 말한 건', 0.8970304799258559), ([[720, 961], [1022, 961], [1022, 1059], [720, 1059]], '니코인데', 0.753577470779419), ([[433, 1800], [543, 1800], [543, 1872], [433, 1872]], '시::', 0.6107181745224127), ([[376, 1867], [649, 1867], [649, 1960], [376, 1960]], '시끄럽네', 0.5433940291404724), ([[2202, 1958], [2342, 1958], [2342, 2034], [2202, 2034]], '후에:', 0.8415831845719739), ([[408, 3323], [669, 3323], [669, 3422], [408, 3422]], '할 리가', 0.9507494133676591), ([[419, 3409], [658, 3409], [658, 3517], [419, 3517]], '없잡아', 0.8649575108357335), ([[2425, 3645], [2615, 3645], [2615, 3761], [2425, 3761]], '이제', 0.9997375195182018), ([[2236, 3753], [2857, 3753], [2857, 3882], [2236, 3882]], '뒤돌아 볼 수는', 0.44726694739524414), ([[872, 3911], [1504, 3911], [1504, 4036], [872, 4036]], '나중에 후회해도', 0.8298611916540308), ([[2397, 3866], [2684, 3866], [2684, 3995], [2397, 3995]], '없다고', 0.9998634514264995), ([[956, 4021], [1426, 4021], [1426, 4148], [956, 4148]], '늦올 거라고', 0.613263315146662), ([[1902, 3851], [2109, 3851], [2109, 4205], [1902, 4205]], '\'"', 0.10516904822968105)]
[([[2766, 546], [2845, 546], [2845, 629], [2766, 629]], '더', 0.9999529128849396), ([[2680, 622], [2935, 622], [2935, 730], [2680, 730]], '후회 같', 0.6745513311828712), ([[2843, 533], [3027, 533], [3027, 739], [2843, 739]], '일상', 0.8673906762800847), ([[3013, 627], [3102, 627], [3102, 724], [3013, 724]], '건', 0.9997296516058327), ([[2657, 708], [3137, 708], [3137, 820], [2657, 820]], '하고싶지 않아', 0.9930436156424777), ([[410, 872], [531, 872], [531, 945], [410, 945]], '마퀴', 0.5539282378446118), ([[408, 945], [500, 945], [500, 1007], [408, 1007]], '짜 .', 0.8353789680198548), ([[388, 2653], [468, 2653], [468, 2774], [388, 2774]], '후', 0.9998197636762143), ([[1322, 3460], [1652, 3460], [1652, 3549], [1322, 3549]], '목소리가:', 0.680301397559976), ([[1336, 3537], [1645, 3537], [1645, 3640], [1336, 3640]], '기분 좋아', 0.9633019942849284), ([[2067, 3494], [2196, 3494], [2196, 3683], [2067, 3683]], '닭기', 0.06255266274991292), ([[1913, 4001], [2053, 4001], [2053, 4074], [1913, 4074]], '키짜:', 0.9538509727001571), ([[254, 4066], [377, 4066], [377, 4140], [254, 4140]], '저기', 0.9999821297829987), ([[226, 4122], [407, 4122], [407, 4201], [226, 4201]], '말이야', 0.9996670295842062), ([[1683, 4048], [1812, 4048], [1812, 4276], [1683, 4276]], '3', 0.0181971144673041), ([[2369.2057467613226, 4231.107698118978], [2456.674991225171, 4161.015194801202], [2582.7942532386774, 4343.892301881022], [2496.325008774829, 4412.984805198798]], '표', 0.4510059487438447)]
[([[1117, 348], [1482, 348], [1482, 449], [1117, 449]], '그야 바닥은', 0.8289422199103734), ([[666, 464], [744, 464], [744, 550], [666, 550]], '깔', 0.997749285167604), ([[668, 385], [1029, 385], [1029, 565], [668, 565]], '필다철방로', 0.03269571422629557), ([[883, 398], [1013, 398], [1013, 476], [883, 476]], '바로', 0.9999730261235074), ([[1188, 420], [1410, 420], [1410, 518], [1188, 518]], '차갑고', 0.9971337617258954), ([[748, 528], [953, 528], [953, 618], [748, 618]], '말이야', 0.9986540319875488), ([[1163, 494], [1446, 494], [1446, 594], [1163, 594]], '아프잡아', 0.9865921139717102), ([[202, 584], [337, 584], [337, 672], [202, 672]], '우옷', 0.36311251621911494), ([[2728, 629], [3025, 629], [3025, 720], [2728, 720]], '이불 깔지', 0.9972266740752241), ([[2761, 695], [3026, 695], [3026, 809], [2761, 809]], '않플래?', 0.3842366337776184), ([[1538, 2052], [1616, 2052], [1616, 2127], [1538, 2127]], '무', 0.9999911785320279), ([[361, 2122], [494, 2122], [494, 2200], [361, 2200]], '딱히', 0.9981725806184694), ([[1432, 2123], [1497, 2123], [1497, 2199], [1432, 2199]], '월', 0.8307218141292196), ([[1493, 2103], [1730, 2103], [1730, 2275], [1493, 2275]], '정육하', 0.2482047489515138), ([[392, 2193], [460, 2193], [460, 2277], [392, 2277]], '유', 0.9993603060777936), ([[1379, 2169], [1579, 2169], [1579, 2270], [1379, 2270]], '부리논', 0.4125878210078837), ([[329, 2329], [405, 2329], [405, 2398], [329, 2398]], '건', 0.9995985434127306), ([[320, 2179], [548, 2179], [548, 2419], [320, 2419]], '훌흡륙', 0.005364404059120745), ([[351, 2385], [504, 2385], [504, 2481], [351, 2481]], "'거튼", 0.35960446001570107), ([[931, 2972], [1267, 2972], [1267, 3050], [931, 3050]], '저리 비켜화', 0.9257661771993777), ([[867, 3030], [1287, 3030], [1287, 3128], [867, 3128]], '이불 깔 거니까', 0.9922351510389854), ([[2697, 2998], [3027, 2998], [3027, 3199], [2697, 3199]], '곧음딴로', 0.026696892455220222), ([[2732, 3144], [2786, 3144], [2786, 3183], [2732, 3183]], '도', 0.12128653279585766), ([[2671, 3174], [3049, 3174], [3049, 3284], [2671, 3284]], '싶엇으니까', 0.4170053873454664), ([[353, 3948], [440, 3948], [440, 4047], [353, 4047]], '옛', 0.9962474806757768), ([[345, 4191], [433, 4191], [433, 4290], [345, 4290]], '앗', 0.36567149616917405), ([[1539.0536126860477, 435.0344937988527], [1632.8576017152852, 415.5855362980824], [1664.9463873139523, 597.9655062011474], [1570.1423982847148, 617.4144637019176]], '뭐', 0.9971101926135226)]
[([[2308, 565], [2378, 565], [2378, 628], [2308, 628]], '에', 0.9986738789668834), ([[2720, 567], [2869, 567], [2869, 656], [2720, 656]], '까는', 0.5596762547365114), ([[979, 638], [1390, 638], [1390, 740], [979, 740]], '부: 분위기의', 0.45170485002092564), ([[2685, 556], [2988, 556], [2988, 751], [2685, 751]], '아늘하권', 0.02626899443566799), ([[1082, 710], [1314, 710], [1314, 803], [1082, 803]], '분 자도', 0.9304846749822298), ([[2234, 713], [2284, 713], [2284, 785], [2234, 785]], '응', 0.9991755993233689), ([[2753, 717], [2944, 717], [2944, 810], [2753, 810]], '맺지?', 0.4048514684127279), ([[1022, 789], [1306, 789], [1306, 882], [1022, 882]], '파악못해', 0.9900534152984619), ([[1739, 1007], [2087, 1007], [2087, 1100], [1739, 1100]], '아. 테이블', 0.6943399753133895), ([[1802, 1081], [2021, 1081], [2021, 1183], [1802, 1183]], '치울게', 0.7920884259446547), ([[1461, 1581], [1671, 1581], [1671, 1671], [1461, 1671]], '고마위', 0.7962053660036474), ([[285, 1649], [431, 1649], [431, 1734], [285, 1734]], '저기', 0.7243300965667372), ([[255, 1724], [472, 1724], [472, 1829], [255, 1829]], '니고장', 0.3395034719371354), ([[474, 2360], [595, 2360], [595, 2440], [474, 2440]], '하?', 0.9997906208773405), ([[2637, 2321], [2786, 2321], [2786, 2411], [2637, 2411]], '괜지', 0.0747961066405517), ([[458, 2430], [608, 2430], [608, 2519], [458, 2519]], '이불', 0.9999144429695523), ([[2538, 2399], [2945, 2399], [2945, 2502], [2538, 2502]], "4' $의 합숙", 0.19355704803103593), ([[428, 2505], [675, 2505], [675, 2595], [428, 2595]], '만으로?', 0.9988464117050171), ([[2511, 2480], [2988, 2480], [2988, 2596], [2511, 2596]], '때가 생각낫어', 0.7373271822847144), ([[385, 3074], [493, 3074], [493, 3190], [385, 3190]], '헤', 0.06297197299545942), ([[2825, 3227], [2970, 3227], [2970, 3312], [2825, 3312]], '그래', 0.9999908119993876), ([[685, 3340], [997, 3340], [997, 3420], [685, 3420]], '아버지에게', 0.9185423660875419), ([[715, 3408], [960, 3408], [960, 3488], [715, 3488]], '부탁해서', 0.9330726098166101), ([[1104, 3377], [1385, 3377], [1385, 3470], [1104, 3470]], '그렇게나', 0.7816569047119003), ([[717, 3475], [953, 3475], [953, 3560], [717, 3560]], '산 거야!', 0.9041596622056179), ([[1120, 3450], [1343, 3450], [1343, 3549], [1120, 3549]], '이불이', 0.9988553818291207), ([[1065, 3521], [1421, 3521], [1421, 3630], [1065, 3630]], "'있엎든데!기", 0.12165838176588219), ([[2472, 3550], [2688, 3550], [2688, 3639], [2472, 3639]], '말이야', 0.9998101128185221), ([[2306, 3542], [2603, 3542], [2603, 3722], [2306, 3722]], '이날말9', 0.15811876952648163), ([[2363, 3692], [2595, 3692], [2595, 3782], [2363, 3782]], '그 때가', 0.69184375340186), ([[2578, 3600], [2785, 3600], [2785, 3807], [2578, 3807]], "'작권", 0.2051068897520601), ([[2292, 3757], [2799, 3757], [2799, 3871], [2292, 3871]], '이엇으니까 말야', 0.5091210791443616), ([[2055, 4140], [2293, 4140], [2293, 4269], [2055, 4269]], '에!?', 0.9801228046417236), ([[372.1087204002368, 3209.026502723978], [489.08558616980474, 3196.2899438013596], [506.8912795997632, 3406.973497276022], [389.91441383019526, 3419.7100561986404]], '행', 0.3362872204907177)]
[([[381, 633], [459, 633], [459, 696], [381, 696]], '마', 0.9996681488737522), ([[316, 699], [536, 699], [536, 788], [316, 788]], '마키짜', 0.8634808991648376), ([[2053, 652], [2330, 652], [2330, 755], [2053, 755]], '니고장은', 0.4979217052459717), ([[2001, 728], [2366, 728], [2366, 830], [2001, 830]], '정말 하나도', 0.9945541378905968), ([[2001, 803], [2374, 803], [2374, 905], [2001, 905]], '안 변쟁구나', 0.5484061637981132), ([[1826, 1229], [2117, 1229], [2117, 1354], [1826, 1354]], '귀여워', 0.9857613444328308), ([[2711, 3012], [2930, 3012], [2930, 3121], [2711, 3121]], '니코장', 0.4517584575821735), ([[2415, 3152], [2647, 3152], [2647, 3241], [2415, 3241]], '자 이불', 0.9868318948512596)]
[([[1314, 664], [1596, 664], [1596, 766], [1314, 766]], '병원에서', 0.998832643032074), ([[225, 2126], [548, 2126], [548, 2313], [225, 2313]], '망점다적', 0.12405968457460403), ([[1940, 3198], [2292, 3198], [2292, 3306], [1940, 3306]], '말해줄래?', 0.8881298296135869), ([[1982, 3274], [2224, 3274], [2224, 3388], [1982, 3388]], '니코장', 0.5400732047815587), ([[482, 3998], [554, 3998], [554, 4077], [482, 4077]], '햇', 0.05302213788147747), ([[2866, 4079], [2955, 4079], [2955, 4165], [2866, 4165]], '하', 0.9928462160559235), ([[2862, 4143], [2996, 4143], [2996, 4236], [2862, 4236]], '무슨', 0.9997769661632343), ([[2601, 4318], [2837, 4318], [2837, 4426], [2601, 4426]], '말해쥐', 0.9086965639859296)]
[([[295, 618], [456, 618], [456, 798], [295, 798]], '나용', 0.6058871759162835), ([[2381, 702], [2527, 702], [2527, 795], [2381, 795]], '기분', 0.996761541190847), ([[2307, 767], [2481, 767], [2481, 945], [2307, 945]], '종다:', 0.07494852576909132), ([[2787, 2389], [2996, 2389], [2996, 2478], [2787, 2478]], '나에게', 0.9541681098739758), ([[2798, 2453], [2951, 2453], [2951, 2538], [2798, 2538]], '계속', 0.9999664512734159), ([[2757, 2520], [3034, 2520], [3034, 2613], [2757, 2613]], '만처지고', 0.9588214159011841), ([[2765, 2596], [3033, 2596], [3033, 2709], [2765, 2709]], '싶없어?', 0.9849870800971985), ([[372, 2663], [461, 2663], [461, 2824], [372, 2824]], '응', 0.9952967761842615), ([[1235, 2651], [1333, 2651], [1333, 2915], [1235, 2915]], '}', 0.10469599116025652), ([[2640, 2873], [2780, 2873], [2780, 2971], [2640, 2971]], '흐옷', 0.1338085676494629), ([[392, 3810], [505, 3810], [505, 3889], [392, 3889]], '으응', 0.999642444862685), ([[1059, 3482], [1351, 3482], [1351, 4012], [1059, 4012]], '하0', 0.007345360364235942), ([[2115, 4079], [2313, 4079], [2313, 4168], [2115, 4168]], '매일밤', 0.9989677574988125), ([[2070, 4154], [2358, 4154], [2358, 4244], [2070, 4244]], '생각햇어?', 0.36705167917197457)]
[([[2982, 267], [3068, 267], [3068, 363], [2982, 363]], '앗', 0.34215363721978065), ([[3049, 461], [3200, 461], [3200, 770], [3049, 770]], '꼴', 0.008353853305003378), ([[1797, 1635], [1951, 1635], [1951, 1715], [1797, 1715]], '안돼? ', 0.8199765086174011), ([[799, 1749], [1022, 1749], [1022, 1848], [799, 1848]], '(하으위', 0.771293580532074), ([[1515, 1733], [1587, 1733], [1587, 1880], [1515, 1880]], '햇', 0.09924884476846785), ([[2694, 1819], [2819, 1819], [2819, 1891], [2694, 1891]], '안되', 0.3148003428315633), ([[779, 2251], [851, 2251], [851, 2394], [779, 2394]], '할', 0.19191584709479148), ([[725, 2415], [814, 2415], [814, 2553], [725, 2553]], '항', 0.5080141170468302), ([[1215, 2671], [1328, 2671], [1328, 3056], [1215, 3056]], '{', 0.39802604258781926), ([[2308, 2965], [2473, 2965], [2473, 3254], [2308, 3254]], '통', 0.01545136686848908), ([[1939, 3340], [2117, 3340], [2117, 3420], [1939, 3420]], '마기장', 0.29130423155246826), ([[1661, 3415], [1861, 3415], [1861, 3488], [1661, 3488]], '마키짜:', 0.589160144329071), ([[2986, 3388], [3121, 3388], [3121, 3635], [2986, 3635]], '3', 0.3544079442053807), ([[233, 3538], [318, 3538], [318, 3751], [233, 3751]], '호', 0.1991593236801572), ([[1458, 3645], [1692, 3645], [1692, 3724], [1458, 3724]], "'마키짜앙", 0.39772062793970075), ([[510, 3853], [658, 3853], [658, 4098], [510, 4098]], '5', 0.7827986092736552), ([[197, 4085], [339, 4085], [339, 4151], [197, 4151]], '마퀴장', 0.7490501822358068), ([[1133, 4066], [1248, 4066], [1248, 4133], [1133, 4133]], '마키', 0.7440840388267949), ([[1129, 4127], [1259, 4127], [1259, 4204], [1129, 4204]], '짜아', 0.9969473215750995), ([[2670, 4165], [2816, 4165], [2816, 4300], [2670, 4300]], '아', 0.9997661250498737), ([[2749.1464477920326, 2252.0151829561228], [2926.3195861456093, 2235.883370191764], [2951.8535522079674, 2580.9848170438772], [2773.6804138543907, 2598.116629808236]], '생', 0.015144492321725933)]
[([[1517, 198], [1566, 198], [1566, 259], [1517, 259]], '8', 0.6127005648807113), ([[788, 348], [939, 348], [939, 496], [788, 496]], '[따켓', 0.26126676209571703), ([[2952, 368], [3045, 368], [3045, 517], [2952, 517]], '8', 0.9315573208169923), ([[515, 672], [604, 672], [604, 863], [515, 863]], '홍', 0.20017025669312716), ([[2805, 735], [2870, 735], [2870, 789], [2805, 789]], '마', 0.4503655906897837), ([[2790, 769], [2934, 769], [2934, 928], [2790, 928]], '따맛', 0.1370460547290672), ([[578, 1205], [635, 1205], [635, 1266], [578, 1266]], '그', 0.5716184381302725), ([[2354, 1599], [2431, 1599], [2431, 1729], [2354, 1729]], '하', 0.9987459540505803), ([[2883, 1557], [3040, 1557], [3040, 1718], [2883, 1718]], '하', 0.9988325667237063), ([[576, 1744], [753, 1744], [753, 1824], [576, 1824]], '니고장', 0.864287196044006), ([[2774, 1693], [3039, 1693], [3039, 1890], [2774, 1890]], '하양', 0.3192258374481271), ([[614, 2631], [925, 2631], [925, 2739], [614, 2739]], '마키짜앙', 0.6734442710876465), ([[2539, 2644], [2929, 2644], [2929, 2737], [2539, 2737]], '그 때와 같이', 0.8898431297706813), ([[2515, 2711], [2911, 2711], [2911, 2821], [2515, 2821]], '좀 더 불러쥐-', 0.8470976879519256), ([[2411, 3556], [2483, 3556], [2483, 3610], [2411, 3610]], '마', 0.9992845146604488), ([[2355, 3610], [2508, 3610], [2508, 3703], [2355, 3703]], '[키짜', 0.9661885134114228), ([[325, 3972], [632, 3972], [632, 4080], [325, 4080]], '쌓여가는', 0.5924668312072754), ([[356, 4045], [604, 4045], [604, 4160], [356, 4160]], '매일에', 0.9894776931744859), ([[1955, 4071], [2142, 4071], [2142, 4155], [1955, 4155]], '마키짜', 0.7698633505949937), ([[140, 4283], [220, 4283], [220, 4438], [140, 4438]], '햇', 0.05473807771876693), ([[1046, 4273], [1357, 4273], [1357, 4381], [1046, 4381]], '마키짜앙', 0.7099116444587708), ([[1462, 4385], [1538, 4385], [1538, 4464], [1462, 4464]], '하', 0.9997279829020869), ([[1458, 4452], [1538, 4452], [1538, 4532], [1458, 4532]], '아', 0.9989656501842923), ([[400.9328167443059, 901.0475475362265], [479.64770309618, 865.0174927206699], [550.0671832556941, 1036.9524524637736], [471.35229690382, 1073.98250727933]], '허', 0.010642879010110073), ([[1182.0809341963777, 981.0301997849429], [1272.5464582443649, 929.0106689442573], [1391.9190658036223, 1160.9698002150571], [1301.4535417556351, 1212.9893310557427]], '출', 0.16157192577357282), ([[536.3568152745605, 962.0137958972607], [648.591950366387, 951.7201543484308], [669.6431847254395, 1224.9862041027393], [557.408049633613, 1235.279845651569]], '$', 0.0971377463700982)]
[([[2644, 578], [2921, 578], [2921, 671], [2644, 671]], '문혀버린', 0.5437147617340088), ([[605, 669], [780, 669], [780, 769], [605, 769]], '좀더', 0.986240141576285), ([[2678, 657], [2891, 657], [2891, 750], [2678, 750]], '조각들', 0.9273188710212708), ([[417, 791], [652, 791], [652, 892], [417, 892]], '좀더::', 0.6625176668167114), ([[2719, 1719], [3061, 1719], [3061, 1822], [2719, 1822]], '지금까지의', 0.9651599201732031), ([[2794, 1791], [3009, 1791], [3009, 1893], [2794, 1893]], '시간올', 0.36072986898667764), ([[2707, 1873], [3076, 1873], [3076, 1976], [2707, 1976]], '되갚올 만큼', 0.62086870834877), ([[2255, 1913], [2334, 1913], [2334, 2079], [2255, 2079]], '볼', 0.3294353572257478), ([[2577, 2010], [2767, 2010], [2767, 2099], [2577, 2099]], '해쥐?', 0.7345205545425415), ([[2152, 2070], [2362, 2070], [2362, 2159], [2152, 2159]], '비추펴', 0.2666982362479958), ([[2072, 2471], [2185, 2471], [2185, 2709], [2072, 2709]], '{', 0.01915702340744474), ([[477, 3309], [660, 3309], [660, 3398], [477, 3398]], '마켓::', 0.48197779059410095), ([[466, 3392], [683, 3392], [683, 3481], [466, 3481]], '짜아앙', 0.570541102959061), ([[1075, 3651], [1118, 3651], [1118, 3702], [1075, 3702]], '그', 0.30658326101276145), ([[396, 4345], [685, 4345], [685, 4716], [396, 4716]], '앞', 0.14661567336047288), ([[1149, 4473], [1198, 4473], [1198, 4541], [1149, 4541]], '웃', 0.5957382371789777), ([[2168.307224013217, 1913.024025790323], [2243.0149499205268, 1898.2051045529945], [2276.692775986783, 2076.9759742096767], [2202.9850500794732, 2092.7948954470053]], '털', 0.9805395641969881), ([[1325.9232795412454, 2800.0484029078243], [1395.5235185549307, 2741.011425092087], [1543.0767204587546, 2934.9515970921757], [1472.4764814450693, 2993.988574907913]], '}', 0.3115193721345264), ([[924.1203509616971, 3381.0227735607546], [1035.6579573559086, 3335.0127373565424], [1134.879649038303, 3607.9772264392454], [1023.3420426440914, 3652.9872626434576]], '춤', 0.03894984972157567)]
[([[1594, 1435], [1881, 1435], [1881, 1568], [1594, 1568]], '빛나는', 0.969185517100198)]
[([[401, 1427], [454, 1427], [454, 1498], [401, 1498]], '응', 0.9992437600865891), ([[2840, 1409], [2978, 1409], [2978, 1494], [2840, 1494]], '슬술', 0.42059343074015576), ([[402, 1522], [446, 1522], [446, 1569], [402, 1569]], '6', 0.16887042740454294), ([[406, 1495], [446, 1495], [446, 1535], [406, 1535]], '0', 0.9783627501394996), ([[2753, 1480], [3068, 1480], [3068, 1573], [2753, 1573]], '가져야켓어', 0.3044861043308047), ([[1476, 1938], [1708, 1938], [1708, 2027], [1476, 2027]], '괜찮아?', 0.9975341558456421), ([[2250, 2581], [2523, 2581], [2523, 2666], [2250, 2666]], '사위실 좀', 0.8317522341918), ([[2886, 2615], [2995, 2615], [2995, 2691], [2886, 2691]], '오늘', 0.9999675470808852), ([[2288, 2652], [2482, 2652], [2482, 2741], [2288, 2741]], '빌밀게', 0.2752042301998891), ([[2863, 2679], [3037, 2679], [3037, 2759], [2863, 2759]], '촬영이', 0.9901558639284155), ([[2878, 2716], [2917, 2716], [2917, 2752], [2878, 2752]], '근', 0.9947590535888509), ([[2858, 2744], [3030, 2744], [3030, 2812], [2858, 2812]], '없어서', 0.9999156203950641), ([[2866, 2780], [2917, 2780], [2917, 2816], [2866, 2816]], '벼', 0.04552031355853914), ([[2826, 2811], [3059, 2811], [3059, 2890], [2826, 2890]], '다행이다', 0.9913139939308167), ([[969, 3264], [1167, 3264], [1167, 3350], [969, 3350]], '끝나면', 0.987065939100519), ([[944, 3328], [1204, 3328], [1204, 3425], [944, 3425]], '돌아올게', 0.5976551175117493), ([[2040, 3959], [2193, 3959], [2193, 4060], [2040, 4060]], '일이', 0.989695962303542), ([[524.2450925569341, 822.013573082766], [1054.9921086317088, 974.4243480265528], [996.7549074430659, 1141.986426917234], [466.0078913682911, 990.5756519734472]], '리 [리미', 0.20675582072403506)]
[([[2576, 927], [2885, 927], [2885, 1029], [2576, 1029]], '잘 다녀와', 0.9699859778755556), ([[1459, 3469], [1924, 3469], [1924, 3577], [1459, 3577]], '그건 달디 단', 0.743449366101221), ([[1443, 3554], [1959, 3554], [1959, 3676], [1443, 3676]], '얼음설탕 같은', 0.9533053878060347), ([[1523, 3657], [1860, 3657], [1860, 3769], [1523, 3769]], '키스엿다', 0.4847557544708252), ([[217.59292915159503, 3589.101916831637], [983.7709941308425, 3392.1662701020505], [1059.407070848405, 3869.898083168363], [293.22900586915745, 4066.8337298979495]], '주사', 0.046409567833914575)]
[([[1743, 716], [2645, 716], [2645, 827], [1743, 827]], '안녕하세요 오요시마 토모입니다 .', 0.6971778452766774), ([[1791, 807], [2246, 807], [2246, 909], [1791, 909]], '이번에 [현기증', 0.899142930452654), ([[2245, 781], [2654, 781], [2654, 930], [2245, 930]], '아스테리증올', 0.21855846480646637), ([[1437, 902], [2660, 902], [2660, 1011], [1437, 1011]], '손에 넣어 잃어주서서 진심으로 감사합니다.', 0.5677573603176587), ([[2090, 995], [2650, 995], [2650, 1109], [2090, 1109]], '재핑계 엎으석나요', 0.11741500186189115), ([[1577, 1194], [2137, 1194], [2137, 1292], [1577, 1292]], '이번 책은 사이저런', 0.4360029141774397), ([[2153, 1200], [2457, 1200], [2457, 1277], [2153, 1277]], '씨와 여러', 0.8940969424706595), ([[2466, 1185], [2657, 1185], [2657, 1297], [2466, 1297]], '서클의', 0.9951843208470925), ([[1149, 1285], [1577, 1285], [1577, 1370], [1149, 1370]], '나코마키 시리즈', 0.4243557910907818), ([[1582, 1270], [2684, 1270], [2684, 1395], [1582, 1395]], '합본집 [열음설탕과 머신건_에 기고된', 0.46822745169000307), ([[1542, 1377], [2664, 1377], [2664, 1488], [1542, 1488]], '어른이 된 니코마퀴의 이야기의 속편이자,', 0.4833194322835558), ([[2215, 1468], [2667, 1468], [2667, 1570], [2215, 1570]], '예필로그입니다 .', 0.5390511879833817), ([[1594, 1568], [2675, 1568], [2675, 1684], [1594, 1684]], '석절물모 씨와_여러 근사한 작가 분들과', 0.010491340232783107), ([[1638, 1654], [2678, 1654], [2678, 1777], [1638, 1777]], '전편겪이 된 [열음설탕과 머신트_올', 0.2555658010138197), ([[2117, 1752], [2664, 1752], [2664, 1864], [2117, 1864]], '함께 만들없습니다.', 0.8924014260374765), ([[1373, 1842], [2668, 1842], [2668, 1958], [1373, 1958]], '만약 괜찮으시다면 , 그쪽도 손에 넣어주신다면', 0.4373704396098598), ([[2101, 1905], [2669, 1905], [2669, 2030], [2101, 2030]], "오히려 위별'겁니다.", 0.11230678030035585), ([[1680, 2022], [2695, 2022], [2695, 2151], [1680, 2151]], '다른 작가 분들 것도 굉장히 효화롭고', 0.5245902791733335), ([[1579, 2120], [2683, 2120], [2683, 2236], [1579, 2236]], '실력이 잇는 분들의 작품이 실려있습니다.', 0.6446435266576708), ([[1001, 2210], [2698, 2210], [2698, 2326], [1001, 2326]], '그야말로 가슴이 갈라질 정도의 니코마키름 엎으실 수 있습니다.', 0.22008529457605958), ([[1575, 2413], [1891, 2413], [1891, 2488], [1575, 2488]], '그리고 저의', 0.9997124787256249), ([[1898, 2394], [2680, 2394], [2680, 2515], [1898, 2515]], '작품, 설정은 패러걸이기에', 0.38280712568268077), ([[1176, 2491], [2706, 2491], [2706, 2613], [1176, 2613]], '그다지 좋아하지 양눈 분들도 계층올지도 모르젯습니다만', 0.23368130006617524), ([[1623, 2603], [2264, 2603], [2264, 2696], [1623, 2696]], '이 이야기논 제가 정말', 0.611080594878297), ([[2264, 2591], [2697, 2591], [2697, 2713], [2264, 2713]], '그리고심없지만 ,', 0.8091497057887075), ([[1794, 2684], [2612, 2684], [2612, 2792], [1794, 2792]], '시간이 없어서 그리지 못해서', 0.9576798009072401), ([[1598, 2774], [2687, 2774], [2687, 2886], [1598, 2886]], '뭐 그냥 깔끔히 포기할려고 햇없습니다.', 0.614808688396959), ([[2400, 2877], [2670, 2877], [2670, 2966], [2400, 2966]], '아지-만!', 0.3716869901353417), ([[1266, 2963], [2674, 2963], [2674, 3098], [1266, 3098]], '터성/: 씨로부터 니코마퀴 합동지의 제안을 받아서', 0.04865807042890641), ([[2059, 3051], [2398, 3051], [2398, 3172], [2059, 3172]], "부활(*' 버", 0.6062806392694879), ([[2472, 3065], [2662, 3065], [2662, 3150], [2472, 3150]], '*)!!!!', 0.41052592570192886), ([[1425, 3142], [2668, 3142], [2668, 3254], [1425, 3254]], '덕분에 이렇계 멋진 형태로 이루어젯습니다 .', 0.28566486767598), ([[2096, 3245], [2655, 3245], [2655, 3338], [2096, 3338]], '고마워요 맵성/볕 씨', 0.011335390374304815), ([[1613, 3420], [2657, 3420], [2657, 3536], [1613, 3536]], '그리고 음보다 최후의 최후까지 이렇계', 0.36431311574050657), ([[1330, 3513], [2663, 3513], [2663, 3634], [1330, 3634]], '읽어주신 여러분들예계도 무지무지 감사드럽니다.', 0.3392743886199302), ([[2054, 3609], [2654, 3609], [2654, 3719], [2054, 3719]], '정말로 감사드럽니다.', 0.5083565028594292), ([[872, 3806], [2681, 3806], [2681, 3927], [872, 3927]], '나코마퀴 씨는 이제 완전 그냥 아주 결혼할 수 밖에 없젯네요:!!', 0.17951529698374324), ([[306, 3859], [693, 3859], [693, 4280], [306, 4280]], '앗', 0.04198657944759021), ([[1981, 3980], [2653, 3980], [2653, 4095], [1981, 4095]], '망상은 멈추지 않습니다.', 0.7137795536717038), ([[1124, 4088], [1594, 4088], [1594, 4167], [1124, 4167]], '니코마키 씨가 이', 0.32444247383148433), ([[1609, 4077], [2672, 4077], [2672, 4189], [1609, 4189]], '세계에 와주시지 양눈 한은 말이에요.', 0.3085786770097564), ([[2362, 4174], [2663, 4174], [2663, 4273], [2362, 4273]], '그럼 이만.', 0.7212580831666492), ([[1862, 4622], [2574, 4622], [2574, 4808], [1862, 4808]], '-', 0.0038097716578731206)]
[([[1456, 1753], [2126, 1753], [2126, 1852], [1456, 1852]], '포수7 : 자-뇨-', 0.03629408319392724), ([[1671, 1847], [1912, 1847], [1912, 1946], [1671, 1946]], '{유-', 0.05288462789165174), ([[1349, 1942], [2234, 1942], [2234, 2035], [1349, 2035]], '중통주 타 : 2014/5/18  (*]#방)', 0.02877385335126643), ([[1303, 2126], [2249, 2126], [2249, 2219], [1303, 2219]], '##소 : +0물기물@+0물8-0. (0물', 0.0013767246580855853), ([[1111, 2219], [2474, 2219], [2474, 2323], [1111, 2323]], '[족: : 익++ ://어도실물라+어물0. 108. ,(2. (아물', 1.896698496213505e-05), ([[1521, 2321], [1742, 2321], [1742, 2411], [1521, 2411]], '락검흰', 0.00018854268861411567), ([[1780, 2318], [2061, 2318], [2061, 2403], [1780, 2403]], '3909996', 0.7612228348641399), ([[1394, 2412], [2009, 2412], [2009, 2497], [1394, 2497]], '+무교+@드 : @0하^물8', 0.00012630835837869244), ([[2029, 2424], [2192, 2424], [2192, 2496], [2029, 2496]], '{0물0', 0.11693671345710754), ([[1396, 2595], [2190, 2595], [2190, 2693], [1396, 2693]], '티이 ; + >초 )1-7 #', 0.016162938210154347), ([[1326, 2689], [2256, 2689], [2256, 2782], [1326, 2782]], '##-1 > > : (대*증 #', 0.022276135997629), ([[1421, 2863], [1921, 2863], [1921, 2939], [1421, 2939]], '*#똑#워 . 그냥_', 0.0309227567536048), ([[1947, 2863], [2143, 2863], [2143, 2939], [1947, 2939]], '#굶# ', 0.015261724035453216), ([[1320, 2936], [2251, 2936], [2251, 3002], [1320, 3002]], '초" ]소시07 "7미-} 손*내 *화.', 0.012288927229192483), ([[1241, 2999], [2342, 2999], [2342, 3071], [1241, 3071]], '*다-) > 크> ^버표 * < 숲툼 < 1 단 ) ', 0.027500443263111914), ([[559, 3943], [1105, 3943], [1105, 4451], [559, 4451]], '<', 0.3354487845268892)]
[([[2357, 1358], [2803, 1358], [2803, 1473], [2357, 1473]], '있지 , 마퀴장', 0.4397317809282725), ([[1669, 2025], [2834, 2025], [2834, 2151], [1669, 2151]], '니코가 갖고 싶어하는 건 말이야:.', 0.5338136570302883)]
[([[1444, 32], [1966, 32], [1966, 144], [1444, 144]], '즈- -', 0.14842816277375956), ([[1379, 2352], [1962, 2352], [1962, 2472], [1379, 2472]], '->]톤}?릇 . "@-심"$', 8.87503011939206e-06), ([[202, 2772], [3095, 2772], [3095, 3316], [202, 3316]], ":숲 물7저7' 스", 0.001212068117975819), ([[895, 3580], [1328, 3580], [1328, 3706], [895, 3706]], '답.세시-', 0.0005828942181355367), ([[1376, 3581], [2263, 3581], [2263, 3726], [1376, 3726]], "항-7.:'솜-너.어", 0.00021135594221763376), ([[1214, 4666], [2166, 4666], [2166, 4787], [1214, 4787]], '와 터); # 논 ?99)))', 0.010330224679922362)]
[([[1192, 57], [1358, 57], [1358, 182], [1192, 182]], '여', 0.4319439047055729), ([[1546, 36], [2307, 36], [2307, 282], [1546, 282]], '식자 후기', 0.9954033130658612), ([[433, 279], [2788, 279], [2788, 437], [433, 437]], '이번에도 니코마키 동인지로 찾아핑게 되없네요', 0.2803792654119866), ([[179, 404], [560, 404], [560, 552], [179, 552]], '이 작가', 0.9992219820332824), ([[922, 401], [3217, 401], [3217, 565], [922, 565]], '해도 벌써 3번째 작업인 것 같은데 이번 작품은', 0.7386743034702772), ([[152, 517], [789, 517], [789, 677], [152, 677]], '제 손에 직접', 0.9907784129829265), ([[549, 386], [3349, 386], [3349, 694], [549, 694]], '작출플해동적-이버니-출여앉월-*훈운적훨 작품육요', 0.00116913303596299), ([[91, 717], [2471, 717], [2471, 890], [91, 890]], '어른이 된 니코마키의 얘기틀 다루고 있습니다만', 0.5047081393965782), ([[2522, 726], [3378, 726], [3378, 884], [2522, 884]], '이 작품의 전작인', 0.9912263379552937), ([[50, 842], [3354, 842], [3354, 1019], [50, 1019]], '합동지 "얼음설탕과 머신건"의 뒷부분올 보여주고 있는 작품입니다.', 0.39368146220263933), ([[90, 961], [698, 961], [698, 1280], [90, 1280]], '열울철뒷묶-', 0.007471604759424222), ([[1151, 982], [2432, 982], [2432, 1139], [1151, 1139]], '이상하게 부분부분 번역원', 0.7081905195479818), ([[2425, 963], [3308, 963], [3308, 1278], [2425, 1278]], '결하업버보전서', 0.003508012399483627), ([[543, 1091], [810, 1091], [810, 1376], [543, 1376]], "'현식", 0.7156920730834255), ([[651, 948], [1214, 948], [1214, 1413], [651, 1413]], "'골히출증", 0.0007761429378044105), ([[1136, 1100], [2473, 1100], [2473, 1260], [1136, 1260]], '캠본이 나온 건 못 빛네요 :', 0.1596967382193505), ([[2605, 1102], [3194, 1102], [3194, 1260], [2605, 1260]], '아쉽습니다:', 0.8137479619987609), ([[128, 1229], [250, 1229], [250, 1373], [128, 1373]], '얼', 0.867781119906855), ([[213, 1205], [951, 1205], [951, 1529], [213, 1529]], "'흙춧탕못직로", 0.002713335707632659), ([[1184, 1204], [2604, 1204], [2604, 1504], [1184, 1504]], '학숫 류르러오해년-규월', 0.0002598547081215877), ([[2589, 1207], [3330, 1207], [3330, 1508], [2589, 1508]], '대용일주금씩', 0.07029748776668757), ([[647, 1331], [907, 1331], [907, 1613], [647, 1613]], '[늘제', 0.017796600856573443), ([[810, 1340], [1161, 1340], [1161, 1488], [810, 1488]], '편인데', 0.9885989199535872), ([[1489, 1338], [1943, 1338], [1943, 1487], [1489, 1487]], '따로따로', 0.9918016471165132), ([[1942, 1326], [2322, 1326], [2322, 1618], [1942, 1618]], "'뵈옆뭐", 0.01489368174225092), ([[2316, 1344], [2697, 1344], [2697, 1495], [2316, 1495]], '게 못내', 0.848101950390472), ([[2930, 1345], [3192, 1345], [3192, 1483], [2930, 1483]], '네요', 0.9975429651271959), ([[198, 1460], [650, 1460], [650, 1612], [198, 1612]], '뭐 . 가장', 0.8248742692334025), ([[912, 1460], [1476, 1460], [1476, 1612], [912, 1612]], '이어저있는', 0.21173448481241147), ([[1460, 1437], [2035, 1437], [2035, 1751], [1460, 1751]], "'얻율탤쉬기", 0.0030276133562952023), ([[2117, 1460], [2457, 1460], [2457, 1612], [2117, 1612]], '머신건', 0.9765681591925826), ([[2528, 1457], [3238, 1457], [3238, 1625], [2528, 1625]], '쪽은 번역본올', 0.6376045739352689), ([[443, 1580], [1628, 1580], [1628, 1742], [443, 1742]], '못런으니 다음 작업물은', 0.3826756318008808), ([[2021, 1579], [3051, 1579], [3051, 1740], [2021, 1740]], '확출이 클 것 갇네요.', 0.34046561477671844), ([[173, 1712], [3281, 1712], [3281, 1880], [173, 1880]], '어째서 이런 상황인가 그런 걸 설명해주는 중요한 내용이니 필히', 0.8256009405762871), ([[108, 1854], [2141, 1854], [2141, 2006], [108, 2006]], '작업해두고 싶네요 작가는 달라서 이번에', 0.8050022791712707), ([[2191, 1845], [3293, 1845], [3293, 2021], [2191, 2021]], '\'현기증 아스테리즐" 의', 0.2384794114802615), ([[226, 1970], [3274, 1970], [3274, 2143], [226, 2143]], '스위트피 작가남과는 다른 그림체긴 하지만 내용이 내용인지라', 0.5063220092244858), ([[527, 2098], [3063, 2098], [3063, 2259], [527, 2259]], '그쪽 내용올 보지 않으면 전혀 이어지지 않거듣요  ;', 0.3802179374009891), ([[123, 2283], [823, 2283], [823, 2431], [123, 2431]], '그나저나 요새', 0.997438851962977), ([[1407, 2279], [2228, 2279], [2228, 2423], [1407, 2423]], '하느라 무지하게', 0.9967891814068488), ([[2230, 2268], [3354, 2268], [3354, 2550], [2230, 2550]], '필로화빛용살콜하라', 0.013889513511405027), ([[258, 2399], [1229, 2399], [1229, 2543], [258, 2543]], '스쿠페스 이번 뛰라.', 0.5740373682784787), ([[1756, 2391], [2356, 2391], [2356, 2548], [1756, 2548]], '피곤한 삶올', 0.64808026368006), ([[2718, 2395], [3212, 2395], [3212, 2547], [2718, 2547]], '있습니다.', 0.9492692786835315), ([[290, 2502], [3218, 2502], [3218, 2677], [290, 2677]], '다음달이면 섬계 2도 나오니 예판전쟁때 좀 무리해야켓네요', 0.438635057184216), ([[57, 2635], [2322, 2635], [2322, 2803], [57, 2803]], '섬계 [[(틀 지름까말까 굉장히 고민 중입니다', 0.18326825486803086), ([[2391, 2642], [3382, 2642], [3382, 2803], [2391, 2803]], '피 사복 사고 싶은데', 0.9281547697251592), ([[447, 2746], [3020, 2746], [3020, 2926], [447, 2926]], '웬치 모델랑히 맘에 안 들어서 굉장히 고민이 되네요', 0.3552944946325101), ([[392, 2995], [2495, 2995], [2495, 3153], [392, 3153]], '(86에 스위트피 작가남의 신작이 나오던데', 0.5573745172873109), ([[2932, 3000], [3381, 3000], [3381, 3144], [2932, 3144]], '직구라도', 0.9986580610275269), ([[21, 2980], [748, 2980], [748, 3286], [21, 3286]], '인밝에 되왜6예', 0.001564788608855078), ([[704, 3106], [2458, 3106], [2458, 3268], [704, 3268]], '네요. 하는 김에 니고장 넷도도 하나', 0.25243207246509036), ([[2446, 2983], [2936, 2983], [2936, 3285], [2446, 3285]], "'주날금예", 0.010902016810164436), ([[2932, 3116], [3388, 3116], [3388, 3264], [2932, 3264]], '말이에요', 0.9956380273170513), ([[355, 3238], [2030, 3238], [2030, 3401], [355, 3401]], '나고장 넷도가 무지하게 잘 뽑혀서', 0.2906686648137391), ([[1905, 3224], [3082, 3224], [3082, 3525], [1905, 3525]], '2필장위 치주럽입님다', 0.002907585983601062), ([[2880, 3244], [3140, 3244], [3140, 3392], [2880, 3392]], '니다.', 0.6864714518078676), ([[400, 3330], [975, 3330], [975, 3517], [400, 3517]], '스구파하는', 0.5620178705067248), ([[1051, 3361], [1503, 3361], [1503, 3509], [1051, 3509]], '어 . 그냥.', 0.42936349017023806), ([[1561, 3353], [1916, 3353], [1916, 3505], [1561, 3505]], '섬헤나', 0.0766682892398405), ([[2281, 3363], [2410, 3363], [2410, 3495], [2281, 3495]], '게', 0.999953032091426), ([[472, 3485], [1431, 3485], [1431, 3633], [472, 3633]], '비타 컬리티가 비타', 0.6198654528432972), ([[1429, 3466], [2908, 3466], [2908, 3708], [1429, 3708]], '컬리티가 아니 물편한 게임;', 0.2819200014875668), ([[261, 3724], [959, 3724], [959, 3881], [261, 3881]], '이런저런 말이', 0.9994911074578188), ([[1451, 3723], [3269, 3723], [3269, 3884], [1451, 3884]], '이 작품의 전작도 그렇고 이것도 사서', 0.916529251981368), ([[109, 3827], [1089, 3827], [1089, 4003], [109, 4003]], "보는 '결 추천합니다:", 0.6882986144205586), ([[954, 3700], [3372, 3700], [3372, 4146], [954, 4146]], '만있내익-_장품- 적도어록골이정도--다', 2.6858360699037126e-06), ([[232, 3969], [2021, 3969], [2021, 4117], [232, 4117]], '좀 비싸긴 해도 니코마키 오시한테는', 0.4865917395856449), ([[2394, 3962], [3347, 3962], [3347, 4121], [2394, 4121]], '작품이에요. 그리고', 0.8300910604678473), ([[0, 4162], [3353, 4162], [3353, 4598], [0, 4598]], '서고마기 조에버!!!', 0.18970973476097627), ([[73, 4671], [185, 4671], [185, 4794], [73, 4794]], "'", 0.4042398260569513), ([[248, 4661], [461, 4661], [461, 4800], [248, 4800]], "'", 0.6223361535495684), ([[527, 4674], [1042, 4674], [1042, 4802], [527, 4802]], "'", 0.5465206200426707), ([[1252, 4659], [2203, 4659], [2203, 4780], [1252, 4780]], '세깎한근; >)] >', 0.0001715394514653108), ([[890.2690711850299, 2155.0086182452696], [1779.9999252943644, 2396.9319430838764], [1697.73092881497, 2640.9913817547304], [807.0000747056357, 2399.0680569161236]], "'스로페스끓버로론", 0.01218297356001779)]
