728340
35
[([[789, 73], [923, 73], [923, 181], [789, 181]], '개', 0.9999059460821833), ([[837, 219], [979, 219], [979, 351], [837, 351]], '구', 0.9998910456772734), ([[810, 388], [938, 388], [938, 508], [810, 508]], '리', 0.9999142903574274), ([[787, 547], [897, 547], [897, 685], [787, 685]], '로', 0.5402697951780944), ([[823, 677], [955, 677], [955, 823], [823, 823]], '빚', 0.6621305183953154)]
[([[19, 84], [189, 84], [189, 126], [19, 126]], '또 이상한 거', 0.7096041328599972), ([[491, 97], [637, 97], [637, 137], [491, 137]], '아 어서와', 0.941520628928497), ([[17, 121], [141, 121], [141, 161], [17, 161]], '사용다 .', 0.6385659196555185), ([[491, 129], [587, 129], [587, 173], [491, 173]], '저녁은', 0.9972952348555943), ([[17, 153], [159, 153], [159, 193], [17, 193]], '입는거야?', 0.4555059081841106), ([[492, 158], [644, 158], [644, 206], [492, 206]], '물로 할래?', 0.8438903280082154), ([[17, 187], [101, 187], [101, 225], [17, 225]], '내가?', 0.9997652398590828), ([[26, 274], [114, 274], [114, 322], [26, 322]], '싫어!', 0.984975044333585), ([[27, 329], [273, 329], [273, 369], [27, 369]], '원가 미곤미곤하고 .', 0.5252754989728798), ([[543, 1065], [711, 1065], [711, 1103], [543, 1103]], '응? 뛰야워야', 0.47424739250958636), ([[543, 1093], [715, 1093], [715, 1133], [543, 1133]], '"이걸로 해결! ', 0.4060512618401608), ([[545, 1125], [809, 1125], [809, 1163], [545, 1163]], '누구라도 살이 빠지는', 0.7718897436793998), ([[543, 1155], [759, 1155], [759, 1195], [543, 1195]], '최신 트레이낭복"', 0.3345696269714759)]
[([[855, 137], [1075, 137], [1075, 181], [855, 181]], '어 어절수 없네!', 0.5791857335399792), ([[854, 168], [1048, 168], [1048, 219], [854, 219]], '그렇계 입기름', 0.2247313683426457), ([[40, 200], [72, 200], [72, 240], [40, 240]], '응', 0.9999400386262245), ([[99, 205], [117, 205], [117, 231], [99, 231]], '2', 0.5914087525127343), ([[858, 206], [890, 206], [890, 246], [858, 246]], '원', 0.9999997615814351), ([[978, 201], [1108, 201], [1108, 249], [978, 249]], "'한번즘은", 0.3192670433463818), ([[37, 230], [239, 230], [239, 273], [37, 273]], '다 벗지 않으면', 0.9928788174301999), ([[857, 237], [893, 237], [893, 279], [857, 279]], '입', 0.9999653103975881), ([[877, 199], [1121, 199], [1121, 285], [877, 285]], "{하되도 환컴품원'", 0.012375188087048766), ([[39, 265], [233, 265], [233, 307], [39, 307]], '소용이 없다고', 0.9884410990772096), ([[257, 273], [271, 273], [271, 295], [257, 295]], '2', 0.9959078062835012), ([[29, 323], [139, 323], [139, 409], [29, 409]], "'저쪽술", 0.032665982842445374), ([[103, 361], [241, 361], [241, 405], [103, 405]], '보고있어!', 0.943718978984999), ([[133, 331], [201, 331], [201, 373], [133, 373]], '없네', 0.9822337223092139)]
[([[896, 464], [969, 464], [969, 580], [896, 580]], '형글', 0.0016526360786453538), ([[996, 508], [1030, 508], [1030, 540], [996, 540]], '에', 0.999285825493871), ([[928, 538], [960, 538], [960, 580], [928, 580]], '일', 0.9999669792993906), ([[956, 504], [1010, 504], [1010, 610], [956, 610]], "'", 0.019604364661944595), ([[993, 537], [1093, 537], [1093, 581], [993, 581]], '발라야', 0.9618248482582995), ([[59, 605], [139, 605], [139, 641], [59, 641]], '까아!', 0.9513149994335143), ([[59, 635], [155, 635], [155, 677], [59, 677]], '갑자기', 0.9993852758157736), ([[897, 569], [965, 569], [965, 678], [897, 678]], '확교', 0.005882503096791832), ([[963, 603], [1123, 603], [1123, 647], [963, 647]], '안당으니까', 0.974668491828457), ([[965, 635], [1059, 635], [1059, 679], [965, 679]], '발라쥐', 0.9148723364714837), ([[61, 671], [213, 671], [213, 709], [61, 709]], '바르면~~!!', 0.4622104743670997)]
[([[779, 121], [841, 121], [841, 157], [779, 157]], '사!', 0.6329493709753515), ([[744, 114], [848, 114], [848, 230], [744, 230]], '용^', 0.06230071834185349), ([[779, 187], [885, 187], [885, 227], [779, 227]], '거 조금', 0.9999025450760578), ([[751, 221], [787, 221], [787, 257], [751, 257]], '미', 0.9999966621426779), ([[807, 217], [905, 217], [905, 259], [807, 259]], '러운데', 0.9954714183628639), ([[751, 253], [787, 253], [787, 291], [751, 291]], '으', 0.9930791614660031), ([[777, 219], [818, 219], [818, 294], [777, 294]], "'꽃", 0.45482966440215017)]
[([[33, 637], [171, 637], [171, 679], [33, 679]], '이거 정말', 0.987812810885557), ([[957, 623], [995, 623], [995, 663], [957, 663]], '으', 0.9991198331553655), ([[958, 656], [990, 656], [990, 692], [958, 692]], '역', 0.9994717342133299), ([[1023, 653], [1089, 653], [1089, 693], [1023, 693]], '이거', 0.9999413320909436), ([[33, 667], [266, 667], [266, 715], [33, 715]], '트레이냥복이야?', 0.18775526429711434), ([[957, 689], [993, 689], [993, 725], [957, 725]], '조', 0.9999597076660081), ([[983, 653], [1024, 653], [1024, 728], [983, 728]], '실', 0.9983144954298986), ([[1025, 689], [1089, 689], [1089, 727], [1025, 727]], '비처', 0.9730594660957139)]
[([[31, 373], [127, 373], [127, 409], [31, 409]], '그래도', 0.9998899488121907), ([[26, 400], [126, 400], [126, 480], [26, 480]], '대소부', 0.025368582186571786), ([[67, 403], [165, 403], [165, 447], [67, 447]], '모습이', 0.9999551258988449), ([[25, 465], [131, 465], [131, 549], [25, 549]], '클앞서.', 0.010261650197207928), ([[59, 501], [155, 501], [155, 543], [59, 543]], '끄러워', 0.9593681057139264), ([[883, 599], [1019, 599], [1019, 641], [883, 641]], '하우우우', 0.9959724545478821), ([[887, 635], [983, 635], [983, 671], [887, 671]], '전신이', 0.9992930577926968), ([[891, 669], [911, 669], [911, 697], [891, 697]], '7', 0.10241191669799665), ([[916, 662], [1042, 662], [1042, 710], [916, 710]], '뿌미곤해', 0.18925312161445618), ([[888, 696], [1022, 696], [1022, 744], [888, 744]], '땀은 많이', 0.5867766665284172), ([[885, 731], [1083, 731], [1083, 775], [885, 775]], '나는것 같지만:', 0.515495841769751)]
[([[993, 523], [1031, 523], [1031, 595], [993, 595]], '얼', 0.05236341884703766), ([[1022, 558], [1060, 558], [1060, 588], [1022, 588]], '마', 0.999862675613258), ([[22, 1126], [60, 1126], [60, 1158], [22, 1158]], '아;', 0.5061471987009658), ([[19, 1153], [191, 1153], [191, 1195], [19, 1195]], '그런거 구나', 0.5010032492081746)]
[([[890, 216], [992, 216], [992, 248], [890, 248]], '역시:  !', 0.5746869126037418), ([[889, 245], [985, 245], [985, 287], [889, 287]], '이렇게', 0.7582007274700134), ([[883, 273], [1084, 273], [1084, 323], [883, 323]], '커처버려서는!', 0.22286752893577624), ([[231, 859], [329, 859], [329, 901], [231, 901]], '자백해', 0.9881288910508953), ([[147, 853], [292, 853], [292, 944], [147, 944]], '뿌밝되', 0.0025647655063405408), ([[281, 891], [350, 891], [350, 934], [281, 934]], '보고', 0.999999915706304), ([[157, 925], [281, 925], [281, 969], [157, 969]], '흥분하고', 0.9996458292007446), ([[157, 991], [263, 991], [263, 1035], [157, 1035]], '변태네!', 0.8664506673812866)]
[([[34, 69], [165, 69], [165, 112], [34, 112]], '개구리가', 0.9997166952151129), ([[893, 75], [991, 75], [991, 113], [893, 113]], '에헤헤', 0.2997948877289814), ([[35, 105], [229, 105], [229, 147], [35, 147]], '포상을 줄게 어', 0.2264350265759366), ([[891, 105], [1089, 105], [1089, 149], [891, 149]], '솔직해서 좋아', 0.8942771087338112), ([[406, 1180], [578, 1180], [578, 1470], [406, 1470]], '국', 0.1249876891447963)]
[([[101, 177], [269, 177], [269, 219], [101, 219]], '화화-, 어때!', 0.6895866415458208), ([[101, 243], [243, 243], [243, 285], [101, 285]], '어라 벌써', 0.9666047727287209), ([[158, 274], [303, 274], [303, 318], [158, 318]], "'하느거야?", 0.9241916885724926), ([[97, 274], [170, 274], [170, 388], [97, 388]], '성출', 0.025718740948713258), ([[169, 311], [233, 311], [233, 347], [169, 347]], '가버', 0.5683590640180337), ([[169, 343], [275, 343], [275, 383], [169, 383]], '변태네!', 0.7937477231025696), ([[225, 309], [341, 309], [341, 351], [225, 351]], '[린거야?', 0.37267234073167865)]
[([[827, 29], [973, 29], [973, 65], [827, 65]], '하아 하아:', 0.918559019178917), ([[961, 61], [1033, 61], [1033, 101], [961, 101]], '나서', 0.9999491712790576), ([[890, 56], [966, 56], [966, 140], [890, 140]], "'뜰아", 0.14414969209360548), ([[921, 91], [1019, 91], [1019, 135], [921, 135]], "'아져어", 0.12494177371263504), ([[821, 55], [905, 55], [905, 237], [821, 237]], '#', 0.010114166190413665), ([[893, 159], [1029, 159], [1029, 201], [893, 201]], '좋아 지고', 0.8552524343245367), ([[830, 194], [860, 194], [860, 234], [830, 234]], '싶', 0.9900690154914606), ([[31, 694], [105, 694], [105, 737], [31, 737]], '여기', 0.9999904748255235), ([[37, 729], [147, 729], [147, 773], [37, 773]], '올려쥐~', 0.502265760478169), ([[33, 763], [99, 763], [99, 799], [33, 799]], '여기', 0.9999845742882926)]
[([[976, 62], [1026, 62], [1026, 138], [976, 138]], '학', 0.7544965250269264), ([[1010, 102], [1042, 102], [1042, 134], [1010, 134]], '시', 0.9999072573231302), ([[977, 131], [1043, 131], [1043, 171], [977, 171]], '양대', 0.9984950993290178), ([[98, 326], [126, 326], [126, 360], [98, 360]], '논', 0.432700551053248), ([[27, 317], [102, 317], [102, 462], [27, 462]], '올', 0.34679559291829776), ([[61, 385], [219, 385], [219, 429], [61, 429]], '(척질척하고', 0.45857508037292805), ([[63, 353], [167, 353], [167, 395], [63, 395]], '에 젖어', 0.9671686016701327), ([[77, 421], [249, 421], [249, 463], [77, 463]], '잠시만 기다', 0.9985398579633286), ([[63, 459], [83, 459], [83, 483], [63, 483]], '2', 0.6903105425175369), ([[35, 453], [73, 453], [73, 529], [35, 529]], '용', 0.9984367047814011), ([[61, 487], [189, 487], [189, 527], [61, 527]], '어어어어', 0.99977046251297)]
[([[877, 173], [957, 173], [957, 217], [877, 217]], '하응', 0.6704578669887566), ([[835, 177], [873, 177], [873, 279], [835, 279]], '올', 0.33261771402709783), ([[863, 207], [1001, 207], [1001, 251], [863, 251]], '어외있어!', 0.7249245607558283), ([[865, 243], [957, 243], [957, 283], [865, 283]], '리부터', 0.9956627082275104), ([[989, 241], [1087, 241], [1087, 285], [989, 285]], '끝까지', 0.9866789994434859), ([[832, 272], [904, 272], [904, 350], [832, 350]], '딱울', 0.3522022137518597), ([[867, 277], [929, 277], [929, 315], [867, 315]], '으로', 0.9983409976322531), ([[890, 229], [1125, 229], [1125, 356], [890, 356]], '특록 터', 0.03240406885743141), ([[932, 278], [966, 278], [966, 310], [932, 310]], '미', 0.9999957084701805), ([[997, 307], [1065, 307], [1065, 347], [997, 347]], '버려', 0.9992395026978409), ([[31, 509], [159, 509], [159, 551], [31, 551]], '이상하게', 0.9994611740112305), ([[29, 541], [127, 541], [127, 585], [29, 585]], '되버려', 0.9856898949285019), ([[125, 557], [177, 557], [177, 571], [125, 571]], '~~', 0.09056469417250176)]
[([[945, 119], [1065, 119], [1065, 205], [945, 205]], '#어왜', 0.02008490542364976), ([[25, 815], [293, 815], [293, 859], [25, 859]], '가버려어어어~~~!!!', 0.7134977298703465)]
[([[41, 167], [263, 167], [263, 211], [41, 211]], '살이 안빠져다면', 0.5827818592575653), ([[39, 199], [187, 199], [187, 243], [39, 243]], '밥은 없어!', 0.8948670748969665), ([[875, 323], [1019, 323], [1019, 367], [875, 367]], '아-지료다', 0.23209378227991853), ([[875, 356], [1099, 356], [1099, 399], [875, 399]], '음백 젖어버로어', 0.48198567572364004), ([[27, 981], [135, 981], [135, 1023], [27, 1023]], '빠져다!', 0.7649185657501221)]
[]
[]
[]
[]
[]
[]
[]
[]
[]
[([[386, 1124], [754, 1124], [754, 1490], [386, 1490]], '소_', 0.31819907645972484)]
[]
[]
[]
[]
[]
[]
[([[528, 536], [616, 536], [616, 560], [528, 560]], "+31)'<.", 0.01746921752551579), ([[527, 563], [770, 563], [770, 588], [527, 588]], "#]8)(0 1 8 %*간당 . '01", 0.0027319035408561163), ([[530, 590], [1000, 590], [1000, 618], [530, 618]], '낮#명훨(-#*5(+72#숲순. 7)++ =<락하`내한내-', 0.00018040085536049196), ([[530, 618], [880, 618], [880, 644], [530, 644]], '자--*^-*<4논하"중난트 (속', 0.0027766266402478755), ([[530, 674], [790, 674], [790, 698], [530, 698]], '+5(+" 3-구벼 < 0(#차#0신하흐', 0.0014129948056306497), ([[528, 700], [934, 700], [934, 726], [528, 726]], '{로-+ 소(그?럼 " 꽂)5간5\'\'둘꺾뻗', 0.000161703452284689), ([[530, 728], [978, 728], [978, 754], [530, 754]], '꼽표표}없 < > -지-0짓토#듯소+  ((음소출하: (#.', 4.934432295976139e-05), ([[532, 784], [1068, 784], [1068, 810], [532, 810]], '555471173105) (-즈-*디5,5< 1-(+-0)< #모간/ .', 0.0006245546045157464), ([[530, 812], [1042, 812], [1042, 836], [530, 836]], "모-7)7+-+))'둘0디한2풍7없0700+55' (;", 0.0006430044517497315), ([[530, 866], [774, 866], [774, 892], [530, 892]], '*사\'`-디({하"::} ', 0.0006418552181155464), ([[530, 894], [888, 894], [888, 920], [530, 920]], '3(937구단3175. 틈습시디단-/]', 0.0029319938576745077), ([[530, 922], [798, 922], [798, 946], [530, 946]], '#.다하마+따32한0초화-', 0.007085570487477444), ([[538, 1020], [672, 1020], [672, 1046], [538, 1046]], "[+*7'< = ", 0.03775613975678912), ([[530, 1048], [572, 1048], [572, 1074], [530, 1074]], '출출', 0.11671752405032436), ([[582, 1049], [868, 1049], [868, 1076], [582, 1076]], "+8' (<^칭.-.훨뱀3-@9악하| <아값)", 1.5018809620028237e-06), ([[531, 1079], [571, 1079], [571, 1099], [531, 1099]], '죽{주', 0.025071102700386372), ([[584, 1074], [916, 1074], [916, 1104], [584, 1104]], "3-지}다 (룹'+오://<서서-.훨3도+.<아값)", 2.6684232871274734e-06), ([[530, 1104], [588, 1104], [588, 1128], [530, 1128]], '쭉 주터', 0.03469708561897278), ([[600, 1104], [714, 1104], [714, 1130], [600, 1130]], '2011/12/31', 0.8385618917808062), ([[530, 1132], [572, 1132], [572, 1156], [530, 1156]], '맵템]', 0.0017676142029747683), ([[581, 1131], [715, 1131], [715, 1155], [581, 1155]], '*-0루-(금+*', 0.004868636181846161), ([[366, 1518], [676, 1518], [676, 1544], [366, 1544]], '^*소#숲-하*(소름-볶안다-하소0', 0.0007014799267625847)]
[([[29, 1445], [91, 1445], [91, 1481], [29, 1481]], '#사', 0.7936900975514256), ([[111, 1445], [253, 1445], [253, 1481], [111, 1481]], '3- 지접출표', 0.020303555599120744), ([[30, 1482], [218, 1482], [218, 1506], [30, 1506]], '1 8 #% 국0) 50 #^', 0.04405543154343477), ([[228, 1481], [360, 1481], [360, 1505], [228, 1505]], '벼댁 %( *화', 0.0064876350171555516)]
[([[95, 101], [649, 101], [649, 242], [95, 242]], '역식자 후기', 0.9973346844310683), ([[95, 333], [703, 333], [703, 465], [95, 465]], '어? 개구리논', 0.7145129815861189), ([[91, 447], [885, 447], [885, 579], [91, 579]], '체외수정하는데?', 0.6096173741604063), ([[96, 566], [574, 566], [574, 692], [96, 692]], '이상하네?', 0.9994155735306305), ([[406, 1328], [1038, 1328], [1038, 1441], [406, 1441]], '7시 8버토', 0.0025936657470195332), ([[27, 1445], [93, 1445], [93, 1481], [27, 1481]], '#사로', 0.22552567035868262), ([[111, 1445], [253, 1445], [253, 1481], [111, 1481]], '3 - 지출표', 0.1355516885325127), ([[30, 1481], [360, 1481], [360, 1506], [30, 1506]], '1 8 #* #0) 뤄0 #스 . 탤안댁 %( *화', 0.006040063770474816)]
