737879
17
[([[540, 28], [594, 28], [594, 60], [540, 60]], '09_', 0.43071812308658974), ([[664, 26], [734, 26], [734, 52], [664, 52]], "09 '", 0.329876771308102), ([[590, 68], [980, 68], [980, 166], [590, 166]], '청하@이이로--5', 0.0005170645714380064), ([[591, 125], [973, 125], [973, 223], [591, 223]], '  @요@@#?', 0.0025727840486958063), ([[798, 204], [956, 204], [956, 258], [798, 258]], '@@어롯', 0.0114355543628335), ([[1010, 279], [1040, 279], [1040, 403], [1010, 403]], '8', 0.982172196806804), ([[18, 1100], [44, 1100], [44, 1154], [18, 1154]], '8', 0.9931384415841791), ([[18, 1156], [44, 1156], [44, 1224], [18, 1224]], '@', 0.8985641247781793), ([[78, 1290], [176, 1290], [176, 1320], [78, 1320]], '-춥', 0.0005556348603533958), ([[78, 1366], [178, 1366], [178, 1396], [78, 1396]], '묘스나', 0.12857052419167614), ([[82, 1318], [176, 1318], [176, 1372], [82, 1372]], '맑18', 0.04532808373306714), ([[733, 1313], [1027, 1313], [1027, 1417], [733, 1417]], '";71', 0.00021619473409373313), ([[73, 1395], [185, 1395], [185, 1437], [73, 1437]], '대청@', 0.002976784046137915)]
[([[69, 51], [723, 51], [723, 87], [69, 87]], "소서리스의 비술에의해 아마존의 고간에논 훌륭한 음경이 출현없다'", 0.14859717951781104)]
[([[435, 63], [965, 63], [965, 129], [435, 129]], '용용월 두겁움 팔답-앞마지월해국에 하하뷰봉 마답히', 0.00012076691222032546), ([[960, 92], [1034, 92], [1034, 122], [960, 122]], '버린다.', 0.9928553104400635)]
[([[698, 416], [816, 416], [816, 469], [698, 469]], '송성리하양', 0.014340641901422898), ([[724, 440], [788, 440], [788, 466], [724, 466]], '서없이', 0.6443843841552734), ([[787, 407], [968, 407], [968, 499], [787, 499]], '양컴하리@운순', 0.0003279105507694763), ([[957, 435], [1031, 435], [1031, 471], [957, 471]], '부분올', 0.8768558341520643), ([[699, 455], [791, 455], [791, 491], [699, 491]], "'계속해서", 0.41447498337587335), ([[700, 1320], [843, 1320], [843, 1357], [700, 1357]], '아마존이 정신', 0.640515881617932), ([[838, 1322], [938, 1322], [938, 1376], [838, 1376]], '흑용업독', 0.11816629767417908), ([[700, 1342], [843, 1342], [843, 1383], [700, 1383]], '즉수에 의한 등', 0.2041792673572685), ([[862, 1346], [1032, 1346], [1032, 1376], [862, 1376]], '은 멈추지 않듣다', 0.7055150791174627)]
[([[621, 55], [1031, 55], [1031, 91], [621, 91]], '축수에 의레 인 프의 육체문 개 조되어 간다', 0.0753214333326706)]
[([[572, 90], [640, 90], [640, 116], [572, 116]], '오크의', 0.998006460065869), ([[572, 112], [666, 112], [666, 136], [572, 136]], '이제 그녀', 0.9915558471811555), ([[644, 90], [690, 90], [690, 118], [644, 118]], '정액', 0.9993503260123106), ([[662, 86], [714, 86], [714, 138], [662, 138]], '액혼', 0.06533799084265997), ([[689, 83], [789, 83], [789, 145], [689, 145]], '온촬하-', 0.020177040249109268), ([[762, 110], [814, 110], [814, 140], [762, 140]], '정액', 0.5463864113140068), ([[786, 90], [836, 90], [836, 116], [786, 116]], '받아', 0.9403078933472082), ([[810, 85], [932, 85], [932, 141], [810, 141]], '양여제하하', 0.018406961102314014), ([[876, 78], [1027, 78], [1027, 153], [876, 153]], "'발하활다품논", 0.041524005094970284), ([[569, 129], [667, 129], [667, 165], [569, 165]], '용이 되어', 0.30134842278217494), ([[661, 125], [742, 125], [742, 166], [661, 166]], '버(다', 0.1086499523610432)]
[([[489, 63], [799, 63], [799, 99], [489, 99]], '엘프 소녀튼 후타나리 아마존의', 0.3714843698890247), ([[487, 83], [917, 83], [917, 145], [487, 145]], '호{의잇불어번로달 맞는컷도 금방이켓지 ', 0.0015427471038926648), ([[67, 1371], [439, 1371], [439, 1409], [67, 1409]], '아마촌은 일심불란하계 허리불 흔듣다', 0.11892680656992659), ([[69, 1396], [454, 1396], [454, 1428], [69, 1428]], "소 소녀가 일찍이 '동료 엘프없다는 첫은", 0.05245497881261451), ([[68, 1418], [232, 1418], [232, 1448], [68, 1448]], '잊어버런것 같다', 0.7861773313674144)]
[([[499, 1400], [1025, 1400], [1025, 1444], [499, 1444]], '주술의 재료에 필요한 오요의 정액올 모으는 소서리스', 0.09052328187628501)]
[([[489, 0], [557, 0], [557, 13], [489, 13]], "'", 0.46850309457866857), ([[426, 12], [796, 12], [796, 42], [426, 42]], '미노라우르스의 정액의 양은 오크와는', 0.3301144003539548), ([[425, 32], [768, 32], [768, 64], [425, 64]], '소서리스가 미노라우르스의 아이률', 0.6408697433208356), ([[766, 10], [1006, 10], [1006, 66], [766, 66]], "'# 비고답수업 -계켓지", 0.007865359718176933)]
[([[86, 1392], [140, 1392], [140, 1450], [86, 1450]], '참이', 0.19923366824720365), ([[136, 1396], [256, 1396], [256, 1428], [136, 1428]], '프의 마수사', 0.9810248986375969), ([[138, 1418], [188, 1418], [188, 1448], [138, 1448]], '사역', 0.9977494264243215), ([[566.1027878706852, 1202.0183028317872], [724.7644559402224, 1281.3373770958913], [618.8972121293148, 1490.9816971682128], [460.23554405977757, 1410.6626229041087]], '7', 0.06118022007932411)]
[([[93, 1378], [571, 1378], [571, 1416], [93, 1416]], '여승려 전사의 정조대문터망하게 열려저 버(다', 0.318218797201256)]
[([[786, 32], [1002, 32], [1002, 58], [786, 58]], '뉴지수>자 +:물뱀외어대', 8.400907561966747e-05)]
[]
[]
[]
[([[326, 24], [381, 24], [381, 53], [326, 53]], '@0', 0.3339532949560446), ([[454, 27], [507, 27], [507, 57], [454, 57]], '입9', 0.29892399159828076), ([[530, 28], [584, 28], [584, 56], [530, 56]], '09', 0.9885200500605614), ([[656, 26], [714, 26], [714, 52], [656, 52]], '09', 0.9446072586423024), ([[8, 284], [34, 284], [34, 396], [8, 396]], '8', 0.999396653610475), ([[1001, 277], [1030, 277], [1030, 402], [1001, 402]], '8', 0.992823291238043), ([[10, 480], [34, 480], [34, 536], [10, 536]], '8', 0.88959721642874), ([[10, 534], [36, 534], [36, 598], [10, 598]], '8', 0.9038470081180527), ([[313, 445], [725, 445], [725, 633], [313, 633]], '히@ 철', 0.002974139526486397), ([[1004, 476], [1028, 476], [1028, 598], [1004, 598]], '8', 0.939871896506034), ([[532, 590], [688, 590], [688, 644], [532, 644]], '@@.5', 0.02209596335887909), ([[1006, 966], [1030, 966], [1030, 1020], [1006, 1020]], '8', 0.9153502145584334), ([[12, 1102], [36, 1102], [36, 1152], [12, 1152]], '0', 0.18543357136529526), ([[1004, 1096], [1030, 1096], [1030, 1220], [1004, 1220]], '8', 0.9898494696702897), ([[368, 1292], [412, 1292], [412, 1316], [368, 1316]], '몽;', 0.02239639122735017), ([[444, 1292], [654, 1292], [654, 1316], [444, 1316]], '벤 소매 )7 7 그-9+', 0.00940701041212235), ([[370, 1310], [412, 1310], [412, 1336], [370, 1336]], '규수', 0.020381756687296766), ([[442, 1310], [524, 1310], [524, 1334], [442, 1334]], "{며?'", 0.015460563823580742), ([[368, 1328], [432, 1328], [432, 1354], [368, 1354]], '책째', 0.007941144218933048), ([[441, 1327], [670, 1327], [670, 1355], [441, 1355]], '(@,|-^어감@나,@_플여;머', 3.626524975454531e-07), ([[367, 1344], [430, 1344], [430, 1372], [367, 1372]], '3', 0.014216319314074077), ([[442, 1346], [588, 1346], [588, 1370], [442, 1370]], '2013118)111더', 0.09980283705903273), ([[368, 1366], [432, 1366], [432, 1390], [368, 1390]], "'훨", 0.0005883320786131766), ([[442, 1364], [638, 1364], [638, 1390], [442, 1390]], '#숫자+ 9711-7', 0.12447673061361594)]
[([[450, 305], [679, 305], [679, 372], [450, 372]], '역식자후기', 0.9864070695166559), ([[476, 360], [652, 360], [652, 416], [476, 416]], '194번째', 0.9553736224670909), ([[450, 506], [670, 506], [670, 560], [450, 560]], '20140911', 0.9945134463569828), ([[135, 957], [765, 957], [765, 1045], [135, 1045]], '사0 4내 사0 나:도', 0.003479227035503479), ([[847, 957], [1111, 957], [1111, 1045], [847, 1045]], '내-포.', 0.0014554548542946577), ([[371, 1063], [873, 1063], [873, 1155], [371, 1155]], '미이어-:이? 0:6', 0.00018683192605548752)]
