740909
32
[([[207, 3], [561, 3], [561, 117], [207, 117]], '_깨--@', 0.0012702111132605854), ([[43, 21], [159, 21], [159, 207], [43, 207]], '씨', 0.2025299506532372), ([[222, 114], [551, 114], [551, 138], [222, 138]], '그#<109. ##표다 사디#손:?#-<3+-', 0.0017995861669040762), ([[879, 125], [971, 125], [971, 145], [879, 145]], '!@- `@79', 0.0012855712175920146), ([[257, 139], [367, 139], [367, 171], [257, 171]], '4지시니7', 0.0010811811350581629), ([[390, 142], [478, 142], [478, 174], [390, 174]], '이꼴내', 0.012703947559248783), ([[993, 13], [1177, 13], [1177, 329], [993, 329]], '물', 0.18154004239798738), ([[700, 417], [845, 417], [845, 462], [700, 462]], '0디--서0', 7.232519537897656e-05), ([[988, 304], [1186, 304], [1186, 828], [988, 828]], '물', 0.9969449762144258)]
[]
[]
[([[204, 1244], [262, 1244], [262, 1298], [204, 1298]], '꽤)', 0.32277879936940707), ([[390.6546544120074, 327.5201198532081], [448.54932240028506, 302.7352470201755], [454.3453455879926, 319.4798801467919], [396.45067759971494, 345.2647529798245]], '나__', 0.06769085180395815)]
[([[131, 155], [233, 155], [233, 199], [131, 199]], '나야말로', 0.9993582963943481), ([[1001, 159], [1079, 159], [1079, 203], [1001, 203]], '오늘은', 0.9972866347923294), ([[118, 198], [250, 198], [250, 246], [118, 246]], '함께 탑 수', 0.6778444749274557), ([[999, 203], [1075, 203], [1075, 247], [999, 247]], '정말로', 0.9913477897644043), ([[139, 240], [226, 240], [226, 293], [139, 293]], '잊어서', 0.298873780360408), ([[987, 249], [1093, 249], [1093, 293], [987, 293]], '고마워습', 0.39186891913414), ([[141, 291], [221, 291], [221, 335], [141, 335]], '종앞어', 0.12599042025470278), ([[1007, 293], [1073, 293], [1073, 335], [1007, 335]], '니다!', 0.5176833556595665), ([[525, 553], [601, 553], [601, 589], [525, 589]], '그래도', 0.6487709537496734), ([[633, 533], [685, 533], [685, 577], [633, 577]], '역시', 0.998430559443601), ([[1001, 547], [1075, 547], [1075, 589], [1001, 589]], '정말로', 0.9997679927936106), ([[130, 576], [180, 576], [180, 608], [130, 608]], '아니', 0.9999731947095736), ([[543, 593], [595, 593], [595, 631], [543, 631]], '지지', 0.9858398807394169), ([[633, 581], [739, 581], [739, 621], [633, 621]], '너희들이', 0.9838710427284241), ([[999, 589], [1077, 589], [1077, 631], [999, 631]], '멋지게', 0.9524566806115581), ([[533, 637], [593, 637], [593, 679], [533, 679]], '않아"', 0.9990393264749742), ([[631, 623], [711, 623], [711, 667], [631, 667]], '최대의', 0.6418183445930481), ([[973, 629], [1103, 629], [1103, 671], [973, 671]], '되어서 다시', 0.945484399150123), ([[629, 669], [709, 669], [709, 713], [629, 713]], '라 이벌', 0.8507760167121887), ([[985, 673], [1091, 673], [1091, 717], [985, 717]], '생각 하게', 0.8213387056335653), ([[1013, 717], [1065, 717], [1065, 755], [1013, 755]], '찢어', 0.29205751881212527), ([[993, 1003], [1099, 1003], [1099, 1041], [993, 1041]], '이기논 건', 0.6546980759753905), ([[991, 1042], [1101, 1042], [1101, 1084], [991, 1084]], '우리니까:', 0.7631239872620874)]
[([[533.2467712617207, 603.0236630613601], [664.9546258804824, 700.9574454173998], [601.7532287382793, 785.9763369386399], [469.0453741195176, 688.0425545826002]], '험', 0.027007044401394786)]
[([[262, 984], [336, 984], [336, 1034], [262, 1034]], ',내', 0.0013619347534207405), ([[425, 1161], [537, 1161], [537, 1205], [425, 1205]], '새치기 아', 0.8503546206056801), ([[419, 1207], [511, 1207], [511, 1247], [419, 1247]], '치사해 -', 0.6828997985834989), ([[305.93098527849406, 1036.448167612687], [334.66958948000695, 1010.0450378479484], [384.06901472150594, 1067.551832387313], [355.33041051999305, 1093.9549621520516]], '개', 0.08292324029754017)]
[([[824, 190], [878, 190], [878, 220], [824, 220]], '나도오', 0.8328397580267899), ([[103, 791], [199, 791], [199, 829], [103, 829]], '가득이나', 0.3078339993953705), ([[366, 790], [412, 790], [412, 816], [366, 816]], '왜하면', 0.8248236296512081), ([[471, 777], [601, 777], [601, 813], [471, 813]], '정말 두 사람도', 0.990647292946364), ([[467, 809], [605, 809], [605, 845], [467, 845]], '갑작스럽다 니깐', 0.8738486864917435), ([[104, 830], [174, 830], [174, 862], [104, 862]], '라이브', 0.8281865518201041), ([[1028, 834], [1102, 834], [1102, 864], [1028, 864]], '초바사도', 0.8883171677589417), ([[105, 865], [173, 865], [173, 903], [105, 903]], '후데논', 0.29337579352033677), ([[107, 903], [217, 903], [217, 941], [107, 941]], '흥분 되논데', 0.8589335938435472), ([[536, 1363], [573, 1363], [573, 1436], [536, 1436]], '팔', 0.016161601647907142), ([[657, 1423], [677, 1423], [677, 1445], [657, 1445]], '야', 0.32024405570050263), ([[581, 1421], [651, 1421], [651, 1483], [581, 1483]], '(5', 0.10009667419403503), ([[659, 1469], [673, 1469], [673, 1493], [659, 1493]], '들', 0.9941027343349482), ([[535, 1435], [567, 1435], [567, 1566], [535, 1566]], '푹', 0.1672304020825246), ([[604, 1510], [632, 1510], [632, 1542], [604, 1542]], '이', 0.99697735183668)]
[([[509, 145], [649, 145], [649, 187], [509, 187]], '오래도 _곁', 0.10422682534147075), ([[791, 147], [895, 147], [895, 191], [791, 191]], '우리들의', 0.9992883205413818), ([[183, 179], [263, 179], [263, 223], [183, 223]], '우리들', 0.9984769091799505), ([[345, 197], [401, 197], [401, 241], [345, 241]], '전국', 0.9626955244769619), ([[503, 187], [585, 187], [585, 231], [503, 231]], '목표로', 0.992946798934264), ([[790, 186], [872, 186], [872, 236], [790, 236]], '영광은', 0.8857093678531508), ([[159, 223], [316, 223], [316, 271], [159, 271]], '"어라 이즈"올', 0.7983473825619545), ([[343, 245], [411, 245], [411, 285], [343, 285]], '에서', 0.9530319145893024), ([[507, 233], [613, 233], [613, 275], [507, 275]], '달려 오는', 0.9710674809691321), ([[791, 239], [869, 239], [869, 277], [791, 277]], '과거의', 0.9992703475589889), ([[157, 269], [263, 269], [263, 313], [157, 313]], '목표로!!', 0.23989138207671704), ([[502, 274], [648, 274], [648, 324], [502, 324]], '사람 이 있어', 0.31554970767742707), ([[789, 281], [895, 281], [895, 323], [789, 323]], '것 이지만', 0.9868455640862166), ([[169, 569], [251, 569], [251, 609], [169, 609]], '그것이', 0.9566634328084627), ([[363, 583], [465, 583], [465, 625], [363, 625]], '이기논전', 0.7628044486045837), ([[523, 581], [605, 581], [605, 623], [523, 623]], '하지만', 0.9995968998426389), ([[165, 611], [297, 611], [297, 653], [165, 653]], '어라 이즈의', 0.6070173965973104), ([[363, 627], [445, 627], [445, 671], [363, 671]], '우리들', 0.9984321130528725), ([[525, 629], [645, 629], [645, 671], [525, 671]], '지지 않아', 0.8053005065953319), ([[167, 655], [259, 655], [259, 699], [167, 699]], '"공지"!', 0.609706324931314), ([[661, 779], [713, 779], [713, 819], [661, 819]], '괜(', 0.22827370144617617), ([[629, 841], [683, 841], [683, 879], [629, 879]], '디<', 0.03835347035553454), ([[535, 967], [647, 967], [647, 1003], [535, 1003]], '자기도 벌써', 0.9804649420234228), ([[549, 1001], [637, 1001], [637, 1039], [549, 1039]], '그렇게나', 0.7322005033493042), ([[528, 1034], [655, 1034], [655, 1076], [528, 1076]], '[하고 있으면서 ', 0.3358152490889294)]
[([[475, 87], [519, 87], [519, 125], [475, 125]], '몸이', 0.7619726631681677), ([[113, 103], [157, 103], [157, 141], [113, 141]], '참울', 0.46100442426296645), ([[115, 137], [153, 137], [153, 173], [115, 173]], '수"', 0.9698200213479025), ([[465, 123], [529, 123], [529, 159], [465, 159]], '달아올', 0.849688531389644), ([[973, 139], [1081, 139], [1081, 179], [973, 179]], '그야 그런', 0.8067532765983682), ([[462, 160], [528, 160], [528, 190], [462, 190]], '라" 서', 0.5932855391788562), ([[116, 176], [156, 176], [156, 208], [116, 208]], '없어', 0.9986944560901587), ([[973, 183], [1077, 183], [1077, 223], [973, 223]], '라 이브름', 0.40591731265329084), ([[952, 223], [1077, 223], [1077, 267], [952, 267]], '바버" 리면', 0.3862778015349282), ([[428, 1042], [452, 1042], [452, 1070], [428, 1070]], '아', 0.6749506895609017), ([[366, 1050], [390, 1050], [390, 1128], [366, 1128]], '뭐', 0.03516298378462879), ([[401, 1083], [449, 1083], [449, 1123], [401, 1123]], '용움', 0.4132606325641787), ([[944, 1086], [1016, 1086], [1016, 1140], [944, 1140]], "'',", 0.0182576895552576), ([[367, 1133], [387, 1133], [387, 1155], [367, 1155]], '매', 0.2677824822931143), ([[111, 1177], [195, 1177], [195, 1217], [111, 1217]], '에헤나', 0.4538762387398495), ([[949, 1185], [1022, 1185], [1022, 1233], [949, 1233]], "''<", 0.03237033955996814), ([[99, 1221], [201, 1221], [201, 1259], [99, 1259]], '평소보다', 0.9996145367622375), ([[83, 1259], [217, 1259], [217, 1303], [83, 1303]], '훨씬 단단해', 0.9777387219602361)]
[([[969, 169], [1111, 169], [1111, 231], [969, 231]], '총-약   정말', 0.14610886333350384), ([[959, 229], [1063, 229], [1063, 269], [959, 269]], '하다니까', 0.9968545436859131), ([[513, 365], [572, 365], [572, 406], [513, 406]], '쇼3', 0.08737946427292671), ([[274, 422], [306, 422], [306, 452], [274, 452]], '53', 0.7749104735588515), ([[338, 480], [440, 480], [440, 536], [338, 536]], '손', 0.10347455802850991), ([[463, 503], [597, 503], [597, 547], [463, 547]], '이결로 팬을', 0.29421298533758905), ([[479, 547], [587, 547], [587, 591], [479, 591]], '몇명이나', 0.4527057707309723), ([[473, 589], [591, 589], [591, 631], [473, 631]], '울린거 야?', 0.7139118528180287), ([[112, 1315], [141, 1315], [141, 1390], [112, 1390]], '후', 0.8352001690286812), ([[167, 1337], [187, 1337], [187, 1363], [167, 1363]], '리', 0.9999238267146247), ([[112, 1394], [146, 1394], [146, 1426], [112, 1426]], '이', 0.958889148857466), ([[591, 1417], [637, 1417], [637, 1453], [591, 1453]], '무리', 0.999943523690109)]
[([[205, 143], [271, 143], [271, 183], [205, 183]], '안주"', 0.9993359321496748), ([[1042, 156], [1066, 156], [1066, 190], [1042, 190]], '초', 0.7156617697822618), ([[91, 171], [189, 171], [189, 213], [91, 213]], '두명하고', 0.9824913740158081), ([[213, 183], [263, 183], [263, 219], [213, 219]], '하고', 0.9995938971238854), ([[1039, 189], [1091, 189], [1091, 231], [1039, 231]], '바사', 0.9982709000951966), ([[113, 213], [167, 213], [167, 253], [113, 253]], '옛지', 0.3924247346679644), ([[1042, 234], [1088, 234], [1088, 266], [1042, 266]], '하고', 0.9990293275318874), ([[90, 251], [186, 251], [186, 293], [90, 293]], '해버리면', 0.9991551041603088), ([[195, 1225], [229, 1225], [229, 1245], [195, 1245]], '히?', 0.009156160834989541), ([[1011, 1209], [1065, 1209], [1065, 1247], [1011, 1247]], '다른', 0.9966627600121142), ([[97, 1225], [167, 1225], [167, 1265], [97, 1265]], '무리라', 0.8808271290703201), ([[993, 1249], [1083, 1249], [1083, 1287], [993, 1287]], '아이갈위', 0.39862826466560364), ([[100, 1268], [160, 1268], [160, 1296], [100, 1296]], '고오"', 0.9363891399978639), ([[999, 1287], [1075, 1287], [1075, 1325], [999, 1325]], '건" 옷', 0.9913034808818956), ([[965, 1305], [1001, 1305], [1001, 1403], [965, 1403]], '륙', 0.014165476659464327), ([[970, 1422], [994, 1422], [994, 1458], [970, 1458]], '옷', 0.9637647384888623), ([[876, 1528], [940, 1528], [940, 1582], [876, 1582]], '47', 0.8930023534788681), ([[580.2583685632087, 629.0693533850061], [640.9892305011614, 656.7066742278557], [625.7416314367913, 689.9306466149939], [565.0107694988386, 662.2933257721443]], '내?', 0.0397897928047935), ([[892.771988880309, 1236.1931655289577], [916.5286548803641, 1214.0350883972694], [970.228011119691, 1274.8068344710423], [946.4713451196359, 1296.9649116027306]], '"', 0.3370172120940538), ([[898.7350889359326, 1491.205266807798], [926.5502734850987, 1470.0380309072889], [968.2649110640674, 1528.794733192202], [940.4497265149013, 1549.9619690927111]], '"', 0.9702765767514485)]
[([[307, 117], [327, 117], [327, 143], [307, 143]], '잘', 0.9977301141748853), ([[105, 151], [123, 151], [123, 173], [105, 173]], '1', 0.639831134492411), ([[285, 149], [351, 149], [351, 189], [285, 189]], '되없흡', 0.12686443339276668), ([[285, 187], [353, 187], [353, 223], [285, 223]], '나다9', 0.47479322725091255), ([[530, 742], [580, 742], [580, 772], [530, 772]], '7:', 0.08847619784648647), ([[535, 915], [587, 915], [587, 953], [535, 953]], '1?', 0.00268142107999013), ([[515, 949], [573, 949], [573, 989], [515, 989]], '(3:', 0.0033287183834998335), ([[387, 1181], [455, 1181], [455, 1217], [387, 1217]], '아하이', 0.6646027902754439), ([[376, 1220], [462, 1220], [462, 1252], [376, 1252]], '에데 나의', 0.2688228990963628), ([[388, 1258], [454, 1258], [454, 1290], [388, 1290]], '소녀도', 0.9995338593421561), ([[365, 1289], [477, 1289], [477, 1329], [365, 1329]], '질칙질 척9', 0.2930485731268447), ([[626, 1508], [656, 1508], [656, 1542], [626, 1542]], '1', 0.030538750008802573), ([[562, 1526], [598, 1526], [598, 1558], [562, 1558]], '쇼', 0.12066134026042974), ([[751, 1500], [882, 1500], [882, 1587], [751, 1587]], '국}', 0.1367723612518147), ([[583.0939460213589, 732.1039678918432], [645.8179199121402, 746.8069000274562], [636.9060539786411, 782.8960321081568], [574.1820800878598, 769.1930999725438]], '*3', 0.3022065731780928), ([[412.9153477109067, 776.1190646990802], [485.62877257295406, 787.1093745828779], [478.0846522890933, 830.8809353009198], [405.37122742704594, 819.8906254171221]], '*3', 0.1102161461184701), ([[528.349208626544, 806.0714388194482], [581.9962570166335, 829.8501871491683], [569.650791373456, 856.9285611805518], [516.0037429833665, 833.1498128508317]], '\'*37"', 0.15545655180359505), ([[108.05131670194949, 1472.1539501058485], [151.8193802704653, 1480.97477081074], [145.94868329805053, 1507.8460498941515], [102.18061972953468, 1499.02522918926]], '43,', 0.1225867654698373)]
[([[895, 163], [941, 163], [941, 203], [895, 203]], '식', 0.01835949860900521), ([[74, 160], [98, 160], [98, 262], [74, 262]], '탑', 0.012731968685676665), ([[880, 208], [918, 208], [918, 234], [880, 234]], '(51', 0.18890665014185865), ([[750, 250], [834, 250], [834, 328], [750, 328]], '956)', 0.024514783173799515), ([[554, 672], [606, 672], [606, 704], [554, 704]], '시5개', 0.012112479750833611), ([[415, 1187], [435, 1187], [435, 1217], [415, 1217]], '시', 0.9999650719831585), ([[819, 1197], [833, 1197], [833, 1221], [819, 1221]], '영', 0.9405204706094459), ([[664, 1215], [803, 1215], [803, 1254], [664, 1254]], '그래도오|안', 0.8701560863095351), ([[817, 1223], [833, 1223], [833, 1249], [817, 1249]], '텅', 0.8901331688565648), ([[412, 1222], [438, 1222], [438, 1292], [412, 1292]], '러', 0.43167211175001796), ([[666, 1250], [802, 1250], [802, 1298], [666, 1298]], '이뤄게나 | 뜻', 0.2688461844213357), ([[95, 1220], [147, 1220], [147, 1381], [95, 1381]], '"', 0.11291466304083375), ([[410, 1292], [434, 1292], [434, 1320], [410, 1320]], '0', 0.9913003937293787), ([[665, 1297], [761, 1297], [761, 1339], [665, 1339]], '맛있논데', 0.2188771665096283), ([[504, 1516], [540, 1516], [540, 1540], [504, 1540]], '0<', 0.28103009768768417), ([[518, 1550], [564, 1550], [564, 1582], [518, 1582]], '해,', 0.013218965673468674), ([[456.20552140300424, 611.6904906657081], [540.3084060514786, 590.8241602885669], [550.7944785969958, 641.3095093342919], [466.69159394852136, 662.1758397114331]], '1*<"', 0.20851543545722961), ([[776.8550424457247, 1429.9130254674349], [855.0392942917852, 1384.8267331203656], [880.1449575542753, 1430.0869745325651], [801.9607057082148, 1475.1732668796344]], '-0', 0.3821504492324568)]
[([[1060, 78], [1114, 78], [1114, 130], [1060, 130]], '야', 0.9700025278560851), ([[422, 124], [510, 124], [510, 196], [422, 196]], '와안', 0.99707205108528), ([[512, 104], [544, 104], [544, 180], [512, 180]], '안', 0.5089879601144709), ([[529, 205], [571, 205], [571, 247], [529, 247]], '돼', 0.2065161177862871), ([[505, 247], [549, 247], [549, 285], [505, 285]], '에', 0.6950989251208739), ([[115, 649], [221, 649], [221, 691], [115, 691]], '에레 나는', 0.18930047628167596), ([[518, 654], [586, 654], [586, 708], [518, 708]], '#:', 0.03382209619146125), ([[115, 703], [175, 703], [175, 747], [115, 747]], '많이', 0.9985641903777095), ([[599, 643], [641, 643], [641, 745], [599, 745]], '와', 0.29653963785805004), ([[115, 757], [199, 757], [199, 801], [115, 801]], '싸는곁', 0.1483995498771446), ([[205, 975], [287, 975], [287, 1019], [205, 1019]], '저언부', 0.9892593474014784), ([[178, 1017], [321, 1017], [321, 1067], [178, 1067]], '질 내(안에)', 0.7068904651913638), ([[203, 1067], [287, 1067], [287, 1109], [203, 1109]], '싸쥐어', 0.27392174412724685), ([[991, 1112], [1103, 1112], [1103, 1153], [991, 1153]], '넘처버리면', 0.9661754815369339), ([[1009, 1155], [1083, 1155], [1083, 1193], [1009, 1193]], '의상이', 0.9969166350809427), ([[987, 1191], [1105, 1191], [1105, 1235], [987, 1235]], '더러 의지니', 0.4174664760709105), ([[1022, 1238], [1076, 1238], [1076, 1270], [1022, 1270]], '까아', 0.9943512745735595), ([[466.88537292822764, 187.08931215501147], [544.3698011318096, 204.09730581335256], [530.1146270717724, 262.9106878449885], [452.63019886819035, 245.90269418664744]], '대안드', 0.3861983885807772)]
[([[766, 78], [802, 78], [802, 108], [766, 108]], '에', 0.5045516175420204), ([[210, 100], [238, 100], [238, 140], [210, 140]], '심', 0.3143405096428218), ([[827, 129], [843, 129], [843, 151], [827, 151]], '6', 0.9952836940784806), ([[131, 133], [183, 133], [183, 169], [131, 169]], '너무', 0.9999030636245916), ([[205, 147], [241, 147], [241, 189], [205, 189]], '다', 0.9999675753360862), ([[765, 121], [801, 121], [801, 197], [765, 197]], '잇', 0.8537545668268685), ([[108, 167], [204, 167], [204, 206], [108, 206]], '딱딱해서', 0.9913947582244873), ([[1060, 150], [1090, 150], [1090, 224], [1060, 224]], '민', 0.028551582267951403), ([[111, 199], [243, 199], [243, 243], [111, 243]], '들어가지   양', 0.881394301958349), ([[146, 248], [186, 248], [186, 274], [146, 274]], '아~', 0.9860065103939577), ([[1072, 624], [1096, 624], [1096, 648], [1072, 648]], '야', 0.9998725693293729), ([[991, 645], [1059, 645], [1059, 681], [991, 681]], '안주의', 0.9996622808370335), ([[663, 675], [773, 675], [773, 719], [663, 719]], '[표적균적', 0.11136257512763105), ([[981, 683], [1071, 683], [1071, 719], [981, 719]], '엉덩 이에', 0.5138266601246555), ([[662, 720], [774, 720], [774, 768], [662, 768]], '[하게달라', 0.21368104662061646), ([[1002, 722], [1046, 722], [1046, 752], [1002, 752]], '아래', 0.8842211827264923), ([[650, 760], [680, 760], [680, 802], [650, 802]], '붙', 0.7765360527145191), ([[980, 754], [1069, 754], [1069, 794], [980, 794]], '구멍까지', 0.8665410876274109), ([[650, 806], [678, 806], [678, 844], [650, 844]], '어', 0.9999741317514612), ([[741, 869], [787, 869], [787, 909], [741, 909]], '하아', 0.7246951602918574), ([[713, 949], [757, 949], [757, 985], [713, 985]], '38', 0.8292788617800563), ([[281, 999], [413, 999], [413, 1059], [281, 1059]], '7" 아앗', 0.1904936295917464), ([[768, 1024], [812, 1024], [812, 1056], [768, 1056]], '여기', 0.9999771564845276), ([[105, 1073], [145, 1073], [145, 1123], [105, 1123]], '옛', 0.5380846895775591), ([[748.9563638994289, 909.1385464278869], [801.7187260018618, 919.5265425275642], [794.0436361005711, 953.8614535721131], [741.2812739981382, 943.4734574724358]], '>3', 0.214319705685444), ([[715.2446104253995, 1476.0719742120775], [768.995325584328, 1503.8066777943068], [752.7553895746005, 1535.9280257879225], [699.004674415672, 1507.1933222056932]], '이', 0.17408777001048836), ([[773.349208626544, 1506.071438819448], [798.4428556867581, 1495.0328668987208], [824.650791373456, 1556.928561180552], [799.5571443132419, 1567.9671331012792]], '솜', 0.05128352863336261)]
[([[711, 119], [759, 119], [759, 159], [711, 159]], '응9', 0.27572286371899335), ([[632, 152], [696, 152], [696, 182], [632, 182]], '오고"', 0.9996712277545133), ([[711, 163], [759, 163], [759, 203], [711, 203]], '들어', 0.9988398101884778), ([[628, 196], [658, 196], [658, 232], [628, 232]], "잇'", 0.1665273168623142), ([[674, 192], [704, 192], [704, 232], [674, 232]], '옷', 0.9872055664631638), ([[975, 181], [1072, 181], [1072, 229], [975, 229]], '거기9', 0.7717557866503837), ([[977, 233], [1069, 233], [1069, 277], [977, 277]], '거기맛', 0.4787746459490486), ([[496, 262], [594, 262], [594, 360], [496, 360]], '0', 0.46437931430320134), ([[978, 280], [1098, 280], [1098, 332], [978, 332]], '대로옷9', 0.724949300289154), ([[474, 1092], [502, 1092], [502, 1120], [474, 1120]], '', 0.0), ([[364, 1354], [404, 1354], [404, 1380], [364, 1380]], '%<', 0.21807535041610038), ([[354, 1384], [394, 1384], [394, 1408], [354, 1408]], '사(', 0.0786168560424097), ([[427, 1357], [465, 1357], [465, 1401], [427, 1401]], '18', 0.49738004317904183), ([[120, 1460], [162, 1460], [162, 1484], [120, 1484]], '새<', 0.37611354238131206), ([[374, 1532], [400, 1532], [400, 1574], [374, 1574]], '0', 0.9989953181623292), ([[546.7873218748183, 86.14928749927334], [608.4872434748714, 94.79440574963945], [602.2126781251817, 135.85071250072667], [540.5127565251286, 128.20559425036055]], '4"<', 0.08881088892254094), ([[148.54836124782287, 1109.0255789808411], [182.70861199326106, 1103.0632667041052], [198.45163875217713, 1204.9744210191589], [163.29138800673894, 1210.9367332958948]], '0', 0.24030955166589596), ([[345.3391813995449, 1419.0438604965868], [428.967496364865, 1466.4308077081926], [406.6608186004551, 1503.9561395034132], [323.032503635135, 1456.5691922918074]], '(유,9', 0.08344471454620361)]
[([[232, 82], [256, 82], [256, 112], [232, 112]], '안', 0.9999511247884953), ([[338, 110], [364, 110], [364, 134], [338, 134]], '하', 0.9980933226706981), ([[157, 117], [221, 117], [221, 159], [157, 159]], '앉다', 0.37831950145414556), ([[232, 132], [258, 132], [258, 166], [232, 166]], '쪽', 0.998573097343197), ([[172, 160], [204, 160], [204, 196], [172, 196]], '아', 0.9987094992203858), ([[1139, 333], [1177, 333], [1177, 373], [1139, 373]], '77', 0.7892454871706326), ([[467, 675], [503, 675], [503, 717], [467, 717]], '주', 0.9999398002148077), ([[121, 703], [215, 703], [215, 787], [121, 787]], '어)', 0.37181265752301146), ([[234, 768], [282, 768], [282, 816], [234, 816]], '41', 0.12539612405645026), ([[111, 799], [267, 799], [267, 885], [111, 885]], '*초', 0.08614939091297817), ([[490, 806], [538, 806], [538, 860], [490, 860]], '"', 0.7705418178001224), ([[636, 826], [712, 826], [712, 914], [636, 914]], '왜', 0.04602460040486278), ([[160, 892], [214, 892], [214, 940], [160, 940]], "417'", 0.26467365026474), ([[1068, 954], [1094, 954], [1094, 980], [1068, 980]], '아', 0.9990638302366541), ([[105, 977], [173, 977], [173, 1017], [105, 1017]], '얼날에', 0.2999276057787906), ([[192, 966], [216, 966], [216, 996], [192, 996]], '안', 0.9999706747297665), ([[567, 975], [639, 975], [639, 1011], [567, 1011]], '자지루', 0.34047759803398864), ([[662, 968], [698, 968], [698, 998], [662, 998]], '으응', 0.2848913211154351), ([[959, 977], [1009, 977], [1009, 1015], [959, 1015]], '00', 0.014561827917499878), ([[105, 1015], [173, 1015], [173, 1053], [105, 1053]], '안어울', 0.6980993276645315), ([[551, 1011], [661, 1011], [661, 1049], [551, 1049]], '녹어출께에', 0.7223091310368915), ([[1054, 1006], [1094, 1006], [1094, 1034], [1054, 1034]], '격해', 0.6518005728721619), ([[104, 1056], [150, 1056], [150, 1088], [104, 1088]], '리게', 0.998196591539971), ([[103, 1091], [143, 1091], [143, 1127], [103, 1127]], "$인'", 0.30681528807446207), ([[158, 1092], [182, 1092], [182, 1124], [158, 1124]], '곁', 0.8818584843380819), ([[906, 1114], [950, 1114], [950, 1144], [906, 1144]], '허리', 0.9995590038631803), ([[886, 1136], [910, 1136], [910, 1238], [886, 1238]], '#', 0.918095682243095), ([[599.184182983552, 499.08407832104956], [623.4516387521771, 479.02557898084115], [681.815817016448, 554.9159216789504], [657.5483612478229, 574.9744210191589]], '"', 0.502152711499221), ([[951.7254221340137, 824.1369418164631], [988.6483550846106, 801.0351332215832], [1035.2745778659862, 881.8630581835369], [999.3516449153894, 904.9648667784168]], '#', 0.6353946482776429)]
[([[995, 39], [1105, 39], [1105, 125], [995, 125]], '*', 0.3133026031187036), ([[114, 382], [168, 382], [168, 434], [114, 434]], '바', 0.08171737201411489), ([[837, 1489], [887, 1489], [887, 1527], [837, 1527]], '(88', 0.10210777135945068)]
[([[968, 86], [1060, 86], [1060, 162], [968, 162]], '배', 0.22504691840710223), ([[196, 674], [220, 674], [220, 702], [196, 702]], '안', 0.9999834299773944), ([[740, 706], [782, 706], [782, 736], [740, 736]], '뜨거', 0.37077396243238836), ([[147, 743], [193, 743], [193, 779], [147, 779]], '안주', 0.999426176743538), ([[739, 741], [783, 741], [783, 777], [739, 777]], '의어', 0.12163556294501464), ([[106, 927], [187, 927], [187, 1150], [106, 1150]], '"', 0.004226049691063771), ([[188, 1046], [220, 1046], [220, 1100], [188, 1100]], '{', 0.9561328442267758), ([[154, 1086], [180, 1086], [180, 1146], [154, 1146]], '해', 0.8703707160231069)]
[([[598, 154], [622, 154], [622, 212], [598, 212]], '폭', 0.429033551592525), ([[709, 165], [761, 165], [761, 203], [709, 203]], '잔뜩', 0.9856465670991669), ([[1049, 157], [1093, 157], [1093, 195], [1049, 195]], '질척', 0.39383327179069144), ([[605, 217], [619, 217], [619, 241], [605, 241]], '오', 0.8904444011897716), ([[687, 201], [779, 201], [779, 245], [687, 245]], '\'넣어 줄"', 0.32299749342109646), ([[1049, 193], [1097, 193], [1097, 235], [1049, 235]], '질척', 0.978147913940344), ([[1049, 235], [1097, 235], [1097, 271], [1049, 271]], '한계', 0.6782569964920229), ([[665, 251], [692, 251], [692, 358], [665, 358]], '"', 0.7350196761574104), ([[1049, 271], [1097, 271], [1097, 311], [1049, 311]], '잔뜩', 0.9979724119412697), ([[427, 817], [503, 817], [503, 855], [427, 855]], '치사해', 0.989396182162226), ([[427, 857], [503, 857], [503, 899], [427, 899]], '안주만', 0.9996781100060287), ([[418, 896], [511, 896], [511, 945], [418, 945]], '해주고!', 0.8609758019447327), ([[168, 970], [196, 970], [196, 1092], [168, 1092]], '춤', 0.010748451630967715), ([[255, 1028], [407, 1028], [407, 1090], [255, 1090]], '[부출어 움혜 |', 0.27995924628936086), ([[259, 1003], [349, 1003], [349, 1045], [259, 1045]], '움절하고', 0.573364794254303), ([[334, 976], [448, 976], [448, 1052], [334, 1052]], '다단트', 0.7861569989267175), ([[118, 978], [146, 978], [146, 1162], [118, 1162]], '7', 0.006153708414578463), ([[272, 1082], [332, 1082], [332, 1112], [272, 1112]], '아서"', 0.9981113228507593), ([[120, 1164], [146, 1164], [146, 1188], [120, 1188]], '17', 0.5338294381344492), ([[117, 1217], [183, 1217], [183, 1277], [117, 1277]], '허}', 0.16861287808116038), ([[226, 1474], [346, 1474], [346, 1578], [226, 1578]], '싸', 0.018771133924337713)]
[([[913, 171], [981, 171], [981, 211], [913, 211]], '아이돌', 0.9777453484290081), ([[1007, 165], [1043, 165], [1043, 205], [1007, 205]], '와', 0.9997298899921958), ([[1060, 148], [1088, 148], [1088, 254], [1060, 254]], '퍽', 0.11019880198120191), ([[913, 215], [981, 215], [981, 251], [913, 251]], '보지름', 0.39763929213725485), ([[1006, 206], [1038, 206], [1038, 244], [1006, 244]], '쥐', 0.9997989040394408), ([[529, 209], [615, 209], [615, 321], [529, 321]], '(', 0.4692195321719197), ([[921, 255], [991, 255], [991, 291], [921, 291]], '려워어', 0.2879714106124334), ([[1004, 246], [1032, 246], [1032, 284], [1004, 284]], '어', 0.9999729396743398), ([[297, 1107], [403, 1107], [403, 1197], [297, 1197]], '새', 0.0755818184284216), ([[788, 1312], [868, 1312], [868, 1414], [788, 1414]], '(', 0.8292647777352613), ([[748, 1390], [816, 1390], [816, 1444], [748, 1444]], '새새', 0.033973535467335315), ([[615.0578369393376, 257.04945092370735], [693.8252260812183, 301.23495478375634], [653.9421630606624, 369.95054907629265], [576.1747739187817, 324.76504521624366]], '(', 0.17154900640892734), ([[651.6702733784662, 324.14920286525125], [686.5854285441882, 295.0286288492801], [752.3297266215338, 379.85079713474875], [718.4145714558118, 408.9713711507199]], '뼈', 0.3601296446197608)]
[([[149, 200], [237, 200], [237, 251], [149, 251]], '간1', 0.03343328823319497), ([[966, 620], [996, 620], [996, 650], [966, 650]], '바', 0.9967005096286563), ([[1009, 619], [1061, 619], [1061, 655], [1009, 655]], '언저', 0.8894306347650917), ([[1001, 657], [1071, 657], [1071, 695], [1001, 695]], '독점해', 0.7524469642096796), ([[1003, 731], [1071, 731], [1071, 767], [1003, 767]], '미안해', 0.9986545824923465), ([[367, 1153], [409, 1153], [409, 1191], [367, 1191]], '4이', 0.1212929255789563), ([[360, 1206], [426, 1206], [426, 1258], [360, 1258]], '스요', 0.022035850423256828), ([[669, 1335], [707, 1335], [707, 1373], [669, 1373]], '17', 0.4949304578043577), ([[607, 1373], [627, 1373], [627, 1401], [607, 1401]], '맛', 0.9998314451678567), ([[607, 1411], [627, 1411], [627, 1441], [607, 1441]], '잎', 0.3864290603512224), ([[160, 1426], [308, 1426], [308, 1476], [160, 1476]], '5끼가 %는', 0.18393236282044437), ([[607, 1445], [625, 1445], [625, 1471], [607, 1471]], '어', 0.3974934972167233), ([[174, 1476], [282, 1476], [282, 1524], [174, 1524]], '안주" 와', 0.9950506107605253), ([[161, 1522], [280, 1522], [280, 1574], [161, 1574]], '교대해서', 0.9998441338539124), ([[999.4615384615385, 695.3076923076923], [1069.2945910202761, 687.7315930680065], [1072.5384615384614, 726.6923076923077], [1001.7054089797239, 734.2684069319935]], '버려서', 0.9876783373693933)]
[([[856, 148], [1048, 148], [1048, 198], [856, 198]], '언제나 리더답게', 0.553264940936034), ([[112, 171], [153, 171], [153, 272], [112, 272]], '하', 0.1210954265643247), ([[855, 195], [939, 195], [939, 239], [855, 239]], '의연한', 0.8844568859688434), ([[951, 197], [1071, 197], [1071, 239], [951, 239]], '초바사" 논', 0.5786291160826418), ([[114, 416], [202, 416], [202, 464], [114, 464]], '옛지률', 0.5879034381406354), ([[113, 461], [223, 461], [223, 505], [113, 505]], '시작히게', 0.7490879893302917), ([[117, 507], [171, 507], [171, 549], [117, 549]], '되면', 0.9903611914478271), ([[441, 671], [507, 671], [507, 709], [441, 709]], '꼬목 "', 0.14343325793743134), ([[437, 705], [517, 705], [517, 747], [437, 747]], '안아쥐', 0.9001784279595632), ([[528, 692], [569, 692], [569, 878], [528, 878]], '7', 0.1053224325474389), ([[538, 884], [568, 884], [568, 910], [538, 910]], '예', 0.3776634173591198), ([[95, 1107], [115, 1107], [115, 1129], [95, 1129]], '그', 0.2862576828033845), ([[123, 1101], [181, 1101], [181, 1139], [123, 1139]], '캠에', 0.5477862926029059), ([[105, 1133], [189, 1133], [189, 1173], [105, 1173]], '분해서', 0.9991673265489678), ([[1052, 1208], [1126, 1208], [1126, 1294], [1052, 1294]], '19)', 0.13560749380966297), ([[85.4356673520169, 1133.0812689968575], [102.4967507005354, 1130.062672267912], [107.5643326479831, 1170.9187310031425], [91.5032492994646, 1172.937327732088]], '흥', 0.10320655482488306)]
[([[533, 131], [579, 131], [579, 171], [533, 171]], '얼굴', 0.9891573193075446), ([[344, 122], [380, 122], [380, 297], [344, 297]], '7', 0.11230103495109134), ([[437, 215], [535, 215], [535, 253], [437, 253]], '안보이논', 0.8649658560752869), ([[957, 155], [975, 155], [975, 213], [957, 213]], '러', 0.27433517372097427), ([[433, 257], [453, 257], [453, 281], [433, 281]], '거', 0.9999648335687574), ([[462, 248], [544, 248], [544, 296], [462, 296]], '무서원', 0.4269877238483267), ([[159, 725], [179, 725], [179, 747], [159, 747]], '해', 0.9997528944099408), ([[114, 687], [143, 687], [143, 810], [114, 810]], '#', 0.7635440084996503), ([[393, 771], [485, 771], [485, 813], [393, 813]], '초바사 ,', 0.809393789286441), ([[400, 803], [487, 803], [487, 855], [400, 855]], '원해?', 0.9145094447674275), ([[555, 813], [593, 813], [593, 857], [555, 857]], '러', 0.6373485046803786), ([[111, 836], [167, 836], [167, 915], [111, 915]], '국', 0.0901006180971331), ([[515, 761], [551, 761], [551, 949], [515, 949]], '}', 0.09875277674373795), ([[366, 992], [392, 992], [392, 1032], [366, 1032]], '너', 0.9996064096618653), ([[409, 957], [447, 957], [447, 1078], [409, 1078]], "'", 0.1488109227250476), ([[364, 1070], [394, 1070], [394, 1114], [364, 1114]], '허', 0.5088002765915576), ([[480, 1056], [654, 1056], [654, 1104], [480, 1104]], '괴롭 히고 키사', 0.3052558078298219), ([[416, 1090], [446, 1090], [446, 1134], [416, 1134]], '쥐', 0.9999111910511296), ([[478, 1106], [600, 1106], [600, 1154], [478, 1154]], '싶어진다', 0.9562743902206421), ([[114, 1250], [196, 1250], [196, 1326], [114, 1326]], '세부', 0.0028291235411804635), ([[135.39413681728342, 1399.2188925422204], [171.57427443986555, 1365.0275458253984], [242.60586318271658, 1446.7811074577796], [206.42572556013445, 1480.9724541746016]], '$', 0.8587243863830771), ([[869.3424040507786, 1631.0544243046713], [916.9271194023611, 1670.2399123737366], [894.6575959492214, 1698.9455756953287], [847.0728805976389, 1659.7600876262634]], '(:', 0.3750755451218392)]
[([[128, 88], [174, 88], [174, 112], [128, 112]], '<', 0.7967142235631997), ([[975, 1367], [1077, 1367], [1077, 1407], [975, 1407]], '아양 정말', 0.8444827988409173), ([[967, 1407], [1083, 1407], [1083, 1447], [967, 1447]], '순종적 이고', 0.6652326744173822), ([[985, 1443], [1064, 1443], [1064, 1487], [985, 1487]], '연약한', 0.8488013910755263), ([[991, 1489], [1067, 1489], [1067, 1525], [991, 1525]], '초바사', 0.9155949129056109), ([[965, 1521], [1086, 1521], [1086, 1571], [965, 1571]], '귀여워어 9', 0.7486923461963438)]
[([[369, 51], [472, 51], [472, 270], [369, 270]], '7', 0.2914070004436695), ([[768, 158], [834, 158], [834, 212], [768, 212]], '무비', 0.008519022575304097), ([[208, 234], [274, 234], [274, 282], [208, 282]], '뒤"', 0.03254713310122199), ([[120, 280], [200, 280], [200, 334], [120, 334]], '대<', 0.20855979263322066), ([[560, 316], [653, 316], [653, 431], [560, 431]], '"', 0.031208298008783553), ([[683, 403], [731, 403], [731, 439], [683, 439]], '버$', 0.1486887328392789), ([[662, 432], [704, 432], [704, 458], [662, 458]], '85', 0.2477492899859227), ([[1119.2190947487572, 402.02179600275554], [1218.8720378307544, 464.49448984347254], [1127.7809052512428, 608.9782039972445], [1027.1279621692456, 546.5055101565275]], '벼', 0.017828977095607712)]
[([[350, 124], [448, 124], [448, 176], [350, 176]], '어이칭;', 0.013733332976698875), ([[330, 164], [384, 164], [384, 212], [330, 212]], '(3', 0.5429843654267622), ([[867, 181], [939, 181], [939, 221], [867, 221]], '엉덩이', 0.9959577348628732), ([[957, 179], [977, 179], [977, 209], [957, 209]], '텅', 0.5335531597930334), ([[780, 192], [854, 192], [854, 235], [780, 235]], '(게궁?', 0.1872527301311493), ([[764, 234], [838, 234], [838, 266], [764, 266]], '(-비중?', 0.11787262217672238), ([[857, 221], [949, 221], [949, 259], [857, 259]], '조하아9', 0.5743716955184937), ([[620, 332], [654, 332], [654, 356], [620, 356]], '53', 0.02077803226221507), ([[597, 365], [645, 365], [645, 405], [597, 405]], '7]', 0.1182305003500826), ([[577, 401], [631, 401], [631, 443], [577, 443]], '743', 0.1431239132571735), ([[104, 433], [317, 433], [317, 568], [104, 568]], '멈저 ', 0.04824863374233246), ([[389, 461], [457, 461], [457, 527], [389, 527]], '턱', 0.01988918312361343), ([[404, 512], [460, 512], [460, 576], [404, 576]], '처', 0.5712031103192352), ([[540, 452], [612, 452], [612, 602], [540, 602]], '왜', 0.017306829357682796), ([[979, 463], [1039, 463], [1039, 539], [979, 539]], '와', 0.9134967786895345), ([[1057, 485], [1101, 485], [1101, 529], [1057, 529]], '에', 0.6959372162818909), ([[1057, 473], [1143, 473], [1143, 567], [1057, 567]], '에앗', 0.5957019668563917), ([[61, 555], [255, 555], [255, 645], [61, 645]], '아 버처', 0.15728649497032166), ([[995, 523], [1063, 523], [1063, 615], [995, 615]], '계', 0.8662118172975433), ([[847, 1149], [893, 1149], [893, 1191], [847, 1191]], '내', 0.07915789891649183), ([[756, 1174], [822, 1174], [822, 1222], [756, 1222]], '1', 0.029318897526193988), ([[634.8858279709377, 311.2145699273442], [675.7500878941253, 316.8012437384582], [672.1141720290623, 341.7854300726558], [631.2499121058747, 336.1987562615418]], '53', 0.11532849418451945), ([[1028.8503320980383, 646.4856974058804], [1095.4669018594088, 631.3971412049281], [1104.1496679019617, 676.5143025941196], [1037.5330981405912, 691.6028587950719]], '안족', 0.23666065663373692)]
[([[392, 154], [475, 154], [475, 195], [392, 195]], '두 사람', 0.9588566102002543), ([[493, 147], [543, 147], [543, 185], [493, 185]], '그런', 0.9724749988564597), ([[1019, 137], [1091, 137], [1091, 177], [1019, 177]], '아이돌', 0.9958842694530674), ([[180, 172], [206, 172], [206, 264], [180, 264]], '유', 0.045934558733592645), ([[269, 203], [385, 203], [385, 239], [269, 239]], '러보다 이브', 0.6451616018855655), ([[396, 202], [422, 202], [422, 228], [396, 228]], '이', 0.999188111177375), ([[423, 197], [477, 197], [477, 237], [423, 237]], '너무', 0.9998374013305197), ([[504, 192], [534, 192], [534, 226], [504, 226]], '말', 0.9996573026579405), ([[1021, 177], [1095, 177], [1095, 213], [1021, 213]], '이니까', 0.998550262559334), ([[281, 233], [379, 233], [379, 271], [281, 271]], '지역예선', 0.9261941909790039), ([[409, 237], [461, 237], [461, 275], [409, 275]], '들이', 0.9996383991914088), ([[483, 227], [557, 227], [557, 267], [483, 267]], '활거 야', 0.735804056594354), ([[904, 210], [1104, 210], [1104, 258], [904, 258]], '질내사정 임신같은', 0.6372051846519647), ([[929, 255], [979, 255], [979, 297], [929, 297]], '당해', 0.9998661442332183), ([[999, 257], [1103, 257], [1103, 295], [999, 295]], '건 절대로', 0.679902801092577), ([[397, 277], [471, 277], [471, 315], [397, 315]], '대니깐', 0.8877118138850852), ([[915, 295], [991, 295], [991, 337], [915, 337]], '버릇어', 0.1895948903724281), ([[1009, 297], [1103, 297], [1103, 335], [1009, 335]], '안되논데', 0.5010207891464233), ([[407, 341], [425, 341], [425, 369], [407, 369]], '모', 0.9963970509518028), ([[120, 344], [170, 344], [170, 554], [120, 554]], '벼', 0.06750484470083862), ([[400, 372], [428, 372], [428, 488], [400, 488]], '#', 0.24211976433108262), ([[280, 946], [384, 946], [384, 978], [280, 978]], '러보라 이브', 0.9093270554486927), ([[192, 980], [224, 980], [224, 1026], [192, 1026]], '은', 0.999595444595812), ([[291, 975], [379, 975], [379, 1011], [291, 1011]], '지역예선', 0.742711067199707), ([[102, 1058], [174, 1058], [174, 1160], [102, 1160]], '유', 0.6285585065238344), ([[1047, 1281], [1067, 1281], [1067, 1321], [1047, 1321]], '텅', 0.9708012993180581), ([[1000, 1290], [1026, 1290], [1026, 1350], [1000, 1350]], '탑', 0.010353212870517992), ([[1048, 1326], [1072, 1326], [1072, 1358], [1048, 1358]], '지', 0.9986569625472299), ([[489, 1309], [531, 1309], [531, 1457], [489, 1457]], '자', 0.8334316293630764), ([[673, 1375], [773, 1375], [773, 1413], [673, 1413]], '금지니까', 0.9834258556365967), ([[685, 1345], [757, 1345], [757, 1381], [685, 1381]], '자위도', 0.9962630230594108), ([[873, 1349], [893, 1349], [893, 1433], [873, 1433]], '로', 0.06717308773815578), ([[954, 1280], [984, 1280], [984, 1456], [954, 1456]], '}', 0.010179897747511157), ([[563, 1439], [657, 1439], [657, 1479], [563, 1479]], '예옛 자지', 0.23671327876753326), ([[560, 1474], [662, 1474], [662, 1506], [560, 1506]], '자위금 지논', 0.9335934850514225), ([[197.68264183621943, 878.0168332604627], [226.15163570666297, 881.229849246135], [215.31735816378057, 977.9831667395373], [186.84836429333703, 975.770150753865]], '응', 0.11267614579114493)]
[([[56, 86], [370, 86], [370, 402], [56, 402]], '이', 0.9154476177454605), ([[523, 65], [1180, 65], [1180, 438], [523, 438]], '뒤에', 0.9939799234792915), ([[42, 393], [644, 393], [644, 858], [42, 858]], '엉망', 0.9978363612406175), ([[547, 369], [1189, 369], [1189, 1285], [547, 1285]], '적깨', 0.0004916362777777024), ([[449.79855986062, 1190.0128895048915], [1084.2454224329506, 1298.2735460582326], [984.20144013938, 1767.9871104951085], [349.7545775670494, 1659.7264539417674]], '쟁다', 0.0893857022489754)]
[([[503, 123], [673, 123], [673, 161], [503, 161]], '기다리석습니다.', 0.5479924966497963), ([[210, 151], [968, 151], [968, 199], [210, 199]], '[4-"-.] 책, 일단 완성햇습니다. 왜 일단이라고 하나면 예고편으로부터', 0.146375307328545), ([[389, 191], [797, 191], [797, 231], [389, 231]], '너무 오래되서 의욕이 떨어적다 햇다가', 0.39953679054389535), ([[295, 229], [887, 229], [887, 267], [295, 267]], '시간이 부족해 그리지 못햇던 에피소드가 있어서 입니다.', 0.4755598148489893), ([[337, 261], [843, 261], [843, 301], [337, 301]], '그래도 그리고 싶엇던 그림은 대부분 그렇으므로', 0.2481946385831152), ([[377, 297], [797, 297], [797, 337], [377, 337]], '우선은 만족하고 있다고 할 수 있젠군요.', 0.44955478430364143), ([[349, 365], [831, 365], [831, 407], [349, 407]], '그런데 정말로 러브라이브가 이렇계 홍할 줄은', 0.6483387293195105), ([[371, 401], [807, 401], [807, 441], [371, 441]], '생각 못햇습니다. 실레이지만 당초 작화 7', 0.5349309414521591), ([[301, 437], [879, 437], [879, 477], [301, 477]], '정말로 별로여서개인적 감상입니다) 최초의 싱글 [도', 0.39088826702076684), ([[329, 471], [848, 471], [848, 511], [329, 511]], '만족할만한건 아니여서, 예고편에서도 섞습니다만', 0.5781610880767111), ([[297, 507], [885, 507], [885, 547], [297, 547]], '나시다 작화가 전면적으로 부각된 [1,2,;나검명!] 이래로는', 0.08554424694428894), ([[371, 541], [809, 541], [809, 581], [371, 581]], '제대로 챙겨보고 있습니다만 , 그래도 뛰어', 0.5074366595085938), ([[379, 575], [801, 575], [801, 617], [379, 617]], '안되켓지 정도 밖에는 생각 못햇습니다,', 0.48925491312323777), ([[535, 611], [639, 611], [639, 651], [535, 651]], '죄송함다 .', 0.4946335991706718), ([[357, 645], [823, 645], [823, 687], [357, 687]], "뭐 그래도, 이러저러 4 '$에컨 지지키가 없는", 0.20551640291859316), ([[337, 681], [845, 681], [845, 721], [337, 721]], '제계는 2기에는 내용도 거진 비슷하고, 이야기가', 0.6712451432375671), ([[355, 717], [825, 717], [825, 757], [355, 757]], '너무 엉망진창이라 개인적으론 괴로워습니다.', 0.4271040271646539), ([[317, 751], [863, 751], [863, 791], [317, 791]], '그런 관계로 어라이즈트 좋아하게 된 건 필연이라는', 0.38523133338357823), ([[395, 787], [783, 787], [783, 827], [395, 827]], '거젯군요! 그리하여 이런 취급이지만 .', 0.37371452750101086), ([[351, 855], [825, 855], [825, 895], [351, 895]], '에로 동인지틀 위한 성격이라 어절 수 없군요', 0.6124378670090397), ([[309, 925], [869, 925], [869, 965], [309, 965]], '그럼, 다시 다음 책에서 만날 수 있으면 기뻐켓습니다', 0.750677679510106), ([[491, 997], [691, 997], [691, 1035], [491, 1035]], '우타타네 히로유키', 0.926843444877276)]
[([[898, 521], [1071, 521], [1071, 584], [898, 584]], '1"_5', 0.0020315423607826233), ([[515, 1097], [679, 1097], [679, 1141], [515, 1141]], '8 < 314', 0.14693706797509928), ([[584, 1146], [610, 1146], [610, 1170], [584, 1170]], '*', 0.9981314336228166), ([[491, 1173], [703, 1173], [703, 1217], [491, 1217]], '[4 "-\'6]', 0.01046888356885812), ([[429, 1211], [767, 1211], [767, 1247], [429, 1247]], '단?0 < +*0 <##홀닫 쇼(=', 0.03433137491447637), ([[478, 1239], [716, 1239], [716, 1269], [478, 1269]], '#촌 3 ?쇼:색강+:', 0.0026281004048548068), ([[584, 1298], [610, 1298], [610, 1322], [584, 1322]], '*', 0.9995453874495439), ([[512, 1326], [684, 1326], [684, 1376], [512, 1376]], '2014.05.25', 0.9981964079732312), ([[582, 1376], [610, 1376], [610, 1400], [582, 1400]], '*', 0.9971416186077455), ([[448, 1401], [766, 1401], [766, 1451], [448, 1451]], '#) # - 0( 21공', 0.026530992298121673), ([[582, 1454], [608, 1454], [608, 1478], [582, 1478]], '*', 0.9856897073760251), ([[507, 1481], [687, 1481], [687, 1525], [507, 1525]], '0:-레어:0-', 0.00016982546012333559), ([[198, 1525], [989, 1525], [989, 1564], [198, 1564]], '##후주닮 . # 빠#빛하 8 대_ 지+ + _꽃 (- 탓 5>리6팔스07 " 77-:', 0.00020099562145769662), ([[341, 1551], [847, 1551], [847, 1587], [341, 1587]], '주_*#흡. (궁 / 다뒷다수주 #( _ 채 손*[ * 호 .', 0.003517404573656156), ([[402, 1582], [796, 1582], [796, 1612], [402, 1612]], '# + *탓소름 0 ##흙 탤최손 % ( * 호 .', 0.0037864337756522834)]
