745412
9
[([[1079, 59], [1665, 59], [1665, 407], [1079, 407]], '본격', 0.9998309110311461), ([[1063, 437], [1725, 437], [1725, 697], [1063, 697]], '비비안', 0.9992580290066009), ([[848, 698], [1727, 698], [1727, 977], [848, 977]], '농극하기', 0.2464165985584259), ([[1218, 2142], [1716, 2142], [1716, 2240], [1218, 2240]], '6커 어터월들이 [50', 0.017849680657879112)]
[([[708, 186], [756, 186], [756, 238], [708, 238]], '뭐', 0.9997432396738901), ([[801, 323], [941, 323], [941, 389], [801, 389]], '뭐하는', 0.5101694653841568), ([[816, 390], [930, 390], [930, 438], [816, 438]], '거야;,', 0.6114036440849304), ([[1170, 696], [1504, 696], [1504, 768], [1170, 768]], '내사람이 되고', 0.9127675480022035), ([[1204, 758], [1562, 758], [1562, 838], [1204, 838]], '싶다고 햇단 건', 0.40914712122467684), ([[1297, 831], [1523, 831], [1523, 891], [1297, 891]], '너여잡아;', 0.2952643256774635), ([[1366, 870], [1452, 870], [1452, 902], [1366, 902]], ', (', 0.04434709995985031), ([[181, 1233], [221, 1233], [221, 1285], [181, 1285]], '그', 0.9998962906071398), ([[174, 1352], [254, 1352], [254, 1424], [174, 1424]], '건', 0.999859814788806), ([[267, 1376], [329, 1376], [329, 1625], [267, 1625]], '탑', 0.006404752278045045), ([[1218, 2144], [1716, 2144], [1716, 2240], [1218, 2240]], '6 몸/터월들이@', 0.003816584461047761)]
[([[1028, 144], [1082, 144], [1082, 196], [1028, 196]], '시', 0.9999626878404264), ([[1029, 377], [1109, 377], [1109, 556], [1029, 556]], '뭐', 0.021785780558343015), ([[1288, 726], [1406, 726], [1406, 802], [1288, 802]], '설마', 0.9999455467059719), ([[1406, 824], [1652, 824], [1652, 900], [1406, 900]], '네 주인이', 0.5911025673138202), ([[1442, 896], [1616, 896], [1616, 976], [1442, 976]], '나란걸', 0.5386125930650163), ([[1431, 959], [1627, 959], [1627, 1048], [1431, 1048]], '잊은 건', 0.9793281618749543), ([[1402, 1042], [1660, 1042], [1660, 1120], [1402, 1120]], '아니것지?', 0.7120322372823482), ([[225, 1645], [285, 1645], [285, 1933], [225, 1933]], '날', 0.08426219255399303), ([[1218, 2144], [1716, 2144], [1716, 2240], [1218, 2240]], '6 몸/터닥들이@', 0.004808546640009706)]
[([[1075, 643], [1153, 643], [1153, 703], [1075, 703]], '호~', 0.9996697532692347), ([[1243, 729], [1579, 729], [1579, 813], [1243, 813]], '얼굴만큼이나', 0.8768157954277013), ([[1178, 794], [1657, 794], [1657, 890], [1178, 890]], '예뿐 보지틀 가져군', 0.6905539852579657), ([[1366, 880], [1474, 880], [1474, 936], [1366, 936]], '그래', 0.9999769036051378), ([[162, 1162], [214, 1162], [214, 1230], [162, 1230]], '욕', 0.8762640277396372), ([[150, 1640], [202, 1640], [202, 1716], [150, 1716]], '잠', 0.999445515269656), ([[149, 1765], [209, 1765], [209, 1839], [149, 1839]], '깐', 0.259557176526247), ([[284, 1876], [426, 1876], [426, 1954], [284, 1954]], '잠깐!', 0.6484734301352423), ([[1218, 2144], [1716, 2144], [1716, 2240], [1218, 2240]], '6 몸/터닥들이@', 0.004808546640009706)]
[([[1388, 472], [1664, 472], [1664, 546], [1388, 546]], '가만능 있어!', 0.5276676607310563), ([[127, 731], [187, 731], [187, 793], [127, 793]], '하', 0.8823333122820465), ([[1252, 698], [1490, 698], [1490, 778], [1252, 778]], '기분 중계', 0.42434775498832744), ([[1176, 768], [1570, 768], [1570, 844], [1176, 844]], '만들어줄 테니까', 0.7859125388885294), ([[132, 798], [180, 798], [180, 908], [132, 908]], '욕', 0.2542411232595363), ([[249, 1489], [311, 1489], [311, 1663], [249, 1663]], '약', 0.9880602080054111), ([[1218, 2144], [1716, 2144], [1716, 2240], [1218, 2240]], '6 몸/터닥들이@', 0.004808546640009706)]
[([[1114, 566], [1214, 566], [1214, 622], [1114, 622]], '후우 ;', 0.6940913200378418), ([[1260, 649], [1610, 649], [1610, 726], [1260, 726]], '이제 본격적으로', 0.96728238169981), ([[1393, 715], [1583, 715], [1583, 783], [1393, 783]], '즐겨보지', 0.9766850471496582), ([[153, 1147], [199, 1147], [199, 1191], [153, 1191]], '거', 0.9999972581882197), ([[148, 1193], [208, 1193], [208, 1359], [148, 1359]], '쭉', 0.3254057992525219), ([[224, 1558], [370, 1558], [370, 1614], [224, 1614]], '저런 게', 0.9909297967869392), ([[259, 1617], [307, 1617], [307, 1657], [259, 1657]], '내', 0.9995915114889478), ([[215, 1663], [387, 1663], [387, 1725], [215, 1725]], '안으로!?', 0.8028006422261651), ([[1218, 2144], [1716, 2144], [1716, 2240], [1218, 2240]], '6 몸/터닥들이@', 0.004808546640009706)]
[([[864, 164], [918, 164], [918, 382], [864, 382]], '3', 0.04672071328883831), ([[105, 953], [145, 953], [145, 1003], [105, 1003]], '그', 0.9997576621980251), ([[98, 1002], [146, 1002], [146, 1088], [98, 1088]], '헌', 0.25778413128282196), ([[186, 1096], [238, 1096], [238, 1170], [186, 1170]], '할', 0.17718690563448547), ([[98, 1148], [154, 1148], [154, 1198], [98, 1198]], '거', 0.9999965429335909), ([[186, 1188], [240, 1188], [240, 1250], [186, 1250]], '수', 0.9999587540111321), ([[187, 1273], [241, 1273], [241, 1389], [187, 1389]], '없', 0.0651136694189205), ([[855, 1821], [1275, 1821], [1275, 1907], [855, 1907]], '이제 와서 내술', 0.5325357000031528), ([[820, 1895], [1371, 1895], [1371, 1995], [820, 1995]], '떨어보야 소용없어!', 0.6764802886176188), ([[1218, 2142], [1716, 2142], [1716, 2240], [1218, 2240]], '6커 몸어터월들이[50', 0.013238570164872234)]
[([[1090, 364], [1176, 364], [1176, 444], [1090, 444]], '학!', 0.7525079958162335), ([[1350, 374], [1426, 374], [1426, 446], [1350, 446]], '아', 0.9999392041863899), ([[1351, 445], [1419, 445], [1419, 543], [1351, 543]], '옷', 0.9777007831473981), ([[1253, 561], [1315, 561], [1315, 725], [1253, 725]], '용', 0.18788601898224044), ([[193, 851], [303, 851], [303, 963], [193, 963]], '하', 0.9421496535758287), ([[1608, 854], [1684, 854], [1684, 1068], [1608, 1068]], '유', 0.17041679394368714), ([[780, 1411], [877, 1411], [877, 1682], [780, 1682]], '옷', 0.9222005280942227), ([[723, 1683], [833, 1683], [833, 2027], [723, 2027]], '가', 0.8446518764994018), ([[1218, 2144], [1716, 2144], [1716, 2240], [1218, 2240]], '6 몸/터닥들이@', 0.004808546640009706), ([[153.60790542471491, 927.0034943265065], [317.4368002385866, 946.6820177740459], [246.39209457528509, 1531.9965056734934], [82.56319976141337, 1512.317982225954]], '#', 0.20360998269989583)]
[([[1098, 664], [1248, 664], [1248, 738], [1098, 738]], '휴우  ', 0.5280030965805054), ([[1095, 799], [1583, 799], [1583, 887], [1095, 887]], '안에다 싸버량다;', 0.4800015210772637), ([[177, 1251], [241, 1251], [241, 1317], [177, 1317]], '하', 0.8897114554457062), ([[179, 1319], [239, 1319], [239, 1379], [179, 1379]], '아', 0.9997223808354114), ([[364, 1640], [420, 1640], [420, 1802], [364, 1802]], '흙', 0.2601601217199381), ([[255, 1833], [321, 1833], [321, 2051], [255, 2051]], '욕', 0.21739831911344343), ([[1218, 2144], [1716, 2144], [1716, 2240], [1218, 2240]], '6 몸/터닥들이@', 0.004808546640009706)]
