746026
25
[([[357, 67], [369, 67], [369, 109], [357, 109]], '물', 0.5552251161441326), ([[357, 109], [371, 109], [371, 133], [357, 133]], '호', 0.10437639422531308), ([[357, 175], [369, 175], [369, 215], [357, 215]], '통', 0.018248215309096816), ([[24, 194], [48, 194], [48, 318], [24, 318]], '}', 0.022523870835616577), ([[24, 494], [104, 494], [104, 518], [24, 518]], '(습:타-7-?0', 4.3249839395163645e-05), ([[382, 562], [422, 562], [422, 586], [382, 586]], '5귀,', 0.009144689465933054), ([[382, 584], [438, 584], [438, 608], [382, 608]], '^어감+', 0.0044359262101352215), ([[382, 608], [432, 608], [432, 632], [382, 632]], '이미커', 0.0033688857543712858)]
[([[40, 58], [166, 58], [166, 265], [40, 265]], '-', 0.023101969139860623)]
[([[245, 57], [269, 57], [269, 75], [245, 75]], '84@', 0.002361279410098774), ([[269, 67], [291, 67], [291, 87], [269, 87]], '1대0 .', 0.026963209427436883), ([[309, 263], [331, 263], [331, 275], [309, 275]], '이기', 0.9144462454256634), ([[313, 273], [337, 273], [337, 285], [313, 285]], '라아,', 0.3946299823828905), ([[301, 283], [331, 283], [331, 297], [301, 297]], '오늘은', 0.20502423134494732), ([[324.8675748105346, 138.09220634426126], [371.639516134592, 114.02927413294738], [417.1324251894654, 212.90779365573874], [369.360483865408, 236.97072586705264]], '올', 0.48055986254926)]
[([[155, 239], [197, 239], [197, 253], [155, 253]], '보모환', 0.08758971123257764), ([[213, 239], [315, 239], [315, 253], [213, 253]], '"문온스 호노=', 0.0011536272282213077), ([[155, 253], [201, 253], [201, 267], [155, 267]], "5 예'구되1", 0.01211734899003457), ([[207, 253], [309, 253], [309, 267], [207, 267]], '지.큰0 @명움0처 01 5', 0.0015270740054001918), ([[60, 516], [134, 516], [134, 566], [60, 566]], '#', 0.03361766939892519)]
[([[83, 137], [121, 137], [121, 175], [83, 175]], '9', 0.012702440479602173), ([[237, 205], [269, 205], [269, 217], [237, 217]], '자판 난 ,', 0.31650284260847567), ([[239, 227], [263, 227], [263, 239], [239, 239]], '유기', 0.4587984866869591), ([[331, 387], [355, 387], [355, 399], [331, 399]], '값아', 0.07178520262043336), ([[161, 471], [195, 471], [195, 485], [161, 485]], '그치만 .', 0.6083216545106196), ([[167, 483], [199, 483], [199, 495], [167, 495]], '오눕은', 0.288813763825599), ([[159, 493], [205, 493], [205, 507], [159, 507]], '끊이 많이', 0.5512516723148609), ([[166, 506], [194, 506], [194, 514], [166, 514]], '나시', 0.20826729475964154), ([[197, 531], [239, 531], [239, 545], [197, 545]], '노리규키', 0.20989573001861572), ([[197, 553], [229, 553], [229, 567], [197, 567]], '더단 만', 0.3831149637699127), ([[197, 565], [243, 565], [243, 579], [197, 579]], '아니없이?', 0.810794179320922)]
[([[353, 87], [383, 87], [383, 101], [353, 101]], '요미회', 0.25188447728669194), ([[357, 99], [379, 99], [379, 111], [357, 111]], '벤씨', 0.18314597734479127), ([[259.35289989173407, 434.05268933957785], [291.61594168505957, 426.0477075208677], [309.64710010826593, 502.94731066042215], [278.38405831494043, 510.9522924791323]], '품', 0.9812056796082658)]
[([[146, 124], [176, 124], [176, 154], [146, 154]], '대', 0.7184094639102376), ([[160, 146], [202, 146], [202, 170], [160, 170]], '예@', 0.007887822036533414), ([[77, 213], [115, 213], [115, 249], [77, 249]], '1', 0.0113543824316365), ([[144, 250], [172, 250], [172, 282], [144, 282]], '지', 0.024345225816422067), ([[371, 351], [401, 351], [401, 363], [371, 363]], '그넣기', 0.13094040751457214), ([[71.78119921509908, 260.6717988226486], [97.64710010826592, 237.05268933957785], [137.2188007849009, 282.3282011773514], [111.35289989173408, 305.94731066042215]], '틈', 0.14359336744579654)]
[([[206, 132], [256, 132], [256, 204], [206, 204]], '@', 0.004369854368519777), ([[377, 231], [405, 231], [405, 245], [377, 245]], '요미외', 0.620593311732843), ([[372, 238], [408, 238], [408, 268], [372, 268]], '울보다', 0.10974845961751878), ([[383, 275], [405, 275], [405, 289], [383, 289]], '은다', 0.16761433196243758), ([[233, 349], [265, 349], [265, 363], [233, 363]], '않1만', 0.056328881513043924), ([[233, 359], [257, 359], [257, 373], [233, 373]], '소리 ,', 0.5378123824016379), ([[233, 371], [263, 371], [263, 383], [233, 383]], '다회 .', 0.07861630961953418), ([[207, 379], [229, 379], [229, 391], [207, 391]], '양맛', 0.23135963348119834), ([[305, 463], [335, 463], [335, 477], [305, 477]], '여기논', 0.5876957024649507), ([[307, 475], [331, 475], [331, 487], [307, 487]], '어머', 0.36394371524356545), ([[191, 497], [229, 497], [229, 547], [191, 547]], '거', 0.10526290091690171), ([[222, 542], [248, 542], [248, 574], [222, 574]], '에', 0.09999572005932578), ([[57, 577], [79, 577], [79, 589], [57, 589]], '유기?', 0.39032618942092623)]
[([[189, 51], [219, 51], [219, 63], [189, 63]], '더러오', 0.40696583332395514), ([[190, 58], [216, 58], [216, 88], [190, 88]], '년륙', 0.02142259145111732), ([[43, 97], [73, 97], [73, 111], [43, 111]], '게다가', 0.8586937238971746), ([[41, 109], [73, 109], [73, 121], [41, 121]], '여기도', 0.5524792263652596), ([[53, 119], [75, 119], [75, 133], [53, 133]], '희율', 0.03095935291641237), ([[39, 119], [53, 119], [53, 145], [39, 145]], '*', 0.2434923886624043), ([[53, 131], [75, 131], [75, 143], [53, 143]], '사아.', 0.5056782871235759), ([[193, 203], [215, 203], [215, 215], [193, 215]], '노리', 0.9983035053808226), ([[191, 215], [219, 215], [219, 227], [191, 227]], '유히?', 0.3835761249065399), ([[45, 251], [81, 251], [81, 263], [45, 263]], '안되어?', 0.12683089031723582), ([[45, 261], [81, 261], [81, 275], [45, 275]], '그런 *', 0.32627605870976034), ([[192, 346], [218, 346], [218, 354], [192, 354]], '자-아', 0.17243618171199665), ([[195, 355], [217, 355], [217, 369], [195, 369]], '더운', 0.065052221064973), ([[275, 551], [287, 551], [287, 579], [275, 579]], '럿', 0.432352297971935), ([[193.47000105999683, 189.15200169599493], [215.91707005625324, 192.60127388858555], [213.52999894000317, 206.84799830400507], [191.08292994374676, 203.39872611141445]], '싣하 ,', 0.15085573494434357)]
[([[243, 177], [287, 177], [287, 223], [243, 223]], '셋3', 0.07857208512916736), ([[77, 329], [99, 329], [99, 341], [77, 341]], '소리', 0.999992329282188), ([[77, 339], [99, 339], [99, 353], [77, 353]], '나와', 0.10604275901516262), ([[299, 577], [313, 577], [313, 609], [299, 609]], '벼', 0.8243063932750374), ([[192.38249247890556, 77.0479518649956], [223.02061704492408, 73.13239856660353], [232.61750752109444, 148.95204813500442], [201.97938295507592, 152.8676014333965]], '탑', 0.017270727190529023), ([[360.184182983552, 249.0840783210496], [389.56568542494927, 238.04020202535534], [412.815817016448, 304.91592167895044], [383.43431457505073, 315.9597979746447]], '6', 0.4721802852349164), ([[316.203970247832, 284.03970247832007], [416.98198322718207, 337.4633960855676], [382.796029752168, 399.96029752167993], [282.01801677281793, 346.5366039144324]], "'#", 0.6647322984622408)]
[([[422, 370], [452, 370], [452, 410], [422, 410]], '77', 0.43405305559473206), ([[358, 598], [388, 598], [388, 622], [358, 622]], "'70", 0.019519061014047774)]
[([[63, 543], [87, 543], [87, 557], [63, 557]], '탑 디', 0.2503480841457977), ([[63, 555], [87, 555], [87, 569], [63, 569]], '나&', 0.6151179251710838), ([[59, 565], [91, 565], [91, 579], [59, 579]], '느껴게', 0.44352166221483635), ([[69, 577], [91, 577], [91, 591], [69, 591]], '함계', 0.034406129438590394), ([[287.9973506193548, 57.08436865419322], [442.89504072544366, 76.88263933962179], [433.0026493806452, 127.91563134580679], [278.10495927455634, 108.11736066037821]], '4444', 0.9594890475273132), ([[278.2548739491969, 291.0940084018679], [317.96585651201883, 309.5486740090406], [305.7451260508031, 335.9059915981321], [266.03414348798117, 317.4513259909594]], '커7사', 0.0027430146173154295), ([[47.959461777675706, 466.1094703550758], [82.58420623783698, 447.0342469783856], [121.04053822232429, 522.8905296449242], [86.41579376216302, 541.9657530216144]], '#', 0.9286030345095675)]
[([[329, 591], [345, 591], [345, 633], [329, 633]], '햇', 0.06385851054151104)]
[([[322, 62], [356, 62], [356, 88], [322, 88]], '운예석', 0.09785573869120791), ([[319, 85], [351, 85], [351, 97], [319, 97]], '꾸뉴구', 0.13131697475910187), ([[324, 108], [350, 108], [350, 116], [324, 116]], '5어요', 0.04997144201886238), ([[73, 197], [105, 197], [105, 211], [73, 211]], '만가지', 0.23080918802579975), ([[73, 207], [107, 207], [107, 223], [73, 223]], '다오 것', 0.08536967954565132), ([[53, 375], [75, 375], [75, 387], [53, 387]], '마아', 0.9922691873605894), ([[317, 433], [345, 433], [345, 447], [317, 447]], '그맙계', 0.7643868923187256), ([[319, 447], [341, 447], [341, 459], [319, 459]], '하티', 0.07120260718379591), ([[62, 544], [100, 544], [100, 552], [62, 552]], '아-까내드', 0.13061408524293897), ([[59, 553], [91, 553], [91, 567], [59, 567]], '조이논', 0.2888178722519144), ([[61, 565], [101, 565], [101, 579], [61, 579]], '강대켜{', 0.12131096422672272), ([[344, 562], [406, 562], [406, 616], [344, 616]], '약시', 0.000322716976558282)]
[([[174, 16], [222, 16], [222, 66], [174, 66]], '7"', 0.10890934496054226), ([[405, 95], [419, 95], [419, 121], [405, 121]], '흙', 0.9132504641655856), ([[43, 323], [67, 323], [67, 335], [43, 335]], '너무', 0.999887469769027), ([[40, 336], [68, 336], [68, 344], [40, 344]], '"짙아서', 0.03141310065984726), ([[39, 345], [71, 345], [71, 357], [39, 357]], '꺼어가', 0.7012995317873758), ([[39, 355], [61, 355], [61, 369], [39, 369]], '안되', 0.6762974656393113), ([[167, 503], [199, 503], [199, 517], [167, 517]], '이디모', 0.8308214091274896), ([[169, 515], [193, 515], [193, 527], [169, 527]], '가민', 0.5246866312054118), ([[171, 527], [195, 527], [195, 539], [171, 539]], '나아', 0.9997909580314662)]
[([[188, 46], [216, 46], [216, 76], [188, 76]], '로럭', 0.5030855723837094), ([[391, 49], [407, 49], [407, 89], [391, 89]], '양', 0.6252088755790197), ([[191, 87], [213, 87], [213, 103], [191, 103]], '만지', 0.9910738840477032), ([[39, 97], [53, 97], [53, 123], [39, 123]], '분', 0.27753196883372766), ([[191, 101], [215, 101], [215, 115], [191, 115]], '먼서', 0.8446802598550678), ([[39, 125], [53, 125], [53, 161], [39, 161]], '쉬', 0.03518101450153943), ([[187, 289], [223, 289], [223, 303], [187, 303]], "'시리'가", 0.9729278992738317), ([[254, 282], [288, 282], [288, 310], [254, 310]], '거치요', 0.01203837022925587), ([[195, 301], [217, 301], [217, 313], [195, 313]], '아니', 0.99997622926019), ([[193, 313], [221, 313], [221, 325], [193, 325]], '잡아?', 0.9688351618164283), ([[258, 304], [286, 304], [286, 334], [258, 334]], '약당', 0.07708792339239622), ([[191, 323], [223, 323], [223, 337], [191, 337]], '사신온', 0.4821849676779833), ([[195, 335], [217, 335], [217, 347], [195, 347]], '{으', 0.11505703422955614), ([[195, 345], [217, 345], [217, 359], [195, 359]], '민서', 0.5069971684013009), ([[175, 425], [191, 425], [191, 451], [175, 451]], '아', 0.9960572320859775), ([[353, 411], [395, 411], [395, 451], [353, 451]], '"', 0.024142725423189404), ([[217, 447], [239, 447], [239, 461], [217, 461]], '머려', 0.7891487515235993), ([[131, 585], [145, 585], [145, 613], [131, 613]], '양', 0.9223474094698112), ([[375.57178534410684, 143.62921361939232], [403.72746995247417, 118.05320432317573], [448.42821465589316, 170.37078638060768], [420.27253004752583, 195.94679567682425]], '춤', 0.7852372135936356), ([[237.04460536705227, 444.0765532757241], [279.98639392383217, 430.08163645700716], [305.95539463294773, 517.9234467242759], [263.01360607616783, 531.9183635429929]], '턱', 0.1016021286704083)]
[([[181, 159], [197, 159], [197, 191], [181, 191]], '휴', 0.2507979073707247), ([[22, 354], [48, 354], [48, 440], [22, 440]], '{,', 0.6861483073071211), ([[41, 519], [53, 519], [53, 555], [41, 555]], '흙', 0.07714020382687536), ([[378, 466], [404, 466], [404, 554], [378, 554]], '아', 0.06580783293262815), ([[22.037927696394945, 454.0934312516142], [58.57095336312248, 436.03270574083444], [93.96207230360505, 514.9065687483858], [56.42904663687752, 532.9672942591656]], '속', 0.02671064761777253)]
[([[181, 185], [211, 185], [211, 199], [181, 199]], '놔려인', 0.12837374767310133), ([[183, 197], [207, 197], [207, 209], [183, 209]], '거야', 0.9972503523179393), ([[295, 215], [317, 215], [317, 227], [295, 227]], '되나', 0.9838131162731383), ([[131, 369], [153, 369], [153, 381], [131, 381]], '헌미', 0.40957870843352756), ([[130, 382], [154, 382], [154, 390], [130, 390]], "가까 '", 0.617591381072998), ([[29, 479], [59, 479], [59, 491], [29, 491]], '유기늄', 0.5095914602279663), ([[29, 501], [59, 501], [59, 513], [29, 513]], '느껴고', 0.30673559579191034)]
[([[46, 232], [76, 232], [76, 268], [46, 268]], '평상', 0.20630541408575312), ([[49, 267], [75, 267], [75, 285], [49, 285]], '햇0', 0.6888624191675128), ([[207, 345], [231, 345], [231, 361], [207, 361]], '노리', 0.9951075662338379), ([[405, 331], [421, 331], [421, 357], [405, 357]], '왜', 0.9768898695939789), ([[39, 353], [55, 353], [55, 389], [39, 389]], '향', 0.9838035862003949), ([[199, 353], [239, 353], [239, 415], [199, 415]], '#', 0.0085768055902955), ([[399, 351], [441, 351], [441, 389], [399, 389]], '뒷`', 0.038805680473913334), ([[401, 383], [439, 383], [439, 397], [401, 397]], '아아아!', 0.25181183218955994), ([[393, 499], [409, 499], [409, 539], [393, 539]], '양', 0.7812165985803041)]
[([[375, 203], [415, 203], [415, 261], [375, 261]], '2', 0.19884171429425024), ([[39, 275], [53, 275], [53, 309], [39, 309]], '$', 0.016826873102903983), ([[397, 241], [433, 241], [433, 297], [397, 297]], '놀', 0.035162637300306665), ([[65, 344], [83, 344], [83, 401], [65, 401]], '!', 0.061009210470857944), ([[155, 405], [171, 405], [171, 445], [155, 445]], '양', 0.9183688100670793), ([[203, 475], [225, 475], [225, 489], [203, 489]], '유기', 0.9324160903174872), ([[35, 487], [49, 487], [49, 513], [35, 513]], '양', 0.9569796452788069), ([[297.905459090769, 303.0545909076901], [437.19821072274567, 331.8773190695283], [415.094540909231, 424.9454090923099], [275.80178927725433, 397.1226809304717]], '씨', 0.01208020566873863)]
[([[400, 66], [428, 66], [428, 146], [400, 146]], ' ', 0.19586796827206854), ([[400, 146], [428, 146], [428, 222], [400, 222]], '양', 0.6308880921083393), ([[175, 252], [296, 252], [296, 392], [175, 392]], '배', 0.4109680807652616), ([[259.077056563362, 507.04744866461147], [315.56492155370944, 476.0177472960201], [386.922943436638, 621.9525513353885], [331.43507844629056, 652.98225270398]], '도', 0.014249159205859174), ([[54.539821006691575, 485.0176730869905], [99.71948005825804, 491.6516892187592], [79.46017899330842, 626.9823269130095], [34.28051994174196, 620.3483107812408]], '@', 0.02322515650878021)]
[([[226, 170], [250, 170], [250, 196], [226, 196]], '올리', 0.14102580523571265), ([[227, 193], [249, 193], [249, 207], [227, 207]], '붙어', 0.4199461087531509)]
[([[217, 41], [249, 41], [249, 55], [217, 55]], '가구라', 0.8287795553252454), ([[223, 53], [245, 53], [245, 67], [223, 67]], '권꾸', 0.05982023950089463), ([[221, 65], [243, 65], [243, 77], [221, 77]], '타면', 0.36657084879176804), ([[221, 75], [243, 75], [243, 89], [221, 89]], '만계', 0.18608233258768953), ([[25, 183], [47, 183], [47, 197], [25, 197]], '조심', 0.9799567327319768), ([[45, 627], [69, 627], [69, 641], [45, 641]], '설))', 0.018057160530295994)]
[([[34, 32], [308, 32], [308, 88], [34, 88]], '[@애움건하@@-런오$내-', 4.3365456667603325e-06), ([[47, 79], [201, 79], [201, 98], [47, 98]], '436_질이#"0 #팬 0075', 0.0044730078429194905), ([[41, 93], [273, 93], [273, 109], [41, 109]], '드이굵하=-[?-중 5753-3나80느', 0.00020520586479337848), ([[41, 105], [157, 105], [157, 119], [41, 119]], '그다-악관8615', 0.00930418992194122), ([[163, 105], [271, 105], [271, 119], [163, 119]], '주0#다소+탁라 회+표', 0.0002944551384913173), ([[38, 114], [148, 114], [148, 140], [38, 140]], '[다버하#3뒤-규 $', 0.00042977840897197447), ([[41, 115], [89, 115], [89, 129], [41, 129]], '<손>?', 0.033883702009916306), ([[145, 117], [185, 117], [185, 129], [145, 129]], "'없내89", 0.008215940541270509), ([[134, 127], [236, 127], [236, 141], [134, 141]], "'름나-0737", 0.003027256352982073), ([[71, 139], [129, 139], [129, 151], [71, 151]], '7[하+-비권', 0.00044495472495602203), ([[135, 139], [195, 139], [195, 151], [135, 151]], '#교방 손 [', 0.0005151728035238802), ([[203, 139], [243, 139], [243, 153], [203, 153]], '0?', 0.09404318509108534), ([[41, 149], [73, 149], [73, 163], [41, 163]], '#방촌.', 0.11131244152784348), ([[79, 149], [205, 149], [205, 163], [79, 163]], '상 <성시<561따타주단', 0.001028973507996046), ([[43, 161], [99, 161], [99, 175], [43, 175]], '#춘 015', 0.026309985533902208), ([[105, 161], [235, 161], [235, 175], [105, 175]], '"30하황 -+550125170', 0.011147158996539324), ([[40, 174], [78, 174], [78, 182], [40, 182]], '사7  7-', 0.005581928795463659), ([[79, 171], [205, 171], [205, 185], [79, 185]], '오0#권_;그다꼬미 ', 2.516467077202213e-05), ([[209, 171], [237, 171], [237, 185], [209, 185]], '(숨소', 0.2576024762405903), ([[39, 183], [71, 183], [71, 197], [39, 197]], '+)', 0.2838642706436282), ([[79, 183], [225, 183], [225, 197], [79, 197]], '3161관3 37  #신-하}101', 0.002802088077345362), ([[41, 195], [129, 195], [129, 207], [41, 207]], '모} 3가새|', 0.0003727992777482134), ([[57, 205], [97, 205], [97, 219], [57, 219]], '85따:', 0.004729852080345154), ([[103, 205], [173, 205], [173, 219], [103, 219]], '1630)77 9', 0.05381032757076602), ([[41, 215], [167, 215], [167, 229], [41, 229]], '부서16해`앞혼니소무노', 2.8073143840081496e-06), ([[41, 227], [159, 227], [159, 241], [41, 241]], '[73<#스01카073논', 0.0015604513646878381), ([[41, 237], [139, 237], [139, 251], [41, 251]], "'건2남 문3* -011", 0.006777055535675991), ([[51, 249], [139, 249], [139, 263], [51, 263]], '다갖))끊두:향', 0.00010398319872546844), ([[39, 261], [145, 261], [145, 273], [39, 273]], '3)63 잔표:스-씨_))', 0.0016664466655074105), ([[39, 272], [160, 272], [160, 284], [39, 284]], '디살 <(간권도+@)720,금', 9.786463536283503e-05), ([[41, 283], [101, 283], [101, 297], [41, 297]], '50마33내', 0.03240693104122165), ([[117, 283], [157, 283], [157, 297], [117, 297]], '시굳데', 0.10194792551072424), ([[39, 295], [71, 295], [71, 309], [39, 309]], '숲<터', 0.08736843402845117), ([[79, 295], [153, 295], [153, 307], [79, 307]], '피"33]논', 0.008897192537787806), ([[42, 306], [78, 306], [78, 314], [42, 314]], '[?주 놀주', 0.0022912499650792877), ([[88, 306], [136, 306], [136, 314], [88, 314]], '구어 하-', 0.017062014090312008), ([[41, 313], [139, 313], [139, 327], [41, 327]], '손7 디하0 ;스-자', 0.0003079567505164035), ([[41, 325], [149, 325], [149, 339], [41, 339]], '도롭,싹하싹)', 9.489871205532769e-05), ([[41, 337], [85, 337], [85, 351], [41, 351]], '얇:  !', 0.00509322845846365), ([[68, 345], [147, 345], [147, 363], [68, 363]], ')+굳353', 0.015367363387217578), ([[40, 362], [68, 362], [68, 370], [40, 370]], '114 -', 0.05837383924132152), ([[79, 359], [139, 359], [139, 373], [79, 373]], '030277', 0.1053039133984245), ([[39, 371], [81, 371], [81, 383], [39, 383]], '#앗하 영', 0.027379268916541237), ([[89, 371], [111, 371], [111, 385], [89, 385]], '3논', 0.5527405175799038), ([[41, 381], [129, 381], [129, 395], [41, 395]], '나니-7-7~표', 0.042301809011716436), ([[51, 393], [127, 393], [127, 407], [51, 407]], '~"1(3,35', 0.013766674152754347), ([[41, 403], [129, 403], [129, 419], [41, 419]], '느"\'기133<501', 0.1198879630398617), ([[39, 415], [95, 415], [95, 429], [39, 429]], '각하+니내', 0.0010401639523530742), ([[39, 427], [147, 427], [147, 441], [39, 441]], '-미-<진트교<<잡', 0.00017661288956361112), ([[39, 437], [139, 437], [139, 451], [39, 451]], '5135613+춥< 0', 0.025056368452895446), ([[39, 449], [101, 449], [101, 463], [39, 463]], '다소터](3*', 0.025243088772289823), ([[39, 459], [139, 459], [139, 473], [39, 473]], '개방) <# 표돈 ) @) 급다', 0.023987146550928252), ([[41, 471], [119, 471], [119, 485], [41, 485]], '#>버우초없내님', 0.00038397106427070685), ([[59, 483], [81, 483], [81, 497], [59, 497]], '3', 0.19894945238461137), ([[87, 483], [129, 483], [129, 497], [87, 497]], '쇼소 그뇨', 0.08906658758573825), ([[43, 505], [141, 505], [141, 519], [43, 519]], '근그근그평- 9금치', 0.006043409593834933), ([[42, 518], [126, 518], [126, 526], [42, 526]], '5 정너-  근내', 0.002599043740284153), ([[127, 517], [161, 517], [161, 531], [127, 531]], '<동다', 0.020072095472261426), ([[41, 527], [159, 527], [159, 541], [41, 541]], '퓨둠하소니$#내. 흐', 0.00022210944236461804), ([[41, 539], [159, 539], [159, 551], [41, 551]], '굳0)름#어)중스가 국', 0.00045825372735536934), ([[38, 547], [101, 547], [101, 563], [38, 563]], '끄채내>하', 7.926634224102122e-05), ([[39, 561], [125, 561], [125, 573], [39, 573]], '[)디버움씨까 3', 0.0006122758642636142), ([[39, 571], [149, 571], [149, 585], [39, 585]], '또(#나#:#] 순033', 0.009799165289002786), ([[41, 583], [111, 583], [111, 595], [41, 595]], '~:-이끄?', 0.00025774379754164986), ([[41, 593], [159, 593], [159, 607], [41, 607]], '다 축소손-<3(0', 0.01020589926631255), ([[39, 605], [115, 605], [115, 617], [39, 617]], '버#56&.', 0.0031330482085355008), ([[89, 615], [155, 615], [155, 629], [89, 629]], '2009.1219', 0.6206055763356233)]
[([[197, 231], [241, 231], [241, 251], [197, 251]], '6서-습.', 0.018867337293792648), ([[141, 497], [375, 497], [375, 533], [141, 533]], '모숫: 0317 > 초 3', 0.05663478539981214), ([[169, 531], [341, 531], [341, 547], [169, 547]], '튜줄라 훈@형+3+서오 13 "석라하히', 1.1646486818835648e-06), ([[176, 573], [317, 573], [317, 602], [176, 602]], '[@ 예|>-납 @미훨', 0.0008599952147212578), ([[140, 602], [340, 602], [340, 634], [140, 634]], '@8@대 각고@3형', 0.0004031791894245907)]
