749317
45
[([[106, 90], [162, 90], [162, 322], [106, 322]], '?', 0.25397725709262886), ([[48, 1052], [188, 1052], [188, 1078], [48, 1078]], '7쓰컵길3트"스조', 0.0009280054817775308), ([[33, 1067], [207, 1067], [207, 1129], [33, 1129]], '속-', 0.030257610726102765), ([[24, 1108], [208, 1108], [208, 1182], [24, 1182]], '(박엔', 0.003257191709029926), ([[693.8417437321982, 787.0020874503123], [741.151085578355, 778.0019025393035], [812.1582562678018, 1177.9979125496877], [764.848914421645, 1186.9980974606965]], '[', 0.45600384954832407)]
[([[51, 59], [293, 59], [293, 121], [51, 121]], "[쳐<' $ -쳐라<", 0.00025053070446204106), ([[55, 120], [288, 120], [288, 187], [55, 187]], '5커 -커-아게', 9.005753963455542e-05)]
[([[672, 172], [776, 172], [776, 202], [672, 202]], '기다려 티아', 0.9814240597573171), ([[49, 183], [161, 183], [161, 223], [49, 223]], '밝이 깊어지면', 0.6000981969523496), ([[641, 211], [809, 211], [809, 247], [641, 247]], '싸우러 온 게 아니야', 0.9489584312098082), ([[49, 229], [159, 229], [159, 269], [49, 269]], '혼자서 두번째', 0.27284619166952295), ([[659, 255], [791, 255], [791, 293], [659, 293]], '한번더 대화틀', 0.686816432205082), ([[50, 276], [122, 276], [122, 308], [50, 308]], '창고로 와,', 0.8473348864790496), ([[683, 297], [767, 297], [767, 335], [683, 335]], '하고 싶어', 0.9672859862382227), ([[49, 316], [136, 316], [136, 357], [49, 357]], '너도 그사는', 0.1938658822002031), ([[49, 361], [201, 361], [201, 401], [49, 401]], '싸우고 싶지 안잡아?', 0.2699187509783935), ([[40, 902], [114, 902], [114, 952], [40, 952]], "'알계어", 0.23262348771095276), ([[31, 963], [101, 963], [101, 999], [31, 999]], '메이저', 0.9751188384374578)]
[([[690, 166], [772, 166], [772, 192], [690, 192]], '메이저', 0.9128322735192785), ([[548, 288], [650, 288], [650, 340], [548, 340]], '어가?', 0.27472033127911355)]
[([[246, 372], [560, 372], [560, 446], [246, 446]], "-쳐라두' $ -쳐라<", 0.0004192789436839124), ([[231, 526], [570, 526], [570, 626], [231, 626]], '(라저+라* 0미져', 5.7967403898607074e-05), ([[201, 689], [611, 689], [611, 774], [201, 774]], '~리 0{ [갚라-아업', 0.00039356450599420883)]
[([[701, 381], [723, 381], [723, 395], [701, 395]], '[이', 0.017788199401651703), ([[330, 418], [398, 418], [398, 446], [330, 446]], '왜 네가', 0.981660007146044), ([[329, 455], [431, 455], [431, 491], [329, 491]], '여기 있는지', 0.46029343186684457), ([[19, 491], [31, 491], [31, 513], [19, 513]], '틈', 0.12481689262358575), ([[16, 516], [80, 516], [80, 540], [16, 540]], '그러고 보니', 0.8485606580345568), ([[329, 495], [401, 495], [401, 533], [329, 533]], '모르켓군', 0.27375081181526184), ([[16, 546], [54, 546], [54, 572], [16, 572]], '그녀들', 0.2533007317332369), ([[16, 574], [118, 574], [118, 602], [16, 602]], '조조하고 %없런가.', 0.1986521946462355)]
[([[126, 40], [158, 40], [158, 76], [126, 76]], '꼬', 0.31116729991055436), ([[125, 85], [227, 85], [227, 121], [125, 121]], '저주의 지포이다', 0.4013513607640025), ([[707, 89], [747, 89], [747, 109], [707, 109]], '뭐 뛰야', 0.3520565629005432), ([[125, 129], [199, 129], [199, 169], [125, 169]], '먼지알야?', 0.33605859940652383), ([[674, 140], [772, 140], [772, 168], [674, 168]], '내 몸이 어째서', 0.7134845223302714), ([[69, 361], [83, 361], [83, 385], [69, 385]], '년', 0.29002636490646694), ([[66, 394], [116, 394], [116, 426], [66, 426]], '내기실', 0.6038508470231942), ([[66, 430], [146, 430], [146, 462], [66, 462]], '훌러들나다 7지', 0.02621034483400663), ([[711, 893], [819, 893], [819, 929], [711, 929]], '이대로 간다면', 0.9813099154562293), ([[711, 935], [803, 935], [803, 973], [711, 973]], '널 죽이논건', 0.28832139610045304), ([[723, 977], [797, 977], [797, 1013], [723, 1013]], '간단하지', 0.99825519323349), ([[350, 1046], [412, 1046], [412, 1072], [350, 1072]], '나에게', 0.9698864156582779), ([[580, 1036], [626, 1036], [626, 1062], [580, 1062]], '[하지만', 0.9751878380775452), ([[580, 1068], [652, 1068], [652, 1098], [580, 1098]], '[리그켓이 널', 0.5064086899943052), ([[348, 1080], [442, 1080], [442, 1116], [348, 1116]], '복완하게끔', 0.33930146422335894), ([[580, 1102], [648, 1102], [648, 1130], [580, 1130]], '[여기로 부른', 0.43349387220267344), ([[349, 1121], [447, 1121], [447, 1157], [349, 1157]], '만들어주지', 0.9993525008299696), ([[582, 1134], [686, 1134], [686, 1164], [582, 1164]], '이유가 궁금하거튼', 0.5089653297570057)]
[([[222, 112], [254, 112], [254, 136], [222, 136]], '에', 0.9998403851310265), ([[221, 139], [261, 139], [261, 159], [221, 159]], '030', 0.09766913341995927), ([[233, 177], [275, 177], [275, 215], [233, 215]], "'더가)", 0.06528410315513611), ([[260, 514], [292, 514], [292, 550], [260, 550]], '지급', 0.5353599993831546), ([[172, 650], [274, 650], [274, 722], [172, 722]], '?', 0.0609526307943975), ([[200, 712], [298, 712], [298, 784], [200, 784]], '표:', 0.004997660505731082), ([[308, 950], [390, 950], [390, 998], [308, 998]], '아아', 0.9999686428887061), ([[224.60276070150212, 515.345245332854], [263.32187189761, 512.1002866292282], [265.3972392984979, 539.654754667146], [225.67812810239005, 542.8997133707718]], '스가', 0.0652202419567428)]
[([[678, 294], [772, 294], [772, 344], [678, 344]], '자위틀', 0.41301461398386347), ([[679, 355], [779, 355], [779, 397], [679, 397]], '하하다니', 0.5909467935562134), ([[577, 493], [645, 493], [645, 529], [577, 529]], '보고도', 0.9999584295044541), ([[575, 537], [683, 537], [683, 581], [575, 581]], '못 믿계군', 0.47418194283223764), ([[128, 532], [228, 532], [228, 636], [128, 636]], '[', 0.008713322657954103), ([[416, 814], [476, 814], [476, 842], [416, 842]], '아니지', 0.9670021731443286), ([[416, 852], [522, 852], [522, 884], [416, 884]], '저주의 지파이는', 0.30086811136307917), ([[416, 890], [510, 890], [510, 922], [416, 922]], '인간 무의식의', 0.9634000464126694), ([[415, 925], [563, 925], [563, 961], [415, 961]], '감정올 끌어올리논거야', 0.6275491354971771), ([[743, 947], [809, 947], [809, 1009], [743, 1009]], '[닥처', 0.16146018435047088), ([[155, 989], [273, 989], [273, 1033], [155, 1033]], '내가 그결', 0.47557074521380605), ([[703, 1007], [789, 1007], [789, 1043], [703, 1043]], "'네가나예계", 0.5661099891748566), ([[152, 1040], [300, 1040], [300, 1088], [152, 1088]], '조종 할 힘은', 0.95917063651925), ([[702, 1056], [820, 1056], [820, 1104], [702, 1104]], '편지올한거장야', 0.012645269732646796), ([[152, 1092], [254, 1092], [254, 1142], [152, 1142]], '없다고?', 0.9999346733093262)]
[([[29, 119], [145, 119], [145, 161], [29, 161]], '이건아니야', 0.9966138497472763), ([[590, 132], [696, 132], [696, 164], [590, 164]], '남 앞에서', 0.8041647622939664), ([[590, 168], [710, 168], [710, 200], [590, 200]], '자위릎 하고', 0.3118061273362604), ([[590, 204], [682, 204], [682, 230], [590, 230]], '제어조차', 0.9099734425544739), ([[591, 237], [737, 237], [737, 273], [591, 273]], '할 수 없나보군', 0.8882630394607881), ([[14, 240], [164, 240], [164, 307], [14, 307]], '아니라고', 0.9997991919517517), ([[601, 607], [695, 607], [695, 697], [601, 697]], '0,', 0.10768761054080431), ([[679, 997], [745, 997], [745, 1017], [679, 1017]], '앞래서', 0.2648365052703486), ([[653, 1017], [733, 1017], [733, 1037], [653, 1037]], '자위해는', 0.934497594833374), ([[655, 1037], [719, 1037], [719, 1057], [655, 1057]], '원다', 0.9998766805484897), ([[246, 1080], [374, 1080], [374, 1154], [246, 1154]], '(작전거-', 0.001628169914758049)]
[([[408, 178], [480, 178], [480, 206], [408, 206]], '메이저', 0.9952926517400092), ([[57, 195], [93, 195], [93, 213], [57, 213]], '네가', 0.9995146713943645), ([[92, 192], [130, 192], [130, 220], [92, 220]], '원한', 0.999179752305629), ([[56, 218], [124, 218], [124, 242], [56, 242]], '[대화란게', 0.26516044822615376), ([[407, 219], [497, 219], [497, 255], [407, 255]], '리그켓?!', 0.8841487056504935), ([[61, 247], [115, 247], [115, 263], [61, 263]], '이거야?', 0.9996784329414368), ([[271, 219], [353, 219], [353, 281], [271, 281]], '표짓이애', 0.01640067808330059), ([[60, 464], [134, 464], [134, 492], [60, 492]], '곤란해', 0.9985512259293446), ([[60, 494], [136, 494], [136, 518], [60, 518]], '보이네', 0.9999074990804777), ([[61, 525], [115, 525], [115, 545], [61, 545]], '티아', 0.9924255371561136), ([[685, 703], [820, 703], [820, 789], [685, 789]], '도와줄까?', 0.23764763219425714), ([[132, 872], [206, 872], [206, 968], [132, 968]], '#', 0.28866111265319105)]
[([[663, 15], [761, 15], [761, 35], [663, 35]], "'두꺼운 옷 너머로", 0.7282683997031401), ([[663, 37], [751, 37], [751, 57], [663, 57]], '만지논 것보단', 0.5879404285192351), ([[665, 59], [757, 59], [757, 79], [665, 79]], '직접 만지논 게', 0.6440763857440286), ([[662, 78], [714, 78], [714, 102], [662, 102]], '훨씬 더', 0.982141545364306), ([[665, 101], [749, 101], [749, 121], [665, 121]], '기분 스올거야', 0.2188041066187492), ([[685, 125], [717, 125], [717, 141], [685, 141]], '티아', 0.989857403864542), ([[252, 174], [346, 174], [346, 206], [252, 206]], '네가 따르터', 0.35731843699169563), ([[252, 212], [340, 212], [340, 242], [252, 242]], '교회논 매우', 0.5511987576285026), ([[252, 246], [344, 246], [344, 278], [252, 278]], '엄격햇기에', 0.5267569316556001), ([[0, 356], [90, 356], [90, 404], [0, 404]], '자위한번', 0.9917802810668945), ([[0, 408], [96, 408], [96, 456], [0, 456]], '안해방계지', 0.3380557060442892), ([[624, 652], [726, 652], [726, 704], [624, 704]], '하지만', 0.999823808760194), ([[8, 708], [74, 708], [74, 740], [8, 740]], '사실 년', 0.9760263452308797), ([[8, 742], [74, 742], [74, 772], [8, 772]], '이런 결', 0.4734819206867063), ([[623, 717], [757, 717], [757, 777], [623, 777]], '년 말야.', 0.4657716178868855), ([[8, 774], [106, 774], [106, 804], [8, 804]], '더 좋아하지', 0.9110812551612562), ([[209.17021610495337, 390.03833393349646], [345.9200019682448, 441.8026842995645], [315.8297838950466, 515.9616660665035], [179.07999803175522, 464.1973157004355]], '_왜니', 0.08881984558272461)]
[([[553, 41], [579, 41], [579, 57], [553, 57]], '괜커', 0.0008079121769980394), ([[28, 74], [52, 74], [52, 98], [28, 98]], '자', 0.9999879598979966), ([[63, 73], [93, 73], [93, 93], [63, 93]], '제', 0.9999929666642835), ([[28, 124], [126, 124], [126, 156], [28, 156]], '스스로해화', 0.7748084397684223), ([[426, 102], [518, 102], [518, 150], [426, 150]], '(정말로', 0.8220126032829285), ([[428, 154], [568, 154], [568, 202], [428, 202]], '기분 의지?', 0.5228224930026814), ([[715, 155], [807, 155], [807, 261], [715, 261]], '[', 0.03344147526940788), ([[431, 235], [533, 235], [533, 273], [431, 273]], '그런지?', 0.9694060683250427), ([[692, 366], [800, 366], [800, 416], [692, 416]], '그 그야', 0.21873529255390167), ([[696, 454], [808, 454], [808, 486], [696, 486]], '상당히 빨리', 0.9683384526311748), ([[694, 488], [756, 488], [756, 514], [694, 514]], '배우네', 0.9944689639361401), ([[132, 536], [170, 536], [170, 560], [132, 560]], '"동', 0.007993477854278386)]
[([[194, 208], [276, 208], [276, 232], [194, 232]], '메이저', 0.9931981907783248), ([[194, 240], [274, 240], [274, 266], [194, 266]], '이런게', 0.5225110755256783), ([[680, 230], [714, 230], [714, 256], [680, 256]], '티아', 0.9302111283407526), ([[194, 274], [290, 274], [290, 306], [194, 306]], '저급햇올', 0.8691361743358598), ([[660, 288], [738, 288], [738, 318], [660, 318]], '항상 이렇게', 0.19030632259769195), ([[194, 306], [278, 306], [278, 336], [194, 336]], '줄이야', 0.9998544354543779), ([[659, 325], [767, 325], [767, 363], [659, 363]], '음한 볶이없어?', 0.13035570157839688), ([[39, 661], [103, 661], [103, 699], [39, 699]], '흐으음', 0.6840662789225438), ([[29, 721], [97, 721], [97, 761], [29, 761]], '한번가', 0.5404878762676665), ([[15, 769], [135, 769], [135, 811], [15, 811]], '야직로비치하거얘', 0.015368726468411283), ([[55, 851], [185, 851], [185, 871], [55, 871]], '태: 51즌 (시토?', 0.003220250633371232), ([[22, 962], [120, 962], [120, 988], [22, 988]], "'네가 얼마나", 0.9847047806290169), ([[644, 954], [750, 954], [750, 1004], [644, 1004]], '}금해적어', 0.3733680265566343), ([[24, 988], [76, 988], [76, 1012], [24, 1012]], '그런게', 0.5251782975455109), ([[24, 1016], [130, 1016], [130, 1042], [24, 1042]], '버월수 있든지', 0.07183681278051439), ([[24, 1042], [82, 1042], [82, 1068], [24, 1068]], '말이야', 0.9997368158694606), ([[357.14840399737545, 556.0363267692927], [444.9916122848471, 621.5905076932439], [390.85159600262455, 692.9636732307073], [303.0083877151529, 627.4094923067561]], '주', 0.10796904155793019)]
[([[670, 143], [724, 143], [724, 294], [670, 294]], '^', 0.42759584706631415)]
[([[0, 48], [58, 48], [58, 78], [0, 78]], '왜그래?', 0.7560884356498718), ([[3, 95], [23, 95], [23, 117], [3, 117]], '아', 0.5562632771739153), ([[25, 89], [61, 89], [61, 125], [25, 125]], '혹', 0.28112007191669264), ([[685, 77], [753, 77], [753, 121], [685, 121]], '그만', 0.9999854172215584), ([[1, 132], [92, 132], [92, 168], [1, 168]], '스스로하려고? ', 0.4531021356624452), ([[223, 287], [297, 287], [297, 323], [223, 323]], '잘새각하어', 0.5360925058300813), ([[5, 351], [63, 351], [63, 371], [5, 371]], '내가 해주는', 0.9108357110927345), ([[230, 332], [288, 332], [288, 364], [230, 364]], '그렇데해', 0.026671310886740685), ([[313, 335], [419, 335], [419, 377], [313, 377]], '떼; 메이저', 0.6177706256796801), ([[4, 376], [72, 376], [72, 400], [4, 400]], '것보단 스스로', 0.9211273921960488), ([[5, 403], [87, 403], [87, 423], [5, 423]], '하느게 나으니까', 0.8992197422041174), ([[320, 386], [414, 386], [414, 436], [320, 436]], '기기다려적', 0.24695534415141915), ([[27, 699], [87, 699], [87, 765], [27, 765]], '멋', 0.03349163363842167), ([[563, 893], [643, 893], [643, 929], [563, 929]], '% 이번되:', 0.02498946573222749), ([[562, 942], [596, 942], [596, 970], [562, 970]], '[[야;', 0.08218507468700409)]
[([[58, 48], [138, 48], [138, 96], [58, 96]], '(하아아', 0.9371058344841003), ([[687, 51], [789, 51], [789, 91], [687, 91]], '그래그거야', 0.9926795431966909), ([[689, 91], [805, 91], [805, 135], [689, 135]], '스스로하느게', 0.6643816832021463), ([[686, 130], [820, 130], [820, 186], [686, 186]], '기분이더출자?', 0.09982092038142798), ([[103, 351], [157, 351], [157, 387], [103, 387]], '자  반', 0.23374369823888697), ([[267, 313], [359, 313], [359, 413], [267, 413]], '~', 0.0525437293343034), ([[97, 397], [221, 397], [221, 465], [97, 465]], '년꾸롭뒤하다', 0.0010538174247383422), ([[691, 357], [799, 357], [799, 465], [691, 465]], '필#교', 0.0045571421103883045), ([[737, 393], [753, 393], [753, 415], [737, 415]], '2', 0.9999195353482584), ([[158, 432], [216, 432], [216, 458], [158, 458]], '위치야', 0.9977042653367779), ([[696, 440], [778, 440], [778, 492], [696, 492]], '편하잡하', 0.0776592269539833), ([[718, 938], [790, 938], [790, 986], [718, 986]], '호으응', 0.4852221834059661), ([[72.12641171019781, 600.0318404297102], [151.58752982350558, 566.0143916004864], [224.87358828980217, 760.9681595702898], [145.41247017649442, 793.9856083995136]], '#', 0.0054004506694127485)]
[([[61, 13], [99, 13], [99, 153], [61, 153]], '^', 0.8530804840213477), ([[675, 117], [749, 117], [749, 153], [675, 153]], '훌륭한', 0.9322611476975685), ([[676, 154], [754, 154], [754, 186], [676, 186]], '몸매네', 0.996805872661167), ([[56, 166], [88, 166], [88, 230], [56, 230]], '}', 0.05567282820386965), ([[42, 246], [74, 246], [74, 308], [42, 308]], '4', 0.10525622931713574), ([[566, 348], [616, 348], [616, 396], [566, 396]], '(@0음', 0.015852179378271103), ([[567, 403], [671, 403], [671, 447], [567, 447]], '여기틀 이뤄제', 0.03845356227999967), ([[567, 459], [647, 459], [647, 501], [567, 501]], '건드 ', 0.4650610666604214), ([[501, 491], [597, 491], [597, 551], [501, 551]], '#똑날이', 0.03548528254032135), ([[508, 558], [552, 558], [552, 586], [508, 586]], '티아', 0.9883231522895931), ([[212, 708], [290, 708], [290, 756], [212, 756]], "'지금되", 0.07218968123197556), ([[363, 699], [417, 699], [417, 737], [363, 737]], '하아', 0.9984693399229834), ([[666, 710], [716, 710], [716, 734], [666, 734]], '이제', 0.9999783365885939), ([[1, 741], [63, 741], [63, 779], [1, 779]], '하아아', 0.6859444690630007), ([[663, 743], [759, 743], [759, 781], [663, 781]], '남은 옷도', 0.6373815993351344), ([[211, 765], [331, 765], [331, 825], [211, 825]], '더주오결철가야', 0.002389651939092908), ([[665, 783], [767, 783], [767, 819], [665, 819]], '벗겨 줄게', 0.5594988269391731), ([[9, 1069], [57, 1069], [57, 1113], [9, 1113]], '크2', 0.26623715168069434), ([[444, 1058], [546, 1058], [546, 1106], [444, 1106]], "'앞견 이런전", 0.2594489014470445), ([[444, 1112], [542, 1112], [542, 1166], [444, 1166]], '필기없내거야', 0.012817769131605847), ([[660.1961581007969, 885.0323604498816], [727.5486230382887, 856.015060703146], [795.8038418992031, 1028.9676395501185], [729.4513769617113, 1057.984939296854]], '#', 0.12792148251379842)]
[([[543, 131], [619, 131], [619, 173], [543, 173]], "'아아아'", 0.58414967112652), ([[39, 331], [151, 331], [151, 375], [39, 375]], '아아아아이', 0.7244426668716077), ([[43, 611], [117, 611], [117, 629], [43, 629]], '내가 지금 대체', 0.7306282093138861), ([[43, 631], [81, 631], [81, 647], [43, 647]], '덜하드', 0.2322497512331415), ([[67, 673], [87, 673], [87, 695], [67, 695]], '?', 0.9623541124600621), ([[472, 976], [508, 976], [508, 1002], [472, 1002]], '티하다', 0.047844759042641904), ([[471, 1013], [519, 1013], [519, 1049], [471, 1049]], '하직로', 0.1489599607761909), ([[351, 1035], [417, 1035], [417, 1071], [351, 1071]], '그-까', 0.16906361279826215), ([[472, 1056], [558, 1056], [558, 1088], [472, 1088]], '리계미가하금', 0.007069154336453555), ([[351, 1075], [455, 1075], [455, 1111], [351, 1111]], '우사만나기전데', 0.136150494827587), ([[351, 1115], [465, 1115], [465, 1151], [351, 1151]], ';여던사실인데달야', 0.015659190643624758), ([[542.2272658660007, 231.02717529721028], [619.5148398579397, 208.1048056371262], [668.7727341339993, 394.97282470278975], [590.4851601420603, 416.89519436287384]], '젊', 0.01653475263058568), ([[419.1840022001975, 727.0256349831401], [606.9292440149644, 806.6455077698608], [558.8159977998025, 911.9743650168599], [371.0707559850356, 831.3544922301392]], '깨7', 0.01164475422007916)]
[([[401, 52], [474, 52], [474, 82], [401, 82]], '쾌락이란', 0.20838989317417145), ([[404, 86], [506, 86], [506, 116], [404, 116]], '금단의 열매틀', 0.5567770188760932), ([[404, 116], [544, 116], [544, 144], [404, 144]], '이미 먹어버린 너는', 0.583319890094626), ([[404, 146], [520, 146], [520, 174], [404, 174]], '다시는 원래대로', 0.9141680689564501), ([[402, 176], [540, 176], [540, 206], [402, 206]], '돌아갈 수 없올거야', 0.3752980872726242), ([[699, 321], [787, 321], [787, 421], [699, 421]], '7유', 0.006980893817398146), ([[7, 443], [93, 443], [93, 505], [7, 505]], '[', 0.46685550013919297), ([[620, 554], [760, 554], [760, 650], [620, 650]], '아아야', 0.5868295488435157), ([[583, 693], [659, 693], [659, 753], [583, 753]], "')선", 0.02297758894290459), ([[683, 989], [775, 989], [775, 1033], [683, 1033]], '#계속 힘경계', 0.000820194591310076), ([[394, 1030], [476, 1030], [476, 1080], [394, 1080]], '괜찮자야?', 0.1806834824447691), ([[681, 1043], [773, 1043], [773, 1085], [681, 1085]], '제하가야]', 0.19986615444912695), ([[396, 1090], [518, 1090], [518, 1138], [396, 1138]], '이제_ 포기해', 0.1636269496504632)]
[([[600, 1058], [702, 1058], [702, 1136], [600, 1136]], '~', 0.41589042879378724), ([[718, 1000], [820, 1000], [820, 1136], [718, 1136]], '{8', 0.42949531718189426), ([[838, 986], [1080, 986], [1080, 1206], [838, 1206]], '{8 |8', 0.41897406120001635), ([[725, 1127], [817, 1127], [817, 1191], [725, 1191]], '이어', 0.753816032305121), ([[694, 1288], [746, 1288], [746, 1358], [694, 1358]], '돈릎', 0.07334939467521152), ([[753, 1319], [769, 1319], [769, 1343], [753, 1343]], '도', 0.9969550935399099), ([[889, 1321], [921, 1321], [921, 1341], [889, 1341]], '-', 0.5034944776869885), ([[920, 1272], [972, 1272], [972, 1374], [920, 1374]], '흉', 0.03314674548527652), ([[143, 1557], [265, 1557], [265, 1667], [143, 1667]], '물', 0.09807361083997623), ([[623, 1599], [688, 1599], [688, 1636], [623, 1636]], '19', 0.9471670995783238), ([[184, 1628], [256, 1628], [256, 1680], [184, 1680]], '호', 0.05191536675532604), ([[624, 1634], [690, 1634], [690, 1662], [624, 1662]], '그9', 0.16925688547536966), ([[1072, 1602], [1144, 1602], [1144, 1690], [1072, 1690]], '율', 0.4595654835959664), ([[294.70334646523145, 1208.4617126283101], [407.3246719541561, 1109.469754712182], [466.29665353476855, 1196.5382873716899], [353.6753280458439, 1295.530245287818]], '시', 0.005885603902682002)]
[([[252, 250], [566, 250], [566, 324], [252, 324]], "-_라어' $ 쳐라<", 0.0013287043454514001), ([[231, 483], [582, 483], [582, 582], [231, 582]], '(라@라 묵>0', 0.0007172626030173051), ([[284, 725], [531, 725], [531, 814], [284, 814]], '석}득_3+거', 2.4977046334976574e-05)]
[([[276, 18], [390, 18], [390, 72], [276, 72]], ' #영]깨', 0.0013796075390687715), ([[636, 36], [702, 36], [702, 92], [636, 92]], '아응', 0.958635973256245), ([[277, 81], [373, 81], [373, 141], [277, 141]], '개본주에', 0.07131446897983551), ([[605, 387], [705, 387], [705, 423], [605, 423]], '네가 처음으로', 0.9124445396173954), ([[605, 429], [725, 429], [725, 465], [605, 465]], '자위틀 햇다논계', 0.07928203077318008), ([[22, 462], [78, 462], [78, 490], [22, 490]], '계속해서', 0.998340904712677), ([[605, 469], [701, 469], [701, 507], [605, 507]], '믿기질 안아', 0.8352946833382173), ([[22, 498], [142, 498], [142, 530], [22, 530]], '가고또 가고 있지만', 0.5465567895685038), ([[22, 534], [86, 534], [86, 566], [22, 566]], '년여전히', 0.9751985669136047), ([[21, 567], [153, 567], [153, 603], [21, 603]], '만족하지 못한것 같아 ', 0.5944496945796118), ([[82, 704], [144, 704], [144, 752], [82, 752]], "'하아", 0.8789281729664902), ([[270.08647461900404, 162.0523291853351], [369.90779536894735, 203.78889620475582], [342.91352538099596, 264.9476708146649], [243.09220463105265, 223.21110379524418]], '쇼시', 0.00951342611018409), ([[9.074853959362875, 183.06140469522157], [108.74276433616255, 211.11980609857005], [89.92514604063713, 271.93859530477846], [-8.742764336162555, 243.88019390142995]], '예소보', 0.0024491672669654666), ([[550.902627190595, 933.0865513007487], [600.6280869342735, 909.0282350295643], [644.097372809405, 1009.9134486992513], [594.3719130657265, 1033.9717649704357]], '몇', 0.016821260268701232)]
[([[98, 18], [122, 18], [122, 52], [98, 52]], '음', 0.9997373991771816), ([[361, 87], [467, 87], [467, 123], [361, 123]], '저주의 지파이논', 0.42052071695391646), ([[78, 132], [158, 132], [158, 184], [78, 184]], '똑하하', 0.004146079356776103), ([[361, 127], [471, 127], [471, 165], [361, 165]], '인간의 이성조차', 0.9273786676653017), ([[637, 71], [745, 71], [745, 193], [637, 193]], '요]', 0.17933489063145458), ([[359, 167], [465, 167], [465, 205], [359, 205]], '(엉마의로만들지', 0.3123259689576491), ([[662, 174], [814, 174], [814, 278], [662, 278]], '716', 0.24802647766592337), ([[675, 407], [765, 407], [765, 445], [675, 445]], '탑아니지,', 0.07335629995741245), ([[671, 457], [757, 457], [757, 497], [671, 497]], '더실하@', 0.008441715501248837), ([[66, 492], [126, 492], [126, 542], [66, 542]], '흐옥', 0.2880288269608463)]
[([[643, 7], [737, 7], [737, 47], [643, 47]], '이걸 계속', 0.33038709442334024), ([[643, 51], [761, 51], [761, 89], [643, 89]], '할 수도 있어', 0.9462833094249473), ([[643, 95], [765, 95], [765, 133], [643, 133]], '하지만 말야', 0.9837648410651147), ([[0, 316], [70, 316], [70, 342], [0, 342]], '네가 기꺼이', 0.6599792140216344), ([[0, 353], [119, 353], [119, 389], [0, 389]], '네 오버니의 계릭올', 0.08065729195382429), ([[0, 392], [110, 392], [110, 424], [0, 424]], '도다면 _해주지', 0.899372811159964), ([[667, 673], [715, 673], [715, 693], [667, 693]], '나에게', 0.8366743965081019), ([[668, 700], [764, 700], [764, 728], [668, 728]], '어떤 꿀무올 주튼', 0.12533453291656937), ([[667, 726], [724, 726], [724, 754], [667, 754]], '그에계는', 0.21474945545196533), ([[668, 756], [756, 756], [756, 782], [668, 782]], '협조하지않아', 0.8080402446615579), ([[333, 821], [415, 821], [415, 857], [333, 857]], '충분히 널', 0.975470953265036), ([[333, 859], [427, 859], [427, 895], [333, 895]], '설득햇다고', 0.48024283194177864), ([[333, 897], [429, 897], [429, 933], [333, 933]], '생각햇논데', 0.5075136213450764), ([[491, 999], [561, 999], [561, 1041], [491, 1041]], '그래', 0.9999940994463072), ([[476, 1046], [582, 1046], [582, 1096], [476, 1096]], '안타깝네', 0.9616509675979614)]
[([[184, 162], [222, 162], [222, 194], [184, 194]], '날', 0.9999365816634622), ([[170, 190], [240, 190], [240, 222], [170, 222]], '가게', 0.9999526272709324), ([[169, 219], [241, 219], [241, 255], [169, 255]], '해쥐', 0.9129242182589513), ([[186, 254], [218, 254], [218, 298], [186, 298]], '!', 0.8602860103677621), ([[715, 279], [793, 279], [793, 347], [715, 347]], '안돼', 0.688156567597148), ([[560, 652], [728, 652], [728, 830], [560, 830]], '끼 ', 0.41620778767295086), ([[372, 910], [468, 910], [468, 958], [372, 958]], '년색정지의', 0.1100927215858002), ([[237, 973], [313, 973], [313, 1015], [237, 1015]], '1처제굶', 0.0032505907583981752), ([[371, 967], [469, 967], [469, 1011], [371, 1011]], '끼절이있어', 0.045934336701317344), ([[2, 1038], [92, 1038], [92, 1062], [2, 1062]], '능력이 여러번', 0.9852772111774907), ([[2, 1062], [72, 1062], [72, 1086], [2, 1086]], '전이되어서', 0.9604665482104943), ([[2, 1088], [100, 1088], [100, 1112], [2, 1112]], '인간의 옥망까지', 0.4387802818167522), ([[0, 1114], [56, 1114], [56, 1140], [0, 1140]], '습득#지', 0.3207578957080841)]
[([[699, 49], [757, 49], [757, 87], [699, 87]], '꼴어0', 0.003602069446822912), ([[38, 338], [158, 338], [158, 466], [38, 466]], '다', 0.05132839225672203), ([[85, 433], [201, 433], [201, 551], [85, 551]], '해', 0.1967006935324811), ([[21, 667], [115, 667], [115, 711], [21, 711]], '"동', 0.0030185767308519), ([[610.2361123328023, 389.02085569028264], [774.9408287610476, 502.71419540553444], [705.7638876671977, 599.9791443097174], [541.0591712389524, 486.28580459446556]], '(#솜', 0.0067655767858324275)]
[([[770, 14], [804, 14], [804, 44], [770, 44]], '날', 0.9999512439948752), ([[182, 42], [238, 42], [238, 72], [182, 72]], '그리고', 0.9999951133900054), ([[574, 56], [626, 56], [626, 80], [574, 80]], '으으으', 0.8924438403680586), ([[656, 18], [746, 18], [746, 96], [656, 96]], '#기', 0.004453679959407238), ([[758, 40], [816, 40], [816, 64], [758, 64]], '가게', 0.9997573270714392), ([[758, 62], [816, 62], [816, 90], [758, 90]], '해쥐', 0.8994236290443733), ([[182, 82], [232, 82], [232, 112], [182, 112]], '스스로', 0.9999823118634976), ([[179, 117], [281, 117], [281, 155], [179, 155]], '[다리들 들어', 0.5691357802178653), ([[570, 132], [634, 132], [634, 156], [570, 156]], '가게', 0.9995654093625652), ([[584, 110], [618, 110], [618, 138], [584, 138]], '날', 0.9998908072716972), ([[572, 154], [636, 154], [636, 180], [572, 180]], '해쥐', 0.6332669298076903), ([[421, 253], [485, 253], [485, 315], [421, 315]], '오', 0.06020540612324177), ([[422, 332], [532, 332], [532, 384], [422, 384]], '가게 해버려', 0.06421690992088344), ([[593, 337], [635, 337], [635, 383], [593, 383]], '=', 0.08869536888821106), ([[512, 422], [704, 422], [704, 666], [512, 666]], "'4", 0.24430112259542935)]
[([[691, 491], [749, 491], [749, 527], [691, 527]], '하하하', 0.7997184280447843), ([[22, 554], [94, 554], [94, 582], [22, 582]], '마치 네가', 0.9976286693485098), ([[690, 540], [802, 540], [802, 588], [690, 588]], '설마 그자세에', 0.24334901078625), ([[21, 591], [111, 591], [111, 627], [21, 627]], '레플리카들올', 0.45062070669167087), ([[687, 593], [820, 593], [820, 643], [687, 643]], '(부러워하논전가?', 0.14406914618376454), ([[21, 631], [133, 631], [133, 669], [21, 669]], '유특하는 것 같군', 0.15679763083724066), ([[180, 938], [236, 938], [236, 994], [180, 994]], '아', 0.9997961625033582), ([[257, 1025], [427, 1025], [427, 1139], [257, 1139]], '*"', 0.15208731507822582), ([[26.14471515106384, 190.0458509048937], [127.95023050845789, 237.1090258912935], [98.85528484893617, 298.9541490951063], [-3.950230508457895, 251.8909741087065]], '데사', 0.01930383478520474), ([[118.10273295103786, 454.04033575652034], [246.8731104830806, 506.41201719502897], [212.89726704896214, 584.9596642434797], [84.12688951691938, 532.587982804971]], '7소?', 0.0422813124803478), ([[146.32356887825085, 1007.0327594459837], [202.49587815163804, 994.1616998782262], [227.67643112174915, 1123.9672405540164], [171.50412184836196, 1135.8383001217737]], '아', 0.8560251232758596)]
[([[399, 133], [507, 133], [507, 243], [399, 243]], '<유;', 0.0249652302354514), ([[652, 676], [788, 676], [788, 802], [652, 802]], '새', 0.9803503493416521), ([[57, 923], [123, 923], [123, 991], [57, 991]], '국', 0.050247017817728334), ([[645, 867], [787, 867], [787, 1003], [645, 1003]], '새', 0.08537249718176909), ([[656, 1060], [782, 1060], [782, 1184], [656, 1184]], '"!', 0.12445933892161191)]
[([[316, 118], [376, 118], [376, 168], [316, 168]], '(하아', 0.539873014144125), ([[15, 231], [65, 231], [65, 267], [15, 267]], '하응', 0.9686433956034353), ([[704, 228], [764, 228], [764, 276], [704, 276]], "'믿으응", 0.00509666046127677), ([[376, 432], [410, 432], [410, 464], [376, 464]], '하', 0.9998017647767519), ([[544, 510], [598, 510], [598, 562], [544, 562]], '하아', 0.9756587048110772), ([[35, 643], [87, 643], [87, 683], [35, 683]], '하하양%', 0.024648576974868774), ([[211, 1069], [321, 1069], [321, 1179], [211, 1179]], "7'", 0.22852525163519435), ([[368, 1010], [572, 1010], [572, 1186], [368, 1186]], '구구', 0.2216936451174128), ([[274.25146056613784, 216.02336905820533], [389.7585185844962, 322.6047462142693], [318.74853943386216, 399.97663094179467], [204.24148141550378, 294.3952537857307]], '예)', 0.014821170281695857)]
[([[68, 438], [296, 438], [296, 612], [68, 612]], '1+"', 0.1375436380480097), ([[601, 525], [769, 525], [769, 635], [601, 635]], '쥐', 0.28278794461135703), ([[388, 718], [474, 718], [474, 766], [388, 766]], '그만 뒤', 0.9695762215638747), ([[683, 753], [735, 753], [735, 791], [683, 791]], '해제', 0.2025568722723263), ([[96, 896], [198, 896], [198, 950], [96, 950]], '새각해보다', 0.35026924268282905), ([[52, 1012], [168, 1012], [168, 1038], [52, 1038]], '저주의 지료이는', 0.4488378242237737), ([[52, 1040], [172, 1040], [172, 1068], [52, 1068]], "'인간의 의지와는", 0.4742937908949565), ([[52, 1070], [128, 1070], [128, 1096], [52, 1096]], '관계 없이', 0.9989777784508893), ([[52, 1098], [190, 1098], [190, 1126], [52, 1126]], '무의식이 원하는 걸', 0.5826166528291872), ([[52, 1128], [136, 1128], [136, 1154], [52, 1154]], '만들어내지', 0.9998662390984002), ([[700.0725499096816, 973.0358938348922], [823.5827164630393, 1026.8630142912602], [779.9274500903184, 1125.9641061651078], [656.4172835369607, 1072.1369857087398]], '셋히', 0.024443129509069652), ([[393.92327954124545, 1064.0484029078245], [518.0769230769231, 1099.3846153846155], [488.07672045875455, 1198.9515970921755], [363.9230769230769, 1163.6153846153845]], '쥐리', 0.009098872328901646)]
[([[221, 7], [387, 7], [387, 117], [221, 117]], '71', 0.5380033421677264), ([[399, 107], [501, 107], [501, 149], [399, 149]], '그의 의사와:', 0.005371648491786539), ([[714, 118], [788, 118], [788, 148], [714, 148]], '티아이 처녀들', 0.15829185009924676), ([[712, 152], [792, 152], [792, 180], [712, 180]], '빼앗으려나보군', 0.6795056780258102), ([[399, 157], [521, 157], [521, 201], [399, 201]], '아무사고없이말야', 0.13379420116927365), ([[607, 451], [725, 451], [725, 487], [607, 487]], '리  리그켓', 0.47675458465373755), ([[607, 493], [727, 493], [727, 533], [607, 533]], '부탁이야.', 0.8148047973268902), ([[2, 478], [82, 478], [82, 588], [2, 588]], '시', 0.9983342675858218), ([[607, 537], [761, 537], [761, 575], [607, 575]], '제발 도와주!', 0.31527980479480994), ([[3, 915], [133, 915], [133, 979], [3, 979]], '이뤄깨 빌기', 0.005754107834675955), ([[1, 991], [145, 991], [145, 1051], [1, 1051]], '재발도안쥐 씨', 0.04323278426287815)]
[([[459, 137], [543, 137], [543, 199], [459, 199]], '헤베터', 0.08490974828985062), ([[14, 400], [130, 400], [130, 456], [14, 456]], '아아', 0.9999704973335122), ([[14, 488], [130, 488], [130, 544], [14, 544]], '아아', 0.9294253644882384), ([[14, 576], [132, 576], [132, 630], [14, 630]], '아아', 0.9289268362667598)]
[([[642, 120], [754, 120], [754, 194], [642, 194]], '아아야', 0.3806645469329088), ([[7, 143], [175, 143], [175, 251], [7, 251]], '@봉배', 0.0005669241506591277), ([[309, 523], [337, 523], [337, 543], [309, 543]], '내가', 0.81693551154839), ([[400, 488], [482, 488], [482, 544], [400, 544]], '아아!', 0.9880142057954651), ([[308, 554], [350, 554], [350, 578], [308, 578]], '아무;', 0.14038154288103433), ([[308, 584], [374, 584], [374, 610], [308, 610]], '저랑하다라_', 0.25218471904943746), ([[302, 650], [386, 650], [386, 698], [302, 698]], '아아아야', 0.08169516175985336), ([[87, 725], [125, 725], [125, 787], [87, 787]], '0)', 0.41286012662337274), ([[202, 828], [256, 828], [256, 858], [202, 858]], '아무 도', 0.5547865629196167), ([[202, 856], [272, 856], [272, 884], [202, 884]], '활수개없어', 0.756714576239488), ([[213, 1043], [283, 1043], [283, 1105], [213, 1105]], "'하아", 0.8713394739579267)]
[([[520, 48], [604, 48], [604, 104], [520, 104]], '년더야', 0.2550130947032961), ([[517, 119], [655, 119], [655, 179], [517, 179]], '#표건 -#2', 0.02943203798795806), ([[59, 339], [139, 339], [139, 401], [59, 401]], '하하하', 0.5993439756972714), ([[134, 634], [184, 634], [184, 682], [134, 682]], "'00", 0.5554886569359934), ([[436, 850], [464, 850], [464, 878], [436, 878]], '00', 0.9827559111096846), ([[463, 847], [505, 847], [505, 889], [463, 889]], "'하아", 0.5213863520827603), ([[718, 862], [752, 862], [752, 890], [718, 890]], '자', 0.23464321965662194), ([[319, 915], [417, 915], [417, 951], [319, 951]], '아아아아', 0.9949890971183777), ([[717, 901], [797, 901], [797, 939], [717, 939]], '-  -#콤뼈:', 0.0031181306427077236), ([[3, 1007], [107, 1007], [107, 1051], [3, 1051]], "'저주의야", 0.8745042780231672), ([[5, 1061], [117, 1061], [117, 1103], [5, 1103]], '더량사필0 없지', 0.14590439096124747), ([[745, 1083], [820, 1083], [820, 1145], [745, 1145]], '하아아', 0.3129319904682053)]
[([[671, 211], [757, 211], [757, 279], [671, 279]], '꼬 해', 0.07196298039812438), ([[682, 286], [732, 286], [732, 366], [682, 366]], '!', 0.2954407866282196), ([[17, 575], [173, 575], [173, 641], [17, 641]], "'하아아아", 0.9673678598871599), ([[-5.091985362252725, 264.0398005371377], [86.61676192566884, 211.01268520624708], [198.09198536225273, 430.9601994628623], [105.38323807433116, 483.98731479375294]], '@', 0.009839688630554344), ([[510.43885721549805, 312.0763435980803], [599.6605932727299, 242.01364279993643], [737.561142784502, 445.9236564019197], [648.3394067272701, 515.9863572000636]], '쫓', 0.020403162863588342), ([[414.14840399737545, 1015.0363267692927], [533.887792700569, 1071.506160815022], [494.85159600262455, 1151.9636732307074], [375.1122072994311, 1095.493839184978]], '5', 0.8403204320651447)]
[([[0, 71], [87, 71], [87, 115], [0, 115]], '아아아', 0.9983507788376241), ([[0, 141], [87, 141], [87, 185], [0, 185]], '아아아', 0.9961918247138767), ([[0, 211], [87, 211], [87, 255], [0, 255]], '아아아', 0.9973043165331882), ([[0, 281], [87, 281], [87, 325], [0, 325]], '아아아', 0.9989137371400112), ([[16, 672], [94, 672], [94, 756], [16, 756]], '', 0.0), ([[96, 776], [128, 776], [128, 822], [96, 822]], '7', 0.8788749278065193), ([[543.7034648678598, 524.0526178746753], [635.6196897293117, 457.0120049837578], [779.2965351321402, 678.9473821253247], [686.3803102706883, 746.9879950162422]], '"', 0.8290748143569004), ([[484.80595537174804, 919.0595537174802], [556.6241540102785, 873.0162430026534], [653.194044628252, 1042.9404462825198], [581.3758459897215, 1088.9837569973465]], '숲', 0.2361866738324494)]
[([[413, 41], [507, 41], [507, 109], [413, 109]], '지내', 0.07292448389909112), ([[165, 209], [275, 209], [275, 317], [165, 317]], '내래', 0.022769037718025235), ([[644, 207], [792, 207], [792, 331], [644, 331]], '때', 0.24751233133832873), ([[370, 368], [484, 368], [484, 424], [370, 424]], '바기-이', 0.01960098370909691), ([[517, 349], [605, 349], [605, 409], [517, 409]], '7', 0.5523427908433973), ([[2, 394], [110, 394], [110, 448], [2, 448]], '%컨언전히 ', 0.010946141786497051), ([[0, 460], [108, 460], [108, 516], [0, 516]], '민주거 꿀?', 0.036549986041802957), ([[370, 440], [502, 440], [502, 494], [370, 494]], '예위웨제력해자', 0.00020544038973561041), ([[512, 630], [572, 630], [572, 654], [512, 654]], '하하하', 0.999948449866973), ([[512, 662], [602, 662], [602, 694], [512, 694]], '레플리카도', 0.9215728500720145), ([[512, 698], [600, 698], [600, 730], [512, 730]], '간 것 같군', 0.49477227437740445)]
[([[270, 97], [476, 97], [476, 159], [270, 159]], '허(# [뻔', 0.0014680668148749714), ([[28, 189], [415, 189], [415, 213], [28, 213]], '주{저리1-저0+충#<이터분고*-디타겪다', 0.001672387852975606), ([[30, 210], [782, 210], [782, 238], [30, 238]], '~미계반주{/ +27-7--0++-#( 이기-하+고교까총-*<4,+-묘소-디이<', 3.0487341037613372e-06), ([[28, 232], [478, 232], [478, 258], [28, 258]], '5121주{/제91-저디혼3-[#고36문-디6:내', 0.00021561802818924835), ([[28, 282], [490, 282], [490, 306], [28, 306]], '주,70버?###(디즐,`%이)-하+[]구스구(디63)-', 2.7650774898862154e-06), ([[28, 304], [284, 304], [284, 328], [28, 328]], '말:0총히서다3사+(-하|하', 0.0006517910465444572), ([[290, 304], [554, 304], [554, 328], [290, 328]], '(고중#+ 하 ^춘-+ 초(충0*', 0.0006878418917525004), ([[28, 323], [686, 323], [686, 350], [28, 350]], '#류하다소(#+-내송이켜(디+ 855*26#73*0디한처+-디+안문이총다 .', 9.338592906276465e-06), ([[28, 384], [358, 384], [358, 410], [28, 410]], '주{7461치하*미>6손#+교332하7', 0.0005620366111734624), ([[28, 406], [412, 406], [412, 432], [28, 432]], '우10하버중다해송 3101#사)한소디니초', 0.0009665833531909479), ([[27, 426], [497, 426], [497, 454], [27, 454]], '트럭(껴이고 "하 요 돌이념소제>4-#회-6307', 0.0002720112692603981), ([[25, 448], [436, 448], [436, 476], [25, 476]], '허중니트틱50+댁3버-한투-소,촌내#충단소', 9.42858488972624e-06), ([[24, 502], [347, 502], [347, 528], [24, 528]], '#렉,3사+{앞종소주,7-#순촌디다', 0.0003675346045109866), ([[26, 524], [610, 524], [610, 550], [26, 550]], '시니가이#분#없0>-)통6,안#1*/-23<1고51안묘 송다', 4.892495474104105e-05), ([[25, 576], [398, 576], [398, 604], [25, 604]], '주{적727꾸7산-손그꽂-디색하', 7.882817598796923e-06), ([[26, 600], [572, 600], [572, 626], [26, 626]], '주{ 제리--출오해+,디513진사디분벼( 10-빠습벼디초#단소훈', 1.825058954982496e-05), ([[24, 620], [440, 620], [440, 646], [24, 646]], '키-즈류료 셋(수(슴<차"이)존-(디니*31 .', 0.00027869249098144553), ([[26, 642], [260, 642], [260, 668], [26, 668]], '(91-자-"-히^음다니=', 0.0026935712476441305), ([[26, 663], [786, 663], [786, 690], [26, 690]], '버이4-6*5+77비고지내앗0{^2+74?+7제4#-(하3<56이,*가+0*', 5.3309019252481195e-05), ([[26, 684], [358, 684], [358, 712], [26, 712]], '허교충소하름표다 30+1느70중내*', 0.00013984544348308022), ([[26, 708], [456, 708], [456, 732], [26, 732]], "'1의+591충디로7#켓 1(6131 뒷충화다송0디#", 0.00042558099667319753), ([[24, 728], [570, 728], [570, 754], [24, 754]], '#+374-**{ 06스로석[#버디++=150디6압묘이충하', 0.00024018119746355154), ([[26, 750], [434, 750], [434, 776], [26, 776]], '71477-"+(132276촌유#+*디니충하히', 0.00026794969703801413), ([[24, 772], [586, 772], [586, 798], [24, 798]], '허02-7603++디우+774-이#7[3초버+ 병안묘(충하', 0.00011420809756688766), ([[24, 794], [371, 794], [371, 818], [24, 818]], '초험야(자 기-(하-다6디토+-*끼라', 7.30914329853022e-05), ([[24, 814], [316, 814], [316, 840], [24, 840]], '050<-락습:디7니;(중나*', 0.0002532360415467973)]
[([[85, 21], [551, 21], [551, 39], [85, 39]], '티사: -4-7 1어모-사과 1 047 깨거성다도 7거47 1 -어설 5렇주시55 "너훌다설', 1.5953921054910558e-06), ([[85, 37], [549, 37], [549, 57], [85, 57]], '[꺾-`-엉5 14설 4데4사-4-짜 야 까어도 예이모오 마니지 4. "(너콜-쪽-나꾸"', 1.0001016903873652e-07), ([[203, 209], [245, 209], [245, 227], [203, 227]], '티아는', 0.8451569029881467), ([[201, 227], [255, 227], [255, 247], [201, 247]], '벌권드의', 0.10044786334037781), ([[261, 229], [319, 229], [319, 247], [261, 247]], '병원에서', 0.7819315791130066), ([[201, 249], [299, 249], [299, 269], [201, 269]], '종합검사루 받고', 0.5449596272086449), ([[203, 269], [291, 269], [291, 289], [203, 289]], '있없기 때문에', 0.47039506144855325), ([[203, 289], [280, 289], [280, 313], [203, 313]], '동료들에게로', 0.7278631358831508), ([[200, 306], [308, 306], [308, 332], [200, 332]], '돌아갈 수 없없다', 0.6851046659922784), ([[58, 540], [130, 540], [130, 564], [58, 564]], '그녀논 병의', 0.4319733756923877), ([[59, 565], [197, 565], [197, 585], [59, 585]], '정말 즉정을 하기로 햇고', 0.38925920133060615), ([[63, 587], [161, 587], [161, 607], [63, 607]], '그러기 위하 먼저', 0.9931189390538391), ([[59, 609], [143, 609], [143, 629], [59, 629]], '윗웃을 벗없다', 0.07309425033282768), ([[58, 630], [142, 630], [142, 654], [58, 654]], '정확한 즉정올', 0.6540211123703912), ([[61, 655], [175, 655], [175, 675], [61, 675]], '위해 기계가 가슴에', 0.734972527529459), ([[58, 674], [170, 674], [170, 698], [58, 698]], '직접적으로 접촉 월', 0.6168144526022925), ([[58, 698], [146, 698], [146, 722], [58, 722]], '필요가 있없다', 0.7979527725506455), ([[488.5632058550989, 888.0159202148551], [536.2461909464556, 883.1308426392734], [550.4367941449011, 1036.984079785145], [502.75380905354433, 1040.8691573607266]], '"', 0.11146109334858068)]
[([[291, 105], [433, 105], [433, 141], [291, 141]], '그들이 검사들 하눈 동안', 0.18699026171801922), ([[508, 112], [612, 112], [612, 138], [508, 138]], '다음으로 의사들은', 0.963021406034372), ([[506, 138], [622, 138], [622, 164], [506, 164]], '자국의 검사흘 위해', 0.25960817737799), ([[291, 145], [413, 145], [413, 183], [291, 183]], '티아논갈 거 같으', 0.09684543370019667), ([[508, 166], [604, 166], [604, 192], [508, 192]], '그녀에게 판티틀', 0.6367590504404991), ([[291, 185], [417, 185], [417, 223], [291, 223]], '상황에서 필사적므로', 0.19949948799868378), ([[506, 194], [570, 194], [570, 218], [506, 218]], '벗게 햇다', 0.726158860707294), ([[291, 225], [457, 225], [457, 263], [291, 263]], '새어나오려눈신음올 참닦다', 0.05495190012330972), ([[603.9135710474898, 592.0492815223876], [767.4113980410256, 628.287858468582], [742.0864289525102, 725.9507184776124], [578.5886019589744, 689.712141531418]], '시니니', 0.27304766953223153)]
[([[612, 524], [682, 524], [682, 548], [612, 548]], '그녀의 몸은', 0.9959419949471641), ([[611, 547], [683, 547], [683, 567], [611, 567]], '도구로 인해', 0.985262218561384), ([[611, 567], [791, 567], [791, 587], [611, 587]], '계속해서 느끼미 떨게 되없다', 0.4351961466238373), ([[613, 589], [721, 589], [721, 609], [613, 609]], '"너무 움직이시면', 0.9960610610824107), ([[610, 608], [740, 608], [740, 632], [610, 632]], '만족 한 만한 결과가', 0.45914176305361953), ([[613, 631], [705, 631], [705, 649], [613, 649]], '나오지 않아요"', 0.5944476660960626), ([[613, 653], [741, 653], [741, 671], [613, 671]], '의사는 테스트트 위해', 0.23000424354696614), ([[613, 671], [711, 671], [711, 691], [613, 691]], '그녀의 질 속으로', 0.9977034137426374), ([[611, 691], [705, 691], [705, 711], [611, 711]], '진동하는 도구률', 0.5935410410317777), ([[611, 713], [685, 713], [685, 733], [611, 733]], '집어널없다', 0.5536576853515097), ([[360, 1030], [462, 1030], [462, 1108], [360, 1108]], '4', 0.5866909443711599), ([[471.0465181483002, 946.0303349283132], [655.468130003443, 1008.0410589542818], [609.9534818516998, 1132.9696650716867], [425.531869996557, 1070.9589410457181]], '새', 0.0908512874980838)]
[([[250, 56], [538, 56], [538, 184], [250, 184]], '이런거 올려도', 0.28874098836458806), ([[183, 225], [639, 225], [639, 359], [183, 359]], '저작견법에안걸기나_', 0.06009509607216726), ([[222, 406], [586, 406], [586, 504], [222, 504]], '7시70 6', 0.05234258050828164), ([[261, 513], [543, 513], [543, 539], [261, 539]], '^ ://>애애채이이처` 형, ; /-나;<', 1.503462706284292e-06), ([[195, 611], [269, 611], [269, 651], [195, 651]], '테떼', 0.014067557902683065), ([[290, 608], [612, 608], [612, 652], [290, 652]], '서대##다순사한', 0.0039551105566498915), ([[210, 750], [634, 750], [634, 776], [210, 776]], '-0*순 -##스-+#눈 87 /5 $ _단 * -+', 0.0047084482441806285), ([[174, 780], [418, 780], [418, 804], [174, 804]], '*" 5+ 난-#-& 순 니3 ;', 0.0016727580806835474), ([[434, 780], [684, 780], [684, 804], [434, 804]], "논; +30< +화';! '(#+", 0.00020635625643947592)]
[([[739, 27], [775, 27], [775, 89], [739, 89]], '#문', 0.14616151014895867), ([[502, 394], [550, 394], [550, 454], [502, 454]], '@용', 0.0014372030722055297), ([[755, 943], [820, 943], [820, 981], [755, 981]], '88', 0.19338294963511743), ([[755, 975], [820, 975], [820, 1013], [755, 1013]], '*8', 0.04242946536472887), ([[761, 1007], [820, 1007], [820, 1045], [761, 1045]], '허3', 0.03603066536269099), ([[0, 1033], [364, 1033], [364, 1063], [0, 1063]], '무소336리리물비   0핑|-', 2.4457485697856244e-06), ([[376, 1034], [724, 1034], [724, 1062], [376, 1062]], "'지리@~중리하맵438]80(-]", 4.2656064076665014e-05), ([[762, 1040], [792, 1040], [792, 1072], [762, 1072]], '"', 0.9985523698383645), ([[2, 1059], [325, 1059], [325, 1087], [2, 1087]], '~또디3찬나물{5:.3@오납-차고', 2.0975189464029413e-06), ([[338, 1060], [540, 1060], [540, 1086], [338, 1086]], '시하하담-331', 0.0012875189413682742), ([[4, 1082], [92, 1082], [92, 1106], [4, 1106]], '36,너', 0.004732841160148382), ([[104, 1082], [290, 1082], [290, 1108], [104, 1108]], '~리움면압교5분<', 9.732715320145114e-05), ([[2, 1099], [695, 1099], [695, 1153], [2, 1153]], '[어요`요요5 손물-5 갈-남@닭5300 9초8한7.', 1.79628880926617e-07), ([[282, 1122], [498, 1122], [498, 1153], [282, 1153]], '하 3~8호', 0.0026046019974160493), ([[636, 1138], [766, 1138], [766, 1158], [636, 1158]], '다9 "_무   ', 0.0005900084307691478), ([[633, 1157], [739, 1157], [739, 1177], [633, 1177]], '다 름르다', 0.0004738579944956425), ([[298.39207453344477, 155.43701614698983], [341.73087558239087, 115.03345615193986], [412.60792546655523, 199.56298385301017], [369.26912441760913, 239.96654384806013]], '숲', 0.041365226047674675), ([[547.9578792406196, 421.8283947090534], [584.717701295471, 388.04307924759115], [637.0421207593804, 449.1716052909466], [600.282298704529, 482.95692075240885]], '돌', 0.7048697544273672)]
