751654
34
[([[277, 0], [559, 0], [559, 41], [277, 41]], '<0주지#되숨{버', 0.0009016557327475341), ([[12, 291], [544, 291], [544, 343], [12, 343]], '마법으로 미인자매들 최면상태로 만들어서', 0.4869358395177416), ([[168, 342], [386, 342], [386, 406], [168, 406]], '타락시키다', 0.40104752550429457)]
[]
[([[66, 734], [380, 734], [380, 786], [66, 786]], '나눈 30살위 무직-동정', 0.07426398121065494), ([[68, 776], [812, 776], [812, 832], [68, 832]], '생일날 아침에 눈올 뜻자 여자틀 내마음대로합수있늄', 0.10532169581285773), ([[67, 815], [773, 815], [773, 875], [67, 875]], '마법흘 쓸추 앞제 되없다; 마법사(웃음간 된컷인탕 ', 0.02817153363884533), ([[63, 858], [877, 858], [877, 919], [63, 919]], '그리고 눈앞에눈-사이중안보이는 미인 차매합수밖에없다:', 0.3238889892545181)]
[([[689, 205], [864, 205], [864, 256], [689, 256]], '@오@ ', 0.018890168221613487), ([[378, 672], [406, 672], [406, 716], [378, 716]], '(', 0.14198935794065282), ([[772, 698], [1248, 698], [1248, 754], [772, 754]], '나에계 절대복증하눈상태간 되라]', 0.147083702140271), ([[567, 743], [1249, 743], [1249, 803], [567, 803]], '그렇제 생각하켓까 손등에서 마방진애나탕나면셋', 0.06936023839622488), ([[728, 786], [1250, 786], [1250, 841], [728, 841]], "'가까이서 깨지논듯한 소리가 들려다", 0.5267664431064494), ([[42, 818], [90, 818], [90, 868], [42, 868]], '이', 0.9998631524177313), ([[772, 829], [1248, 829], [1248, 882], [772, 882]], '나에제 절대복증하눈상태가 되래', 0.1453013688461621), ([[864, 872], [1252, 872], [1252, 928], [864, 928]], '다시한번 강하켓 생각해다 ', 0.25663598693651346), ([[505, 915], [521, 915], [521, 937], [505, 937]], '6', 0.14411968315926416), ([[482.72065556626154, 269.26323519066085], [556.5355909998932, 298.6719010403393], [395.27934443373846, 681.7367648093392], [321.46440900010685, 652.3280989596607]], "'", 0.9986122895925611)]
[([[89, 755], [869, 755], [869, 817], [89, 817]], '어제까지늄인키없없터내 방득으늘부터는 파라단이스다', 0.0681226896411327), ([[92, 803], [848, 803], [848, 860], [92, 860]], '나는단지 선있올 눈문사람/암쾌는 봉자에 열중한다', 0.017725240092476835), ([[93, 843], [971, 843], [971, 905], [93, 905]], '암래들의 입술렉 현3 손끊이 손등이 멈춘지않고 나름애문한다', 0.04510005236936519), ([[172.43002360009672, 207.02033040135413], [232.8933553322804, 199.2272781095857], [251.56997639990328, 362.9796695986459], [191.1066446677196, 370.7727218904143]], '확', 0.034642003576174085), ([[1011.3910845259202, 282.0232072895539], [1070.265898850558, 270.1007911725188], [1101.6089154740798, 428.9767927104461], [1042.734101149442, 441.8992088274812]], '학', 0.640146607210923), ([[142.43276587968865, 348.0230203201704], [197.85028322829388, 342.2489665994683], [211.56723412031135, 484.9769796798296], [157.14971677170612, 490.7510334005317]], '활', 0.0483202789313788), ([[977.404640601427, 404.0221840591218], [1032.684596065456, 389.0293458093352], [1072.595359398573, 553.9778159408783], [1017.3154039345442, 567.9706541906648]], '합', 0.050599727358241475)]
[([[95, 49], [847, 49], [847, 109], [95, 109]], '내인생에있어세여자에제 필라름 반눈날이 올줄이야', 0.25406067990715636), ([[96, 98], [348, 98], [348, 150], [96, 150]], '무것도더블 필란]', 0.025686253186839043), ([[98, 138], [708, 138], [708, 194], [98, 194]], '딱딱해진내차지에암래들의여가 없혀온다: ', 0.09596836692564016), ([[1051, 369], [1093, 369], [1093, 415], [1051, 415]], '개', 0.015192393657671666), ([[97, 651], [187, 651], [187, 761], [97, 761]], '할', 0.07388378412798957), ([[283, 713], [367, 713], [367, 803], [283, 803]], '알', 0.2804289639796167), ([[881, 625], [972, 625], [972, 796], [881, 796]], '확', 0.02428263001897002), ([[105, 755], [215, 755], [215, 863], [105, 863]], '깜', 0.5357599424206114), ([[309, 799], [403, 799], [403, 885], [309, 885]], '딱', 0.24908531084656715), ([[971, 753], [1059, 753], [1059, 843], [971, 843]], '접', 0.0841061661419964), ([[205.38388874687902, 785.0189976994403], [279.7543434880508, 777.3868011593522], [296.61611125312095, 966.9810023005597], [223.24565651194922, 974.6131988406478]], '별', 0.6971736025984434), ([[822.434045682873, 808.0200441285101], [886.1258477287832, 801.2876221932515], [902.565954317127, 964.9799558714899], [838.8741522712168, 972.7123778067485]], '별', 0.9856907725556177)]
[([[69, 71], [1113, 71], [1113, 131], [69, 131]], '자치 뒤쪽의힘출로 귀뒤멘부분모 요도 끝도 귀두도 기둥도무석구적-활안진야', 0.019633478247678717), ([[72, 122], [524, 122], [524, 176], [72, 176]], '뜨겁교미끊미끊하고 말랑 거린다', 0.12278568460403409), ([[327, 95], [1014, 95], [1014, 368], [327, 368]], '7수속 우육', 0.06684273899422906), ([[1055, 371], [1093, 371], [1093, 417], [1055, 417]], '1', 0.014301170963136267), ([[74, 812], [541, 812], [541, 866], [74, 866]], '울% |분동안 되선 자정해버로다', 0.05271069723853609)]
[([[35, 61], [471, 61], [471, 121], [35, 121]], '지금의다에컨현자타임은없다', 0.06396407434965237), ([[38, 106], [799, 106], [799, 162], [38, 162]], "'물로더러워진따지름-암캐의 목구멍보지에 스서넣눕다", 0.07553839390886283), ([[1048, 61], [1180, 61], [1180, 407], [1048, 407]], '풀', 0.3316165515106064), ([[1089, 393], [1173, 393], [1173, 501], [1089, 501]], '꽃', 0.016209101559942818), ([[472, 538], [544, 538], [544, 618], [472, 618]], '젖', 0.174521960620738), ([[37, 792], [1003, 792], [1003, 855], [37, 855]], '또름안 마리의 암키는 눈치빠루게언니의보지루 씹질로 풀어주고 있다', 0.03954645115987342), ([[38, 838], [253, 838], [253, 899], [38, 899]], '똑똑안 암쾌다', 0.019551461614411778), ([[483.2672065083737, 260.03846182955016], [536.397135916336, 254.42324248595008], [546.7327934916264, 368.96153817044984], [492.60286408366403, 374.5767575140499]], '탑', 0.14776206178915974), ([[469.35403278135476, 345.0160589052308], [572.7069940136089, 372.34659359360757], [520.6459672186452, 571.9839410947692], [417.2930059863911, 544.6534064063925]], '히', 0.09405071757498806)]
[([[165, 283], [763, 283], [763, 343], [165, 343]], '언)의 목문명으론 충분할만큼 만족해의-까 ', 0.01026047034123788), ([[164, 328], [705, 328], [705, 388], [164, 388]], '연동생의 목문덩의로로 충분히 즐겨붙다:', 0.060587397213803094), ([[878, 414], [926, 414], [926, 462], [878, 462]], '엔', 0.7327490721942276), ([[823, 467], [871, 467], [871, 511], [823, 511]], '데', 0.06816670187846796), ([[888, 464], [944, 464], [944, 516], [888, 516]], '면', 0.06657535781286938), ([[168, 501], [932, 501], [932, 558], [168, 558]], '여동생의 목문명음 좁안세자지가 전부 들어가지양듣다?', 0.029500010563903594), ([[167, 545], [756, 545], [756, 602], [167, 602]], '여동생의손-가락음 입에한가득 자지틀 물고', 0.10947920941843538), ([[940, 545], [1041, 545], [1041, 600], [940, 600]], '언니의', 0.8679222820876463), ([[166, 588], [604, 588], [604, 644], [166, 644]], '암컷 보진틀 예속해서 풀어랜다?', 0.05106327296295506), ([[558.3677629812734, 23.022234334081134], [626.8514832678103, 32.4195573940464], [605.6322370187266, 182.97776566591887], [537.1485167321897, 172.5804426059536]], '줄', 0.17887820654047815), ([[490.22033345271643, 150.03383470623885], [555.2413693582955, 137.28356360662835], [579.7796665472836, 282.96616529376115], [514.7586306417045, 294.7164363933716]], '줄', 0.9866747708063919), ([[754.9604922764289, 528.0602335772887], [964.7856835416555, 555.047625879632], [950.0395077235711, 631.9397664227113], [740.2143164583445, 604.952374120368]], '밭아래편서볶온', 0.004746979681375272)]
[([[172, 380], [994, 380], [994, 434], [172, 434]], '두출한 보지 구멍올 꽉꽉 조여대눈암컷틀 어느쪽분터 박을지', 0.063491522054758), ([[169, 419], [1056, 419], [1056, 479], [169, 479]], '하지만 모처럼 풀어짚기도 하고 언니쪽의 보지분터 따먹기로 하자;', 0.18984877527976454), ([[979.5390795364048, 355.00408585323], [1164.9628904033286, 329.30378433210046], [1247.4609204635951, 970.99591414677], [1062.0371095966714, 996.6962156678995]], '~', 0.36997127958854037), ([[7.272516074088586, 396.01150794119934], [172.19925580183843, 370.8512025720724], [222.7274839259114, 757.9884920588006], [56.80074419816157, 783.1487974279275]], '육', 0.4579612837926703), ([[50.97878588672343, 718.0226824512772], [315.0946006887707, 805.610272274676], [249.02121411327656, 988.9773175487228], [-16.094600688770697, 901.389727725324]], '육]', 0.2301724454507949)]
[([[0, 0], [332, 0], [332, 212], [0, 212]], '광빵광', 0.14344673479780723), ([[117, 193], [233, 193], [233, 305], [117, 305]], '땅', 0.21642224876703509), ([[253, 247], [327, 247], [327, 307], [253, 307]], '센', 0.0033257108489115894), ([[70, 293], [532, 293], [532, 350], [70, 350]], "'기분증안] 말동안 되게-기분 좋아!", 0.2107781471488369), ([[13, 331], [909, 331], [909, 396], [13, 396]], '뜨민친듯이 하런운 보지-점막히 -차지에 끈적끈적하게 달라붙는다:', 0.06741434731308638), ([[58, 378], [1026, 378], [1026, 435], [58, 435]], '오보젯살데수천마리의 벌레처럼 꿈들거리면서 자지에 위감기늄 느낌이다:', 0.21143130603046556), ([[64, 422], [336, 422], [336, 476], [64, 476]], '이제명기라능건가:', 0.11739235513014032), ([[67, 463], [701, 463], [701, 526], [67, 526]], '나눈목 느낌에 정신올 잃고 미친듯이 박아)다:', 0.23391627302893425), ([[0, 471], [79, 471], [79, 569], [0, 569]], '빵', 0.36513457477498434), ([[194, 509], [682, 509], [682, 563], [194, 563]], '서런키스하면서 흥분하는 모양이다:', 0.39663037205201584), ([[57, 501], [209, 501], [209, 635], [57, 635]], "'양빵", 0.04317137523199262), ([[15, 643], [129, 643], [129, 751], [15, 751]], '땅', 0.8727887551374494), ([[642, 708], [714, 708], [714, 798], [642, 798]], '올', 0.5441264336575138), ([[68, 812], [464, 812], [464, 868], [68, 868]], '똑다 인간 탤드 취급인가?', 0.07998596627667949), ([[650, 788], [732, 788], [732, 862], [650, 862]], '@', 0.018553966381332998)]
[([[579, 5], [639, 5], [639, 67], [579, 67]], '댐', 0.05867101178024825), ([[588, 146], [640, 146], [640, 200], [588, 200]], '품', 0.08714356211641316), ([[529, 623], [613, 623], [613, 735], [529, 735]], '퍽', 0.9712521478484213), ([[60, 746], [717, 746], [717, 802], [60, 802]], '암컷페렉장관치늄모습올- 보편세다신 사정하다', 0.07249322073307651), ([[719, 717], [807, 717], [807, 803], [719, 803]], '벼', 0.09018306256422548), ([[60, 790], [866, 790], [866, 846], [60, 846]], '푸움같은말동이 "들"들 떨리늄 모습은 엄청나켓 박력있다', 0.03817525101661914), ([[57, 826], [1044, 826], [1044, 905], [57, 905]], '여통생은활봉울살콩살당 콤들편언리희터대@봉올 만지작러리고있다', 0.0009521606307310739), ([[554.0660838501253, 112.49164316536356], [635.0653233223393, 36.24018039145773], [682.9339161498747, 100.50835683463644], [601.9346766776607, 176.75981960854227]], '품좁', 0.0018864441139117148), ([[85.93098527849408, 189.44816761268697], [159.59595695042387, 172.52593989535322], [168.0690147215059, 220.55183238731303], [93.40404304957615, 236.47406010464678]], '()', 0.6883289115354635), ([[725.3603815075945, 491.01574460416873], [815.4829377903461, 458.0089734396909], [902.6396184924055, 719.9842553958313], [813.5170622096539, 752.991026560309]], '퍽', 0.9844302395443982)]
[([[127, 75], [359, 75], [359, 283], [127, 283]], '필', 0.02060865422267555), ([[172, 278], [340, 278], [340, 430], [172, 430]], '떼', 0.0926749805153726), ([[182, 748], [790, 748], [790, 802], [182, 802]], '언페안에싸자만차 여동생의 보지에 박앉다:', 0.35340946531113354), ([[179, 785], [1061, 785], [1061, 849], [179, 849]], '발륭하켓 십입해는데드박히자마차 암개가 귀어움비명올지료다', 0.005392128494361699), ([[182, 836], [1054, 836], [1054, 892], [182, 892]], '여동생의 보지늄 언네보다 매백한지만 조임인언리쪽보다 강하다 .', 0.12795531862266613), ([[215.379679034884, 398.0106920116354], [350.5827444228265, 417.7628411661889], [304.62032096511604, 723.9893079883645], [170.41725557717348, 704.2371588338111]], '업', 0.18370760253927276)]
[([[139, 5], [223, 5], [223, 93], [139, 93]], '넷', 0.014421139339527989), ([[322, 44], [1116, 44], [1116, 100], [322, 100]], '나는 자매가 서로의 보지름 빨아주는컵 보면세어리블-렉속', 0.1343519668605186), ([[328, 90], [466, 90], [466, 144], [328, 144]], '흔들없다?', 0.8972765866303121), ([[151, 93], [241, 93], [241, 259], [151, 259]], '때', 0.04200700267756674), ([[325, 127], [1151, 127], [1151, 189], [325, 189]], '언니되 동생의 빗빠하게 선 클리토리스름 빨고 동생은 언니의', 0.09671249601316466), ([[323, 174], [1174, 174], [1174, 230], [323, 230]], '입질녕에서 흘러나오는 내 쫓물올 후루롭 마시고 있는 모양이다:', 0.1516762721451075), ([[324, 220], [568, 220], [568, 270], [324, 270]], '자매깊밥 중구나:', 0.2732445702263762), ([[167, 257], [259, 257], [259, 345], [167, 345]], '떼', 0.026930010243142455), ([[25.5591213841768, -0.9918983503909757], [111.56234527819714, -12.897860195501336], [155.4408786158232, 294.99189835039095], [69.43765472180286, 307.8978601955013]], '탑', 0.029771093425069672)]
[([[145, 39], [652, 39], [652, 96], [145, 96]], '여동생의 백백한 암컷 모덩에 만족증 ', 0.22224443843058006), ([[146, 86], [702, 86], [702, 138], [146, 138]], '박울때마다 얼굴이 명해지논컷이 재있다', 0.28317741327140356), ([[91, 237], [179, 237], [179, 347], [91, 347]], '깜', 0.004273673420491841), ([[96, 354], [234, 354], [234, 476], [96, 476]], ' ', 0.5506912675830087), ([[257, 357], [469, 357], [469, 497], [257, 497]], '- 필', 0.32958075404167175), ([[81, 515], [169, 515], [169, 625], [81, 625]], '질', 0.0738764774414955), ([[247, 479], [481, 479], [481, 593], [247, 593]], '뿐', 0.020500844605392254), ([[585, 525], [701, 525], [701, 653], [585, 653]], '짧', 0.15269119177618506), ([[109, 613], [207, 613], [207, 703], [109, 703]], '썩', 0.09533582160901588), ([[444, 596], [524, 596], [524, 692], [444, 692]], '필', 0.019319052665665915), ([[449, 687], [545, 687], [545, 779], [449, 779]], '뿐', 0.22536080558882876), ([[586, 668], [732, 668], [732, 788], [586, 788]], '팬', 0.049770720707400296), ([[144, 816], [1161, 816], [1161, 876], [144, 876]], '자지로-자궁입컷름 칠패만닷 침이흘러나와세점점 더 맛 간업국이 된간다:', 0.01693571858875936), ([[144, 858], [349, 858], [349, 919], [144, 919]], '언네의움렉친-', 0.014301120083050893), ([[335, 857], [703, 857], [703, 960], [335, 960]], '[엉덩령이로장관이다 평', 0.13809194883958284)]
[([[22, 58], [428, 58], [428, 114], [22, 114]], '뒤엔세-보체지멍올 공격하다', 0.022689510429651068), ([[535, 17], [647, 17], [647, 139], [535, 139]], '판', 0.3030602638890656), ([[24, 104], [490, 104], [490, 158], [24, 158]], '뒷번인, 덧번이고강한계 박눕다', 0.015860621459562872), ([[23, 141], [453, 141], [453, 201], [23, 201]], '박흘대마라 암컷 보지간 차치틀', 0.13664973551473583), ([[431, 129], [705, 129], [705, 261], [431, 261]], '{뼈무하연령빵}', 0.0009458416366533129), ([[299, 327], [341, 327], [341, 381], [299, 381]], '8', 0.1329297066744397), ([[612, 276], [714, 276], [714, 400], [612, 400]], '판', 0.36515568099568796), ([[306, 454], [356, 454], [356, 504], [306, 504]], '@', 0.24467320380439617), ([[636, 422], [736, 422], [736, 538], [636, 538]], '땅', 0.2941102207560107), ([[330, 512], [358, 512], [358, 544], [330, 544]], '유', 0.39219081539707545), ([[717, 535], [828, 535], [828, 788], [717, 788]], '판', 0.04434140365265038), ([[872, 884], [966, 884], [966, 960], [872, 960]], '교', 0.11604379790262076), ([[305.98268547211705, 376.0649466825132], [365.0394077544406, 360.2643154141907], [391.01731452788295, 469.9350533174868], [331.9605922455594, 485.7356845858093]], '움', 0.731948551198812)]
[([[124, 20], [214, 20], [214, 202], [124, 202]], '올', 0.8362763426007156), ([[840, 528], [949, 528], [949, 740], [840, 740]], '품', 0.48393984330915885), ([[40, 757], [376, 757], [376, 811], [40, 811]], "오늘 세번째의 정이다:'", 0.3821156475485637), ([[39, 798], [765, 798], [765, 859], [39, 859]], '안에다 쌀때마다 보지 구멍이 음필움필 경련화고있다:', 0.17331143274766858), ([[38, 844], [1055, 844], [1055, 900], [38, 900]], '너무 많이 해센나도-암컷들로 흐물흐물해처두 이암컷들은 기르는록로 하자:', 0.033236646375072385), ([[436.10273295103786, 4.0403357565203635], [507.42535625036334, -11.70142500145332], [537.8972670489621, 134.95966424347964], [466.57464374963666, 151.70142500145332]], '월', 0.5718481091798964), ([[547.2555804050272, 55.03471033379071], [609.7112761653777, 40.18517217810845], [639.7444195949728, 177.9652896662093], [576.2887238346223, 192.81482782189156]], '움', 0.031405825205993665), ([[845.3343597645297, 226.01847576153506], [933.4059476561397, 209.24366486204497], [971.6656402354703, 429.98152423846494], [884.5940523438603, 447.75633513795503]], '풍', 0.13826347860698718), ([[994.4242586110099, 397.01843433175463], [1065.406209198674, 389.32762101311204], [1083.57574138899, 570.9815656682454], [1012.5937908013259, 579.672378986888]], '품', 0.5075467386302854)]
[([[253, 41], [480, 41], [480, 93], [253, 93]], '그때분터 수개월_', 0.9065475951985874), ([[1116, 12], [1220, 12], [1220, 136], [1116, 136]], '{', 0.01047306647569557), ([[254, 86], [790, 86], [790, 142], [254, 142]], '매일 잔뜩 짜주니까 훌륭하게 임신있다:', 0.25448373488510573), ([[66, 138], [170, 138], [170, 266], [66, 266]], '@', 0.017357317141011075), ([[1118, 134], [1216, 134], [1216, 240], [1118, 240]], '@', 0.9726067322093037), ([[66, 262], [164, 262], [164, 392], [66, 392]], '@', 0.02178231002375597), ([[1105, 231], [1213, 231], [1213, 357], [1105, 357]], '숙', 0.008257644041716417), ([[64, 404], [162, 404], [162, 504], [64, 504]], '예', 0.5141688458792402), ([[256, 430], [928, 430], [928, 486], [256, 486]], '불태배 암래 자매는 오늘도 나에게-봉사하고 있다:', 0.41208222782784437), ([[256, 472], [626, 472], [626, 528], [256, 528]], '마법사가 되서 단행이군나:', 0.8602790585470952), ([[1081, 379], [1208, 379], [1208, 720], [1081, 720]], '교', 0.007982101791484064)]
[]
[([[689, 205], [805, 205], [805, 256], [689, 256]], '교요', 0.028989444308061902), ([[579, 267], [609, 267], [609, 287], [579, 287]], '0', 0.7138989376401241), ([[378, 672], [408, 672], [408, 714], [378, 714]], '예', 0.06998883147844026), ([[505, 915], [521, 915], [521, 937], [505, 937]], '6', 0.307596300594529), ([[808.9011154884105, 207.15390420943672], [867.7743999285316, 217.6756491478837], [862.0988845115895, 249.84609579056328], [803.2256000714684, 240.3243508521163]], '오5', 0.03348442614321302), ([[482.72065556626154, 269.26323519066085], [556.5355909998932, 298.6719010403393], [395.27934443373846, 681.7367648093392], [321.46440900010685, 652.3280989596607]], "'", 0.9987889620749826)]
[]
[([[1055, 373], [1093, 373], [1093, 413], [1055, 413]], '대', 0.02892838952026211)]
[([[1055, 371], [1093, 371], [1093, 417], [1055, 417]], '1', 0.011975790823044952)]
[]
[]
[]
[]
[([[88.37004658340298, 185.27313509186865], [161.80060672175898, 174.75109425398023], [165.62995341659703, 223.72686490813135], [92.199393278241, 234.24890574601977]], '(쇼:', 0.0749415459285019)]
[]
[]
[]
[]
[]
[]
