752928
27
[([[904, 248], [1376, 248], [1376, 296], [904, 296]], '테이이치씨; 쭉 이때틀 기다렇어요', 0.21395516452520624), ([[101, 867], [303, 867], [303, 911], [101, 911]], '진짜 제모습올', 0.9794812188723443), ([[87, 907], [315, 907], [315, 951], [87, 951]], '보여드컵수 있는', 0.24468575913999804), ([[115, 947], [259, 947], [259, 989], [115, 989]], '이 순간올', 0.6591448175026615), ([[1074, 1695], [1417, 1695], [1417, 1819], [1074, 1819]], "7;7'", 0.029742812737822533)]
[]
[([[1066, 70], [1392, 70], [1392, 118], [1066, 118]], '명하니 있는 켜이이치의', 0.44082636694445887), ([[1094, 106], [1362, 106], [1362, 156], [1094, 156]], '앞에서; 베르단디는', 0.39206745890661987), ([[1135, 149], [1321, 149], [1321, 193], [1135, 193]], '웨당드레스틀', 0.2593781698182135), ([[1123, 189], [1329, 189], [1329, 233], [1123, 233]], '벗기 시작햇다.', 0.38021081952826186), ([[1078, 227], [1375, 227], [1375, 271], [1078, 271]], '속옷류는 걸치지않고,', 0.5965488350850029), ([[1071, 266], [1388, 266], [1388, 311], [1071, 311]], '드레스틀 벗은저만으로', 0.36895011488344903), ([[1075, 305], [1381, 305], [1381, 349], [1075, 349]], '풍성한 몸이 드러낫다', 0.5938869406499304), ([[1072, 344], [1385, 344], [1385, 389], [1072, 389]], '[지금부터 이 모습으로', 0.9913217877272347), ([[1109, 383], [1345, 383], [1345, 427], [1109, 427]], '지상으로 내려가;', 0.6824530825132822), ([[1076, 420], [1382, 420], [1382, 468], [1076, 468]], '인간 모두와 접촉하고', 0.7364334778916595), ([[1159, 461], [1301, 461], [1301, 505], [1159, 505]], '올게오이]', 0.540705835851458), ([[62, 1140], [298, 1140], [298, 1192], [62, 1192]], '가랑이름 벌리명', 0.2996378995208392), ([[64, 1180], [302, 1180], [302, 1230], [64, 1230]], '손가락올 음부에', 0.9130273890320934), ([[94, 1220], [272, 1220], [272, 1268], [94, 1268]], '대어 벌리다', 0.7856884820091833), ([[70, 1258], [296, 1258], [296, 1306], [70, 1306]], '[[이렇게 모두의', 0.5220392472812647), ([[80, 1298], [287, 1298], [287, 1343], [80, 1343]], '앞에서 보지클', 0.695720300389776), ([[88, 1336], [276, 1336], [276, 1384], [88, 1384]], '벌리고 잔뜩', 0.9467650378606794), ([[80, 1376], [287, 1376], [287, 1421], [80, 1421]], '생사정 당하고', 0.7003324104067085), ([[110, 1414], [260, 1414], [260, 1462], [110, 1462]], '올게오이]', 0.5443031808305778)]
[]
[([[70, 170], [270, 170], [270, 218], [70, 218]], '지금부터 저의', 0.9989536926687239), ([[1178, 166], [1344, 166], [1344, 214], [1178, 214]], '테이이치씨,', 0.3356415244554875), ([[73, 211], [271, 211], [271, 255], [73, 255]], '음란한 이곳에', 0.7840116463907392), ([[1168, 204], [1360, 204], [1360, 252], [1168, 252]], '특등석에서의', 0.9861774192229827), ([[105, 249], [237, 249], [237, 293], [105, 293]], '자동차부', 0.9998518824577332), ([[1211, 245], [1313, 245], [1313, 289], [1211, 289]], '경치는', 0.5720397092402146), ([[57, 289], [285, 289], [285, 333], [57, 333]], '여러분의 자지름', 0.578959588902246), ([[1172, 284], [1352, 284], [1352, 328], [1172, 328]], '어떠신가요?', 0.9977677663074574), ([[107, 327], [237, 327], [237, 371], [107, 371]], '수청4경', 0.1902940571308136), ([[77, 367], [239, 367], [239, 411], [77, 411]], '하켓습니다다', 0.07622301474691731)]
[]
[([[45, 43], [1000, 43], [1000, 98], [45, 98]], '수년전 모리사토의 계약생활이 시작되고나세오년정물경관하어있블', 0.06887283556750502), ([[44, 82], [884, 82], [884, 135], [44, 135]], '베르단디는 쇼핑중에 두남자루 따라 그대로 혼텔에 들어자다;', 0.17173510677221723), ([[46, 119], [1274, 119], [1274, 172], [46, 172]], '남자들은 그렇려고 햇던게 아니라 농담반으로말흘 결없젯만; 말히듣렉로 따르는 그녀에게', 0.04673515534312902), ([[46, 161], [1250, 161], [1250, 212], [46, 212]], '무심코 마가끼어 호텔에서 하루종일등녀름 유된햇다; 테플플뒤터신로 부정올 일으키는', 0.028252639184996906), ([[46, 198], [1128, 198], [1128, 254], [46, 254]], '생각은 평소부터 생각도 않있지만; 같음생활흘반복하기합히문 일장이 조금씩', 0.07735510747845452), ([[41, 240], [588, 240], [588, 290], [41, 290]], '.녀의 정신올 공히함에 먹히고있없다', 0.3946099958829147), ([[828, 1331], [1603, 1331], [1603, 1386], [828, 1386]], '이튿분렉베르관만의생활이조금씩미처카켓 신작햇염', 0.0008789312916801248)]
[]
[([[1590, 98], [1626, 98], [1626, 130], [1590, 130]], '아', 0.9994900612230081), ([[1533, 131], [1683, 131], [1683, 173], [1533, 173]], '여보세요~', 0.9997789655022861), ([[1504, 170], [1708, 170], [1708, 212], [1504, 212]], '남친남인가요?', 0.3266607971416173), ([[1031, 197], [1155, 197], [1155, 239], [1031, 239]], '여친님의', 0.6403000169078596), ([[1059, 239], [1129, 239], [1129, 275], [1059, 275]], '보지', 0.9995487213761501), ([[1045, 275], [1141, 275], [1141, 317], [1045, 317]], '잘먹고', 0.8413022756576538), ([[1029, 313], [1159, 313], [1159, 357], [1029, 357]], '있습니다', 0.8978294567812511), ([[1268, 1056], [1396, 1056], [1396, 1100], [1268, 1100]], '부탁하면', 0.9998776912689209), ([[1219, 1097], [1449, 1097], [1449, 1141], [1219, 1141]], '하게 해준다는게', 0.5117284613098552), ([[141, 1131], [233, 1131], [233, 1167], [141, 1167]], '어라아', 0.9798128360415362), ([[1240, 1136], [1426, 1136], [1426, 1178], [1240, 1178]], '정말이없네요', 0.75523882558099), ([[130, 1162], [243, 1162], [243, 1206], [130, 1206]], '여친님도', 0.8294559717178345), ([[1235, 1175], [1431, 1175], [1431, 1219], [1235, 1219]], '여친님의 보지', 0.5652769859518991), ([[132, 1204], [244, 1204], [244, 1236], [132, 1236]], '아까까지', 0.9994359612464905), ([[1221, 1213], [1447, 1213], [1447, 1257], [1221, 1257]], '엄청 부드러워서', 0.9386171267800554), ([[133, 1235], [245, 1235], [245, 1275], [133, 1275]], '큰소리로', 0.6722704172134399), ([[115, 1269], [261, 1269], [261, 1309], [115, 1309]], '기뻐 날뛰며', 0.73168611947382), ([[1241, 1253], [1423, 1253], [1423, 1297], [1241, 1297]], '기분좋아요~', 0.9870188640494586), ([[143, 1305], [233, 1305], [233, 1345], [143, 1345]], '야한말', 0.9864952239674968), ([[117, 1338], [256, 1338], [256, 1378], [117, 1378]], '연발하논게', 0.6492870570242012), ([[117, 1373], [257, 1373], [257, 1415], [117, 1415]], '엄청나논데', 0.5382522371494642)]
[([[132.866519581685, 1027.0306122611723], [323.7829710109982, 1079.608514494501], [271.133480418315, 1253.9693877388277], [80.21702898900176, 1201.391485505499]], '9', 0.8863499870451541)]
[([[825, 77], [1410, 77], [1410, 126], [825, 126]], '발가락 사이에 혀름 넣고, 항홀한 표정으로', 0.42532337685237886), ([[822, 116], [1416, 116], [1416, 165], [822, 165]], '발가락의 때륙 열심히 활고있던 베르단디는;', 0.20461986006025473), ([[822, 154], [1414, 154], [1414, 205], [822, 205]], '이제서야 생각낫다논듯 손님에게 돌아없다:', 0.26816494160818927), ([[868, 194], [1370, 194], [1370, 242], [868, 242]], '[사실은 금지이지만 지명해주신분들', 0.9300236141607745), ([[848, 234], [1386, 234], [1386, 282], [848, 282]], '모두에게, 생사정 서비스트 하고있어요', 0.5213608550718407), ([[911, 275], [1325, 275], [1325, 317], [911, 317]], '저의 이곳에 잔뜩 싸주세요이]', 0.674792088596624), ([[886, 311], [1352, 311], [1352, 360], [886, 360]], '그렇게 말하자 음부름 보여주듯이', 0.8564414516529035), ([[818, 350], [1418, 350], [1418, 398], [818, 398]], '다리름 벌리다. 그녀의 헤어는 하트모양으로', 0.276235914829057), ([[903, 391], [1339, 391], [1339, 435], [903, 435]], '정돈되어 있어서, 갈라진 곳에서', 0.5215588505002906), ([[938, 428], [1301, 428], [1301, 476], [938, 476]], '보짓살이 확실하게 보엿다', 0.3723343040302251), ([[76, 1634], [558, 1634], [558, 1682], [76, 1682]], '[또 지명해 주신다고 약속해 주시면', 0.9508740870255417), ([[96, 1672], [538, 1672], [538, 1720], [96, 1720]], '더 대단한 서비스도 활거에요이]', 0.6554791386590838)]
[]
[([[100, 52], [1038, 52], [1038, 100], [100, 100]], '베르단디는 모리사토가 집에있올때도 상관없이 엎드린채로 남자들과', 0.646316033423707), ([[103, 92], [999, 92], [999, 137], [103, 137]], '집안을 기어다니면서 미음이 내키면 어디든 상관없이 난교릇 햇다', 0.4356766298091126), ([[874, 1238], [1812, 1238], [1812, 1290], [874, 1290]], '옆드채로 허리블 들고 국부름 심하게 노출하면서 엉덩이름 흔들고', 0.3711121075560486), ([[876, 1281], [1848, 1281], [1848, 1330], [876, 1330]], '남치들올 꼬시논 모습은 여신의 존업따위논 티골도 남지않고 한결같이', 0.20687607958414614), ([[872, 1320], [1244, 1320], [1244, 1368], [872, 1368]], '음목올 팀하는 암돼지엿다', 0.12293473310634423)]
[]
[([[892, 64], [1824, 64], [1824, 114], [892, 114]], '[야~이거이거; 보지랑 동구멍에 동시산입 당하느거 너무 좋아~00', 0.3118338285313841), ([[992, 104], [1726, 104], [1726, 154], [992, 154]], '뱃속이 자지로 가득차는 이 느낌 참을수 없어~~엉0]', 0.3501173435276481), ([[63, 1295], [747, 1295], [747, 1355], [63, 1355]], '[정말 나티엄마라서 뱃속의 아이가 가여워웃음]', 0.30364806409921585)]
[]
[([[1333, 49], [1827, 49], [1827, 93], [1333, 93]], '보주세요 웨이이치씨, 언제나 이렇게', 0.22787591912770092), ([[1363, 89], [1795, 89], [1795, 133], [1363, 133]], '동구멍올 기분쫓게 되고 있어요', 0.3447085864185569), ([[1340, 125], [1820, 125], [1820, 174], [1340, 174]], '야구방망이나 대걸래따위틀 박고서', 0.48508047298950957), ([[1366, 165], [1792, 165], [1792, 213], [1366, 213]], '방글방글 취저어 질때도 있어요', 0.5153678271807726), ([[78, 1110], [474, 1110], [474, 1158], [78, 1158]], '지금부터 둘에게 팔굽치까지', 0.7999545784811185), ([[93, 1151], [457, 1151], [457, 1195], [93, 1195]], '마음껏 피스톤 당할테니까', 0.8931930727473526), ([[125, 1189], [423, 1189], [423, 1233], [125, 1233]], '마지막까지 뵈주세요', 0.44511310013965727)]
[]
[([[54, 48], [952, 48], [952, 96], [54, 96]], '[타미야씨 지인의 추천으로 이미지 비디오름 촬영하기로 햇습니다]', 0.7136199067039699), ([[54, 1306], [1334, 1306], [1334, 1360], [54, 1360]], '야구자에제 노려진 지동차부는 몇명이 린치름 당해 목숨과 맞바퀴 베르단디름바치체 되없염', 0.1050814966938602), ([[54, 1346], [1228, 1346], [1228, 1396], [54, 1396]], '비디오 촬영은 처음엔 평온하게 진행 되없지만 해체기구가 준비되자 상황이질변쨌다', 0.175324679499862)]
[]
[([[89, 151], [129, 151], [129, 187], [89, 187]], '네', 0.9999480254251125), ([[91, 187], [421, 187], [421, 231], [91, 231]], '마지막은 제대로 변기에', 0.8353241788574274), ([[91, 225], [351, 225], [351, 269], [91, 269]], '싸서 처리해주세요', 0.9956662474205058), ([[1087, 1607], [1147, 1607], [1147, 1647], [1087, 1647]], '싫어', 0.9956029586702322), ([[1082, 1636], [1344, 1636], [1344, 1693], [1082, 1693]], '유멍애노렁해제세', 0.0070488142903701164), ([[1079, 1676], [1314, 1676], [1314, 1731], [1079, 1731]], '흘라버로웃음)', 0.11778080201444326)]
[]
[([[1332, 39], [1682, 39], [1682, 91], [1332, 91]], '[체의이치씨 어서오세요]', 0.5078969763567402), ([[1204, 78], [1814, 78], [1814, 128], [1204, 128]], '모리사로 테이이치가 돌아오는결 현관앞에서', 0.33313686526820097), ([[1182, 118], [1833, 118], [1833, 169], [1182, 169]], '맞이하는 베르단디의 가랑이에는 남자의 거대한', 0.5589084363807079), ([[1267, 156], [1744, 156], [1744, 208], [1267, 208]], '폐니스가 피스톤올 반복하고 있다:', 0.6375382396804764), ([[1210, 196], [1804, 196], [1804, 246], [1210, 246]], '모리사토의 귀가와 동시에 육봉이 적렬하게', 0.5046211265461111), ([[1244, 236], [1770, 236], [1770, 284], [1244, 284]], '맥플위면서; 대량의 정액이 베르단디의', 0.19317149765413774), ([[1357, 277], [1655, 277], [1655, 321], [1357, 321]], '질안에 사정되어젓다.', 0.4160009858893449), ([[1268, 313], [1756, 313], [1756, 362], [1268, 362]], '(싫어~이생사정은 안되요~이오늘은', 0.47559242574700944), ([[1264, 352], [1751, 352], [1751, 402], [1264, 402]], '위험하날 이니까 아기생겨버려오이]', 0.8785261513133963), ([[1204, 392], [1806, 392], [1806, 440], [1204, 440]], '베르단디가 기쁨듯반응하다. 그녀의 허리논', 0.719908332976069), ([[1250, 430], [1758, 430], [1758, 478], [1250, 478]], '크게 그라인드하다; 사정의 반동으로', 0.33269267313673473), ([[1230, 468], [1782, 468], [1782, 519], [1230, 519]], '사랑스러운 폐니스가 빠져버리지 않도록', 0.5482161151312659), ([[1265, 507], [1740, 507], [1740, 557], [1265, 557]], '상대의 허리에 허리지 찰짝 붙이고,', 0.23071917163310401), ([[1223, 546], [1788, 546], [1788, 599], [1223, 599]], '아기처럼 팀혹스럽제 밀크만 삼키고있다.', 0.19148960782717253)]
[]
[([[1051, 469], [1365, 469], [1365, 514], [1051, 514]], '[키이이치씨, 다시 한번', 0.313194558118077), ([[1055, 509], [1373, 509], [1373, 553], [1055, 553]], '들려주시지 않울래요?]', 0.8605613473335587), ([[547, 1105], [690, 1105], [690, 1157], [547, 1157]], '확장끝-+', 0.6916955278310456)]
[]
[([[446, 339], [673, 339], [673, 406], [446, 406]], '역식자후기', 0.9966264897448976), ([[469, 397], [649, 397], [649, 457], [469, 457]], '213번째', 0.8921028503570791), ([[399, 449], [719, 449], [719, 511], [399, 511]], '왜 완결빨이지 .', 0.4270498387011183), ([[371, 503], [749, 503], [749, 565], [371, 565]], '또 나올거라 믿지만', 0.8731468736756729), ([[444, 612], [676, 612], [676, 666], [444, 666]], '20141029', 0.9783954525668623), ([[135, 957], [765, 957], [765, 1045], [135, 1045]], '사0 4내 사0 나:도', 0.003479227035503479), ([[847, 957], [1111, 957], [1111, 1045], [847, 1045]], '내-포.', 0.0014554548542946577), ([[371, 1063], [873, 1063], [873, 1155], [371, 1155]], '미이어-:이? 0:6', 0.00018683192605548752)]
