753816
19
[([[43, 2646], [774, 2646], [774, 2757], [43, 2757]], '민:`[:물 오04', 0.0010900182869692215), ([[1602, 16], [1989, 16], [1989, 2880], [1602, 2880]], "'", 0.9771390827527284), ([[100, 2748], [674, 2748], [674, 2847], [100, 2847]], '5들 4신-. 이)', 0.001168935080798331)]
[([[106, 727], [401, 727], [401, 826], [106, 826]], '팀  남성부', 0.410264073658549), ([[43, 2646], [774, 2646], [774, 2755], [43, 2755]], '[:-[주물:다 2014', 0.0002625365676112019), ([[1602, 18], [1991, 18], [1991, 2880], [1602, 2880]], "'", 0.9743584185219021), ([[100, 2748], [674, 2748], [674, 2847], [100, 2847]], '5이 4신-. 이)', 0.0018456124993711425)]
[([[653, 1070], [1386, 1070], [1386, 1179], [653, 1179]], '항오-논-3오량', 6.904683532302375e-05)]
[([[19, 77], [191, 77], [191, 1047], [19, 1047]], '올', 0.0010814340127831557), ([[1634, 91], [1758, 91], [1758, 876], [1634, 876]], '7', 0.004336799107641787), ([[13, 1043], [187, 1043], [187, 2230], [13, 2230]], "'", 0.13195592291828095)]
[([[1650, 231], [1746, 231], [1746, 270], [1650, 270]], '오늘은', 0.5746508836746216), ([[1650, 282], [1807, 282], [1807, 324], [1650, 324]], '사령관하고', 0.5891747841723608), ([[1650, 339], [1746, 339], [1746, 376], [1650, 376]], '바다에', 0.9904031742736951), ([[1650, 390], [1760, 390], [1760, 430], [1650, 430]], '옷어요!', 0.08807329088449478), ([[151, 2304], [195, 2304], [195, 2337], [151, 2337]], '아', 0.9999960660973137), ([[152, 2355], [288, 2355], [288, 2397], [152, 2397]], '일 때문이', 0.8995370051598104), ([[150, 2411], [250, 2411], [250, 2451], [150, 2451]], '아니라', 0.9999388143675836), ([[152, 2465], [273, 2465], [273, 2505], [152, 2505]], '휴가로. ', 0.2798398415359023)]
[([[723, 1034], [973, 1034], [973, 1263], [723, 1263]], '기(', 0.1250342410927533), ([[1208.1539042094366, 136.53866473302847], [1753.792318939343, 14.311715886655751], [1768.8460957905634, 128.46133526697153], [1222.207681060657, 250.68828411334425]], '(슈(@군 -쇼', 0.03005285179317106), ([[924.3891668473663, 430.0207526562833], [995.0984207798, 418.2480499183951], [1020.6108331526337, 594.9792473437167], [949.9015792202, 606.7519500816048]], '국', 0.021637472313873474), ([[718.2566623974616, 1280.0896252553773], [815.7077192601071, 1209.01473775743], [943.7433376025384, 1410.9103747446227], [845.2922807398929, 1482.98526224257]], '올', 0.35454009871290637)]
[([[1722, 208], [1762, 208], [1762, 248], [1722, 248]], '맛', 0.10874842900367199), ([[1604, 308], [1662, 308], [1662, 339], [1604, 339]], '사  ', 0.6104816103409899), ([[715, 552], [877, 552], [877, 600], [715, 600]], '사령관씨.', 0.46444491186413994), ([[953, 768], [1017, 768], [1017, 808], [953, 808]], '이런', 0.9998843510064617), ([[953, 822], [1067, 822], [1067, 862], [953, 862]], '곳에서 ', 0.49851593375205994), ([[353, 1835], [812, 1835], [812, 2164], [353, 2164]], '유:', 0.026388064571455164), ([[9, 2172], [190, 2172], [190, 2431], [9, 2431]], '뺨', 0.341738798837131), ([[302, 2566], [426, 2566], [426, 2707], [302, 2707]], '@', 0.9886466106473257)]
[([[1773, 265], [1860, 265], [1860, 296], [1773, 296]], '저기 .', 0.9694348573684692), ([[397, 379], [531, 379], [531, 421], [397, 421]], '사 사실은', 0.9026989636723418), ([[253, 676], [408, 676], [408, 716], [253, 716]], '화장실에..', 0.3802249927121497), ([[349, 1008], [481, 1008], [481, 1223], [349, 1223]], '품', 0.9093101973936122), ([[1586, 1651], [1619, 1651], [1619, 1689], [1586, 1689]], '앗', 0.22021320555359125), ([[1684, 1765], [1778, 1765], [1778, 1805], [1684, 1805]], '그런거', 0.9999203004786699), ([[1684, 1819], [1778, 1819], [1778, 1859], [1684, 1859]], '당하면', 0.9999414985411635), ([[1227, 1850], [1306, 1850], [1306, 1943], [1227, 1943]], '물', 0.25164318987393486), ([[1682, 1871], [1843, 1871], [1843, 1911], [1682, 1911]], '오히려 더 ', 0.29116899867193335), ([[207, 2088], [242, 2088], [242, 2121], [207, 2121]], '에', 0.9989850713409965), ([[1110, 2062], [1258, 2062], [1258, 2212], [1110, 2212]], '@', 0.895564180048499), ([[933, 2233], [1024, 2233], [1024, 2271], [933, 2271]], '안돼', 0.7665776003696924), ([[768, 2337], [934, 2337], [934, 2379], [768, 2379]], '더더이상은', 0.7121200281769176), ([[232.76339987957545, 1148.0478584465232], [332.652517912229, 1090.0133111503908], [443.23660012042455, 1308.9521415534768], [343.347482087771, 1366.9866888496092]], '봄', 0.027837644784522775), ([[1276.1100836050803, 1694.028312599759], [1381.961004802099, 1678.9084595500167], [1406.8899163949197, 1878.971687400241], [1300.038995197901, 1895.0915404499833]], '올', 0.024603192490470827), ([[154.33346933224675, 2147.0067319462146], [405.0340104143727, 2195.7771392346904], [301.66653066775325, 2707.9932680537854], [50.96598958562731, 2659.2228607653096]], '신', 0.05709557818347499), ([[1815.5054906815021, 2263.0053166898538], [1990.358880242187, 2293.0006040180297], [1908.4945093184979, 2773.9946833101462], [1733.641119757813, 2744.9993959819703]], '생', 0.039397496805734455)]
[([[990, 97], [1185, 97], [1185, 282], [990, 282]], '@', 0.9747809032253372), ([[1587, 104], [1776, 104], [1776, 307], [1587, 307]], '4문', 0.060554194185628366), ([[1356, 321], [1425, 321], [1425, 360], [1356, 360]], '아양_', 0.5039414872592148), ([[771, 213], [1053, 213], [1053, 585], [771, 585]], '{', 0.06770813127066422), ([[1200, 402], [1323, 402], [1323, 441], [1200, 441]], '이런거 .', 0.5685984840288082), ([[1845, 1109], [1898, 1109], [1898, 1203], [1845, 1203]], '0', 0.9435121655793779), ([[357, 1826], [448, 1826], [448, 1866], [357, 1866]], '보면..', 0.8482128977775574), ([[174, 1952], [273, 1952], [273, 1989], [174, 1989]], '실 어', 0.7269173528290243), ([[148, 2070], [184, 2070], [184, 2094], [148, 2094]], '7', 0.16582378858171953), ([[24, 2123], [302, 2123], [302, 2462], [24, 2462]], '5', 0.8348373142546315), ([[1482, 2146], [1809, 2146], [1809, 2533], [1482, 2533]], '@3', 0.31500173979525475), ([[202.71359895132545, 1575.017240884439], [450.5693549604001, 1340.0033768382705], [1030.2864010486746, 2043.982759115561], [781.4306450395999, 2278.9966231617295]], '$', 0.006879719209830493), ([[1790.2045318765713, 1534.4460671230986], [1962.7943016204351, 1664.5199613361517], [1726.7954681234287, 1974.5539328769014], [1554.2056983795649, 1844.4800386638483]], '3', 0.006260069143935676), ([[67.39091787191963, 1975.0309951448123], [107.46017899330842, 1959.0176730869905], [152.60908212808036, 2084.9690048551874], [112.53982100669158, 2100.9823269130093]], '군', 0.3359846383339118)]
[([[49, 0], [848, 0], [848, 297], [49, 297]], '리되터"_', 0.00905851439662467), ([[1135, 710], [1236, 710], [1236, 752], [1135, 752]], '야아양.', 0.7959096431732178), ([[1697, 876], [1933, 876], [1933, 1130], [1697, 1130]], '+', 0.3056044464308947), ([[415, 1459], [482, 1459], [482, 1499], [415, 1499]], '이런', 0.9999109027248333), ([[415, 1513], [529, 1513], [529, 1553], [415, 1553]], '모습은.', 0.7420175075531006), ([[428, 1663], [737, 1663], [737, 1932], [428, 1932]], '1', 0.11476755761806601), ([[172, 1965], [324, 1965], [324, 2005], [172, 2005]], '부끄러워  ', 0.3862444840102778), ([[639, 1888], [940, 1888], [940, 2155], [639, 2155]], '.', 0.04327795039654436), ([[199, 2373], [277, 2373], [277, 2410], [199, 2410]], '아아 ', 0.4628787452721858), ([[960, 2571], [1026, 2571], [1026, 2610], [960, 2610]], '아옷', 0.3339897927962), ([[1762, 2276], [1983, 2276], [1983, 2761], [1762, 2761]], '색', 0.006066450714000082), ([[1696.1250749227677, 7.014725206201298], [1890.1741138342395, -12.92670908603893], [1918.8749250772323, 355.9852747937987], [1724.8258861657605, 375.92670908603895]], '\'"', 0.5809316052133424), ([[913.2920687066423, -34.989974655527064], [1196.360880167012, 203.38328232074255], [1057.7079312933577, 367.9899746555271], [774.6391198329881, 128.61671767925745]], "'정히%", 0.0021316816564649343), ([[1447.976320703803, 414.07322571247903], [1604.7385292497418, 294.0097414347906], [1808.023679296197, 607.926774287521], [1651.2614707502582, 728.9902585652094]], '\'"', 0.37745463514131045)]
[([[766, 46], [1083, 46], [1083, 365], [766, 365]], '세', 0.33202726258076964), ([[1497, 390], [1602, 390], [1602, 430], [1497, 430]], '방금 전', 0.9996938235648845), ([[120, 438], [187, 438], [187, 477], [120, 477]], '엄청', 0.9750129510692366), ([[1497, 443], [1652, 443], [1652, 487], [1497, 487]], '사령관씨논', 0.4099585247207184), ([[120, 489], [302, 489], [302, 529], [120, 529]], '부끄러워서  ', 0.628496437582843), ([[1497, 498], [1679, 498], [1679, 538], [1497, 538]], '짓국없어요', 0.3222540614983983), ([[1050.3806938068158, 182.0127901249404], [1326.7829876791602, 342.4577027558132], [1259.6193061931842, 453.9872098750596], [983.2170123208399, 293.5422972441868]], "' 드", 0.42180004715919495), ([[207.33591456070894, 1268.0110282773394], [521.7957494147597, 1462.148981741896], [427.66408543929106, 1608.9889717226606], [114.20425058524033, 1414.851018258104]], '실$숙^', 9.606280946172774e-05), ([[200.12724131060017, 1465.0211709983637], [470.8263184793349, 1562.5055322264411], [412.8727586893998, 1706.9788290016363], [142.1736815206651, 1608.4944677735589]], '* @', 0.005043802912274203), ([[569.3996700279956, 2336.0090119322554], [846.9080320254981, 2576.4818465097287], [736.6003299720044, 2708.9909880677446], [458.09196797450187, 2468.5181534902713]], '0신소:', 0.024451015517115593)]
[([[1225, 185], [1331, 185], [1331, 284], [1225, 284]], '(월', 0.05010179806548762), ([[822, 147], [1007, 147], [1007, 444], [822, 444]], '8', 0.020689722698367996), ([[1117, 343], [1184, 343], [1184, 383], [1117, 383]], '아웃', 0.6463165104497697), ([[1009, 626], [1240, 626], [1240, 887], [1009, 887]], '맘 ', 0.013457321926482245), ([[1427, 686], [1967, 686], [1967, 1728], [1427, 1728]], '중', 0.24035124901365634), ([[174, 1929], [243, 1929], [243, 1969], [174, 1969]], '아웃', 0.3691883987859279), ([[1125, 1915], [1308, 1915], [1308, 1960], [1125, 1960]], '사령관씨꺼  ', 0.2954969255447571), ([[174, 1983], [266, 1983], [266, 2019], [174, 2019]], '저기.', 0.800123974393686), ([[989, 1983], [1089, 1983], [1089, 2023], [989, 2023]], '뜨거워.', 0.5708553194999695), ([[1630.9608310029294, 343.0207750732335], [1960.7295182547077, 429.9718665376021], [1896.0391689970706, 644.9792249267665], [1566.2704817452923, 558.0281334623979]], '"$요8', 0.044111594557762146), ([[644.0876814497174, 1767.0084938498233], [1208.5383449536375, 2033.289629729912], [1025.9123185502826, 2401.991506150177], [460.4616550463624, 2136.7103702700883]], '@', 0.05987784189920853), ([[1154.9264051548275, 2485.0250703133083], [1280.5322648229755, 2376.0061596474575], [1564.0735948451725, 2744.9749296866917], [1437.4677351770245, 2853.9938403525425]], '품', 0.11490034137020544)]
[([[229, 58], [506, 58], [506, 335], [229, 335]], '@', 0.7377959540974786), ([[1645, 48], [1987, 48], [1987, 316], [1645, 316]], '박시', 0.003686546085355447), ([[110, 405], [222, 405], [222, 513], [110, 513]], ':', 0.015403889045818853), ([[1511, 186], [1816, 186], [1816, 569], [1511, 569]], '방', 0.026501399304468265), ([[1561, 911], [1613, 911], [1613, 942], [1561, 942]], '사', 0.9999994039536411), ([[1560, 960], [1713, 960], [1713, 1002], [1560, 1002]], '사령관  씨.', 0.3552243743529144), ([[285, 1855], [461, 1855], [461, 2070], [285, 2070]], '%', 0.40654098673621775), ([[1507, 2002], [1690, 2002], [1690, 2171], [1507, 2171]], '_', 0.12665958418460832), ([[162, 2144], [402, 2144], [402, 2400], [162, 2400]], '망', 0.09631893587483376), ([[1402.0902808320059, 1175.0521392257067], [1923.0631805085768, 1127.4979093755085], [1926.9097191679941, 1427.9478607742933], [1405.9368194914232, 1474.5020906244915]], '[훨', 0.19729606275289174), ([[530.4331779174145, 1882.0073031956813], [693.1283832603602, 1922.3465144243667], [595.5668220825855, 2313.9926968043187], [431.87161673963976, 2273.653485575633]], '#', 0.9898948950361195), ([[424.73413918403, 2506.050153718779], [508.5590988996272, 2426.0097714706626], [710.26586081597, 2663.949846281221], [626.4409011003728, 2743.9902285293374]], '호', 0.01171478814551824), ([[490.37907126708035, 2583.0160754546505], [666.6321888814858, 2716.0517493618354], [603.6209287329197, 2799.9839245453495], [426.36781111851417, 2666.9482506381646]], '#*|', 0.01585980453277949)]
[([[1804, 184], [1856, 184], [1856, 215], [1804, 215]], '아 .', 0.164272180127686), ([[1635, 334], [1816, 334], [1816, 374], [1635, 374]], '사령관씨꺼 .', 0.3518115754617583), ([[1164, 543], [1261, 543], [1261, 620], [1164, 620]], '(향', 0.042306526678754924), ([[1522, 912], [1614, 912], [1614, 952], [1522, 952]], '잔뜩 .', 0.317084938287735), ([[1522, 966], [1733, 966], [1733, 1008], [1522, 1008]], '보급되없어요.', 0.691649036980407), ([[150, 1362], [264, 1362], [264, 1402], [150, 1402]], '뜨거위:', 0.4202812876232977), ([[318.2112845649552, 153.01728808097837], [453.42680855990386, 138.18643013116053], [476.7887154350448, 416.9827119190216], [341.57319144009614, 430.81356986883947]], '맨', 0.054748585934332406), ([[1598.3054528476102, 1186.0104892558995], [1764.013526922509, 1154.5530726424022], [1830.6945471523898, 1562.9895107441005], [1665.986473077491, 1593.4469273575978]], '백', 0.346668399320734), ([[789.3390937098053, 2014.0091016659321], [963.0540302744453, 1997.0600641481453], [999.6609062901947, 2424.990898334068], [825.9459697255547, 2442.939935851855]], '국', 0.34135067792773555)]
[]
[]
[([[456, 220], [648, 220], [648, 286], [456, 286]], '단" >촌', 0.047464102212060426), ([[682, 213], [1792, 213], [1792, 291], [682, 291]], '00간50 훌5+ 소단0단틀0겨니님?< (', 0.002711399809703956), ([[454, 289], [612, 289], [612, 351], [454, 351]], '1니', 0.11461101403324177), ([[619, 319], [645, 319], [645, 348], [619, 348]], '0', 0.9996689832004826), ([[456, 411], [1795, 411], [1795, 495], [456, 495]], '안0-*1+<토기증니 훌5+ 소0주초2< ? <하쨌내', 0.001508752141011814), ([[455, 478], [1794, 478], [1794, 559], [455, 559]], '디. +소카지\'" 그-[8스((+? 고-#1로7 허 ? 1히', 0.0007880077177021904), ([[457, 549], [1797, 549], [1797, 622], [457, 622]], '575향 2+361논 51?1() -#름/구나?1질 (', 0.0027456670725020224), ([[456, 622], [819, 622], [819, 689], [456, 689]], '7하 ) .하7" ', 0.024560331607225948), ([[844, 617], [1797, 617], [1797, 690], [844, 690]], "1 사;미안병주'표<(3의0볶옮니", 0.0005304995312141222), ([[455, 680], [1795, 680], [1795, 759], [455, 759]], '총다 (콤록물) @   5금 ? +처충탤7모니 (탕 (/손|#송', 4.5063778989654654e-05), ([[455, 750], [1599, 750], [1599, 822], [455, 822]], '난소교단 !) 허춧하하 (? 2하]7 <허 한갖하0', 0.0005679499347892082), ([[452, 882], [1824, 882], [1824, 958], [452, 958]], '*미미(하9독0요권#출슬부숨 (-타 (1지소간5 () 총학 가 버< 운', 6.31923389944115e-05), ([[454, 953], [1186, 953], [1186, 1022], [454, 1022]], '*(콜주?< (1니하40 5.', 0.006489909771489034), ([[1177, 985], [1205, 985], [1205, 1014], [1177, 1014]], '0', 0.9992848721603877), ([[455, 1085], [1799, 1085], [1799, 1158], [455, 1158]], "논47(: 710#숲가 허 ( *(디 5*30<하*7'01", 0.0012471487238059828), ([[460, 1153], [710, 1153], [710, 1222], [460, 1222]], '(:다-0', 0.17893853946374888), ([[1603, 1700], [1715, 1700], [1715, 1762], [1603, 1762]], '0"', 0.02332464346054355)]
[]
[([[1355, 1861], [1480, 1861], [1480, 1914], [1355, 1914]], '쭉{하터', 0.03618668392300606), ([[1516, 1861], [1799, 1861], [1799, 1916], [1516, 1916]], '201438터15타', 0.1655910992848495), ([[1355, 1940], [1444, 1940], [1444, 1993], [1355, 1993]], '쭉{7', 0.014721675333847599), ([[1525, 1930], [1818, 1930], [1818, 1994], [1525, 1994]], '장장퓨오거장름', 4.00077367835963e-05), ([[1352, 2018], [1482, 2018], [1482, 2071], [1352, 2071]], '##움소', 0.006322595756500959), ([[1517, 2021], [1873, 2021], [1873, 2069], [1517, 2069]], ';@미라어만라** *; ;명', 3.5543367742999865e-05), ([[1521, 2068], [1916, 2068], [1916, 2119], [1521, 2119]], '룹++오:/|히라*어 라** * ;명/', 1.3929496486008391e-05), ([[1350, 2122], [1480, 2122], [1480, 2173], [1350, 2173]], '테차이구주', 0.00019047296764155235), ([[1517, 2122], [1648, 2122], [1648, 2175], [1517, 2175]], '#최류#', 0.017426175996661186)]
