756918
21
[([[847, 1], [1399, 1], [1399, 91], [847, 91]], '역식자 서@꼽교멋할-;7-압', 5.5040359213836195e-05), ([[593, 80], [1162, 80], [1162, 228], [593, 228]], '병문세훨값', 0.008235302728574314), ([[1204, 1777], [1318, 1777], [1318, 1815], [1204, 1815]], '-시', 0.0016297332866035015), ([[1204, 1809], [1316, 1809], [1316, 1875], [1204, 1875]], '8', 0.11160447539302343), ([[1200, 1870], [1320, 1870], [1320, 1902], [1200, 1902]], '`스탁>', 0.0019618794322013855), ([[1215, 1905], [1323, 1905], [1323, 1947], [1215, 1947]], '새채음:', 0.013046646490693092), ([[737.0687719434193, 179.01445657810024], [1286.6016700159937, 319.12751272303115], [1211.9312280565807, 560.9855434218998], [662.3983299840064, 421.87248727696885]], '@-이', 0.03084768408235495)]
[]
[([[657, 33], [1011, 33], [1011, 149], [657, 149]], '어어3?', 0.0020576398819684982), ([[7, 1921], [377, 1921], [377, 1983], [7, 1983]], '%운 -$트 참차@8형]8', 4.758773924268512e-07), ([[1043.9251554882708, 220.0214027555989], [1397.6633737797424, 304.6100508796996], [1336.0748445117292, 524.978597244401], [982.3366262202576, 440.3899491203004]], '@관', 0.018295378865430298)]
[]
[([[1185, 109], [1229, 109], [1229, 169], [1185, 169]], '음', 0.9981637094043982), ([[86, 586], [220, 586], [220, 646], [86, 646]], '어떡하면', 0.9996188879013062), ([[84, 635], [201, 635], [201, 700], [84, 700]], '종자', 0.08841089894753923), ([[1149, 1369], [1264, 1369], [1264, 1434], [1149, 1434]], '~벌써', 0.9557605748257704), ([[1154, 1430], [1228, 1430], [1228, 1486], [1154, 1486]], '여름', 0.9999834784753582), ([[1152, 1486], [1260, 1486], [1260, 1542], [1152, 1542]], '이구나', 0.9997722598441356), ([[43, 1731], [184, 1731], [184, 1784], [43, 1784]], '항만서희가', 0.928497990471862), ([[924, 1732], [1056, 1732], [1056, 1786], [924, 1786]], '바닷가을', 0.5094217658042908), ([[43, 1781], [129, 1781], [129, 1825], [43, 1825]], '쓰러저', 0.7540498337486764), ([[926, 1782], [996, 1782], [996, 1834], [926, 1834]], '산책', 0.9995991227153816), ([[42, 1822], [158, 1822], [158, 1872], [42, 1872]], '있어서 -', 0.3257639749218246), ([[926, 1832], [1028, 1832], [1028, 1886], [926, 1886]], '하다가', 0.9993576791087319)]
[([[1138, 106], [1236, 106], [1236, 160], [1138, 160]], '무심코', 0.9635872136662877), ([[1138, 154], [1236, 154], [1236, 208], [1138, 208]], '데려와', 0.9749924901622335), ([[1136, 204], [1272, 204], [1272, 258], [1136, 258]], '버끗지만 .', 0.2273144884241442), ([[154, 814], [220, 814], [220, 864], [154, 864]], '그건', 0.988670009653194), ([[152, 862], [250, 862], [250, 914], [152, 914]], '그렇고', 0.9859365059935108), ([[978, 1168], [1132, 1168], [1132, 1222], [978, 1222]], '가까이에서', 0.9639648640480402), ([[766, 1210], [834, 1210], [834, 1264], [766, 1264]], '이건', 0.9840403028138507), ([[982, 1218], [1076, 1218], [1076, 1270], [982, 1270]], '보나까', 0.8719716636601993), ([[980, 1264], [1046, 1264], [1046, 1318], [980, 1318]], '역시', 0.9974438243499392), ([[982, 1314], [1076, 1314], [1076, 1364], [982, 1364]], '크구나', 0.9982430226912066), ([[474, 1764], [548, 1764], [548, 1820], [474, 1820]], '진짜', 0.9994039270209522), ([[474, 1818], [566, 1818], [566, 1872], [474, 1872]], '인가?', 0.9995010316941945), ([[103.40893555107444, 1188.0350586290253], [142.3462289700041, 1183.18464253037], [152.59106444892555, 1281.9649413709747], [113.65377102999591, 1285.81535746963]], '응', 0.054628996949080744)]
[([[1171, 79], [1211, 79], [1211, 121], [1171, 121]], '아', 0.7443632639793272), ([[414, 118], [446, 118], [446, 160], [414, 160]], '6', 0.920138670262137), ([[1170, 120], [1282, 120], [1282, 170], [1170, 170]], '일어나지', 0.9876358509063721), ([[1170, 164], [1248, 164], [1248, 214], [1170, 214]], '앞네?', 0.39057196465210264), ([[395, 521], [439, 521], [439, 581], [395, 581]], '으', 0.8860350949127884), ([[1100, 540], [1148, 540], [1148, 626], [1100, 626]], '양', 0.9979862586079413), ([[389, 591], [455, 591], [455, 665], [389, 665]], '앗', 0.07006854891517733), ([[636, 714], [688, 714], [688, 798], [636, 798]], '양', 0.9958447557648107), ([[197, 1111], [285, 1111], [285, 1305], [197, 1305]], '양', 0.9928457409274785), ([[318, 1876], [410, 1876], [410, 1928], [318, 1928]], '5애0', 0.11653544488861986), ([[519.2747574101838, 110.03767113776456], [574.6443312343685, 98.19587075433745], [597.7252425898162, 219.96232886223544], [542.3556687656315, 231.80412924566255]], '응', 0.9387613676467623), ([[488.02483573205916, 922.2844414890011], [622.1335113607365, 909.626568751595], [623.9751642679408, 969.7155585109989], [489.8664886392635, 982.373431248405]], '반시', 0.06729089525078333), ([[1092.1322781687254, 1112.095251759264], [1156.9033725613328, 1130.126110620597], [1146.8677218312746, 1164.904748240736], [1082.0966274386672, 1146.873889379403]], "(00'", 0.0638323649764061)]
[([[95, 573], [168, 573], [168, 715], [95, 715]], '움', 0.5088592906975151), ([[52, 1142], [161, 1142], [161, 1319], [52, 1319]], '양', 0.9952115061864255), ([[1002, 1282], [1119, 1282], [1119, 1339], [1002, 1339]], '예하0', 0.0017613456691292144), ([[131, 1653], [193, 1653], [193, 1725], [131, 1725]], '향', 0.45438651735438285), ([[629, 1649], [673, 1649], [673, 1723], [629, 1723]], '향', 0.06360409213968765), ([[763, 1691], [823, 1691], [823, 1731], [763, 1731]], '%9', 0.16814375182558278), ([[1021.1821112670282, 504.04794576973984], [1065.5328010398198, 481.02030637835963], [1122.8178887329718, 602.9520542302602], [1077.4671989601802, 625.9796936216403]], '움', 0.038600293966184474)]
[([[145, 63], [181, 63], [181, 103], [145, 103]], '(', 0.36145761871375726), ([[546, 41], [599, 41], [599, 145], [546, 145]], '향', 0.13628282166522698), ([[590, 208], [618, 208], [618, 234], [590, 234]], '9', 0.41500934102447573), ([[162, 1648], [194, 1648], [194, 1688], [162, 1688]], '9', 0.1907804181673578), ([[566, 1656], [616, 1656], [616, 1684], [566, 1684]], '(여권', 0.3648899502667212), ([[1182, 1630], [1238, 1630], [1238, 1694], [1182, 1694]], '서', 0.26719041938193655), ([[650, 1672], [702, 1672], [702, 1704], [650, 1704]], '하아', 0.5262647223964179), ([[66, 1686], [120, 1686], [120, 1718], [66, 1718]], '{용공이', 0.004237018059939146), ([[541, 1757], [585, 1757], [585, 1795], [541, 1795]], '`', 0.06948325881381834), ([[541, 1903], [595, 1903], [595, 1941], [541, 1941]], '하', 0.9997571854187051), ([[471.0729607040109, 518.0866917312577], [571.9319696191607, 540.1780050634732], [561.9270392959892, 580.9133082687423], [460.0680303808393, 558.8219949365268]], '어;', 0.05004187508860888), ([[260.94242442178853, 1342.0400023676086], [457.29480108743826, 1384.6127156411453], [427.05757557821147, 1501.9599976323914], [230.70519891256174, 1459.3872843588547]], '예-', 0.0015544418499744636)]
[([[661, 67], [701, 67], [701, 117], [661, 117]], '위', 0.9999163168295269), ([[657, 115], [761, 115], [761, 175], [657, 175]], '위험해', 0.4854529418691491), ([[214, 222], [264, 222], [264, 364], [214, 364]], '움', 0.5235099707697977), ([[1255, 229], [1297, 229], [1297, 309], [1255, 309]], '응', 0.9766211320666685), ([[345, 325], [387, 325], [387, 375], [345, 375]], '자', 0.9999573235296708), ([[343, 377], [447, 377], [447, 433], [343, 433]], '뜯기는', 0.7663042936289816), ([[344, 432], [448, 432], [448, 486], [344, 486]], '건가!?', 0.4877069294452667), ([[1245, 653], [1313, 653], [1313, 693], [1245, 693]], "'우앗?", 0.06686609238386154), ([[131, 747], [261, 747], [261, 809], [131, 809]], '에앗 !?', 0.16182102672638107), ([[273, 817], [345, 817], [345, 881], [273, 881]], '[수', 0.037469941055760646), ([[1198, 862], [1254, 862], [1254, 894], [1198, 894]], '어라 ?', 0.6786067485809326), ([[1041, 1567], [1105, 1567], [1105, 1627], [1041, 1627]], '[(', 0.19102851337768204), ([[77.37836349444326, 485.0322895466553], [121.46372504515921, 469.0179469174461], [163.62163650555672, 592.9677104533447], [119.53627495484079, 609.9820530825539]], '올', 0.3653590667215809), ([[1107.2006652916286, 1558.0457880371682], [1192.998654751597, 1609.8627714754589], [1162.7993347083714, 1658.9542119628318], [1077.001345248403, 1608.1372285245411]], '@삶예"', 0.005890826229006052), ([[176.14671816634805, 1609.0405407466544], [281.950943821964, 1663.0615945993102], [244.85328183365195, 1731.9594592533456], [140.04905617803595, 1677.9384054006898]], '꾸우울 ', 0.10447348654270172)]
[([[229, 957], [293, 957], [293, 1019], [229, 1019]], '푸원', 0.10144206102846325), ([[720, 1060], [792, 1060], [792, 1116], [720, 1116]], '>', 0.17637745914946468), ([[720, 1414], [766, 1414], [766, 1438], [720, 1438]], '(이과', 0.030434423370003693), ([[100, 1750], [180, 1750], [180, 1800], [100, 1800]], '우0', 0.032298736301996145), ([[376.3585363632979, 927.0343881786703], [446.8614001043776, 988.7178187271674], [408.6414636367021, 1031.9656118213297], [339.1385998956224, 970.2821812728326]], '섞요)', 0.010327703901959208), ([[290.22181281395046, 1004.0275606767015], [370.09698518989427, 991.4449688426051], [394.77818718604954, 1166.9724393232987], [314.90301481010573, 1179.5550311573948]], '스', 0.9974100691557055), ([[751.2172729245717, 1288.1039098209153], [805.8560856838558, 1299.0819724587607], [798.7827270754283, 1330.8960901790847], [744.1439143161442, 1318.9180275412393]], '예!', 0.004931115201932851), ([[703.3093088240148, 1337.0402397064163], [759.6939599847348, 1320.0432146509008], [768.6906911759852, 1353.9597602935837], [713.3060400152652, 1370.9567853490992]], '6.0', 0.0077816882687797235), ([[74.46153846153847, 1520.3076923076924], [102.60822873701576, 1499.0465132093975], [138.53846153846155, 1551.6923076923076], [110.39177126298424, 1571.9534867906025]], '5', 0.8754359980520263)]
[([[596, 46], [666, 46], [666, 98], [596, 98]], '기분', 0.9998459988889496), ([[595, 92], [700, 92], [700, 152], [595, 152]], '좋아서', 0.9979639373887154), ([[598, 144], [736, 144], [736, 200], [598, 200]], '질에 잔뜩', 0.618931684431145), ([[598, 194], [668, 194], [668, 248], [598, 248]], '사정', 0.999928098233573), ([[596, 242], [724, 242], [724, 298], [596, 298]], '해버로다', 0.2572646141052246), ([[527, 431], [569, 431], [569, 471], [527, 471]], '<고', 0.0029962866006705727), ([[797, 941], [883, 941], [883, 1067], [797, 1067]], '전', 0.012893715841683084), ([[799, 1059], [951, 1059], [951, 1123], [799, 1123]], '가라앉질', 0.9794368147850037), ([[801, 1117], [883, 1117], [883, 1179], [801, 1179]], '않아', 0.9619374502445085), ([[466, 1566], [665, 1566], [665, 1953], [466, 1953]], '실', 0.9570662935883014)]
[([[499, 95], [517, 95], [517, 123], [499, 123]], '?', 0.750945447021575), ([[871, 507], [952, 507], [952, 544], [871, 544]], '구킬0', 0.010501170228099231), ([[251, 567], [315, 567], [315, 609], [251, 609]], '(고0', 0.04586252394003755), ([[636, 986], [680, 986], [680, 1014], [636, 1014]], '도:', 0.06323356213084477), ([[363, 1365], [437, 1365], [437, 1407], [363, 1407]], '0구', 0.1719903227966751), ([[636, 1402], [692, 1402], [692, 1452], [636, 1452]], "'(", 0.16002779173005738), ([[313.07351789077586, 520.1087751412585], [373.90760006958504, 537.1452124847783], [362.92648210922414, 569.8912248587415], [302.09239993041496, 552.8547875152217]], '(터', 0.12461922012329907), ([[935.9594617776758, 552.1094703550758], [1023.8055298266493, 566.619100624526], [1015.0405382223242, 608.8905296449242], [927.1944701733507, 594.380899375474]], "'연'", 0.04862307301903252)]
[([[887, 617], [925, 617], [925, 691], [887, 691]], '%', 0.34562183453914486), ([[915, 695], [989, 695], [989, 737], [915, 737]], '신엇', 0.0010452070267054022), ([[325, 1209], [389, 1209], [389, 1359], [325, 1359]], '품', 0.12054035296064658), ([[262, 1520], [324, 1520], [324, 1570], [262, 1570]], '("', 0.9510070494187464), ([[245.16318886892464, 28.058640969364973], [348.91087208089795, 58.969664499659984], [331.83681113107536, 110.94135903063503], [228.08912791910203, 80.03033550034002]], '0주3', 0.7380919595412294), ([[725.2135462705664, 34.034427484457005], [829.9989185291959, 100.86048188326828], [787.7864537294336, 165.965572515543], [683.0010814708041, 99.13951811673172]], '사09', 0.027830182987895212), ([[1230.802230976821, 381.30780841887344], [1339.020613557655, 362.7319631370519], [1346.197769023179, 431.69219158112656], [1238.979386442345, 450.2680368629481]], '(0-', 0.35398277523671656), ([[454.21727292457166, 560.0512742267447], [502.22140281846487, 548.1256340635737], [526.7827270754283, 647.9487257732553], [478.77859718153513, 660.8743659364263]], '올', 0.14831721120660646), ([[96.32356887825084, 1471.0327594459836], [149.77871836250532, 1456.0434492949526], [185.67643112174915, 1587.9672405540164], [133.22128163749468, 1603.9565507050474]], '표', 0.03380337229350605)]
[([[593, 29], [657, 29], [657, 99], [593, 99]], '안', 0.9978440711671546), ([[396, 940], [490, 940], [490, 1012], [396, 1012]], '거";', 0.07958477544568496), ([[218, 1030], [352, 1030], [352, 1132], [218, 1132]], "'아", 0.0027375709118144234), ([[522, 930], [626, 930], [626, 1094], [522, 1094]], '실', 0.1958982527776385), ([[154, 1198], [309, 1198], [309, 1260], [154, 1260]], '1주4스 에', 0.001073684881774598), ([[293, 1229], [313, 1229], [313, 1251], [293, 1251]], '0', 0.21946643731934135), ([[1209, 1181], [1269, 1181], [1269, 1335], [1209, 1335]], '%', 0.214246762498135), ([[762, 1356], [798, 1356], [798, 1382], [762, 1382]], '중0', 0.05889823941506323), ([[374, 1715], [650, 1715], [650, 1859], [374, 1859]], '123웬', 0.0036956651601940393)]
[([[620, 30], [652, 30], [652, 80], [620, 80]], '(7', 0.5018084308998724), ([[674, 866], [734, 866], [734, 920], [674, 920]], '0아', 0.0174424304736954), ([[143, 1695], [207, 1695], [207, 1761], [143, 1761]], '와', 0.26579981004238107), ([[242, 1736], [322, 1736], [322, 1854], [242, 1854]], '0', 0.0837201129232037), ([[644, 1868], [722, 1868], [722, 1909], [644, 1909]], '쓸0', 0.02526560933802285), ([[1210.2161622789965, 34.061822357677684], [1246.051870644607, 26.11189523976687], [1261.7838377210035, 106.93817764232232], [1226.948129355393, 114.88810476023313]], '용', 0.5505318678642404), ([[1094.0201010126777, 398.1407070887437], [1348.2533814961498, 377.2283944363383], [1348.9798989873223, 495.8592929112563], [1095.7466185038502, 516.7716055636618]], '구주0', 0.046094175450630596), ([[334.04460536705227, 1813.076553275724], [442.86209456845995, 1836.7209975486996], [429.95539463294773, 1886.923446724276], [321.13790543154005, 1863.2790024513004]], '*구', 0.7472433467352672), ([[88.4203985176459, 1840.5828368870564], [182.64374379521993, 1821.2005732584564], [190.5796014823541, 1872.4171631129436], [96.35625620478007, 1891.7994267415436]], '7위0', 0.04999720714375072)]
[([[1232, 128], [1314, 128], [1314, 184], [1232, 184]], '으욕', 0.2364208528152664), ([[1229, 187], [1269, 187], [1269, 233], [1229, 233]], '또', 0.9999315750383317), ([[753, 1839], [793, 1839], [793, 1877], [753, 1877]], '하', 0.995718779669005), ([[759, 1871], [799, 1871], [799, 1921], [759, 1921]], '@', 0.8561585846684103), ([[70.48667989874762, 469.01884662296766], [126.33847589147403, 460.1291570904333], [148.5133201012524, 618.9811533770323], [93.66152410852597, 627.8708429095667]], '음', 0.31636447597350426), ([[625.800239928024, 1229.1211756473176], [668.6281087071083, 1206.0329672824716], [709.199760071976, 1289.8788243526824], [666.3718912928917, 1312.9670327175284]], '꽃', 0.13214496772396078), ([[960.347727437143, 1223.0427285222872], [1000.0008320622712, 1215.1011904320408], [1017.652272562857, 1308.9572714777128], [978.9991679377288, 1317.8988095679592]], '푹', 0.8520245784109228), ([[1206.1964926239916, 1642.054045417538], [1253.5995163272303, 1632.2171332784749], [1271.8035073760084, 1727.945954582462], [1224.4004836727697, 1737.7828667215251]], '하', 0.2532007568119674)]
[([[1002, 2], [1078, 2], [1078, 30], [1002, 30]], '1 >', 0.15304234623908997), ([[743, 76], [823, 76], [823, 121], [743, 121]], '구>', 0.18746485724175113), ([[543, 129], [631, 129], [631, 165], [543, 165]], '(항만서희)', 0.8438216474889425), ([[1168, 106], [1242, 106], [1242, 162], [1168, 162]], '깨어', 0.9994485108912823), ([[539, 153], [643, 153], [643, 215], [539, 215]], '여성은', 0.9373820473283969), ([[1167, 158], [1276, 158], [1276, 223], [1167, 223]], '낫다니', 0.8311720785105993), ([[2, 198], [96, 198], [96, 246], [2, 246]], '또 항상', 0.9370289431699823), ([[536, 209], [714, 209], [714, 271], [536, 271]], '사라적없다', 0.8656867672327316), ([[0, 240], [60, 240], [60, 288], [0, 288]], '같은', 0.933137374905474), ([[1, 283], [81, 283], [81, 327], [1, 327]], '평일이', 0.8060717552510503), ([[590, 510], [638, 510], [638, 562], [590, 562]], '저', 0.9999768735315371), ([[592, 564], [664, 564], [664, 616], [592, 616]], '저기', 0.999917730342936), ([[996, 576], [1056, 576], [1056, 602], [996, 602]], ' ;', 0.9433629338688523), ([[7, 795], [107, 795], [107, 839], [7, 839]], '도시락-', 0.9594396682986327), ([[5, 835], [69, 835], [69, 879], [5, 879]], '싸방', 0.10707743763522523), ([[4, 876], [124, 876], [124, 924], [4, 924]], '습니다만.', 0.4233147999611971), ([[366, 842], [466, 842], [466, 960], [366, 960]], '화', 0.1593142862666861), ([[788, 1022], [820, 1022], [820, 1058], [788, 1058]], '3', 0.17763491462743364), ([[794, 1056], [822, 1056], [822, 1096], [794, 1096]], '{', 0.4711086251808503), ([[209, 1359], [251, 1359], [251, 1399], [209, 1399]], '에', 0.9976833186742375), ([[0, 1676], [160, 1676], [160, 1772], [0, 1772]], '못사', 0.14406496421737425), ([[166, 1702], [218, 1702], [218, 1732], [166, 1732]], '숫시', 0.013048350306839597), ([[252, 1702], [404, 1702], [404, 1732], [252, 1732]], "1<'>981*", 0.0012129408556095145), ([[252, 1730], [370, 1730], [370, 1758], [252, 1758]], '채*시시', 0.010835934430360794), ([[168, 1758], [222, 1758], [222, 1786], [168, 1786]], '#:', 0.019272856389003144), ([[250, 1758], [436, 1758], [436, 1788], [250, 1788]], '손5#해쩌*[!!', 0.0017545017579466086), ([[168, 1786], [240, 1786], [240, 1814], [168, 1814]], '소스민', 0.004231052323080585), ([[252, 1786], [396, 1786], [396, 1812], [252, 1812]], '201448터178', 0.10287564282309596), ([[168, 1812], [718, 1812], [718, 1842], [168, 1842]], ' :- : ^++오;/ |칸베내 오*;거 굽.+/물뱀조이북, . [^명?;/-5037503', 5.51059774796949e-07), ([[166, 1842], [396, 1842], [396, 1870], [166, 1870]], '"[내 "서앙어73|9속역;|. 댐어물', 8.525442875634446e-07), ([[166, 1868], [312, 1868], [312, 1898], [166, 1898]], '슴:터 ; 취문#', 0.0025952311927872544), ([[322, 1870], [354, 1870], [354, 1898], [322, 1898]], '#', 0.9998139229559833), ([[206, 1906], [372, 1906], [372, 1936], [206, 1936]], '쉬름0#나#-# .', 0.03439173985960387), ([[382, 1906], [438, 1906], [438, 1934], [382, 1934]], '#모릎', 0.004384473066289598), ([[446, 1904], [706, 1904], [706, 1932], [446, 1932]], '수9 79기다- `', 0.02942449139661382), ([[92, 1954], [482, 1954], [482, 1980], [92, 1980]], "*##:초#묘> 사 | '(-등못춧하) 8 ! 초 } _ 8", 0.0012636582106004583), ([[206, 1928], [376, 1928], [376, 1958], [206, 1958]], '18# * #0~토', 0.01595859864032792), ([[388, 1926], [618, 1926], [618, 1954], [388, 1954]], '##즈{근 초품 < 수단', 0.005488435549795236), ([[486, 1954], [734, 1954], [734, 1980], [486, 1980]], '처7굳0 ( <,1(+0# }.', 0.0013660054058972663), ([[777, 1915], [1329, 1915], [1329, 1982], [777, 1982]], '다음회빛 항만 아내가 되다?', 0.48800658833459254), ([[248.54697301067944, 27.051983945921606], [264.384828921442, 23.037372500645684], [277.45302698932056, 73.9480160540784], [261.615171078558, 77.96262749935431]], '물', 0.7451159017360034), ([[225.3859944401545, 36.096582764478896], [241.52181805028556, 33.06927321394347], [248.6140055598455, 70.9034172355211], [232.47818194971444, 73.93072678605654]], '늘', 0.995271682402521), ([[236.4929798734366, 68.13806578484223], [246.39872611141445, 65.08292994374676], [254.5070201265634, 86.86193421515777], [244.60127388858555, 89.91707005625324]], '5', 0.9987613224626699), ([[876.2716429592708, 196.06687198006216], [905.751103229205, 189.0711523395431], [920.7283570407292, 257.93312801993784], [891.248896770795, 264.92884766045694]], '흙', 0.04733782963404232), ([[837.2907226612894, 233.04207035483034], [880.5066584601171, 216.0214301706184], [922.7092773387106, 328.95792964516966], [879.4933415398829, 345.97856982938157]], '놓', 0.005117374362782812), ([[46.24618011182614, 1322.0074776360375], [1270.995984048389, 1602.4475543514775], [1179.753819888174, 1901.9925223639625], [-42.99598404838896, 1621.5524456485225]], '방만서의가으다', 0.1459658301179901)]
[]
[([[190, 282], [385, 282], [385, 435], [190, 435]], '후기', 0.9999664512734159), ([[194, 558], [1129, 558], [1129, 720], [194, 720]], '항만서희 별로 가버려서', 0.48005662399887067), ([[196, 705], [1171, 705], [1171, 855], [196, 855]], '아헤가오 더불피스하면서', 0.6106175586207435), ([[198, 848], [758, 848], [758, 996], [198, 996]], '쇼타 괴롭히는', 0.743124219437559), ([[194, 986], [965, 986], [965, 1139], [194, 1139]], '동인지 보고 싶지만', 0.8963527149344549), ([[196, 1130], [476, 1130], [476, 1276], [196, 1276]], '아쉽다', 0.9993092990931502), ([[219, 1421], [329, 1421], [329, 1545], [219, 1545]], "새'", 0.27788383368428443), ([[226, 1713], [1011, 1713], [1011, 1852], [226, 1852]], '칸코데 심해서함 거유', 0.39137303220352865), ([[232, 1840], [1374, 1840], [1374, 1988], [232, 1988]], '틀 그러주신 작가분 감사합니다', 0.736618734208814), ([[546.9266873708001, 83.09678053940056], [624.6552938698576, 99.99559204612643], [612.0733126291999, 149.90321946059944], [534.3447061301424, 132.00440795387357]], '(7흔', 0.036669809422341486), ([[170.13227816872538, 112.09525175926419], [234.7772144534876, 125.68369799348159], [225.86772183127462, 164.9047482407358], [161.2227855465124, 151.3163020065184]], '나', 0.16944765181801902), ([[304.10984978810245, 144.05682834719906], [412.9157973515425, 179.9175273710629], [392.89015021189755, 235.94317165280094], [284.0842026484575, 200.0824726289371]], '>', 0.065180684693801), ([[120.2672065083737, 1337.0384618295502], [172.1400848991461, 1330.3351641712306], [184.7327934916263, 1445.9615381704498], [132.8599151008539, 1452.6648358287694]], '쇼', 0.045444736369803174), ([[428.29533573658233, 1423.0207075219], [595.9667239113173, 1526.1069609021406], [538.7046642634176, 1616.9792924781], [371.03327608868267, 1512.8930390978594]], '고시', 0.1247822199654177), ([[216.02372034707875, 1564.0684144642591], [261.57654680118884, 1539.0237837056152], [316.9762796529212, 1648.9315855357409], [270.42345319881116, 1673.9762162943848]], '소', 0.4727707500055409)]
[([[17, 1883], [155, 1883], [155, 1927], [17, 1927]], '@~]@', 0.008381752297282219), ([[20, 1911], [402, 1911], [402, 1959], [20, 1959]], '@형갑렵 분@@새니]*데', 8.076707212444404e-06), ([[17, 1949], [331, 1949], [331, 1989], [17, 1989]], '8@9 $@청]춧', 0.0011729734339048464)]
