758774
22
[([[30.971592591953844, 24.016529609764426], [399.6525653679659, 142.8119514388213], [309.0284074080462, 398.9834703902356], [-58.65256536796589, 280.1880485611787]], '씨빠', 0.005231871803317469)]
[([[462, 200], [522, 200], [522, 224], [462, 224]], '무크로', 0.3603622540171446), ([[462, 222], [518, 222], [518, 246], [462, 246]], '씨-%', 0.149753349169721), ([[40, 578], [80, 578], [80, 602], [40, 602]], '처리', 0.9998101758716786), ([[41, 601], [81, 601], [81, 621], [41, 621]], '하고', 0.9987896728574837), ([[22, 622], [96, 622], [96, 648], [22, 648]], '차어요 ~', 0.16197659518809698), ([[444, 848], [576, 848], [576, 880], [444, 880]], '중안#숨피`물', 0.00018629895218045931)]
[([[531, 67], [581, 67], [581, 87], [531, 87]], '오세요', 0.9844413730023429), ([[193, 67], [213, 67], [213, 147], [193, 147]], '월', 0.013539587474327208), ([[122, 244], [182, 244], [182, 268], [122, 268]], '별 것도', 0.569686028421966), ([[122, 264], [178, 264], [178, 288], [122, 288]], '없없어', 0.9937721745105943), ([[462, 368], [500, 368], [500, 392], [462, 392]], '약해', 0.9999264966874346), ([[459, 389], [495, 389], [495, 409], [459, 409]], '약해', 0.9999671256164323), ([[70, 508], [124, 508], [124, 532], [70, 532]], '치구사', 0.98335848963285), ([[148, 610], [218, 610], [218, 634], [148, 634]], '사위라도', 0.5348232984542847), ([[149, 633], [217, 633], [217, 653], [149, 653]], '하고있는', 0.20168104767799377), ([[152, 650], [210, 650], [210, 674], [152, 674]], '거젯조', 0.23650561526837036)]
[([[544, 258], [568, 258], [568, 304], [544, 304]], '동', 0.29736587867142816), ([[476, 320], [516, 320], [516, 344], [476, 344]], '뭐가', 0.632010386620929), ([[464, 340], [528, 340], [528, 364], [464, 364]], '좋나요?', 0.8316367864608765), ([[211, 643], [255, 643], [255, 663], [211, 663]], '씩스!', 0.16650684206042957)]
[]
[([[553, 69], [587, 69], [587, 85], [553, 85]], '하아', 0.9995980270261792), ([[94, 82], [146, 82], [146, 106], [94, 106]], '무크로', 0.9684825619876085), ([[263, 97], [301, 97], [301, 117], [263, 117]], '좋아', 0.9918197661654204), ([[265, 117], [299, 117], [299, 137], [265, 137]], '하는', 0.6580157245004863), ([[254, 134], [308, 134], [308, 158], [254, 158]], '주제에', 0.9095146430090622), ([[159, 323], [193, 323], [193, 343], [159, 343]], '처음', 0.9998958145801721), ([[158, 340], [196, 340], [196, 364], [158, 364]], '하는', 0.40809812827460656), ([[150, 360], [188, 360], [188, 384], [150, 384]], '것간', 0.13611782193606428), ([[150, 378], [202, 378], [202, 404], [150, 404]], '반응올', 0.3303112348229986), ([[143, 401], [211, 401], [211, 421], [143, 421]], '보이니까', 0.9970364570617676), ([[146, 418], [202, 418], [202, 442], [146, 442]], '재뛰어', 0.16540708909588958), ([[272, 618], [296, 618], [296, 642], [272, 642]], '맛', 0.4141869556702069), ([[181, 813], [201, 813], [201, 851], [181, 851]], '길', 0.8942191669247137), ([[180, 850], [204, 850], [204, 888], [180, 888]], '종', 0.35449027172518655)]
[([[393, 83], [411, 83], [411, 153], [393, 153]], '푹', 0.2832064924360225), ([[113, 321], [139, 321], [139, 392], [113, 392]], '푹', 0.5890696739484724), ([[81, 503], [99, 503], [99, 571], [81, 571]], '푹', 0.4890231452169793), ([[521, 589], [573, 589], [573, 609], [521, 609]], '무크로', 0.8160127401351929), ([[208, 646], [246, 646], [246, 670], [208, 670]], '좋아', 0.9753858110895113), ([[207, 669], [231, 669], [231, 687], [207, 687]], '해:', 0.8412347012245297), ([[74, 866], [104, 866], [104, 892], [74, 892]], '아', 0.9999452836845855)]
[([[539, 681], [575, 681], [575, 701], [539, 701]], '차한', 0.9840304029324685), ([[539, 703], [573, 703], [573, 719], [539, 719]], '아이', 0.9998912628624733), ([[535, 721], [573, 721], [573, 741], [535, 741]], '군요', 0.9997339794569644), ([[91, 791], [115, 791], [115, 807], [91, 807]], '하', 0.9988166020697378), ([[77, 809], [115, 809], [115, 829], [77, 829]], '지만', 0.9964158617132107)]
[([[145, 79], [181, 79], [181, 99], [145, 99]], '하나', 0.9998442288016204), ([[136, 98], [190, 98], [190, 122], [136, 122]], '지시률', 0.7800329055374858), ([[124, 118], [196, 118], [196, 142], [124, 142]], '어젯군요', 0.34030503034591675), ([[459, 389], [495, 389], [495, 409], [459, 409]], '너는', 0.613289340003488), ([[451, 407], [503, 407], [503, 427], [451, 427]], '자신의', 0.7830427289009094), ([[451, 425], [504, 425], [504, 451], [451, 451]], '욕망에', 0.953920048172727), ([[448, 446], [502, 446], [502, 470], [448, 470]], '솔지해', 0.3983539956065116), ([[437, 497], [459, 497], [459, 517], [437, 517]], '만', 0.9999278796802038), ([[499, 665], [551, 665], [551, 685], [499, 685]], '무크로', 0.9586507107027259), ([[185, 701], [238, 701], [238, 727], [185, 727]], '욕망에', 0.8612108925437041), ([[157, 725], [265, 725], [265, 745], [157, 745]], '너무 중실하면', 0.782236823697683), ([[177, 745], [247, 745], [247, 765], [177, 765]], '문제라고', 0.9998109340667725), ([[193, 763], [231, 763], [231, 783], [193, 783]], '생각', 0.998455161971212), ([[162, 782], [262, 782], [262, 806], [162, 806]], '안하심니까?', 0.967782702291449), ([[405.2025477771711, 492.1658598874935], [442.8534785364468, 497.24858978252155], [439.7974522228289, 518.8341401125065], [402.1465214635532, 513.7514102174785]], '하지', 0.9827273131521775)]
[([[531, 203], [567, 203], [567, 223], [531, 223]], '타인', 0.9727361150706699), ([[547, 223], [583, 223], [583, 243], [547, 243]], '피외', 0.8715662994551056), ([[547, 243], [581, 243], [581, 263], [547, 263]], '너의', 0.9386497047977219), ([[514, 260], [584, 260], [584, 284], [514, 284]], '정액맛이', 0.920579195022583), ([[174, 420], [210, 420], [210, 444], [174, 444]], '피블', 0.11120389053117008), ([[175, 443], [211, 443], [211, 461], [175, 461]], '보면', 0.9981257387462641), ([[173, 461], [227, 461], [227, 481], [173, 481]], '정한다', 0.985252857208252), ([[358, 458], [412, 458], [412, 482], [358, 482]], '혼자시', 0.59282870330389), ([[375, 479], [397, 479], [397, 499], [375, 499]], '한', 0.9999271644503871), ([[365, 499], [401, 499], [401, 519], [365, 519]], '거조', 0.9618531935323602), ([[551, 697], [587, 697], [587, 717], [551, 717]], '안되', 0.6333680246109047), ([[530, 716], [584, 716], [584, 740], [530, 740]], '켓군요', 0.2709634737696321), ([[119, 781], [157, 781], [157, 801], [119, 801]], '제가', 0.998766753180256), ([[111, 801], [163, 801], [163, 821], [111, 821]], '보르는', 0.5868117981695741), ([[111, 821], [163, 821], [163, 841], [111, 841]], '곳에서', 0.9755160060927296), ([[216.09394602135887, 24.103967891843215], [248.10748598137357, 16.156372182291708], [260.9060539786411, 74.89603210815679], [228.89251401862643, 82.8436278177083]], '#', 0.03439860681669771)]
[([[549, 95], [585, 95], [585, 115], [549, 115]], '하지', 0.9982878345844597), ([[540, 114], [594, 114], [594, 138], [540, 138]], '말라고', 0.9894735694929016), ([[541, 137], [593, 137], [593, 155], [541, 155]], '그토록', 0.9992536934315506), ([[478, 160], [532, 160], [532, 184], [478, 184]], '발하지', 0.9469014482911934), ([[486, 180], [526, 180], [526, 204], [486, 204]], '암맛', 0.2786657812722084), ([[474, 200], [532, 200], [532, 224], [474, 224]], '숨니까.', 0.6692124605178833), ([[448, 854], [484, 854], [484, 862], [448, 862]], '팔태,:5오4', 0.003559065450785573), ([[444, 852], [508, 852], [508, 878], [444, 878]], '동인워슈터럽', 0.02059083079854377), ([[502, 846], [576, 846], [576, 878], [502, 878]], '[-이어', 0.010841070674359798)]
[([[163, 123], [199, 123], [199, 143], [163, 143]], '그만', 0.9999867659152165), ([[154, 140], [208, 140], [208, 164], [154, 164]], '뒤주지', 0.9837727931582478), ([[143, 163], [213, 163], [213, 183], [143, 183]], '암젯나요', 0.21455919742584229), ([[334, 666], [376, 666], [376, 692], [334, 692]], '기분', 0.99987406753927), ([[335, 691], [375, 691], [375, 711], [335, 711]], '나쁘', 0.6167523709117396), ([[333, 713], [375, 713], [375, 733], [333, 733]], '나까', 0.49754774832915677)]
[([[566, 220], [622, 220], [622, 244], [566, 244]], '이렇게', 0.7441020324089378), ([[564, 240], [620, 240], [620, 264], [564, 264]], '떨다니', 0.9688447117805481), ([[350, 284], [394, 284], [394, 308], [350, 308]], '한 수', 0.9605318903923035), ([[516, 288], [570, 288], [570, 312], [516, 312]], '불쌍하', 0.9975628049868496), ([[342, 304], [404, 304], [404, 330], [342, 330]], '잇켓조?', 0.35430631041526794), ([[521, 309], [561, 309], [561, 329], [521, 329]], '게도', 0.9997006862035368)]
[([[545, 107], [581, 107], [581, 125], [545, 125]], '그래', 0.9998574623338727), ([[228, 312], [266, 312], [266, 336], [228, 336]], '차한', 0.9968863481098277), ([[229, 335], [263, 335], [263, 355], [229, 355]], '아이', 0.9999666198591575), ([[227, 355], [263, 355], [263, 375], [227, 375]], '군요', 0.9999548188773486)]
[]
[([[217, 441], [291, 441], [291, 461], [217, 461]], '보고 하고', 0.5785593046328391), ([[232, 460], [290, 460], [290, 484], [232, 484]], '싶은데.', 0.9977885484695435), ([[195, 547], [245, 547], [245, 567], [195, 567]], '무크로', 0.9679941591115077), ([[202, 566], [238, 566], [238, 590], [202, 590]], '남은', 0.5139005054642583), ([[87, 671], [107, 671], [107, 797], [87, 797]], '}', 0.08630891169003974)]
[([[422, 290], [478, 290], [478, 314], [422, 314]], '치차한', 0.5811811729616629), ([[104, 310], [142, 310], [142, 334], [104, 334]], '시꺼', 0.7927537495642254), ([[429, 313], [471, 313], [471, 333], [429, 333]], '얼굴 .', 0.5709814957835321), ([[472, 494], [526, 494], [526, 518], [472, 518]], '포상올', 0.5756309030592978), ([[130, 516], [184, 516], [184, 540], [130, 540]], '무크로', 0.9649670314796602), ([[481, 515], [517, 515], [517, 535], [481, 535]], '받은', 0.9898379901298862), ([[127, 535], [182, 535], [182, 561], [127, 561]], "'씨에기", 0.43783074617385864), ([[479, 535], [517, 535], [517, 555], [479, 555]], '기야', 0.9996818904089478), ([[232, 694], [270, 694], [270, 718], [232, 718]], '별로', 0.9969844620250048), ([[233, 717], [269, 717], [269, 737], [233, 737]], '필요', 0.9992332663597557), ([[61, 741], [99, 741], [99, 761], [61, 761]], '보다', 0.9999973868963923), ([[230, 734], [270, 734], [270, 758], [230, 758]], '없어.', 0.99593634177067), ([[360, 734], [430, 734], [430, 758], [360, 758]], '카기메는', 0.4408520758152008), ([[364, 754], [426, 754], [426, 778], [364, 778]], '뭐 받을', 0.671349787863199), ([[371, 772], [420, 772], [420, 799], [371, 799]], '거야?', 0.9973932074776102)]
[([[421, 263], [465, 263], [465, 311], [421, 311]], '술숨', 0.346634072590303), ([[416, 304], [468, 304], [468, 328], [416, 328]], '두느게', 0.27609118671556737), ([[289, 329], [327, 329], [327, 349], [289, 349]], '사늘', 0.2727782857188843), ([[423, 325], [461, 325], [461, 345], [423, 345]], '어때', 0.9998273708730525), ([[283, 349], [335, 349], [335, 369], [283, 369]], '세계가', 0.9995754962942145), ([[288, 368], [326, 368], [326, 392], [288, 392]], '달라', 0.9984668735107759), ([[548, 504], [584, 504], [584, 528], [548, 528]], '너는', 0.5452738218870667), ([[273, 525], [323, 525], [323, 545], [273, 545]], '그렇게', 0.8312513729571401), ([[548, 524], [584, 524], [584, 548], [548, 548]], '승배', 0.9736115852416082), ([[495, 535], [533, 535], [533, 555], [495, 555]], '하고', 0.9998824123176544), ([[279, 545], [317, 545], [317, 565], [279, 565]], '말하', 0.9979415789224942), ([[496, 554], [532, 554], [532, 578], [496, 578]], '있으', 0.9766800997582068), ([[277, 565], [315, 565], [315, 585], [277, 585]], '켓지', 0.17906951638533244), ([[497, 575], [533, 575], [533, 595], [497, 595]], '니나까', 0.24991884247365917), ([[120, 642], [158, 642], [158, 666], [120, 666]], '괜찮', 0.5935673509002398), ([[116, 662], [164, 662], [164, 686], [116, 686]], '켓어?', 0.5085663264250562), ([[134, 774], [206, 774], [206, 798], [134, 798]], '(이대로도', 0.7525846160445075), ([[448, 854], [484, 854], [484, 862], [448, 862]], ',:5내4', 0.0679402057427138), ([[443, 848], [576, 848], [576, 880], [443, 880]], '중안워속다.|-이짜4', 0.0014229616294760597)]
[([[117, 633], [169, 633], [169, 653], [117, 653]], '치참한', 0.30040793983431496), ([[121, 653], [157, 653], [157, 673], [121, 673]], '얼굴', 0.9999220292205985)]
[([[59, 657], [189, 657], [189, 675], [59, 675]], "@##< '1", 0.07483631674339031), ([[204, 645], [354, 645], [354, 676], [204, 676]], '4*=가 **;(770', 0.05807525683234926), ([[72, 678], [242, 678], [242, 704], [72, 704]], "+*4' '틈다 *? 잎5#0 11", 0.0010880040227944378), ([[258, 676], [406, 676], [406, 700], [258, 700]], '#++"\'-쇼* 5"30\'277', 0.028722120728688738), ([[70, 698], [390, 698], [390, 724], [70, 724]], '#\'+\'""#++"1+"1+5 " #카꽂다 2 국', 0.010264597404050372), ([[72, 720], [370, 720], [370, 744], [72, 744]], '~51? (-고 66736 ) *50 ( 19 *3 * ^ 톤', 0.0029737484191940137), ([[70, 740], [258, 740], [258, 764], [70, 764]], '좁년+(+7 # < 뭐"; 7"국다', 0.010777526906518224), ([[72, 761], [290, 761], [290, 786], [72, 786]], '뉴755-기11 +,{ #얼4-57*한적8', 0.009979247827564524), ([[58, 786], [184, 786], [184, 810], [58, 810]], '634-}<? 허자 국', 0.04378643726679881), ([[73, 817], [121, 817], [121, 837], [73, 837]], '도유 27', 0.13226809237092943), ([[135, 819], [181, 819], [181, 837], [135, 837]], '477하', 0.1772163063287735), ([[176, 804], [435, 804], [435, 840], [176, 840]], ' {" *사2"<\' {,7*" 6"{;-"\' #:', 0.002914959940943894), ([[71, 834], [254, 834], [254, 858], [71, 858]], '{* 슬기다? 타 [ 일칭. =9', 0.00047281945171119376), ([[376, 834], [490, 834], [490, 862], [376, 862]], '탈=가 /6<', 0.12492899894309485)]
[([[43, 371], [211, 371], [211, 411], [43, 411]], "[08' $ 나15올", 0.018269772491838476), ([[46, 404], [132, 404], [132, 430], [46, 430]], '86 #28-19', 0.16277390072950515), ([[150, 404], [264, 404], [264, 430], [150, 430]], '20051229 .{', 0.009922328242976381), ([[284, 404], [434, 404], [434, 428], [284, 428]], '이-:8짜 3대 회어,져', 2.5778481965591e-05), ([[454, 404], [586, 404], [586, 428], [454, 428]], '묘/이덥:둥0-묘밟', 0.0001080094376722834), ([[46, 426], [132, 426], [132, 450], [46, 450]], '서도8-공대 #1', 0.010516235797098001), ([[150, 426], [248, 426], [248, 450], [150, 450]], '"신-*터', 0.003394826427517935), ([[266, 426], [310, 426], [310, 450], [266, 450]], '"-15', 0.19450074434280396), ([[44, 470], [78, 470], [78, 494], [44, 494]], '영내', 0.007126222248532534), ([[46, 490], [90, 490], [90, 514], [46, 514]], '"니', 0.002337110975515191)]
[([[29, 411], [180, 411], [180, 441], [29, 441]], "-06'$ [:다*", 0.00967948296822405), ([[33, 441], [157, 441], [157, 459], [33, 459]], '끈)여시핵어*물설)', 7.839731645829388e-06), ([[31, 461], [75, 461], [75, 481], [31, 481]], '묘-15', 0.15541113913059235), ([[30, 482], [134, 482], [134, 506], [30, 506]], '_ 명*서-라,+$', 0.00022698751394497848), ([[31, 503], [179, 503], [179, 523], [31, 523]], '제이름어어 *4시:-^', 8.987159669061405e-05)]
