760283
24
[([[204, 98], [400, 98], [400, 720], [204, 720]], '8', 0.2111867989298597), ([[747, 879], [889, 879], [889, 917], [747, 917]], "번역: 시에길'", 0.2515350088879013), ([[9, 925], [195, 925], [195, 945], [9, 945]], '* 본 번덕본의 재배포에는 제한이', 0.5697502550037219), ([[201, 925], [521, 925], [521, 945], [201, 945]], '없므나 재배포시 반드시 본 따지름 철부해 주시길 바람니다;', 0.28772682264883437), ([[28, 954], [626, 954], [626, 1010], [28, 1010]], '동인문화육성프로적트 이스카', 0.6950391693906074), ([[707, 1001], [779, 1001], [779, 1041], [707, 1041]], '19*', 0.236896542477319), ([[40, 1026], [268, 1026], [268, 1054], [40, 1054]], '동인문화 육성프로적트란?', 0.5705581554022201), ([[40, 1066], [572, 1066], [572, 1090], [40, 1090]], '국내 동인문화 발전올 위해 진행되논 아이즈걸의 새로운 프로적트 입니다.', 0.666009050416706), ([[652, 1036], [834, 1036], [834, 1112], [652, 1112]], '[8신쪽', 0.004878018517047167), ([[40, 1082], [570, 1082], [570, 1111], [40, 1111]], '게임제작 동인지제작 동인변역팀 운영등의 다양한 형태로 운영되는 국내', 0.3892454931675178), ([[39, 1103], [446, 1103], [446, 1128], [39, 1128]], '최초 동인문화의 통합커유니티글 목표로 하고 있습니다:', 0.5074473845505957), ([[661, 1111], [821, 1111], [821, 1131], [661, 1131]], '2011년 동인지 번역프로적트', 0.729874679174324), ([[677, 1125], [809, 1125], [809, 1145], [677, 1145]], '번역인원 절찬리 모집중', 0.9601606104604716), ([[190, 1220], [698, 1220], [698, 1250], [190, 1250]], '아이즈걸 9.0 동인문화 육성프로적트 ~15신쪽^(이스카) ', 0.11673994703954989)]
[([[206, 98], [398, 98], [398, 714], [206, 714]], '8', 0.5274228625707025)]
[([[212, 98], [396, 98], [396, 718], [212, 718]], '%', 0.2835220663479312)]
[([[652, 72], [844, 72], [844, 124], [652, 124]], '그리 고 말야', 0.43206080524203655), ([[652, 128], [682, 128], [682, 160], [652, 160]], '그', 0.9999839068106589), ([[697, 125], [843, 125], [843, 161], [697, 161]], '켜이 크가', 0.3875089491315057), ([[646, 178], [826, 178], [826, 230], [646, 230]], '정말 맛9', 0.7912903008612082), ([[681, 229], [800, 229], [800, 267], [681, 267]], '어서 , .', 0.6700805555838513), ([[794, 562], [826, 562], [826, 588], [794, 588]], '미', 0.9999964237245109), ([[792, 606], [830, 606], [830, 634], [792, 634]], '카', 0.8549793193851485), ([[80, 828], [116, 828], [116, 852], [80, 852]], '아', 0.9983234286086287), ([[82, 864], [118, 864], [118, 894], [82, 894]], '나', 0.9988786743138043), ([[84, 898], [116, 898], [116, 928], [84, 928]], '미', 0.9999994039536411), ([[74, 1072], [146, 1072], [146, 1100], [74, 1100]], '그래.', 0.46671679324442716)]
[([[66, 112], [164, 112], [164, 160], [66, 160]], '용차량', 0.9472932987634558), ([[65, 157], [217, 157], [217, 195], [65, 195]], '세 트인데도', 0.8549077448524525), ([[63, 201], [133, 201], [133, 243], [63, 243]], '엄청', 0.9948291343593811), ([[63, 249], [105, 249], [105, 285], [63, 285]], '산', 0.21996517621019862), ([[114, 248], [180, 248], [180, 274], [114, 274]], '거야', 0.9938633008603025), ([[104, 582], [130, 582], [130, 624], [104, 624]], '응', 0.9873600237760947), ([[739, 709], [839, 709], [839, 753], [739, 753]], '다음에', 0.9858138863667893), ([[743, 753], [809, 753], [809, 793], [743, 793]], '같이', 0.9997917166283709), ([[741, 797], [828, 797], [828, 826], [741, 826]], '가자~', 0.9759737018012739), ([[648, 1142], [840, 1142], [840, 1172], [648, 1172]], '`끌하미-롬+]4 헤신', 6.558417730924087e-06), ([[726, 1170], [846, 1170], [846, 1202], [726, 1202]], "'.슷", 0.0016197356064394462)]
[([[84, 150], [134, 150], [134, 182], [84, 182]], '얘', 0.9973622096931791), ([[162, 148], [236, 148], [236, 204], [162, 204]], '듣고', 0.7733494419161854), ([[738, 140], [836, 140], [836, 190], [738, 190]], '헬 색', 0.10049258829510756), ([[80, 206], [136, 206], [136, 264], [80, 264]], '잎:', 0.5668290496691815), ([[85, 269], [155, 269], [155, 331], [85, 331]], '응?', 0.995498149999637), ([[151, 1017], [239, 1017], [239, 1061], [151, 1061]], '팬티', 0.612166321117185)]
[([[335, 111], [501, 111], [501, 155], [335, 155]], '자, . 잠깐', 0.28190017026354447), ([[331, 158], [454, 158], [454, 218], [331, 218]], '덜 보는', 0.6861463368291933), ([[340, 216], [434, 216], [434, 244], [340, 244]], '거야 _', 0.9173209086545198), ([[677, 1013], [717, 1013], [717, 1049], [677, 1049]], '뭐', 0.9961220739985635), ([[730, 1012], [808, 1012], [808, 1042], [730, 1042]], '어때', 0.9998621825870887), ([[677, 1063], [825, 1063], [825, 1105], [677, 1105]], '여자끼린', 0.5867137908935547), ([[680, 1116], [754, 1116], [754, 1166], [680, 1166]], '겉 }', 0.39622974395751953)]
[([[374, 104], [506, 104], [506, 132], [374, 132]], '먹어버리 고', 0.9659760400276652), ([[373, 143], [487, 143], [487, 181], [373, 181]], '싶어젊어', 0.46460866928100586), ([[761, 563], [823, 563], [823, 605], [761, 605]], '하룻', 0.48542396967499873), ([[520.2172729245717, 69.1039098209152], [596.9294535830546, 81.35323752062429], [590.7827270754283, 111.8960901790848], [514.0705464169454, 99.64676247937571]], '아아', 0.9589911675784506)]
[([[328, 136], [360, 136], [360, 160], [328, 160]], '더', 0.9998744765573839), ([[388, 136], [484, 136], [484, 166], [388, 166]], '더러워', 0.6660043720858687), ([[326, 176], [388, 176], [388, 202], [326, 202]], '하지', 0.7189817310354243), ([[398, 178], [434, 178], [434, 202], [398, 202]], '마', 0.9999398002148077), ([[647, 412], [846, 412], [846, 442], [647, 442]], '`,하미해의하+형어 {쉽어천', 1.9676863458467465e-05), ([[357, 425], [423, 425], [423, 467], [357, 467]], '으응~', 0.9985850815830846), ([[651, 441], [725, 441], [725, 459], [651, 459]], '골인자번역', 0.16032648616942988), ([[726, 438], [846, 438], [846, 470], [726, 470]], '1-시쪽4-사..', 0.0003586922465055875), ([[355, 462], [511, 462], [511, 505], [355, 505]], '엄청 깨 끗해', 0.5259636907827345), ([[356, 508], [416, 508], [416, 532], [356, 532]], '미카', 0.9863689268877363), ([[423, 505], [547, 505], [547, 547], [423, 547]], '발인 겉?', 0.865096478397755), ([[75, 865], [105, 865], [105, 885], [75, 885]], '너', 0.9993121615111455), ([[73, 902], [149, 902], [149, 944], [73, 944]], '정말!', 0.9473357306060521)]
[([[767, 99], [823, 99], [823, 119], [767, 119]], '이제', 0.9999173931762894), ([[766, 140], [822, 140], [822, 166], [766, 166]], '나도', 0.9998043599349342), ([[769, 179], [825, 179], [825, 223], [769, 223]], '몰라', 0.7571852605681645), ([[760, 726], [796, 726], [796, 750], [760, 750]], '아', 0.9991705946037008), ([[763, 769], [817, 769], [817, 789], [763, 789]], '저기', 0.9999929193367925)]
[([[648, 148], [778, 148], [778, 178], [648, 178]], '부드러워서', 0.903964276752427), ([[646, 178], [828, 178], [828, 233], [646, 233]], '기분 중다니까', 0.7613913918142411), ([[345, 453], [437, 453], [437, 497], [345, 497]], '당하 논', 0.6307976245880127), ([[351, 499], [379, 499], [379, 519], [351, 519]], '게', 0.7130012232375167), ([[348, 538], [412, 538], [412, 562], [348, 562]], '내가', 0.9871739886469066), ([[346, 580], [404, 580], [404, 606], [346, 606]], '되니', 0.9996561833238538), ([[250, 610], [328, 610], [328, 640], [250, 640]], '부끄러', 0.6979042887687683), ([[73, 629], [150, 629], [150, 670], [73, 670]], '그치?', 0.9867019057273865), ([[249, 649], [329, 649], [329, 689], [249, 689]], '운데에', 0.8074680142469852), ([[738, 896], [826, 896], [826, 924], [738, 924]], '그래도 .', 0.7000307499894483), ([[77, 917], [173, 917], [173, 959], [77, 959]], '그만 둘', 0.7903592077370806), ([[77, 957], [203, 957], [203, 995], [77, 995]], '수야 없지', 0.9189434612377901), ([[646.1322781687254, 97.09525175926419], [736.8975647827784, 112.10056197320496], [728.8677218312746, 149.9047482407358], [638.1024352172216, 134.89943802679502]], '여자논', 0.554305379047542)]
[([[360, 72], [396, 72], [396, 96], [360, 96]], '에', 0.9937433424525501), ([[357, 111], [495, 111], [495, 153], [357, 153]], '양말은 왜', 0.669621212427077), ([[359, 152], [501, 152], [501, 193], [359, 193]], '벗기 논 거야', 0.39266194569805707), ([[728, 758], [756, 758], [756, 788], [728, 788]], '그 ,', 0.36392365439794305), ([[771, 757], [827, 757], [827, 793], [771, 793]], '그건', 0.9927203421673322), ([[726, 798], [784, 798], [784, 830], [726, 830]], '진짜', 0.998227511116134), ([[110, 842], [144, 842], [144, 866], [110, 866]], '아', 0.9990198630875966), ([[726, 838], [820, 838], [820, 868], [726, 868]], '더러워!', 0.848069965839386)]
[([[61, 80], [127, 80], [127, 108], [61, 108]], '거기 .', 0.5406551361083984), ([[754, 96], [778, 96], [778, 136], [754, 136]], '옷', 0.9822181545399786), ([[57, 121], [95, 121], [95, 159], [57, 159]], '앗', 0.2782530153130125), ([[57, 161], [95, 161], [95, 197], [57, 197]], '안', 0.999964475947209), ([[102, 162], [146, 162], [146, 190], [102, 190]], '돼 .', 0.49177315242296554), ([[58, 204], [102, 204], [102, 230], [58, 230]], '어!', 0.030085306212579786), ([[63, 538], [130, 538], [130, 574], [63, 574]], '뛰야', 0.919720618680367), ([[136, 542], [196, 542], [196, 566], [136, 566]], '이거', 0.9999425121826271), ([[67, 591], [245, 591], [245, 651], [67, 651]], '귀여워!', 0.6078662276268005), ([[54, 1144], [250, 1144], [250, 1172], [54, 1172]], '`,리`3+니 큰응퍽', 2.8538731147246256e-05), ([[59, 1173], [133, 1173], [133, 1193], [59, 1193]], '동인자역', 0.39284178614616394), ([[132, 1170], [250, 1170], [250, 1202], [132, 1202]], '(-물4.)', 0.004774763160412274)]
[([[118, 303], [246, 303], [246, 331], [118, 331]], '아나미의', 0.9687415957450867), ([[116, 346], [252, 346], [252, 394], [116, 394]], '중은 양기', 0.6889234775694388), ([[428, 548], [468, 548], [468, 580], [428, 580]], '히', 0.9413036579960732), ([[501, 549], [541, 549], [541, 589], [501, 589]], '익', 0.37321211855874026)]
[([[759, 101], [823, 101], [823, 141], [759, 141]], '같이', 0.9987234421519862), ([[176, 162], [200, 162], [200, 202], [176, 202]], '응', 0.9931005448717691), ([[653, 161], [785, 161], [785, 205], [653, 205]], '추- 알까', 0.4446965604787865)]
[([[723, 411], [794, 411], [794, 454], [723, 454]], "'돼지 .", 0.11300549996876606), ([[424, 448], [622, 448], [622, 496], [424, 496]], '속옷올 입없다 군', 0.41645969588989157), ([[723, 452], [831, 452], [831, 491], [723, 491]], '해선 안', 0.9777016060953224), ([[426, 492], [486, 492], [486, 524], [426, 524]], '해도', 0.9944573943704669), ([[503, 495], [533, 495], [533, 515], [503, 515]], '내', 0.9984413503136693), ([[546, 492], [592, 492], [592, 518], [546, 518]], '거.', 0.5273825959938787), ([[723, 493], [841, 493], [841, 537], [723, 537]], '덜 곁 해', 0.11901392483974747), ([[424, 524], [607, 524], [607, 577], [424, 577]], '랑 간접키 스클', 0.10275381081304458), ([[729, 533], [818, 533], [818, 578], [729, 578]], '눈 기분', 0.5038279973256174), ([[426, 572], [490, 572], [490, 598], [426, 598]], '아게', 0.9654355502956365), ([[497, 571], [591, 571], [591, 615], [497, 615]], '덜 줄은', 0.2857684207340761), ([[91, 683], [249, 683], [249, 725], [91, 725]], '그럼계 말매', 0.7600000438676244), ([[87, 720], [219, 720], [219, 760], [87, 760]], '버리면 난', 0.9960161843750559), ([[90, 766], [122, 766], [122, 790], [90, 790]], '내', 0.9998796022416769), ([[131, 765], [243, 765], [243, 805], [131, 805]], '발에 간', 0.7583818020967709), ([[89, 805], [201, 805], [201, 841], [89, 841]], '접키스안', 0.8774349766013639), ([[210, 806], [242, 806], [242, 830], [210, 830]], '게', 0.9998101086172859), ([[98, 843], [201, 843], [201, 888], [98, 888]], '되는 겉', 0.7623162715741418)]
[([[504, 102], [542, 102], [542, 130], [504, 130]], '터 ?', 0.19998490810394287), ([[125, 161], [165, 161], [165, 197], [125, 197]], '야', 0.9954210604772165), ([[548, 168], [580, 168], [580, 212], [548, 212]], '옷', 0.8258969751048006), ([[56, 1140], [252, 1140], [252, 1170], [56, 1170]], '`,하-의하+형어 {<어끼', 2.0895806129238285e-05), ([[58, 1166], [254, 1166], [254, 1198], [58, 1198]], '동인지번역 |조시쪽서._', 0.02032330158552107), ([[563.1051750205921, 861.1365600658949], [585.5883484054145, 852.0582579729272], [603.8948249794079, 898.8634399341051], [582.4116515945855, 907.9417420270728]], '$', 0.1299113118138573), ([[300.88582797093767, 956.2145699273442], [323.55622357759347, 942.0520150387546], [350.11417202906233, 986.7854300726558], [328.44377642240653, 1000.9479849612454]], '4', 0.06979921593182414)]
[([[69, 111], [234, 111], [234, 156], [69, 156]], '나만 당하고', 0.9881677049604083), ([[474, 133], [566, 133], [566, 166], [474, 166]], '하지만', 0.6874433021878255), ([[63, 152], [222, 152], [222, 200], [63, 200]], '있늘다논 건', 0.1270778538598116), ([[69, 197], [235, 197], [235, 237], [69, 237]], '말도 안 되지', 0.6589701574796043), ([[737, 345], [801, 345], [801, 381], [737, 381]], '위험:', 0.8885302501772662), ([[738, 386], [772, 386], [772, 410], [738, 410]], '해', 0.9922728187664376)]
[([[69, 79], [109, 79], [109, 123], [69, 123]], '잇', 0.10035746163311021), ([[95, 643], [219, 643], [219, 687], [95, 687]], '엄청:  !', 0.43830742306222187), ([[98, 689], [217, 689], [217, 727], [98, 727]], '느껴지 고', 0.8721758497757459), ([[95, 739], [175, 739], [175, 783], [95, 783]], '있어!', 0.7991112234166958), ([[582, 1146], [606, 1146], [606, 1174], [582, 1174]], '5', 0.9809633867183862), ([[639.2844582472001, 89.06452035960037], [668.9290987282233, 83.10939907556508], [681.7155417527999, 151.93547964039962], [651.0709012717767, 157.89060092443492]], '9', 0.5915691957714131), ([[546.2365201021611, 221.09877638821206], [592.9908151334376, 240.7654262640441], [582.7634798978389, 264.90122361178794], [536.0091848665624, 245.2345737359559]], '(하아', 0.35648253560066223), ([[296.3358994113243, 1081.5038491169864], [313.65079137345595, 1066.071438819448], [344.6641005886757, 1101.4961508830136], [327.34920862654405, 1116.928561180552]], '3', 0.4640778978205482)]
[([[606, 120], [680, 120], [680, 169], [606, 169]], '같이', 0.9983690539014076), ([[74, 614], [220, 614], [220, 666], [74, 666]], '기분  좋아', 0.376683905108983), ([[74, 666], [144, 666], [144, 692], [74, 692]], '지자', 0.9983993010088161), ([[204, 916], [242, 916], [242, 946], [204, 946]], '4#', 0.205469570271559)]
[([[646, 60], [844, 60], [844, 92], [646, 92]], '-,하미해의라+형어 {어천', 8.342087250939029e-06), ([[650, 88], [844, 88], [844, 120], [650, 120]], '동인지번역 [조시쪽-.슷', 0.01354782310780658), ([[62, 636], [86, 636], [86, 674], [62, 674]], '옷', 0.9006904895591141), ([[63, 685], [205, 685], [205, 721], [63, 721]], '가버려', 0.9948237795028855), ([[59, 741], [103, 741], [103, 779], [59, 779]], '옛', 0.32507539264101126), ([[330.07899166023174, 444.14487414671834], [379.92025150500075, 456.31288199882334], [373.92100833976826, 480.85512585328166], [323.07974849499925, 469.68711800117666]], '하아', 0.922771864654921)]
[([[728, 400], [834, 400], [834, 452], [728, 452]], '다음에', 0.9980033637462318), ([[95, 441], [259, 441], [259, 485], [95, 485]], '또 하자0', 0.8580809757582657), ([[433.4034500137281, 328.0910400439299], [472.0, 346.0], [463.5965499862719, 363.9089599560701], [425.0, 346.0]], '하아', 0.969930215503832)]
[([[142, 87], [388, 87], [388, 112], [142, 112]], ']소: 급음단하 논비 (:내~', 0.003232073766510326), ([[402, 86], [608, 86], [608, 112], [402, 112]], '치3-1?83121?', 0.049123981944435915), ([[142, 144], [678, 144], [678, 170], [142, 170]], '산3*름카4(흡 굳30131##소21서왕끌로[-+-1디없*', 8.743405072727794e-06), ([[140, 172], [392, 172], [392, 196], [140, 196]], '* * 5+937171 = <##(-국+시', 0.00025547327714485273), ([[429, 175], [533, 175], [533, 195], [429, 195]], '(그-3그_3)', 0.3274360838028838), ([[143, 229], [195, 229], [195, 249], [143, 249]], '닦~?', 0.06967286777525467), ([[226, 228], [418, 228], [418, 252], [226, 252]], '7중합?다워니-소', 0.0004632252573010816), ([[428, 228], [670, 228], [670, 252], [428, 252]], '1기<=-+) 미#나 흐사~', 0.0019316562012055745), ([[139, 281], [316, 281], [316, 306], [139, 306]], '{미툼-<스0. 85', 0.020402310685325598), ([[141, 313], [163, 313], [163, 331], [141, 331]], '5) ', 0.3359749661774704), ([[171, 310], [680, 310], [680, 331], [171, 331]], '따손미표내 그 {혼-(교내6  구자=터) . 미거6다 (그-국그-크)', 0.00030432099613682305), ([[142, 352], [724, 352], [724, 376], [142, 376]], '쥐소5박페곡그 (음표겪(+52 (초(부빠 초단*늘-와똑끗#소소닦채~', 1.3639956211137871e-05), ([[142, 382], [216, 382], [216, 406], [142, 406]], '모면소다', 0.0019503909861668944), ([[226, 382], [278, 382], [278, 406], [226, 406]], '위; !', 0.05888273344874324), ([[140, 436], [408, 436], [408, 460], [140, 460]], '#도교)터하(느디##씨그해{3', 2.1417756682886284e-06), ([[135, 508], [618, 508], [618, 532], [135, 532]], '#1--013/득7하31, ? **1#50)-3그1-)398+<', 0.0007517211079113356), ([[143, 565], [576, 565], [576, 591], [143, 591]], '*:+니니5,3(+#  끼실손흐름~스시', 1.8927800223114702e-06), ([[149, 594], [686, 594], [686, 620], [149, 620]], '(1#표:느+작{채<. 이-<차+커도례1*3. -히|3+니<-근화#<손움"760)', 1.6132913690882458e-06), ([[144, 646], [492, 646], [492, 672], [144, 672]], '주러0<타; "다=7산1"301이디$~', 0.0004606239424851331), ([[532, 648], [616, 648], [616, 672], [532, 672]], '<규.', 0.0033307497430368196), ([[150, 787], [535, 787], [535, 814], [150, 814]], '5금 -6사드+트 5.? 논심-]한소#]', 7.503195946101939e-05), ([[148, 856], [258, 856], [258, 880], [148, 880]], '7. 773논', 0.04236825629066196), ([[304, 856], [496, 856], [496, 880], [304, 880]], '구1=965 01)<습', 0.02703081803313093), ([[148, 926], [204, 926], [204, 950], [148, 950]], '주7?', 0.18017861638258675), ([[216, 926], [422, 926], [422, 952], [216, 952]], "#내~ =)*'}한 !", 0.027298178744323335), ([[444, 926], [518, 926], [518, 950], [444, 950]], '(1한?)', 0.13846241078319724), ([[148, 996], [194, 996], [194, 1020], [148, 1020]], '730', 0.5204433085684494), ([[248, 996], [414, 996], [414, 1020], [248, 1020]], '1궁5요 올" 76) 308', 0.0021072143863069886), ([[150, 1024], [550, 1024], [550, 1050], [150, 1050]], '-(도교발=(9 그 ([부러하07532단0#0도', 4.298437186698571e-05), ([[147, 1051], [566, 1051], [566, 1078], [147, 1078]], '뱃미습#.임가하머#(소5*30<하*니(:화~', 8.590534391127851e-06), ([[148, 1082], [476, 1082], [476, 1108], [148, 1108]], '77+" +<콤끼(도음-*-1<병세(하머선답', 2.6181033074630205e-05), ([[65, 1121], [225, 1121], [225, 1157], [65, 1157]], '라어+ 병리,서+', 0.0006840149083999524), ([[231, 1137], [403, 1137], [403, 1153], [231, 1153]], '훌+마: /*신터리 히라소애.서1앙', 7.821505422596982e-06), ([[64, 1166], [172, 1166], [172, 1192], [64, 1192]], "'훌내)", 0.01666955277323723), ([[739, 1175], [829, 1175], [829, 1195], [739, 1195]], '2010.1231', 0.5557920320275421)]
[([[239, 1071], [872, 1071], [872, 1241], [239, 1241]], '흙칭+ [떨,서+', 1.841356406011617e-05)]
