763580
45
[]
[]
[([[494, 384], [588, 384], [588, 434], [494, 434]], '한애', 0.806607370776627)]
[([[340, 504], [523, 504], [523, 549], [340, 549]], '-처3닦39', 0.00030953134119075543)]
[([[516, 370], [594, 370], [594, 456], [516, 456]], '쫓%', 0.01775027030189121)]
[([[34, 400], [106, 400], [106, 482], [34, 482]], '끈', 0.5523206420485991), ([[65, 477], [141, 477], [141, 541], [65, 541]], '새', 0.0450695891374695), ([[7.800378570779822, 309.0450349913716], [125.55203777629161, 288.4030550806668], [151.19962142922017, 473.9549650086284], [33.44796222370839, 493.5969449193332]], '꿀', 0.05487004392906969)]
[]
[]
[([[3, 569], [113, 569], [113, 589], [3, 589]], '{어<. 7없는 손타 .', 0.006931773368012669)]
[]
[([[36, 18], [124, 18], [124, 98], [36, 98]], '7', 0.9532997286908227), ([[99, 69], [273, 69], [273, 153], [99, 153]], '꼴]사>:', 0.0010700868321786004), ([[531, 707], [571, 707], [571, 755], [531, 755]], '6', 0.24143275449269286), ([[561, 743], [605, 743], [605, 801], [561, 801]], '8', 0.8043386214138906)]
[([[319, 185], [381, 185], [381, 225], [319, 225]], '국?', 0.1672828598087803), ([[291.65835921350015, 157.31671842700024], [342.40669966382205, 152.20896769203938], [345.34164078649985, 182.68328157299976], [294.59330033617795, 187.79103230796062]], '뭐야', 0.15823853369371696)]
[([[297.0, 214.0], [356.38091020250295, 183.78577122662102], [372.0, 214.0], [311.61908979749705, 244.21422877337898]], '장깐!', 0.9961740080364683)]
[([[291, 107], [337, 107], [337, 147], [291, 147]], '싫다', 0.18370793112030787), ([[299.87867965644034, 149.87867965644037], [353.2246073373713, 135.98726002809263], [360.12132034355966, 164.12132034355963], [306.7753926626287, 178.01273997190737]], "'보여저", 0.8639979362487793), ([[286.42752122286237, 187.45651273371743], [357.4048824252792, 168.20652836080876], [364.57247877713763, 196.54348726628257], [293.5951175747208, 215.79347163919124]], '버장', 0.9231388421196796)]
[([[302, 86], [360, 86], [360, 116], [302, 116]], '아입!', 0.320637643582515), ([[271, 147], [321, 147], [321, 183], [271, 183]], '1', 0.27953357890965336), ([[292, 210], [320, 210], [320, 234], [292, 234]], '아', 0.9818123695695), ([[231, 517], [281, 517], [281, 553], [231, 553]], '과스', 0.025576452840233344), ([[271.4222912360003, 187.21114561800016], [332.3906603938184, 160.79301654487773], [347.5777087639997, 195.78885438199984], [286.6093396061816, 222.20698345512227]], '[문지씨', 0.27202966809272766)]
[([[209.20552140300427, 515.6904906657081], [288.0668168884356, 493.5885376125444], [299.79447859699576, 545.3095093342919], [220.9331831115644, 566.4114623874556]], '꾸 육', 0.4437606632709503)]
[([[303, 165], [321, 165], [321, 197], [303, 197]], '움', 0.12587389433207363)]
[([[296, 136], [344, 136], [344, 166], [296, 166]], '훈9', 0.14285115221594347), ([[300, 210], [332, 210], [332, 256], [300, 256]], '지', 0.05434953809148291)]
[([[304, 202], [330, 202], [330, 236], [304, 236]], '움', 0.47074196989180805), ([[348.15350102802535, 256.1219034952862], [372.50972074952296, 244.04361965276695], [397.84649897197465, 295.8780965047138], [374.49027925047704, 307.95638034723305]], '숲', 0.25634074859114264)]
[([[316, 162], [340, 162], [340, 194], [316, 194]], '우', 0.9997066474555005), ([[336, 180], [364, 180], [364, 222], [336, 222]], '춤', 0.08091842876876232), ([[558, 240], [586, 240], [586, 264], [558, 264]], '와', 0.8489666660827879), ([[248, 514], [278, 514], [278, 544], [248, 544]], '와', 0.9010300403989646), ([[226, 524], [254, 524], [254, 560], [226, 560]], '빚', 0.910594613215153)]
[]
[]
[([[20, 28], [108, 28], [108, 60], [20, 60]], '씨-+;(', 0.0017731554665800621), ([[25, 61], [79, 61], [79, 105], [25, 105]], '고4', 0.014564184871464436), ([[236, 120], [262, 120], [262, 144], [236, 144]], '0', 0.18137416785475668), ([[232.42752122286237, 145.45651273371743], [303.58362238808417, 130.47523924637656], [308.57247877713763, 154.54348726628257], [237.41637761191583, 169.52476075362344]], "'림표", 0.058795239187889786), ([[242.14304661822948, 164.25721864729178], [306.6823569507531, 147.918484817373], [312.8569533817705, 169.74278135270822], [247.3176430492469, 186.081515182627]], '럽펴머니님', 0.12575714008335168), ([[255.00992561958003, 189.800992561958], [304.6823569507531, 175.918484817373], [308.99007438041997, 191.199007438042], [259.3176430492469, 205.081515182627]], '-순 하용', 0.15777905348277133)]
[]
[]
[([[13, 531], [189, 531], [189, 576], [13, 576]], '7@. 위리', 0.21823383171489785)]
[([[18, 519], [244, 519], [244, 567], [18, 567]], '디@ 쇼 숨 몇히만', 0.005518883045324558)]
[([[325, 51], [407, 51], [407, 89], [325, 89]], '#사|', 0.5557134695897599), ([[33, 331], [290, 331], [290, 379], [33, 379]], '[@.`:__-숫옷8@굽?', 1.64873422231923e-05)]
[([[145, 57], [201, 57], [201, 95], [145, 95]], '기@', 0.2983717945157566), ([[215, 51], [305, 51], [305, 95], [215, 95]], '[콤@-', 0.026141764596104622)]
[([[73, 1035], [431, 1035], [431, 1147], [73, 1147]], ' @상 엔', 0.1185929705598495)]
[([[73, 1035], [431, 1035], [431, 1147], [73, 1147]], ' @상 엔', 0.12748249994685526)]
[([[16, 530], [204, 530], [204, 586], [16, 586]], ' @ 올반', 0.009638950973420013)]
[([[224, 282], [414, 282], [414, 310], [224, 310]], '피@그패오 @ 쇼간', 0.010169915946902947)]
[([[27, 264], [272, 264], [272, 307], [27, 307]], ' @[표 [어6', 0.0004454546943200907)]
[([[347, 29], [373, 29], [373, 43], [347, 43]], '하하', 0.9985286335899703), ([[377, 29], [461, 29], [461, 43], [377, 43]], '언니가 나뿐 거예', 0.5577301204950346), ([[347, 83], [455, 83], [455, 99], [347, 99]], '그렇제 가슴음 대 농고', 0.3128360372066422), ([[347, 99], [457, 99], [457, 117], [347, 117]], '다니면 참물 수 없잖아', 0.6350951527844361)]
[([[378, 157], [467, 157], [467, 195], [378, 195]], '규구7', 0.3621599829656225), ([[326.7230723179238, 137.7061506225467], [413.20540944054403, 114.60722957255166], [422.2769276820762, 149.2938493774533], [335.79459055945597, 172.39277042744834]], '구구 7', 0.36764797182233455)]
[]
[([[26, 257], [257, 257], [257, 329], [26, 329]], '쇠문화에(', 0.03833424628182487)]
[]
[]
[([[124, 88], [266, 88], [266, 116], [124, 116]], '언니가 나뿐 거야', 0.7495499971988439), ([[124, 150], [266, 150], [266, 176], [124, 176]], '언니가 나뿐 거야', 0.7729306998717826), ([[4, 484], [110, 484], [110, 510], [4, 510]], '살럿 . 그만해', 0.6594972390889127), ([[4, 544], [138, 544], [138, 570], [4, 570]], '언니가 잘못햇어', 0.6505361031835788)]
[([[514, 256], [538, 256], [538, 280], [514, 280]], '이', 0.531969551652768), ([[495.41886116991583, 206.25658350974743], [581.316859720633, 201.47715990352614], [581.5811388300842, 245.74341649025257], [495.68314027936697, 251.52284009647386]], "'다음부런", 0.05911298420671129), ([[529.2145699273442, 259.88582797093767], [579.0068941948673, 240.7701175612585], [588.7854300726558, 266.11417202906233], [538.9931058051327, 285.2298824387415]], "'떠0", 0.13643938136418363), ([[516.0, 297.0], [583.2837296914602, 272.0546006332006], [592.0, 297.0], [524.7162703085398, 321.9453993667994]], '싸지6', 0.13314321965573087)]
[([[35, 455], [346, 455], [346, 508], [35, 508]], '또3이대 이모스', 0.002326847585597064)]
[([[35, 455], [346, 455], [346, 508], [35, 508]], '$요이드이발스', 0.0027913174431305867)]
[([[35, 455], [348, 455], [348, 508], [35, 508]], '$3이트 이같스', 0.0031582048223972904)]
