764216
40
[([[10, 14], [190, 14], [190, 40], [10, 40]], '}니형+0*:떨항내완요', 6.4537763796078934e-06), ([[0, 0], [439, 0], [439, 164], [0, 164]], '9치오규-처', 4.866254024403997e-05), ([[11, 119], [53, 119], [53, 135], [11, 135]], ':체풍입!', 0.00040198795465714644), ([[8, 1040], [80, 1040], [80, 1120], [8, 1120]], '[', 0.7124160593248376), ([[739, 1121], [779, 1121], [779, 1134], [739, 1134]], '(즌-1', 0.01624079793691635), ([[595.2205536723275, 1013.3263254237756], [754.6210194636701, 976.6526636939068], [770.7794463276725, 1078.6736745762244], [611.3789805363299, 1115.3473363060932]], '(18', 0.05181555894228678)]
[([[22, 992], [298, 992], [298, 1068], [22, 1068]], '<리젠하;~.', 0.00014386317863380828), ([[28, 1060], [204, 1060], [204, 1088], [28, 1088]], '독6형! 훌륭  운 *', 0.0018270496568053376)]
[([[573, 71], [745, 71], [745, 91], [573, 91]], '"타니-, 씨9 사4톤 13 어어,', 0.0005747382097926601), ([[552, 101], [746, 101], [746, 127], [552, 127]], '1톤 8터.시 즐3--형 5:르:!', 2.0180984443095926e-05), ([[501, 121], [745, 121], [745, 141], [501, 141]], '벼맵습니 4후거, 40 씨신 갖5느 베45 3설설시', 3.0841414376898224e-05), ([[508, 136], [746, 136], [746, 160], [508, 160]], '(르시타,르0 4:어4) | 터하,! 이르타쪽', 3.0861217450051453e-07), ([[529, 155], [745, 155], [745, 175], [529, 175]], '49 | "47-어맵) 4) &설족47-어르)', 4.626042486863086e-05), ([[627, 171], [741, 171], [741, 191], [627, 191]], '4애대 터9150)잦3', 0.002529593412049534), ([[521, 205], [745, 205], [745, 225], [521, 225]], '다씨 5맵맵니6 4 817 [어>시 49 까서드', 0.00033500936690068365), ([[615, 221], [745, 221], [745, 241], [615, 241]], '9645-시 15 어맵:,', 0.005422756697083681), ([[521, 255], [745, 255], [745, 275], [521, 275]], "1(어톤 타듭맵절' 후어4:4-7설&, 60까거", 2.3215115717012677e-05), ([[605, 271], [747, 271], [747, 291], [605, 291]], '씨4-설 40 5.물4네터!', 0.0009646875214255405)]
[]
[([[721, 93], [737, 93], [737, 115], [721, 115]], '것', 0.9981719273066716), ([[598, 154], [712, 154], [712, 178], [598, 178]], '이 사진 말야-', 0.7619960212379441), ([[598, 182], [692, 182], [692, 206], [598, 206]], '너량  하루카', 0.4264553907289337), ([[719, 187], [737, 187], [737, 213], [719, 213]], '1', 0.7150161905722143), ([[598, 210], [696, 210], [696, 234], [598, 234]], '같지 않아??', 0.7649904318711692), ([[717, 211], [737, 211], [737, 239], [717, 239]], '}', 0.21705031741134917), ([[321, 453], [367, 453], [367, 473], [321, 473]], '마코토', 0.8134886026382446), ([[320, 480], [384, 480], [384, 504], [320, 504]], '괜찮아?', 0.98436039686203), ([[422, 646], [458, 646], [458, 670], [422, 670]], '꿀쩍', 0.9477584393260421), ([[71, 786], [138, 786], [138, 816], [71, 816]], '야용이는', 0.5538634061813354), ([[535, 793], [563, 793], [563, 813], [535, 813]], '개?', 0.9998517306065993), ([[690, 794], [720, 794], [720, 818], [690, 818]], '뭐?', 0.4488009539646144), ([[436, 804], [496, 804], [496, 830], [436, 830]], '이 개능', 0.527065765350362), ([[72, 816], [148, 816], [148, 842], [72, 842]], '하루카야!', 0.8734485745241387), ([[434, 832], [514, 832], [514, 856], [434, 856]], '마코토이고 ,', 0.5180236969621709), ([[532, 904], [564, 904], [564, 930], [532, 930]], '야용', 0.9989905636792085), ([[533, 937], [561, 937], [561, 955], [533, 955]], '이?', 0.9991831232448948)]
[([[617, 83], [717, 83], [717, 125], [617, 125]], '귀엽지', 0.9903650255289462), ([[621, 135], [705, 135], [705, 177], [621, 177]], '않아?', 0.9998348205908225), ([[450, 420], [496, 420], [496, 446], [450, 446]], '둘다', 0.6971602114218832), ([[344, 590], [402, 590], [402, 614], [344, 614]], '아하하', 0.9986623583769575), ([[656, 622], [690, 622], [690, 648], [656, 648]], '할꽃', 0.1295581076472262), ([[445.6573935716709, 451.12591485733674], [537.6086840021587, 432.5185251345766], [543.3426064283291, 462.87408514266326], [451.39131599784133, 481.4814748654234]], '귀엽네~ $', 0.7226552318066007)]
[([[230, 476], [282, 476], [282, 500], [230, 500]], '하루카', 0.862447715120613), ([[156, 496], [220, 496], [220, 520], [156, 520]], '괜찮아?', 0.840065062046051), ([[658, 682], [698, 682], [698, 706], [658, 706]], '에쥐:', 0.2726545477940251), ([[679, 975], [717, 975], [717, 995], [679, 995]], '여기', 0.9999227035548407), ([[520, 1050], [550, 1050], [550, 1076], [520, 1076]], '흐름', 0.2583300842350067)]
[([[98, 276], [192, 276], [192, 300], [98, 300]], '우린 이렇게', 0.47285602336971433), ([[98, 304], [178, 304], [178, 330], [98, 330]], '같이   살펴', 0.5205584809602902), ([[96, 332], [172, 332], [172, 356], [96, 356]], '지내앉다:', 0.6649967066478034), ([[632, 496], [668, 496], [668, 520], [632, 520]], '아주', 0.9968076905844053), ([[632, 524], [700, 524], [700, 548], [632, 548]], '예전부터', 0.9996952414512634), ([[649, 779], [708, 779], [708, 806], [649, 806]], '하지만;', 0.9399368762969971), ([[222, 790], [318, 790], [318, 818], [222, 818]], '우리   관계가', 0.9034375543636548), ([[224, 820], [316, 820], [316, 846], [224, 846]], '남들한계 이', 0.3430584605461611), ([[650, 808], [698, 808], [698, 834], [650, 834]], '중학교', 0.9884709119796753), ([[648, 838], [714, 838], [714, 862], [648, 862]], '3학년이', 0.7802966833114624), ([[222, 848], [316, 848], [316, 874], [222, 874]], '상하게 보인', 0.9942622721772014), ([[222, 876], [316, 876], [316, 900], [222, 900]], '다고 생각하', 0.9952593583743952), ([[650, 866], [706, 866], [706, 890], [650, 890]], '되면서', 0.9647653777479597), ([[98, 892], [160, 892], [160, 940], [98, 940]], '(국-', 0.13257184055097893), ([[222, 904], [322, 904], [322, 930], [222, 930]], '기 시작해다:', 0.5684354298263385), ([[300.4819695787027, 129.0269079555461], [379.67973899519166, 199.23930612062097], [348.5180304212973, 234.9730920444539], [269.32026100480834, 164.76069387937903]], '9<', 0.03497728682770267), ([[415.88582797093767, 291.2145699273442], [434.5183984340244, 275.04512892606107], [474.11417202906233, 321.7854300726558], [454.4816015659756, 337.95487107393893]], '@', 0.2818593683898598)]
[([[611, 81], [689, 81], [689, 101], [611, 101]], '그것이 바로', 0.9530652824465353), ([[610, 104], [708, 104], [708, 130], [610, 130]], '우리가 이렇게', 0.8667546196327842), ([[610, 130], [706, 130], [706, 156], [610, 156]], '단들이서   잇을', 0.4337181305018119), ([[610, 156], [712, 156], [712, 180], [610, 180]], '때 매우 가까문', 0.4947367175687761), ([[610, 182], [674, 182], [674, 206], [610, 206]], '이유이다', 0.9556463360786438), ([[207, 337], [251, 337], [251, 387], [207, 387]], '감:', 0.003626220111464312), ([[247, 407], [263, 407], [263, 429], [247, 429]], '드', 0.40926672126460417), ([[86, 962], [132, 962], [132, 986], [86, 986]], '졸려?', 0.8725904662980736), ([[531.4654469694149, 185.02865681555858], [620.7344079436023, 252.39208786821055], [594.5345530305851, 287.9713431844414], [505.26559205639774, 219.60791213178945]], ':어/어', 0.0010504304664209485)]
[([[404, 144], [474, 144], [474, 168], [404, 168]], '즐립구나 ,,', 0.40768895035661473), ([[388, 354], [466, 354], [466, 378], [388, 378]], '오늘은 아마', 0.9087864965445375), ([[390, 380], [476, 380], [476, 404], [390, 404]], '여기서 저녁', 0.9704280282874389), ([[390, 406], [444, 406], [444, 430], [390, 430]], '먹고 갈', 0.9401339888572693), ([[390, 432], [462, 432], [462, 456], [390, 456]], '것 끝네  ', 0.6189513063368148), ([[513, 447], [535, 447], [535, 463], [513, 463]], '꾸육', 0.24789160842623761), ([[670, 572], [712, 572], [712, 596], [670, 596]], '핸드템', 0.10237633916568595), ([[668, 598], [712, 598], [712, 622], [668, 622]], '핸드템', 0.1218167096376419), ([[324, 708], [374, 708], [374, 732], [324, 732]], '하루카', 0.7427969151687507), ([[647, 731], [711, 731], [711, 749], [647, 749]], '어머니계', 0.9774071756372853), ([[318, 760], [384, 760], [384, 784], [318, 784]], '전화할게', 0.6591724157333374), ([[647, 757], [729, 757], [729, 777], [647, 777]], '전화 드려야', 0.7774479477839398), ([[645, 783], [697, 783], [697, 803], [645, 803]], '되켓네', 0.2735611408392285), ([[406, 932], [472, 932], [472, 956], [406, 956]], '저녁  같이', 0.708570026558614), ([[404, 958], [478, 958], [478, 982], [404, 982]], '못 먹는 겉', 0.46497227686887954), ([[406, 984], [468, 984], [468, 1008], [406, 1008]], '말으서야', 0.8059518933296204), ([[405, 1011], [457, 1011], [457, 1029], [405, 1029]], '되니까', 0.9997224318578591), ([[572.3053712883528, 881.1245024785526], [633.9935279100237, 893.8392316201594], [629.6946287116472, 911.8754975214474], [568.0064720899763, 899.1607683798406]], '530꾸<', 0.047570252855336594), ([[578.2572186472918, 896.1430466182295], [621.9594298645651, 905.5992075277026], [617.7427813527082, 924.8569533817705], [574.0405701354349, 915.4007924722974]], '되시 ', 0.0022236766094013457)]
[([[690, 100], [716, 100], [716, 124], [690, 124]], '아', 0.9998899728524044)]
[([[161, 379], [199, 379], [199, 399], [161, 399]], '아마', 0.9999404891685623), ([[156, 403], [244, 403], [244, 432], [156, 432]], '"방금 기분', 0.9363887912216864), ([[678, 420], [726, 420], [726, 446], [678, 446]], '뛰야', 0.7913832865882579), ([[158, 434], [220, 434], [220, 460], [158, 460]], '좋앉어"', 0.4645136892795563), ([[161, 463], [227, 463], [227, 483], [161, 483]], '이려나?', 0.9813454151153564), ([[134, 562], [206, 562], [206, 588], [134, 588]], '눈만 화도', 0.7655747048941228), ([[126, 590], [218, 590], [218, 616], [126, 616]], '그의   생각올', 0.594812282599659), ([[136, 618], [192, 618], [192, 644], [136, 644]], '읽올 수', 0.7290701270103455), ([[504, 628], [596, 628], [596, 652], [504, 652]], '난 하루카가', 0.9453567128311373), ([[144, 648], [200, 648], [200, 672], [144, 672]], '있다 "', 0.8512546833456175), ([[502, 656], [574, 656], [574, 682], [502, 682]], '대답하지', 0.7302755766337271), ([[113, 679], [169, 679], [169, 695], [113, 695]], '어쨌선지  ', 0.3415403144884401), ([[510, 682], [562, 682], [562, 709], [510, 709]], '않아도', 0.9966120079971542), ([[652, 782], [696, 782], [696, 806], [652, 806]], '일단은', 0.9136923969920844), ([[650, 808], [732, 808], [732, 832], [650, 832]], '엄마께 우선', 0.6922442779384274), ([[650, 834], [734, 834], [734, 858], [650, 858]], '전화 드리자', 0.9548897857643227), ([[679.8503320980383, 71.48569740588034], [753.6573370580218, 55.5906179967594], [761.1496679019617, 101.51430259411966], [687.3426629419782, 117.40938200324061]], '장,>', 0.023802692729903336), ([[660.4644660940672, 123.46446609406726], [760.918290478512, 95.89403803532588], [771.5355339059328, 140.53553390593274], [671.081709521488, 167.10596196467412]], '-@없', 0.0048581049786848626)]
[([[383, 93], [437, 93], [437, 113], [383, 113]], "잠시만'", 0.5864288210868835), ([[285, 325], [349, 325], [349, 345], [285, 345]], '어머니제', 0.9070361852645874), ([[284, 350], [348, 350], [348, 374], [284, 374]], '연락올 좀', 0.672954748198747), ([[542, 344], [590, 344], [590, 368], [542, 368]], '하루카', 0.8282670831372572), ([[284, 376], [324, 376], [324, 400], [284, 400]], '먼저_', 0.7191760540008545), ([[649, 501], [711, 501], [711, 519], [649, 519]], '어머니제', 0.565835177898407), ([[648, 524], [684, 524], [684, 548], [648, 548]], '전화', 0.9999205119690406), ([[647, 553], [715, 553], [715, 573], [647, 573]], '걸지 말고', 0.7229268271182536), ([[557, 575], [587, 575], [587, 595], [557, 595]], '그냥', 0.9994952866555094), ([[534, 596], [612, 596], [612, 622], [534, 622]], '문자로 보내', 0.6472075669897805), ([[92, 604], [162, 604], [162, 654], [92, 654]], '뭐?', 0.9908694256119259), ([[635, 727], [685, 727], [685, 747], [635, 747]], "'잠시만", 0.7059565186500549), ([[289, 739], [305, 739], [305, 765], [289, 765]], '쪽', 0.9994265663380908), ([[357, 777], [403, 777], [403, 797], [357, 797]], '하루카', 0.9507626168841076), ([[571.2645563374507, 994.1905035185284], [687.8019868680973, 903.9611864739279], [723.7354436625493, 964.8094964814716], [606.1980131319027, 1055.038813526072]], '5 :구', 0.0030921215657144785)]
[([[307, 153], [422, 153], [422, 194], [307, 194]], '햇러 | 드로', 0.015991242461128236), ([[148, 183], [217, 183], [217, 215], [148, 215]], '그사)', 0.20993566858908877), ([[364, 206], [392, 206], [392, 234], [364, 234]], '단', 0.8398011142016912), ([[431, 259], [479, 259], [479, 279], [431, 279]], '리국', 0.06756232585478508), ([[129, 431], [153, 431], [153, 449], [129, 449]], '어', 0.9969018888854784), ([[208, 418], [232, 418], [232, 444], [208, 444]], '류', 0.22153539659575472), ([[378, 440], [406, 440], [406, 470], [378, 470]], '군', 0.03251248996676481), ([[318, 506], [354, 506], [354, 532], [318, 532]], '+5', 0.17750684524210253), ([[384, 494], [414, 494], [414, 524], [384, 524]], '벼', 0.05735144298422612), ([[616, 618], [720, 618], [720, 642], [616, 642]], '"죄송해요 엄마', 0.44087092915466736), ([[619, 645], [659, 645], [659, 665], [619, 665]], '오느근', 0.6098775641302423), ([[516, 736], [560, 736], [560, 760], [516, 760]], '오늘근', 0.46018764117316957), ([[174, 818], [218, 818], [218, 848], [174, 848]], '전송', 0.5797808732550046), ([[310, 900], [416, 900], [416, 930], [310, 930]], '(하루카랑 잇다_', 0.1525157925064953), ([[542, 926], [582, 926], [582, 950], [542, 950]], '"오늘', 0.9999168592404388), ([[450, 962], [480, 962], [480, 988], [450, 988]], '단', 0.40277206322943826), ([[556, 954], [584, 954], [584, 978], [556, 978]], '하_', 0.9994582873944076), ([[545, 983], [579, 983], [579, 1003], [545, 1003]], '리_"', 0.9967063254833631), ([[210.7805784783006, 141.4147520217908], [272.80747567778707, 135.1438273105219], [274.21942152169936, 157.5852479782092], [212.19252432221293, 163.8561726894781]], '최송해요', 0.8112396597862244), ([[229.2562854188427, 177.5587995863798], [308.7205039836323, 168.7355404019737], [310.7437145811573, 196.4412004136202], [232.2794960163677, 204.2644595980263]], '흔박6|', 0.008755773305892944), ([[233.1370142686695, 221.46032711047206], [339.70339057478077, 212.48841201029356], [340.86298573133047, 247.53967288952794], [234.2966094252192, 255.51158798970644]], '한 | +', 0.213462238538736), ([[236.56115695660122, 273.8295040435816], [404.8272817597066, 258.83728149072203], [406.4388430433988, 293.1704959564184], [239.17271824029345, 309.16271850927797]], '소   1 벼', 0.06698744441932943), ([[282.5430712064641, 367.3775281716354], [331.5235354261297, 364.3777272260595], [333.4569287935359, 390.6224718283646], [284.4764645738703, 394.6222727739405]], '엄드_', 0.516667441534115), ([[220.7805784783006, 377.4147520217908], [284.8186157979154, 371.16775209247936], [286.21942152169936, 393.5852479782092], [222.1813842020846, 399.83224790752064]], '(죄송해요', 0.39086454984245067), ([[343.6027607015021, 396.34524533285406], [415.65829463842647, 390.6095074199], [417.3972392984979, 420.65475466714594], [345.34170536157353, 427.3904925801]], "병'렉교류", 0.0015321283089985052), ([[242.07944680100655, 411.6953361612079], [331.7712263407149, 401.8509549318987], [333.92055319899345, 428.3046638387921], [244.2287736592851, 438.1490450681013]], '1]적', 0.002918381016550629), ([[244.88000423998727, 456.60800678397965], [347.6520348424633, 445.3682397512398], [350.1199957600127, 479.39199321602035], [246.3479651575367, 490.6317602487602]], '하 | +', 0.2807444188470349), ([[331.5611569566012, 979.8295040435816], [441.6414659098504, 965.3447882227953], [445.4388430433988, 999.1704959564184], [335.3585340901496, 1013.6552117772047]], '3 | 해 |', 0.1280776109234347), ([[340.12652114433655, 1032.1379563433009], [488.8293465852126, 1009.0026044411841], [492.87347885566345, 1036.8620436566991], [344.1706534147874, 1059.997395558816]], '1| * | #', 0.10523759746843872)]
[([[672, 12], [702, 12], [702, 56], [672, 56]], '3', 0.29037950310626925), ([[374, 94], [426, 94], [426, 188], [374, 188]], '콩', 0.9733699975186028), ([[472, 1044], [542, 1044], [542, 1068], [472, 1068]], '고멩이가_', 0.42088315970493745), ([[575.9699482330199, 89.30082916896569], [668.9752713553873, 15.663773965378796], [701.0300517669801, 69.69917083103431], [609.0247286446127, 143.3362260346212]], '9,사찌', 0.015313444659113884)]
[([[343, 593], [359, 593], [359, 615], [343, 615]], '춤', 0.7981854170001412), ([[72, 642], [106, 642], [106, 670], [72, 670]], '초름', 0.03616912176275443), ([[314, 748], [412, 748], [412, 772], [314, 772]], '너 때문에 내가', 0.9394647543199856), ([[314, 775], [416, 775], [416, 795], [314, 795]], '갑작스럽게 문자', 0.6430125227016351), ([[476, 772], [518, 772], [518, 796], [476, 796]], '핸드쪽', 0.132723479473516), ([[84, 786], [164, 786], [164, 812], [84, 812]], '입력할 때', 0.8494602063952497), ([[312, 798], [404, 798], [404, 822], [312, 822]], '보내는 바람에', 0.5747275250034736), ([[464, 798], [534, 798], [534, 824], [464, 824]], '전화 맞어', 0.6198641079939197), ([[82, 814], [118, 814], [118, 838], [82, 838]], '표정', 0.9999733632956482), ([[314, 822], [436, 822], [436, 846], [314, 846]], '어머니제서 무슨 밀', 0.6935302901682525), ([[82, 842], [136, 842], [136, 868], [82, 868]], '웃겪어.', 0.2040088027715683), ([[314, 848], [432, 848], [432, 872], [314, 872]], '있냐고  걱정하시논', 0.17427021356881628), ([[329, 877], [361, 877], [361, 895], [329, 895]], '잡아', 0.9985598089525527), ([[652.341306738663, 118.19935762851809], [752.172026412085, 37.75994804180003], [784.658693261337, 90.80064237148191], [684.827973587915, 170.24005195819996]], '846', 0.24082934856414795), ([[682.6601861669847, 775.0290797685113], [702.3041143685078, 771.0232566046988], [713.3398138330153, 836.9709202314887], [693.6958856314922, 839.9767433953012]], '딸', 0.372293253377908)]
[([[370, 114], [400, 114], [400, 140], [370, 140]], '#름', 0.09914777590832179), ([[690, 130], [782, 130], [782, 156], [690, 156]], '년 누구   잘못', 0.9811490238029311), ([[707, 159], [757, 159], [757, 179], [707, 179]], '이라고', 0.9991339499738405), ([[690, 186], [780, 186], [780, 210], [690, 210]], '생각하니.?', 0.638397264923929), ([[416, 290], [448, 290], [448, 316], [416, 316]], '#음', 0.12460751750549552), ([[66, 684], [96, 684], [96, 708], [66, 708]], '초름', 0.06517953182948308), ([[425, 823], [453, 823], [453, 843], [425, 843]], '소용', 0.2282708303371579)]
[([[216, 320], [258, 320], [258, 348], [216, 348]], '스기+', 0.0027175924912525404), ([[439, 443], [477, 443], [477, 463], [439, 463]], '하아', 0.9999623209253468), ([[388, 850], [454, 850], [454, 876], [388, 876]], '하루카 .', 0.9157518613968213), ([[77, 999], [119, 999], [119, 1019], [77, 1019]], '너 꺼', 0.9822772145271301), ([[69, 1025], [133, 1025], [133, 1045], [69, 1045]], '딱딱해; ', 0.3269784167657707), ([[592, 1036], [632, 1036], [632, 1060], [592, 1060]], '하아', 0.999749151173832), ([[641.0846084768857, 174.55922593382002], [735.4665771699215, 125.10277193455532], [759.9153915231143, 174.44077406617998], [665.5334228300785, 223.89722806544466]], '(고)', 0.0012333447161987636)]
[([[96, 322], [166, 322], [166, 348], [96, 348]], '너도야', 0.9997797616001677), ([[351, 627], [371, 627], [371, 655], [351, 655]], '문', 0.9999785424429888), ([[149, 639], [207, 639], [207, 679], [149, 679]], '스이+', 0.017264541998454674), ([[406, 670], [434, 670], [434, 698], [406, 698]], '질', 0.9991206672532513), ([[106.28352926876417, 144.65517634188774], [198.71134020618555, 116.64948453608247], [210.71647073123583, 160.34482365811226], [119.28865979381443, 188.35051546391753]], "'6-4서5", 0.03003190855854715), ([[562.9580569325292, 987.1867537178289], [618.8905537288898, 995.1970684086417], [614.0419430674708, 1019.8132462821711], [559.1094462711102, 1011.8029315913583]], '헤헤. ', 0.2912449836730957)]
[([[606, 118], [678, 118], [678, 144], [606, 144]], '하루카 ', 0.6705874871307849), ([[136, 180], [188, 180], [188, 206], [136, 206]], '넣어도', 0.6382908434395994), ([[137, 213], [183, 213], [183, 231], [137, 231]], '태?', 0.35838581557386795)]
[([[464, 128], [521, 128], [521, 157], [464, 157]], '왜 난', 0.9318861365318298), ([[466, 162], [512, 162], [512, 188], [466, 188]], '항상', 0.9896925167322168), ([[113, 195], [175, 195], [175, 231], [113, 231]], '뭐 ?', 0.6404515097969282), ([[466, 194], [522, 194], [522, 220], [466, 220]], '깔리는', 0.2863203200875759), ([[468, 228], [538, 228], [538, 252], [468, 252]], '역이지?', 0.9976032972335815), ([[617, 495], [718, 495], [718, 522], [617, 522]], '(하지만 만약', 0.9549388153728559), ([[622, 522], [674, 522], [674, 548], [622, 548]], '0 내가', 0.9872614681061896), ([[618, 552], [716, 552], [716, 578], [618, 578]], '깔련다면 년', 0.20769872332606612), ([[618, 582], [696, 582], [696, 606], [618, 606]], '아마 금방', 0.9983408275467579), ([[618, 608], [724, 608], [724, 634], [618, 634]], '지루해   젖올걸', 0.35534228669871), ([[72, 624], [164, 624], [164, 650], [72, 650]], '나는 왜 내가', 0.9399234569684443), ([[72, 652], [182, 652], [182, 676], [72, 676]], '그래야 하늘건지', 0.5324376105943412), ([[74, 676], [132, 676], [132, 700], [74, 700]], '모르길어', 0.12079045921564102), ([[535, 1005], [571, 1005], [571, 1025], [535, 1025]], '하아', 0.9999390562009917), ([[593.1675694221406, 390.0875762840607], [680.9443713451102, 409.33521831262186], [671.8324305778594, 444.9124237159393], [584.0556286548898, 425.66478168737814]], '@디초!', 0.002730255015194416), ([[351.47304020432216, 1081.1975527764241], [424.1313065637414, 1012.3912985164699], [454.52695979567784, 1054.8024472235759], [381.8686934362586, 1123.60870148353]], '[4-', 0.01395874778948415)]
[([[320, 164], [418, 164], [418, 188], [320, 188]], '네가 원하는', 0.9092710728053626), ([[318, 192], [396, 192], [396, 216], [318, 216]], '대로 해 ', 0.6684209309094747), ([[518, 780], [576, 780], [576, 804], [518, 804]], '하루카 .', 0.4767631497628668), ([[558, 956], [626, 956], [626, 980], [558, 980]], '나 넣어도', 0.7790166328775774), ([[559, 983], [643, 983], [643, 1003], [559, 1003]], '태느거야 .?', 0.5311632844600412)]
[([[76, 351], [135, 351], [135, 378], [76, 378]], '하루카 .', 0.20325886391696665), ([[72, 478], [152, 478], [152, 502], [72, 502]], "'그래서 지금", 0.7865905710815665), ([[74, 504], [158, 504], [158, 528], [74, 528]], '너가 베개틀', 0.6312138170268626), ([[75, 533], [137, 533], [137, 553], [75, 553]], '만 나주고', 0.657620825689887), ([[74, 558], [148, 558], [148, 582], [74, 582]], '앞늘거야?', 0.21210459005224963), ([[661, 597], [687, 597], [687, 613], [661, 613]], '뭐?', 0.9930313240588389), ([[56, 664], [120, 664], [120, 688], [56, 688]], '네 얼굴올', 0.49182816736300283), ([[54, 688], [162, 688], [162, 714], [54, 714]], '볼 수가 없잖아_', 0.3996712455063625), ([[396, 715], [528, 715], [528, 780], [396, 780]], '6구이과!', 0.005560199616466744), ([[627, 905], [691, 905], [691, 925], [627, 925]], '바로 그게', 0.9964449149471335), ([[626, 930], [676, 930], [676, 954], [626, 954]], '문제야', 0.8939480062375719), ([[538, 940], [606, 940], [606, 964], [538, 964]], '뒷고 그냥', 0.9358492448191424), ([[538, 966], [574, 966], [574, 990], [538, 990]], '넣어:', 0.5047267079353333)]
[([[362, 327], [409, 327], [409, 354], [362, 354]], '9412', 0.1343231052160263), ([[685, 893], [701, 893], [701, 919], [685, 919]], '호', 0.8113089743350343), ([[673, 939], [689, 939], [689, 967], [673, 967]], '옷', 0.8675216174708567), ([[599, 961], [641, 961], [641, 1003], [599, 1003]], '@이{', 0.004030252479251537), ([[71.45333558072689, -9.981300521387524], [131.68411572090048, 13.370539237954322], [76.54666441927311, 151.98130052138754], [16.31588427909951, 127.62946076204568]], '@', 0.8102672344286965), ([[572.170867717451, 375.6221280326862], [622.7437145811573, 344.5587995863798], [634.829132282549, 367.3778719673138], [584.2562854188427, 398.4412004136202]], '~버요', 0.0029983929128637363), ([[334.42752122286237, 540.4565127337174], [385.17639109552766, 523.935218704243], [392.57247877713763, 549.5434872662826], [341.82360890447234, 565.064781295757]], "'4'6!", 0.026181374655078495), ([[416.1708677174509, 549.6221280326862], [461.9091488643867, 535.6858801643798], [470.8291322825491, 567.3778719673138], [425.0908511356133, 580.3141198356202]], "';기군", 0.006761787459254265), ([[45.44614463584767, 602.4123012450933], [268.88175598972055, 541.9206085627945], [283.5538553641523, 604.5876987549067], [61.118244010279454, 665.0793914372055]], '꺼지57', 0.23179979622364044), ([[661.5038610616432, 605.0308884931453], [729.6114420752957, 667.2802656784306], [706.4961389383568, 692.9691115068547], [638.3885579247043, 630.7197343215694]], '599]여주.', 0.00024660965626151573)]
[([[312, 396], [362, 396], [362, 420], [312, 420]], '조금만', 0.9999037825496314), ([[420, 398], [468, 398], [468, 424], [420, 424]], '조금.', 0.399929279216373), ([[331, 427], [365, 427], [365, 443], [331, 443]], "더:'", 0.16896675562487054), ([[187, 555], [209, 555], [209, 573], [187, 573]], '너 ;', 0.30683141486343374), ([[656, 602], [716, 602], [716, 628], [656, 628]], '하루카_', 0.9643661624088086), ([[284, 606], [338, 606], [338, 684], [284, 684]], '7', 0.9443722433744028), ([[656, 630], [748, 630], [748, 656], [656, 656]], '조금만 긴장', 0.8115945273227874), ([[658, 658], [714, 658], [714, 684], [658, 684]], '풀어화_', 0.36325685280741826), ([[94, 670], [132, 670], [132, 696], [94, 696]], '쫓 근', 0.18484260857662585), ([[597, 865], [611, 865], [611, 889], [597, 889]], '응', 0.9991447370850892), ([[228, 902], [340, 902], [340, 928], [228, 928]], '너무 긴장되어', 0.996035697532982), ([[372, 944], [424, 944], [424, 970], [372, 970]], '하루카', 0.9598909007574536), ([[726.9230627620734, 345.19996318139084], [777.8342698357529, 352.0166818937184], [774.0769372379266, 376.80003681860916], [723.1657301642471, 370.9833181062816]], '그냥', 0.9996794461203959), ([[637.4222912360003, 450.21114561800016], [687.84126865782, 419.44898187420426], [705.5777087639997, 448.78885438199984], [656.15873134218, 480.55101812579574]], '"모조', 0.006408872913496018), ([[349.2788897449072, 600.0200154083296], [572.97302901659, 710.1630303860264], [522.7211102550928, 805.9799845916704], [299.02697098341, 695.8369696139736]], '오명짚-', 0.0069146291352808475), ([[158.15028142267582, 650.0912945443088], [208.88057000058132, 669.0298574998546], [195.84971857732418, 703.9087054556912], [145.11942999941868, 684.9701425001454]], "')00", 0.6737583875656128), ([[224.40952575098925, 681.0438225316279], [284.848051949052, 727.9079852577015], [263.59047424901075, 755.9561774683721], [203.15194805094802, 709.0920147422985]], '뉴게.`', 6.178564945003018e-05), ([[637.2172729245717, 733.1039098209152], [676.9992595334949, 753.9333497881446], [664.7827270754283, 775.8960901790848], [626.0007404665051, 755.0666502118554]], '"조^', 0.0007429431666848307), ([[491.40077848228805, 785.045137983101], [551.8866704126477, 830.05459368341], [530.599221517712, 858.954862016899], [470.1133295873522, 813.94540631659]], "통1,]`'", 0.00034051381741236796), ([[58.01985123916004, 852.601985123916], [139.08076182308403, 823.4487441152586], [148.98014876083997, 852.398014876084], [68.91923817691597, 881.5512558847414]], '또4서쥐-)', 0.0001697467646721074), ([[260.41000317999044, 933.4560050879847], [315.6500470620848, 929.5938525793019], [315.58999682000956, 954.5439949120153], [261.3499529379152, 958.4061474206981]], '있어.', 0.4007037461585277)]
[([[135, 37], [157, 37], [157, 53], [135, 53]], '아;', 0.4722863930216407), ([[106, 214], [190, 214], [190, 240], [106, 240]], '지금 당장  ,', 0.459678541141549), ([[94, 350], [170, 350], [170, 374], [94, 374]], '나 정말  ', 0.5144944038574768), ([[646, 422], [724, 422], [724, 446], [646, 446]], '하룻카한테', 0.40727846881653024), ([[647, 451], [741, 451], [741, 471], [647, 471]], '키스하고 싶어', 0.8607397106058133), ([[86, 478], [154, 478], [154, 502], [86, 502]], '하루카 너', 0.5899123938891491), ([[646, 474], [710, 474], [710, 498], [646, 498]], '그치만 ', 0.9590941137846057), ([[86, 504], [162, 504], [162, 528], [86, 528]], '괜찮아 ..?', 0.6599461074455212), ([[142, 654], [210, 654], [210, 678], [142, 678]], '많이 떨고', 0.4944174123157445), ([[145, 685], [195, 685], [195, 703], [145, 703]], '있어 ,', 0.36164338330193907), ([[558, 858], [610, 858], [610, 882], [558, 882]], '이렇게', 0.8462419389170736), ([[558, 884], [606, 884], [606, 908], [558, 908]], '하늘건', 0.6449211886620089), ([[594, 1020], [706, 1020], [706, 1044], [594, 1044]], '나만 혼자 즐기고', 0.8003985168683457), ([[594, 1048], [700, 1048], [700, 1072], [594, 1072]], '앞는 것 같잡아', 0.17605549275082277)]
[([[311, 127], [323, 127], [323, 151], [311, 151]], '틈', 0.5210556017445924), ([[424, 268], [508, 268], [508, 294], [424, 294]], '나 괜참게', 0.31250461793426754), ([[424, 298], [494, 298], [494, 324], [424, 324]], '움직이고', 0.999776303768158), ([[426, 328], [474, 328], [474, 354], [426, 354]], '있어?', 0.9522973620688063), ([[317, 483], [331, 483], [331, 507], [317, 507]], '틈', 0.6280256712344112), ([[418, 576], [500, 576], [500, 602], [418, 602]], '너  정말로', 0.743427038896536), ([[418, 606], [484, 606], [484, 632], [418, 632]], '그거 안', 0.9988816000175739), ([[418, 636], [500, 636], [500, 660], [418, 660]], '벗율거야?', 0.2742255788447058), ([[117, 787], [169, 787], [169, 825], [117, 825]], '뭐?', 0.991386564568827), ([[548, 830], [622, 830], [622, 856], [548, 856]], '그렇다면', 0.9979349970817566), ([[550, 860], [616, 860], [616, 884], [550, 884]], '이제 나', 0.6014318130603978), ([[526, 888], [642, 888], [642, 914], [526, 914]], '못되게 물거야;', 0.629255140211546), ([[556, 916], [620, 916], [620, 942], [556, 942]], '하루카_', 0.9857615232467651)]
[([[452, 690], [512, 690], [512, 716], [452, 716]], '하앗 ', 0.22080841044663724), ([[126, 744], [184, 744], [184, 770], [126, 770]], '하루카_', 0.9593726992607117), ([[102, 772], [204, 772], [204, 798], [102, 798]], '처음부터 바로', 0.9993475207492649), ([[102, 802], [202, 802], [202, 826], [102, 826]], '자신의   약한', 0.546797482349461), ([[100, 828], [210, 828], [210, 854], [100, 854]], '부분올 보여주고', 0.7448969623553586), ([[128, 858], [166, 858], [166, 882], [128, 882]], '있어', 0.9510914420675015), ([[527, 1067], [551, 1067], [551, 1087], [527, 1087]], '마', 0.9995798313990214), ([[526, 1096], [578, 1096], [578, 1120], [526, 1120]], '마코토', 0.9413178774737703), ([[700.6152667726365, -21.295642689424778], [798.0379664137703, 49.852457441823894], [616.3847332273635, 287.29564268942477], [517.9620335862297, 216.1475425581761]], '설', 0.09417824108095463), ([[368.36905041087795, 264.5625087942655], [445.20326589023233, 330.70036822591084], [315.63094958912205, 476.4374912057345], [237.79673410976767, 410.29963177408916]], '흙', 0.6701324040037093), ([[583.8669156380993, 395.1079613181161], [670.490031079539, 312.5410857102415], [700.1330843619007, 354.8920386818839], [613.509968920461, 437.4589142897585]], "-'_플", 0.0004224594449624419), ([[145.42913985468846, 509.7716559418754], [224.8556987801523, 462.72316529754465], [253.57086014531154, 510.2283440581246], [173.1443012198477, 558.2768347024553]], '"니', 0.027659111766570304), ([[386.1165159458545, 1008.8233031891709], [530.8576626603664, 961.4781945712344], [545.8834840541455, 1009.1766968108291], [401.1423373396337, 1055.5218054287657]], '꺼제57', 0.2176494300365448), ([[593.0, 1012.0], [716.0659721983809, 972.0900395050803], [729.0, 1012.0], [605.9340278016191, 1050.9099604949197]], '재제57', 0.009274512529373169), ([[58.316718427000254, 1093.6334368540006], [229.79211106563756, 1030.389505361506], [245.68328157299976, 1084.3665631459994], [74.20788893436246, 1147.610494638494]], '커고도다', 0.043856821954250336)]
[([[685, 109], [723, 109], [723, 129], [685, 129]], '아 !', 0.7530871295501925), ([[228, 266], [286, 266], [286, 290], [228, 290]], "'하루카을", 0.12627094966297156), ([[229, 295], [293, 295], [293, 313], [229, 313]], '가버리게', 0.9953404664993286), ([[600, 287], [649, 287], [649, 315], [600, 315]], '하양!', 0.4385879381002013), ([[229, 319], [263, 319], [263, 339], [229, 339]], '하기', 0.9998408572092468), ([[501, 317], [527, 317], [527, 335], [501, 335]], '아!', 0.9828544543258105), ([[131, 335], [165, 335], [165, 355], [131, 355]], '여길', 0.9732965432823943), ([[696, 324], [756, 324], [756, 350], [696, 350]], '난 자주', 0.9930356487483306), ([[231, 349], [293, 349], [293, 367], [231, 367]], "위해서; '", 0.3915968156185841), ([[129, 357], [190, 357], [190, 385], [129, 385]], '건드렇지', 0.510689914226532), ([[99, 487], [155, 487], [155, 507], [99, 507]], '목소리 .,', 0.5288628214074769), ([[229, 729], [249, 729], [249, 751], [229, 751]], '22', 0.014154379384276026), ([[568, 718], [610, 718], [610, 744], [568, 744]], '하맛', 0.30311946047844507), ([[391, 739], [463, 739], [463, 757], [391, 757]], '마코토--', 0.2787067166847592), ([[129, 931], [196, 931], [196, 958], [129, 958]], "'하아아양'", 0.47854725484018024), ([[630, 942], [690, 942], [690, 970], [630, 970]], '달끔해 .,', 0.2187093890034997), ([[508, 1004], [548, 1004], [548, 1028], [508, 1028]], '하앗', 0.3518116403153354), ([[323, 1083], [361, 1083], [361, 1103], [323, 1103]], '하아', 0.9999433551055079), ([[324.3516732326157, 95.23085631415506], [400.10674064953037, 25.382024934585733], [432.6483267673843, 71.76914368584494], [356.89325935046963, 140.61797506541427]], '패-7', 0.008163887559223792), ([[473.5700282971498, 90.9420169782899], [546.5223705003779, 54.89554399953494], [562.4299717028501, 89.0579830217101], [489.47762949962214, 125.10445600046506]], '패시', 0.4886203980721086), ([[488.2828546384055, 161.05169700499823], [572.9997230147077, 200.9473713366873], [552.7171453615945, 239.94830299500177], [468.0002769852923, 200.0526286633127]], '-시*터', 0.017983075231313705), ([[288.75735931288074, 239.7573593128807], [375.4367960873672, 193.08182628876762], [398.24264068711926, 238.2426406871193], [310.5632039126328, 285.9181737112324]], '~새', 0.0025250860528262193), ([[383.4186816410238, 307.0241796922858], [437.7699934971083, 336.03677214340036], [382.5813183589762, 440.9758203077142], [327.2300065028917, 411.96322785659964]], "'물", 0.8600888599357496), ([[101.0843474295577, 584.4253042288673], [151.69377997770613, 571.9364637349287], [155.9156525704423, 588.5746957711327], [105.30622002229386, 601.0635362650713]], '-`라니흔', 0.0018805627808736094), ([[514.5144372945836, 631.286093236459], [543.6292424261351, 656.3181559488642], [483.48556270541644, 723.713906763541], [454.37075757386486, 697.6818440511358]], '흙', 0.006092746141773964), ([[60.12652114433654, 776.137956343301], [100.6189983441613, 753.4743625831084], [112.87347885566345, 774.862043656699], [72.3810016558387, 797.5256374168916]], '-3껍', 0.0029731432578477385), ([[571.5379965673018, 777.026770478795], [602.9427928913473, 792.2907621000295], [565.4620034326982, 870.973229521205], [534.0572071086527, 855.7092378999705]], '품', 0.27085696875929344), ([[435.8713347040338, 847.1625379937149], [494.5983416820557, 791.3332161411663], [516.1286652959662, 820.8374620062851], [457.4016583179443, 876.6667838588337]], '-다^', 0.003950854458549348), ([[252.3203723339694, 926.0581595370226], [335.99114063142645, 955.733923957905], [321.67962766603057, 991.9418404629774], [238.00885936857355, 962.266076042095]], '6:꼴)', 0.006685756146907806), ([[138.3103526837755, 1108.9793174153979], [278.67101946910066, 1042.01147095727], [308.6896473162245, 1112.0206825846021], [168.32898053089937, 1177.98852904273]], '키4&8 ', 0.001471811592647764), ([[399.2583685632087, 1075.069353385006], [428.456762690498, 1058.0261645926676], [470.7416314367913, 1135.930646614994], [441.543237309502, 1152.9738354073324]], '움', 0.4792539840309473)]
[([[100, 156], [168, 156], [168, 182], [100, 182]], '하루카  ', 0.30671354544460894), ([[664, 152], [730, 152], [730, 178], [664, 178]], '하루카;,,', 0.42172399139090444), ([[91, 329], [135, 329], [135, 347], [91, 347]], '하아 ', 0.660037936426409), ([[620, 328], [710, 328], [710, 354], [620, 354]], '너무 못되게', 0.7207404188516456), ([[335, 353], [387, 353], [387, 391], [335, 391]], '"내?', 0.008686434140267795), ([[457, 367], [503, 367], [503, 385], [457, 385]], '잠시만-', 0.9951614737510681), ([[604, 356], [722, 356], [722, 382], [604, 382]], '물어서 미안해_', 0.6607182634447801), ([[46, 380], [80, 380], [80, 404], [46, 404]], '흐응', 0.4683856353324448), ([[409, 399], [435, 399], [435, 415], [409, 415]], '마코', 0.8589606534943953), ([[334, 478], [388, 478], [388, 502], [334, 502]], '하로카_', 0.47577732162670666), ([[328, 504], [404, 504], [404, 528], [328, 528]], '너 숨 4기', 0.5440677959954531), ([[329, 533], [381, 533], [381, 553], [329, 553]], '힘들지 _', 0.790961174360245), ([[327, 559], [387, 559], [387, 579], [327, 579]], '그렇지_?', 0.6788072377900217), ([[231, 583], [295, 583], [295, 603], [231, 603]], '그러니까', 0.9989984745836606), ([[227, 611], [299, 611], [299, 631], [227, 631]], '이제 벌게', 0.5848198397624196), ([[232, 634], [292, 634], [292, 658], [232, 658]], '괜참지?', 0.6623393297195435), ([[696, 640], [736, 640], [736, 664], [696, 664]], '싸:', 0.024894343104122505), ([[471, 811], [501, 811], [501, 827], [471, 827]], '하아', 0.9992188554058974), ([[158, 818], [184, 818], [184, 844], [158, 844]], '9', 0.0657084828462482), ([[624, 932], [680, 932], [680, 964], [624, 964]], '제발', 0.9997888508187268), ([[278.95805693252925, 383.1867537178289], [331.82897100074865, 390.0015396467946], [328.04194306747075, 415.8132462821711], [275.17102899925135, 409.9984603532054]], '"나:', 0.016779784723087332), ([[679.400119964012, 456.0605878236588], [746.9722421862838, 487.5928435361255], [735.599880035988, 510.9394121763412], [668.0277578137162, 478.4071564638745]], '쳐쳐2공 ', 1.4734765249815967e-05), ([[649.6573935716709, 699.1259148573367], [693.0560940970149, 685.8154000219216], [700.3426064283291, 710.8740851426633], [656.9439059029851, 724.1845999780784]], '@파:', 0.0017649593875577831), ([[100.78119921509908, 708.6717988226486], [187.4097514362859, 694.9086857857446], [192.2188007849009, 730.3282011773514], [105.59024856371413, 745.0913142142554]], '6:)', 0.0032172830893289523), ([[67.13701426866952, 786.4603271104721], [140.49916542434167, 780.062000688057], [141.8629857313305, 812.5396728895279], [68.50083457565833, 819.937999311943]], "(6:'0", 0.004481098062397099), ([[188.9563638994289, 830.1385464278869], [261.835737023245, 840.8654862325614], [256.0436361005711, 874.8614535721131], [183.16426297675503, 864.1345137674386]], '6:)', 0.0018859074586276875), ([[494.472628084549, 887.0467172734745], [579.9704907997393, 923.5802567348195], [568.527371915451, 948.9532827265255], [482.02950920026075, 911.4197432651805]], '내떡오버<!', 7.551684010688982e-05), ([[216.31831801500923, 1021.2912904420258], [310.2371210789932, 1011.345418119185], [312.6816819849908, 1058.708709557974], [218.7628789210068, 1068.654581880815]], '00니', 0.012449387283577786)]
[([[308, 242], [350, 242], [350, 266], [308, 266]], '하아', 0.9999438608593363), ([[121, 327], [147, 327], [147, 343], [121, 343]], '하9', 0.6656283222610577), ([[57, 477], [109, 477], [109, 497], [57, 497]], '바보야', 0.9999483810419332), ([[498, 716], [580, 716], [580, 740], [498, 740]], '씩액 씨액', 0.1108636708966429), ([[364, 818], [468, 818], [468, 898], [364, 898]], '빼', 0.6823923518419548), ([[519.2111456180002, 409.4222912360003], [582.1475019687726, 366.6253540490716], [598.7888543819998, 396.5777087639997], [535.8524980312274, 439.3746459509284]], '여__2줄', 0.00013369825303676325), ([[344.399538668478, 788.0361863260848], [385.6149534557656, 808.5457111422685], [330.600461331522, 921.9638136739152], [288.3850465442344, 901.4542888577315]], '출', 0.12426992241798018), ([[613.3688575474865, 937.018121326265], [686.4798920086865, 910.0104730010796], [763.6311424525135, 1132.981878673735], [689.5201079913135, 1160.9895269989204]], '쫓', 0.2886589990795443)]
[([[654, 45], [709, 45], [709, 76], [654, 76]], '흐으응', 0.7088745280166011), ([[224, 116], [268, 116], [268, 140], [224, 140]], '아앗', 0.9139416119606385), ([[568, 172], [612, 172], [612, 198], [568, 198]], '아양', 0.844346211489155), ([[60, 348], [108, 348], [108, 376], [60, 376]], '찌격', 0.3083793798233606), ([[8, 399], [58, 399], [58, 429], [8, 429]], '찌격', 0.7915108007934454), ([[328, 546], [380, 546], [380, 570], [328, 570]], '장-"', 0.003122765958777429), ([[294, 584], [354, 584], [354, 612], [294, 612]], '장국("', 0.0005665388889610767), ([[87, 611], [133, 611], [133, 651], [87, 651]], '70', 0.7871653361547574), ([[682, 724], [726, 724], [726, 750], [682, 750]], '허억', 0.6445763853234584), ([[586, 776], [644, 776], [644, 824], [586, 824]], '스4', 0.2512267573966678), ([[650.295216003452, 177.98856480103558], [743.7158505800679, 130.06767714410208], [772.704783996548, 185.01143519896442], [679.2841494199321, 232.93232285589792]], "가때'", 0.03613432957459627), ([[670.2108685738942, 243.56326057216828], [747.1020153634179, 206.07858435190565], [764.7891314261058, 243.43673942783172], [687.8979846365821, 280.92141564809435]], '|7#,>', 0.0013554178081288321), ([[692.0268234150113, 284.3241410735102], [765.4, 244.8], [782.9731765849887, 280.6758589264898], [709.6, 319.2]], '개대:차1', 0.0006327776626361163), ([[350.052175279236, 269.11391864486745], [424.92232270276367, 285.21553545944727], [416.947824720764, 317.88608135513255], [342.07767729723633, 301.78446454055273]], "'-화하니라", 0.00152896380785835), ([[7.439262401342081, 293.9271148816105], [62.76190298673, 278.1065778234257], [71.56073759865792, 312.0728851183895], [15.238097013269998, 327.8934221765743]], '박옛', 0.0009584036215335399), ([[318.3273272060037, 305.1165161768103], [371.95403152282, 314.57366584956657], [367.6726727939963, 336.8834838231897], [313.04596847718, 327.42633415043343]], '-화3니@', 0.00015099447619774549), ([[116.97191949374643, 347.5522631393689], [174.89196276461246, 335.2365689138147], [181.0280805062536, 371.4477368606311], [124.10803723538753, 383.7634310861853]], "'애", 0.03198035484374645), ([[259.91611386505843, 504.37350743565776], [339.5456521427701, 492.08374584622885], [345.08388613494157, 542.6264925643422], [265.4543478572299, 555.9162541537711]], '44', 0.014616023323345991), ([[127.90384039740479, 563.1326882781833], [205.07371649346535, 532.0563637442331], [222.0961596025952, 575.8673117218167], [145.92628350653465, 607.9436362557669]], "'씨,끝0", 0.0033450672597198482), ([[147.34478822279527, 756.3585340901495], [221.46648982749667, 750.0041422205322], [223.65521177720473, 785.6414659098505], [148.53351017250333, 791.9958577794678]], '-네4끗)', 0.016481487183958678), ([[57.344788222795266, 760.3585340901495], [130.4762589255216, 754.0212064577801], [131.65521177720473, 789.6414659098505], [58.523741074478416, 794.9787935422199]], '5-4?', 0.010464603081345558), ([[360.4345458491434, 796.2078196418304], [436.7204289485125, 791.2962788250132], [438.5654541508566, 844.7921803581696], [362.2795710514875, 849.7037211749868]], '예시', 0.01541277398254812), ([[181.34478822279527, 854.3585340901495], [254.49916542434167, 849.062000688057], [255.65521177720473, 883.6414659098505], [182.50083457565833, 888.937999311943]], '5네4구', 0.006060359533876181), ([[135.35289989173407, 930.0526893395779], [217.99370256859385, 966.7756346871577], [202.64710010826593, 998.9473106604221], [121.00629743140614, 962.2243653128423]], '5니디4', 0.01326736994087696), ([[91.10517502059216, 992.1365600658949], [156.95918177149642, 1005.506803038084], [150.89482497940784, 1029.8634399341051], [85.04081822850357, 1017.493196961916]], '5니)', 0.0022119272842524196), ([[2.0794468010065605, 1028.695336161208], [78.58580264547331, 1015.4789396203098], [82.92055319899345, 1045.304663838792], [5.414197354526692, 1058.5210603796902]], '5니애:', 0.0002398724464001134)]
[([[336, 160], [368, 160], [368, 192], [336, 192]], '앗', 0.7504556327563137), ([[678, 268], [718, 268], [718, 294], [678, 294]], '아맛', 0.39555880715704267), ([[687, 407], [709, 407], [709, 425], [687, 425]], '아:', 0.7065522941486536), ([[668, 426], [720, 426], [720, 450], [668, 450]], '아앗!', 0.7214582829571777), ([[531, 609], [619, 609], [619, 645], [531, 645]], '미안해', 0.9992238262052415), ([[480, 662], [512, 662], [512, 686], [480, 686]], '혼자', 0.9981819322204152), ([[533, 653], [633, 653], [633, 689], [533, 689]], '정말로]!', 0.4464890973416599), ([[78, 676], [142, 676], [142, 702], [78, 702]], '괜찮아?', 0.8772873282432556), ([[463, 684], [528, 684], [528, 714], [463, 714]], '(끝내버럿어', 0.25657512258353626), ([[433, 719], [463, 719], [463, 735], [433, 735]], '너가', 0.9997180492268316), ([[254, 740], [318, 740], [318, 766], [254, 766]], '하루카; .', 0.6283814538522583), ([[433, 743], [491, 743], [491, 759], [433, 759]], '하기  전네', 0.39855124343073306), ([[425, 799], [481, 799], [481, 813], [425, 813]], '9, "4거', 0.015407858360990881), ([[682, 860], [756, 860], [756, 886], [682, 886]], '네 얼굴올', 0.5121736285446148), ([[682, 888], [754, 888], [754, 912], [682, 912]], '보면 너무', 0.9748990662363184), ([[588, 918], [638, 918], [638, 944], [588, 944]], '정말로', 0.8325179815292358), ([[682, 914], [754, 914], [754, 940], [682, 940]], '흥분되서_', 0.9825376328017356), ([[586, 946], [650, 946], [650, 970], [586, 970]], '미안해_', 0.998589038848877), ([[581.439262401342, 301.9271148816105], [665.9140765334898, 265.25989818492747], [677.560737598658, 296.0728851183895], [593.0859234665102, 333.74010181507253]], '"가구무8-.', 0.00037351991174720356), ([[334.95144619575154, 307.036880054477], [426.0320249792785, 287.0431816818624], [434.04855380424846, 327.963119945523], [342.9679750207215, 347.9568183181376]], '5137', 0.21889128797974902), ([[367.21114561800016, 518.1055728090001], [405.2664755805145, 498.45208540159337], [412.78885438199984, 514.8944271909999], [375.7335244194855, 534.5479145984067]], "'버입0-8 .", 0.0009272533832642171)]
[([[307, 0], [343, 0], [343, 33], [307, 33]], '0', 0.9998482523316774), ([[565, 319], [615, 319], [615, 359], [565, 359]], '훔!', 0.08945583522962272), ([[652, 588], [730, 588], [730, 616], [652, 616]], '하루카?!', 0.649060632203059), ([[441, 647], [465, 647], [465, 667], [441, 667]], '혀', 0.39212497246456124), ([[544, 654], [576, 654], [576, 678], [544, 678]], '흐음', 0.904775176386367), ([[411, 683], [431, 683], [431, 705], [411, 705]], '억', 0.623435803699536), ([[256, 846], [290, 846], [290, 872], [256, 872]], '문질', 0.9993286667241078), ([[258, 996], [326, 996], [326, 1020], [258, 1020]], '너 다시', 0.9990749327102832), ([[234, 1026], [354, 1026], [354, 1052], [234, 1052]], '딱딱해   젓구나:', 0.36021156136939897), ([[599, 1057], [623, 1057], [623, 1077], [599, 1077]], '흐음', 0.8089202660191211), ([[285.00019994001997, 28.100979706097966], [317.5645484402214, 9.031973726051406], [360.99980005998003, 86.89902029390204], [328.4354515597786, 106.9680262739486]], '용', 0.19253255227346244), ([[61.7990780016776, 127.15889360201312], [146.9677107259195, 80.97598545638036], [167.2009219983224, 122.84110639798688], [82.03228927408051, 169.02401454361964]], '세시4', 0.005077650978454499), ([[499.72753350360176, 480.16462731368676], [532.5521576303743, 454.03058132663193], [586.2724664963982, 527.8353726863132], [553.4478423696257, 553.9694186733681]], '쇼', 0.0341827865491775)]
[([[331, 79], [396, 79], [396, 107], [331, 107]], '나 짧게', 0.35872206463383344), ([[332, 108], [398, 108], [398, 134], [332, 134]], '끝나는거', 0.837698757648468), ([[332, 138], [380, 138], [380, 162], [332, 162]], '싫어_', 0.799414336681366), ([[466, 142], [534, 142], [534, 168], [466, 168]], '이번에는', 0.9299604892730713), ([[432, 236], [488, 236], [488, 264], [432, 264]], '천천히', 0.9999067420092292), ([[74, 430], [152, 430], [152, 456], [74, 456]], '그러나 년', 0.9963298212748534), ([[60, 460], [154, 460], [154, 484], [60, 484]], '[알고   %없어', 0.47575888948752765), ([[74, 486], [136, 486], [136, 512], [74, 512]], '그렇지?', 0.8964928388595581), ([[71, 611], [139, 611], [139, 701], [71, 701]], '새', 0.11091955156781186), ([[513, 907], [661, 907], [661, 943], [513, 943]], '우리   천천히', 0.8560440055733128), ([[516, 952], [638, 952], [638, 984], [516, 984]], '해서 다시', 0.9996270492342042), ([[646, 956], [672, 956], [672, 980], [646, 980]], '또', 0.9991410431811723), ([[372, 992], [436, 992], [436, 1018], [372, 1018]], '너   정말', 0.749527662152518), ([[513, 995], [633, 995], [633, 1033], [513, 1033]], '다시   계속', 0.9451355733162308), ([[366, 1020], [442, 1020], [442, 1044], [366, 1044]], '나 제대로', 0.9975572682325686), ([[366, 1048], [448, 1048], [448, 1072], [366, 1072]], '이해한 거', 0.9989400527040987), ([[577, 1038], [640, 1038], [640, 1074], [577, 1074]], '하자', 0.9996813846939314), ([[509, 1073], [537, 1073], [537, 1089], [509, 1089]], '3곤', 0.007034496619810619), ([[368, 1076], [422, 1076], [422, 1100], [368, 1100]], '맞아??', 0.9804994565065057), ([[535, 1075], [621, 1075], [621, 1119], [535, 1119]], '영5 !', 0.10019008278185136), ([[90.04996825095951, 699.0647682320044], [142.28613686261204, 682.1191677850255], [171.95003174904048, 785.9352317679956], [119.71386313738795, 802.8808322149745]], '유', 0.9503583195108014)]
[([[562, 86], [618, 86], [618, 110], [562, 110]], '아용이는', 0.29460030794143677), ([[436, 114], [490, 114], [490, 138], [436, 138]], '그것이', 0.9986017342171599), ([[563, 113], [625, 113], [625, 133], [563, 133]], '하루카야)', 0.4801476669317158), ([[414, 140], [518, 140], [518, 166], [414, 166]], '검은 고양이익', 0.644991377073686), ([[430, 170], [502, 170], [502, 196], [430, 196]], '변덕일지', 0.9833510518074036), ([[438, 198], [492, 198], [492, 222], [438, 222]], '올라도_', 0.51948082447052), ([[703, 245], [733, 245], [733, 265], [703, 265]], '개능', 0.16369049266815913), ([[678, 264], [722, 264], [722, 290], [678, 290]], '마코토', 0.8349373649321244), ([[689, 297], [719, 297], [719, 317], [689, 317]], '이고', 0.9998793778504272), ([[612, 546], [722, 546], [722, 570], [612, 570]], '이제 우리에게', 0.9974673733438274), ([[606, 574], [724, 574], [724, 600], [606, 600]], '있어 이 관계름', 0.728334579946932), ([[156, 586], [210, 586], [210, 612], [156, 612]], '하루카', 0.9426048191770855), ([[80, 600], [140, 600], [140, 626], [80, 626]], '괜찮아;', 0.8838872909545898), ([[628, 602], [698, 602], [698, 628], [628, 628]], '끊는 것은', 0.6415445788292119), ([[80, 628], [132, 628], [132, 654], [80, 654]], '하루카', 0.9366698797496765), ([[620, 628], [704, 628], [704, 654], [620, 654]], '불가능하다', 0.998615208604588), ([[142, 730], [200, 730], [200, 756], [142, 756]], '그 선올', 0.4715556818908466), ([[146, 758], [206, 758], [206, 784], [146, 784]], '넘고 난', 0.8124551779661785), ([[474, 764], [516, 764], [516, 790], [474, 790]], '44', 0.2734324059731481), ([[678, 768], [728, 768], [728, 800], [678, 800]], '세걸', 0.002352841828718339), ([[142, 786], [208, 786], [208, 812], [142, 812]], '후 부터_', 0.9823250420585867), ([[552, 960], [608, 960], [608, 986], [552, 986]], '이렇게', 0.5821848573572156), ([[544, 988], [614, 988], [614, 1012], [544, 1012]], '달아하게', 0.30640918016433716), ([[552, 1016], [606, 1016], [606, 1040], [552, 1040]], '변하고', 0.9991823976699881)]
[([[546, 178], [606, 178], [606, 204], [546, 204]], '우린 이', 0.5655622940187528), ([[546, 206], [612, 206], [612, 232], [546, 232]], '따뜻함올', 0.8341028690338135), ([[548, 234], [602, 234], [602, 260], [548, 260]], '잊올 수', 0.4791344022257645), ([[532, 262], [626, 262], [626, 288], [532, 288]], '없을 것이다:', 0.5564017839004757), ([[230, 376], [318, 376], [318, 402], [230, 402]], '우리가 잊고', 0.5187331187663626), ([[221, 402], [324, 402], [324, 430], [221, 430]], '싶어하더라도', 0.9906120894531832), ([[278, 740], [312, 740], [312, 768], [278, 768]], '기분', 0.9936107164048567), ([[270, 770], [314, 770], [314, 796], [270, 796]], '좋아_', 0.9972718427067555), ([[213, 881], [257, 881], [257, 901], [213, 901]], '마코토', 0.8385335796878225), ([[244.3358994113243, 435.5038491169865], [303.66248823040524, 430.6175541880588], [304.6641005886757, 455.4961508830135], [246.33751176959478, 460.3824458119412]], '말이다:', 0.9339784383773804)]
[([[566, 76], [678, 76], [678, 102], [566, 102]], '이 판은 정말로', 0.6414177823658059), ([[574, 103], [676, 103], [676, 131], [574, 131]], '독자흘 상대로', 0.3069510174048875), ([[566, 132], [698, 132], [698, 158], [566, 158]], '우리의   열정올 잘', 0.3900801440907675), ([[564, 160], [694, 160], [694, 186], [564, 186]], '보여주는 것 같아', 0.5671140172217227), ([[106, 186], [186, 186], [186, 212], [106, 212]], '""그러튼지', 0.4858934609530008), ([[568, 188], [692, 188], [692, 214], [568, 214]], '안 그래 하루카기', 0.8496426972465975), ([[106, 214], [158, 214], [158, 240], [106, 240]], '말듣지', 0.901838484875547), ([[557, 363], [739, 363], [739, 383], [557, 383]], '다코장 뛰타는건지 모르제습니다만?', 0.13032669812390002), ([[65, 623], [347, 623], [347, 643], [65, 643]], '5-: 씨버 51:-7 6--, -1,판정) 10 5)네)담', 3.805586024977175e-05), ([[692, 612], [773, 612], [773, 655], [692, 655]], '5구', 0.32034759629755216), ([[65, 639], [369, 639], [369, 659], [65, 659]], '시4서톤르; 05 ?4~.5 5-구 까서톤 91-:거 1-위어-7', 2.767004254721837e-06), ([[458, 610], [697, 610], [697, 679], [458, 679]], '채번여?버어묘', 0.007785009298042599), ([[67, 657], [335, 657], [335, 677], [67, 677]], '어감볍이6 497꾸6 1 내47손) 10 [:4>', 0.00015771778150459884), ([[65, 673], [329, 673], [329, 693], [65, 693]], "(7어47 13 10 344,[-유시)  (17'3 4 ?-틈시", 0.002286980779468785), ([[67, 689], [351, 689], [351, 709], [67, 709]], '6어어* 67) 4튼: 음,4::이6 나? 까서드 묘네아-', 1.0166786598821686e-06), ([[614, 665], [797, 665], [797, 740], [614, 740]], "'조공되나다", 0.017685270206878604), ([[67, 707], [313, 707], [313, 727], [67, 727]], '4) 374:76 의,4,6,1 맵-4씨톤', 9.01936164968464e-05), ([[497, 681], [631, 681], [631, 743], [497, 743]], ')번역', 0.15056639340814004), ([[65, 723], [261, 723], [261, 743], [65, 743]], '(0시6설: "까거 7베5 40 개서47,', 3.622261314749493e-05), ([[65, 757], [351, 757], [351, 777], [65, 777]], "-0 68 서4꾸구% 15 낙04 <어4신) 7꾸사 '43 15", 0.00034928862247514435), ([[65, 773], [169, 773], [169, 793], [65, 793]], '묘:손포1- 드&시포-', 1.530055435233788e-05), ([[654, 740], [788, 740], [788, 816], [654, 816]], '대:0', 0.005380478030678551), ([[64, 804], [340, 804], [340, 828], [64, 828]], "꼴4_) 이모4,6 | '어나:-설내, '어4 0어시-", 3.066609943445714e-06), ([[67, 823], [245, 823], [245, 843], [67, 843]], '&맵4내! 6.7엄 | 까4톤 6시0', 9.896636371449847e-06), ([[253, 823], [311, 823], [311, 843], [253, 843]], '64853 ', 0.11269217577760622), ([[67, 907], [99, 907], [99, 927], [67, 927]], '0어', 0.017514852267127217), ([[503.1474774367167, 747.1438555949868], [666.4099224641674, 728.5532987693639], [671.8525225632833, 834.8561444050132], [508.59007753583256, 853.4467012306361]], '출', 0.028491597595015072)]
[([[478, 769], [720, 769], [720, 841], [478, 841]], '<리명,;~@', 0.00015146355178165702), ([[546, 848], [606, 848], [606, 872], [546, 872]], '부: #규', 0.024597400209452877), ([[618, 848], [714, 848], [714, 872], [618, 872]], '2013. 08. 10', 0.44888597724580176), ([[548, 868], [606, 868], [606, 892], [548, 892]], '쭉-#5', 0.07829053699970245), ([[616, 868], [714, 868], [714, 894], [616, 894]], '2013: 08: 25', 0.7780548220859207), ([[548, 888], [608, 888], [608, 912], [548, 912]], "'#=#도", 0.1036096373079635), ([[618, 888], [714, 888], [714, 912], [618, 912]], '2013: 09: 05', 0.8814401490769472), ([[594, 916], [694, 916], [694, 940], [594, 940]], '변음소/다 -', 0.10857547454880441), ([[546, 938], [676, 938], [676, 962], [546, 962]], "0'응/+5신3무조하+", 1.8646045517921776e-05), ([[681, 943], [713, 943], [713, 961], [681, 961]], '(어값', 0.0006974057962355876), ([[590, 966], [714, 966], [714, 990], [590, 990]], '"*시거:1394483', 0.009938952798773566), ([[532, 994], [574, 994], [574, 1020], [532, 1020]], '너진차]', 0.0006450769142247736), ([[584, 994], [714, 994], [714, 1020], [584, 1020]], "'+)봄1: -구#", 0.014081262190559324), ([[481, 1019], [691, 1019], [691, 1037], [481, 1037]], '"?숫*하40317\'?<하 7다', 0.00877324069016258), ([[507, 1059], [559, 1059], [559, 1077], [507, 1077]], '#표#표', 0.07733500748872757), ([[569, 1061], [595, 1061], [595, 1077], [569, 1077]], '#셈', 0.1390452148727032), ([[603, 1061], [631, 1061], [631, 1077], [603, 1077]], '#포', 0.16044886708681333), ([[639, 1061], [701, 1061], [701, 1077], [639, 1077]], '+-44크', 0.09080729636568445)]
[([[360.16369481165555, 862.0194384505949], [789.9552887969751, 970.7320866680951], [745.8363051883445, 1112.9805615494051], [315.0447112030249, 1004.2679133319049]], '뻗.오 ;-.', 8.611566154954225e-05), ([[343.2572186472918, 991.1430466182295], [389.97818035576364, 1001.7053773938225], [385.7427813527082, 1019.8569533817705], [339.02181964423636, 1009.2946226061775]], '1고 ! ,', 0.010060052120549395), ([[386.5032492994646, 995.0626722679119], [475.9995171414705, 1014.9560545683194], [470.4967507005354, 1037.937327732088], [381.0004828585295, 1017.0439454316806]], ':``춥항', 0.000807574921092156), ([[344.5751407113379, 1004.0456472721544], [477.98609963065076, 1036.7646104141452], [473.4248592886621, 1053.9543527278456], [339.01390036934924, 1021.2353895858549]], "{ - ]고  커날'", 4.3890582691943756e-05), ([[473.4929798734366, 1037.1380657848422], [501.9720822085733, 1042.7653594668961], [499.5070201265634, 1055.8619342151578], [471.0279177914267, 1050.2346405331039]], '교]', 0.0033655106806843448), ([[497.47000105999683, 1043.1520016959948], [534.9985422732775, 1050.946024741985], [533.5299989400032, 1060.8479983040052], [496.0014577267225, 1053.053975258015]], '<', 0.003949649370684816)]
