766863
18
[([[281, 423], [367, 423], [367, 459], [281, 459]], '다랑어', 0.9615778900664314), ([[238, 450], [414, 450], [414, 624], [238, 624]], '유', 0.08558583238686879), ([[566, 902], [676, 902], [676, 952], [566, 952]], '처-세8', 0.007750069722533226), ([[565, 947], [683, 947], [683, 989], [565, 989]], '[)-하팬}', 0.0190114701242367)]
[]
[([[441, 179], [471, 179], [471, 199], [441, 199]], '종은', 0.40763834944621924), ([[435, 201], [481, 201], [481, 219], [435, 219]], '목욕이', 0.9980012307267859), ([[432, 220], [480, 220], [480, 244], [432, 244]], '옆어~', 0.4065512003126355), ([[570, 534], [652, 534], [652, 558], [570, 558]], '오늘 하루도', 0.9907908082789789), ([[581, 554], [646, 554], [646, 580], [581, 580]], '수고하섯', 0.567864179611206), ([[578, 578], [644, 578], [644, 602], [578, 602]], '습니다~', 0.9049389958381653), ([[188, 792], [216, 792], [216, 818], [188, 818]], '닦', 0.03642218855556245), ([[190.57055828923495, 97.0184761551253], [230.73414362067504, 91.0541903449261], [250.42944171076505, 222.9815238448747], [210.26585637932496, 228.9458096550739]], '#', 0.9987252247518121)]
[([[242, 170], [292, 170], [292, 198], [242, 198]], '검온~', 0.3643519613230694), ([[602, 554], [658, 554], [658, 578], [602, 578]], '내 침대', 0.997273291036973), ([[615, 575], [647, 575], [647, 595], [615, 595]], '위에', 0.9753855600476241), ([[598, 594], [664, 594], [664, 618], [598, 618]], '다랑어가', 0.9730755090713501), ([[615, 617], [647, 617], [647, 631], [615, 631]], '자고', 0.9999933408044295), ([[594, 632], [668, 632], [668, 656], [594, 656]], '있는거지?', 0.43023338201155636), ([[327, 781], [371, 781], [371, 797], [327, 797]], '게다가', 0.9999634537407877), ([[333, 799], [367, 799], [367, 819], [333, 819]], '발하', 0.9865422155476877), ([[333, 819], [365, 819], [365, 839], [333, 839]], '잇고', 0.42350287860720887)]
[([[247, 131], [281, 131], [281, 151], [247, 151]], '스필', 0.5466713793924753), ([[53, 149], [95, 149], [95, 167], [53, 167]], '요정도', 0.9995604243789508), ([[233, 151], [295, 151], [295, 171], [233, 171]], '카드까진', 0.939545750617981), ([[345, 145], [379, 145], [379, 163], [345, 163]], '와라', 0.9985986521680446), ([[59, 167], [91, 167], [91, 187], [59, 187]], '필요', 0.9998880598055085), ([[232, 168], [294, 168], [294, 192], [232, 192]], '필요없어', 0.9994857907295227), ([[331, 165], [395, 165], [395, 185], [331, 185]], '이새끼야', 0.9987261295318604), ([[53, 187], [85, 187], [85, 207], [53, 207]], '없어', 0.9999887046632835), ([[330, 184], [398, 184], [398, 208], [330, 208]], '물고기가', 0.9999343156814575), ([[331, 201], [394, 201], [394, 229], [331, 229]], '무섭나?', 0.9986645353522123), ([[186, 406], [278, 406], [278, 446], [186, 446]], '지" !', 0.1981441252195547), ([[574, 648], [660, 648], [660, 672], [574, 672]], '너같은 새진', 0.40683855155587256), ([[194, 662], [262, 662], [262, 686], [194, 686]], '새까 회름', 0.8202492635799393), ([[591, 669], [641, 669], [641, 687], [591, 687]], '하나도', 0.9999971781544015), ([[195, 683], [261, 683], [261, 703], [195, 703]], '떠주마! !', 0.996067324844058), ([[576, 688], [658, 688], [658, 712], [576, 712]], '안무섭다! !', 0.9521011806495024)]
[([[178, 80], [236, 80], [236, 104], [178, 104]], '무르군!', 0.7340064356693897), ([[69, 449], [133, 449], [133, 467], [69, 467]], '그러니까', 0.9999556541442871), ([[69, 469], [131, 469], [131, 489], [69, 489]], '무르다고', 0.9999857544898987), ([[68, 488], [130, 488], [130, 512], [68, 512]], '햇잖아?', 0.43386903405189514)]
[([[53, 201], [97, 201], [97, 219], [53, 219]], '뭐하는', 0.8600632056111469), ([[58, 218], [94, 218], [94, 242], [58, 242]], '거양', 0.3577621051984325), ([[584, 500], [650, 500], [650, 524], [584, 524]], '조~은일', 0.9996342716823237), ([[582, 520], [650, 520], [650, 544], [582, 544]], '하느거야', 0.9799433820316357), ([[56, 808], [108, 808], [108, 832], [56, 832]], '변태 ! !', 0.6405323827397267)]
[([[270, 396], [296, 396], [296, 444], [270, 444]], '호', 0.22881756642448536), ([[190.15028142267582, 118.0912945443088], [250.88057000058132, 136.02985749985467], [238.84971857732418, 171.9087054556912], [179.11942999941868, 153.97014250014533]], '*앞?', 0.005978965524987106), ([[376.4202018956436, 369.0280795251289], [459.7811074577796, 440.3941368172834], [423.5797981043564, 483.9719204748711], [340.2188925422204, 413.6058631827166]], '사규', 0.0931331640139239)]
[([[472, 370], [502, 370], [502, 396], [472, 396]], ' ', 0.16163513497669957), ([[600, 806], [634, 806], [634, 830], [600, 830]], '838', 0.25655196360839233), ([[180, 826], [214, 826], [214, 850], [180, 850]], '양대', 0.5933699139744856), ([[568, 816], [604, 816], [604, 842], [568, 842]], '8요', 0.20475443139286947)]
[([[64, 212], [144, 212], [144, 238], [64, 238]], '다랑어한테', 0.6719556549327514), ([[78, 232], [128, 232], [128, 256], [78, 256]], '당해서', 0.9999285594568981), ([[62, 252], [130, 252], [130, 276], [62, 276]], '가버럿어.', 0.5335575301537878), ([[596, 566], [676, 566], [676, 590], [596, 590]], '가고있는중', 0.6477110342915728), ([[598, 584], [680, 584], [680, 608], [598, 608]], '미안하지만', 0.9999085160883205), ([[612, 602], [665, 602], [665, 628], [612, 628]], '씩스는', 0.36717057670469755), ([[598, 624], [680, 624], [680, 648], [598, 648]], '지금부터다', 0.9434075087254524), ([[671, 983], [705, 983], [705, 1003], [671, 1003]], '(10)', 0.9997097253799438), ([[600.5329616629347, 58.01364443618297], [661.6096376310924, 51.16360626968174], [681.4670383370653, 244.98635556381703], [620.3903623689076, 251.83639373031826]], '평', 0.0022854245317995847), ([[268.4354515597786, 124.0319737260514], [305.30707737864157, 120.17386814040029], [314.5645484402214, 221.9680262739486], [276.69292262135843, 225.8261318595997]], '%', 0.0425132857953161)]
[([[533, 207], [553, 207], [553, 229], [533, 229]], '0', 0.08540733198703165), ([[51.6340091285948, 295.00957435616056], [106.0422184024785, 304.6956437924542], [70.3659908714052, 499.99042564383944], [16.957781597521507, 489.3043562075458]], '기', 0.018959863664591348), ([[304.88425182523287, 867.0781879591533], [361.6379617782631, 840.025477771711], [411.11574817476713, 953.9218120408467], [354.3620382217369, 980.974522228289]], '#', 0.11424202534193739), ([[35.43345781904963, 882.0539806590581], [61.4364819714845, 874.0319225939054], [80.56654218095038, 939.9460193409419], [54.5635180285155, 947.9680774060946]], '호', 0.011428438144502062), ([[155.36836596710398, 927.1681566420991], [203.632930407985, 888.0250768593893], [277.631634032896, 990.8318433579009], [230.367069592015, 1029.9749231406106]], '줄', 0.2255053911221161)]
[([[73, 113], [91, 113], [91, 139], [73, 139]], '중', 0.04623850312483335), ([[353, 143], [421, 143], [421, 163], [353, 163]], '어이 이쪽', 0.9990176456985579), ([[365, 161], [413, 161], [413, 181], [365, 181]], '보라고', 0.939828995258814), ([[341, 449], [357, 449], [357, 473], [341, 473]], '군', 0.16996250619264774), ([[353, 465], [375, 465], [375, 483], [353, 483]], '사,', 0.016918320729713388), ([[393, 579], [417, 579], [417, 599], [393, 599]], '박', 0.002345314026429582), ([[90, 720], [140, 720], [140, 744], [90, 744]], '좋다고', 0.9933060113368907), ([[241, 659], [331, 659], [331, 761], [241, 761]], '331', 0.04779431784989205), ([[357, 649], [421, 649], [421, 783], [357, 783]], '뭐', 0.01071595971533501), ([[81, 807], [115, 807], [115, 825], [81, 825]], '업청난', 0.16262053747617172), ([[75, 829], [121, 829], [121, 843], [75, 843]], '소녁이다!', 0.1817000881993064), ([[281, 983], [313, 983], [313, 1003], [281, 1003]], '(12)', 0.9999986290931702), ([[659.5571443132419, 229.03286689872093], [687.5366563145999, 224.0483902697003], [700.4428556867581, 301.9671331012791], [672.4633436854001, 306.9516097302997]], '기', 0.024114370937235785), ([[630.3630702447015, 294.0510355171494], [664.746162468035, 286.07021100168265], [682.6369297552985, 363.9489644828506], [648.253837531965, 372.92978899831735]], '꿀', 0.10494504591659481), ([[95.43114544423203, 548.0270271644363], [179.6492779311265, 623.9786987218905], [143.56885455576798, 664.9729728355637], [59.350722068873495, 589.0213012781095]], '(뚜교', 0.02072486375924412), ([[458.4088311299229, 897.029194412221], [534.7298415322952, 968.2198550579277], [496.5911688700771, 1009.970805587779], [420.27015846770485, 939.7801449420723]], '후자시', 0.006219254027609501)]
[([[320, 306], [370, 306], [370, 378], [320, 378]], '벼', 0.04897873811634512), ([[560, 406], [586, 406], [586, 434], [560, 434]], '손', 0.2561639366322197), ([[54, 490], [126, 490], [126, 716], [54, 716]], '#', 0.22145421447322988), ([[467, 839], [509, 839], [509, 877], [467, 877]], '게', 0.03223555631439812), ([[468.16756942214056, 30.08757628406066], [523.7947331922021, 45.73508893593265], [512.8324305778594, 84.91242371593934], [456.20526680779795, 68.26491106406735]], '술7', 0.028824470757552505), ([[259.82766145104114, 594.0491712673897], [423.598316796374, 621.8940673195489], [399.17233854895886, 740.9508287326103], [235.40168320362605, 713.1059326804511]], '-', 0.029852755787661778)]
[([[531, 65], [573, 65], [573, 111], [531, 111]], '[훨0', 0.003119670862121476), ([[228, 850], [344, 850], [344, 874], [228, 874]], '그력저력 중앉어', 0.35816929027066247), ([[226, 868], [348, 868], [348, 894], [226, 894]], '나중에 또 해출게', 0.8398878481666773)]
[([[59, 457], [117, 457], [117, 495], [59, 495]], '썩올', 0.7307924992850666), ([[51, 489], [125, 489], [125, 525], [51, 525]], '생선%', 0.11403116569537892), ([[406, 982], [444, 982], [444, 1006], [406, 1006]], '(15)', 0.9999873042106628), ([[224.07351789077583, 92.10877514125853], [288.70586630848925, 102.49449181217625], [281.92648210922414, 141.89122485874148], [217.29413369151075, 131.50550818782375]], '모  ', 0.04485196670234787)]
[([[346, 129], [709, 129], [709, 191], [346, 191]], "'웬스트바티칸 식자말", 0.8415500053170987), ([[377, 184], [677, 184], [677, 244], [377, 244]], '이 놀라운 작품이', 0.9954534536978292), ([[377, 231], [678, 231], [678, 291], [377, 291]], '세계 각국 언어로', 0.7809149764074317), ([[356, 286], [714, 286], [714, 342], [356, 342]], '번역되고 있다는점에', 0.7207047819592255), ([[401, 331], [655, 331], [655, 392], [401, 392]], '우리논 주목할', 0.3665086924021708), ([[383, 380], [674, 380], [674, 444], [383, 444]], '필요가 있습니다', 0.9084169562474661), ([[406, 637], [666, 637], [666, 692], [406, 692]], '굳비 역자의 말', 0.4569298949254306), ([[378, 688], [696, 688], [696, 742], [378, 742]], "'제 첫 번역입니다!", 0.5373731294048343), ([[367, 737], [716, 737], [716, 793], [367, 793]], '다랑어량 하는 , 아니', 0.5874444707348244), ([[372, 783], [713, 783], [713, 843], [372, 843]], '물고기량 하는 작품', 0.4503598170339761), ([[358, 836], [724, 836], [724, 890], [358, 890]], '보는것도 처음이네요.', 0.942316760728934), ([[394, 888], [680, 888], [680, 942], [394, 942]], '저 건대붙없어요', 0.8722688691295514), ([[438, 936], [646, 936], [646, 990], [438, 990]], '여러분 헤행', 0.6748587309607575), ([[105.29683744606537, 361.0622896979661], [179.9988107625722, 391.9024680301812], [165.70316255393462, 424.9377103020339], [90.0011892374278, 394.0975319698188]], '1:톤', 0.031434796937892764)]
[([[161, 61], [539, 61], [539, 175], [161, 175]], '8 { 선  :', 0.014982135752031708), ([[87, 202], [266, 202], [266, 251], [87, 251]], '스사*2""', 0.01036023061315637), ([[96, 240], [236, 240], [236, 284], [96, 284]], '소녀{(+"', 0.014213066687929023), ([[108, 269], [257, 269], [257, 325], [108, 325]], '156+ 소', 0.004897531394271089), ([[79, 557], [311, 557], [311, 599], [79, 599]], '-꾸라-히| 7게마:도', 0.0006476372445845039), ([[76, 612], [316, 612], [316, 638], [76, 638]], '갖교73"\'지 손###(<< ##', 0.0019486394341482248), ([[78, 642], [364, 642], [364, 670], [78, 670]], "7미') 7 )1# (<기08갇02)", 0.01634742036589408), ([[76, 724], [132, 724], [132, 750], [76, 750]], '##품', 0.060160205147542535), ([[90, 676], [300, 676], [300, 700], [90, 700]], '훌*(~://9어;79-9어어검!;명/퍽어9/', 1.8570845171953934e-05), ([[128, 724], [282, 724], [282, 748], [128, 748]], '<주출문0 < < #소', 0.028682053922435533), ([[550, 542], [626, 542], [626, 809], [550, 809]], '축', 0.04193113687001593), ([[76, 754], [222, 754], [222, 780], [76, 780]], '규3+청* ("1마)', 0.0009404674937732206), ([[76, 788], [288, 788], [288, 812], [76, 812]], '"++오 / -우9하마기 이버어9[(2표)값', 4.598114933090456e-07), ([[78, 842], [190, 842], [190, 874], [78, 874]], '훌미어 >어0!', 0.0006657143994348115)]
[([[296, 821], [584, 821], [584, 870], [296, 870]], '트 명*맑;애후+ 웬애5.,+도', 1.5384324551700253e-05), ([[297, 863], [675, 863], [675, 907], [297, 907]], '7어나^어산 ?웬어;.-+ 5떨,6어아5', 2.350138474572786e-06), ([[294, 918], [525, 918], [525, 967], [294, 967]], '5아< ^어나+ -,', 0.0008128321902686622)]
