774752
101
[([[455, 17], [936, 17], [936, 107], [455, 107]], '셋} 어 @) 업름 뇌)', 0.018130454150447416), ([[5, 9], [45, 9], [45, 179], [5, 179]], '"', 0.12344349936420063), ([[2, 175], [55, 175], [55, 400], [2, 400]], '{', 0.5135069333032902), ([[3, 412], [43, 412], [43, 499], [3, 499]], '해', 0.16173232106781654), ([[923, 255], [984, 255], [984, 672], [923, 672]], "'", 0.9824121576421021), ([[844, 590], [908, 590], [908, 622], [844, 622]], '개드램', 0.435310851957817), ([[3, 630], [514, 630], [514, 720], [3, 720]], '모든의}움변])  ~] 애찌리)', 0.00058414290900595), ([[725, 695], [837, 695], [837, 737], [725, 737]], '역식자', 0.7493837023456397), ([[853, 699], [919, 699], [919, 737], [853, 737]], '끊인', 0.9707800407125565)]
[([[18, 844], [382, 844], [382, 894], [18, 894]], '인잡8 오빠 색스 해본적 잇어?', 0.2147300231490897), ([[18, 888], [398, 888], [398, 942], [18, 942]], '23 용 인으니까 해불까 하는데?', 0.027465662432090376), ([[18, 930], [570, 930], [570, 986], [18, 986]], '03 가승 8디까 기분중원거야_분명 기분때움 걸?', 0.01407790247089507)]
[([[14, 852], [322, 852], [322, 900], [14, 900]], '예 남매사이라고? 괜찮아;', 0.7684813565044714), ([[14, 896], [372, 896], [372, 946], [14, 946]], '웬따 이어저잇지   양은 겉;', 0.059516245116170194), ([[13, 936], [202, 936], [202, 989], [13, 989]], '떠니$ 아자?', 0.014405534505210645)]
[([[513, 25], [733, 25], [733, 69], [513, 69]], '오빠 언제든 좋아 )', 0.5043920118060811)]
[([[455, 21], [739, 21], [739, 65], [455, 65]], '아, 오빠의 자지가 마오의', 0.8635807812294826), ([[453, 65], [671, 65], [671, 109], [453, 109]], '안에 들어와버력어', 0.2354908716108709), ([[439, 785], [501, 785], [501, 883], [439, 883]], '속육', 0.08675867071609293)]
[([[438, 20], [732, 20], [732, 68], [438, 68]], '아양; 오빠의 자지 배안에', 0.7812772116195498), ([[435, 65], [699, 65], [699, 109], [435, 109]], "'가득차게 돼서 이상해", 0.38091130917696514), ([[441, 819], [507, 819], [507, 903], [441, 903]], '주옷', 0.4518232821952168), ([[271.6954548742861, 884.1731830348587], [303.6279009320807, 863.0395826365625], [345.3045451257139, 930.8268169651413], [314.3720990679193, 951.9604173634375]], '%', 0.4756941577225007)]
[([[143, 679], [181, 679], [181, 733], [143, 733]], '질', 0.4796492019391394), ([[568, 652], [650, 652], [650, 724], [568, 724]], '움질', 0.8685971746981961), ([[450, 848], [502, 848], [502, 896], [450, 896]], '푸옷', 0.2895846083236324), ([[293, 897], [343, 897], [343, 941], [293, 941]], '푸웃', 0.11161576630848387), ([[471.2747574101838, 73.03767113776456], [557.997300944569, 128.80563052931754], [522.7252425898162, 182.96232886223544], [436.002699055431, 126.19436947068247]], '아아;', 0.49285398821869764), ([[554.1537115632518, 118.0448886945671], [637.9284852929829, 164.9327039028677], [601.8462884367482, 227.9551113054329], [518.0715147070171, 181.0672960971323]], "물가'", 0.112799377284441), ([[639.336336351604, 169.03153169184233], [722.8758222536757, 237.6873430242983], [682.663663648396, 287.96846830815764], [599.1241777463243, 219.3126569757017]], "'와앗!", 0.15935812890529633), ([[118.29683744606537, 661.0622896979661], [150.54752578798517, 666.9161529934917], [139.70316255393462, 724.9377103020339], [107.45247421201483, 719.0838470065083]], '움', 0.9574097766856084)]
[([[487, 15], [659, 15], [659, 57], [487, 57]], '자지가 안에서', 0.9918627875523095), ([[484, 56], [708, 56], [708, 104], [484, 104]], '꿈지꿈틀 움직이니까', 0.14129784980722543), ([[488, 96], [710, 96], [710, 149], [488, 149]], '점점 기분증계 되서', 0.6603925786096421), ([[487, 145], [683, 145], [683, 189], [487, 189]], '머리가 새하양게', 0.7262358792936715), ([[487, 189], [617, 189], [617, 233], [487, 233]], '되버럿어;', 0.21916388968952968), ([[486, 230], [674, 230], [674, 280], [486, 280]], '씩스는-굉장하네,', 0.30862579496197473), ([[682, 238], [732, 238], [732, 270], [682, 270]], '오빠', 0.9988906223869066)]
[([[456, 18], [700, 18], [700, 66], [456, 66]], '근데 오빠꺼 귀진채로', 0.6287575508709551), ([[459, 65], [559, 65], [559, 105], [459, 105]], '그대로야', 0.9998435378074646), ([[561, 89], [603, 89], [603, 105], [561, 105]], "'' .", 0.5387682387733231), ([[461, 109], [595, 109], [595, 151], [461, 151]], '더-할꺼야?', 0.9850453449535059), ([[460, 150], [718, 150], [718, 198], [460, 198]], '에 , 굳듬없이 넣논거야?', 0.10210440317794268), ([[458, 192], [732, 192], [732, 242], [458, 242]], '하나밖에 준비하지  양은', 0.33074426556062536), ([[458, 236], [620, 236], [620, 284], [458, 284]], '내-잘못이라고', 0.9935085565085514)]
[([[433, 21], [515, 21], [515, 63], [433, 63]], '으와아', 0.9331722521573864), ([[563, 23], [677, 23], [677, 63], [563, 63]], '생자지가,', 0.7802546269918205), ([[432, 62], [706, 62], [706, 110], [432, 110]], "'이제 막 가버린 참인데", 0.5611921842655512), ([[433, 109], [593, 109], [593, 153], [433, 153]], '하앗-안대앗!', 0.17929470906436326), ([[453, 867], [491, 867], [491, 921], [453, 921]], '#', 0.6030961780040265), ([[297, 903], [335, 903], [335, 957], [297, 957]], '#', 0.2011207132997308), ([[566.4665241723584, 717.0203579216895], [618.7461181424617, 738.8546756586396], [555.5334758276416, 887.9796420783105], [502.25388185753826, 865.1453243413604]], '푹', 0.8484578596028349), ([[185.79473893598745, 784.0810681263071], [238.57574138899008, 743.0184343317546], [331.2052610640126, 875.9189318736929], [278.4242586110099, 916.9815656682454]], '푹', 0.9716664380947329)]
[([[467, 39], [669, 39], [669, 81], [467, 81]], '안에, 안에 오빠의', 0.5883197409547379), ([[463, 81], [688, 81], [688, 125], [463, 125]], '뜨거운게 나오고있어', 0.9427365912241341), ([[460, 124], [620, 124], [620, 172], [460, 172]], '"후와아아아아', 0.5120282524788635), ([[255, 669], [317, 669], [317, 757], [255, 757]], '유옷', 0.09357618925355841), ([[563, 753], [623, 753], [623, 839], [563, 839]], '푸웃', 0.015556348296043262), ([[221, 831], [283, 831], [283, 917], [221, 917]], '푸웃', 0.016691964166048453), ([[429.5533722192733, 744.025012751532], [458.32413378303505, 727.0131544686689], [521.4466277807268, 840.974987248468], [492.67586621696495, 857.9868455313311]], '$', 0.07527877411888895)]
[([[492, 26], [607, 26], [607, 71], [492, 71]], "'하아하아", 0.3502798624021158), ([[495, 73], [637, 73], [637, 117], [495, 117]], '또 가버)다', 0.28207273540712136), ([[494, 114], [656, 114], [656, 162], [494, 162]], '색스 좋아하게', 0.5809528755752996), ([[495, 161], [679, 161], [679, 205], [495, 205]], '티버질 것 (같아', 0.1865396515385725), ([[466.203970247832, 814.0397024783201], [582.9886031545105, 867.5731280757132], [552.796029752168, 929.9602975216799], [436.01139684548946, 875.4268719242868]], '끈저어', 0.34624493588935684)]
[([[464, 20], [712, 20], [712, 68], [464, 68]], '그 후로; 오빠량  열번즘', 0.16789647508349828), ([[465, 65], [693, 65], [693, 109], [465, 109]], '색스한 탓에, 다음날', 0.4624983216782116), ([[464, 108], [650, 108], [650, 156], [464, 156]], '몸이 움직여지질', 0.5103792056504038), ([[464, 151], [604, 151], [604, 199], [464, 199]], '압앗습니다;', 0.2858771166800899)]
[([[8, 12], [204, 12], [204, 67], [8, 67]], '친료문움대방에', 0.02783960180506627), ([[7, 55], [200, 55], [200, 112], [7, 112]], '불런움대 무심코', 0.03526168294400116), ([[8, 104], [200, 104], [200, 152], [8, 152]], '오마와 예스햇던', 0.27626129876552), ([[8, 144], [230, 144], [230, 196], [8, 196]], '이야기림 해버려서', 0.460155843338623), ([[10, 192], [148, 192], [148, 240], [10, 240]], '모두와 안게', 0.15158644611469865), ([[11, 231], [174, 231], [174, 287], [11, 287]], '태버려습니다;', 0.3428016448191803)]
[([[8, 14], [218, 14], [218, 70], [8, 70]], '@동인 언선의까', 0.0357771992652507), ([[10, 60], [230, 60], [230, 112], [10, 112]], '갈패늄 ;에 싸도록', 0.04297877507384059), ([[5, 103], [140, 103], [140, 155], [5, 155]], '해안지하고', 0.5813707493148547), ([[8, 150], [198, 150], [198, 200], [8, 200]], '생핸진만 모두', 0.3578711451325938), ([[6, 190], [272, 190], [272, 245], [6, 245]], "'처음민주제에 잘해서", 0.1596815347556591), ([[228, 288], [254, 288], [254, 342], [228, 342]], '응', 0.9824804531831575)]
[([[10, 20], [158, 20], [158, 72], [10, 72]], '가버현운면', 0.14750520587879612), ([[10, 65], [179, 65], [179, 115], [10, 115]], '내빛현번려서', 0.021434709066841362), ([[8, 108], [200, 108], [200, 160], [8, 160]], '마음 @지 안에', 0.06597208381937832), ([[8, 152], [172, 152], [172, 204], [8, 204]], '다버현습니다;', 0.043486856290242), ([[623, 263], [689, 263], [689, 325], [623, 325]], '푸옷', 0.4184661294003241), ([[108, 358], [188, 358], [188, 438], [108, 438]], '주옷', 0.3204747636039814), ([[333, 861], [423, 861], [423, 963], [333, 963]], '푸수', 0.3782701699804565)]
[([[6, 8], [304, 8], [304, 60], [6, 60]], "정연인 마음대로' 안쪽까지", 0.3013673867640946), ([[6, 52], [220, 52], [220, 104], [6, 104]], '음 국령버려서', 0.05978946248830076), ([[4, 96], [232, 96], [232, 146], [4, 146]], "오늘위 안전한 날이'", 0.11852442928043126), ([[4, 139], [218, 139], [218, 189], [4, 189]], '아니요면 분명히', 0.37924136330942615), ([[6, 186], [144, 186], [144, 236], [6, 236]], '생겨운야', 0.3028295934200287), ([[7, 229], [260, 229], [260, 281], [7, 281]], '생기단면 마오 오빠닥 ', 0.225782827459314), ([[4, 272], [220, 272], [220, 324], [4, 324]], '안이현움 중계네 }', 0.11849557927783402), ([[148, 762], [202, 762], [202, 836], [148, 836]], "'부옷", 0.5482521481296657), ([[218, 737], [269, 737], [269, 866], [218, 866]], '올', 0.013666626612867994), ([[358, 846], [384, 846], [384, 888], [358, 888]], '표', 0.17069303132572955), ([[336, 872], [360, 872], [360, 916], [336, 916]], '옷', 0.7966476155252735)]
[([[6, 10], [208, 10], [208, 64], [6, 64]], '안전8 달인다까', 0.03229111509833054), ([[8, 56], [200, 56], [200, 106], [8, 106]], '맨잡다고 핸더니', 0.11810135738025004), ([[4, 98], [206, 98], [206, 148], [4, 148]], '2공예세 정액이', 0.04851918408853855), ([[6, 142], [196, 142], [196, 192], [6, 192]], '넘칠대까지 푹푹', 0.12530809585139774), ([[6, 185], [266, 185], [266, 235], [6, 235]], "'질대사정 당해버력어", 0.5023705312419884)]
[([[520, 12], [730, 12], [730, 62], [520, 62]], '굉장히   기분좋아서', 0.7108704391457571), ([[577, 59], [733, 59], [733, 103], [577, 103]], '모두의  자지름', 0.6813310862776403), ([[508, 100], [744, 100], [744, 152], [508, 152]], '입으 청소해끗지만', 0.33132872753645104), ([[401, 479], [463, 479], [463, 557], [401, 557]], '주륙', 0.04451784865949654)]
[([[580, 10], [732, 10], [732, 58], [580, 58]], '모두들 단숨에', 0.6126786772904879), ([[597, 59], [729, 59], [729, 101], [597, 101]], '건강해저서', 0.9334586845327034), ([[581, 103], [729, 103], [729, 145], [581, 145]], '또 3시간정도', 0.9781154896131528), ([[582, 144], [742, 144], [742, 192], [582, 192]], '예스해버로어,', 0.3094440894649242), ([[425, 508], [511, 508], [511, 583], [425, 583]], '푹옷', 0.05714913886490681), ([[14, 846], [113, 846], [113, 894], [14, 894]], '9결로되', 0.23009492456912994), ([[14, 888], [206, 888], [206, 942], [14, 942]], '만족화진  못해서', 0.40935623592154297), ([[14, 932], [240, 932], [240, 985], [14, 985]], '오량 해버력지만', 0.3177192991473166)]
[([[668, 10], [988, 10], [988, 64], [668, 64]], '오빠다 친구들이량 햇볕일음', 0.2768096593054347), ([[668, 56], [986, 56], [986, 106], [668, 106]], "'학교의 모두예계 들켜버려서", 0.20586780151275802), ([[668, 100], [942, 100], [942, 152], [668, 152]], '양화실예서 반신국밟', 0.017667626613054075), ([[666, 144], [898, 144], [898, 196], [666, 196]], '예스하게-대비회없', 0.015250804599445413)]
[([[684, 20], [948, 20], [948, 74], [684, 74]], '천음엔 억지로없으니까', 0.408245972194536), ([[682, 64], [890, 64], [890, 117], [682, 117]], "'굉장히 싫엇지만", 0.30547358900684146)]
[([[685, 23], [887, 23], [887, 74], [685, 74]], '질내사정 당하니', 0.9624560949604988), ([[684, 67], [964, 67], [964, 120], [684, 120]], '어리가 새하얘전버터서', 0.1469468218299047), ([[686, 112], [962, 112], [962, 164], [686, 164]], '앞하는 순7 가쎄령에)', 0.04972402963373227), ([[729.1821112670282, 433.04794576973984], [818.9841975334592, 478.5299097814018], [790.8178887329718, 531.9520542302602], [701.0158024665408, 486.4700902185982]], '#주루니', 0.01004257332533598)]
[([[548, 12], [982, 12], [982, 66], [548, 66]], '그 후로 머리가 끈적곤적해 질 때 까지', 0.24988226965568494), ([[552, 58], [924, 58], [924, 112], [552, 112]], '씩스한 탓에 온몸이 미끈미곤하게', 0.1483044641715183), ([[552, 104], [784, 104], [784, 154], [552, 154]], '대버려서 돌안걀 때', 0.3633495484199466), ([[550, 142], [912, 142], [912, 199], [550, 199]], '어떡하지하고 생각햇하 오0)', 0.11477322764887395), ([[759, 471], [847, 471], [847, 537], [759, 537]], '우옷', 0.889879456689493), ([[185, 547], [259, 547], [259, 583], [185, 583]], '핏', 0.07379523718678005)]
[([[533, 13], [881, 13], [881, 73], [533, 73]], '8다음지완동9 선매에계도', 0.011830875489742376), ([[531, 59], [816, 59], [816, 111], [531, 111]], "어'3 당하게 되버려서", 0.2431927213110364), ([[532, 104], [938, 104], [938, 154], [532, 154]], '위험하날이라고 여러번 둘러대터니', 0.4604316822793278), ([[534, 150], [992, 150], [992, 202], [534, 202]], '영덩하는 괜찮다고 억지로 낭어전어666', 0.016726340844037093), ([[532, 190], [814, 190], [814, 242], [532, 242]], '오빠림위해 남겨듭건되', 0.04173318560616826)]
[([[533, 12], [965, 12], [965, 72], [533, 72]], "영'인3 @남 굉장히 기분나빠는데", 0.03048143944287819), ([[534, 60], [950, 60], [950, 114], [534, 114]], "류원지온무까 '매일매일 내 엉덩이름", 0.08264075623382718), ([[536, 104], [920, 104], [920, 156], [536, 156]], '오나른처럼 쓰니까 엉덩이마으로5', 0.1540385505898872), ([[536, 150], [764, 150], [764, 198], [536, 198]], '7버리게 대버력어', 0.17355262063105287)]
[([[494, 8], [738, 8], [738, 62], [494, 62]], '어느날 셈스하고 있문', 0.10225857364609106), ([[516, 52], [742, 52], [742, 106], [516, 106]], '사진이다 동영상움', 0.14922374948740716), ([[542, 96], [740, 96], [740, 150], [542, 150]], '무려지 입연', 0.03375894140652075), ([[594, 140], [738, 140], [738, 188], [594, 188]], '오라고해세', 0.7152505617244421), ([[510, 180], [734, 180], [734, 235], [510, 235]], '어지3 음려관 국에', 0.014253247234223079), ([[520, 228], [750, 228], [750, 280], [520, 280]], '단교파방밟 인없어;', 0.018597770493480943)]
[([[470, 14], [726, 14], [726, 70], [470, 70]], '남잔는 잔뜩 잇/지만', 0.11187585968223974), ([[462, 56], [724, 56], [724, 112], [462, 112]], '여자가 언어세 업지로', 0.3097448814160385), ([[436, 102], [736, 102], [736, 156], [436, 156]], '참가하게 된것 갑9 606', 0.051409484941215305)]
[([[486, 11], [732, 11], [732, 64], [486, 64]], '평범하게 씩스한다면', 0.49474855888783453), ([[548, 56], [734, 56], [734, 108], [548, 108]], '몸인 부족하니짜', 0.2635327771490308), ([[514, 100], [732, 100], [732, 152], [514, 152]], '손과 입으3 아자고', 0.14537149848138634), ([[508, 144], [734, 144], [734, 194], [508, 194]], '생각핸노데 자지마', 0.20940025339959958), ([[538, 186], [689, 186], [689, 238], [538, 238]], '더유만안세', 0.1057622158063409), ([[682, 210], [732, 210], [732, 234], [682, 234]], '69 ', 0.20679885809976112)]
[([[522, 20], [736, 20], [736, 74], [522, 74]], '실 틈이 엉갈정도3', 0.19374780852848472), ([[454, 63], [737, 63], [737, 118], [454, 118]], '자진깐 넘보닮 입안인', 0.017407273359536974), ([[465, 104], [734, 104], [734, 161], [465, 161]], '(정산로 집최질최해진고', 0.16253855517862426), ([[506, 151], [735, 151], [735, 206], [506, 206]], '전신에 사정당해서', 0.5372234426844547)]
[([[482, 14], [730, 14], [730, 68], [482, 68]], '정액득성이간 티어세', 0.18062093864165488), ([[576, 58], [728, 58], [728, 110], [576, 110]], '미곤미곤화고', 0.38916354975887524), ([[570, 104], [730, 104], [730, 154], [570, 154]], '끊적공적하데', 0.016993100529757835), ([[596, 148], [732, 148], [732, 198], [596, 198]], '태버명하 .', 0.11056154613366433)]
[([[6, 14], [344, 14], [344, 66], [6, 66]], '온몸이 미프미곤하게 태으니까', 0.21606200921291502), ([[4, 55], [274, 55], [274, 110], [4, 110]], '@편-3 들어가기 전에', 0.0790126034069612), ([[6, 100], [178, 100], [178, 154], [6, 154]], '사위름햇터니', 0.15086983865345935), ([[6, 146], [258, 146], [258, 200], [6, 200]], '모뒤 완전히 부할햇어', 0.158646605778854)]
[([[5, 13], [458, 13], [458, 67], [5, 67]], '한사람씩 상대하면 시간이 업는 관계로', 0.7210738472272422), ([[5, 53], [259, 53], [259, 113], [5, 113]], '사용합순 인긍 구멍은', 0.06232072309044399), ([[8, 102], [324, 102], [324, 156], [8, 156]], '전부 잔지까 넘어저번령없', 0.225600061652959), ([[6, 144], [294, 144], [294, 198], [6, 198]], '모문 자제 굉장히 현니까', 0.28704675004418684), ([[8, 190], [282, 190], [282, 244], [8, 244]], "'만오의 안몸표 듭어찬고", 0.02361327441852213), ([[7, 231], [284, 231], [284, 288], [7, 288]], '빵방해전세 괴로원지만', 0.5918832716387142)]
[([[7, 13], [364, 13], [364, 69], [7, 69]], '몇번이나 질내사 정당하는 동안', 0.41024696327112775), ([[4, 56], [292, 56], [292, 110], [4, 110]], '머릿속인 새하양계 되서', 0.17037200914771067), ([[4, 100], [440, 100], [440, 156], [4, 156]], '무임색 중예 스스로 허리 흔들언번령에}', 0.05569457668053329), ([[6, 188], [288, 188], [288, 242], [6, 242]], '[보지량 엉덩인에 통신에', 0.24005631675548722), ([[4, 229], [259, 229], [259, 289], [4, 289]], '사정당하노게 이언', 0.16175276320356163), ([[8, 275], [234, 275], [234, 329], [8, 329]], '기분증음출움 @랑없', 0.0894095177305347)]
[([[313, 447], [425, 447], [425, 487], [313, 487]], '할 수 잇꼼파?', 0.08805609338429397), ([[303, 477], [443, 477], [443, 517], [303, 517]], '1001대 마음대로 사정', 0.22744391733771926), ([[615, 511], [727, 511], [727, 555], [615, 555]], '매일매일', 0.9998075366020203), ([[590, 552], [728, 552], [728, 602], [590, 602]], '현박당해서', 0.644884572488082), ([[554, 594], [734, 594], [734, 646], [554, 646]], '예스하게 태어,', 0.05373084397550295), ([[554, 637], [730, 637], [730, 689], [554, 689]], '생다고 엔터니', 0.03980369712605077), ([[594, 682], [734, 682], [734, 732], [594, 732]], '이장한공예', 0.21242218079294026), ([[519, 724], [688, 724], [688, 781], [519, 781]], '면편약베령이', 0.0034623379590356176), ([[678, 748], [732, 748], [732, 774], [678, 774]], '000', 0.9663311507287701), ([[468, 812], [734, 812], [734, 866], [468, 866]], '짓금부터 이영예인늄', 0.028018510726751985), ([[572, 858], [734, 858], [734, 908], [572, 908]], '(00명 요주와', 0.1965628391884575), ([[528, 900], [734, 900], [734, 954], [528, 954]], '씩스함 수 인단편', 0.05288527631529737), ([[538, 946], [734, 946], [734, 994], [538, 994]], '용서해줍다3 6형9', 0.03109533993082837), ([[279.07899166023174, 417.14487414671834], [351.9369412592128, 427.388137237664], [347.92100833976826, 453.85512585328166], [274.0630587407872, 443.611862762336]], "'질내사 정", 0.39443699762942847), ([[354.07899166023174, 425.14487414671834], [407.8905537288898, 435.1970684086417], [401.92100833976826, 461.85512585328166], [348.1094462711102, 451.8029315913583]], '100명', 0.8347283005714417)]
[([[313, 447], [425, 447], [425, 487], [313, 487]], '할 수 잇흘파?', 0.06561073555563961), ([[303, 477], [443, 477], [443, 517], [303, 517]], '1001대 마음대로 사정', 0.17595537835519046), ([[568, 550], [730, 550], [730, 600], [568, 600]], '이언제 덜 줄', 0.04072422933684796), ([[542, 592], [728, 592], [728, 644], [542, 644]], '양안오현 흥미로', 0.14868273278636746), ([[516, 636], [732, 636], [732, 688], [516, 688]], '오마다 예스하는게', 0.0937007062736971), ([[566, 682], [732, 682], [732, 732], [566, 732]], '%니처어66', 0.0018259768243236993), ([[554, 768], [734, 768], [734, 822], [554, 822]], '오래국 @극과', 0.014417225363917931), ([[486, 810], [731, 810], [731, 864], [486, 864]], '세스하는거 @하다', 0.06567957215203479), ([[478, 856], [732, 856], [732, 906], [478, 906]], '가볍제 가버련어66풍', 0.01043495001170244), ([[444, 896], [734, 896], [734, 952], [444, 952]], "'후회되굉장히 하39", 0.21375146581595958), ([[502, 942], [689, 942], [689, 996], [502, 996]], "'문치] 무서운되5_", 0.05061894433266267), ([[678, 964], [730, 964], [730, 990], [678, 990]], '000', 0.9967928014284766), ([[279.07899166023174, 417.14487414671834], [352.93860475590293, 427.39617710495145], [347.92100833976826, 453.85512585328166], [274.06139524409707, 443.60382289504855]], "'질내사 정", 0.5931042263086868), ([[354.07899166023174, 425.14487414671834], [407.8905537288898, 435.1970684086417], [401.92100833976826, 461.85512585328166], [348.1094462711102, 451.8029315913583]], '100명', 0.8549510836601257)]
[([[18, 16], [302, 16], [302, 72], [18, 72]], '모두 순서 갈은바 무세한고', 0.10087886668049685), ([[18, 62], [426, 62], [426, 116], [18, 116]], '지체없이 내 몸-3 때고 간작핸없', 0.07110310192030826), ([[18, 106], [376, 106], [376, 160], [18, 160]], '이현계 여러명예젠요간당하고', 0.02898250924806729), ([[18, 150], [298, 150], [298, 202], [18, 202]], '인뚱데도 자지 넣어진편', 0.14681556484623787), ([[14, 193], [346, 193], [346, 245], [14, 245]], '@버려서 금방 가버려600', 0.17613175203804032)]
[([[19, 13], [393, 13], [393, 75], [19, 75]], '안에 넣기까지롭 삼요순 언언제', 0.07412651956143997), ([[20, 64], [344, 64], [344, 116], [20, 116]], '제명인가 내 몸예사정해세', 0.1512388945322749), ([[18, 106], [208, 106], [208, 158], [18, 158]], '@명 뽑아내는계', 0.21528227032097297), ([[18, 151], [170, 151], [170, 201], [18, 201]], '데어려워어', 0.9513568251239738)]
[([[18, 18], [300, 18], [300, 70], [18, 70]], '래도 몇번이다 가편세', 0.19154460977802595), ([[18, 61], [324, 61], [324, 114], [18, 114]], '요주의 자지 사정세키경세', 0.1304016430826), ([[16, 105], [432, 105], [432, 160], [16, 160]], '떼어 백명째가 똑다과 생깥핸문데', 0.014245509503077968), ([[20, 194], [266, 194], [266, 244], [20, 244]], '전원인 만족할때까진', 0.28533771191412355), ([[20, 238], [332, 238], [332, 288], [20, 288]], '안런데606 그런건 무리야', 0.21241471298092773)]
[([[20, 16], [324, 16], [324, 72], [20, 72]], '정액이 흘러다3틈3 연인', 0.11382267492517147), ([[18, 64], [254, 64], [254, 114], [18, 114]], '자지름 넣어진 맛에', 0.27669508891652644), ([[20, 108], [300, 108], [300, 158], [20, 158]], '성자로 뱃속이 빵방하께_', 0.10459038032091915), ([[294, 130], [344, 130], [344, 154], [294, 154]], '000', 0.9902402014626935), ([[18, 152], [268, 152], [268, 202], [18, 202]], '@사인  질척 질척해센', 0.09773703326568792), ([[17, 188], [403, 188], [403, 249], [17, 249]], '죄정당장이라고 새나름 간업데', 0.02063322178223911), ([[18, 280], [274, 280], [274, 336], [18, 336]], '자고고 {멍음 막아세', 0.0794823041555718), ([[16, 325], [188, 325], [188, 379], [16, 379]], '방장히 괴로위', 0.12114094015620668), ([[16, 367], [349, 367], [349, 421], [16, 421]], '화진만 이걸로 마지마이라고', 0.17458149177434287), ([[20, 413], [215, 413], [215, 464], [20, 464]], '생하고 참앗어', 0.15381394697437203)]
[([[16, 18], [308, 18], [308, 72], [16, 72]], '만지막 한발이 다안원때', 0.045014339624339664), ([[18, 62], [298, 62], [298, 112], [18, 112]], '더 이상 참울 주어어세', 0.3755529241079868), ([[16, 104], [400, 104], [400, 158], [16, 158]], '따음껏  정액과 오중움워어버)없', 0.01981749166641356), ([[18, 196], [292, 196], [292, 244], [18, 244]], '이집로 억지로 씩스하지', 0.13476412397565043), ([[18, 238], [320, 238], [320, 288], [18, 288]], '8안3 되논건지 , 오빠 000', 0.30098568994760067), ([[133, 653], [213, 653], [213, 691], [133, 691]], '쉬이-', 0.8117765252657387), ([[283, 815], [325, 815], [325, 857], [283, 857]], '-', 0.4520828017866876), ([[280.9370368086799, 834.051479129403], [395.8872380925948, 862.1789500209661], [370.0629631913201, 958.948520870597], [255.1127619074052, 930.8210499790339]], '넷', 0.01858717138647137)]
[([[6, 7], [246, 7], [246, 61], [6, 61]], '마지마 한 사람인줄', 0.6229667678542458), ([[10, 52], [146, 52], [146, 106], [10, 106]], '알안없논데', 0.13558216856907124), ([[10, 96], [258, 96], [258, 150], [10, 150]], '명명이 회복해버려서', 0.34583268838887765), ([[8, 140], [164, 140], [164, 192], [8, 192]], '묘애 사람과', 0.46122425103316667), ([[8, 184], [146, 184], [146, 238], [8, 238]], '예스해터니', 0.5091259932952187), ([[6, 226], [188, 226], [188, 278], [6, 278]], '질다리사람인', 0.15315077164262467), ([[8, 270], [260, 270], [260, 324], [8, 324]], '외복하늘 걸 반복해선', 0.058490809545815356), ([[10, 313], [257, 313], [257, 368], [10, 368]], '결코백명 @안내기튼', 0.046738663462039705), ([[3, 356], [185, 356], [185, 417], [3, 417]], '두워어 |빠 ', 0.04531380676637238), ([[176, 382], [228, 382], [228, 406], [176, 406]], '006', 0.2587419356559872), ([[8, 446], [272, 446], [272, 500], [8, 500]], '대부터논 위용가치가;', 0.07605844199377955), ([[8, 492], [200, 492], [200, 540], [8, 540]], '떨어질 때 까지', 0.6013374890289077), ([[8, 534], [284, 534], [284, 586], [8, 586]], '여세 문두위 운변 ', 0.08664718635621341), ([[6, 576], [210, 576], [210, 629], [6, 629]], '테어야 안즐6형0', 0.03710509154962425), ([[6, 622], [204, 622], [204, 672], [6, 672]], '미안해오때 000', 0.23307370784909184), ([[8, 664], [208, 664], [208, 716], [8, 716]], '아마 통아가서3', 0.27602302792868433), ([[8, 707], [198, 707], [198, 760], [8, 760]], '명변양 식스로움', 0.04589274194280367), ([[8, 752], [260, 752], [260, 806], [8, 806]], '만족화지 용화 켓지만?', 0.1312384013669201)]
[([[9, 911], [178, 911], [178, 995], [9, 995]], '[', 0.4045675460062945)]
[([[4, 13], [372, 13], [372, 66], [4, 66]], '마지막엔 기없이 날아가버려서', 0.6443805634029955), ([[8, 58], [380, 58], [380, 110], [8, 110]], '정신인 둘보니 질내산정당햇확', 0.1302341499166483), ([[8, 104], [318, 104], [318, 156], [8, 156]], '정액인 자지로 회전어저세', 0.5788592323817964), ([[6, 146], [244, 146], [244, 200], [6, 200]], '거품이 일고 잇없없', 0.10537459843097664), ([[6, 232], [318, 232], [318, 288], [6, 288]], '이제블45묘 현박당해서', 0.024285632948983737), ([[6, 277], [205, 277], [205, 331], [6, 331]], '씩스하게 되젠지_', 0.19113731287924404), ([[200, 300], [250, 300], [250, 324], [200, 324]], '000', 0.4377435581243463), ([[4, 322], [158, 322], [158, 370], [4, 370]], '미안해 오빠', 0.9821666760487967), ([[6, 364], [250, 364], [250, 418], [6, 418]], '이제 돌요길 수 업예', 0.35809577618598054)]
[([[18, 846], [382, 846], [382, 894], [18, 894]], '인잡8 오빠 씩스 해본적 잇어?', 0.14932571010808113), ([[18, 888], [398, 888], [398, 942], [18, 942]], '23 용 인으니까 해불까 하는데?', 0.015682786410676233), ([[16, 930], [570, 930], [570, 986], [16, 986]], '03 가승 8니까 기분중올거 야_분명 피분되움 겉?', 0.003604931130806075)]
[([[14, 852], [322, 852], [322, 900], [14, 900]], '예 남매사이라고? 괜찮아;', 0.6753510666002056), ([[14, 896], [372, 896], [372, 946], [14, 946]], '웬따 이어저잇지   압은 겉;', 0.07515262289799916), ([[13, 937], [201, 937], [201, 989], [13, 989]], '떠내 아자?', 0.20814354240588892)]
[([[513, 25], [735, 25], [735, 69], [513, 69]], '오빠, 언제든 좋아 }', 0.4572084936434695)]
[([[455, 21], [739, 21], [739, 65], [455, 65]], '아, 오빠의 자지가 마오의', 0.8635807812294826), ([[453, 65], [671, 65], [671, 109], [453, 109]], '안에 들어와버력어', 0.22983098322626347), ([[421.79040365394314, 799.1053008274758], [465.639516134592, 773.0292741329474], [518.2095963460569, 869.8946991725242], [474.360483865408, 895.9707258670526]], '유', 0.6698588965371108)]
[([[436, 20], [732, 20], [732, 68], [436, 68]], '아양; 오빠의 자지 배안에', 0.5138186747081169), ([[435, 65], [699, 65], [699, 109], [435, 109]], "'가득차게 태서 이상해", 0.36963937622799775), ([[440, 818], [514, 818], [514, 908], [440, 908]], '주유', 0.31701212275400104), ([[280, 870], [334, 870], [334, 944], [280, 944]], '주옷', 0.3725686121802658)]
[([[568, 652], [652, 652], [652, 724], [568, 724]], '움질', 0.630308814521817), ([[452, 848], [504, 848], [504, 900], [452, 900]], '푸옷', 0.38267751764357966), ([[292, 896], [344, 896], [344, 944], [292, 944]], '#옷', 0.039624365374813626), ([[471.2672065083737, 73.03846182955016], [557.9951138638144, 128.738500416306], [523.7327934916264, 181.96153817044984], [437.00488613618563, 125.26149958369399]], '아아', 0.9972192731599816), ([[554.1537115632518, 118.0448886945671], [638.929823205461, 164.94269023927185], [602.8462884367482, 227.9551113054329], [518.070176794539, 181.05730976072815]], "'1가'", 0.0834035684166826), ([[637.3235688782509, 170.03275944598371], [722.9097383442331, 236.87950189012437], [684.6764311217491, 286.9672405540163], [598.0902616557669, 221.12049810987563]], "'와앗!", 0.1796373575925827), ([[122.00772212328633, 651.0617769862906], [198.57208150542832, 681.4186085776948], [171.99227787671367, 746.9382230137094], [95.42791849457168, 716.5813914223052]], '움질', 0.8332038070003767)]
[([[487, 15], [659, 15], [659, 57], [487, 57]], '자지가 안에서', 0.9902337192248312), ([[484, 56], [708, 56], [708, 104], [484, 104]], '꿈플꿈틀 움직이니까', 0.1532750135837463), ([[488, 98], [710, 98], [710, 148], [488, 148]], '점점 기분증게 되서', 0.7490262073587577), ([[484, 142], [684, 142], [684, 190], [484, 190]], '머리가 새하양게', 0.8304551141219654), ([[487, 189], [617, 189], [617, 233], [487, 233]], '되버럿어;', 0.2037035683957428), ([[486, 230], [674, 230], [674, 280], [486, 280]], '씩스는-굉장하네,', 0.25487407344102847), ([[682, 238], [732, 238], [732, 270], [682, 270]], '오빠', 0.999450196493271)]
[([[456, 18], [700, 18], [700, 66], [456, 66]], '근데 오빠꺼 귀진채로', 0.6287575508709551), ([[459, 65], [559, 65], [559, 105], [459, 105]], '그대로야', 0.9998646974563599), ([[561, 89], [601, 89], [601, 105], [561, 105]], "'' .", 0.4348105623351922), ([[461, 109], [595, 109], [595, 151], [461, 151]], '더-할꺼야?', 0.9863653213334888), ([[460, 150], [718, 150], [718, 198], [460, 198]], '에, 굳돌없이 넣느거야?', 0.11915925095460687), ([[458, 194], [732, 194], [732, 242], [458, 242]], '하나밖에 준비하지  양은', 0.4131477248018663), ([[459, 228], [623, 228], [623, 288], [459, 288]], '내-잘못이라고', 0.9965795544875186)]
[([[433, 21], [515, 21], [515, 63], [433, 63]], '으와아', 0.9331722521573864), ([[561, 21], [673, 21], [673, 63], [561, 63]], '생자지가', 0.9983280301094055), ([[432, 62], [706, 62], [706, 110], [432, 110]], "'이제 막 가버린 참인데", 0.6097404527070207), ([[433, 109], [593, 109], [593, 153], [433, 153]], '하앗-안대앗!', 0.2272565494617732), ([[453, 867], [493, 867], [493, 921], [453, 921]], '#', 0.6627698206004062), ([[295, 901], [337, 901], [337, 957], [295, 957]], '7', 0.12337241215620054), ([[563.5040613041526, 713.0153869968569], [622.506083455352, 737.1962904119263], [559.4959386958474, 889.9846130031431], [500.493916544648, 865.8037095880737]], '푹', 0.8763846613239004), ([[181.69545487428613, 783.0854570445746], [238.60862570450558, 739.0185384461084], [335.3045451257139, 878.9145429554254], [278.3913742954944, 922.9814615538916]], '푹', 0.8606441791037014)]
[([[467, 39], [669, 39], [669, 81], [467, 81]], '안에, 안에 오빠의', 0.8409310834369965), ([[463, 81], [688, 81], [688, 126], [463, 126]], '뜨거운게 나오고있어', 0.9431905870155438), ([[460, 124], [620, 124], [620, 172], [460, 172]], '"후와아아아아', 0.4666308040976628), ([[255, 669], [317, 669], [317, 757], [255, 757]], '유옷', 0.09621050823310369), ([[563, 755], [627, 755], [627, 841], [563, 841]], '묶옷', 0.03425276992845128), ([[221, 831], [283, 831], [283, 919], [221, 919]], '묶웃', 0.01697987276858469), ([[428.5630697925246, 743.0239351119737], [458.3189808891316, 726.0127388858555], [523.4369302074754, 841.9760648880263], [492.6810191108684, 858.9872611141445]], '$', 0.11420371049056044)]
[([[492, 26], [607, 26], [607, 71], [492, 71]], '하아하아', 0.9992232322692871), ([[495, 73], [637, 73], [637, 117], [495, 117]], '또 가버)다', 0.3045633812524285), ([[494, 114], [656, 114], [656, 162], [494, 162]], '색스 좋아하게', 0.5488667420066218), ([[492, 157], [680, 157], [680, 206], [492, 206]], '되버질 것 (같아', 0.2925065240509924), ([[465.1702161049534, 808.0383339334965], [586.9849151371025, 866.4791353543709], [553.8297838950466, 933.9616660665035], [431.0150848628975, 875.5208646456291]], '관저억', 0.12437690151368525)]
[([[464, 20], [712, 20], [712, 68], [464, 68]], '그 후로; 오빠량  열번즘', 0.16789647508349828), ([[467, 65], [693, 65], [693, 109], [467, 109]], '색스한 탓에; 다음날', 0.5828908001515614), ([[464, 108], [650, 108], [650, 156], [464, 156]], '몸이 움직여지질', 0.5624796812553793), ([[464, 152], [604, 152], [604, 200], [464, 200]], '압앗습니다;', 0.3710527209627229)]
[([[8, 12], [204, 12], [204, 67], [8, 67]], '친료문움대방에', 0.02783960180506627), ([[7, 55], [200, 55], [200, 112], [7, 112]], '불런움대 무심코', 0.03526168294400116), ([[8, 102], [200, 102], [200, 152], [8, 152]], '오빠와 예스햇년', 0.15925335504479957), ([[8, 144], [230, 144], [230, 196], [8, 196]], '이야기림 해버려서', 0.2263803478019488), ([[10, 190], [149, 190], [149, 240], [10, 240]], '모두와 아게', 0.1708196194000614), ([[11, 231], [176, 231], [176, 286], [11, 286]], '태버려숨니다', 0.47187123808063297)]
[([[8, 14], [218, 14], [218, 70], [8, 70]], '@동인 언선의까', 0.0357771992652507), ([[10, 60], [230, 60], [230, 112], [10, 112]], '갈패늄 ;에 싸도록', 0.04297877507384059), ([[6, 104], [140, 104], [140, 152], [6, 152]], '해야지하고', 0.7399898454836659), ([[8, 150], [198, 150], [198, 200], [8, 200]], '생핸진만 모두', 0.4101085002338798), ([[6, 192], [270, 192], [270, 244], [6, 244]], '처음왼숙제에   잘해서', 0.16455735947546465), ([[228, 288], [254, 288], [254, 342], [228, 342]], '응', 0.9776463267371582)]
[([[10, 20], [158, 20], [158, 72], [10, 72]], '가버현운면', 0.1053613954831741), ([[10, 66], [180, 66], [180, 116], [10, 116]], '규빛현번려서', 0.010291727959338052), ([[8, 108], [200, 108], [200, 160], [8, 160]], '마음껏 @지 안에', 0.08755770872234785), ([[8, 152], [172, 152], [172, 204], [8, 204]], '다버현습니다;', 0.033705253819157045), ([[623, 263], [689, 263], [689, 327], [623, 327]], '푸옷', 0.26329444396605045), ([[108, 356], [188, 356], [188, 436], [108, 436]], '주유', 0.15528906744389295), ([[332, 860], [428, 860], [428, 966], [332, 966]], '푸숲', 0.06819990415440656)]
[([[6, 8], [304, 8], [304, 60], [6, 60]], "정연인 마음대로' 안쪽까지", 0.2838371545902502), ([[6, 52], [220, 52], [220, 104], [6, 104]], '음 국령버려서', 0.03554601870025914), ([[4, 96], [232, 96], [232, 146], [4, 146]], "오늘해 안전한 날이'", 0.13592980333680657), ([[4, 139], [220, 139], [220, 189], [4, 189]], '아니요면 분명히', 0.2485293056288215), ([[4, 181], [145, 181], [145, 237], [4, 237]], '생겨운야', 0.3096821904182434), ([[7, 229], [262, 229], [262, 281], [7, 281]], '생기단면 마오 오빠닥 ', 0.2503543659636388), ([[4, 272], [218, 272], [218, 326], [4, 326]], '안이엿움 중계네 }', 0.17746007812634357), ([[218, 736], [269, 736], [269, 866], [218, 866]], '올', 0.024884764926369485), ([[358, 846], [384, 846], [384, 890], [358, 890]], '표', 0.11412897272752875), ([[336, 870], [360, 870], [360, 918], [336, 918]], '옷', 0.8405266522177044), ([[133.69545487428613, 775.1731830348587], [166.57095336312247, 750.0327057408344], [215.30454512571387, 821.8268169651413], [182.42904663687753, 846.9672942591656]], '$', 0.5042072969781977)]
[([[6, 10], [208, 10], [208, 64], [6, 64]], '안전8 달인다까', 0.035046700684679126), ([[8, 56], [200, 56], [200, 106], [8, 106]], '맨잡다고 핸터니', 0.11914317359069856), ([[4, 98], [206, 98], [206, 148], [4, 148]], '0공어세 정액이', 0.05162693726841956), ([[6, 141], [196, 141], [196, 191], [6, 191]], '넘칠때까지 푹푹', 0.13670039062119052), ([[6, 185], [266, 185], [266, 235], [6, 235]], "'대사정 당해버력어", 0.6436502163976895)]
[([[520, 12], [730, 12], [730, 62], [520, 62]], '굉장히   기분좋아서', 0.7108704391457571), ([[577, 59], [733, 59], [733, 103], [577, 103]], '모두의  자지름', 0.670683204038084), ([[508, 100], [744, 100], [744, 152], [508, 152]], '입으 청소해끗지만', 0.3297057632662291), ([[420.3069948509526, 467.04015571819247], [484.85401048593, 524.6844920256337], [448.6930051490474, 564.9598442818075], [384.14598951407, 507.3155079743663]], '국다', 0.20290358100819803)]
[([[580, 10], [732, 10], [732, 58], [580, 58]], '모두들 단숨에', 0.6412223582419307), ([[597, 59], [729, 59], [729, 101], [597, 101]], '건강해저서', 0.9012241688270703), ([[581, 105], [729, 105], [729, 145], [581, 145]], '또 3시간정도', 0.9868860395446685), ([[582, 144], [740, 144], [740, 188], [582, 188]], '예스해버력어', 0.6716079553403045), ([[430, 510], [510, 510], [510, 582], [430, 582]], '푹옷', 0.132816321159975), ([[14, 844], [114, 844], [114, 894], [14, 894]], '설결로되', 0.10443127900362015), ([[14, 888], [206, 888], [206, 942], [14, 942]], '만족화진  못해서', 0.3209473223506385), ([[14, 932], [240, 932], [240, 985], [14, 985]], '오빠량 해버력지만', 0.3065917498922921)]
[([[668, 10], [988, 10], [988, 64], [668, 64]], '오빠다 친구들이랑 햇볕일음', 0.24932695056758564), ([[668, 56], [986, 56], [986, 106], [668, 106]], "'학교의 모두예게 들켜버려서", 0.24485748525065423), ([[668, 100], [942, 100], [942, 152], [668, 152]], '양요실에서 반신하튼', 0.05152050654165944), ([[666, 144], [898, 144], [898, 196], [666, 196]], '예스하게-대비회싫', 0.029939310788285545)]
[([[684, 20], [948, 20], [948, 74], [684, 74]], '천음엔 억지로없으니까', 0.4436788758102813), ([[682, 64], [890, 64], [890, 117], [682, 117]], "'굉장히 싫없지만", 0.2787210341350998)]
[([[685, 23], [887, 23], [887, 74], [685, 74]], '질내사정 당하니', 0.6680941490898863), ([[684, 67], [964, 67], [964, 119], [684, 119]], '머리가 새하얘저버려서', 0.5425344528530079), ([[686, 112], [962, 112], [962, 164], [686, 164]], '앞하는 순7 가볍령예)', 0.05780540480903965), ([[731.20963218369, 432.04476321647195], [820.988812920135, 479.6044068158414], [790.79036781631, 533.955236783528], [701.011187079865, 486.3955931841586]], '^런루', 0.0009438106926631349)]
[([[548, 12], [982, 12], [982, 65], [548, 65]], '그후로 머리가 끈적곤적해 질 때 까지', 0.232384700176269), ([[552, 58], [924, 58], [924, 112], [552, 112]], '씩스한 탓에 온몸이 미프미곤하게', 0.1648362016135259), ([[552, 104], [784, 104], [784, 154], [552, 154]], '대버려서 돌안걀 때', 0.3480621034440263), ([[549, 144], [912, 144], [912, 200], [549, 200]], '어떡하지하고 생각해없 요 )', 0.05568613236701726), ([[759, 471], [849, 471], [849, 537], [759, 537]], '주우옷', 0.09872536742570635), ([[186, 548], [256, 548], [256, 580], [186, 580]], '핏', 0.11569516890546439)]
[([[533, 13], [881, 13], [881, 73], [533, 73]], '8다음지완동9 선매에계도', 0.011830875489742376), ([[531, 59], [816, 59], [816, 111], [531, 111]], "어'3 당하게 되버려서", 0.2431927213110364), ([[532, 104], [938, 104], [938, 154], [532, 154]], '위험한날이라고 여러번 둘러대터니', 0.4207247188989912), ([[534, 149], [992, 149], [992, 200], [534, 200]], '영덩회논 괜찮다고 억지로 낭어전어66.', 0.009556292234120993), ([[532, 190], [814, 190], [814, 242], [532, 242]], '오빠큼위해 남겨튼건데', 0.067595405905784)]
[([[533, 12], [965, 12], [965, 72], [533, 72]], "영'인3 @남 굉장히 기분나빠논데", 0.04055244903390791), ([[534, 60], [950, 60], [950, 116], [534, 116]], '류원되 @무 매일매일 내 엉덩이름', 0.07931601007388038), ([[536, 104], [918, 104], [918, 156], [536, 156]], '오른처럼 쓰니까 엉덩이만으로5', 0.1998457472027075), ([[536, 150], [764, 150], [764, 198], [536, 198]], '7버리게 대버력어', 0.1468305176762044)]
[([[494, 8], [738, 8], [738, 62], [494, 62]], '어느날 셈스하고 있문', 0.10396606641621278), ([[518, 52], [742, 52], [742, 106], [518, 106]], '사진이난 동영상음', 0.1157698689955915), ([[540, 96], [740, 96], [740, 150], [540, 150]], '무려지 싱-', 0.015993913777573573), ([[594, 140], [738, 140], [738, 188], [594, 188]], '오라고 해세', 0.5063533199054416), ([[510, 180], [734, 180], [734, 235], [510, 235]], '어지3 끝려3 국에', 0.008717366591589549), ([[522, 228], [750, 228], [750, 280], [522, 280]], '단교파터마 인없어;', 0.03026476945844613)]
[([[470, 14], [726, 14], [726, 70], [470, 70]], '남잔는 잔뜩 잇/지만', 0.11238193563620008), ([[460, 56], [724, 56], [724, 112], [460, 112]], '여자가 언어세 여진로', 0.2878059562166296), ([[436, 102], [738, 102], [738, 156], [436, 156]], '참가하게 팀껏 갑9 600', 0.055393977541274876)]
[([[486, 11], [732, 11], [732, 64], [486, 64]], '평범하게 씩스한다면', 0.4143750329334123), ([[548, 56], [734, 56], [734, 108], [548, 108]], '몸인 부족하니짜', 0.23719437036190502), ([[514, 98], [732, 98], [732, 152], [514, 152]], '손과 입요 하자고', 0.353139756357682), ([[507, 142], [734, 142], [734, 197], [507, 197]], '생각핸문데 자지마', 0.13625122386340663), ([[538, 185], [690, 185], [690, 241], [538, 241]], '여유 만아세_', 0.16023706742590985), ([[682, 210], [732, 210], [732, 234], [682, 234]], "6 ' '", 0.17051073419794832)]
[([[520, 20], [736, 20], [736, 74], [520, 74]], '실 틈인 업디정도3', 0.11524655400704645), ([[452, 64], [736, 64], [736, 118], [452, 118]], '자진하 넘변토 입양인', 0.020355154450021153), ([[464, 103], [736, 103], [736, 165], [464, 165]], "'정자로 질최질최해진과", 0.06154646741935659), ([[506, 152], [736, 152], [736, 206], [506, 206]], '전신에 사정당해서', 0.402680699100844)]
[([[482, 14], [728, 14], [728, 68], [482, 68]], '정액득성이간 되어서', 0.22184166088516633), ([[576, 58], [728, 58], [728, 108], [576, 108]], '미곤미곤화고', 0.49643753432267396), ([[570, 104], [730, 104], [730, 154], [570, 154]], '끊적곤적하게', 0.025081877908856704), ([[596, 148], [732, 148], [732, 198], [596, 198]], '태버명- .', 0.09595810484730388)]
[([[6, 14], [344, 14], [344, 66], [6, 66]], '온몸이 미프미곤하게 태으니까', 0.23550601461757054), ([[4, 55], [274, 55], [274, 110], [4, 110]], '@편-3 들어가기 전에', 0.09360108665957442), ([[6, 100], [178, 100], [178, 154], [6, 154]], '사위름햇터니', 0.1904066538626911), ([[6, 146], [258, 146], [258, 200], [6, 200]], '모뒤 완전히 부할해어', 0.2298242174543213)]
[([[5, 13], [458, 13], [458, 67], [5, 67]], '한사람씩 상대하면 시간이 업는 관계로', 0.6991231864987922), ([[5, 53], [259, 53], [259, 113], [5, 113]], '사용합순 인분 구멍은', 0.06328402994900424), ([[8, 102], [324, 102], [324, 156], [8, 156]], '전부 잔지까 넘어저번령없', 0.17811660003036514), ([[6, 144], [296, 144], [296, 200], [6, 200]], '모문 자제 굉장히 문니까', 0.06137003772412919), ([[8, 190], [280, 190], [280, 242], [8, 242]], "'만오위 양국표 틈연찬고", 0.017270581102164475), ([[8, 234], [284, 234], [284, 288], [8, 288]], '빵방해전세 괴로원지만', 0.397698246119953)]
[([[7, 13], [364, 13], [364, 69], [7, 69]], '몇번이나 질내사 정당하는 동안', 0.4049637936126367), ([[4, 56], [292, 56], [292, 110], [4, 110]], '먼릿속인 새하양계 되서', 0.15800128120671986), ([[4, 100], [440, 100], [440, 156], [4, 156]], '무임색 중예 스스로 허리 흔등언버령에}', 0.04793559437478165), ([[6, 188], [286, 188], [286, 242], [6, 242]], '[보지량 엉덩인에 동시에', 0.5378428407245782), ([[6, 234], [258, 234], [258, 286], [6, 286]], '사정당하노게 이령께', 0.13752861089572202), ([[8, 276], [234, 276], [234, 330], [8, 330]], '기분증음출움 올랑없', 0.07253401737260597)]
[([[4, 13], [372, 13], [372, 66], [4, 66]], '마지막엔 기없이 날아가버려서', 0.6864783325137762), ([[8, 58], [382, 58], [382, 112], [8, 112]], '정신인 둘보니 질내산정당햇확', 0.13831602025798972), ([[8, 102], [317, 102], [317, 156], [8, 156]], '정액인 자지로 회전언저세', 0.5044273258982648), ([[8, 146], [244, 146], [244, 200], [8, 200]], '거품인 일고 인없없', 0.11162018973674953), ([[6, 232], [318, 232], [318, 288], [6, 288]], '이제명난5묘 현박당해서', 0.02863363778107864), ([[6, 278], [206, 278], [206, 332], [6, 332]], '씩스하게 되델지_', 0.0963001873972758), ([[200, 300], [250, 300], [250, 324], [200, 324]], '000', 0.6929009604312352), ([[4, 322], [156, 322], [156, 370], [4, 370]], '미안해 오빠', 0.9847915573257442), ([[6, 363], [248, 363], [248, 419], [6, 419]], '이제 통요길 수 현예', 0.08697960048058534)]
[([[313, 449], [425, 449], [425, 487], [313, 487]], '할 수 잇율자?', 0.27076139311813796), ([[303, 477], [443, 477], [443, 517], [303, 517]], '1001대 마음대로 사정', 0.24971019201259242), ([[611, 507], [728, 507], [728, 557], [611, 557]], "'매일매일", 0.40065095541590634), ([[588, 549], [731, 549], [731, 605], [588, 605]], '현반당해서', 0.9401036065577612), ([[554, 594], [734, 594], [734, 646], [554, 646]], '예스하네 태어;', 0.03932076684991416), ([[554, 637], [731, 637], [731, 689], [554, 689]], '싱다고 엔터니', 0.1220404012693654), ([[594, 682], [734, 682], [734, 732], [594, 732]], '이장한공예', 0.24378503925442624), ([[516, 722], [686, 722], [686, 779], [516, 779]], '떨안비)예', 0.00047563768160842086), ([[678, 746], [732, 746], [732, 774], [678, 774]], '000', 0.9780114550584523), ([[468, 812], [734, 812], [734, 866], [468, 866]], '지금부페이 0예인늄', 0.009176729162150222), ([[572, 858], [734, 858], [734, 908], [572, 908]], '(00명 8주와', 0.16851160579580196), ([[528, 900], [736, 900], [736, 956], [528, 956]], '씩스함수 양다편', 0.06790068386745275), ([[538, 944], [734, 944], [734, 994], [538, 994]], '용서해줍다36형0 ', 0.013935769888851547), ([[279.1051750205922, 416.1365600658949], [352.94630683770384, 427.4349548530431], [347.8948249794078, 453.8634399341051], [274.05369316229616, 442.5650451469569]], "'질내사 정", 0.6193154405978528), ([[354.07899166023174, 425.14487414671834], [407.8905537288898, 435.1970684086417], [401.92100833976826, 461.85512585328166], [348.1094462711102, 451.8029315913583]], '100명', 0.8667426705360413)]
[([[313, 447], [425, 447], [425, 487], [313, 487]], '할 수 잇흘하?', 0.06176769465452841), ([[303, 477], [443, 477], [443, 517], [303, 517]], '1001대 마음대로 사정', 0.2237786164336425), ([[568, 550], [730, 550], [730, 600], [568, 600]], '이언제 덜 줄', 0.07645278214383781), ([[542, 592], [728, 592], [728, 644], [542, 644]], '양안오현 흥미로', 0.15981769951020006), ([[518, 636], [732, 636], [732, 688], [518, 688]], '오마다 예스하관게', 0.04791617259281662), ([[566, 682], [732, 682], [732, 732], [566, 732]], '%니언어66', 0.001858367826916705), ([[554, 768], [734, 768], [734, 822], [554, 822]], '오래국@과', 0.08348831187552581), ([[486, 810], [731, 810], [731, 864], [486, 864]], '예스하켓거 @하다', 0.03967832857091898), ([[478, 854], [732, 854], [732, 907], [478, 907]], '가볍께 가버현번666', 0.022263625923525616), ([[444, 898], [734, 898], [734, 954], [444, 954]], '후회되 굉장히 하3 8', 0.4340415761726353), ([[502, 942], [690, 942], [690, 996], [502, 996]], "'무체 무선움데5", 0.031226333218868706), ([[678, 964], [730, 964], [730, 990], [678, 990]], '000', 0.9938643241144902), ([[279.07899166023174, 417.14487414671834], [352.93860475590293, 427.39617710495145], [347.92100833976826, 453.85512585328166], [274.06139524409707, 443.60382289504855]], "'질내사 정", 0.3687070781182596), ([[354.07899166023174, 425.14487414671834], [407.8905537288898, 435.1970684086417], [401.92100833976826, 461.85512585328166], [348.1094462711102, 451.8029315913583]], '100명', 0.8514114618301392)]
[([[18, 16], [302, 16], [302, 72], [18, 72]], '모두 순서 갈은바 육세한고', 0.10508921114500715), ([[16, 62], [426, 62], [426, 116], [16, 116]], '지체없이 내 용히3 때고 이작핸없', 0.05404380348046919), ([[18, 106], [376, 106], [376, 160], [18, 160]], '이현계 여러명예젠{간당하고', 0.0589353831604116), ([[18, 150], [298, 150], [298, 202], [18, 202]], '인흉데도 자지  넣어진편', 0.15564751071949434), ([[14, 193], [346, 193], [346, 245], [14, 245]], '@버려서 금방 가버려600', 0.2233871855742538)]
[([[19, 13], [395, 13], [395, 75], [19, 75]], '안에 넣기까지롭 삼요순 언언제', 0.07081582355476328), ([[20, 64], [344, 64], [344, 116], [20, 116]], '여명인가 내 몸예사정해세', 0.1524125518469768), ([[18, 106], [208, 106], [208, 156], [18, 156]], '@명 뽑아내는계', 0.4423861783936411), ([[18, 152], [170, 152], [170, 200], [18, 200]], '데어려워어', 0.9901128319014296)]
[([[18, 18], [300, 18], [300, 70], [18, 70]], '온래도 몇번이다 가편세', 0.2361970980763372), ([[18, 61], [324, 61], [324, 114], [18, 114]], '요주의 자지 사정세리경세', 0.15465638982741522), ([[16, 105], [432, 105], [432, 160], [16, 160]], '떼어 백명째가 똑다과 생표핸문데', 0.011110800241338006), ([[20, 194], [266, 194], [266, 244], [20, 244]], '전원인 만족할때까진', 0.22170854762419728), ([[20, 238], [332, 238], [332, 289], [20, 289]], '안)데606 그런건 무리야', 0.16548705404987385)]
[([[20, 16], [324, 16], [324, 70], [20, 70]], '정액이 흘러나용틈3 @인', 0.11854205873398843), ([[18, 62], [254, 62], [254, 114], [18, 114]], "자지름 넣어진 '맛에", 0.19992603696921502), ([[20, 106], [300, 106], [300, 158], [20, 158]], '정자로 뱃속이 빵빵하게', 0.13884010743009498), ([[294, 130], [344, 130], [344, 154], [294, 154]], '000', 0.9924876320154482), ([[18, 152], [268, 152], [268, 202], [18, 202]], '텍사인  질척 질척해선', 0.12033750409504704), ([[17, 187], [403, 187], [403, 249], [17, 249]], '진빨당장이라고 새나올 간음데', 0.015913700850955788), ([[16, 280], [274, 280], [274, 336], [16, 336]], '자고사 {멍음 막아서', 0.023083398688753004), ([[16, 325], [188, 325], [188, 379], [16, 379]], '방장히 괴로위', 0.13807725170978655), ([[16, 367], [349, 367], [349, 421], [16, 421]], '화진만 이결로 마지막이라고', 0.15401998858033353), ([[20, 414], [216, 414], [216, 464], [20, 464]], '생각하고 참앗어', 0.2733806653513083)]
[([[16, 18], [306, 18], [306, 72], [16, 72]], '만지막 한발이 다입원편', 0.0765126796097185), ([[18, 62], [298, 62], [298, 112], [18, 112]], '더 이상 참울 수어어세', 0.3731414173202953), ([[16, 104], [400, 104], [400, 158], [16, 158]], '마운껏  정액과 오중움워어버훨없', 0.020058667044920923), ([[18, 193], [292, 193], [292, 244], [18, 244]], '이결로 억지로 씩스하제', 0.1586416545481286), ([[18, 238], [320, 238], [320, 288], [18, 288]], '8안3 되논건지 , 오빠 000', 0.30121499369621507), ([[131, 651], [195, 651], [195, 693], [131, 693]], '쉬이', 0.9746251573626091), ([[281, 815], [325, 815], [325, 855], [281, 855]], '교', 0.11079018011745134), ([[278.80595537174804, 836.0595537174802], [396.35897302745644, 857.9426344161484], [374.19404462825196, 959.9404462825198], [257.64102697254356, 939.0573655838516]], '구사', 0.006845554373142038)]
[([[6, 8], [246, 8], [246, 60], [6, 60]], '마지막 한 사람인줄', 0.7127795874435104), ([[10, 54], [145, 54], [145, 108], [10, 108]], '알안없논데', 0.16262944359975123), ([[10, 96], [258, 96], [258, 150], [10, 150]], '명명이 회복해버려서', 0.32723166561309414), ([[8, 140], [164, 140], [164, 190], [8, 190]], '묘애 사람과', 0.5817799002416819), ([[8, 184], [146, 184], [146, 238], [8, 238]], '예스해터니', 0.4953949128549861), ([[6, 226], [190, 226], [190, 280], [6, 280]], '질다림사람인', 0.2815428574727344), ([[8, 270], [260, 270], [260, 326], [8, 326]], '외복하늘 겉 반복해선', 0.09478451254046628), ([[10, 313], [259, 313], [259, 367], [10, 367]], '평3 백명 @안내기늄', 0.03147389340573199), ([[3, 356], [185, 356], [185, 417], [3, 417]], '두워어오빠 ', 0.04948254888921159), ([[176, 382], [230, 382], [230, 406], [176, 406]], '00', 0.9752285788936362), ([[8, 446], [272, 446], [272, 500], [8, 500]], '대부터논 위용가치가', 0.10215134353616923), ([[8, 492], [198, 492], [198, 542], [8, 542]], '덜어집때 지', 0.16848208241480675), ([[8, 534], [286, 534], [286, 588], [8, 588]], '예세 모두의 운변 ', 0.14835919085420457), ([[8, 576], [210, 576], [210, 629], [8, 629]], '미어야 안대660', 0.020640287746624755), ([[6, 622], [160, 622], [160, 672], [6, 672]], '미안해오', 0.8777583837509155), ([[152, 644], [202, 644], [202, 668], [152, 668]], '000', 0.9444011548699087), ([[8, 664], [206, 664], [206, 718], [8, 718]], '아뇨 통안가서5', 0.21898569563652476), ([[8, 708], [198, 708], [198, 760], [8, 760]], '명변어 예스움', 0.008361578527138348), ([[7, 751], [260, 751], [260, 807], [7, 807]], '만족하지 못화켓지만:', 0.14616702202473142)]
[([[11, 909], [179, 909], [179, 995], [11, 995]], '[물', 0.055569310900031775)]
[]
[]
[]
[]
[]
[]
[]
[]
[]
[]
[]
[]
[([[0, 0], [66, 0], [66, 68], [0, 68]], '후', 0.9990629961624933), ([[189, 5], [401, 5], [401, 69], [189, 69]], '".형감', 0.0003771439369302243), ([[396, 60], [626, 60], [626, 136], [396, 136]], '역히한', 0.33392013427502476), ([[400, 126], [504, 126], [504, 200], [400, 200]], '끊이', 0.990607397237529), ([[403, 201], [785, 201], [785, 265], [403, 265]], '이거 일단은 시7정이조?', 0.0737585401992981), ([[403, 262], [965, 262], [965, 325], [403, 325]], '근데 왜 기분이 별로 안 나별까요?', 0.8080116097642547), ([[403, 324], [942, 324], [942, 390], [403, 390]], '순애라고 해도 근친이라 그런가?', 0.7322032105817435), ([[403, 449], [605, 449], [605, 509], [403, 509]], '글자도 적고', 0.9609370217658277), ([[403, 509], [809, 509], [809, 569], [403, 569]], '암튼 효과음도 별로 없고', 0.7524254838668596), ([[403, 569], [1015, 569], [1015, 633], [403, 633]], '내용도 없는 모범적인 (/집어/습다.', 0.17860875105993806), ([[403, 1545], [599, 1545], [599, 1611], [403, 1611]], '팀 개드컵', 0.537865973688763), ([[401, 1617], [1332, 1617], [1332, 1707], [401, 1707]], '팀 개드램예서는 일본어름 한글로 번역해주실 역자분과', 0.33564585222893817), ([[401, 1703], [1345, 1703], [1345, 1793], [401, 1793]], '번역된 한국어름 편집해 주실 식자분올 구하고 있습니다', 0.4303982600316242), ([[402, 1798], [1385, 1798], [1385, 1874], [402, 1874]], '신청은웨 [어-다끗이:.-규/예서 하실수 있습니다', 0.0009546825243492748), ([[403, 1885], [1277, 1885], [1277, 1949], [403, 1949]], '혼자하는 작업보다 같이 하는 작업이 더욱 즐겁습니다', 0.7369791708859628)]
[([[3, 2], [73, 2], [73, 23], [3, 23]], '낫형머9(', 0.00024967199006158044), ([[105, 81], [194, 81], [194, 374], [105, 374]], '{', 0.11549150572341205), ([[309, 305], [401, 305], [401, 345], [309, 345]], '나는전력', 0.3695254325866699), ([[395, 297], [417, 297], [417, 313], [395, 313]], '끝래', 0.08147848286263178), ([[397, 319], [425, 319], [425, 337], [397, 337]], '으로', 0.992794446975032), ([[312, 332], [430, 332], [430, 384], [312, 384]], '레이프', 0.9681964513454556), ([[466, 376], [552, 376], [552, 400], [466, 400]], '역식자 끊이', 0.5755680028781788), ([[5, 399], [125, 399], [125, 417], [5, 417]], '58/또66똑 (보주1', 0.008264339003852088), ([[133, 401], [227, 401], [227, 417], [133, 417]], '#+{ 출 유요서)', 0.05664984085645317), ([[127.83793310848247, 16.00657723433441], [148.15699438343015, 14.006171330436995], [163.16206689151753, 142.9934227656656], [142.84300561656985, 144.99382866956302]], '{', 0.009072064899115162), ([[107.28913145942698, 45.08543898365061], [130.06020170615574, 43.193583718999534], [132.71086854057302, 91.9145610163494], [110.93979829384426, 93.80641628100047]], '불', 0.5745004124459143), ([[142.7663175048652, 140.01369879135424], [162.22331389036336, 138.012506375766], [171.2336824951348, 228.98630120864576], [151.77668610963664, 230.987493624234]], '물', 0.2678207302620308), ([[329.2572186472918, 287.1430466182295], [398.9866914720664, 297.7696589597604], [395.7427813527082, 315.8569533817705], [326.0133085279336, 306.2303410402396]], '죽르다면 무엇울', 0.4436678462154748), ([[135.7131418553622, 310.0206788019993], [156.35064768840294, 308.030978365122], [163.2868581446378, 382.9793211980007], [142.64935231159706, 384.969021634878]], '틈', 0.0633134615779376)]
