776078
32
[([[329, 1095], [423, 1095], [423, 1155], [329, 1155]], '"089', 0.18313220143318176), ([[25, 1377], [629, 1377], [629, 1515], [25, 1515]], '셈역 )편집:콜렉}', 0.046632652048938114), ([[65, 1741], [591, 1741], [591, 1833], [65, 1833]], '[`굽`치7', 5.9840439487546144e-05), ([[71, 1823], [535, 1823], [535, 1915], [71, 1915]], '꼴;니7;쪽', 0.0029623717515853583), ([[549, 1839], [591, 1839], [591, 1893], [549, 1893]], '3', 0.921636950557633), ([[82, 1912], [314, 1912], [314, 1962], [82, 1962]], '이루미장 고기고기3', 0.7003869942605221), ([[85, 1973], [147, 1973], [147, 2009], [85, 2009]], '+아<', 0.0034870207183556475), ([[87, 2003], [189, 2003], [189, 2041], [87, 2041]], '@어뉴', 0.004217258614929646), ([[87, 2037], [173, 2037], [173, 2079], [87, 2079]], '@;', 0.020372189551694966), ([[218.52788293887292, 901.4510583117511], [269.12523829692424, 940.6115703038291], [166.47211706112708, 1065.548941688249], [115.87476170307575, 1025.3884296961708]], '뿐', 0.0395370403118156), ([[261.35461252607485, 940.0298152816083], [302.3840361268021, 903.0105424922023], [437.64538747392515, 1061.9701847183917], [397.6159638731979, 1098.9894575077979]], '#', 0.9240333179341178), ([[251.1086320966536, 1277.0361747888392], [447.5225181947588, 1098.4867569783717], [496.8913679033464, 1175.9638252111608], [299.4774818052412, 1353.5132430216283]], '[테미예륙', 0.02953295905922611), ([[93.45223686594498, 1126.0166846014977], [240.44428234563333, 1246.8864657273084], [191.54776313405503, 1307.9833153985023], [44.555717654366674, 1187.1135342726916]], '[골심', 0.020326625863227005)]
[]
[]
[([[28, 1652], [524, 1652], [524, 1704], [28, 1704]], '하물안-간니. ^치+형-!|-+라" [,@-~,+$', 2.7618087530465904e-07), ([[23, 1687], [526, 1687], [526, 1775], [23, 1775]], '이`산<-`떨7', 5.8701829642213855e-05), ([[24, 1760], [527, 1760], [527, 1861], [24, 1861]], ',;국트03', 0.0017156561154698237), ([[141, 1857], [363, 1857], [363, 1893], [141, 1893]], '(1별3++(<<(<<', 0.006485211980961407), ([[383, 1863], [403, 1863], [403, 1889], [383, 1889]], '3', 0.41875149878521767)]
[([[507, 1973], [1378, 1973], [1378, 2073], [507, 2073]], "['< 하5 + 소- < [- <", 0.13898518064959403), ([[1411, 1983], [1451, 1983], [1451, 2047], [1411, 2047]], '3', 0.9999017739576175)]
[([[1140, 160], [1242, 160], [1242, 208], [1140, 208]], '"소마', 0.9852371550194547), ([[238, 178], [352, 178], [352, 232], [238, 232]], '뭐 하고', 0.9966408363859378), ([[226, 230], [360, 230], [360, 284], [226, 284]], '잇올까 ', 0.025410255417227745), ([[304, 564], [344, 564], [344, 594], [304, 594]], '아니', 0.9999565890220194), ([[84, 614], [122, 614], [122, 646], [84, 646]], '소금', 0.9999630795603318), ([[741, 601], [817, 601], [817, 641], [741, 641]], '삼겹살', 0.4066337441297695), ([[82, 642], [120, 642], [120, 668], [82, 668]], '하고', 0.9999830570089386), ([[682, 654], [740, 654], [740, 684], [682, 684]], '잘게 "', 0.14889231324195862), ([[1218, 692], [1294, 692], [1294, 746], [1218, 746]], '2', 0.9939358657375443), ([[16, 780], [70, 780], [70, 830], [16, 830]], '1', 0.23232465434215843), ([[156, 786], [214, 786], [214, 818], [156, 818]], '중불로', 0.8216409281203839), ([[140, 886], [194, 886], [194, 934], [140, 934]], '구', 0.14434181499221044), ([[763, 1447], [831, 1447], [831, 1487], [763, 1487]], '마늘?', 0.9998284199622922), ([[15, 1551], [35, 1551], [35, 1573], [15, 1573]], '5', 0.9237645048930432), ([[32, 1558], [64, 1558], [64, 1586], [32, 1586]], "0'", 0.4740879966242785), ([[780, 1750], [822, 1750], [822, 1782], [780, 1782]], '볶아', 0.9952004941631969), ([[778, 1782], [814, 1782], [814, 1808], [778, 1808]], '서:', 0.6948840771946225), ([[1288, 1776], [1312, 1776], [1312, 1824], [1288, 1824]], '6', 0.2068798905227931), ([[1228.1526193728228, 826.0514788571463], [1354.9367598012527, 864.061190402838], [1335.8473806271772, 921.9485211428537], [1208.0632401987473, 883.938809597162]], '스<;);', 0.007964967229535673)]
[([[163, 783], [199, 783], [199, 827], [163, 827]], "5'", 0.1922492032335953), ([[158, 1972], [328, 1972], [328, 2026], [158, 2026]], '집중 안 돼', 0.9739125674923614), ([[13, 2077], [27, 2077], [27, 2099], [13, 2099]], '8', 0.9999995231628986), ([[778.2184013837282, 1900.043772315181], [825.5410125526857, 1880.0209380703538], [872.7815986162718, 2002.956227684819], [825.4589874473143, 2022.9790619296462]], '(', 0.6865753742624214), ([[666.3007799754201, 1901.0222456140964], [734.4716687986556, 1863.0101169913246], [845.6992200245799, 2079.9777543859036], [777.5283312013444, 2117.9898830086754]], '~', 0.01836876729157666)]
[([[524, 16], [570, 16], [570, 48], [524, 48]], '+이)', 0.5624151368406626), ([[546, 48], [594, 48], [594, 78], [546, 78]], '군"\')', 0.19279780983924866), ([[293, 319], [345, 319], [345, 359], [293, 359]], '정말', 0.9999695701109833), ([[898, 1550], [924, 1550], [924, 1606], [898, 1606]], '축', 0.2863083268482889), ([[619, 1657], [658, 1657], [658, 1742], [619, 1742]], '국', 0.21909457505843477)]
[([[1132, 120], [1228, 120], [1228, 174], [1132, 174]], '어차피', 0.9904423542705193), ([[1112, 168], [1248, 168], [1248, 220], [1112, 220]], '그 녀석은', 0.9518926493015866), ([[206, 196], [448, 196], [448, 252], [206, 252]], '[고기사전]이라고', 0.993704827090312), ([[1107, 218], [1249, 218], [1249, 268], [1107, 268]], '나 같은 거', 0.871020064464153), ([[258, 246], [396, 246], [396, 298], [258, 298]], '밖에 생각', 0.9972419650243048), ([[244, 294], [408, 294], [408, 344], [244, 344]], '안 하켓지  ', 0.4454169011266625), ([[278, 1252], [302, 1252], [302, 1318], [278, 1318]], '#', 0.8107795945167631), ([[840, 1342], [898, 1342], [898, 1370], [840, 1370]], '<>', 0.8341929852194765), ([[730, 1364], [856, 1364], [856, 1418], [730, 1418]], '< 3', 0.7459561260811168), ([[173, 1895], [225, 1895], [225, 1937], [173, 1937]], '으응', 0.9988129297462506), ([[1169, 1931], [1327, 1931], [1327, 1973], [1169, 1973]], '내 멋대로 망상', 0.6256139477740372), ([[1177, 1973], [1297, 1973], [1297, 2011], [1177, 2011]], '해줄거야   ', 0.5084917531204413), ([[6, 2080], [38, 2080], [38, 2106], [6, 2106]], '10', 0.9755682774389872), ([[434.3300583289099, 1669.037519127298], [498.8706057052213, 1727.7606499066756], [460.6699416710901, 1769.962480872702], [397.1293942947787, 1711.2393500933244]], "신'", 0.03076774706243274)]
[([[625, 75], [673, 75], [673, 117], [625, 117]], '총', 0.008006519329568695), ([[1180, 70], [1206, 70], [1206, 100], [1180, 100]], '준', 0.011975347278649073), ([[185, 97], [351, 97], [351, 141], [185, 141]], '~~아아 안돼', 0.7337808721137111), ([[1211, 101], [1231, 101], [1231, 125], [1211, 125]], '*', 0.09603851839489508), ([[1235, 127], [1251, 127], [1251, 163], [1235, 163]], '>', 0.46337375601683917), ([[1292, 309], [1320, 309], [1320, 400], [1292, 400]], '{', 0.05909464802556741), ([[1313, 268], [1349, 268], [1349, 405], [1313, 405]], '7', 0.10561464811894439), ([[1178, 1420], [1216, 1420], [1216, 1444], [1178, 1444]], "'하아", 0.997655414425785), ([[731, 1435], [781, 1435], [781, 1471], [731, 1471]], '하아', 0.9998801364669812), ([[774, 1498], [810, 1498], [810, 1522], [774, 1522]], "'하야", 0.5667031975249716), ([[211, 1641], [261, 1641], [261, 1677], [211, 1677]], "'하아", 0.997732956795851), ([[272, 1704], [308, 1704], [308, 1728], [272, 1728]], '하아', 0.9944593299725043), ([[1256, 2004], [1298, 2004], [1298, 2034], [1256, 2034]], '하아', 0.9999602978995441), ([[1430, 2086], [1458, 2086], [1458, 2110], [1430, 2110]], '11', 0.9999694858180386), ([[565.3167184270003, 48.63343685400051], [645.8668323361575, 24.41223282150813], [659.6832815729997, 79.36656314599949], [579.1331676638425, 103.58776717849187]], '24,', 0.13260054672599864), ([[563.3417354349018, 151.2442560653724], [642.8518330112104, 100.72107506435533], [669.6582645650982, 147.7557439346276], [590.1481669887896, 198.27892493564465]], '553', 0.24270674379462265), ([[976.7550617415361, 156.0075063870382], [1011.3726413545805, 152.01739552292017], [1030.244938258464, 326.99249361296177], [994.6273586454195, 330.98260447707986]], '{', 0.9995887702372244), ([[587.0297768587401, 185.40297768587402], [667.2676326571192, 141.96784570803638], [690.9702231412599, 185.59702231412598], [610.7323673428808, 229.03215429196362]], '43미', 0.18373699907100094)]
[([[331, 1635], [411, 1635], [411, 1699], [331, 1699]], '5', 0.05549631332826821), ([[12, 2080], [46, 2080], [46, 2110], [12, 2110]], '123', 0.19724663063049425), ([[1083.3155250617765, 60.409680197684736], [1231.2837015823577, 34.71344239990159], [1239.6844749382235, 109.59031980231526], [1092.7162984176423, 135.2865576000984]], '*속+', 0.017757133137179575), ([[1155.3516732326157, 230.23085631415506], [1265.163460096944, 221.94407463650253], [1266.6483267673843, 276.76914368584494], [1156.836539903056, 286.05592536349747]], '85+', 0.183089917339592), ([[219.73202467405216, 273.4516320762678], [348.8507817197338, 215.9532270996709], [369.2679753259479, 271.5483679237322], [240.14921828026618, 329.04677290032913]], '*6,5*', 0.05774938767598462), ([[1116.8099186518884, 1754.4727315512318], [1328.1214229594698, 1714.8518585577056], [1340.1900813481116, 1808.5272684487682], [1128.8785770405302, 1849.1481414422944]], '평훌속', 0.01565735045025099), ([[100.05364683002267, 1862.6482821470204], [239.17672257444394, 1797.900693204368], [266.94635316997733, 1864.3517178529796], [127.82327742555606, 1929.099306795632]], '*65', 0.4930424221653918)]
[([[635, 145], [709, 145], [709, 185], [635, 185]], '귀여운', 0.9807455448941728), ([[611, 183], [736, 183], [736, 227], [611, 227]], '표정 짓기는', 0.5083893627957543), ([[1328, 184], [1442, 184], [1442, 232], [1328, 232]], '*03꾸', 0.0078003848902881145), ([[60, 600], [200, 600], [200, 654], [60, 654]], '기분 좋아', 0.9961287533012457), ([[80, 652], [180, 652], [180, 704], [80, 704]], '죽켓지', 0.15475400205144188), ([[145, 996], [303, 996], [303, 1088], [145, 1088]], '속', 0.29678422668899884), ([[814, 1032], [940, 1032], [940, 1110], [814, 1110]], '선#', 0.03743362158145087), ([[613, 1728], [703, 1728], [703, 1756], [613, 1756]], '으웃 그거', 0.49347189263808106), ([[610, 1758], [708, 1758], [708, 1790], [610, 1790]], '엄청 좋아  ', 0.6136259650584903), ([[1438, 2074], [1472, 2074], [1472, 2104], [1438, 2104]], '13', 1.0), ([[1033.3183180150093, 345.2912904420258], [1141.3686602863772, 334.56796231480035], [1143.6816819849907, 382.7087095579742], [1035.6313397136228, 393.43203768519965]], '8육4', 0.049948557814737685), ([[1249.7864056378821, 393.3592169136464], [1369.8587872978148, 377.1692544591211], [1374.2135943621179, 436.6407830863536], [1254.1412127021852, 452.8307455408789]], '{0숙4', 0.02324228174984455), ([[587.0660838501253, 930.4916431653636], [716.7088586956885, 901.0007321278939], [729.9339161498747, 976.5083568346364], [599.2911413043115, 1005.9992678721061]], '*수', 0.005363138986248379), ([[832.4486522748772, 1287.1740700094597], [936.6665332256313, 1278.8902066715202], [938.5513477251228, 1344.8259299905403], [834.3334667743687, 1353.1097933284798]], '여다', 0.005694477745011365), ([[274.7095603064832, 1454.2963291646363], [431.43721141321504, 1430.9316781480313], [438.2904396935168, 1509.7036708353637], [281.56278858678496, 1533.0683218519687]], '*8;', 0.007786920601630207), ([[-26.70870955797419, 1651.8156132376723], [182.7469871563065, 1585.950311379212], [212.70870955797417, 1706.1843867623277], [2.2530128436935257, 1772.049688620788]], '*3;;', 0.006680322345346212), ([[112.25633473105809, 1895.066470300751], [378.69504095586325, 1813.0809333255684], [410.7436652689419, 1950.933529699249], [144.30495904413678, 2031.9190666744316]], '련국수', 0.0025792247167934035)]
[([[963, 0], [1310, 0], [1310, 200], [963, 200]], '돌33,', 0.011205480434000492), ([[1100, 248], [1340, 248], [1340, 394], [1100, 394]], '& ', 0.007617804670801143), ([[130, 464], [166, 464], [166, 490], [130, 490]], '하아', 0.9975860926872335), ([[452, 480], [484, 480], [484, 506], [452, 506]], '아', 0.6816814471743307), ([[414, 552], [448, 552], [448, 576], [414, 576]], '하)', 0.5514752277260597), ([[703, 652], [889, 652], [889, 802], [703, 802]], '*유', 0.010464309935170083), ([[498, 848], [766, 848], [766, 1064], [498, 1064]], '04', 0.21794982146696634), ([[1239, 891], [1480, 891], [1480, 1071], [1239, 1071]], '들#', 0.01760212831189087), ([[522, 1083], [760, 1083], [760, 1252], [522, 1252]], '>소*', 0.0018502719105405875), ([[1253, 1347], [1405, 1347], [1405, 1455], [1253, 1455]], '서', 0.1675535460277935), ([[275, 1559], [333, 1559], [333, 1597], [275, 1597]], '하아', 0.9958588906098667), ([[410, 1608], [454, 1608], [454, 1638], [410, 1638]], '하아', 0.9973683546310236), ([[650, 1654], [696, 1654], [696, 1684], [650, 1684]], '하아', 0.6427445424011793), ([[477, 1679], [543, 1679], [543, 1719], [477, 1719]], '하아', 0.9991089633505023), ([[201, 1785], [253, 1785], [253, 1821], [201, 1821]], '하아', 0.9987545350329191), ([[1311, 1907], [1375, 1907], [1375, 1943], [1311, 1943]], '(하애', 0.8759471608281192), ([[1228, 1968], [1270, 1968], [1270, 1994], [1228, 1994]], '하하아', 0.6020983161962055)]
[([[99, 47], [151, 47], [151, 85], [99, 85]], "'하앗", 0.2956802774172987), ([[840, 78], [884, 78], [884, 106], [840, 106]], "'하아이", 0.19381792843341827), ([[45, 93], [105, 93], [105, 129], [45, 129]], '하아', 0.9989767436295676), ([[1065, 199], [1183, 199], [1183, 285], [1065, 285]], '스탓', 0.004888290990078964), ([[1269, 285], [1321, 285], [1321, 323], [1269, 323]], "'하잇", 0.12576612974360715), ([[630, 686], [774, 686], [774, 786], [630, 786]], '스', 0.08107457696812403), ([[1161, 709], [1213, 709], [1213, 745], [1161, 745]], '아0', 0.32147410397367876), ([[1100, 1164], [1184, 1164], [1184, 1220], [1100, 1220]], '<94', 0.9165906210642906), ([[478, 1718], [510, 1718], [510, 1756], [478, 1756]], '앗', 0.37416383539272147), ([[291, 1969], [387, 1969], [387, 2037], [291, 2037]], '아양', 0.944480675205471), ([[1432, 2074], [1466, 2074], [1466, 2104], [1432, 2104]], '15', 0.9999984827137908), ([[1207.7835425259684, 465.09302641879503], [1301.0759694325575, 477.2676205190906], [1289.2164574740316, 545.906973581205], [1195.9240305674425, 532.7323794809093]], '<', 0.05237608376167935), ([[141.34478822279527, 495.3585340901496], [218.44773686063107, 487.97191949374644], [220.65521177720473, 524.6414659098505], [143.55226313936893, 532.0280805062536]], '(하아이', 0.3665469288825989), ([[853.2821863608303, 758.0322686052162], [981.9969992497068, 822.780904130145], [948.7178136391697, 884.9677313947838], [820.0030007502932, 819.219095869855]], '4"?', 0.0044721897006149225), ([[596.2599556283028, 1984.2578535733992], [695.0546955617481, 1975.7673458616728], [696.7400443716972, 2028.7421464266008], [598.9453044382519, 2037.2326541383272]], '흐아양', 0.41318023645649715)]
[([[545, 69], [601, 69], [601, 107], [545, 107]], '하아', 0.9784268129813051), ([[243, 95], [315, 95], [315, 137], [243, 137]], '어라?', 0.9136018239383474), ([[211, 135], [349, 135], [349, 179], [211, 179]], '오늘은 문가', 0.42234187264165635), ([[1233, 127], [1299, 127], [1299, 169], [1233, 169]], '하앗', 0.24726968437531005), ([[223, 177], [335, 177], [335, 217], [223, 217]], '엄청 기분', 0.992245622554316), ([[227, 217], [331, 217], [331, 259], [227, 259]], '좋은데', 0.777273328357426), ([[1168, 298], [1208, 298], [1208, 322], [1168, 322]], '하애', 0.8369927084822316), ([[595, 537], [645, 537], [645, 573], [595, 573]], '질척', 0.9910558084825438), ([[688, 536], [718, 536], [718, 564], [688, 564]], '와', 0.9982502968278482), ([[585, 573], [649, 573], [649, 609], [585, 609]], '질척:', 0.6379090763045692), ([[670, 564], [730, 564], [730, 596], [670, 596]], '굉장해:', 0.9350960850715637), ([[1263, 583], [1363, 583], [1363, 651], [1263, 651]], '으맛', 0.7958214789222111), ([[1269, 1677], [1349, 1677], [1349, 1739], [1269, 1739]], '어어', 0.9997853949926503), ([[1177, 1735], [1353, 1735], [1353, 1797], [1177, 1797]], '어, 어째서', 0.9203069472318267), ([[1036, 1770], [1126, 1770], [1126, 1848], [1036, 1848]], '07,', 0.05884083055800769), ([[156, 1890], [236, 1890], [236, 1946], [156, 1946]], '여기', 0.9998917686085846), ([[155, 1945], [341, 1945], [341, 2007], [155, 2007]], '있는 거야]', 0.09272853240636116), ([[8, 2074], [38, 2074], [38, 2104], [8, 2104]], '16', 0.9998447312522807), ([[990.154696648639, 1589.0397844755732], [1096.9771282984766, 1646.3587765501088], [1059.845303351361, 1712.9602155244268], [953.0228717015234, 1656.6412234498912]], '버7"', 0.054659946232371845)]
[([[1223, 57], [1359, 57], [1359, 93], [1223, 93]], '갑자기 소고기', 0.8287307960595419), ([[1203, 91], [1359, 91], [1359, 129], [1203, 129]], '요리 시험해보고', 0.9964137488967573), ([[1155, 125], [1359, 125], [1359, 165], [1155, 165]], '(싶엿는데 시간이 너무', 0.1811127458416553), ([[1229, 163], [1359, 163], [1359, 201], [1229, 201]], '늦없네~라고', 0.8385616448252399), ([[1195, 199], [1347, 199], [1347, 237], [1195, 237]], '생각 한 찰나에', 0.5292561954138748), ([[703, 399], [899, 399], [899, 443], [703, 443]], '그것보다 갑자기', 0.980294341341836), ([[721, 443], [881, 443], [881, 487], [721, 487]], '넣지 말라고', 0.9849776620223871), ([[985, 431], [1129, 431], [1129, 473], [985, 473]], '맛 이쿠미가', 0.3901078101943641), ([[983, 473], [1069, 473], [1069, 517], [983, 517]], '있없지', 0.8833394133797408), ([[144, 498], [212, 498], [212, 546], [144, 546]], '아니', 0.9998830866440712), ([[787, 521], [841, 521], [841, 563], [787, 563]], '정말', 0.9999702444546157), ([[983, 519], [1099, 519], [1099, 563], [983, 563]], '해서 옷지', 0.6776859416248977), ([[143, 545], [361, 545], [361, 605], [143, 605]], '누가차도 눈 앞애서', 0.31065337989261144), ([[146, 592], [240, 592], [240, 646], [146, 646]], '넣올걸', 0.2708523090313162), ([[269, 597], [361, 597], [361, 637], [269, 637]], '자위 하고', 0.996958830433764), ([[273, 631], [360, 631], [360, 675], [273, 675]], '있는데?', 0.22393836081027985), ([[1242, 734], [1348, 734], [1348, 782], [1242, 782]], '시끄러워', 0.9248154163360596), ([[323, 775], [385, 775], [385, 817], [323, 817]], '잠깐', 0.9999814554370187), ([[767, 809], [833, 809], [833, 847], [767, 847]], '흔', 0.012277169559095358), ([[1169, 815], [1225, 815], [1225, 855], [1169, 855]], '양0', 0.592093802950131), ([[1287, 827], [1333, 827], [1333, 871], [1287, 871]], '40', 0.48716613707227746), ([[221, 945], [273, 945], [273, 981], [221, 981]], '아아', 0.9995911157639322), ([[1020, 950], [1064, 950], [1064, 980], [1020, 980]], '소앗', 0.685498362667991), ([[221, 981], [267, 981], [267, 1017], [221, 1017]], '앗0', 0.41739752974790634), ([[271, 1119], [291, 1119], [291, 1141], [271, 1141]], '하', 0.999751702464696), ([[397, 1123], [469, 1123], [469, 1159], [397, 1159]], '하아이', 0.31634740687449103), ([[42, 1148], [94, 1148], [94, 1180], [42, 1180]], '하아', 0.9999474011382327), ([[328, 1210], [380, 1210], [380, 1240], [328, 1240]], '정말]!', 0.5804743766784668), ([[990, 1562], [1128, 1562], [1128, 1592], [990, 1592]], '*,?9,)9,79', 0.07612090470620757), ([[33, 1711], [155, 1711], [155, 1751], [33, 1751]], '아아  이게', 0.31473066898164737), ([[47, 1751], [123, 1751], [123, 1789], [47, 1789]], '아난데', 0.6987473982171655), ([[1426, 2078], [1456, 2078], [1456, 2104], [1426, 2104]], '17', 1.0), ([[724.1911248646676, 540.0658616744723], [871.9745159229175, 567.4958260888935], [860.8088751353324, 610.9341383255277], [714.0254840770825, 583.5041739111065]], '약 말도안되', 0.28589847630264775), ([[591.7397749701717, 842.8055724433261], [750.9021056772996, 810.2363384086785], [761.2602250298283, 874.1944275566739], [601.0978943227004, 905.7636615913215]], '46 $', 0.3714541339877168)]
[([[637, 21], [673, 21], [673, 59], [637, 59]], '(', 0.6938278388731511), ([[140, 1908], [412, 1908], [412, 2102], [140, 2102]], '** 떠', 0.014958282932639122), ([[1245, 1929], [1383, 1929], [1383, 2077], [1245, 2077]], '보', 0.07721600971491682), ([[12, 2074], [46, 2074], [46, 2104], [12, 2104]], '18', 0.999999915706304), ([[666.25097310286, 1178.0564224788761], [702.4652622468581, 1158.0216939586192], [753.74902689714, 1253.9435775211239], [716.5347377531419, 1274.9783060413808]], '8', 0.005945785485042876), ([[889.3917712629842, 1389.0465132093975], [947.8676014333964, 1433.9793829550758], [926.6082287370158, 1461.9534867906025], [868.1323985666036, 1417.0206170449242]], '도극', 0.0077373243803834915), ([[958.6743935585437, 1909.008841477203], [1003.300787577304, 1916.4586665391691], [972.3256064414563, 2104.991158522797], [927.699212422696, 2098.5413334608306]], '"', 0.07052361792867501), ([[909.6434881600948, 1920.010601089591], [959.3251916303631, 1925.4688623338332], [938.3565118399052, 2099.989398910409], [888.6748083696369, 2093.5311376661666]], '탑', 0.001368924226676907)]
[([[128, 44], [156, 44], [156, 86], [128, 86]], '옷', 0.9944472125270956), ([[861, 89], [921, 89], [921, 129], [861, 129]], '소마', 0.9917768882345506), ([[207, 127], [265, 127], [265, 165], [207, 165]], '아어', 0.15587190309333443), ([[859, 133], [923, 133], [923, 173], [859, 173]], '아아', 0.9999480754774863), ([[34, 310], [138, 310], [138, 358], [34, 358]], '하아이', 0.38283634261285204), ([[944, 402], [972, 402], [972, 444], [944, 444]], '옷', 0.993589574903897), ([[142, 504], [174, 504], [174, 542], [142, 542]], '앗', 0.6611221759657191), ([[948, 1214], [996, 1214], [996, 1268], [948, 1268]], '리', 0.025016989889593333), ([[309, 1491], [333, 1491], [333, 1507], [309, 1507]], '1 내', 0.30691197514533997), ([[346, 1470], [444, 1470], [444, 1518], [346, 1518]], '~+대', 0.06896454483993252), ([[557, 1507], [597, 1507], [597, 1551], [557, 1551]], '#', 0.9422999665673757), ([[129, 1587], [191, 1587], [191, 1629], [129, 1629]], '하아', 0.9999655240519858), ([[125, 1629], [189, 1629], [189, 1671], [125, 1671]], '아아', 0.9998989333532101), ([[51, 1687], [109, 1687], [109, 1731], [51, 1731]], '앗0', 0.43451119520664866), ([[1426, 2078], [1460, 2078], [1460, 2108], [1426, 2108]], '19', 0.4619029709711836), ([[248.83784711070282, 992.4378814203033], [501.8443972522081, 908.6695903763967], [543.1621528892972, 1078.5621185796967], [290.1556027477919, 1161.3304096236034]], '헌유', 0.002802280810182665), ([[744.1621014199603, 1069.1130215016785], [946.825545351659, 1047.7719732804974], [951.8378985800397, 1179.8869784983215], [750.174454648341, 1201.2280267195026]], '*', 0.025031180324433855), ([[3.538817502298688, 1237.1265297722973], [242.7868670818102, 1178.0963346965495], [276.4611824977013, 1381.8734702277027], [37.21313291818983, 1440.9036653034505]], '낚교', 0.023224476039082353), ([[746.3374613932566, 1309.1145521617768], [1174.1404835327603, 1221.3719118222252], [1205.6625386067433, 1486.8854478382232], [777.8595164672398, 1574.6280881777748]], '7성;', 0.00985944160532278), ([[467.0557630317494, 1480.0899677650968], [567.9239177940897, 1501.1310733304547], [556.9442369682506, 1541.9100322349032], [456.0760822059103, 1520.8689266695453]], "  '", 0.0979612663105436), ([[586.1430466182295, 1495.3576165455736], [684.4517177551413, 1487.7235534206663], [685.8569533817705, 1529.6423834544264], [587.5482822448587, 1537.2764465793337]], '14+사', 0.03223709017038345), ([[682.0513167019495, 1499.1539501058485], [744.9263230062031, 1509.339217385696], [739.9486832980505, 1534.8460498941515], [677.0736769937969, 1524.660782614304]], '나+', 0.3375191006377174)]
[([[171, 131], [225, 131], [225, 173], [171, 173]], '앗0', 0.11267849411712874), ([[302, 570], [338, 570], [338, 598], [302, 598]], '앗0', 0.35218296459136517), ([[145, 697], [181, 697], [181, 733], [145, 733]], '아', 0.9998680396701367), ([[260, 708], [284, 708], [284, 746], [260, 746]], '응', 0.9992043171237697), ([[71, 725], [131, 725], [131, 769], [71, 769]], '앗0', 0.1743932965884513), ([[304, 1132], [334, 1132], [334, 1166], [304, 1166]], '놔', 0.018812073470933832), ([[1202, 1350], [1378, 1350], [1378, 1536], [1202, 1536]], '7', 0.7967369943617655), ([[1047, 1469], [1321, 1469], [1321, 1679], [1047, 1679]], '714', 0.1578300323766505), ([[222, 1814], [254, 1814], [254, 1852], [222, 1852]], '하', 0.9998867543812509), ([[12, 2078], [46, 2078], [46, 2110], [12, 2110]], '20', 0.9998932523889504), ([[923.2521834069638, 1143.0436681392755], [1316.3499561866333, 1108.9635113577935], [1322.7478165930363, 1412.9563318607245], [929.6500438133667, 1447.0364886422065]], '{;:', 0.05219868781816028), ([[376.8958655567851, 1307.0277245800235], [637.2987174243259, 1363.5169539122219], [589.1041344432149, 1549.9722754199765], [328.70128257567404, 1492.4830460877781]], ',동', 0.0024949956901031654)]
[([[1145, 1399], [1395, 1399], [1395, 1519], [1145, 1519]], '{숙 ,', 0.11759790307089345), ([[1430, 2070], [1458, 2070], [1458, 2100], [1430, 2100]], '21', 0.9999876088490234), ([[311.4521741996336, 1262.299131638461], [469.33811961161217, 1230.8253389388453], [481.5478258003664, 1325.700868361539], [323.66188038838783, 1356.1746610611547]], '>33 ,', 0.0036362209556541803), ([[86.39495830115862, 1426.7243707335917], [354.6046789830503, 1356.4957154030221], [379.6050416988414, 1486.2756292664083], [110.3953210169497, 1556.5042845969779]], '>숙슈', 0.008904604694271435), ([[1094.9901738025585, 1625.0879813491679], [1484.792246138712, 1590.2839002742107], [1487.0098261974415, 1784.9120186508321], [1097.207753861288, 1819.7160997257893]], "'슈", 0.06391340466777648)]
[([[854, 354], [886, 354], [886, 394], [854, 394]], '응', 0.9997809053277393), ([[209, 1043], [229, 1043], [229, 1093], [209, 1093]], '*', 0.037015687580733925), ([[1267, 1875], [1367, 1875], [1367, 1940], [1267, 1940]], '*', 0.5588950939231871), ([[8, 2070], [42, 2070], [42, 2100], [8, 2100]], '22', 0.5906715990067861), ([[171.40800782987813, 49.22564463030529], [374.1697088426385, 8.988126830074032], [389.5919921701219, 135.77435536969472], [187.8302911573615, 176.01187316992596]], '*;', 0.0028278785431553356), ([[265.20546590207573, 274.0806715130407], [484.37844423432836, 248.09818927620185], [493.79453409792427, 424.9193284869593], [274.62155576567164, 450.9018107237981]], '섬', 0.0023913769410564), ([[233.58378471107028, 1188.0437881420303], [254.51994694689574, 1185.0687684829586], [260.4162152889297, 1238.9562118579697], [239.48005305310426, 1240.9312315170414]], '#', 0.0862608510221543), ([[945.7338312761985, 1460.2159226362323], [1100.9336179937955, 1432.9881044976278], [1111.2661687238015, 1535.7840773637677], [957.0663820062044, 1562.0118955023722]], '씹:#;', 0.01865040324628353), ([[1014.8200063599809, 1569.9120101759695], [1132.852416505819, 1543.4709698139498], [1142.1799936400191, 1596.0879898240305], [1024.147583494181, 1622.5290301860502]], '*{7', 0.033126986534143206), ([[1223.1085781235672, 1751.138331240257], [1414.4226962291473, 1728.23035372009], [1420.8914218764328, 1844.861668759743], [1228.5773037708527, 1866.76964627991]], '8#', 0.013705412815843306), ([[1062.756503204768, 1977.2312153828864], [1219.4291367122728, 1949.932493064325], [1229.243496795232, 2046.7687846171136], [1072.5708632877272, 2073.067506935675]], '8; ,', 0.1460582723557611)]
[([[310, 2], [518, 2], [518, 122], [310, 122]], '떤7', 0.023182001126355597), ([[1052, 0], [1313, 0], [1313, 151], [1052, 151]], '1자', 0.0042825197674299055), ([[1082, 217], [1415, 217], [1415, 414], [1082, 414]], '8777', 0.047214046120643616), ([[837, 1641], [899, 1641], [899, 1707], [837, 1707]], '$', 0.30355620389633486), ([[223, 1771], [321, 1771], [321, 1837], [223, 1837]], '아앗', 0.7109963039999639), ([[1296, 1858], [1344, 1858], [1344, 1890], [1296, 1890]], '하아', 0.9998408572092468), ([[11, 1915], [109, 1915], [109, 1979], [11, 1979]], '아아', 0.999672281836449), ([[1076, 1956], [1124, 1956], [1124, 1988], [1076, 1988]], '하아', 0.9531868433549086), ([[1224, 1946], [1270, 1946], [1270, 1976], [1224, 1976]], '하아', 0.9997440939273833), ([[11, 1981], [107, 1981], [107, 2049], [11, 2049]], '아양', 0.6966058728842709), ([[523, 2065], [559, 2065], [559, 2101], [523, 2101]], '2', 0.0864673351920695), ([[1438, 2062], [1472, 2062], [1472, 2092], [1438, 2092]], '23', 0.9999983141264758), ([[673.9364744308797, 195.14261590233372], [940.8045892050494, 166.18703031556305], [945.0635255691203, 296.8573840976663], [679.1954107949506, 325.81296968443695]], "*9 '", 0.052427612245082855)]
[([[1422, 2049], [1458, 2049], [1458, 2078], [1422, 2078]], '25', 0.9976725466101961), ([[1474, 2045], [1513, 2045], [1513, 2081], [1474, 2081]], '124', 0.8940101108773052)]
[([[226, 1828], [330, 1828], [330, 1878], [226, 1878]], '한번 더', 0.9997194142183751), ([[200, 1878], [322, 1878], [322, 1928], [200, 1928]], '할까-"', 0.898999810218811), ([[16, 2076], [50, 2076], [50, 2108], [16, 2108]], '26', 0.8859021565804472), ([[175.0868184120003, 1655.0598199312021], [261.91777533086594, 1691.9302409282166], [238.9131815879997, 1744.9401800687979], [151.08222466913406, 1709.0697590717834]], '(스', 0.011154712246997468)]
[([[256, 515], [593, 515], [593, 588], [256, 588]], '고기 다지기~~실~', 0.017613828482883495), ([[30, 972], [148, 972], [148, 1026], [30, 1026]], '미디업', 0.701394040288403), ([[42, 1036], [162, 1036], [162, 1090], [42, 1090]], '미디업', 0.7010107663848807), ([[650, 1156], [730, 1156], [730, 1197], [650, 1197]], '테어', 0.3074730643453794), ([[640, 1222], [721, 1222], [721, 1263], [640, 1263]], '레어', 0.6570053940936683), ([[121, 1711], [207, 1711], [207, 1777], [121, 1777]], '헬런', 0.01062955031392125), ([[74, 1983], [570, 1983], [570, 2071], [74, 2071]], '0 |구미장 고기고기3', 0.5067986062013848), ([[1442, 2078], [1474, 2078], [1474, 2106], [1442, 2106]], '27', 0.7425930824039236)]
[([[9, 2085], [31, 2085], [31, 2105], [9, 2105]], '28', 0.8641373617607248)]
[]
[([[1324, 32], [1424, 32], [1424, 110], [1324, 110]], '낙서', 0.9975393431108791), ([[435, 115], [519, 115], [519, 153], [435, 153]], '4 |-*니', 0.2020729422589955), ([[534, 1532], [560, 1532], [560, 1582], [534, 1582]], '1', 0.37524680952296663), ([[471, 1843], [489, 1843], [489, 1865], [471, 1865]], '0', 0.2419602416013369), ([[0, 2079], [23, 2079], [23, 2099], [0, 2099]], '30', 0.9999953638498115)]
[([[772, 84], [940, 84], [940, 209], [772, 209]], '후기', 0.7748615038028395), ([[754, 332], [1074, 332], [1074, 388], [754, 388]], '사주신 문률감사합내트', 0.023658841778819762), ([[760, 452], [1094, 452], [1094, 508], [760, 508]], '덕숨에 $권까지달습내야', 0.01220953392368289), ([[756, 500], [1219, 500], [1219, 560], [756, 560]], '저번저저벤 [이류미장 고기고기늄', 0.07461586606664444), ([[757, 549], [1281, 549], [1281, 609], [757, 609]], '이류미장의료트함율중심적으로 그러세', 0.17729006305842437), ([[758, 602], [1112, 602], [1112, 656], [758, 656]], '약간 에로로록 언제행다면', 0.12061998619796296), ([[758, 652], [1310, 652], [1310, 708], [758, 708]], '이번에늄예로결 조금농습하게 해빛습내다', 0.0333985614166175), ([[755, 699], [976, 699], [976, 754], [755, 754]], '(어떤가요`', 0.3293981982420028), ([[758, 802], [1096, 802], [1096, 858], [758, 858]], '최료 좋음 권제 나좌 권제', 0.040571963221107586), ([[756, 852], [1012, 852], [1012, 908], [756, 908]], '제안의 이루미장이', 0.3358879301077352), ([[758, 904], [1010, 904], [1010, 958], [758, 958]], '꽤내 개방적이계 돼', 0.5342781497003777), ([[757, 950], [1197, 950], [1197, 1010], [757, 1010]], '그런 이류미장움잡 그리고 싶다', 0.19485934110350495), ([[758, 1001], [1020, 1001], [1020, 1058], [758, 1058]], '태늄생각음합내다', 0.22908422066789647), ([[746, 1080], [1150, 1080], [1150, 1136], [746, 1136]], '개인적인 필러에 컬리기 때문에', 0.11041514426583936), ([[747, 1128], [1179, 1128], [1179, 1188], [747, 1188]], '태클결점이 잔뜩있움컷 같지만', 0.10266577747556471), ([[748, 1180], [1170, 1180], [1170, 1236], [748, 1236]], '만약 즐-주센다면 기뻐숙습내다', 0.01120934171053641), ([[755, 1449], [841, 1449], [841, 1485], [755, 1485]], '20141', 0.2834607585101122), ([[863, 1447], [919, 1447], [919, 1485], [863, 1485]], '#극', 0.026983168625013557), ([[757, 1499], [895, 1499], [895, 1537], [757, 1537]], '* 잡다 ^새', 0.06060989719486069), ([[1442, 2078], [1476, 2078], [1476, 2108], [1442, 2108]], '8', 0.9528051249213263)]
[([[508, 171], [840, 171], [840, 222], [508, 222]], '깥0-8렉나 {리물맥산어+.', 0.0004715798000257128), ([[857, 173], [985, 173], [985, 213], [857, 213]], '101. 42', 0.3419067123199581), ([[123, 236], [1240, 236], [1240, 341], [123, 341]], '[1< 라5 + 스[ < [- <', 0.09821843223395361), ([[1269, 249], [1313, 249], [1313, 325], [1269, 325]], '3', 0.9962746095343391), ([[700, 450], [792, 450], [792, 504], [700, 504]], '놀출', 0.08331848336404159), ([[640, 508], [850, 508], [850, 560], [640, 560]], '출근9다 ^^', 0.1505517529348663), ([[653, 557], [839, 557], [839, 597], [653, 597]], '@목명형 *0-8렉나', 0.00016880311413643777), ([[680, 682], [812, 682], [812, 734], [680, 734]], '티]폐로-', 0.0007826136786275243), ([[622, 742], [870, 742], [870, 794], [622, 794]], '그-런#방', 0.06714298759375115), ([[684, 870], [808, 870], [808, 920], [684, 920]], '쭉구타', 0.15777892326303794), ([[516, 924], [690, 924], [690, 976], [516, 976]], '*껏#방죽47', 0.003862478731193995), ([[779, 925], [993, 925], [993, 969], [779, 969]], '2014 12 30', 0.8723020977001991), ([[702, 1042], [792, 1042], [792, 1092], [702, 1092]], '쭉수', 0.3374992928634281), ([[642, 1106], [852, 1106], [852, 1158], [642, 1158]], '} 9스륭- _', 0.0006030134811606664), ([[605, 1159], [889, 1159], [889, 1197], [605, 1197]], '라히2교니. ^라+기컨!기나+~,', 4.41484550062117e-06), ([[502, 1226], [986, 1226], [986, 1275], [502, 1275]], '++명://라라`라+0: `라니나<라,라: 노명', 1.3344300824250128e-05), ([[480, 1279], [961, 1279], [961, 1322], [480, 1322]], '아+하커아<;@하라`하+어-굽 $나기쫓기. "즌', 6.966114954756955e-07), ([[973, 1283], [1011, 1283], [1011, 1321], [973, 1321]], '1~', 0.07740129629843827), ([[579, 1763], [675, 1763], [675, 1801], [579, 1801]], '# 싶<', 0.01905994303524494), ([[693, 1759], [931, 1759], [931, 1801], [693, 1801]], '벼-버*+_#} 품손', 0.008337538955853277), ([[578, 1797], [918, 1797], [918, 1835], [578, 1835]], "#! 버(디* 50'*내+-@", 0.034945647083249744), ([[345, 1947], [1147, 1947], [1147, 2009], [345, 2009]], '* 7 8 #숫 #0/0 겨스   콤: 손출 ( 총당 @', 0.00799318346795542), ([[290, 2012], [761, 2012], [761, 2073], [290, 2073]], '첫#출0 # ##-축 .  #빛 .', 0.01392352372281763), ([[777, 2005], [1215, 2005], [1215, 2067], [777, 2067]], '소묘* .  #손손* ( 총화 @', 0.011586448106170417)]
[([[46, 1945], [432, 1945], [432, 1978], [46, 1978]], '포물역목포니@ `포+형하>어-7 명,라-깨,+5', 2.745888553652658e-07), ([[60, 1972], [330, 1972], [330, 2002], [60, 2002]], ">)-회70 +]굽포9령'서;니이/", 2.7401199185979814e-06), ([[366, 1972], [406, 1972], [406, 1996], [366, 1996]], '42', 0.9999981455391691), ([[35, 2003], [417, 2003], [417, 2043], [35, 2043]], ';`악;-`섯7 ";`니;`산', 0.00011181023376590968), ([[428, 2006], [452, 2006], [452, 2036], [428, 2036]], '3', 0.9424519568534784)]
[([[73, 482], [816, 482], [816, 751], [73, 751]], '역식자후기', 0.9863915306241076), ([[75, 769], [1185, 769], [1185, 881], [75, 881]], '식자남이안 해끗서 결국 식자까지햇습니다.', 0.4155485447113744), ([[329, 1095], [423, 1095], [423, 1157], [329, 1157]], '"0줄9', 0.07522539049386978), ([[25, 1379], [630, 1379], [630, 1516], [25, 1516]], '법역 편집하활렉}', 0.013832703951456445), ([[57, 1738], [592, 1738], [592, 1837], [57, 1837]], '이``떨망', 5.5846365924781063e-05), ([[73, 1821], [243, 1821], [243, 1894], [73, 1894]], "하'", 0.0024606312040101087), ([[549, 1839], [591, 1839], [591, 1889], [549, 1889]], '5)', 0.020569402679170606), ([[36, 1872], [633, 1872], [633, 1986], [36, 1986]], '램레-닥 텔월 모집넥내다', 0.0003319539519807195), ([[869, 1865], [1433, 1865], [1433, 1980], [869, 1980]], '텔잇페에@@렌@@-물', 0.010311456578365191), ([[37, 1970], [687, 1970], [687, 2083], [37, 2083]], '[@라물@어씹@옷@영술@@긋권뚜0', 7.606270386229399e-07), ([[937, 1963], [1433, 1963], [1433, 2071], [937, 2071]], '꽉업액 하206.0,{2', 0.012417336835786821), ([[193.24733372509885, 925.4884869447612], [247.9488132492752, 967.0359119047758], [139.75266627490115, 1101.5115130552388], [85.05118675072481, 1059.964088095224]], '북', 0.012813941757278124), ([[329.6530987749529, 994.1308037522599], [374.6574581621697, 967.0309434810015], [425.3469012250471, 1058.86919624774], [381.3425418378303, 1086.9690565189985]], '뼈', 0.532402025835438), ([[242.87292886485199, 1269.053045967431], [450.211970368522, 1098.7329934186928], [501.127071135148, 1186.946954032569], [293.788029631478, 1357.2670065813072]], '[미예륙', 0.06419214606285095), ([[104.5283312013444, 1106.0101169913246], [300.95955193092465, 1285.3301685967033], [235.4716687986556, 1360.9898830086754], [40.04044806907536, 1181.6698314032967]], '[튿신 ', 0.002169746207073331)]
