776414
40
[([[43, 7], [683, 7], [683, 121], [43, 121]], '%%또#스>넷', 0.007881810553587337), ([[46, 114], [562, 114], [562, 166], [46, 166]], '차기|.2   ~모또여업 출 류>', 0.0003536158145588229), ([[51, 188], [335, 188], [335, 231], [51, 231]], '기 회정 이-%', 0.0016121327125387058), ([[488, 852], [574, 852], [574, 906], [488, 906]], '역자', 0.9987095389229763), ([[604, 852], [702, 852], [702, 908], [604, 908]], '거인', 0.999711559154389), ([[488, 922], [574, 922], [574, 976], [488, 976]], '식자', 0.9998313324787828), ([[605, 923], [691, 923], [691, 983], [605, 983]], '남미:', 0.5313409094803537)]
[([[18, 108], [84, 108], [84, 136], [18, 136]], '힘.이', 0.9435887725010683), ([[30, 142], [108, 142], [108, 172], [30, 172]], '들어가지', 0.9999099373817444), ([[18, 178], [64, 178], [64, 204], [18, 204]], '않아', 0.9981299511184971), ([[520, 348], [583, 348], [583, 374], [520, 374]], '어  라', 0.3073240706596126), ([[518, 382], [546, 382], [546, 406], [518, 406]], '나;', 0.41351143977920973), ([[518, 416], [608, 416], [608, 442], [518, 442]], '어깨 서?', 0.7759617894220894), ([[43, 731], [63, 731], [63, 759], [43, 759]], "'1", 0.04794410061397005), ([[53, 771], [69, 771], [69, 799], [53, 799]], '+', 0.3815720435038408), ([[149.57826291885397, 585.1708779673012], [188.6553953112131, 560.0359026679606], [233.42173708114603, 637.8291220326988], [193.3446046887869, 662.9640973320394]], '국', 0.20784887117051287)]
[([[548.8239833327128, 734.0630449942289], [631.4944694127857, 726.4705296121997], [639.1760166672872, 848.9369550057711], [556.5055305872143, 856.5294703878003]], '끼', 0.900041888923031)]
[([[26, 290], [106, 290], [106, 398], [26, 398]], '좁', 0.016484963812306797), ([[167, 519], [239, 519], [239, 539], [167, 539]], '그 래 .', 0.6160245791248024), ([[164, 550], [190, 550], [190, 576], [164, 576]], '나', 0.9999657872265324)]
[([[614, 122], [665, 122], [665, 151], [614, 151]], '저서 .', 0.7460673451423645), ([[616, 158], [686, 158], [686, 186], [616, 186]], '잡혀서 .', 0.9280391184761394), ([[616, 194], [674, 194], [674, 220], [616, 220]], '그리고', 0.9999905020849161), ([[279, 539], [339, 539], [339, 627], [279, 627]], '값', 0.003182064953579103), ([[240.22726586600072, 613.0271752972103], [321.9567886459534, 598.4048406853336], [349.7727341339993, 776.9728247027897], [268.0432113540466, 791.5951593146664]], '#', 0.7237913317595144)]
[([[508, 130], [571, 130], [571, 162], [508, 162]], '계속 ', 0.8738499453410168), ([[510, 168], [592, 168], [592, 194], [510, 194]], '기계  에,', 0.6083268242970719), ([[481, 365], [569, 365], [569, 463], [481, 463]], '4', 0.026704325809643104), ([[475, 462], [583, 462], [583, 637], [475, 637]], '값', 0.057483176779848044), ([[327, 715], [384, 715], [384, 824], [327, 824]], '%', 0.0514326344026641)]
[([[132, 70], [188, 70], [188, 98], [132, 98]], '몸이 ,', 0.7557845711708069), ([[132, 106], [202, 106], [202, 134], [132, 134]], '점  점.', 0.6947398683312095), ([[132, 144], [234, 144], [234, 174], [132, 174]], '이상해. 저.', 0.6099564988003817), ([[132, 180], [158, 180], [158, 204], [132, 204]], '또', 0.9999483830437192), ([[623, 153], [691, 153], [691, 231], [623, 231]], '&', 0.03833839525891336), ([[591, 587], [653, 587], [653, 707], [591, 707]], '채', 0.0018062221729337052), ([[644.3069948509526, 208.04015571819247], [710.8091541715941, 267.4987579107116], [676.6930051490474, 305.95984428180753], [610.1908458284059, 247.50124208928835]], '총@', 0.0011031003396853865)]
[([[462, 208], [578, 208], [578, 234], [462, 234]], '리 리아 나가', 0.6420836198176957), ([[462, 240], [540, 240], [540, 270], [462, 270]], '말, 햇볕 .', 0.15830663362740058), ([[462, 274], [514, 274], [514, 300], [462, 300]], '절정.', 0.5137258013821319), ([[462, 306], [524, 306], [524, 334], [462, 334]], '간다고', 0.9996818952470679), ([[531, 500], [587, 500], [587, 528], [531, 528]], '뜨거  ,', 0.9396138820434919), ([[532, 534], [582, 534], [582, 558], [532, 558]], '워서 ..', 0.375207947846611), ([[532, 566], [576, 566], [576, 592], [532, 592]], '몸이', 0.9859271818974884), ([[11, 549], [53, 549], [53, 643], [11, 643]], '7', 0.37836021429961875), ([[530, 600], [574, 600], [574, 624], [530, 624]], '저려', 0.9988503433349042)]
[([[632, 594], [656, 594], [656, 620], [632, 620]], '못.', 0.8316754412040382), ([[630, 626], [690, 626], [690, 652], [630, 652]], '견디켓.', 0.8383241295814514)]
[([[548, 276], [614, 276], [614, 302], [548, 302]], '이런거 .', 0.626168121980467), ([[548, 310], [592, 310], [592, 334], [548, 334]], '여도', 0.9999639224882906), ([[551, 345], [591, 345], [591, 365], [551, 365]], '나  ,', 0.23194953799247742), ([[28, 526], [102, 526], [102, 552], [28, 552]], '아 아앗', 0.3201901614665985), ([[28, 558], [102, 558], [102, 584], [28, 584]], '이대로는', 0.943484365940094), ([[28, 590], [54, 590], [54, 614], [28, 614]], '나', 0.9999568467027444), ([[450, 484], [506, 484], [506, 630], [450, 630]], '#', 0.395208553563009), ([[28, 624], [88, 624], [88, 650], [28, 650]], '어떻게', 0.840472525309552), ([[298, 638], [366, 638], [366, 664], [298, 664]], '머리가 .', 0.6891725561629047), ([[28, 658], [74, 658], [74, 682], [28, 682]], '되는.', 0.9622990701442211), ([[300, 670], [376, 670], [376, 700], [300, 700]], '부서질것.', 0.957145982724019), ([[298, 702], [370, 702], [370, 730], [298, 730]], '같은데 ', 0.7978487014770508), ([[300, 738], [338, 738], [338, 762], [300, 762]], '몸  ', 0.7737660841021817), ([[298, 768], [388, 768], [388, 796], [298, 796]], '기분  좋아.', 0.314719259902299), ([[298, 802], [388, 802], [388, 828], [298, 828]], '좋아저서  ', 0.3944128354194637)]
[([[253, 279], [305, 279], [305, 321], [253, 321]], '세', 0.14011102281125432), ([[479.8038311742151, 331.07179874598523], [586.8258116733878, 349.298399388943], [569.1961688257849, 433.92820125401477], [462.17418832661224, 415.701600611057]], '씨', 0.05643021741243559)]
[([[230, 116], [254, 116], [254, 144], [230, 144]], '8', 0.04067137428162315), ([[30, 352], [54, 352], [54, 380], [30, 380]], '8', 0.9776475054312783), ([[311.52530219401126, 577.018807644542], [357.6278165396782, 581.6060607869764], [341.47469780598874, 714.981192355458], [295.3721834603218, 709.3939392130236]], '물', 0.31815249093405384)]
[([[315, 21], [378, 21], [378, 150], [315, 150]], '~', 0.38044989956873465), ([[579, 99], [667, 99], [667, 135], [579, 135]], '1시간후', 0.9940452575683594)]
[([[508, 300], [604, 300], [604, 404], [508, 404]], '4,', 0.3532454507569081), ([[14, 672], [80, 672], [80, 698], [14, 698]], '필스방출', 0.7820988893508911), ([[14, 702], [66, 702], [66, 726], [14, 726]], '대상의', 0.999945903340925), ([[14, 732], [80, 732], [80, 756], [14, 756]], '신경개발', 0.9754397072175968), ([[14, 760], [50, 760], [50, 784], [14, 784]], '개시', 0.9774341024451533), ([[254, 874], [308, 874], [308, 958], [254, 958]], '꼭', 0.18527431647364612)]
[([[320, 64], [344, 64], [344, 154], [320, 154]], '출', 0.10432540878382301), ([[324, 216], [376, 216], [376, 282], [324, 282]], '쇼{', 0.05200869253674787), ([[614, 584], [674, 584], [674, 614], [614, 614]], '대상의', 0.9999500328430623), ([[616, 618], [674, 618], [674, 644], [616, 644]], '육제가', 0.4812626763371401), ([[616, 652], [672, 652], [672, 678], [616, 678]], '지정지', 0.5825438615683257), ([[616, 686], [654, 686], [654, 710], [616, 710]], '까지', 0.9989282053623544), ([[616, 718], [656, 718], [656, 748], [616, 748]], '상승', 0.9585188325260523), ([[614, 752], [658, 752], [658, 780], [614, 780]], '확인', 0.9999810339708489), ([[285, 805], [313, 805], [313, 825], [285, 825]], '제2', 0.998097937220115), ([[284, 832], [348, 832], [348, 856], [284, 856]], '시권스로', 0.8803094259886843), ([[284, 862], [320, 862], [320, 886], [284, 886]], '이행', 0.9996319092704202), ([[284, 890], [338, 890], [338, 914], [284, 914]], '합니다.', 0.9561076760292053)]
[([[510, 98], [596, 98], [596, 124], [510, 124]], '머 . 리가.', 0.388020405094415), ([[510, 134], [558, 134], [558, 164], [510, 164]], '엉망.', 0.7238910543102332), ([[510, 170], [594, 170], [594, 202], [510, 202]], '진창으로.', 0.529343839992057), ([[510, 206], [596, 206], [596, 236], [510, 236]], '되  되어', 0.6780540568129222), ([[510, 244], [578, 244], [578, 270], [510, 270]], '버려서', 0.9997377105696628), ([[56, 278], [84, 278], [84, 308], [56, 308]], '안.', 0.837154739493846), ([[56, 316], [82, 316], [82, 340], [56, 340]], '되', 0.9873299368182451), ([[570, 602], [602, 602], [602, 626], [570, 626]], '아-', 0.9995026191307366)]
[([[575, 51], [681, 51], [681, 141], [575, 141]], '극', 0.010223552300019867), ([[151, 429], [213, 429], [213, 519], [151, 519]], '7', 0.9235742052388254), ([[436, 754], [506, 754], [506, 780], [436, 780]], '멈추  지,', 0.5641774518300975), ([[436, 788], [490, 788], [490, 814], [436, 814]], '않아 ', 0.8214125349661583), ([[436, 820], [542, 820], [542, 848], [436, 848]], '기분  중은게다', 0.18811570638846808), ([[125, 825], [167, 825], [167, 885], [125, 885]], '개', 0.019766209315996486), ([[434, 852], [502, 852], [502, 880], [434, 880]], '[멈추지 .', 0.801842275451471), ([[434, 886], [460, 886], [460, 912], [434, 912]], '(암', 0.11301251179062724), ([[466, 886], [514, 886], [514, 910], [466, 910]], '아 !!', 0.47075484510780674), ([[304.5244746689495, 450.0125712431458], [375.87656627593447, 457.8776706599469], [355.4755253310505, 656.9874287568541], [284.12343372406553, 650.1223293400532]], '독', 0.002129953749314739)]
[([[32, 74], [92, 74], [92, 102], [32, 102]], '실험약,', 0.9165382385253906), ([[32, 106], [106, 106], [106, 132], [32, 132]], '투여개시', 0.9572483897209167), ([[57, 293], [175, 293], [175, 401], [57, 401]], '약', 0.016912348415259126), ([[147, 375], [191, 375], [191, 425], [147, 425]], '7', 0.04591967744204695)]
[([[641, 35], [675, 35], [675, 55], [641, 55]], '(제 2', 0.5822689533233643), ([[640, 62], [690, 62], [690, 86], [640, 86]], '시권스', 0.9150229122664999), ([[640, 92], [676, 92], [676, 118], [640, 118]], '[정상', 0.5800660057852698), ([[154, 332], [182, 332], [182, 366], [154, 366]], '흙', 0.780293137837873), ([[456, 596], [574, 596], [574, 620], [456, 620]], '각 부위 개조효과', 0.990793680062485), ([[456, 624], [586, 624], [586, 648], [456, 648]], '3209 대상의 성감', 0.8312915393853764), ([[130, 640], [158, 640], [158, 694], [130, 694]], '몸', 0.023469614661815408), ([[456, 652], [572, 652], [572, 676], [456, 676]], '개발확인. 인간이', 0.8565289286044704), ([[456, 680], [582, 680], [582, 704], [456, 704]], '견딪수있는 한계치', 0.18514895667241918), ([[456, 706], [586, 706], [586, 732], [456, 732]], '대륙돌파. 생명활동', 0.45453343440386784), ([[129, 701], [159, 701], [159, 805], [129, 805]], '흙', 0.07361235127732701), ([[456, 734], [580, 734], [580, 760], [456, 760]], '정지의 위험성있음', 0.9594842967992763), ([[637, 827], [695, 827], [695, 847], [637, 847]], '여기까지', 0.9998993277549744), ([[624, 852], [702, 852], [702, 876], [624, 876]], '효과가 잇고', 0.5906910596287726), ([[128, 816], [160, 816], [160, 944], [128, 944]], '#', 0.02264835712072344), ([[616, 878], [712, 878], [712, 902], [616, 902]], '[거기에부서지지', 0.950011370380281), ([[627, 907], [705, 907], [705, 927], [627, 927]], '암는 몸인가.', 0.1116599948217748)]
[([[368, 50], [512, 50], [512, 74], [368, 74]], '포식특화시작형 라파즈', 0.9117815163707929), ([[191, 61], [279, 61], [279, 81], [191, 81]], '대상의 육제는', 0.8281730496352221), ([[191, 87], [325, 87], [325, 107], [191, 107]], '이상까지 도달해있어', 0.5531285718858376), ([[368, 76], [474, 76], [474, 100], [368, 100]], '순조롭톱게 가동중', 0.2871377318037882), ([[26, 92], [150, 92], [150, 116], [26, 116]], '대상의 성감은 포획', 0.9030987416069771), ([[190, 110], [308, 110], [308, 134], [190, 134]], '지금까지 실험제는', 0.5314174660693206), ([[370, 102], [488, 102], [488, 126], [370, 126]], '본래라면 시작품의', 0.9962164967880922), ([[555, 107], [589, 107], [589, 127], [555, 127]], '제 3', 0.5679526329040527), ([[26, 118], [148, 118], [148, 142], [26, 142]], '때부터 10배정도로', 0.9564534691574831), ([[191, 139], [317, 139], [317, 159], [191, 159]], '제2시권스의 단계에', 0.8753914578704799), ([[368, 128], [474, 128], [474, 152], [368, 152]], '활동한계 시간은', 0.9627752848140176), ([[554, 136], [604, 136], [604, 160], [554, 160]], '시권스', 0.9285052109140518), ([[27, 147], [159, 147], [159, 167], [27, 167]], '개발햇고 시작(표수주)', 0.027627759696592216), ([[369, 157], [495, 157], [495, 177], [369, 177]], '20시간정도 하지만', 0.7147702065877091), ([[27, 173], [149, 173], [149, 193], [27, 193]], '에 의한 포식행위도', 0.8598135687518542), ([[190, 164], [330, 164], [330, 188], [190, 188]], '정신봉괴또는사망하다 ', 0.47529760328681525), ([[554, 164], [604, 164], [604, 188], [554, 188]], '개시로', 0.999143123626709), ([[27, 199], [59, 199], [59, 217], [27, 217]], '아직', 0.9993359988412959), ([[190, 190], [238, 190], [238, 214], [190, 214]], '하지만', 0.9999066043599196), ([[367, 179], [500, 179], [500, 207], [367, 207]], '[생명력올 흙수하는것', 0.2702767556762045), ([[554, 192], [588, 192], [588, 216], [554, 216]], '부터', 0.9998706959174258), ([[190, 216], [268, 216], [268, 240], [190, 240]], '이 실험제는', 0.6458976533271156), ([[373, 209], [473, 209], [473, 229], [373, 229]], '으로 신체유지논', 0.7473392097481568), ([[26, 222], [152, 222], [152, 248], [26, 248]], '상승할 여지가 있다', 0.8099760471524492), ([[368, 231], [480, 231], [480, 259], [368, 259]], '물론 보다 강력한', 0.978408097263267), ([[554, 222], [618, 222], [618, 246], [554, 246]], '172시간', 0.9998838323228642), ([[44, 250], [152, 250], [152, 274], [44, 274]], '규격외의 개체가', 0.9165877556849532), ([[190, 242], [312, 242], [312, 266], [190, 266]], '죽지도 암고 지금도', 0.6868030265722466), ([[554, 252], [590, 252], [590, 276], [554, 276]], '경과', 0.9999787580544308), ([[190, 268], [328, 268], [328, 292], [190, 292]], '의식올 유지하고 있다.', 0.5364801983012081), ([[370, 260], [478, 260], [478, 284], [370, 284]], '몸올 가지논 것에', 0.576767155441747), ([[26, 276], [148, 276], [148, 300], [26, 300]], '어디까지 견달건가', 0.7952884008906058), ([[368, 286], [430, 286], [430, 310], [368, 310]], '성공햇어.', 0.9118518225564965), ([[26, 302], [138, 302], [138, 328], [26, 328]], '흥미가 생기논군.', 0.758220152616451)]
[]
[([[15, 487], [89, 487], [89, 861], [15, 861]], '{', 0.13380128451741768)]
[([[520, 652], [556, 652], [556, 684], [520, 684]], '건0', 0.0031089059780381122), ([[554, 684], [588, 684], [588, 714], [554, 714]], '대', 0.828641019609254)]
[([[341, 47], [383, 47], [383, 145], [341, 145]], '쇼', 0.07721382344067251), ([[10, 462], [82, 462], [82, 558], [10, 558]], "'0", 0.014468473345720847), ([[24, 550], [74, 550], [74, 630], [24, 630]], '끼', 0.34761961656082363), ([[518, 360], [614, 360], [614, 666], [518, 666]], '%', 0.1475010728407975)]
[]
[([[506, 382], [578, 382], [578, 496], [506, 496]], '#', 0.10245054639723605), ([[510, 504], [590, 504], [590, 582], [510, 582]], '교', 0.15045810580895935)]
[]
[([[206, 64], [280, 64], [280, 90], [206, 90]], '못 견너.', 0.5676079696008833), ([[352, 74], [404, 74], [404, 98], [352, 98]], '아 우', 0.46717763403239154), ([[206, 96], [300, 96], [300, 122], [206, 122]], '인데 . 모두 ', 0.563928597825213), ([[352, 104], [406, 104], [406, 130], [352, 130]], '몸이', 0.9998292252411198), ([[206, 128], [294, 128], [294, 156], [206, 156]], '이상해  서', 0.7728395516075174), ([[352, 136], [446, 136], [446, 162], [352, 162]], '뜨거 . 위서 .', 0.6056089524068459), ([[206, 160], [294, 160], [294, 188], [206, 188]], '전혀  . 못 ', 0.49572632809744127), ([[206, 194], [290, 194], [290, 220], [206, 220]], '견디켓어 .', 0.7024320202036021), ([[536, 514], [600, 514], [600, 540], [536, 540]], '이상해,', 0.9754015803337097), ([[536, 544], [602, 544], [602, 568], [536, 568]], '저 버려', 0.9416225552558899), ([[140, 572], [174, 572], [174, 596], [140, 596]], '해 .', 0.31638682087506415), ([[536, 574], [576, 574], [576, 598], [536, 598]], '이젠', 0.7669086457487009), ([[536, 604], [614, 604], [614, 630], [536, 630]], '아무 것도', 0.948325676130308), ([[536, 634], [610, 634], [610, 660], [536, 660]], '생각 . 못 .', 0.30501466238245095), ([[539.202547777171, 482.1658598874935], [572.8207329549252, 487.17239411139764], [569.797452222829, 508.8341401125065], [536.1792670450748, 503.82760588860236]], '나 ', 0.3952413052466892)]
[]
[]
[([[146, 108], [172, 108], [172, 138], [146, 138]], '흙.', 0.7246862622844336), ([[590, 124], [654, 124], [654, 156], [590, 156]], '어라?', 0.9896645670944829), ([[114, 144], [222, 144], [222, 176], [114, 176]], '꽤나 마음에', 0.9026023237579419), ([[122, 182], [212, 182], [212, 212], [122, 212]], '듣걸려나.', 0.7451726203509444), ([[106, 216], [230, 216], [230, 248], [106, 248]], '설마 흡수까지', 0.31046035374814374), ([[124, 254], [208, 254], [208, 284], [124, 284]], '할줄이야', 0.8084547519683838), ([[604, 486], [654, 486], [654, 512], [604, 512]], '저것의', 0.9986993799565261), ([[606, 516], [656, 516], [656, 540], [606, 540]], '체액은', 0.9225344793124336), ([[588, 544], [668, 544], [668, 570], [588, 570]], '효율적으로', 0.9669067548802834), ([[598, 574], [664, 574], [664, 600], [598, 600]], '생명력올', 0.9991985559463501), ([[420, 600], [472, 600], [472, 624], [420, 624]], '미약에', 0.997568309230372), ([[574, 602], [690, 602], [690, 628], [574, 628]], '흙수하기 위해서', 0.3438150125288761), ([[408, 630], [488, 630], [488, 654], [408, 654]], '절여지면서', 0.7997889403470304), ([[574, 632], [686, 632], [686, 656], [574, 656]], '고순도의 비약의', 0.9236100872268628), ([[404, 658], [490, 658], [490, 684], [404, 684]], '전신올 계속', 0.9821045301534023), ([[574, 662], [690, 662], [690, 686], [574, 686]], '효과루 포함하지', 0.824932489158852), ([[396, 688], [498, 688], [498, 712], [396, 712]], '번해지고 있어.', 0.6524873818668337), ([[596, 692], [662, 692], [662, 716], [596, 716]], '지금까지', 0.9951635599136353), ([[406, 718], [488, 718], [488, 742], [406, 742]], '저걸로부터', 0.31505128226408413), ([[592, 720], [672, 720], [672, 744], [592, 744]], '실험에서도', 0.9939971758400167), ([[390, 746], [508, 746], [508, 770], [390, 770]], '빼내올때 어떠한', 0.3674302760631946), ([[580, 748], [678, 748], [678, 774], [580, 774]], '실험제률 계속', 0.5394518587919217), ([[390, 774], [498, 774], [498, 800], [390, 800]], '결과가 훨건가;.', 0.43420761334190044), ([[592, 778], [668, 778], [668, 804], [592, 804]], '사용햇지만', 0.9749862800036739), ([[158, 796], [242, 796], [242, 828], [158, 828]], '정말로_', 0.9028849005699158), ([[402, 804], [488, 804], [488, 830], [402, 830]], '흙   정말로', 0.73236033318078), ([[133, 837], [333, 837], [333, 873], [133, 873]], '중은 포회물이다 .', 0.3857124299481982), ([[412, 834], [480, 834], [480, 860], [412, 860]], '흥미깊군.', 0.660493931185319)]
[([[483, 161], [599, 161], [599, 203], [483, 203]], '1주일뒤', 0.9674206972122192), ([[374, 508], [454, 508], [454, 538], [374, 538]], '수고햇어', 0.336509108543396), ([[382, 542], [446, 542], [446, 572], [382, 572]], '확실히', 0.99990013484523), ([[364, 578], [464, 578], [464, 608], [364, 608]], '맛본거간네', 0.7745184498423775), ([[227, 571], [287, 571], [287, 647], [227, 647]], '', 0.0), ([[0.28609323645896234, 73.71523309114741], [133.44749595716812, 30.356061494079054], [155.71390676354105, 117.28476690885259], [23.5525040428319, 160.64393850592094]], '(위', 0.15401423933283698)]
[([[85, 566], [210, 566], [210, 596], [85, 596]], '수치로는 인간이', 0.9869520883340638), ([[628, 579], [684, 579], [684, 609], [628, 609]], '그렇권', 0.6789944108388661), ([[102, 602], [192, 602], [192, 628], [102, 628]], '견달수 있는', 0.2869835483262615), ([[634, 614], [674, 614], [674, 638], [634, 638]], '해도', 0.9999863444483912), ([[112, 632], [182, 632], [182, 658], [112, 658]], '한계치틀', 0.16112881898880005), ([[92, 662], [204, 662], [204, 692], [92, 692]], '훨씬 넘/논데', 0.3169086795772517), ([[88, 694], [210, 694], [210, 724], [88, 724]], '생명활동정지에', 0.9992170377905398), ([[112, 728], [182, 728], [182, 752], [112, 752]], '이르지도', 0.9305429458618164), ([[92, 758], [202, 758], [202, 784], [92, 784]], '정신에 이상이', 0.9980388689368623), ([[86, 790], [212, 790], [212, 816], [86, 816]], '생긴것도 아니야', 0.7571646549390638), ([[648, 816], [686, 816], [686, 840], [648, 840]], '아직', 0.9998200377001092), ([[626, 846], [704, 846], [704, 874], [626, 874]], '생명활동0', 0.948414085788721), ([[632, 878], [702, 878], [702, 904], [632, 904]], '계속되고', 0.9962391762074412), ([[640, 910], [694, 910], [694, 936], [640, 936]], '있다니', 0.99990096074041)]
[([[568, 36], [604, 36], [604, 60], [568, 60]], '반좀', 0.782894598501801), ([[556, 66], [620, 66], [620, 90], [556, 90]], '포기하고', 0.9999829530715942), ([[560, 94], [612, 94], [612, 120], [560, 120]], '있없어', 0.6310886522834707), ([[200, 120], [266, 120], [266, 144], [200, 144]], '그럼기에', 0.5312466621398926), ([[546, 124], [630, 124], [630, 148], [546, 148]], '약의 효과루', 0.27919335949755497), ([[198, 148], [268, 148], [268, 172], [198, 172]], '이 결과는', 0.8811833631471324), ([[552, 152], [618, 152], [618, 178], [552, 178]], '확인하면', 0.999897837638855), ([[194, 178], [274, 178], [274, 202], [194, 202]], '나에게있어', 0.9559151258281298), ([[561, 181], [614, 181], [614, 207], [561, 207]], '되젯지', 0.25445518901285086), ([[208, 208], [258, 208], [258, 232], [208, 232]], '정말로', 0.999981967736744), ([[569, 213], [603, 213], [603, 233], [569, 233]], '라고', 0.9999907277059185), ([[200, 236], [268, 236], [268, 260], [200, 260]], '기쁨거야', 0.951610267162323), ([[102, 532], [166, 532], [166, 562], [102, 562]], '왜냐면', 0.9929985068446343), ([[94, 566], [176, 566], [176, 598], [94, 598]], '시험해볼', 0.7111666202545166), ([[80, 604], [188, 604], [188, 634], [80, 634]], '약도 기계도', 0.9255610452493636), ([[80, 640], [190, 640], [190, 670], [80, 670]], '아직 수없이', 0.998447987352171), ([[94, 671], [182, 671], [182, 710], [94, 710]], '있으니까', 0.9068907499313354)]
[([[138, 64], [186, 64], [186, 88], [138, 88]], '그것에', 0.9935082478758676), ([[108, 92], [220, 92], [220, 118], [108, 118]], '공현하다는 거다:', 0.7292239473376164), ([[130, 120], [194, 120], [194, 144], [130, 144]], '영광이라', 0.9417955875396729), ([[584, 118], [664, 118], [664, 144], [584, 144]], '효과적으로', 0.9989235086926683), ([[112, 148], [212, 148], [212, 172], [112, 172]], '생각해도 좋아', 0.7232728355470973), ([[574, 148], [674, 148], [674, 174], [574, 174]], "'활력올 얻논건", 0.36453103041190255), ([[102, 174], [226, 174], [226, 200], [102, 200]], '그리고 자랑스럽게', 0.9102343335712971), ([[576, 178], [674, 178], [674, 202], [576, 202]], '우리 라파즈에', 0.9262068634242566), ([[133, 205], [195, 205], [195, 225], [133, 225]], '여겨도되', 0.999358594417572), ([[580, 208], [668, 208], [668, 234], [580, 234]], '있어 영원한', 0.9703758846752467), ([[122, 230], [204, 230], [204, 254], [122, 254]], '나의 실험에', 0.5901732445973242), ([[591, 239], [657, 239], [657, 259], [591, 259]], '숙제이지', 0.9977204203605652), ([[137, 261], [183, 261], [183, 281], [137, 281]], '견달수', 0.5324026380844513), ([[124, 286], [202, 286], [202, 312], [124, 312]], '있있던것에', 0.391585516774611), ([[602, 474], [682, 474], [682, 498], [602, 498]], '이미 평범한', 0.9025049388201598), ([[298, 488], [372, 488], [372, 514], [298, 514]], '죽올정도의', 0.940472101849196), ([[612, 500], [670, 500], [670, 524], [612, 524]], '사람으론', 0.9692864418029785), ([[310, 516], [358, 516], [358, 540], [310, 540]], '쾌략올', 0.1795320548519861), ([[580, 526], [704, 526], [704, 550], [580, 550]], '견딪수 없는 몸이다;', 0.23895908837523788), ([[294, 542], [376, 542], [376, 566], [294, 566]], '맛보는 거다.', 0.748735866708622), ([[588, 552], [694, 552], [694, 576], [588, 576]], '견딪수 없올지도', 0.26758007546921087), ([[289, 569], [383, 569], [383, 589], [289, 589]], '오히려 기쁘지?', 0.9980118721252598), ([[599, 581], [683, 581], [683, 601], [599, 601]], '모르것지만 ..', 0.2617845365077494), ([[191, 769], [235, 769], [235, 787], [191, 787]], '적어도', 0.9994761873857908), ([[629, 783], [675, 783], [675, 803], [629, 803]], '이렇때', 0.5444766104092311), ([[170, 794], [254, 794], [254, 818], [170, 818]], '여기서 1개월', 0.9314414172516168), ([[622, 806], [682, 806], [682, 830], [622, 830]], '결계라는', 0.9259725213050842), ([[168, 820], [258, 820], [258, 844], [168, 844]], '정도는 어울려', 0.9748644628830164), ([[299, 823], [373, 823], [373, 843], [299, 843]], '시간도 적도', 0.9992969428062465), ([[628, 832], [676, 832], [676, 856], [628, 856]], '기술은', 0.9964097557128715), ([[183, 847], [241, 847], [241, 867], [183, 867]], '쥐아켓어', 0.9788167476654053), ([[292, 848], [380, 848], [380, 872], [292, 872]], '신경쓰지임고', 0.3830334248211861), ([[607, 860], [695, 860], [695, 884], [607, 884]], '유용한것갈네.', 0.38354215195653973), ([[284, 874], [390, 874], [390, 898], [284, 898]], '실험올 활수있어', 0.5723493275144491), ([[286, 900], [388, 900], [388, 924], [286, 924]], '밖에서논 1일이', 0.6524479208157309), ([[286, 926], [386, 926], [386, 950], [286, 950]], '여기서논 1주일', 0.725885145166357)]
[([[177, 335], [195, 335], [195, 367], [177, 367]], '앞', 0.9702492170891333), ([[389, 335], [409, 335], [409, 399], [389, 399]], ']', 0.04801786306654088), ([[45, 407], [61, 407], [61, 471], [45, 471]], '경', 0.012787739047780633), ([[179, 371], [195, 371], [195, 445], [179, 445]], '(', 0.0022319692479247366), ([[129, 523], [145, 523], [145, 579], [129, 579]], '댐', 0.005765605801856533), ([[451, 531], [471, 531], [471, 581], [451, 581]], '출', 0.00931706959089973), ([[129, 579], [145, 579], [145, 627], [129, 627]], '올', 0.9828255119276861), ([[283, 597], [301, 597], [301, 645], [283, 645]], '아', 0.034373699355896514), ([[129, 627], [145, 627], [145, 717], [129, 717]], '1', 0.05061206319139644), ([[552, 590], [576, 590], [576, 680], [552, 680]], '#', 0.08502533941408785), ([[552, 674], [576, 674], [576, 754], [552, 754]], '!', 0.020980231990908038), ([[323, 743], [341, 743], [341, 839], [323, 839]], '6', 0.06768406251522752), ([[67, 797], [83, 797], [83, 887], [67, 887]], '@', 0.005675598486687916), ([[453, 833], [473, 833], [473, 899], [453, 899]], '평', 0.18125724052788783), ([[323, 871], [339, 871], [339, 937], [323, 937]], '별', 0.004366602373725215)]
[([[596, 72], [640, 72], [640, 102], [596, 102]], '필스', 0.946507933421232), ([[580, 108], [660, 108], [660, 138], [580, 138]], '스템바이', 0.863574206829071), ([[580, 386], [610, 386], [610, 494], [580, 494]], '평', 0.00208643041874762), ([[604, 588], [634, 588], [634, 698], [604, 698]], '평', 0.0813127271887879), ([[296, 746], [326, 746], [326, 854], [296, 854]], '평', 0.009953100367701362), ([[410, 694], [488, 694], [488, 878], [410, 878]], '7', 0.024641300672571198), ([[91, 931], [351, 931], [351, 969], [91, 969]], '표053 @@찌진|.히', 0.0002745183369660403), ([[530, 920], [560, 920], [560, 1000], [530, 1000]], '별', 0.006942787203066736)]
[([[104, 114], [174, 114], [174, 138], [104, 138]], '897  7', 0.010254228394169469), ([[104, 140], [466, 140], [466, 168], [104, 168]], '초@|:내디 군+라*안라,+어-손7스/서한화', 2.628244421986504e-07), ([[104, 167], [411, 167], [411, 193], [104, 193]], '-0+-(상조60 주춘플뱃- (기껑주늘-.', 0.00023183900040751174), ([[104, 198], [162, 198], [162, 222], [104, 222]], '17스논', 0.014396979473531246), ([[258, 196], [446, 196], [446, 222], [258, 222]], '1-80/하갇52얻0 7화', 0.005569692174311966), ([[104, 224], [530, 224], [530, 250], [104, 250]], '그크만-포범2+_520*춘+-당 쇼+_.따름다 #숲[(240', 0.0012055922289434728), ([[104, 252], [388, 252], [388, 276], [104, 276]], '55+<201북-쇼그* 비*:내', 0.0072283720095715764), ([[104, 276], [452, 276], [452, 304], [104, 304]], '*]+-+-5(+-쿠(++#매+:0 뜻완웨스<', 4.662165452554334e-05), ([[106, 306], [558, 306], [558, 330], [106, 330]], '@쉬0+0+-0 그미손소3-머한버니_커-+-0.한병 .', 0.00011029780920595534), ([[102, 332], [334, 332], [334, 358], [102, 358]], '+3+:속-햇#(*0하학#;', 6.282679284223084e-05), ([[102, 358], [502, 358], [502, 384], [102, 384]], "0?간#니+]-<')초데) 3)내#축( 하꽂+0(35,*", 0.0003023686379163624), ([[104, 386], [350, 386], [350, 412], [104, 412]], "+내히]화+-떤둘내화'내존답#", 4.8534969708465815e-06), ([[104, 414], [434, 414], [434, 438], [104, 438]], '화-0 다 #-##+논2394*42<:화내', 0.000257468959441384), ([[103, 439], [519, 439], [519, 467], [103, 467]], '-#-트니디(:. 기미투 <#:한+ *속<하+ #그다+니', 0.0003947237162232688), ([[104, 468], [526, 468], [526, 492], [104, 492]], '(:화07*내앗3니카-+-3름로다 <라디+디<-:', 7.628221657956332e-05), ([[104, 508], [357, 508], [357, 534], [104, 534]], '#*구느디서)+**카(디[초갈-다', 0.00016409526340879205), ([[102, 536], [358, 536], [358, 560], [102, 560]], '#슷철-#습릇+:  *빠춤(-퓨타극분*', 2.7243643645122223e-05), ([[104, 561], [421, 561], [421, 587], [104, 587]], '존화 <+름위0-0익##더#또{{손#분(+ 5.', 9.888302483844789e-05), ([[104, 588], [404, 588], [404, 614], [104, 614]], '존6+찌#로+_57.7스+시(단껴눈교표내#화', 1.5388164213452263e-05), ([[104, 617], [307, 617], [307, 641], [104, 641]], '볼내디초3*34+신하화.', 0.0012171015523145439)]
[([[107, 23], [315, 23], [315, 67], [107, 67]], '첫롯탤등홀히', 0.0037744793958345967), ([[103, 127], [175, 127], [175, 147], [103, 147]], '값기71 .', 0.023734034398520332), ([[103, 149], [299, 149], [299, 169], [103, 169]], '{손하습8 논0<소#시소문# ', 0.0016756220496064675), ([[92, 244], [274, 244], [274, 268], [92, 268]], '급+5더(-총 +(/속;-하', 0.0004559014394745631), ([[93, 269], [307, 269], [307, 289], [93, 289]], '품순표#545.더욱:더{료:*7볶<', 0.005004411366917704), ([[91, 291], [221, 291], [221, 311], [91, 311]], '##출활7<(*3.', 0.003514746459113138), ([[88, 394], [304, 394], [304, 418], [88, 418]], "'습+5소소[-,+<값#락30", 0.0014822130051781513), ([[89, 419], [299, 419], [299, 439], [89, 439]], '품구논 51*)수-#썹채껏니<', 0.0006679263052101888), ([[89, 441], [263, 441], [263, 461], [89, 461]], '콤퀴 순소야내(내:기#소.', 0.0010197432796489017), ([[89, 463], [283, 463], [283, 483], [89, 483]], '#늄교-감교단화<01-:).', 0.00018898966681194464), ([[87, 484], [339, 484], [339, 508], [87, 508]], '#스디:찌+-+-[중르 0 ###', 0.0014298968450911279), ([[89, 509], [177, 509], [177, 529], [89, 529]], '860디5', 0.08361800943293465), ([[80, 676], [312, 676], [312, 700], [80, 700]], '#*+751*채5-꽂+78<술+다 시중년', 0.003735475289122289), ([[79, 700], [333, 700], [333, 721], [79, 721]], '탓량|-후2(33: 표5{니한화(쇼.', 0.00013339097004831478), ([[81, 723], [309, 723], [309, 743], [81, 743]], '숲|*표] (-묘[도순리손 소[+5*시진', 0.0017877242660419611), ([[79, 745], [387, 745], [387, 765], [79, 765]], ';기-0숲5, +고 :타품소 좁순 지#+내시니-@', 1.3012547433079504e-05), ([[97, 821], [157, 821], [157, 841], [97, 841]], '카#- [굽다', 0.002583155691916324), ([[99, 843], [421, 843], [421, 863], [99, 863]], '웅미/5구"(-포조*<위도(-콤버한*<056', 3.354960496343757e-05), ([[99, 865], [306, 865], [306, 885], [99, 885]], "모물 [흙구*다 ##1-#{호다#다'56", 0.00022373266372299993), ([[96, 884], [442, 884], [442, 908], [96, 908]], '#켓요(-벽[#0 97#돕02* 손비속 +2화 실소0#*후순', 0.00024513175288912956), ([[99, 909], [149, 909], [149, 929], [99, 929]], '뜻+3', 0.2162923425886519), ([[129, 929], [435, 929], [435, 949], [129, 949]], '그-3+6+잎-단* [금록|하]+#0내^)내$', 0.001736527145371138)]
[([[41, 739], [85, 739], [85, 753], [41, 753]], '*<341', 0.2111866778772781), ([[41, 757], [67, 757], [67, 773], [41, 773]], '활요', 0.009747348786672584), ([[49, 775], [161, 775], [161, 791], [49, 791]], '수앞 #*하로이   "97] 7먼2', 0.006139178855631423), ([[39, 791], [67, 791], [67, 809], [39, 809]], '푸수주', 0.014135972283734482), ([[49, 811], [179, 811], [179, 827], [49, 827]], '(시앓:.+오시-슈30', 0.00010390663362126536), ([[41, 829], [67, 829], [67, 845], [41, 845]], '출랍', 0.02036755131203424), ([[48, 846], [137, 846], [137, 865], [48, 865]], '팬스귀 시라마8안,+응', 2.988851961468809e-06), ([[41, 867], [67, 867], [67, 881], [41, 881]], '이:내', 0.014372361772824346), ([[48, 884], [203, 884], [203, 902], [48, 902]], '훌++;/ /"움374 51형585 뉴웬2;형천/', 0.00010114367806527806), ([[41, 903], [65, 903], [65, 917], [41, 917]], '태:', 0.004156355383567255), ([[49, 919], [133, 919], [133, 937], [49, 937]], '+드0내기국 +꽃', 0.05973242117860188)]
