777202
24
[([[116, 610], [170, 610], [170, 636], [116, 636]], '개드램', 0.4381075961150012), ([[520, 572], [752, 572], [752, 646], [520, 646]], '살 색-찌집', 0.1553579807390235), ([[764, 584], [872, 584], [872, 636], [764, 636]], '[@`너]', 0.003689024198970281), ([[9, 707], [177, 707], [177, 751], [9, 751]], '예심자@꼼이', 0.01410151219006459), ([[18, 762], [144, 762], [144, 814], [18, 814]], '묘-18', 0.5448220372200012), ([[456, 658], [713, 658], [713, 829], [456, 829]], '가슴', 0.9991601166506178), ([[760, 668], [1120, 668], [1120, 820], [760, 820]], '여고생', 0.9999355107706566)]
[([[426, 18], [842, 18], [842, 82], [426, 82]], '처음취켓습니퍼나제입니다', 0.06463040484197648), ([[429, 67], [997, 67], [997, 133], [429, 133]], '이번 @집월구입해주서서 감사합니다', 0.472350502696346), ([[429, 171], [780, 171], [780, 231], [429, 231]], '오리지날울그리고싶다_', 0.15424586021927864), ([[432, 222], [738, 222], [738, 278], [432, 278]], '거유도 그리고 싶다 ', 0.4096310113507095), ([[452, 272], [820, 272], [820, 328], [452, 328]], '그래;//집울 만들어보재]', 0.16468900902595549), ([[432, 371], [1068, 371], [1068, 428], [432, 428]], '이런 느낌으로 본 작품올 만들께되없습니다;', 0.49788970593485815), ([[431, 420], [847, 420], [847, 480], [431, 480]], '맘에 드껴다면 기쁘켓습나다;', 0.5017501099594962), ([[541, 675], [657, 675], [657, 711], [541, 711]], '4-스)', 0.1304207593202591), ([[670, 678], [768, 678], [768, 710], [670, 710]], '7{93', 0.11916876584291458), ([[540, 724], [713, 724], [713, 764], [540, 764]], '+-소*-";', 0.06683529774355143), ([[722, 725], [1081, 725], [1081, 763], [722, 763]], '^+오:/ /,하,라도~,후^.*세#2아가/', 1.4236887401032203e-06), ([[541, 777], [635, 777], [635, 813], [541, 813]], '채#음소', 0.07218749821186066), ([[646, 777], [1029, 777], [1029, 815], [646, 815]], '"-술리,~뭐_머아-1;@@실아+리-.<어;명', 1.6856846268900996e-07)]
[([[43, 1229], [373, 1229], [373, 1291], [43, 1291]], '패략물픽늄-이', 0.0018374026098082498), ([[27, 1287], [523, 1287], [523, 1349], [27, 1349]], '떠언 @옮어_국 _어주면 @왜공', 0.00025638304577977293), ([[29, 1345], [421, 1345], [421, 1407], [29, 1407]], '못망어 그램워 @네롬', 0.006827067756725063), ([[29, 1405], [297, 1405], [297, 1465], [29, 1465]], '그래움물입어)', 0.008537854345063357), ([[29, 1463], [531, 1463], [531, 1523], [29, 1523]], '0- 교움다 찍어로퇴내 용', 0.016658537684968784), ([[29, 1521], [335, 1521], [335, 1581], [29, 1581]], '표포음요', 0.09217701107263565)]
[]
[([[40, 46], [302, 46], [302, 102], [40, 102]], '떠러지프있어', 0.015413610309777856), ([[25, 101], [485, 101], [485, 163], [25, 163]], '눈가 오면비로 멘물-내?획', 0.028668184708794005), ([[23, 219], [634, 219], [634, 279], [23, 279]], '(심술국음 표정그만큼 입-것 같이씨', 0.00886218415603867), ([[39, 335], [323, 335], [323, 397], [39, 397]], '하뀌움%이움', 0.029142648232454434), ([[39, 451], [221, 451], [221, 513], [39, 513]], "@웃숨숨'", 0.039776749081435456), ([[22, 567], [488, 567], [488, 630], [22, 630]], '(위험애"조림적어권표움료]', 0.00858404981233469), ([[39, 684], [395, 684], [395, 746], [39, 746]], '@아움 활짝움적 @/', 0.014651799610058271), ([[23, 803], [469, 803], [469, 863], [23, 863]], '(나나; 양호실에세 이/ 핏완', 0.054009041730203704)]
[]
[([[1201, 33], [1571, 33], [1571, 93], [1201, 93]], '(0 정말 매슴  움', 0.02878670334881315), ([[1135, 89], [1552, 89], [1552, 151], [1135, 151]], '문예정말로-습 동이해예', 0.01595921562957675), ([[1171, 147], [1553, 147], [1553, 209], [1171, 209]], '@용% 이립 첫렉@로@', 0.0046530823969498794), ([[1229, 207], [1553, 207], [1553, 267], [1229, 267]], '@중아보이계 원원', 0.053482979655917334), ([[1183, 265], [1553, 265], [1553, 327], [1183, 327]], '퍼신? @꿈뭐 기문중이', 0.003546719427076563), ([[1446, 384], [1550, 384], [1550, 436], [1446, 436]], '@옷@', 0.04819346195189002), ([[1225, 441], [1552, 441], [1552, 501], [1225, 501]], '묘잔뜩 @오페없어지', 0.037538225890488115), ([[1160, 498], [1552, 498], [1552, 560], [1160, 560]], '@질렉네 피실에 돌이말-', 0.09446969471582073)]
[]
[([[681, 699], [869, 699], [869, 895], [681, 895]], '6', 0.10978278887653037), ([[51, 1101], [315, 1101], [315, 1163], [51, 1163]], '하앗3 짓 -내', 0.004057782494128924), ([[53, 1161], [531, 1161], [531, 1223], [53, 1223]], '[안되 안리미 두가 @미렉@', 0.002770905582629586), ([[52, 1222], [240, 1222], [240, 1278], [52, 1278]], '@ 잇맛이-', 0.038705198358490345), ([[51, 1277], [307, 1277], [307, 1339], [51, 1339]], '양때5 멈최취없손', 0.007566995959324586), ([[51, 1335], [595, 1335], [595, 1397], [51, 1397]], '뚜0 이람- 기늄 동음숙 수연의집이갑', 0.0002491045678104883), ([[51, 1393], [447, 1393], [447, 1453], [51, 1453]], '@@위정말로 @때 정말', 0.17102626555399672), ([[51, 1449], [433, 1449], [433, 1515], [51, 1515]], '[ 청 이바 @)아이후', 7.922074598909225e-05), ([[52, 1512], [226, 1512], [226, 1568], [52, 1568]], '[이오@', 0.011813148856163025), ([[251, 1508], [428, 1508], [428, 1572], [251, 1572]], '정말 마싶퀴드', 0.0236835032855792)]
[([[683, 701], [871, 701], [871, 893], [683, 893]], '|', 0.199223195222217)]
[([[33, 43], [453, 43], [453, 103], [33, 103]], '@흥-이갑영움입숙숨예요', 0.006912389203961588), ([[33, 158], [425, 158], [425, 219], [33, 219]], '@정말로 밥성하득언어터', 0.00398382824780908), ([[34, 220], [482, 220], [482, 276], [34, 276]], '다움유 건젯말같이 유 @교', 0.0008332393878260336), ([[31, 275], [509, 275], [509, 335], [31, 335]], '떼개@블 말울[훨해 탈요', 0.004216289908035815), ([[31, 333], [425, 333], [425, 395], [31, 395]], '@@로@ 죄송합내', 0.041255223320384934), ([[33, 393], [641, 393], [641, 453], [33, 453]], '@용? 문습소리신? 그권 양호실에-', 0.02510470594712261), ([[31, 508], [561, 508], [561, 569], [31, 569]], '@아}이}  리륭 예히 말어-', 0.004216387385583801), ([[31, 567], [527, 567], [527, 627], [31, 627]], '밟용세력질이용해줄렉나', 0.0011992732633905306), ([[31, 623], [639, 623], [639, 687], [31, 687]], '갑3에 리만하용고해줄기내용해훨', 0.0009784678868668302)]
[]
[([[57, 1341], [355, 1341], [355, 1425], [57, 1425]], "''잇앗0 안쇄", 0.06194528316277378), ([[390, 1368], [420, 1368], [420, 1412], [390, 1412]], '김', 0.011285542263378412), ([[57, 1454], [877, 1454], [877, 1542], [57, 1542]], '@그렇게 세계 하면 보지가 부서저버렌즈', 0.03538126632866109), ([[910, 1488], [940, 1488], [940, 1532], [910, 1532]], '민', 0.0344589094691925)]
[]
[]
[([[41, 960], [899, 960], [899, 1049], [41, 1049]], '하언 완전 반택이병 올상어되 @이럽', 0.0014055825976392656), ([[43, 1079], [707, 1079], [707, 1165], [43, 1165]], '[내말꽤 이름결 )웬 [네밀이', 0.002782103301508272)]
[]
[([[64, 42], [600, 42], [600, 119], [64, 119]], '@@ % 손렉이 -림애', 0.03148387873168685), ([[62, 120], [502, 120], [502, 196], [62, 196]], '[개슴 팀다 동이@손', 0.01806006629428199), ([[69, 205], [105, 205], [105, 251], [69, 251]], '[', 0.43915856767995365), ([[83, 195], [434, 195], [434, 274], [83, 274]], "'@5 [양어데-", 0.0013212935151553425), ([[61, 273], [666, 273], [666, 353], [61, 353]], '@@원 애잡 캠제텔-뭐 정말 -', 0.0018666492463533528)]
[]
[([[54, 688], [379, 688], [379, 776], [54, 776]], '하하맛} @잇', 0.06435945352113173), ([[58, 774], [398, 774], [398, 852], [58, 852]], '[좋아; 중이@(', 0.128769086098556), ([[55, 924], [308, 924], [308, 1011], [55, 1011]], '하으하/관@', 0.08482272810880949), ([[59, 1003], [573, 1003], [573, 1089], [59, 1089]], '의자; 자제로 때립어지미', 0.041811560981109455), ([[604, 1030], [634, 1030], [634, 1076], [604, 1076]], '-', 0.026752678888426695), ([[58, 1084], [300, 1084], [300, 1162], [58, 1162]], '모기운조이', 0.20878558335980385), ([[334, 1080], [725, 1080], [725, 1166], [334, 1166]], '@쇄께지 들어외-', 0.030319858964828084)]
[]
[]
[([[37.35613648889826, 1098.251909742271], [314.96160723621557, 1055.7253898849137], [324.64386351110176, 1177.748090257729], [46.0383927637844, 1219.2746101150863]], '아때-!!', 0.575315629553026)]
[([[0, 0], [66, 0], [66, 68], [0, 68]], '후', 0.9989518291079982), ([[189, 5], [401, 5], [401, 69], [189, 69]], '".형감', 0.00047525210538879037), ([[396, 60], [626, 60], [626, 136], [396, 136]], '역히한', 0.5676789995781828), ([[400, 128], [504, 128], [504, 200], [400, 200]], '끊이', 0.9962256477201971), ([[401, 203], [951, 203], [951, 265], [401, 265]], '사람이 항상 캐비어나 푸아그라만', 0.8976357718562185), ([[405, 265], [833, 265], [833, 325], [405, 325]], '먹고 살면 재미 없잡아요?', 0.6075415644053711), ([[403, 323], [995, 323], [995, 387], [403, 387]], '소주에 노가리도 뜯으면서 사능거조', 0.4613545923334034), ([[401, 385], [1297, 385], [1297, 449], [401, 449]], '그렇게 고월 (/는 아니지만 이런 것도 쫓지 안습니가?', 0.3125040967686724), ([[403, 1545], [599, 1545], [599, 1611], [403, 1611]], '팀 개드컵', 0.5368124863255491), ([[403, 1635], [1141, 1635], [1141, 1699], [403, 1699]], '팀 개드립에서는 일본어름 한글로 번역해주실', 0.2754945829616233), ([[1138, 1617], [1332, 1617], [1332, 1708], [1138, 1708]], '역자분과', 0.9978582262992859), ([[401, 1708], [1344, 1708], [1344, 1786], [401, 1786]], '번역된 한국어름 편집해 주실 식자분올 구하고 있습니다', 0.5168206051624626), ([[400, 1798], [1385, 1798], [1385, 1874], [400, 1874]], '신청은 [--권이: 어:꼬예서 하실수 있습니다', 0.004719776538297279), ([[403, 1885], [1276, 1885], [1276, 1949], [403, 1949]], '혼자하는 작업보다 같이 하는 작업이 더욱 즐겁습니다', 0.6964524597910063)]
