781672
84
[([[384, 2], [498, 2], [498, 29], [384, 29]], '#*,^#사', 0.02309437406143984), ([[406, 217], [575, 217], [575, 321], [406, 321]], '205', 0.9817227721214294), ([[545, 168], [1089, 168], [1089, 360], [545, 360]], '가소 ##다곁', 0.0032360001192545894), ([[959, 304], [1077, 304], [1077, 340], [959, 340]], '# 7>)', 0.29123223920369506), ([[1061, 969], [1149, 969], [1149, 1007], [1061, 1007]], "'주모", 0.0009792244956608681)]
[([[384, 2], [498, 2], [498, 29], [384, 29]], '#*,^#사', 0.02309437406143984), ([[406, 217], [575, 217], [575, 321], [406, 321]], '205', 0.9817227721214294), ([[545, 168], [1089, 168], [1089, 360], [545, 360]], '가소 ##다곁', 0.0032360001192545894), ([[959, 304], [1077, 304], [1077, 340], [959, 340]], '# 7>)', 0.29123223920369506), ([[1061, 969], [1149, 969], [1149, 1007], [1061, 1007]], "'주모", 0.0009792244956608681)]
[([[342, 652], [364, 652], [364, 660], [342, 660]], '5', 0.06614540279805681)]
[([[113, 215], [257, 215], [257, 283], [113, 283]], '선생님', 0.6506972781373758), ([[112, 276], [430, 276], [430, 348], [112, 348]], '사정하고 싶어요', 0.8622212219958517)]
[([[336, 652], [364, 652], [364, 660], [336, 660]], '훌03', 0.0007914460397955594)]
[]
[([[341, 651], [367, 651], [367, 663], [341, 663]], '0', 0.7953864192258067)]
[([[335, 649], [367, 649], [367, 663], [335, 663]], "'06", 0.09811957999272138)]
[]
[]
[([[341, 227], [425, 227], [425, 331], [341, 331]], '네', 0.999701045448603), ([[688, 712], [979, 712], [979, 779], [688, 779]], '나 요즘 자위가', 0.8943760623536761), ([[689, 777], [1033, 777], [1033, 843], [689, 843]], '좋아지게 되버려서', 0.8273314498363961), ([[1063, 905], [1551, 905], [1551, 973], [1063, 973]], '엔도군 남성기와 여성기논', 0.5504538627740785), ([[1029, 967], [1555, 967], [1555, 1035], [1029, 1035]], '교미틀 하기 위해 있는거니까', 0.5232025548882493), ([[1152, 1026], [1556, 1026], [1556, 1101], [1152, 1101]], '쭉 사이중은 친구니까', 0.8876188356234513), ([[1004, 1092], [1554, 1092], [1554, 1164], [1004, 1164]], '사양말고 좀 더 푹푹 절러주럼.', 0.20989653028130895), ([[80.52595453686003, 421.02252263703025], [117.08281997811346, 433.06347602794744], [82.47404546313997, 535.9774773629698], [45.917180021886544, 523.9365239720526]], '$', 0.22014183036668555), ([[76.62918428160435, 536.034676692503], [96.90894068337575, 538.2184762605835], [90.37081571839565, 592.965323307497], [70.09105931662425, 590.7815237394165]], '5', 0.3474359862868823), ([[16.598005176152526, 612.02025124391], [48.34651846545937, 604.0150376472172], [75.40199482384747, 718.97974875609], [42.65348153454063, 726.9849623527828]], '륙', 0.2999981289923461)]
[([[79.61715037342297, 423.01836388359885], [115.41838601152057, 433.8138723975205], [83.38284962657703, 534.9816361164011], [47.58161398847943, 523.1861276024795]], '$', 0.2340055716152314), ([[75.64841872303269, 535.031144848983], [95.79618623604566, 536.1653099778079], [91.35158127696731, 594.968855151017], [71.20381376395434, 592.8346900221921]], '5', 0.30684588964737713), ([[16.598005176152526, 612.02025124391], [48.34651846545937, 604.0150376472172], [75.40199482384747, 718.97974875609], [42.65348153454063, 726.9849623527828]], '륙', 0.35324913592305407)]
[([[544, 636], [594, 636], [594, 684], [544, 684]], '2', 0.04536978693921867), ([[556, 677], [612, 677], [612, 797], [556, 797]], '"', 0.9847027700374191), ([[787.2365201021611, 642.0987763882121], [811.527371915451, 633.0467172734745], [829.7634798978389, 685.9012236117879], [805.472628084549, 694.9532827265255]], '@', 0.8619463337329449), ([[787.3204595160191, 676.0779759188824], [812.6395012256502, 670.06895271577], [825.6795404839809, 724.9220240811176], [799.3604987743498, 730.93104728423]], '속', 0.021017506259957353), ([[830.422756617837, 701.0560587509685], [853.5979274549469, 697.0601900131776], [864.577243382163, 757.9439412490315], [840.4020725450531, 761.9398099868224]], '#', 0.007920158159094248), ([[547.415793762163, 916.0342469783856], [584.2493900951089, 912.1586133814532], [594.584206237837, 1010.9657530216144], [557.7506099048911, 1014.8413866185468]], '!', 0.36596797709842477)]
[([[297, 303], [481, 303], [481, 369], [297, 369]], '간다간덧', 0.7074256539344788), ([[457, 521], [475, 521], [475, 555], [457, 555]], '빛', 0.016662145863436173), ([[42, 540], [123, 540], [123, 737], [42, 737]], '"', 0.927646832368513), ([[347, 655], [477, 655], [477, 719], [347, 719]], '가여려', 0.2948581139199227), ([[578, 658], [644, 658], [644, 714], [578, 714]], '옛', 0.6721885681447617), ([[159, 771], [179, 771], [179, 795], [159, 795]], '묻', 0.022117056659310075), ([[411, 753], [431, 753], [431, 791], [411, 791]], '흥', 0.04425104352959175), ([[702, 768], [804, 768], [804, 820], [702, 820]], '위험해', 0.9987271118549785), ([[408, 814], [456, 814], [456, 882], [408, 882]], '듭 ', 0.0025776633191123), ([[702, 816], [914, 816], [914, 868], [702, 868]], '저런 격렬한 거', 0.6687526815391687), ([[949, 793], [989, 793], [989, 855], [949, 855]], '놈', 0.11872070864774287), ([[700, 862], [910, 862], [910, 916], [700, 916]], '눈 앞아서 보면', 0.796538422274131), ([[1050.5630697925246, 427.0239351119737], [1079.379236370512, 420.01801810962417], [1103.4369302074754, 525.9760648880263], [1075.620763629488, 532.9819818903758]], '@', 0.038735580735022035), ([[61.478181949714454, 856.0692732139435], [77.5182571321747, 854.0683143255307], [81.52181805028555, 896.9307267860565], [65.4817428678253, 898.9316856744693]], '3', 0.3228464219661795)]
[([[459, 523], [475, 523], [475, 555], [459, 555]], '내', 0.003283571930581042), ([[54, 544], [86, 544], [86, 594], [54, 594]], '실', 0.01296473837806561), ([[45, 591], [87, 591], [87, 729], [45, 729]], '"', 0.9994043998914073), ([[95, 689], [111, 689], [111, 731], [95, 731]], '5', 0.7173656892551925), ([[320, 728], [354, 728], [354, 736], [320, 736]], '최)', 0.00011902212208773509), ([[408, 816], [456, 816], [456, 882], [408, 882]], '떠쌍', 0.0016009829152230136), ([[949, 793], [993, 793], [993, 861], [949, 861]], '눕', 0.31360153808782343), ([[1051.5677632769264, 426.02342214772216], [1080.379236370512, 420.01801810962417], [1102.4322367230736, 525.9765778522778], [1073.620763629488, 532.9819818903758]], '8', 0.03968857345306365), ([[81.49027925047706, 626.043619652767], [107.85379486527893, 623.1240594011657], [113.50972074952294, 689.956380347233], [87.14620513472107, 692.8759405988343]], '출', 0.05128184139867731), ([[61.478181949714454, 856.0692732139435], [77.5182571321747, 854.0683143255307], [81.52181805028555, 896.9307267860565], [65.4817428678253, 898.9316856744693]], '중', 0.1425668266642255)]
[([[363, 725], [403, 725], [403, 739], [363, 739]], '베어>', 0.005459796413883922)]
[([[604, 429], [1049, 429], [1049, 658], [604, 658]], '1교시', 0.8032683797385722), ([[594, 669], [1042, 669], [1042, 741], [594, 741]], '수업중에 하고 싶어지면', 0.6052444851417316)]
[([[21, 21], [537, 21], [537, 109], [21, 109]], '자 수업시작하켓습니다', 0.9492393471411049), ([[23, 163], [393, 163], [393, 247], [23, 247]], '교과서 펴 주세요', 0.7621846078813448)]
[([[265, 0], [482, 0], [482, 99], [265, 99]], '버험|표', 0.001451728050597012), ([[163, 97], [249, 97], [249, 113], [163, 113]], '그-;다', 0.04764310211775036), ([[306, 89], [449, 89], [449, 125], [306, 125]], '# # ; 구/아두7{ $547', 2.3049741109524177e-06)]
[([[265, 0], [482, 0], [482, 99], [265, 99]], '버험|표', 0.001451728050597012), ([[163, 97], [249, 97], [249, 113], [163, 113]], '그-;다', 0.04764310211775036), ([[306, 89], [449, 89], [449, 125], [306, 125]], '# # ; 구/아두7{ $547', 2.3049741109524177e-06)]
[([[265, 0], [476, 0], [476, 95], [265, 95]], '버서미 /', 0.00013437221170011415), ([[164, 95], [231, 95], [231, 113], [164, 113]], '2사-)', 0.08184444904327393), ([[373, 107], [447, 107], [447, 123], [373, 123]], "[맛-,불7' -다}7", 0.0004793273067409542), ([[367, 238], [423, 238], [423, 340], [367, 340]], '틈', 0.13755987216035326), ([[296, 674], [420, 674], [420, 888], [296, 888]], '@', 0.044018080428366524), ([[718.272393124891, 248.089572499564], [739.5183984340243, 240.04512892606107], [760.727606875109, 293.910427500436], [739.4816015659757, 302.95487107393893]], '3', 0.9766193649540789)]
[([[265, 0], [476, 0], [476, 95], [265, 95]], '버서미 /', 0.00013437221170011415), ([[164, 95], [231, 95], [231, 113], [164, 113]], '2사-)', 0.08184444904327393), ([[373, 107], [447, 107], [447, 123], [373, 123]], "[맛-,불7' -다}7", 0.0004793273067409542), ([[367, 238], [423, 238], [423, 340], [367, 340]], '틈', 0.13755987216035326), ([[299, 675], [419, 675], [419, 887], [299, 887]], ' ', 0.050199604543941456), ([[718.272393124891, 248.089572499564], [739.5183984340243, 240.04512892606107], [760.727606875109, 293.910427500436], [739.4816015659757, 302.95487107393893]], '3', 0.9766193649540789)]
[([[265, 0], [476, 0], [476, 95], [265, 95]], '버서미 /', 0.00013437221170011415), ([[164, 95], [231, 95], [231, 113], [164, 113]], '2사-)', 0.08184444904327393), ([[373, 107], [447, 107], [447, 123], [373, 123]], "[맛-,불7' -다}7", 0.0004793273067409542), ([[367, 238], [423, 238], [423, 340], [367, 340]], '틈', 0.13755987216035326), ([[298, 675], [419, 675], [419, 887], [298, 887]], '@', 0.09730647959502736), ([[718.272393124891, 248.089572499564], [739.5183984340243, 240.04512892606107], [760.727606875109, 293.910427500436], [739.4816015659757, 302.95487107393893]], '3', 0.9766193649540789)]
[([[265, 0], [482, 0], [482, 99], [265, 99]], '버험|표', 0.0011435275664553046), ([[163, 97], [249, 97], [249, 113], [163, 113]], '그-;다', 0.05457389313346361), ([[306, 89], [449, 89], [449, 125], [306, 125]], '## ; 구/아두7{ 오547', 2.4245740787171805e-06), ([[418, 812], [448, 812], [448, 846], [418, 846]], '옆', 0.06507460196254389), ([[718.272393124891, 248.089572499564], [739.5183984340243, 240.04512892606107], [760.727606875109, 293.910427500436], [739.4816015659757, 302.95487107393893]], '3', 0.9766193649540789), ([[376.4913427360585, 764.0324733412566], [406.4417261042994, 758.0244650613055], [425.5086572639415, 849.9675266587434], [395.5582738957006, 855.9755349386945]], '5', 0.8099489959163044)]
[([[265, 0], [482, 0], [482, 99], [265, 99]], '버험|표', 0.0011435275664553046), ([[163, 97], [249, 97], [249, 113], [163, 113]], '그-;다', 0.05457389313346361), ([[306, 89], [449, 89], [449, 125], [306, 125]], '## ; 구/아두7{ 오547', 2.4245740787171805e-06), ([[418, 814], [444, 814], [444, 844], [418, 844]], '논', 0.5339788726320229), ([[718.272393124891, 248.089572499564], [739.5183984340243, 240.04512892606107], [760.727606875109, 293.910427500436], [739.4816015659757, 302.95487107393893]], '3', 0.9766193649540789), ([[376.4913427360585, 764.0324733412566], [406.4417261042994, 758.0244650613055], [425.5086572639415, 849.9675266587434], [395.5582738957006, 855.9755349386945]], '5', 0.8099489959163044)]
[([[265, 0], [482, 0], [482, 99], [265, 99]], '버험|표', 0.0011435275664553046), ([[163, 97], [249, 97], [249, 113], [163, 113]], '그-;다', 0.05457389313346361), ([[306, 89], [449, 89], [449, 125], [306, 125]], '## ; 구/아두7{ 오547', 2.4245740787171805e-06), ([[718.272393124891, 248.089572499564], [739.5183984340243, 240.04512892606107], [760.727606875109, 293.910427500436], [739.4816015659757, 302.95487107393893]], '3', 0.9766193649540789), ([[1017.5668519181758, 698.0187970590216], [1054.3748816966313, 689.0140734348037], [1083.4331480818241, 822.9812029409784], [1045.6251183033687, 831.9859265651963]], '중', 0.07533070611121762), ([[1070.5898029170498, 755.0210882953829], [1104.3944641850012, 748.0194977695331], [1125.4101970829502, 859.9789117046171], [1092.6055358149988, 866.9805022304669]], '~', 0.4031553488294435), ([[1203.2716429592708, 824.0668719800622], [1230.542875285166, 814.0370104182882], [1254.7283570407292, 885.9331280199378], [1227.457124714834, 894.9629895817118]], '용', 0.29133834121410374)]
[([[265, 0], [482, 0], [482, 99], [265, 99]], '버험|표', 0.0011435275664553046), ([[163, 97], [249, 97], [249, 113], [163, 113]], '그-;다', 0.05457389313346361), ([[306, 89], [449, 89], [449, 125], [306, 125]], '## ; 구/아두7{ 오547', 2.4245740787171805e-06), ([[718.272393124891, 248.089572499564], [739.5183984340243, 240.04512892606107], [760.727606875109, 293.910427500436], [739.4816015659757, 302.95487107393893]], '3', 0.9766193649540789), ([[1017.5668519181758, 698.0187970590216], [1054.3748816966313, 689.0140734348037], [1083.4331480818241, 822.9812029409784], [1045.6251183033687, 831.9859265651963]], '중', 0.07533070611121762), ([[1072.5939452479465, 754.020663429875], [1104.398014876084, 748.0198512391601], [1124.4060547520535, 859.979336570125], [1092.601985123916, 865.9801487608399]], '~', 0.40571314377473655), ([[1204.4334578190496, 826.0539806590581], [1230.4127051138241, 816.0285231804668], [1253.5665421809504, 883.9460193409419], [1226.5872948861759, 893.9714768195332]], '용', 0.397940836130374)]
[([[265, 0], [482, 0], [482, 99], [265, 99]], '버험|표', 0.001451728050597012), ([[163, 97], [249, 97], [249, 113], [163, 113]], '그-;다', 0.04764310211775036), ([[306, 89], [449, 89], [449, 125], [306, 125]], '# # ; 구/아두7{ $547', 2.3049741109524177e-06)]
[([[447, 29], [775, 29], [775, 73], [447, 73]], '그럼 실제로 수정해 붙시다', 0.812208013154409), ([[892, 206], [1156, 206], [1156, 254], [892, 254]], '정자가 넘치니 않도록', 0.48733475955089023), ([[892, 248], [1134, 248], [1134, 296], [892, 296]], '계랑럽에 싸 주세요', 0.21241645684748114), ([[283, 543], [369, 543], [369, 587], [283, 587]], '우와-!', 0.3529492914676666), ([[282, 584], [470, 584], [470, 632], [282, 632]], '굉장해 흥분되', 0.5658001737555022), ([[685, 1327], [829, 1327], [829, 1371], [685, 1371]], '그럼 실제로', 0.7431428075621052), ([[686, 1364], [860, 1364], [860, 1415], [686, 1415]], '수정해 붙시다', 0.7148944324868669), ([[1037.286093236459, 751.7152330911474], [1128.4721359549997, 713.0557280900008], [1158.713906763541, 795.2847669088526], [1067.5278640450003, 834.9442719099992]], "'(", 0.18555441391057234), ([[102.42913985468844, 1008.7716559418753], [190.42462637051102, 967.0733445196157], [213.57086014531154, 1017.2283440581247], [126.57537362948898, 1058.9266554803842]], '|', 0.052953659103899264)]
[([[395.3675444679663, 683.102633403899], [410.407908508224, 674.0420391605248], [433.6324555320337, 716.897366596101], [418.592091491776, 725.9579608394752]], '"', 0.999999046325911), ([[1037.286093236459, 751.7152330911474], [1128.4721359549997, 713.0557280900008], [1158.713906763541, 795.2847669088526], [1067.5278640450003, 834.9442719099992]], "'(빠", 0.052830493916647014), ([[100.73900966300059, 1008.8695048315003], [191.91399167794447, 965.1964950982202], [217.2609903369994, 1020.1304951684997], [126.08600832205553, 1062.8035049017797]], '|', 0.04822869200991087)]
[([[1037.286093236459, 751.7152330911474], [1128.4721359549997, 713.0557280900008], [1158.713906763541, 795.2847669088526], [1067.5278640450003, 834.9442719099992]], "'(", 0.18555441391057234), ([[102.42913985468844, 1008.7716559418753], [190.42462637051102, 967.0733445196157], [213.57086014531154, 1017.2283440581247], [126.57537362948898, 1058.9266554803842]], '|', 0.052953659103899264)]
[([[433, 34], [718, 34], [718, 79], [433, 79]], '자 정자 담당 한가하게', 0.9561878458405562), ([[432, 73], [698, 73], [698, 122], [432, 122]], '이야기할 틈이 있으면', 0.4418367916236786), ([[432, 116], [754, 116], [754, 166], [432, 166]], '진지하게 손 움직여주세요', 0.6726689637651846), ([[262, 344], [482, 344], [482, 392], [262, 392]], '0 네 죄송합니다', 0.86781272093437), ([[297, 505], [383, 505], [383, 549], [297, 549]], '우우우', 0.9722254276275635), ([[299, 547], [431, 547], [431, 591], [299, 591]], '갈 것 같아', 0.8245404489451694), ([[295, 589], [367, 589], [367, 633], [295, 633]], '간대', 0.9994910725964161), ([[494, 1314], [528, 1314], [528, 1346], [494, 1346]], '자 ,', 0.646245699769084), ([[541, 1313], [675, 1313], [675, 1353], [541, 1353]], '정자 담당 ,', 0.6436003007766906), ([[491, 1347], [864, 1347], [864, 1398], [491, 1398]], '한가하게 이야기할 틈이 잇으면', 0.6239897001706316), ([[492, 1393], [801, 1393], [801, 1435], [492, 1435]], '진지하게 손 움직여주세요', 0.9206325110642503), ([[1037.286093236459, 751.7152330911474], [1128.4721359549997, 713.0557280900008], [1158.713906763541, 795.2847669088526], [1067.5278640450003, 834.9442719099992]], "'(", 0.18555441391057234), ([[102.42913985468844, 1008.7716559418753], [190.42462637051102, 967.0733445196157], [213.57086014531154, 1017.2283440581247], [126.57537362948898, 1058.9266554803842]], '|', 0.052953659103899264)]
[([[1037.286093236459, 751.7152330911474], [1128.4721359549997, 713.0557280900008], [1158.713906763541, 795.2847669088526], [1067.5278640450003, 834.9442719099992]], "'(빠", 0.052830493916647014), ([[100.73900966300059, 1008.8695048315003], [191.91399167794447, 965.1964950982202], [217.2609903369994, 1020.1304951684997], [126.08600832205553, 1062.8035049017797]], '|', 0.04822869200991087)]
[([[1037.286093236459, 751.7152330911474], [1128.4721359549997, 713.0557280900008], [1158.713906763541, 795.2847669088526], [1067.5278640450003, 834.9442719099992]], "'(빠", 0.052830493916647014), ([[100.73900966300059, 1008.8695048315003], [191.91399167794447, 965.1964950982202], [217.2609903369994, 1020.1304951684997], [126.08600832205553, 1062.8035049017797]], '|', 0.04822869200991087)]
[([[951, 235], [1155, 235], [1155, 279], [951, 279]], '여자는 질문비액', 0.43256199249326316), ([[806, 275], [1159, 275], [1159, 324], [806, 324]], '쉽계 말해 보짓물올 분비해서', 0.6445972046419816), ([[774, 318], [1160, 318], [1160, 366], [774, 366]], '정자루 받아들일 준비률 합시다', 0.4917270730341499), ([[272, 482], [364, 482], [364, 530], [272, 530]], '후우우', 0.9937120715798055), ([[202, 524], [446, 524], [446, 572], [202, 572]], '오늘도 잔뜩 나용어', 0.32420697179383023), ([[739, 553], [837, 553], [837, 597], [739, 597]], '굉장해', 0.9665766277978609), ([[739, 595], [889, 595], [889, 639], [739, 639]], '아마기시권', 0.9655728300523323), ([[132, 649], [376, 649], [376, 698], [132, 698]], '0 나표으면 정자쥐', 0.262312503272671), ([[739, 637], [897, 637], [897, 681], [739, 681]], '아직도 나왜', 0.902952434408545), ([[402, 992], [454, 992], [454, 1056], [402, 1056]], '3', 0.06051785086282657), ([[653, 1336], [899, 1336], [899, 1379], [653, 1379]], '아 , 나앗으면 정자주', 0.28950704044972236), ([[1037.286093236459, 751.7152330911474], [1128.4721359549997, 713.0557280900008], [1158.713906763541, 795.2847669088526], [1067.5278640450003, 834.9442719099992]], "'(", 0.18555441391057234), ([[102.11651594585447, 1011.8233031891709], [189.35580785862956, 967.0262133523884], [213.88348405414553, 1016.1766968108291], [126.64419214137044, 1059.9737866476116]], '|-', 0.046018622601729), ([[548.5742019986877, 1043.0181633846464], [591.0345441009331, 1047.4326560999461], [579.4257980013123, 1169.9818366153536], [537.9654558990669, 1166.5673439000539]], '"', 0.009666007806628019)]
[([[1037.286093236459, 751.7152330911474], [1128.4721359549997, 713.0557280900008], [1158.713906763541, 795.2847669088526], [1067.5278640450003, 834.9442719099992]], "'(빠", 0.052830493916647014), ([[102.11651594585447, 1011.8233031891709], [189.35580785862956, 967.0262133523884], [213.88348405414553, 1016.1766968108291], [126.64419214137044, 1059.9737866476116]], '|', 0.12558629097475205), ([[397.2736737481338, 993.0441247346969], [446.72408731339806, 984.2530422886731], [462.7263262518662, 1086.9558752653031], [413.27591268660194, 1095.746957711327]], '5', 0.13992570321847442), ([[548.5742019986877, 1043.0181633846464], [591.0345441009331, 1047.4326560999461], [579.4257980013123, 1169.9818366153536], [537.9654558990669, 1166.5673439000539]], '"', 0.007544020410863661)]
[([[238, 48], [616, 48], [616, 96], [238, 96]], '질문비액이 하양게 거품이 일면', 0.507160921186711), ([[240, 90], [620, 90], [620, 138], [240, 138]], '질 입구에 깔때기틀 끼워보세요', 0.5200528041899353), ([[236, 131], [762, 131], [762, 180], [236, 180]], '성기률 상처입히지 않도록 주의해서 넣어쥐', 0.6163133481664772), ([[796, 408], [1096, 408], [1096, 463], [796, 463]], '밤에다 뿌러 본적 있어7', 0.8039427338413256), ([[635, 481], [695, 481], [695, 525], [635, 525]], '없어', 0.9997097048502436), ([[311, 571], [477, 571], [477, 615], [311, 615]], '정자 충분해?', 0.930188438750457), ([[670, 688], [890, 688], [890, 736], [670, 736]], '너무 조이논 걸까', 0.49735695018968), ([[107, 921], [169, 921], [169, 965], [107, 965]], '오옷', 0.9998887341330408), ([[104, 962], [362, 962], [362, 1010], [104, 1010]], '빼금거리고 잇는데 !', 0.1231587848977834), ([[692, 1345], [873, 1345], [873, 1389], [692, 1389]], '패션문스터~ >', 0.393576173030026), ([[1037.286093236459, 751.7152330911474], [1128.4721359549997, 713.0557280900008], [1158.713906763541, 795.2847669088526], [1067.5278640450003, 834.9442719099992]], "'(", 0.18555441391057234)]
[([[1037.286093236459, 751.7152330911474], [1128.4721359549997, 713.0557280900008], [1158.713906763541, 795.2847669088526], [1067.5278640450003, 834.9442719099992]], "'(빠", 0.052830493916647014), ([[100.03473966853008, 1012.3034739668531], [190.72792710972297, 963.0752587006189], [218.96526033146992, 1014.6965260331469], [127.27207289027703, 1063.9247412993811]], '|', 0.12849073647604659)]
[([[346, 710], [383, 710], [383, 791], [346, 791]], '탑', 0.01361148152338476), ([[412.6058874199486, 662.0194629414807], [445.64518052866447, 675.9994967137537], [406.3941125800514, 770.9805370585193], [373.35481947133553, 758.0005032862463]], '3', 0.831934595970111), ([[1037.286093236459, 751.7152330911474], [1128.4721359549997, 713.0557280900008], [1158.713906763541, 795.2847669088526], [1067.5278640450003, 834.9442719099992]], "'(빠", 0.052830493916647014), ([[101.0, 1013.0], [188.2173967504671, 964.9355791890796], [215.0, 1013.0], [127.78260324953291, 1060.0644208109204]], '|', 0.3532793902731015)]
[([[396, 34], [783, 34], [783, 84], [396, 84]], '정지루 부엇으면 잘 저어붙시다', 0.5252785140107825), ([[252, 332], [522, 332], [522, 380], [252, 380]], '0; 너무 하느거 아냐?', 0.4783732455440472), ([[132, 590], [284, 590], [284, 638], [132, 638]], '괜찮다니깨]', 0.8897586693113839), ([[347, 711], [385, 711], [385, 793], [347, 793]], '북', 0.5712244632644712), ([[701, 765], [861, 765], [861, 809], [701, 809]], '더 더는 안돼', 0.8015078179106306), ([[696, 806], [832, 806], [832, 854], [696, 854]], '용서해저', 0.96433025598526), ([[74, 922], [164, 922], [164, 972], [74, 972]], '굉장해,', 0.46852755546569824), ([[74, 964], [400, 964], [400, 1012], [74, 1012]], '무지 꿈들꿈들거리고 있에', 0.4243084820531055), ([[552, 1016], [608, 1016], [608, 1130], [552, 1130]], '술', 0.23935641005300567), ([[434, 1060], [471, 1060], [471, 1220], [434, 1220]], "'", 0.6868970286382172), ([[564, 1122], [614, 1122], [614, 1172], [564, 1172]], '@"', 0.06154598633645732), ([[560, 1166], [586, 1166], [586, 1222], [560, 1222]], '8', 0.5167863944065267), ([[699, 1325], [871, 1325], [871, 1363], [699, 1363]], '더   더는 안돼', 0.5476577469740777), ([[701, 1367], [807, 1367], [807, 1407], [701, 1407]], '용서해저', 0.999356210231781), ([[414.620763629488, 659.0180181096242], [448.7115338240791, 674.0593224724777], [406.379236370512, 771.9819818903758], [372.2884661759209, 756.9406775275223]], '3', 0.5517345691794198), ([[1037.286093236459, 751.7152330911474], [1128.4721359549997, 713.0557280900008], [1158.713906763541, 795.2847669088526], [1067.5278640450003, 834.9442719099992]], "'(", 0.18555441391057234), ([[331.2038378058769, 779.0637943964367], [369.2418767513385, 771.1566806697798], [384.7961621941231, 850.9362056035633], [346.7581232486615, 858.8433193302202]], '북', 0.026416927686684355)]
[([[332, 708], [386, 708], [386, 852], [332, 852]], '북', 0.8812045036935992), ([[688, 796], [718, 796], [718, 840], [688, 840]], '$', 0.02542337413879303), ([[552, 1016], [608, 1016], [608, 1130], [552, 1130]], '술', 0.2278188918773063), ([[433, 1060], [471, 1060], [471, 1220], [433, 1220]], ';', 0.07919218004714423), ([[558, 1124], [614, 1124], [614, 1226], [558, 1226]], '8"', 0.6207376305778229), ([[413.617150373423, 660.0183638835989], [446.6285408017297, 673.9849090803689], [406.382849626577, 771.9816361164011], [373.3714591982703, 758.0150909196311]], '3', 0.9371732009918929), ([[1037.286093236459, 751.7152330911474], [1128.4721359549997, 713.0557280900008], [1158.713906763541, 795.2847669088526], [1067.5278640450003, 834.9442719099992]], "'(빠", 0.052830493916647014), ([[100.50066316380318, 1009.4002652655213], [191.8055267732142, 964.1248007711781], [218.49933683619682, 1018.5997347344787], [127.19447322678579, 1063.8751992288219]], '|', 0.23323658799947466)]
[([[332, 709], [386, 709], [386, 852], [332, 852]], '북', 0.7920849089387616), ([[690, 796], [720, 796], [720, 836], [690, 836]], '$', 0.21372933858291177), ([[552, 1016], [608, 1016], [608, 1130], [552, 1130]], '술', 0.2278188918773063), ([[433, 1060], [471, 1060], [471, 1220], [433, 1220]], ';', 0.07919218004714423), ([[558, 1122], [614, 1122], [614, 1226], [558, 1226]], '8"', 0.2927799005400806), ([[413.617150373423, 660.0183638835989], [446.6285408017297, 673.9849090803689], [406.382849626577, 771.9816361164011], [373.3714591982703, 758.0150909196311]], '3', 0.9322656342520794), ([[1037.286093236459, 751.7152330911474], [1128.4721359549997, 713.0557280900008], [1158.713906763541, 795.2847669088526], [1067.5278640450003, 834.9442719099992]], "'(빠", 0.052830493916647014), ([[100.50066316380318, 1009.4002652655213], [191.8055267732142, 964.1248007711781], [218.49933683619682, 1018.5997347344787], [127.19447322678579, 1063.8751992288219]], '|', 0.23323658799947466)]
[([[355, 630], [854, 630], [854, 867], [355, 867]], '2교시', 0.9932600086236194), ([[229, 877], [1003, 877], [1003, 943], [229, 943]], '사람의 수정과 그 원리름 실험으로 배우자 ~', 0.5516488661813888)]
[([[675, 63], [1015, 63], [1015, 131], [675, 131]], '저기 오카모토권?', 0.8830820891296476), ([[847, 189], [1151, 189], [1151, 257], [847, 257]], '농멩이피우지매', 0.828935794055974), ([[37, 265], [519, 265], [519, 333], [37, 333]], '조체조 얼마 안 남맛잡이고', 0.1944475961544226)]
[]
[([[744, 49], [1154, 49], [1154, 124], [744, 124]], '시끄러~! 의욕 없다괴', 0.7326954247166904), ([[583, 207], [691, 207], [691, 269], [583, 269]], '옛?', 0.9850033315056), ([[453, 421], [605, 421], [605, 489], [453, 489]], '자; 잠깐', 0.9767671755728052), ([[452, 482], [724, 482], [724, 554], [452, 554]], '뭐하느거야빌', 0.05937414843173695), ([[27, 847], [439, 847], [439, 915], [27, 915]], '해주길 바라면 해줄게]', 0.3366700642658858)]
[]
[]
[([[1049, 19], [1145, 19], [1145, 83], [1049, 83]], '정말', 0.9999910648798075), ([[889, 81], [1167, 81], [1167, 149], [889, 149]], '잠깐 자지 찢러', 0.4017357252811849), ([[864, 140], [1146, 140], [1146, 212], [864, 212]], '넣는 것 뿐이장', 0.47912030480322254), ([[525, 327], [673, 327], [673, 393], [525, 393]], '시 싫어', 0.977928876876831), ([[519, 389], [651, 389], [651, 455], [519, 455]], '그만해', 0.9989863378400669), ([[354, 650], [688, 650], [688, 722], [354, 722]], '싫어; 싫어; 와버려', 0.36460713500833963), ([[352, 714], [698, 714], [698, 790], [352, 790]], '그게 와버린다구우', 0.7087095681762468), ([[44, 862], [388, 862], [388, 939], [44, 939]], '뭐가 오는데= 크 터', 0.09934419080662192), ([[809.7658849878405, 959.0545003625986], [904.0516812552524, 921.1511515270458], [966.2341150121595, 1099.9454996374013], [871.9483187447476, 1137.8488484729542]], '주', 0.17633760989724667), ([[209.82590938685752, 1048.076911340117], [274.0074419653845, 1027.2267351142455], [307.1740906131425, 1141.923088659883], [242.99255803461548, 1162.7732648857545]], '주', 0.08230961709765339)]
[([[807.743826131453, 960.0564700591285], [902.9798989873224, 921.1407070887436], [966.256173868547, 1098.9435299408715], [872.0201010126776, 1137.8592929112563]], '주', 0.1058536997256887), ([[207.85552115613172, 1047.0730650178273], [275.25109829323645, 1026.2860711229557], [307.1444788438683, 1142.9269349821727], [239.74890170676355, 1163.7139288770443]], '주', 0.3529504880436072)]
[([[808.7549528683569, 959.0554721255976], [902.9079570290568, 921.1306200580101], [966.2450471316431, 1098.9445278744024], [873.0920429709432, 1137.86937994199]], '주', 0.11436527269830776), ([[206.86977832225475, 1045.0712487458125], [275.21645072898474, 1024.277193905286], [307.1302216777452, 1141.9287512541875], [239.78354927101526, 1163.722806094714]], '주', 0.7085878601679383)]
[([[639, 381], [659, 381], [659, 409], [639, 409]], '승', 0.22148024499160002), ([[279, 971], [323, 971], [323, 1027], [279, 1027]], '3', 0.7023291143514179), ([[235, 1055], [301, 1055], [301, 1163], [235, 1163]], '%', 0.016846196603141017), ([[829, 1115], [904, 1115], [904, 1238], [829, 1238]], '%', 0.05569321550416362), ([[593.9074644389061, 963.1003079700932], [632.597022314126, 940.0297768587401], [679.0925355610939, 1028.8996920299069], [639.402977685874, 1051.97022314126]], '톤', 0.1285118466005466), ([[346.1135155856441, 985.0994685768342], [377.5819759619793, 973.0425634585406], [399.8864844143559, 1036.9005314231658], [369.4180240380207, 1048.9574365414594]], '독', 0.04016007432259361), ([[875.4522809788061, 1040.2041420685975], [964.7199906401826, 960.0162077879481], [1098.5477190211939, 1133.7958579314025], [1009.2800093598174, 1213.9837922120519]], '곳', 0.16302496622258023), ([[573.2397140787303, 1029.058141511747], [608.5709533631225, 1018.0327057408344], [632.7602859212697, 1103.941858488253], [597.4290466368775, 1114.9672942591656]], '도', 0.6828514222523872), ([[600.1261395850491, 1125.0478702239475], [658.4284133936338, 1114.3774801810937], [675.8738604149509, 1231.9521297760525], [617.5715866063662, 1242.6225198189063]], '곳', 0.21852136531210764), ([[249.5167371264174, 1210.1387067700123], [301.7052085783768, 1180.0311430643421], [352.4832628735826, 1278.8612932299877], [300.2947914216232, 1308.9688569356579]], '좀', 0.051122711639621565)]
[([[639, 381], [659, 381], [659, 409], [639, 409]], '승', 0.21954063535667956), ([[619, 453], [643, 453], [643, 473], [619, 473]], "'8", 0.4256310050905903), ([[276, 970], [324, 970], [324, 1028], [276, 1028]], '3', 0.17398950025622728), ([[235, 1055], [301, 1055], [301, 1163], [235, 1163]], '%', 0.01839641355889743), ([[832, 1117], [901, 1117], [901, 1236], [832, 1236]], '곳', 0.19190529810384138), ([[593.945256169098, 963.0934345469491], [633.6029922357712, 941.030376865865], [679.054743830902, 1030.906565453051], [639.3970077642288, 1051.969623134135]], '둘', 0.059192579802985534), ([[346.13227816872535, 985.0952517592642], [377.5819759619793, 973.0425634585406], [399.86772183127465, 1037.904748240736], [369.4180240380207, 1048.9574365414594]], '5', 0.03692473081764924), ([[874.4917192927886, 1039.1978315445685], [963.7167684766422, 959.0160629708794], [1098.5082807072113, 1133.8021684554315], [1009.2832315233578, 1213.9839370291206]], '%', 0.09508593276433519), ([[573.2397140787303, 1029.058141511747], [608.5709533631225, 1018.0327057408344], [632.7602859212697, 1103.941858488253], [597.4290466368775, 1114.9672942591656]], '도', 0.6502444326638432), ([[600.1261395850491, 1125.0478702239475], [658.4284133936338, 1114.3774801810937], [675.8738604149509, 1231.9521297760525], [617.5715866063662, 1242.6225198189063]], '곳', 0.28688543645785103), ([[249.5167371264174, 1210.1387067700123], [301.7052085783768, 1180.0311430643421], [352.4832628735826, 1278.8612932299877], [300.2947914216232, 1308.9688569356579]], '좀', 0.06574894748347138)]
[([[638, 382], [662, 382], [662, 410], [638, 410]], '4', 0.09127472972342421), ([[619, 453], [643, 453], [643, 473], [619, 473]], "'8", 0.4256310050905903), ([[276, 970], [324, 970], [324, 1028], [276, 1028]], '3', 0.17398950025622728), ([[235, 1055], [301, 1055], [301, 1163], [235, 1163]], '%', 0.01839641355889743), ([[829, 1115], [904, 1115], [904, 1238], [829, 1238]], '%', 0.060116876601790104), ([[593.9632031319512, 962.0902578521221], [633.597022314126, 940.0297768587401], [679.0367968680488, 1030.909742147878], [639.402977685874, 1051.97022314126]], '톤', 0.22963121717612367), ([[346.1135155856441, 985.0994685768342], [377.5819759619793, 973.0425634585406], [399.8864844143559, 1036.9005314231658], [369.4180240380207, 1048.9574365414594]], '독', 0.03292239169473832), ([[874.4917192927886, 1039.1978315445685], [963.7167684766422, 959.0160629708794], [1098.5082807072113, 1133.8021684554315], [1009.2832315233578, 1213.9839370291206]], '%', 0.09508593276433519), ([[573.2397140787303, 1029.058141511747], [608.5709533631225, 1018.0327057408344], [632.7602859212697, 1103.941858488253], [597.4290466368775, 1114.9672942591656]], '도', 0.6502444326638432), ([[600.1261395850491, 1125.0478702239475], [658.4284133936338, 1114.3774801810937], [675.8738604149509, 1231.9521297760525], [617.5715866063662, 1242.6225198189063]], '곳', 0.28688543645785103), ([[249.5167371264174, 1210.1387067700123], [301.7052085783768, 1180.0311430643421], [352.4832628735826, 1278.8612932299877], [300.2947914216232, 1308.9688569356579]], '좀', 0.06574894748347138)]
[([[652, 40], [1156, 40], [1156, 112], [652, 112]], '금방 맛이 가버리논 주제에', 0.6678997918835295), ([[191, 211], [533, 211], [533, 279], [191, 279]], '하아아아아아아-', 0.6049133845094272), ([[255, 271], [642, 271], [642, 346], [255, 346]], '간다아아아아아아잇', 0.28258594593407776), ([[560, 539], [605, 539], [605, 673], [560, 673]], '8', 0.016416847287965775), ([[707, 765], [1170, 765], [1170, 838], [707, 838]], '양대에에에에에에에에에', 0.8896917535910951), ([[30, 841], [412, 841], [412, 915], [30, 915]], '어디에 가능데크 크 크', 0.3253826587445869), ([[579, 1109], [699, 1109], [699, 1225], [579, 1225]], '[요', 0.058004353558088126), ([[229.27571403165985, 952.0328543482584], [291.9538031851048, 939.2422520591427], [316.72428596834015, 1077.9671456517417], [254.0461968148952, 1089.7577479408571]], '8', 0.2528895903520265), ([[454.1055838511066, 996.0222354072426], [600.9897168631541, 1110.3916520867533], [504.8944161488934, 1232.9777645927572], [358.010283136846, 1118.6083479132467]], '`3료0', 0.001209112349897623)]
[([[616, 450], [650, 450], [650, 480], [616, 480]], '(', 0.003758351153691511), ([[561, 537], [603, 537], [603, 673], [561, 673]], '3', 0.004379909517954417), ([[579, 1113], [699, 1113], [699, 1225], [579, 1225]], '[요', 0.04927781091784175), ([[224.2879532910169, 939.028211466813], [287.7208975747523, 925.1660591162714], [317.7120467089831, 1082.971788533187], [254.2791024252477, 1096.8339408837287]], '8', 0.403163826306411), ([[455.0828256173056, 1000.0233820991898], [598.9564959411275, 1107.7492987901703], [504.9171743826944, 1231.9766179008102], [362.04350405887243, 1124.2507012098297]], '85', 0.0015495573319100286)]
[([[561, 537], [603, 537], [603, 673], [561, 673]], '3', 0.004379909517954417), ([[576, 1104], [700, 1104], [700, 1226], [576, 1226]], '[;', 0.13836989656890314), ([[225.2990109943638, 938.0273407278568], [289.83101811137175, 925.1882253390235], [318.7009890056362, 1083.9726592721431], [254.16898188862825, 1096.8117746609767]], '8', 0.029139517203452536), ([[454.10112289500995, 997.0224579001988], [600.9695373982522, 1107.9532308311698], [505.89887710499005, 1232.9775420998012], [359.03046260174773, 1122.0467691688302]], '어38', 0.0010388714305706258)]
[([[615, 449], [655, 449], [655, 487], [615, 487]], '@', 0.03859368952714082)]
[([[615, 449], [655, 449], [655, 487], [615, 487]], '@', 0.03859368952714082)]
[([[326, 637], [851, 637], [851, 871], [326, 871]], '3교시', 0.9579835472451168), ([[481, 879], [705, 879], [705, 943], [481, 943]], '조체조 연습', 0.9315426357919007)]
[([[265, 0], [482, 0], [482, 99], [265, 99]], '버험|표', 0.0017036665230989456), ([[163, 97], [249, 97], [249, 113], [163, 113]], '스-;다', 0.030120622274604183), ([[306, 89], [449, 89], [449, 125], [306, 125]], '# # ; 구/아두7{ 오547', 2.9727846882242868e-06)]
[([[265, 0], [482, 0], [482, 99], [265, 99]], '버험|표', 0.0017036665230989456), ([[163, 97], [249, 97], [249, 113], [163, 113]], '스-;다', 0.030120622274604183), ([[306, 89], [449, 89], [449, 125], [306, 125]], '# # ; 구/아두7{ 오547', 2.9727846882242868e-06), ([[100, 684], [720, 684], [720, 758], [100, 758]], '버스통학은 언제나 힘든 일입니다', 0.6526753393266431), ([[117, 809], [958, 809], [958, 883], [117, 883]], "'정자비축 우선석] 에 앉아있는 사람이 있으면", 0.3904599192762668), ([[100, 872], [1086, 872], [1086, 946], [100, 946]], '우리들이 슬선해서 필라치오하도록 배우기 때문입니다', 0.535477747265978), ([[103, 1001], [369, 1001], [369, 1067], [103, 1067]], '그리고 오늘도', 0.9032861262820266)]
[]
[([[265, 0], [482, 0], [482, 99], [265, 99]], '버험|표', 0.0017036665230989456), ([[163, 97], [249, 97], [249, 113], [163, 113]], '스-;다', 0.030120622274604183), ([[306, 89], [449, 89], [449, 125], [306, 125]], '# # ; 구/아두7{ 오547', 2.9727846882242868e-06), ([[1187, 339], [1385, 339], [1385, 405], [1187, 405]], '굳일이야', 0.614834189414978), ([[1185, 401], [1494, 401], [1494, 469], [1185, 469]], '이렇계 발기해서', 0.6555767399753286), ([[826, 886], [1198, 886], [1198, 961], [826, 961]], '빨리 사정시켜쥐야', 0.48740199684135604)]
[]
[]
[([[1060, 18], [1572, 18], [1572, 90], [1060, 90]], '옛 저도 우선석 암고싶어요', 0.39454462774859694), ([[162, 95], [247, 95], [247, 114], [162, 114]], '스-다', 0.012265543074381016), ([[330, 94], [354, 94], [354, 118], [330, 118]], '*', 0.024984965419495353), ([[349, 61], [747, 61], [747, 129], [349, 129]], '후우우 아가씨 고마위', 0.7249123335286426), ([[353, 125], [707, 125], [707, 193], [353, 193]], '나는 젊없올 적부터', 0.6303220297908411), ([[352, 184], [711, 184], [711, 259], [352, 259]], '정자 모아두는 것은', 0.8755864234942967), ([[354, 248], [790, 248], [790, 320], [354, 320]], '누구에계도 지지 않앗지', 0.24562703177168746), ([[1064, 233], [1200, 233], [1200, 295], [1064, 295]], '하하하', 0.9956226064204033), ([[1062, 290], [1420, 290], [1420, 364], [1062, 364]], '네계 아직 우선석은', 0.52212711264694), ([[1063, 355], [1313, 355], [1313, 423], [1063, 423]], '이르지 않아?', 0.9253656356408285), ([[943, 787], [1079, 787], [1079, 855], [943, 855]], '위험해 ', 0.7587617635726929), ([[943, 851], [1341, 851], [1341, 919], [943, 919]], '이제 도착할 것 같아', 0.9613655097712683), ([[289, 929], [568, 929], [568, 997], [289, 997]], '으옷 하아하아', 0.8362771023513365), ([[942, 910], [1248, 910], [1248, 985], [942, 985]], '빨리 사정시키지', 0.727278814151286), ([[291, 993], [617, 993], [617, 1059], [291, 1059]], '옷 아저씨 굉장해', 0.7861203924150874), ([[942, 974], [1289, 974], [1289, 1048], [942, 1048]], '않으면 지나처버려', 0.7814765737255931), ([[376.4913427360585, 764.0324733412566], [406.4369302074754, 758.0239351119737], [425.5086572639415, 849.9675266587434], [395.5630697925246, 856.9760648880263]], '5', 0.7777002188240658)]
[([[952.3781284792589, 728.0128963501385], [1062.0062804859679, 715.5449068952237], [1089.6218715207413, 998.9871036498615], [979.993719514032, 1011.4550931047763]], '꿀', 0.0625667452100096)]
[([[952.3781284792589, 728.0128963501385], [1062.0062804859679, 715.5449068952237], [1089.6218715207413, 998.9871036498615], [979.993719514032, 1011.4550931047763]], '꿀', 0.0625667452100096)]
[([[265, 0], [482, 0], [482, 99], [265, 99]], '버험|표', 0.00113032222725451), ([[163, 97], [249, 97], [249, 113], [163, 113]], '스-;다', 0.03513311975163931), ([[306, 89], [449, 89], [449, 125], [306, 125]], '## ; 구/아두7{ 오547', 1.5004393266533337e-06), ([[957, 59], [1201, 59], [1201, 127], [957, 127]], '0; 안돼에에', 0.8085534875698204), ([[639, 173], [801, 173], [801, 237], [639, 237]], '자 간다', 0.9896937012672424), ([[635, 228], [862, 228], [862, 303], [635, 303]], '간다아아이]', 0.7067368079832583), ([[1152, 274], [1556, 274], [1556, 348], [1152, 348]], '시 시트에 문질리저서', 0.7076971606503241), ([[397, 345], [609, 345], [609, 411], [397, 411]], '구후우우우', 0.9587555096806125), ([[1150, 340], [1600, 340], [1600, 412], [1150, 412]], '원가 나오는 것 같습니다', 0.6953752039378139), ([[399, 407], [595, 407], [595, 475], [399, 475]], '못 참젯대', 0.5422331858977338), ([[1091, 831], [1111, 831], [1111, 859], [1091, 859]], "'", 0.09367052614752769), ([[383, 911], [435, 911], [435, 953], [383, 953]], '까', 0.652168407172443), ([[425, 947], [453, 947], [453, 961], [425, 961]], '매', 0.006194663169935277), ([[941, 931], [1185, 931], [1185, 999], [941, 999]], '잇; 나와 나앗', 0.16348594428652607), ([[1227, 933], [1401, 933], [1401, 999], [1227, 999]], '다행이야', 0.9978407621383667), ([[938, 994], [1394, 994], [1394, 1066], [938, 1066]], '의외로 조루엿면 것 같아', 0.28657202487453814), ([[1018.5705582892349, 697.0184761551253], [1054.377705563647, 689.0142865598602], [1083.429441710765, 822.9815238448747], [1046.622294436353, 830.9857134401398]], '중', 0.12764820056441195), ([[1071.4262837107244, 755.0413576039986], [1099.4728515591405, 748.0280469032202], [1120.5737162892756, 831.9586423960014], [1092.5271484408595, 839.9719530967798]], '8', 0.5338503918915762)]
[([[884, 740], [910, 740], [910, 792], [884, 792]], '톤', 0.0038303110614124614), ([[880, 796], [912, 796], [912, 832], [880, 832]], '3', 0.14107120358442504), ([[987.2907226612894, 851.0420703548303], [1032.8636390742847, 838.0624813642929], [1061.7092773387108, 946.9579296451697], [1015.1363609257153, 959.9375186357071]], '몇', 0.012406934191190544), ([[1011.3026573907705, 991.0488674744709], [1053.6671072341253, 986.28611057937], [1063.6973426092295, 1071.9511325255291], [1021.3328927658748, 1077.71388942063]], '뜰', 0.01256592673739143)]
[([[884, 740], [910, 740], [910, 792], [884, 792]], '톤', 0.0038303110614124614), ([[880, 796], [912, 796], [912, 832], [880, 832]], '3', 0.14107120358442504), ([[987.2907226612894, 851.0420703548303], [1032.8636390742847, 838.0624813642929], [1061.7092773387108, 946.9579296451697], [1015.1363609257153, 959.9375186357071]], '몇', 0.012406934191190544), ([[1011.3026573907705, 991.0488674744709], [1053.6671072341253, 986.28611057937], [1063.6973426092295, 1071.9511325255291], [1021.3328927658748, 1077.71388942063]], '뜰', 0.01256592673739143)]
[([[880, 738], [911, 738], [911, 793], [880, 793]], '톤', 0.02813371901556594), ([[879, 795], [915, 795], [915, 857], [879, 857]], '춤', 0.01121020514894383), ([[1022, 832], [1090, 832], [1090, 886], [1022, 886]], '93', 0.10563477675565569), ([[1014.3585363632978, 869.0343881786703], [1059.7645150930252, 864.2653259476683], [1070.6414636367022, 973.9656118213297], [1024.2354849069748, 979.7346740523317]], '풍', 0.1816642757674467)]
[]
[]
[([[269, 3], [469, 3], [469, 93], [269, 93]], '다| {', 0.011326400687921507), ([[161, 93], [248, 93], [248, 117], [161, 117]], '살다', 0.026881082618729783), ([[306, 89], [449, 89], [449, 125], [306, 125]], '상# ; [왜어.웬7즉 $547', 2.3034179277575136e-06), ([[550, 406], [1102, 406], [1102, 654], [550, 654]], '방과후', 0.9990462081434974), ([[590, 648], [1086, 648], [1086, 714], [590, 714]], '발사합니다, 주의해주세요~', 0.7042309866605634)]
[([[53, 27], [143, 27], [143, 71], [53, 71]], '역자주', 0.9959474166435137), ([[160, 24], [590, 24], [590, 76], [160, 76]], '버터개는 음부름 활도록 버터 등올', 0.5277819862622646), ([[24, 70], [396, 70], [396, 118], [24, 118]], '사용하여 훈련시권 개름 말함', 0.42234040036334014), ([[774, 114], [1214, 114], [1214, 186], [774, 186]], '우리집 버터개인 포치가', 0.9707226038368452), ([[774, 178], [1228, 178], [1228, 250], [774, 250]], '차에 치여서 어제 묻없어', 0.6473484775923959), ([[117, 303], [213, 303], [213, 369], [117, 369]], '힘내', 0.997033178189601), ([[116, 362], [682, 362], [682, 436], [116, 436]], '이 해바라기처럼 환하게 웃으면', 0.5849858874875931), ([[117, 427], [525, 427], [525, 495], [117, 495]], '분명 기분 나아질거얘', 0.9017156409788729)]
[([[243, 219], [335, 219], [335, 279], [243, 279]], '호오', 0.4986219757889366)]
[([[1093, 61], [1275, 61], [1275, 125], [1093, 125]], '누구~게?', 0.9716321233048194), ([[1090, 120], [1272, 120], [1272, 192], [1090, 192]], '놀랍어?', 0.5126938819885254), ([[347, 359], [695, 359], [695, 427], [347, 427]], '우와 나뭇대 교쟁', 0.36204472709358465)]
[([[61, 62], [258, 62], [258, 141], [61, 141]], '이해해쥐_', 0.7441923837638771), ([[65, 189], [565, 189], [565, 249], [65, 249]], '나는 너름 진심으로 사랑하고 있다고', 0.5725040859320123), ([[64, 286], [510, 286], [510, 340], [64, 340]], '너름 위해서라면 죽을 수도 있에', 0.3946769176612227), ([[64, 334], [462, 334], [462, 388], [64, 388]], '아내외도 헤어질계 그러니까', 0.5846598874233363), ([[1143, 359], [1181, 359], [1181, 409], [1143, 409]], '2', 0.9238498654107197), ([[62, 382], [352, 382], [352, 434], [62, 434]], '내 애인이 되어줄래?', 0.4633483220569693), ([[64, 476], [440, 476], [440, 528], [64, 528]], '1주일에 한번이라도 괜찮아', 0.8518927047692071), ([[64, 524], [394, 524], [394, 576], [64, 576]], '보지만에 목적이 아니야', 0.8844078225842912), ([[64, 570], [492, 570], [492, 623], [64, 623]], '이야기활 상대가 필요할 뿐이야', 0.7114001512772493), ([[66, 617], [261, 617], [261, 670], [66, 670]], '나름 이해해쥐', 0.8651991714528717), ([[64, 712], [478, 712], [478, 766], [64, 766]], '이래뵈도 나는 로랜티스트에요', 0.1978610744208711), ([[64, 758], [666, 758], [666, 812], [64, 812]], '가끔씩 혼자서 바다틀 보러 가기도 한다고요', 0.46607096679373905), ([[66, 805], [1209, 805], [1209, 861], [66, 861]], '난느 막주병이에요 파도소리블 듣고 있으면 가슴이 아려와서 눈물이 나기도 한다구요', 0.35992323289294587), ([[64, 900], [880, 900], [880, 954], [64, 954]], '옛? 눈물은 안나요 물지 않아요 그냥 눈물이 날 것 같다고요', 0.6631817252183327), ([[64, 996], [598, 996], [598, 1050], [64, 1050]], '네 귀여운 개가 월 수도 있에 뭐든 할게', 0.4862627459337678), ([[64, 1042], [198, 1042], [198, 1096], [64, 1096]], '그러니까', 0.9676328301429749), ([[230, 1044], [330, 1044], [330, 1096], [230, 1096]], '알아쥐', 0.952916604724773), ([[62, 1090], [382, 1090], [382, 1144], [62, 1144]], '내 애인이 되어주켓어?', 0.716579468527072), ([[1013.4643284159944, 995.0360302783587], [1048.8104224161439, 988.0829583219715], [1065.5356715840055, 1076.9639697216412], [1029.1895775838561, 1082.9170416780285]], '꽃', 0.02372016724437409)]
[([[833, 47], [1409, 47], [1409, 115], [833, 115]], '어때? 아저씨의 자지 기분증아?', 0.8580807907729927), ([[832, 108], [1308, 108], [1308, 180], [832, 180]], '어떻계 해 젊으면 중계어?', 0.1307298031895389), ([[833, 173], [1513, 173], [1513, 241], [833, 241]], '절러로음 중젯어 뛰저어겨음 중깊어?', 0.02747441980544801), ([[563, 287], [797, 287], [797, 351], [563, 351]], '포 포치가아', 0.7440367275093189), ([[561, 347], [737, 347], [737, 413], [561, 413]], '포치가아', 0.83577960729599), ([[880, 740], [912, 740], [912, 832], [880, 832]], '률', 0.04722705414340056), ([[987.2907226612894, 851.0420703548303], [1032.8636390742847, 838.0624813642929], [1061.7092773387108, 946.9579296451697], [1015.1363609257153, 959.9375186357071]], '몇', 0.028280093117764915), ([[1219.0194193243092, 885.0970966215453], [1254.6358215799269, 871.0405916765708], [1280.9805806756908, 944.9029033784547], [1246.3641784200731, 958.9594083234292]], '통', 0.03822868171197147), ([[1011.3026573907705, 991.0488674744709], [1053.6671072341253, 986.28611057937], [1063.6973426092295, 1071.9511325255291], [1021.3328927658748, 1077.71388942063]], '뜰', 0.014087446736997578)]
[([[956, 69], [1509, 69], [1509, 141], [956, 141]], '사줄게 포치든 타마든 사줄게', 0.561135680942281), ([[545, 217], [1019, 217], [1019, 285], [545, 285]], '포치가 좋아아아아아아애', 0.9013474481081254), ([[215, 567], [353, 567], [353, 633], [215, 633]], '중짓다', 0.15143965184688568), ([[215, 626], [562, 626], [562, 698], [215, 698]], '우리집은 아파트리', 0.7536181572599756), ([[880, 738], [911, 738], [911, 793], [880, 793]], '톤', 0.02740867521911028), ([[879, 795], [915, 795], [915, 857], [879, 857]], '춤', 0.009902214724195668), ([[1026.372162628192, 822.0219255831464], [1097.3903046737678, 835.792738694625], [1068.627837371808, 982.9780744168536], [997.6096953262321, 969.207261305375]], '뜻', 0.013956823024913412)]
[]
[([[366, 0], [484, 0], [484, 26], [366, 26]], '출 우 (', 0.00984679429005045), ([[389, 28], [500, 28], [500, 54], [389, 54]], '#* ^사', 0.025215457206665595), ([[410, 242], [580, 242], [580, 340], [410, 340]], '205', 0.9986234102222045), ([[547, 194], [1091, 194], [1091, 387], [547, 387]], '7자 1#', 0.008797076963397772), ([[963, 327], [1075, 327], [1075, 365], [963, 365]], '# 77)', 0.07301193522093698), ([[606, 378], [1040, 378], [1040, 402], [606, 402]], '{?요하(-이;병+ 진&드1)가도빗+3*4*34)] + 541사', 1.4042459365961511e-06), ([[752, 400], [1044, 400], [1044, 424], [752, 424]], ':동비)%>-?. 시커교(:서한< 섯소', 1.1667652913195484e-06), ([[553, 430], [942, 430], [942, 459], [553, 459]], '[#+#겨-5니<내3^출없57]   [바름 츠젓버이*뻐<', 2.5941294967180956e-06), ([[967, 435], [1045, 435], [1045, 455], [967, 455]], '시공신)3]', 0.00029332241099538914), ([[682, 462], [892, 462], [892, 486], [682, 486]], '705555{/3|>-비;', 8.576267169933481e-05), ([[898, 462], [1050, 462], [1050, 486], [898, 486]], "'세; 30)2 사--*?", 0.001483319121362069), ([[779, 489], [845, 489], [845, 505], [779, 505]], '빗요', 0.012858714232666275), ([[890, 484], [1048, 484], [1048, 508], [890, 508]], '시줌터];5-7153', 2.9249315491377283e-05), ([[907, 509], [991, 509], [991, 527], [907, 527]], '5설오,20)', 0.005093007430856417), ([[1256, 756], [1362, 756], [1362, 810], [1256, 810]], '[개드램', 0.4362122416496277), ([[1102, 919], [1376, 919], [1376, 992], [1102, 992]], '옆식자8 끊이', 0.3984600011849749)]
