781669
10
[([[162, 78], [224, 78], [224, 110], [162, 110]], '개드컵', 0.3525598509382739), ([[44, 192], [148, 192], [148, 240], [44, 240]], '역식자', 0.8671733992047571), ([[160, 192], [226, 192], [226, 240], [160, 240]], '끊이', 0.9835025633734795), ([[39, 273], [269, 273], [269, 313], [39, 313]], ' 이-/--2074', 0.0035398067007439728), ([[867, 202], [1106, 202], [1106, 322], [867, 322]], '가랑이', 0.9904070922640332), ([[127, 315], [265, 315], [265, 353], [127, 353]], '엇소{', 0.09910382122962791), ([[858, 318], [1116, 318], [1116, 370], [858, 370]], '0/ 서신>-)', 0.0013731845034977478)]
[([[826, 80], [1100, 80], [1100, 108], [826, 108]], '코디제로스라도 한번 그러칭습니다만', 0.12764411365673162), ([[826, 106], [1062, 106], [1062, 132], [826, 132]], '하안 팬티스타림은 좀 더 열심히', 0.6519934113994758), ([[825, 128], [1084, 128], [1084, 157], [825, 157]], '그려야지 하고 생각하고 있습니다!!', 0.6005980938104153)]
[([[822, 250], [1102, 250], [1102, 276], [822, 276]], '그런고로 안녕하세요. 이시키이입니다_', 0.6499702443404298), ([[824, 276], [1068, 276], [1068, 302], [824, 302]], '이번에는 아무것도 내지 않을지도', 0.5882668363754774), ([[824, 299], [1026, 299], [1026, 326], [824, 326]], '모른다고 생각햇없습니다만', 0.7044109339549307), ([[822, 326], [998, 326], [998, 350], [822, 350]], '어쩐지 거친 그림이지만', 0.7673412919371454), ([[822, 350], [994, 350], [994, 376], [822, 376]], '별 수 핑게 되없습니다 .', 0.31474464437204247), ([[824, 374], [1012, 374], [1012, 402], [824, 402]], '이 그림이 가장 거찮니다 .', 0.3563288572415749), ([[822, 424], [1108, 424], [1108, 450], [822, 450]], '원지 요즘 컴퓨터의 문제가 심각합니다', 0.431324991586233), ([[824, 448], [1106, 448], [1106, 474], [824, 474]], '포토밥도 턱탁 텅기고 작동도 이상하고', 0.227153401434683), ([[822, 474], [1124, 474], [1124, 502], [822, 502]], '지금도 아슬아슬하게 글을 쓰고 있습니다_', 0.7377054643855376), ([[822, 498], [1058, 498], [1058, 524], [822, 524]], '새해 초부터 새롭게 하지 않으면', 0.5624724555686071), ([[824, 548], [1068, 548], [1068, 574], [824, 574]], '그와중에 그리면서 가장 즐거운게', 0.6716270524600688), ([[822, 574], [910, 574], [910, 598], [822, 598]], '이쪽입니다 .', 0.699310782484379), ([[824, 596], [1048, 596], [1048, 626], [824, 626]], '무똑똑한 아이라고 생각햇는데', 0.1419081342549566), ([[822, 621], [1034, 621], [1034, 648], [822, 648]], '굉장히 좋은 아가씨엿습니다.', 0.6987769426763788), ([[824, 648], [1022, 648], [1022, 674], [824, 674]], '굳태스트도 노력햇습니다!!', 0.12254720612164692)]
[]
[]
[]
[([[60, 78], [258, 78], [258, 108], [60, 108]], '그리고 싶은 것만 그렇더니', 0.4622944625659186), ([[60, 104], [326, 104], [326, 130], [60, 130]], '다리 벌리고 있는 것만 있습니다. .', 0.3766824340506491), ([[323, 237], [341, 237], [341, 271], [323, 271]], '우', 0.4157134754887579)]
[([[76, 62], [324, 62], [324, 90], [76, 90]], '삼입하고 있는건 그리지 않있으니', 0.23432225146308663), ([[76, 88], [244, 88], [244, 112], [76, 112]], '다음에 그리켓습니다!!', 0.7847170121410163)]
[([[134, 234], [434, 234], [434, 260], [134, 260]], '아무지지 못한 하반신의 티아유름 그리고', 0.5523137765023588), ([[134, 259], [431, 259], [431, 286], [134, 286]], '싶엇는데없지 다른 느낌이 돼버려습니다', 0.12199604339515077), ([[134, 308], [424, 308], [424, 334], [134, 334]], '내년에야말로 . 내년에야말로 제대로 된', 0.8510866189719655), ([[134, 334], [378, 334], [378, 360], [134, 360]], '활동올 하고 싶다고 생각합니다!!', 0.7591554091597846), ([[136, 358], [330, 358], [330, 384], [136, 384]], '그럼 이만 실레하켓습니다 .', 0.8950720685977286), ([[156, 796], [372, 796], [372, 824], [156, 824]], '도급수 {#료0육/해품', 0.0006267953535781509), ([[204, 820], [362, 820], [362, 844], [204, 844]], '2014412530타', 0.237000036832397), ([[213, 843], [361, 843], [361, 861], [213, 861]], '(그=52-5187)', 0.3146597376563025), ([[180, 878], [372, 878], [372, 904], [180, 904]], '테시템아 [타스:디5+3논', 4.68565879019981e-05), ([[168, 926], [380, 926], [380, 955], [168, 955]], '벤리;/  ;-화혼서;@오나명처;명', 1.3109256669420895e-05), ([[168, 952], [246, 952], [246, 976], [168, 976]], '가감;++른살', 0.0009788208528532408), ([[252, 952], [348, 952], [348, 976], [252, 976]], '@;-실_유~;', 0.006080354121363315), ([[167, 986], [361, 986], [361, 1012], [167, 1012]], '###+산0++리}:화논', 0.00021648160928350446), ([[168, 1008], [332, 1008], [332, 1032], [168, 1032]], '화9"<5*0신뻗3!!', 0.0017107846412960752), ([[166, 1032], [378, 1032], [378, 1058], [166, 1058]], '183숫#0|하#]차디!', 0.004361991413749248), ([[168, 1054], [396, 1054], [396, 1080], [168, 1080]], '-0#충름6디하0비훌:한소', 0.0020141133520501105), ([[167, 1079], [272, 1079], [272, 1110], [167, 1110]], '%#적#축', 0.0013325964453674622), ([[168, 1104], [272, 1104], [272, 1132], [168, 1132]], '부표[#빛', 0.0176385319923458), ([[240, 1302], [302, 1302], [302, 1326], [240, 1326]], '옆  꼴', 0.13170379777277505), ([[129, 1321], [402, 1321], [402, 1347], [129, 1347]], "초칼@]최다(주름표7시*0 '증", 0.0005705278148546384), ([[130, 1342], [406, 1342], [406, 1366], [130, 1366]], "'못잎하0+내하난스 *수주하다)포논소", 0.0008918451037757133), ([[132, 1360], [418, 1360], [418, 1384], [132, 1384]], '(+-은##꽃단*하기내#음* #8급*다', 0.0008467249713144544), ([[129, 1375], [330, 1375], [330, 1402], [129, 1402]], '[제3(-고](<*급표-7스금-', 0.0007404474880430656), ([[337, 1381], [401, 1381], [401, 1401], [337, 1401]], '+]골-순초', 0.004995091468555122), ([[131, 1397], [297, 1397], [297, 1417], [131, 1417]], '털-6071상하"*난/@', 0.0006937509485379702)]
[([[0, 0], [66, 0], [66, 68], [0, 68]], '후', 0.9989518291079982), ([[189, 5], [401, 5], [401, 69], [189, 69]], '".형감', 0.00047525210538879037), ([[396, 60], [626, 60], [626, 136], [396, 136]], '역히한', 0.5676789995781828), ([[400, 128], [504, 128], [504, 200], [400, 200]], '끊이', 0.9962256477201971), ([[403, 203], [601, 203], [601, 265], [403, 265]], '이시켜이다', 0.5587504580920948), ([[403, 265], [727, 265], [727, 325], [403, 325]], '원 말이 더 필요해?', 0.5958246826219687), ([[403, 1545], [599, 1545], [599, 1611], [403, 1611]], '팀 개드컵', 0.5368124863255491), ([[403, 1635], [1141, 1635], [1141, 1699], [403, 1699]], '팀 개드립에서는 일본어름 한글로 번역해주실', 0.2754945829616233), ([[1138, 1617], [1332, 1617], [1332, 1708], [1138, 1708]], '역자분과', 0.9978582262992859), ([[401, 1708], [1344, 1708], [1344, 1786], [401, 1786]], '번역된 한국어름 편집해 주실 식자분올 구하고 있습니다', 0.5168206051624626), ([[400, 1798], [1385, 1798], [1385, 1874], [400, 1874]], '신청은 [--권이: 어:꼬예서 하실수 있습니다', 0.004719776538297279), ([[403, 1885], [1276, 1885], [1276, 1949], [403, 1949]], '혼자하는 작업보다 같이 하는 작업이 더욱 즐겁습니다', 0.6964524597910063)]
