793862
20
[([[360, 1550], [1043, 1550], [1043, 1676], [360, 1676]], '+~<~ +0 -+넘거', 0.002354113513332284), ([[1179, 1795], [1333, 1795], [1333, 1839], [1179, 1839]], ',이가여', 0.00044474401511251926), ([[1066, 1832], [1440, 1832], [1440, 1884], [1066, 1884]], '70 ^사너/0 -주느', 0.001203278058078701)]
[([[81, 182], [466, 182], [466, 237], [81, 237]], '[오늘도 테이이지씨가', 0.5819217768974065), ([[1133, 181], [1369, 181], [1369, 235], [1133, 235]], '[어서오세요]', 0.8778019988992594), ([[46, 229], [498, 229], [498, 280], [46, 280]], '계시지만 신경쓰지 마시고', 0.9993477019062591), ([[50, 274], [500, 274], [500, 328], [50, 328]], '보지에 잔뜩 해주세요 9]', 0.7597970352599953)]
[([[81, 213], [585, 213], [585, 304], [81, 304]], '[자지 너무중아%]', 0.32114201925935304)]
[([[96, 106], [417, 106], [417, 168], [96, 168]], '[안돼에~벌리지마', 0.9270241220001727), ([[144, 149], [413, 149], [413, 211], [144, 211]], '부끄러워9 9]', 0.7598972137339153)]
[([[74, 178], [441, 178], [441, 239], [74, 239]], '[너무 국어서 보지가', 0.751463346015199), ([[999, 182], [1377, 182], [1377, 245], [999, 245]], '[푹푹 찢러주세요9]', 0.46996659515579114), ([[105, 224], [419, 224], [419, 284], [105, 284]], '부서질것 같아9]', 0.7630408069045621)]
[([[88, 1263], [729, 1263], [729, 1325], [88, 1325]], '[비디오 , 멋대로 찍으면 안되오자]', 0.33849598839297695)]
[([[82, 54], [384, 54], [384, 108], [82, 108]], '인터넷에 올리기', 0.8791281668190937), ([[397, 48], [859, 48], [859, 111], [397, 111]], '위한 산진올 찍없습니다 ,', 0.481767443344518), ([[816, 382], [1094, 382], [1094, 493], [816, 493]], '새"주\'', 0.045503880828619), ([[829, 445], [1077, 445], [1077, 553], [829, 553]], "'(쇼무다조)'", 0.007389162460443648), ([[370.9459448540332, 407.34053933943653], [664.2658865879463, 358.43978667560367], [674.0540551459668, 431.65946066056347], [380.7341134120537, 480.56021332439633]], '4중#버다', 0.04388204865642575), ([[339.3103526837755, 469.97931741539793], [659.3523659366515, 417.6476898621603], [668.6896473162245, 491.02068258460207], [348.64763406334845, 542.3523101378397]], '다수루시#철다 %들', 0.01038464915172325), ([[329.8445824720007, 546.4222912360003], [575.055220298081, 490.2285458314405], [589.1554175279994, 558.5777087639997], [343.9447797019189, 613.7714541685594]], '혼"#포곳#', 0.003509476097240407)]
[([[1040, 1574], [1204, 1574], [1204, 1622], [1040, 1622]], '푸튼하늘', 0.6948051452636719), ([[1217, 1577], [1307, 1577], [1307, 1621], [1217, 1621]], '아래', 0.9998912628624733), ([[962, 1618], [1162, 1618], [1162, 1668], [962, 1668]], '해변에서의', 0.708735073950725), ([[1179, 1617], [1388, 1617], [1388, 1669], [1179, 1669]], '셈스입니다', 0.5437239839066055)]
[([[103, 159], [426, 159], [426, 212], [103, 212]], '[누구든 중으니까', 0.6518476360470877), ([[154, 204], [381, 204], [381, 257], [154, 257]], '박센거 한발', 0.7011353522731602), ([[124, 252], [296, 252], [296, 302], [124, 302]], '처밖아쥐 ', 0.5980721071360054), ([[340, 250], [402, 250], [402, 298], [340, 298]], '0]', 0.46375100491550897)]
[([[67, 1174], [514, 1174], [514, 1235], [67, 1235]], '[언니 여기좀 박쥐~@]', 0.04051611390834445)]
[]
[]
[]
[]
[]
[([[816, 381], [1095, 381], [1095, 494], [816, 494]], "새주'", 0.009157597885094747), ([[829, 445], [1077, 445], [1077, 553], [829, 553]], "'(}무다조)'", 0.0070828326367506295), ([[370.9459448540332, 407.34053933943653], [663.2610190800851, 358.428506788685], [673.0540551459668, 431.65946066056347], [380.73898091991487, 480.571493211315]], '4중#버다', 0.0354420093576709), ([[338.3103526837755, 469.97931741539793], [659.3425213190085, 417.62326518040135], [669.6896473162245, 491.02068258460207], [348.6574786809916, 543.3767348195986]], '수무3#다다 %!', 0.001342101044459969), ([[329.8445824720007, 546.4222912360003], [575.055220298081, 490.2285458314405], [589.1554175279994, 558.5777087639997], [343.9447797019189, 613.7714541685594]], '혼"#포곳#', 0.004275871679276184)]
[]
[]
[]
[([[321, 32], [810, 32], [810, 159], [321, 159]], '역식자후기', 0.9857767883750682), ([[486, 354], [642, 354], [642, 404], [486, 404]], '253번째', 0.9993970729646776), ([[314, 396], [816, 396], [816, 452], [314, 452]], '잊올만하면 구르는 베르단디', 0.5956811740509086), ([[318, 444], [816, 444], [816, 498], [318, 498]], '이번엔 세자매가 참전햇네요', 0.7599820060813833), ([[466, 534], [666, 534], [666, 582], [466, 582]], '20150308', 0.7490499368712559), ([[400, 858], [768, 858], [768, 958], [400, 958]], '(이이7긋', 0.009355507598157379), ([[120, 962], [280, 962], [280, 1058], [120, 1058]], '70', 0.06453840055352718), ([[306, 957], [1046, 957], [1046, 1062], [306, 1062]], '스"너 70 니?:', 0.0028497560741389087), ([[211, 1060], [950, 1060], [950, 1165], [211, 1165]], '[어꼬지?이궁어궁~', 9.42395767394692e-05)]
