794260
30
[([[39, 19], [425, 19], [425, 83], [39, 83]], '*0 5 0모3?', 0.05087881565626125), ([[809, 591], [1111, 591], [1111, 929], [809, 929]], '(5', 0.08775670347260972), ([[216, 1026], [712, 1026], [712, 1292], [216, 1292]], '@-', 0.08461309774897413), ([[749, 1203], [843, 1203], [843, 1287], [749, 1287]], '소', 0.24154174454821842), ([[316, 1446], [866, 1446], [866, 1496], [316, 1496]], '#출여둡키  아 !;`처', 1.7837635977145182e-06), ([[787.0132941344218, 1100.028659112055], [949.4873322833573, 1174.856586651303], [886.9867058655782, 1305.971340887945], [725.5126677166427, 1231.143413348697]], '멸째', 0.006681534973450414), ([[428.8569578870127, 1203.0242061334993], [944.0486231734187, 1271.8958300436132], [900.1430421129874, 1492.9757938665007], [385.9513768265812, 1424.1041699563868]], '@개', 0.03731902589933007)]
[]
[]
[([[230, 254], [336, 254], [336, 284], [230, 284]], '차는 여기에', 0.8209148830810694), ([[236, 288], [330, 288], [330, 318], [236, 318]], '두고 갈게', 0.9079251184870288), ([[226, 320], [336, 320], [336, 350], [226, 350]], '바로 과자도', 0.9985709617225875), ([[218, 354], [344, 354], [344, 386], [218, 386]], '가져올 테니까', 0.956447275465513), ([[137, 399], [157, 399], [157, 427], [137, 427]], '응', 0.999888900028111), ([[682, 406], [737, 406], [737, 436], [682, 436]], '타이', 0.3592519310182333), ([[976, 812], [1020, 812], [1020, 844], [976, 844]], '공부', 0.9999991570631338), ([[118, 836], [152, 836], [152, 864], [118, 864]], '네~', 0.9998641212644075), ([[945, 843], [1051, 843], [1051, 879], [945, 879]], '열심히 하련', 0.37210708241908846), ([[93, 1375], [169, 1375], [169, 1413], [93, 1413]], '좋앉에', 0.535413104936324)]
[([[292, 206], [346, 206], [346, 234], [292, 234]], '아아~', 0.999944939790755), ([[278, 238], [360, 238], [360, 270], [278, 270]], '이거 정말', 0.9908556414274502), ([[284, 272], [354, 272], [354, 302], [284, 302]], '어렵네~', 0.9528480768203735), ([[828, 622], [858, 622], [858, 646], [828, 646]], '까', 0.9939343207233833), ([[836, 640], [882, 640], [882, 670], [836, 670]], '짝', 0.5906383780798166), ([[1006, 718], [1042, 718], [1042, 750], [1006, 750]], '응?', 0.998976490824303), ([[106, 760], [210, 760], [210, 792], [106, 792]], '이런 문제는', 0.9627348467001916), ([[992, 752], [1056, 752], [1056, 782], [992, 782]], '어떤 게', 0.9996722936630249), ([[96, 794], [222, 794], [222, 826], [96, 826]], '조금 집중해서', 0.9994995807458479), ([[984, 786], [1062, 786], [1062, 818], [984, 818]], '어렵다는', 0.9757450819015503), ([[108, 826], [212, 826], [212, 858], [108, 858]], '하면 물리게', 0.7288072327549028), ([[993, 815], [1052, 815], [1052, 852], [993, 852]], '건데?', 0.9951574962985916), ([[116, 860], [202, 860], [202, 892], [116, 892]], '되어 있어', 0.9726033459148943), ([[82, 1450], [144, 1450], [144, 1482], [82, 1482]], '으으옷', 0.42527820888103945)]
[([[760, 180], [808, 180], [808, 212], [760, 212]], '우선', 0.999967631373782), ([[744, 214], [822, 214], [822, 246], [744, 246]], '이 문제', 0.904058960442358), ([[750, 246], [800, 246], [800, 278], [750, 278]], '부터:', 0.7087478777580235), ([[131, 873], [217, 873], [217, 917], [131, 917]], '선생님', 0.9995302118185827), ([[115, 919], [235, 919], [235, 961], [115, 961]], '여기 조금', 0.999889767905181), ([[107, 961], [245, 961], [245, 1005], [107, 1005]], '덥지 않아?', 0.9496183609391581)]
[([[152, 228], [188, 228], [188, 260], [152, 260]], '응?', 0.9894952006072928), ([[706, 292], [750, 292], [750, 322], [706, 322]], '어이', 0.9965086569941854), ([[696, 324], [764, 324], [764, 356], [696, 356]], '유키호', 0.9588046276913293), ([[934, 724], [982, 724], [982, 756], [934, 756]], '아앗,', 0.6560527409087418), ([[920, 758], [1000, 758], [1000, 790], [920, 790]], '나, 잠깐', 0.6983836936621169), ([[909, 789], [1011, 789], [1011, 825], [909, 825]], '화장실 좀', 0.9326207979151945), ([[182, 840], [218, 840], [218, 870], [182, 870]], '옛?', 0.9992857699404567), ([[72.77165594187538, 1078.4291398546884], [105.70104748540439, 1048.0410963740628], [162.22834405812463, 1114.5708601453116], [129.2989525145956, 1144.9589036259372]], '8', 0.7439334147668184), ([[313.8399704188685, 1160.1719023822661], [341.5023207456646, 1137.03166610925], [389.1600295811315, 1200.8280976177339], [361.4976792543354, 1223.96833389075]], '8', 0.10500130073768688)]
[([[935, 62], [1031, 62], [1031, 100], [935, 100]], '유키하-', 0.25181159377098083), ([[945, 99], [1021, 99], [1021, 135], [945, 135]], '갑자기', 0.1997080225739067), ([[907, 134], [1061, 134], [1061, 171], [907, 171]], '왜 터리관거지?', 0.25526465822408007), ([[513, 441], [573, 441], [573, 477], [513, 477]], '하아', 0.9911235713313041), ([[338, 572], [398, 572], [398, 604], [338, 604]], '선생님', 0.99934370874484), ([[582, 606], [620, 606], [620, 636], [582, 636]], '하0', 0.36539583107482915), ([[553, 911], [649, 911], [649, 947], [553, 947]], '선생님요', 0.07886511832475662), ([[47, 1269], [223, 1269], [223, 1307], [47, 1307]], "있,아,' 선생님>", 0.05779775635198498), ([[32, 1310], [238, 1310], [238, 1342], [32, 1342]], '나흘 똑바로 화쥐: .', 0.32508109409063407), ([[138.06432643582264, 141.01751583646455], [334.29303927299844, 179.9599086224124], [275.93567356417736, 457.98248416353545], [78.70696072700153, 418.0400913775876]], '필', 0.055345897989699466)]
[([[937, 133], [1055, 133], [1055, 175], [937, 175]], '아까부터', 0.9997912645339966), ([[955, 175], [1039, 175], [1039, 217], [955, 217]], '이렇게', 0.812387754425238), ([[955, 215], [1039, 215], [1039, 257], [955, 257]], '더워서', 0.7554419640261099), ([[149, 261], [239, 261], [239, 299], [149, 299]], '땀으로', 0.9163479727127987), ([[117, 297], [269, 297], [269, 341], [117, 341]], '음백 젖없어', 0.5118499809124152), ([[295, 681], [463, 681], [463, 723], [295, 723]], '더는 견달 수', 0.711376228679544), ([[333, 721], [423, 721], [423, 763], [333, 763]], '없으니', 0.9962040006144999), ([[301, 760], [456, 760], [456, 805], [301, 805]], '벗지 않으면', 0.9009910537815972), ([[280, 798], [472, 798], [472, 846], [280, 846]], '안-돌첫 같아:', 0.13192051148490155), ([[51, 1205], [167, 1205], [167, 1249], [51, 1249]], '유키호는', 0.35692909359931946), ([[53, 1247], [167, 1247], [167, 1289], [53, 1289]], '선생님과', 0.9835071563720703), ([[983, 1269], [1093, 1269], [1093, 1311], [983, 1311]], '선생님도', 0.9979400634765625), ([[43, 1287], [173, 1287], [173, 1329], [43, 1329]], '하고 싶어', 0.9478726173915213), ([[981, 1308], [1097, 1308], [1097, 1350], [981, 1350]], '더우니까', 0.9797627329826355), ([[25, 1331], [195, 1331], [195, 1369], [25, 1369]], '그러 나까"', 0.29136038726414537), ([[967, 1349], [1111, 1349], [1111, 1391], [967, 1391]], '벗고 싶지?', 0.744455966487694), ([[53, 1369], [165, 1369], [165, 1411], [53, 1411]], '선생님도', 0.9990306496620178), ([[25, 1409], [191, 1409], [191, 1451], [25, 1451]], '참지 말아쥐', 0.9329148538083084), ([[741.3029437251523, 516.120606076066], [877.826541261909, 501.8702909429785], [882.6970562748477, 609.879393923934], [746.173458738091, 623.1297090570215]], '(1좁9', 0.17425796389579773), ([[862.7751056896261, 715.2080601550183], [927.6768866746606, 653.0191058585068], [1044.2248943103739, 791.7919398449817], [979.3231133253394, 853.9808941414932]], '봄', 0.016048185245989055), ([[241.32592734905947, 875.0133691962988], [479.66764958448994, 1043.6549353775072], [395.6740726509405, 1160.9866308037012], [157.33235041551006, 992.3450646224928]], '간*', 0.007763585771999296)]
[([[1044, 212], [1096, 212], [1096, 276], [1044, 276]], '%', 0.12171616815834696), ([[967, 297], [1073, 297], [1073, 341], [967, 341]], '선생님~', 0.13216814398765564), ([[989, 337], [1051, 337], [1051, 381], [989, 381]], '빨리', 0.9939973414871581), ([[935, 375], [1094, 375], [1094, 427], [935, 427]], '유귀하하고 .', 0.20601198322359696), ([[50, 574], [102, 574], [102, 602], [50, 602]], '이런 ', 0.2579295949813898), ([[56, 606], [106, 606], [106, 636], [56, 636]], '으위', 0.921284878619153), ([[294, 610], [364, 610], [364, 640], [294, 640]], '야한 거;', 0.8372098969735708), ([[300, 642], [360, 642], [360, 672], [300, 672]], '하자"', 0.46684145973610763), ([[987, 1171], [1079, 1171], [1079, 1259], [987, 1259]], '92', 0.14183276998636157), ([[135, 1355], [193, 1355], [193, 1391], [135, 1391]], '어럿!', 0.1757876632268896), ([[302.10273295103786, 75.04033575652036], [368.5426774024273, 38.014735795338474], [451.89726704896214, 205.95966424347964], [384.4573225975727, 241.98526420466152]], '%', 0.1363751438684382), ([[-10.6630680321484, 81.01466247344615], [91.47444603863788, 36.00750517904306], [210.6630680321484, 336.98533752655385], [107.52555396136212, 381.99249482095695]], '물', 0.7208980235312801)]
[([[445, 35], [489, 35], [489, 73], [445, 73]], '부들', 0.9945057847524383), ([[1018, 230], [1042, 230], [1042, 258], [1018, 258]], '이', 0.9807031795322843), ([[1002, 264], [1060, 264], [1060, 292], [1002, 292]], "이건  '", 0.26992081620198843), ([[130, 280], [202, 280], [202, 312], [130, 312]], '호, 혹시', 0.842570058742352), ([[134, 314], [180, 314], [180, 346], [134, 346]], '정애:', 0.9936835331733566), ([[803, 755], [883, 755], [883, 791], [803, 791]], '자자자', 0.9998422535856824), ([[801, 789], [885, 789], [885, 827], [801, 827]], '잠깐만]', 0.5710982084274292), ([[28, 742], [252, 742], [252, 1026], [28, 1026]], '광', 0.32496461483793837), ([[1016, 1220], [1070, 1220], [1070, 1252], [1016, 1252]], '무 무_', 0.9357811212539673), ([[1006, 1254], [1086, 1254], [1086, 1284], [1006, 1284]], '무 무슨', 0.9949935674667358), ([[108, 1408], [174, 1408], [174, 1440], [108, 1440]], '의응?', 0.9971169747758122), ([[875, 1441], [967, 1441], [967, 1477], [875, 1477]], '기다려쥐', 0.6260697245597839)]
[([[736, 232], [804, 232], [804, 264], [736, 264]], '자위논', 0.5811901968304152), ([[713, 265], [829, 265], [829, 301], [713, 301]], '자기 집에서', 0.6756692058574124), ([[734, 302], [808, 302], [808, 334], [734, 334]], '하라고', 0.9996516133725206), ([[172, 442], [260, 442], [260, 474], [172, 474]], '그것보다', 0.9900677800178528), ([[157, 475], [271, 475], [271, 511], [157, 511]], '제대로 문을', 0.614998961322373), ([[155, 509], [275, 509], [275, 545], [155, 545]], '잠가두는 건', 0.9607474746422663), ([[902, 520], [944, 520], [944, 552], [902, 552]], '죄송', 0.9849988836709792), ([[151, 545], [277, 545], [277, 581], [151, 581]], '상식이잡아:?', 0.3869943356655556), ([[891, 551], [959, 551], [959, 587], [891, 587]], '합니다:', 0.45530468225479126), ([[965, 961], [1085, 961], [1085, 997], [965, 997]], '하지만 그게', 0.9986583894599554), ([[971, 995], [1083, 995], [1083, 1033], [971, 1033]], '여동생쪽이', 0.9967728883386562), ([[969, 1031], [1083, 1031], [1083, 1067], [969, 1067]], '유록해오는', 0.7304534570208865), ([[982, 1068], [1058, 1068], [1058, 1100], [982, 1100]], '바람에:.', 0.6818323503410615), ([[89, 1329], [141, 1329], [141, 1367], [89, 1367]], '흐응', 0.9643074995347717), ([[640, 1454], [702, 1454], [702, 1484], [640, 1484]], '그래서', 0.9999601501329547), ([[640, 1486], [690, 1486], [690, 1518], [640, 1518]], '그만 ', 0.9986156343782239)]
[([[187, 185], [229, 185], [229, 221], [187, 221]], '옛?', 0.9988070312449567), ([[1053, 221], [1095, 221], [1095, 277], [1053, 277]], '밑', 0.06050631898881775), ([[1017, 269], [1037, 269], [1037, 345], [1017, 345]], '물', 0.898824951422629), ([[950, 979], [1063, 979], [1063, 1017], [950, 1017]], '유키호인가', 0.9761585094790788), ([[110, 1152], [192, 1152], [192, 1182], [110, 1182]], '호노카도', 0.9747887253761292), ([[100, 1186], [204, 1186], [204, 1218], [100, 1218]], '그런 것몸은', 0.3403394509728809), ([[102, 1220], [200, 1220], [200, 1252], [102, 1252]], '여동생에게', 0.7628421183952071), ([[106, 1254], [194, 1254], [194, 1286], [106, 1286]], '지지 않아', 0.8458948879705167), ([[507, 1295], [543, 1295], [543, 1343], [507, 1343]], '벼', 0.02770820482656533), ([[524, 1332], [556, 1332], [556, 1382], [524, 1382]], '매', 0.09353612802346678), ([[764, 1326], [838, 1326], [838, 1446], [764, 1446]], '술@', 0.0036655314579701137), ([[665, 1339], [733, 1339], [733, 1517], [665, 1517]], '"', 0.669837236897397)]
[([[309, 463], [391, 463], [391, 499], [309, 499]], '우외아~', 0.6568253040313721), ([[201, 811], [241, 811], [241, 946], [201, 946]], '통', 0.005758788455781039), ([[907, 889], [995, 889], [995, 925], [907, 925]], '에헤하"', 0.051957953721284866), ([[103, 1331], [213, 1331], [213, 1367], [103, 1367]], '좋아 그럼', 0.978202135676744), ([[83, 1365], [235, 1365], [235, 1405], [83, 1405]], '언니인 내 쪽이', 0.981347972631382), ([[77, 1405], [241, 1405], [241, 1443], [77, 1443]], '입으로 해줄게 ?', 0.19694244058658836), ([[905.6243162872531, 211.0950772682225], [974.6927759867831, 175.0240257903232], [1033.3756837127469, 302.9049227317775], [965.3072240132169, 338.9759742096768]], '스3', 0.008323354233426743)]
[([[895, 227], [999, 227], [999, 313], [895, 313]], '떨문', 0.007799095340247291), ([[123, 329], [191, 329], [191, 365], [123, 365]], '우오옷', 0.9980244187451449), ([[470, 348], [526, 348], [526, 430], [470, 430]], '욕', 0.26201019188421526), ([[664, 372], [754, 372], [754, 452], [664, 452]], '말문', 0.005117831550568547), ([[992, 630], [1076, 630], [1076, 662], [992, 662]], '호노카양', 0.9882245063781738), ([[540, 696], [608, 696], [608, 728], [540, 728]], '이런 건', 0.9827871144047036), ([[576, 1308], [640, 1308], [640, 1340], [576, 1340]], '왜 이리', 0.9997373223304749), ([[556, 1342], [658, 1342], [658, 1372], [556, 1372]], "늦는 걸까 '", 0.5743607691462858), ([[567, 1373], [651, 1373], [651, 1409], [567, 1409]], '흥분해서', 0.9993978142738342), ([[546, 1408], [672, 1408], [672, 1440], [546, 1440]], '너무 몰투한거 ', 0.3730907474742843), ([[572, 1442], [646, 1442], [646, 1472], [572, 1472]], '아니야?', 0.9801187157023935), ([[107, 1499], [123, 1499], [123, 1545], [107, 1545]], '응', 0.9874817977206796)]
[([[133, 69], [201, 69], [201, 171], [133, 171]], ' ', 0.0027543041729166107), ([[74, 240], [154, 240], [154, 372], [74, 372]], '0', 0.014338456700786983), ([[984, 300], [1044, 300], [1044, 330], [984, 330]], '후아 ', 0.9147114267127834), ([[855, 325], [899, 325], [899, 369], [855, 369]], '#', 0.15205336131998948), ([[956, 334], [1072, 334], [1072, 366], [956, 366]], '기분은 어때?', 0.9700869941811414), ([[964, 368], [1064, 368], [1064, 400], [964, 400]], '싸고 싶어?', 0.9858584109052282), ([[908, 684], [942, 684], [942, 710], [908, 710]], '자~', 0.9821613779778562), ([[904, 718], [948, 718], [948, 748], [904, 748]], '싸도', 0.9700663078767937), ([[892, 750], [958, 750], [958, 782], [892, 782]], '괜찮아', 0.9977909592917251), ([[368, 798], [456, 798], [456, 830], [368, 830]], '정액 잔뜩', 0.9987907529624076), ([[532, 796], [562, 796], [562, 826], [532, 826]], '자', 0.9999499327250874), ([[378, 832], [448, 832], [448, 862], [378, 862]], '뿌려쥐~', 0.5234001278877258), ([[524, 828], [574, 828], [574, 860], [524, 860]], '잠깐', 0.9999392247853806), ([[970, 830], [1022, 830], [1022, 862], [970, 862]], '우원', 0.0829802527597093), ([[245, 893], [311, 893], [311, 933], [245, 933]], '산다!', 0.559571403094562), ([[1038, 1238], [1086, 1238], [1086, 1270], [1038, 1270]], '언니', 0.3972731063097459), ([[49, 1351], [109, 1351], [109, 1427], [49, 1427]], '3', 0.11648492425573309), ([[737, 1315], [823, 1315], [823, 1441], [737, 1441]], '3', 0.5048928368330827), ([[425.1055838511066, 943.0222354072426], [612.8740089073491, 1045.874016561681], [536.8944161488934, 1179.9777645927572], [350.12599109265096, 1077.125983438319]], '세', 0.025264449105634412), ([[83.90262719059504, 1389.0865513007489], [130.639516134592, 1366.0292741329474], [175.09737280940496, 1465.9134486992511], [128.360483865408, 1488.9707258670526]], '5', 0.05596050058110169)]
[([[482, 214], [634, 214], [634, 262], [482, 262]], '죄송합니다]', 0.521966492177742), ([[81, 833], [159, 833], [159, 875], [81, 875]], '정말로', 0.9999515469944185), ([[83, 877], [159, 877], [159, 915], [83, 915]], '미안해', 0.9978202703333444), ([[89, 1185], [185, 1185], [185, 1221], [89, 1221]], '그나저나', 0.9837115406990051), ([[466, 1200], [498, 1200], [498, 1246], [466, 1246]], '뜻', 0.5112257296087961), ([[88, 1224], [182, 1224], [182, 1264], [88, 1264]], '선생님올', 0.7813215255737305), ([[707, 1247], [785, 1247], [785, 1287], [707, 1287]], '어떻게', 0.7309866557454723), ([[99, 1267], [173, 1267], [173, 1305], [99, 1305]], '골려준', 0.9646230453952309), ([[703, 1289], [789, 1289], [789, 1327], [703, 1327]], '된 거야', 0.9670045499866453), ([[77, 1309], [195, 1309], [195, 1347], [77, 1347]], '것만으로도', 0.7688351210570802), ([[719, 1333], [777, 1333], [777, 1371], [719, 1371]], '언내', 0.20798143618905574), ([[91, 1351], [177, 1351], [177, 1389], [91, 1389]], '이렇게 ', 0.39930543303489685)]
[([[722, 156], [760, 156], [760, 186], [722, 186]], '더는', 0.9275323799948217), ([[99, 177], [207, 177], [207, 217], [99, 217]], '용서해쥐', 0.9778716564178467), ([[702, 188], [784, 188], [784, 220], [702, 220]], "'아무것도", 0.9935450231632059), ([[720, 216], [770, 216], [770, 290], [720, 290]], '한', 0.0720061911325196), ([[728, 288], [770, 288], [770, 318], [728, 318]], '테니', 0.9995909471967351), ([[523, 651], [573, 651], [573, 687], [523, 687]], '용서', 0.8817514348017368), ([[499, 685], [589, 685], [589, 721], [499, 721]], "같은 거'", 0.40272993218456515), ([[510, 722], [584, 722], [584, 754], [510, 754]], '해줄 리', 0.6041172623658244), ([[509, 755], [583, 755], [583, 791], [509, 791]], '없잡아', 0.6618695848425782), ([[956, 1294], [1010, 1294], [1010, 1326], [956, 1326]], "나도'", 0.9980679738827574), ([[404, 1352], [448, 1352], [448, 1384], [404, 1384]], '끼원', 0.9899141329490125), ([[394, 1386], [458, 1386], [458, 1418], [394, 1418]], '뒷으면', 0.11665713428411902), ([[376, 1420], [472, 1420], [472, 1452], [376, 1452]], '중계논데어', 0.017391021496591247)]
[([[243, 279], [301, 279], [301, 315], [243, 315]], '저기', 0.9991116600456879), ([[218, 318], [329, 318], [329, 361], [218, 361]], '잠깐만  !', 0.7433133086599659), ([[0, 794], [24, 794], [24, 818], [0, 818]], '18', 0.9996490190887369), ([[535, 1025], [595, 1025], [595, 1063], [535, 1063]], '아아', 0.9998628569095095), ([[965, 1045], [1047, 1045], [1047, 1083], [965, 1083]], '기다려!', 0.921141505241394), ([[208, 1386], [234, 1386], [234, 1442], [208, 1442]], '유', 0.9768577039704383), ([[208, 1440], [234, 1440], [234, 1546], [208, 1546]], '"', 0.03248101294980188), ([[924, 1366], [1094, 1366], [1094, 1572], [924, 1572]], '4', 0.11587861917040332), ([[814.1631888689246, 1039.058640969365], [855.4982728791224, 1014.0207254505307], [913.8368111310754, 1121.941359030635], [872.5017271208776, 1145.9792745494692]], '올', 0.47141125189478217)]
[([[100, 146], [176, 146], [176, 178], [100, 178]], '선생님"', 0.2599933445453644), ([[732, 56], [808, 56], [808, 176], [732, 176]], '14', 0.1533639137835959), ([[84, 179], [192, 179], [192, 212], [84, 212]], '호노카 것도', 0.9852437922350861), ([[108, 214], [168, 214], [168, 246], [108, 246]], '할아쥐', 0.045588375782152836), ([[951, 251], [1009, 251], [1009, 287], [951, 287]], '우엇', 0.07725489579106415), ([[251, 409], [295, 409], [295, 558], [251, 558]], '(', 0.001951896940741285), ([[458, 630], [492, 630], [492, 656], [458, 656]], '7', 0.4907233974978773), ([[984, 1026], [1058, 1026], [1058, 1058], [984, 1058]], '자; 다들', 0.496187256376685), ([[982, 1060], [1062, 1060], [1062, 1090], [982, 1090]], '간식으로', 0.998325526714325), ([[992, 1094], [1052, 1094], [1052, 1122], [992, 1122]], "만주 '", 0.5326303243637085), ([[623, 1139], [671, 1139], [671, 1175], [623, 1175]], '너희:', 0.9049861757904376), ([[422, 1364], [474, 1364], [474, 1396], [422, 1396]], '어머!', 0.8474157480791565), ([[978.8675748105346, 506.0922063442613], [1023.5961172018372, 478.02542873850484], [1082.1324251894653, 580.9077936557387], [1036.4038827981628, 608.9745712614952]], '쏟', 0.233001380908612), ([[566.9179748946285, 723.0418761407077], [723.0150281549486, 763.841604694685], [689.0820251053715, 879.9581238592923], [532.9849718450514, 839.158395305315]], '서4', 0.059604361516700316)]
[([[412, 200], [498, 200], [498, 230], [412, 230]], '신경 쓰지', 0.9671434964513196), ([[408, 232], [500, 232], [500, 264], [408, 264]], '않아도 돼,', 0.9187044299496148), ([[432, 266], [476, 266], [476, 298], [432, 298]], '엄마.', 0.6898072980291242), ([[996, 266], [1026, 266], [1026, 302], [996, 302]], '뭐', 0.9999930858731574), ([[969, 307], [1055, 307], [1055, 345], [969, 345]], '월 하는', 0.7658939713165891), ([[983, 349], [1041, 349], [1041, 385], [983, 385]], '거니!', 0.8326877110337992), ([[392, 532], [438, 532], [438, 564], [392, 564]], '요즘', 0.999940320584111), ([[372, 566], [460, 566], [460, 598], [372, 598]], '아빠하고', 0.9998112916946411), ([[353, 599], [481, 599], [481, 635], [353, 635]], '한적 없잖아?', 0.6643600678760123), ([[0, 793], [19, 793], [19, 817], [0, 817]], '0', 0.9999978542339392), ([[279, 1327], [395, 1327], [395, 1363], [279, 1363]], '모처럼 생긴', 0.9326968021039524), ([[136, 1378], [182, 1378], [182, 1408], [136, 1408]], '이화', 0.3173653681484468), ([[279, 1363], [393, 1363], [393, 1399], [279, 1399]], '찬스 아냐?', 0.9840558063017169), ([[110, 1410], [212, 1410], [212, 1442], [110, 1442]], '내 입장은?', 0.9934205545481444)]
[([[958, 144], [1002, 144], [1002, 174], [958, 174]], '어떠', 0.9276758579230266), ([[940, 180], [1020, 180], [1020, 212], [940, 212]], '신가요?', 0.999745786190033), ([[412, 372], [490, 372], [490, 404], [412, 404]], '대단해요', 0.9784741401672363), ([[424, 406], [480, 406], [480, 438], [424, 438]], '어머님', 0.9979726070410563), ([[67, 447], [121, 447], [121, 483], [67, 483]], '우월', 0.11188100799298499), ([[919, 749], [1023, 749], [1023, 785], [919, 785]], '음 충분히', 0.9981477867141259), ([[915, 785], [1027, 785], [1027, 821], [915, 821]], '딱딱해적네.', 0.2636443044879329), ([[502, 792], [554, 792], [554, 852], [502, 852]], '씨', 0.11372302560015957), ([[792, 1282], [834, 1282], [834, 1314], [792, 1314]], '그럼', 0.9998855310784486), ([[790, 1316], [832, 1316], [832, 1348], [790, 1348]], '넣올', 0.47705250870547544), ([[784, 1350], [828, 1350], [828, 1380], [784, 1380]], '게요', 0.9996605661574569), ([[36, 1414], [78, 1414], [78, 1446], [36, 1446]], '들어', 0.9999034850811359), ([[983, 1367], [1069, 1367], [1069, 1471], [983, 1471]], '(}', 0.004185813587128305), ([[1058, 1416], [1090, 1416], [1090, 1454], [1058, 1454]], '6', 0.2859324303489217), ([[26, 1448], [82, 1448], [82, 1480], [26, 1480]], '앉다"', 0.13801057030450503), ([[501.5197854306106, 1063.011536956701], [575.539854212649, 1052.1192688021692], [610.4802145693893, 1290.988463043299], [536.460145787351, 1302.8807311978308]], '$', 0.11157771489806212)]
[([[1032, 418], [1074, 418], [1074, 448], [1032, 448]], '역시', 0.9984359517632262), ([[32, 438], [62, 438], [62, 476], [32, 476]], '8', 0.0902993577380764), ([[1010, 452], [1094, 452], [1094, 484], [1010, 484]], '젊은 애는', 0.38856578891344173), ([[1018, 486], [1072, 486], [1072, 518], [1018, 518]], '좋네~', 0.43470356737937105), ([[388, 646], [562, 646], [562, 792], [388, 792]], '벼씨;', 0.0002574067772515443), ([[0, 792], [28, 792], [28, 820], [0, 820]], '22', 1.0), ([[473, 849], [518, 849], [518, 1000], [473, 1000]], '3', 0.0051472756466550695), ([[109, 999], [203, 999], [203, 1087], [109, 1087]], '무사', 0.0036082348103633655), ([[839, 1131], [955, 1131], [955, 1169], [839, 1169]], '다음 차례는', 0.7155571254570885), ([[854, 1170], [944, 1170], [944, 1200], [854, 1200]], '호노카야', 0.9565792083740234), ([[427, 1375], [491, 1375], [491, 1445], [427, 1445]], '*', 0.1386994186073629), ([[61.46068913606141, 478.01819921370884], [119.46858728242302, 469.13595197154126], [143.5393108639386, 641.9818007862912], [85.53141271757698, 650.8640480284587]], '용', 0.005834363010171428), ([[977.2696491545933, 1107.02224613533], [1122.9650373855588, 1207.0846419486459], [1060.7303508454067, 1294.97775386467], [916.0349626144412, 1194.9153580513541]], '"물|용', 0.0015274528414011002), ([[103.95136234400404, 1143.0789914704267], [215.6407830863536, 1161.7864056378821], [203.04863765599598, 1222.9210085295733], [91.3592169136464, 1203.2135943621179]], '5:', 0.05693454057811939)]
[([[67, 29], [181, 29], [181, 191], [67, 191]], '히3', 0.04373294287919804), ([[400, 438], [476, 438], [476, 470], [400, 470]], '아아양~', 0.8937801122665405), ([[410, 472], [470, 472], [470, 502], [410, 502]], '거기에', 0.9950041167664866), ([[1015, 473], [1053, 473], [1053, 521], [1015, 521]], '0', 0.2537388077939937), ([[398, 506], [478, 506], [478, 536], [398, 536]], '키스하면', 0.9996370673179626), ([[408, 538], [466, 538], [466, 568], [408, 568]], '안 돼~', 0.7273806246956036), ([[408, 572], [470, 572], [470, 604], [408, 604]], '이상해', 0.9998017163239958), ([[410, 606], [468, 606], [468, 636], [410, 636]], '저버려', 0.9992492890404292), ([[105, 1023], [209, 1023], [209, 1059], [105, 1059]], '유키호의 ', 0.9145479240005581), ([[84, 1060], [236, 1060], [236, 1092], [84, 1092]], '보0도 만저쥐"', 0.2526328309597729), ([[836, 1108], [896, 1108], [896, 1140], [836, 1140]], '선생님:', 0.6051765084266663), ([[303, 1367], [366, 1367], [366, 1551], [303, 1551]], '소', 0.057831930370664475), ([[700.2070176794539, 688.0526325959042], [772.952608677296, 725.2473713166637], [747.7929823205461, 774.9473674040958], [674.047391322704, 737.7526286833363]], '5 다', 0.21700249346186284)]
[([[264, 124], [290, 124], [290, 204], [264, 204]], '술', 0.024392130124706535), ([[110, 312], [152, 312], [152, 344], [110, 344]], '벌써', 0.9995428216024977), ([[376, 310], [400, 310], [400, 338], [376, 338]], '0', 0.9999852181027222), ([[108, 348], [150, 348], [150, 376], [108, 376]], '보0', 0.7487531628097583), ([[104, 380], [148, 380], [148, 412], [104, 412]], '젖고', 0.9918376859104711), ([[104, 412], [146, 412], [146, 444], [104, 444]], '있에', 0.4600608396965213), ([[894, 692], [948, 692], [948, 758], [894, 758]], '모;', 0.03394237039500967), ([[500, 754], [524, 754], [524, 782], [500, 782]], '어;', 0.5959115099901267), ([[0, 797], [19, 797], [19, 819], [0, 819]], "'4", 0.9734338265714916), ([[494, 786], [536, 786], [536, 818], [494, 818]], '엄마', 0.9954205347377314), ([[977, 783], [1013, 783], [1013, 819], [977, 819]], '잇', 0.8711051103907188), ([[484, 820], [534, 820], [534, 850], [484, 850]], '까지:', 0.4153729267956435), ([[680, 948], [803, 948], [803, 1139], [680, 1139]], '(7', 0.0009178181127402231), ([[1014, 1134], [1056, 1134], [1056, 1164], [1014, 1164]], '이젠', 0.35883885383692843), ([[996, 1166], [1068, 1166], [1068, 1198], [996, 1198]], '한계야 ', 0.9869260787963867), ([[994, 1200], [1074, 1200], [1074, 1232], [994, 1232]], '호노카양', 0.9871936440467834), ([[216, 1227], [315, 1227], [315, 1272], [216, 1272]], "**:5'", 0.002011992376520789), ([[1002, 1234], [1068, 1234], [1068, 1266], [1002, 1266]], '쌀게요', 0.4666865905683025), ([[367.6473957108116, 184.01557153217104], [398.29640147882185, 187.2159091969525], [389.3526042891884, 304.984428467829], [358.70359852117815, 302.7840908030475]], '5', 0.025206491809698583)]
[([[596, 110], [622, 110], [622, 164], [596, 164]], ':', 0.08555291379366281), ([[732, 122], [768, 122], [768, 152], [732, 152]], '유 ', 0.6672848537489451), ([[636, 158], [662, 158], [662, 190], [636, 190]], '(', 0.4810022470125297), ([[714, 156], [792, 156], [792, 186], [714, 186]], '유키호"', 0.5026339888572693), ([[720, 188], [784, 188], [784, 220], [720, 220]], '넣울게', 0.5260527667374023), ([[420, 344], [444, 344], [444, 374], [420, 374]], '응', 0.9995203593464339), ([[420, 378], [462, 378], [462, 410], [420, 410]], '넣어', 0.993039399705714), ([[423, 413], [441, 413], [441, 437], [423, 437]], '쥐', 0.9993603060777936), ([[816, 690], [902, 690], [902, 762], [816, 762]], '[(', 0.2509896361199836), ([[98, 1000], [122, 1000], [122, 1026], [98, 1026]], '꽉', 0.9999928474554167), ([[80, 1032], [140, 1032], [140, 1062], [80, 1062]], '조이고', 0.9975098956535325), ([[78, 1066], [140, 1066], [140, 1098], [78, 1098]], '있는컵', 0.0628475279395395), ([[966, 1080], [990, 1080], [990, 1108], [966, 1108]], '해', 0.9999841452273337), ([[524, 1082], [548, 1082], [548, 1162], [524, 1162]], '흙', 0.2124771436111752), ([[65, 1425], [129, 1425], [129, 1461], [65, 1461]], '음란해', 0.47897388668576496), ([[984, 1436], [1024, 1436], [1024, 1468], [984, 1468]], '그런', 0.7599989443398681), ([[60, 1460], [134, 1460], [134, 1492], [60, 1492]], '저버리면', 0.9985774159431458), ([[647, 1403], [783, 1403], [783, 1549], [647, 1549]], '7', 0.996046762397075), ([[979, 1465], [1025, 1465], [1025, 1503], [979, 1503]], '말은', 0.9998287195042743), ([[76, 1494], [118, 1494], [118, 1526], [76, 1526]], '싫어', 0.9934397571858441), ([[979, 1501], [1023, 1501], [1023, 1567], [979, 1567]], '하지', 0.10255517881580885), ([[596.5533722192732, 192.02501275153202], [625.6643280462572, 189.05555222534812], [636.4466277807268, 288.974987248468], [608.3356719537428, 291.94444777465185]], '"', 0.0554092693914896), ([[964.9563638994289, 973.1385464278869], [1027.7427891455752, 982.5887844205208], [1022.0436361005711, 1017.8614535721131], [959.2572108544248, 1008.4112155794792]], '선생님', 0.9978743515720562), ([[973.1514718625762, 1005.060303038033], [1019.7575145225439, 1011.322277839282], [1009.8485281374238, 1086.939696961967], [963.2424854774561, 1081.6777221607178]], '너무', 0.20448182912724736), ([[121.33041051999302, 1093.0450378479484], [154.44863352448107, 1075.0201678782603], [208.66958948000698, 1176.9549621520516], [175.55136647551893, 1195.9798321217397]], '@', 0.14364581788908115), ([[393.10984978810245, 1121.0568283471991], [471.88095981202156, 1157.7145459691828], [445.89015021189755, 1212.9431716528009], [367.11904018797844, 1177.2854540308172]], '443', 0.038299548683639356)]
[([[991, 203], [1087, 203], [1087, 239], [991, 239]], '못 참컷어', 0.35222168289743633), ([[1000, 238], [1076, 238], [1076, 270], [1000, 270]], '유키호 "', 0.6672855722995168), ([[986, 272], [1090, 272], [1090, 304], [986, 304]], "싸고 싶어  '", 0.46224363670823726), ([[991, 303], [1091, 303], [1091, 339], [991, 339]], '안에 쌀게', 0.5615545863506264), ([[447, 434], [607, 434], [607, 675], [447, 675]], '뼈', 0.023449315585296837), ([[106, 706], [148, 706], [148, 736], [106, 736]], '기분', 0.9993999659113115), ([[97, 737], [159, 737], [159, 773], [97, 773]], '종앉어', 0.4484543435570562), ([[906, 710], [978, 710], [978, 782], [906, 782]], '(', 0.6168592976006018), ([[995, 1141], [1063, 1141], [1063, 1177], [995, 1177]], '선생님', 0.9993875468710245), ([[993, 1175], [1065, 1175], [1065, 1211], [993, 1211]], '내일 또', 0.9937478146411973), ([[1004, 1214], [1060, 1214], [1060, 1244], [1004, 1244]], '화요', 0.3430670882066262), ([[286, 1250], [370, 1250], [370, 1282], [286, 1282]], '어서와요', 0.5620388984680176), ([[268, 1286], [312, 1286], [312, 1316], [268, 1316]], '여보', 0.4820888456173917), ([[342, 1286], [390, 1286], [390, 1316], [342, 1316]], '아빠', 0.9995827716976734), ([[740, 1390], [814, 1390], [814, 1422], [740, 1422]], '잇! 수고', 0.30243363927330774), ([[734, 1426], [816, 1426], [816, 1458], [734, 1458]], '하십니다,', 0.7178974588805929), ([[742, 1458], [812, 1458], [812, 1490], [742, 1490]], '아버님!', 0.8676914572715759), ([[682.8038311742151, 64.07179874598523], [737.55164490616, 15.015227198503329], [860.1961688257849, 166.92820125401477], [805.44835509384, 215.98477280149666]], '명', 0.021873916396746518), ([[697.2703595964335, 645.0713511168458], [906.9777999941901, 626.2804379367442], [912.7296404035665, 807.9286488831542], [703.0222000058099, 826.7195620632558]], '11', 0.2592970735632322)]
[([[80, 450], [248, 450], [248, 500], [80, 500]], '6력1  한', 0.016985527036931073), ([[57, 541], [219, 541], [219, 577], [57, 577]], "군한'시껴3", 0.0019894009844130933), ([[230, 544], [318, 544], [318, 576], [230, 576]], '#늄(호', 0.04537653923034668), ([[57, 575], [617, 575], [617, 611], [57, 611]], '디0주차히물 소]토::((하마-한32곧운화', 0.0009428271212236581), ([[57, 609], [861, 609], [861, 647], [57, 647]], "속미어 -_(다=) . 그주 > 실퇴(-+52 (하:(10.#서미디(* 57' ?", 0.00024449425769193105), ([[55, 641], [725, 641], [725, 679], [55, 679]], "#0# (짝률?< 초}')가(감3시51#-]((이틈>--들;", 0.0001607741634047296), ([[54, 673], [395, 673], [395, 711], [54, 711]], '>*-"33<포에마:내.', 0.0012385007467869051), ([[54, 739], [589, 739], [589, 779], [54, 779]], '틈%0#름#_금사7궁-[하](-+-마+병\'-1073+"', 0.0004072788313105438), ([[54, 774], [977, 774], [977, 815], [54, 815]], '퍽춤표끝@쓸습({ 0료*]0> } \')70*5틈{다로3거 "3(?)(2+52 ((:이중신월', 2.157534016233672e-05), ([[55, 809], [991, 809], [991, 847], [55, 847]], "^->1가' < 포#니7.:중단스07  _#이 류튼- 포가 2 1(<+*? <(:0", 2.473454982058078e-05), ([[55, 841], [301, 841], [301, 877], [55, 877]], '#(튜구하노#산-기*오', 0.0002586160646956507), ([[54, 906], [217, 906], [217, 944], [54, 944]], '리*디내(하', 0.002469518280153729), ([[229, 909], [481, 909], [481, 945], [229, 945]], '틀_다미로0 7흐히] !', 0.0014282134929866721), ([[54, 940], [521, 940], [521, 980], [54, 980]], '또물> 따주#규_가(쫓그--+디#묘스7', 0.0012070502764291288), ([[531, 946], [841, 946], [841, 978], [531, 978]], '52 논중플(((=(0뻗흐', 0.0004925786698424596), ([[52, 973], [371, 973], [371, 1011], [52, 1011]], '바다-꿈- 하*리(#(::', 0.005502191080241986), ([[382, 978], [518, 978], [518, 1010], [382, 1010]], '손*류0 중화 .', 0.008434812795640435), ([[52, 1039], [645, 1039], [645, 1079], [52, 1079]], '속미늦0 3 (_손 뜻말-록순소##(럽스 (:(.;', 0.00010785249214591267), ([[656, 1042], [950, 1042], [950, 1078], [656, 1078]], '리*당금바(스운3 +6', 0.0017240461028758996), ([[53, 1075], [649, 1075], [649, 1111], [53, 1111]], '소#없#이하(-1시-기(금4염히 < 501/":(떤"', 0.00065078163163728), ([[52, 1106], [587, 1106], [587, 1146], [52, 1146]], '소#없#(<3 중91.5[금벼-리 @*#표 (걷중(디 !', 0.0014583721559626702), ([[56, 1143], [469, 1143], [469, 1176], [56, 1176]], '-0/콤규돌(:55.(---/;손', 0.00017104519426491604), ([[483, 1143], [1121, 1143], [1121, 1182], [483, 1182]], '속미#옮확- 5름: +1"245 < 50 1(<비곳소카?<', 0.0002539014646998297), ([[55, 1174], [588, 1174], [588, 1212], [55, 1212]], '다유5습소#딴#처못순52 논취](10)화', 0.0002517173834566202), ([[52, 1240], [619, 1240], [619, 1279], [52, 1279]], '*미하속5)0"*"주(7+52 (하+디0(료 중화 .', 0.00017371233171107237), ([[629, 1244], [1089, 1244], [1089, 1283], [629, 1283]], '존심782 심름#{+첫급습-한흐 (1)스)', 8.293148130166712e-05), ([[57, 1275], [423, 1275], [423, 1311], [57, 1311]], "831'8꽃(하'(내다<1손단0", 0.0018372600071156074), ([[54, 1342], [142, 1342], [142, 1374], [54, 1374]], '태.7', 0.0007249528998572984), ([[154, 1341], [631, 1341], [631, 1380], [154, 1380]], '색명끈8-굳:30<하1키0내운호 |', 0.00016726528668642204), ([[54, 1410], [168, 1410], [168, 1442], [54, 1442]], '굳*신(당.', 0.006681567933146221), ([[178, 1410], [282, 1410], [282, 1442], [178, 1442]], ':소히-', 0.1796698123216629), ([[52, 1476], [84, 1476], [84, 1508], [52, 1508]], '#품', 0.854710257742312), ([[52, 1512], [280, 1512], [280, 1542], [52, 1542]], '2014-07-21 1023,', 0.1795837002574679)]
[([[465, 293], [623, 293], [623, 329], [465, 329]], '초1)717})', 0.10982763243783424), ([[493, 359], [599, 359], [599, 395], [493, 395]], '물꾸[ 류톱', 0.03697698741754687), ([[461, 461], [633, 461], [633, 499], [461, 499]], '-명라-리| 7^하,`$', 0.00013606491062384063), ([[528, 498], [566, 498], [566, 524], [528, 524]], '라`;', 0.008536979713643245), ([[520, 530], [572, 530], [572, 558], [520, 558]], '리나7', 0.02857944391159615), ([[480, 564], [614, 564], [614, 594], [480, 594]], '1꼴디슷 4느6', 0.00018911560037804842), ([[485, 911], [616, 911], [616, 967], [485, 967]], '및   사', 0.47728524458342647), ([[512, 982], [594, 982], [594, 1012], [512, 1012]], '쫓하터', 0.04100185498811434), ([[357, 1014], [533, 1014], [533, 1046], [357, 1046]], '201457.26타', 0.37839324097280297), ([[553, 1013], [753, 1013], [753, 1052], [553, 1052]], '5라,! 5,기,+., 24', 0.0010271918363799514), ([[325, 1049], [501, 1049], [501, 1079], [325, 1079]], '201458.17터', 0.1723381674822024), ([[521, 1045], [785, 1045], [785, 1081], [521, 1081]], '그=>스2-스0+86', 0.0216187468731802), ([[402, 1082], [458, 1082], [458, 1114], [402, 1114]], '늙올', 0.0018712395987265733), ([[475, 1079], [711, 1079], [711, 1115], [475, 1115]], '1통순금0소떤동', 0.00085887688742398), ([[472, 1114], [530, 1114], [530, 1146], [472, 1146]], '높 주', 0.12118794769048691), ([[548, 1116], [638, 1116], [638, 1142], [548, 1142]], '(서+~어', 0.00030254658969382947), ([[416, 1148], [472, 1148], [472, 1180], [416, 1180]], '.이곁]', 0.0005806284607388079), ([[487, 1144], [699, 1144], [699, 1180], [487, 1180]], '지특날#탕*다숲유', 0.001474850309545321), ([[430, 1213], [686, 1213], [686, 1245], [430, 1245]], '근름탤다튼#~;@{솜-(다', 0.0001459718809124298), ([[392, 1284], [430, 1284], [430, 1312], [392, 1312]], '서구', 0.009236993201133204), ([[446, 1279], [723, 1279], [723, 1318], [446, 1318]], '*+~://튼79~어-(속서도+,~+/', 1.648341206923981e-06), ([[392, 1318], [458, 1318], [458, 1346], [392, 1346]], '성물리히|', 8.15914905916868e-05), ([[475, 1314], [721, 1314], [721, 1350], [475, 1350]], '라,어,리어.-@9가리|.<어값', 3.5129848433930087e-06), ([[558, 1350], [632, 1350], [632, 1376], [558, 1376]], '42479', 0.8806982018925903), ([[454, 1386], [532, 1386], [532, 1412], [454, 1412]], '+버++~마', 0.0021250276438798755), ([[552, 1384], [660, 1384], [660, 1410], [552, 1410]], '리*어라어서5', 5.420691931894324e-05), ([[462, 1418], [528, 1418], [528, 1450], [462, 1450]], '명|나*&', 0.0013117524605692008), ([[544, 1416], [654, 1416], [654, 1446], [544, 1446]], '리,어<라어같5', 5.466079651303013e-05), ([[289, 1481], [475, 1481], [475, 1517], [289, 1517]], '18등* #0#즈', 0.0014266147990410984), ([[493, 1478], [805, 1478], [805, 1514], [493, 1514]], '~토(다철나단단(]출승:울 .', 0.00021476248147478798), ([[479.4789396203098, 1353.4141973545268], [538.4961508830136, 1345.3358994113244], [541.5210603796902, 1375.5858026454732], [482.5038491169865, 1382.6641005886756]], '명*차', 0.005645322154126317)]
[([[386, 624], [666, 624], [666, 746], [386, 746]], '(#원', 0.03951536355225435), ([[474, 737], [786, 737], [786, 869], [474, 869]], '(3#', 0.17231088536755101), ([[437, 851], [522, 851], [522, 880], [437, 880]], '{고 3무', 6.753906159327141e-05), ([[521, 861], [571, 861], [571, 875], [521, 875]], '4시', 0.04056642968495933), ([[566, 854], [740, 854], [740, 881], [566, 881]], "'대 감시목 `무시", 0.0003147937145727684), ([[477, 914], [721, 914], [721, 955], [477, 955]], '5아, 히_4|해 어|>', 5.4259380559197616e-05), ([[384, 954], [815, 954], [815, 995], [384, 995]], '"형3깨 달]보 예형$편형어 2014', 3.2616160231126232e-06)]
