794332
22
[([[6, 10], [938, 10], [938, 266], [6, 266]], '이..-안', 0.01194544860032904), ([[1315, 25], [1600, 25], [1600, 259], [1315, 259]], '(꼬', 0.11272567784479254), ([[41, 255], [637, 255], [637, 341], [41, 341]], '_어빠.:,어디', 0.0004361413901459102), ([[1366, 262], [1587, 262], [1587, 347], [1366, 347]], '[시좁1', 0.0014511647168546915), ([[81, 367], [284, 367], [284, 463], [81, 463]], '앗-18', 0.17596863210201263), ([[84, 446], [282, 446], [282, 496], [84, 496]], '-:+-교훨', 0.00045088560817245764)]
[([[463, 0], [950, 0], [950, 267], [463, 267]], '채장9', 0.001050979708033801), ([[1303, 23], [1600, 23], [1600, 259], [1303, 259]], '(꼬', 0.14550453161500243), ([[496, 262], [636, 262], [636, 338], [496, 338]], '00', 0.22610382073828084), ([[1366, 262], [1587, 262], [1587, 347], [1366, 347]], '7시::', 0.002871718490496278), ([[92, 450], [168, 450], [168, 532], [92, 532]], '팀', 0.9996798294796605), ([[176.8533747416002, 460.1935610788011], [402.51678859504847, 438.220972603711], [405.1466252583998, 538.8064389211988], [179.48321140495156, 560.779027396289]], '남성분', 0.5200166702270508)]
[]
[]
[([[487, 186], [577, 186], [577, 227], [487, 227]], '치요장', 0.8233455980997316), ([[489, 239], [583, 239], [583, 277], [489, 277]], '다친데', 0.9179254428511907), ([[491, 291], [569, 291], [569, 329], [491, 329]], '없어?', 0.9999419114910307), ([[233, 725], [327, 725], [327, 767], [233, 767]], '괜찮아', 0.9959848374539382), ([[1321, 757], [1379, 757], [1379, 801], [1321, 801]], '후우', 0.9791396607655725), ([[1393, 759], [1481, 759], [1481, 801], [1393, 801]], '귀찮은', 0.9079422950744629), ([[231, 777], [359, 777], [359, 819], [231, 819]], '살짝 긁히', 0.731387394752182), ([[1327, 811], [1465, 811], [1465, 853], [1327, 853]], '요과 엿구나', 0.4762713025037241), ([[235, 831], [319, 831], [319, 869], [235, 869]], '정도다', 0.9993266415377612), ([[493, 1084], [605, 1084], [605, 1122], [493, 1122]], '와타누키', 0.9971422553062439), ([[101, 1121], [215, 1121], [215, 1159], [101, 1159]], '따딱히 ', 0.9414573311805725), ([[493, 1133], [585, 1133], [585, 1175], [493, 1175]], '잘햇어', 0.5891281951740418), ([[105, 1171], [217, 1171], [217, 1209], [105, 1209]], '남자로서', 0.5709764265511104), ([[949, 1169], [1115, 1169], [1115, 1213], [949, 1213]], '그쪽 너구리도', 0.9784968459773787), ([[103, 1219], [225, 1219], [225, 1261], [103, 1261]], '당연한결', 0.7906370759010315), ([[949, 1218], [1169, 1218], [1169, 1267], [949, 1267]], '열심히   해려구나', 0.5866829554887624), ([[103, 1273], [231, 1273], [231, 1311], [103, 1311]], '한거니까 -', 0.36544922388043544), ([[951, 1273], [1179, 1273], [1179, 1315], [951, 1315]], '감사는 하도록하지', 0.8217910180689646)]
[([[1115, 235], [1221, 235], [1221, 273], [1115, 273]], '이렇게', 0.6535739268140011), ([[756, 420], [794, 420], [794, 446], [756, 446]], '으~', 0.9985122034460261), ([[797, 437], [833, 437], [833, 453], [797, 453]], '닦 *', 0.12837018072605133), ([[963, 435], [1101, 435], [1101, 477], [963, 477]], '아무렇지도', 0.9999210978503827), ([[271, 487], [459, 487], [459, 531], [271, 531]], '상처름 숨길 수', 0.3170370494119166), ([[964, 482], [1178, 482], [1178, 530], [964, 530]], '양은 척 하느것도', 0.32687337060408667), ([[275, 539], [421, 539], [421, 583], [275, 583]], '없지 않느나', 0.6772977586749174), ([[965, 538], [1133, 538], [1133, 578], [965, 578]], '나쁘지 양않구나', 0.5572098501272653), ([[788, 1298], [866, 1298], [866, 1330], [788, 1330]], '심야에', 0.976442334621149), ([[1239, 1301], [1443, 1301], [1443, 1345], [1239, 1345]], '실레하켓습니다', 0.4780305888356036), ([[787, 1339], [943, 1339], [943, 1375], [787, 1375]], '실례터 니다만', 0.10449531487456347), ([[1240, 1353], [1383, 1353], [1383, 1395], [1240, 1395]], '리리치요님', 0.999237128208979), ([[706, 1404], [804, 1404], [804, 1436], [706, 1436]], '교내에서', 0.9990617036819458), ([[706, 1446], [804, 1446], [804, 1478], [706, 1478]], '요괴에게', 0.5381919145584106), ([[705, 1485], [849, 1485], [849, 1523], [705, 1523]], '습격당하다고', 0.5165020193022821), ([[705, 1527], [865, 1527], [865, 1565], [705, 1565]], '들어서 가만히', 0.9404059720629212), ([[1460, 1458], [1512, 1458], [1512, 1598], [1460, 1598]], '소', 0.043481091769690616), ([[707, 1568], [874, 1568], [874, 1608], [707, 1608]], '있을 수 없어서', 0.47838779702901496)]
[([[1064, 244], [1100, 244], [1100, 276], [1064, 276]], '"', 0.01783072805736552), ([[1200, 262], [1234, 262], [1234, 288], [1200, 288]], '"', 0.1463027791348317), ([[726, 306], [917, 306], [917, 349], [726, 349]], '미=한카미군 !', 0.16664732502104168), ([[508, 875], [665, 875], [665, 917], [508, 917]], '리리치요님', 0.9988792539787373), ([[509, 925], [635, 925], [635, 967], [509, 967]], '그 상처는', 0.6245691673645871), ([[152, 1050], [251, 1050], [251, 1092], [152, 1092]], '이이건', 0.9912653196502174), ([[154, 1099], [267, 1099], [267, 1142], [154, 1142]], '신 경쓰지', 0.7076945934235287), ([[155, 1153], [257, 1153], [257, 1191], [155, 1191]], '말거라.', 0.7480907440185547), ([[153, 1201], [237, 1201], [237, 1243], [153, 1243]], '단순히', 0.998863846073489), ([[153, 1255], [283, 1255], [283, 1295], [153, 1295]], '긁한거니 .', 0.311408592795419), ([[809, 1641], [951, 1641], [951, 1681], [809, 1681]], '자연치유에', 0.9588380189431533), ([[809, 1691], [923, 1691], [923, 1733], [809, 1733]], '밑겨두면', 0.2227066308259964), ([[805, 1742], [894, 1742], [894, 1783], [805, 1783]], '치료포', 0.26152267421315617)]
[([[147, 617], [319, 617], [319, 659], [147, 659]], '리리치요님이', 0.5603139175664384), ([[147, 667], [335, 667], [335, 709], [147, 709]], '상처   입으신건', 0.7020084937982007), ([[149, 717], [295, 717], [295, 761], [149, 761]], '제 능력부족', 0.9875290759647574), ([[148, 767], [344, 767], [344, 815], [148, 815]], '제 책임입나다', 0.588893234106127), ([[1309, 1123], [1369, 1123], [1369, 1161], [1309, 1161]], '어 ?', 0.8010486364364624), ([[1306, 1169], [1489, 1169], [1489, 1213], [1306, 1213]], '미카한카미군?', 0.1360214681575268), ([[116, 1524], [218, 1524], [218, 1640], [116, 1640]], '때', 0.016331412443514104), ([[209, 1627], [299, 1627], [299, 1687], [209, 1687]], '하옷', 0.8358412328229384), ([[1356, 1900], [1440, 1900], [1440, 1932], [1356, 1932]], '그러니', 0.999944939790755)]
[([[482, 146], [534, 146], [534, 196], [482, 196]], '@', 0.18501356447133332), ([[1030, 116], [1296, 116], [1296, 310], [1030, 310]], '+', 0.013724712830844032), ([[156, 214], [450, 214], [450, 658], [156, 658]], '덮', 0.009877351720006866), ([[346, 740], [452, 740], [452, 788], [346, 788]], '적어도', 0.9993874780511582), ([[344, 802], [518, 802], [518, 852], [344, 852]], '소독   정도는', 0.9793502867574471), ([[344, 866], [608, 866], [608, 916], [344, 916]], '하게 해주십시오', 0.9931367025160887), ([[131, 971], [399, 971], [399, 1227], [131, 1227]], '죽', 0.03434898318809254), ([[184, 1172], [400, 1172], [400, 1368], [184, 1368]], '7', 0.9980899879970053), ([[1316, 1270], [1506, 1270], [1506, 1320], [1316, 1320]], '이상하구나.', 0.953135394198163), ([[165, 1727], [235, 1727], [235, 1769], [165, 1769]], '그저', 0.9999602978995441), ([[164, 1788], [328, 1788], [328, 1838], [164, 1838]], '소독하는거', 0.5629192875925542), ([[165, 1850], [304, 1850], [304, 1902], [165, 1902]], '일텔데', 0.17575368084938922)]
[([[910, 252], [1022, 252], [1022, 302], [910, 302]], '몸   속이', 0.8886915980902605), ([[910, 316], [1058, 316], [1058, 364], [910, 364]], '뜨거워저', 0.8933714628219604), ([[1316, 507], [1404, 507], [1404, 545], [1316, 545]], '그대여', 0.9841023710355051), ([[626, 650], [688, 650], [688, 682], [626, 682]], '아까', 0.9999344201335606), ([[623, 697], [797, 697], [797, 739], [623, 739]], '책임지 것다고', 0.23464309852637386), ([[625, 751], [715, 751], [715, 789], [625, 789]], '말하지', 0.988786733734131), ([[627, 801], [773, 801], [773, 841], [627, 841]], '않앗더나 ?', 0.6196707077182724), ([[1297, 1177], [1363, 1177], [1363, 1263], [1297, 1263]], '0', 0.22207063357913004), ([[1191, 1349], [1333, 1349], [1333, 1391], [1191, 1391]], '알계습니다', 0.4594098490291313), ([[155, 1535], [211, 1535], [211, 1575], [155, 1575]], '전부', 0.9998803050484605), ([[154, 1585], [355, 1585], [355, 1630], [154, 1630]], '리리치요님께서', 0.9402271689015433), ([[154, 1638], [299, 1638], [299, 1680], [154, 1680]], '시키신대로', 0.9599579725290882), ([[95.01799032227478, 91.02097354122995], [388.2009497307136, 182.99018876716352], [322.9820096777252, 370.97902645877], [29.799050269286397, 280.0098112328365]], '<97', 0.04421218427087429), ([[124.46584625969518, 696.1075084438357], [190.63477856058083, 645.0183309019518], [290.5341537403048, 788.8924915561643], [224.36522143941917, 839.9816690980482]], '4', 0.03968988558865605)]
[([[1108, 154], [1170, 154], [1170, 178], [1108, 178]], "'!", 0.007808867548108706), ([[1236, 142], [1290, 142], [1290, 190], [1236, 190]], '1', 0.8383862337596248), ([[1289, 181], [1343, 181], [1343, 217], [1289, 217]], '7', 0.5547968752951569), ([[622, 358], [678, 358], [678, 442], [622, 442]], '류', 0.04530948876892982), ([[648, 489], [821, 489], [821, 533], [648, 533]], '리리치요님의', 0.9869140919931928), ([[653, 545], [795, 545], [795, 583], [653, 583]], '여기  아직', 0.6388785094912804), ([[653, 597], [765, 597], [765, 633], [653, 633]], '만지지도', 0.7610299599068419), ([[653, 643], [837, 643], [837, 687], [653, 687]], '않앗눈데 벌써', 0.4567851335342946), ([[649, 693], [783, 693], [783, 737], [649, 737]], '축축하네요', 0.9954543561235133), ([[383, 797], [421, 797], [421, 849], [383, 849]], '"', 0.33173463666527425), ([[1285, 1273], [1399, 1273], [1399, 1313], [1285, 1313]], '그그렇게', 0.558066189289093), ([[1283, 1321], [1461, 1321], [1461, 1365], [1283, 1365]], '반히 보고있지', 0.3222720771193312), ([[1286, 1374], [1403, 1374], [1403, 1414], [1286, 1414]], '말거라 !', 0.7598423217925909), ([[504, 1798], [566, 1798], [566, 1830], [504, 1830]], '아까', 0.9999211020112331), ([[501, 1843], [631, 1843], [631, 1885], [501, 1885]], '소독햇다고', 0.2555889828449238), ([[503, 1897], [595, 1897], [595, 1937], [503, 1937]], '이렇게', 0.6589402242776937), ([[503, 1949], [653, 1949], [653, 1985], [503, 1985]], '되어버리신', 0.9990150032469558), ([[505, 1999], [609, 1999], [609, 2039], [505, 2039]], '겁니까?', 0.9690839052200317), ([[135.31030298491004, 196.03406014759128], [192.02692620428422, 187.29988282472718], [208.68969701508996, 310.9659398524087], [151.97307379571578, 319.70011717527285]], '류', 0.26787576277661174), ([[81.39651465788245, 910.0165667734606], [160.94076726146204, 895.1725615939486], [199.60348534211755, 1113.9834332265393], [119.05923273853796, 1128.8274384060514]], '꿀', 0.9631389659503498), ([[335.3312267610279, 1506.0131597301076], [533.3599701666358, 1682.3792450674387], [437.6687732389721, 1793.9868402698924], [238.64002983336428, 1617.6207549325613]], '대{3', 0.003330166833779875)]
[([[1193, 255], [1337, 255], [1337, 295], [1193, 295]], '할아드리켓', 0.7041502280691395), ([[734, 156], [1090, 156], [1090, 460], [734, 460]], '기', 0.6851899414135829), ([[1191, 307], [1281, 307], [1281, 347], [1191, 347]], '습니다', 0.5536912083625793), ([[853, 505], [951, 505], [951, 543], [853, 543]], '안 대 !', 0.5697270620035737), ([[851, 555], [925, 555], [925, 595], [851, 595]], '그곳은', 0.9820194596629458), ([[851, 607], [913, 607], [913, 645], [851, 645]], '더럽', 0.9948192028095992), ([[76, 840], [228, 840], [228, 1014], [76, 1014]], '대', 0.033450015892274365), ([[399, 746], [532, 746], [532, 946], [399, 946]], '#곁', 0.00701487819234252), ([[489, 913], [507, 913], [507, 945], [489, 945]], ':', 0.18353297770525856), ([[345, 1113], [383, 1113], [383, 1161], [345, 1161]], '궁', 0.09319518693178797), ([[90.93677094642024, 71.031428994502], [470.4815916722279, 122.71118284308008], [440.0632290535798, 275.968571005498], [60.51840832777206, 223.28881715691992]], '-예', 0.0005392138404063543), ([[1104.8484673703015, 884.0604400178645], [1175.6135684116907, 842.0171254307364], [1260.1515326296985, 1000.9395599821355], [1189.3864315883093, 1042.9828745692635]], '%', 0.7321728406627734), ([[174.30722401321688, 984.0240257903232], [297.86563231062513, 1077.3662010186226], [244.69277598678312, 1147.975974209677], [121.1343676893749, 1054.6337989813774]], '사^', 0.3830446065240519), ([[35.216282450132994, 1222.0279543018619], [111.53078196382295, 1189.012813348865], [189.783717549867, 1383.9720456981381], [112.46921803617705, 1417.987186651135]], '축', 0.04844897588245889), ([[152.2875295001209, 1210.0254130016926], [229.3061817266007, 1201.5623539804308], [244.7124704998791, 1369.9745869983074], [167.6938182733993, 1377.4376460195692]], '흙', 0.01826810452314831), ([[1192.9649618180167, 1265.014098721212], [1572.0159245552322, 1402.881700679063], [1453.0350381819833, 1707.985901278788], [1074.9840754447678, 1570.118299320937]], '벼', 0.008478724486964906), ([[830.2747574101838, 1962.0376711377646], [901.7990811814238, 2027.3349188943453], [861.7252425898162, 2071.9623288622356], [790.2009188185762, 2006.6650811056547]], '신', 0.015987839443610596), ([[1169.264840567984, 1974.0452086006715], [1252.0, 2020.0], [1225.735159432016, 2066.9547913993288], [1142.0, 2020.0]], '언시', 0.009478010369576413)]
[([[133, 145], [273, 145], [273, 403], [133, 403]], '모', 0.28834589141985134), ([[1233, 289], [1300, 289], [1300, 334], [1233, 334]], '잠깐', 0.998946912737698), ([[1233, 343], [1439, 343], [1439, 383], [1233, 383]], '가버리신 건가요', 0.992234833016954), ([[1232, 393], [1375, 393], [1375, 435], [1232, 435]], '리리치요님', 0.9987515005182335), ([[594, 900], [692, 900], [692, 996], [594, 996]], '값', 0.18054846501640043), ([[551, 1137], [635, 1137], [635, 1173], [551, 1173]], '그러면', 0.9999307618526357), ([[785, 1429], [889, 1429], [889, 1469], [785, 1469]], '자 잠깐', 0.4177634810487838), ([[785, 1479], [843, 1479], [843, 1519], [785, 1519]], '방금', 0.9998921057727004), ([[787, 1531], [913, 1531], [913, 1567], [787, 1567]], '가버려서', 0.9982249736785889), ([[787, 1581], [843, 1581], [843, 1621], [787, 1621]], '아옷', 0.4307176522879016), ([[241, 1685], [501, 1685], [501, 1953], [241, 1953]], '저', 0.9705288204778562), ([[1104.4437764224065, 233.05201503875458], [1130.8178077173682, 229.11361982105385], [1138.5562235775935, 291.9479849612454], [1112.1821922826318, 294.8863801789461]], '국', 0.048500589223156254)]
[([[444, 166], [468, 166], [468, 202], [444, 202]], '욕', 0.8535486024885905), ([[445, 217], [557, 217], [557, 255], [445, 255]], '안되다고', 0.8313517570495605), ([[442, 262], [586, 262], [586, 310], [442, 310]], '말씀하시지', 0.9980547943190564), ([[445, 319], [577, 319], [577, 359], [445, 359]], '않앗나요', 0.39391010999679565), ([[782, 280], [952, 280], [952, 482], [782, 482]], '8', 0.948730295599546), ([[1386, 316], [1538, 316], [1538, 580], [1386, 580]], '옷', 0.2568240639187849), ([[691, 673], [863, 673], [863, 715], [691, 715]], '리리치요님의', 0.9900777788122267), ([[1293, 661], [1397, 661], [1397, 701], [1293, 701]], '아아옷', 0.3907054037063246), ([[693, 723], [849, 723], [849, 765], [693, 765]], '안쪽이   점점', 0.615446155476246), ([[1291, 711], [1433, 711], [1433, 753], [1291, 753]], '의옷_으옷 !', 0.3734964670782286), ([[687, 775], [785, 775], [785, 817], [687, 817]], '꾸육참육', 0.04277759790420532), ([[690, 826], [873, 826], [873, 869], [690, 869]], '조여오고있어요', 0.974641022908908), ([[100, 748], [320, 748], [320, 996], [100, 996]], '자', 0.5524635538833458), ([[459, 1451], [545, 1451], [545, 1489], [459, 1489]], '그런건', 0.9932377293852596), ([[461, 1503], [559, 1503], [559, 1541], [461, 1541]], '말하지 .', 0.3087693457724161), ([[559, 1503], [663, 1503], [663, 1541], [559, 1541]], '말거라!', 0.5661875009536743), ([[473, 1553], [553, 1553], [553, 1589], [473, 1589]], '바보 !', 0.995282437320927), ([[134.11577391087658, 1009.0355964948697], [209.97393769312174, 981.0432009523804], [266.8842260891234, 1154.9644035051303], [192.02606230687826, 1182.9567990476196]], '7', 0.007729522045363035), ([[853.3225418717343, 1575.0383684712617], [929.9384663519484, 1631.1429017636362], [898.6774581282657, 1674.9616315287383], [821.0615336480516, 1618.8570982363638]], '86', 0.5695552948605637)]
[([[148, 750], [178, 750], [178, 780], [148, 780]], '수', 0.06524589220173826), ([[1402, 878], [1426, 878], [1426, 912], [1402, 912]], '좀', 0.9998817478808633), ([[1436, 880], [1478, 880], [1478, 910], [1436, 910]], '더 ', 0.6588235254115589), ([[1243, 941], [1313, 941], [1313, 979], [1243, 979]], '좀 더', 0.992050290107727), ([[1243, 987], [1421, 987], [1421, 1031], [1243, 1031]], '기분 좋아지게', 0.9965102880150836), ([[1245, 1041], [1387, 1041], [1387, 1081], [1245, 1081]], '되어주세요', 0.9991750630199021), ([[323, 1397], [363, 1397], [363, 1437], [323, 1437]], '2', 0.920455333069313), ([[1277, 1455], [1299, 1455], [1299, 1475], [1277, 1475]], '다', 0.5582327720739819), ([[287, 1845], [395, 1845], [395, 1953], [287, 1953]], '{', 0.058565831268797774), ([[835.1101839499602, 184.0131991136585], [1036.254300900732, 107.08481777677163], [1195.8898160500398, 580.9868008863415], [994.7456990992679, 657.9151822232284]], '콩', 0.3609323952014485), ([[93.45898744731426, 616.0209380703538], [148.1507929111375, 606.095242533175], [174.54101255268574, 758.9790619296462], [120.8492070888625, 769.904757466825]], '주', 0.008266122833365197), ([[1036.347727437143, 620.0427285222872], [1077.2379913375546, 613.1556860704388], [1092.652272562857, 705.9572714777128], [1051.7620086624454, 712.8443139295612]], '8', 0.5587947492912839), ([[357.0613590818911, 689.0102459506122], [655.2927961883563, 595.6229410676591], [827.938640918109, 1232.9897540493878], [529.7072038116437, 1325.377058932341]], '웬', 0.235783939686244)]
[([[134, 190], [164, 190], [164, 218], [134, 218]], '그', 0.18736057010256957), ([[138, 222], [164, 222], [164, 254], [138, 254]], '~', 0.06356668248869912), ([[1135, 113], [1245, 113], [1245, 279], [1135, 279]], '벼', 0.221575488210072), ([[352, 256], [382, 256], [382, 280], [352, 280]], '아', 0.9998256044135054), ([[1275, 237], [1431, 237], [1431, 279], [1275, 279]], '죄송합니다 .', 0.856480070707146), ([[350, 294], [500, 294], [500, 326], [350, 326]], '미켓춧카미군 _', 0.2035451651332819), ([[1278, 287], [1445, 287], [1445, 331], [1278, 331]], '리리치요님 !', 0.9930184655195903), ([[1279, 339], [1441, 339], [1441, 381], [1279, 381]], '이제 한번에', 0.8844564920047412), ([[1279, 393], [1445, 393], [1445, 431], [1279, 431]], '해버)테니 "', 0.32425166552878826), ([[652, 962], [704, 962], [704, 1028], [652, 1028]], '2', 0.25871294296644365), ([[1025, 1723], [1115, 1723], [1115, 1811], [1025, 1811]], '5,', 0.8912084521059237), ([[1119, 1505], [1240, 1505], [1240, 1780], [1119, 1780]], '꿈', 0.029974705718199823), ([[1319, 1741], [1461, 1741], [1461, 1781], [1319, 1781]], '리리치요 !', 0.998577497980048), ([[1319, 1793], [1445, 1793], [1445, 1831], [1319, 1831]], '리리치요', 0.8250971436500549), ([[159.65539920570978, 351.0323034787633], [327.66332089693515, 244.0078581493361], [531.3446007942903, 614.9676965212367], [363.33667910306485, 721.9921418506639]], '$', 0.002529487251365717), ([[572.2736737481338, 969.0441247346969], [617.5066584601171, 951.0214301706184], [657.7263262518662, 1062.9558752653031], [612.4933415398829, 1080.9785698293815]], '$', 0.6550807314561702), ([[145.9251554882709, 1747.021402755599], [354.7010357621205, 1797.9355969033654], [289.0748445117291, 2051.978597244401], [80.29896423787947, 2001.0644030966346]], '사', 0.09258389594222738)]
[([[1210, 108], [1482, 108], [1482, 392], [1210, 392]], '(2', 0.0029774303008314284), ([[1246, 608], [1378, 608], [1378, 658], [1246, 658]], '저 , 저논', 0.4883558224379961), ([[1246, 670], [1368, 670], [1368, 720], [1246, 720]], '더이상', 0.9982059345696205), ([[83, 1165], [139, 1165], [139, 1325], [83, 1325]], '5', 0.8336727032784133), ([[149.54001011327097, 168.08414765375613], [458.2444303320496, 80.57547204647395], [518.459989886729, 385.91585234624387], [209.7555696679504, 473.4245279535261]], '"19', 0.15095125916470586), ([[1020.2858718596326, 656.0075005185095], [1436.5217326383472, 966.3172681813088], [1260.7141281403674, 1199.9924994814905], [844.4782673616528, 888.6827318186912]], '(,:', 0.014178512206797507), ([[1341.2248759564027, 1028.010360769457], [1548.5484841032328, 1128.5607018218661], [1389.7751240435973, 1459.989639230543], [1181.4515158967672, 1359.4392981781339]], '산', 0.05524261504188477)]
[([[189, 241], [343, 241], [343, 285], [189, 285]], '죄송합니다 .', 0.4941364957720899), ([[1448, 144], [1540, 144], [1540, 286], [1448, 286]], '(기', 0.010151864681185039), ([[191, 293], [335, 293], [335, 335], [191, 335]], '상처때문에', 0.9994091756449599), ([[191, 345], [349, 345], [349, 387], [191, 387]], '약해저 %는', 0.4265302574121652), ([[191, 397], [371, 397], [371, 437], [191, 437]], '리리치요님올 -', 0.3083379669562281), ([[878, 368], [932, 368], [932, 424], [878, 424]], '>', 0.24243767617833), ([[837, 409], [903, 409], [903, 483], [837, 483]], '8', 0.1707628768604117), ([[796, 614], [876, 614], [876, 722], [796, 722]], '호', 0.2042738736254046), ([[131, 1034], [212, 1034], [212, 1073], [131, 1073]], '아니', 0.9999660298090982), ([[134, 1083], [247, 1083], [247, 1126], [134, 1126]], '신경쓰지', 0.9978265762329102), ([[134, 1136], [229, 1136], [229, 1175], [134, 1175]], '말거라', 0.9971819900185417), ([[570, 1228], [660, 1228], [660, 1260], [570, 1260]], '게다가', 0.9999337901478361), ([[567, 1275], [759, 1275], [759, 1315], [567, 1315]], '학교의 사건은', 0.9857265513094823), ([[563, 1327], [673, 1327], [673, 1365], [563, 1365]], '55로서도', 0.35659265921387634), ([[566, 1375], [723, 1375], [723, 1416], [566, 1416]], '애인으로서도', 0.9802628538815007), ([[563, 1422], [736, 1422], [736, 1471], [563, 1471]], '리리치요님올', 0.983873364975601), ([[567, 1479], [735, 1479], [735, 1519], [567, 1519]], '지키지 못하고', 0.9921621894461644), ([[1245, 1450], [1525, 1450], [1525, 2110], [1245, 2110]], '꿀', 0.04914344961954442), ([[915.3024029202134, 277.02436175905154], [985.5749635016675, 253.01654283468145], [1043.6975970797866, 439.97563824094846], [973.4250364983325, 463.98345716531855]], '', 0.0)]
[([[496, 174], [528, 174], [528, 218], [496, 218]], '1', 0.29885847218338313), ([[851, 313], [1057, 313], [1057, 349], [851, 349]], '나는 기뻐하고있어', 0.9911751819002511), ([[851, 353], [1065, 353], [1065, 391], [851, 391]], '혹시 그대가 입계월', 0.36734373972999546), ([[851, 395], [1087, 395], [1087, 433], [851, 433]], '상처 엿올지도 모르다고', 0.2973973442880222), ([[851, 439], [1073, 439], [1073, 475], [851, 475]], '생각하니까 말이다:', 0.5881014920433877), ([[852, 524], [1110, 524], [1110, 556], [852, 556]], '그대는 나하고 관련되면', 0.9331718033986859), ([[850, 562], [1163, 562], [1163, 601], [850, 601]], '자신조차 희생시키는 경우가', 0.6278603427975291), ([[853, 607], [999, 607], [999, 643], [853, 643]], '있으니말이지', 0.8645715125334382), ([[701, 717], [801, 717], [801, 753], [701, 753]], '제멋대로', 0.282997727394104), ([[1299, 709], [1403, 709], [1403, 741], [1299, 741]], '렇 진 않아', 0.4174547496795594), ([[702, 757], [809, 757], [809, 796], [702, 796]], '이여지만', 0.29517045617103577), ([[1279, 749], [1423, 749], [1423, 785], [1279, 785]], '미카한카미권', 0.11276154762187952), ([[702, 804], [778, 804], [778, 832], [702, 832]], '그대가', 0.9997159625028291), ([[701, 843], [833, 843], [833, 879], [701, 879]], '지켜워없던', 0.17650734849691224), ([[703, 883], [835, 883], [835, 919], [703, 919]], '내가 그대들', 0.6405798823263702), ([[701, 927], [827, 927], [827, 963], [701, 963]], '지켜적다는', 0.21062962088908815), ([[701, 969], [833, 969], [833, 1005], [701, 1005]], '느낌이 들어', 0.7024999787855157), ([[557, 1189], [737, 1189], [737, 1231], [557, 1231]], '그치만 아프건', 0.9665295266882709), ([[557, 1243], [763, 1243], [763, 1283], [557, 1283]], '그다지  좋아하지', 0.6643877926966282), ([[353, 1267], [465, 1267], [465, 1309], [353, 1309]], '다음에는', 0.8588009476661682), ([[561, 1295], [643, 1295], [643, 1333], [561, 1333]], '않으니', 0.7061127689272171), ([[357, 1321], [489, 1321], [489, 1359], [357, 1359]], '날 지켜저', 0.6504007537960742), ([[1223, 1751], [1363, 1751], [1363, 1791], [1223, 1791]], '약속_이다?', 0.9992763116822785)]
[([[745, 225], [841, 225], [841, 267], [745, 267]], '반드시', 0.9999406726414977), ([[1304, 358], [1342, 358], [1342, 390], [1304, 390]], '네 ,', 0.38640176216332156), ([[312, 516], [338, 516], [338, 562], [312, 562]], '응', 0.9918127243083497), ([[147, 725], [279, 725], [279, 769], [147, 769]], '믿고있어', 0.6271641850471497), ([[666, 930], [860, 930], [860, 980], [666, 980]], '목숨올 걸고서', 0.4936669285346019), ([[666, 990], [930, 990], [930, 1038], [666, 1038]], '지켜드리계습니다', 0.6201673460771852), ([[429, 1011], [545, 1011], [545, 1055], [429, 1055]], '이 말의', 0.617847853892148), ([[426, 1066], [530, 1066], [530, 1114], [426, 1114]], '의미', 0.9998426272948278), ([[305, 1341], [371, 1341], [371, 1385], [305, 1385]], '나는', 0.9877071918245492), ([[304, 1395], [471, 1395], [471, 1444], [304, 1444]], '아픔 정도로', 0.5057650532166307), ([[305, 1453], [448, 1453], [448, 1504], [305, 1504]], '알게되다', 0.6771340370178223), ([[865, 1505], [925, 1505], [925, 1569], [865, 1569]], '그', 0.3265999227437675), ([[907, 1821], [973, 1821], [973, 1857], [907, 1857]], '그래', 0.9999916549341934)]
[([[78, 300], [533, 300], [533, 486], [78, 486]], '17어8교`', 0.00045913115684412714), ([[147, 529], [439, 529], [439, 569], [147, 569]], '*하운(78-61-517', 0.016813278014293002), ([[53, 589], [545, 589], [545, 631], [53, 631]], '(어`@가서*어09/0허"하-#"다.', 0.00023666486538324454), ([[53, 646], [544, 646], [544, 690], [53, 690]], '틈국[-:슷? 디 록초 7니/"59  단" \'초다!', 0.0004366818740613383), ([[97, 707], [497, 707], [497, 751], [97, 751]], "속미: 2#료|[ '8/3' < 주<4.", 0.000558731930283387), ([[162, 766], [436, 766], [436, 814], [162, 814]], '5*1스7"미꽃[ \'7\'5', 0.1131993789105705), ([[137, 829], [457, 829], [457, 871], [137, 871]], "81+57'5,1'30+!", 0.0725279586106272), ([[157, 883], [438, 883], [438, 934], [157, 934]], '똑구*31,+*+3<', 0.03420839777633431), ([[681, 629], [745, 629], [745, 1057], [681, 1057]], "'", 0.3372640415444863), ([[31, 947], [525, 947], [525, 991], [31, 991]], '보출등끊[-+ -터티(+  \'7순0 1""\'', 0.0026195156251283503), ([[58, 1006], [536, 1006], [536, 1054], [58, 1054]], '\'10"훈쫓니스디총5숫*["추[1276', 0.0014704037171956663), ([[30, 1068], [569, 1068], [569, 1113], [30, 1113]], '도(디 1813 < 지4-+스7"법[3531-"!', 0.009779280705538124), ([[37, 1189], [563, 1189], [563, 1231], [37, 1231]], '7난7-*#2확-7: \'(월스""니""우,"', 0.0010232121993635798), ([[83, 1247], [515, 1247], [515, 1291], [83, 1291]], '#"7+"묶1주+"#[ 17\'7문557', 0.0020259804888639187), ([[644, 1118], [744, 1118], [744, 1366], [644, 1366]], '3', 0.9770815782669615), ([[82, 1306], [518, 1306], [518, 1354], [82, 1354]], '555+6{##"습(디 \'중다 ^ 7^ *', 0.012743969792894484), ([[31, 1367], [521, 1367], [521, 1411], [31, 1411]], '무<-시"*#*+#733+"*중난" 1+"', 0.0072578214068149734), ([[15, 1485], [576, 1485], [576, 1535], [15, 1535]], "*미숲훈미:5 타어세+주6타0+*7'1270", 0.011714690434681962), ([[187, 1549], [411, 1549], [411, 1593], [187, 1593]], '*55**{+ 난"', 0.0034166581404411265), ([[121, 1609], [477, 1609], [477, 1653], [121, 1653]], '@?난소4732*니+02', 0.05154833065865868), ([[79, 1669], [499, 1669], [499, 1713], [79, 1713]], "#3숲 [ '넘*+5추[ 1<7-! ^", 0.003926949851687723), ([[243, 1733], [359, 1733], [359, 1771], [243, 1771]], '":717', 0.15327106567518958), ([[85, 1789], [511, 1789], [511, 1833], [85, 1833]], '##천 +니 1 염워#0*가하7(+!', 0.005875609261822739), ([[227, 1973], [373, 1973], [373, 2013], [227, 2013]], '8"하-}', 0.005534772925237188)]
[([[250, 1772], [276, 1772], [276, 1802], [250, 1802]], '%', 0.32771986426968525), ([[364, 1904], [1390, 1904], [1390, 2096], [364, 2096]], "';: . ::", 0.016842558719539), ([[314, 2059], [816, 2059], [816, 2140], [314, 2140]], ' :"??""숙운"? 36 : ;"', 0.0010399727258387176), ([[188.40952575098925, 1686.043822531628], [270.9717112672267, 1728.5251214789184], [253.59047424901075, 1760.956177468372], [171.0282887327733, 1718.4748785210816]], '$1', 0.09133203646802951), ([[157.60001967951584, 1689.252993848116], [187.51788980163687, 1713.096200813232], [126.39998032048416, 1787.747006151884], [95.48211019836312, 1762.903799186768]], '들', 0.31613171842764487), ([[131.87867965644037, 1782.8786796564405], [243.6616504037038, 1752.615941790074], [249.12132034355963, 1777.1213203435595], [138.3383495962962, 1807.384058209926]], '12.05.1925', 0.5182725223329364), ([[218.47893962030983, 1833.4141973545268], [254.94868329805053, 1799.1539501058485], [272.5210603796902, 1821.5858026454732], [236.05131670194947, 1855.8460498941515]], '0도0', 0.03400114508779879), ([[103.32045951601917, 1822.0779759188824], [124.84604989415155, 1839.0513167019494], [98.67954048398083, 1870.9220240811176], [77.15395010584845, 1854.9486832980506]], '죽', 0.21707592118886865), ([[175.47893962030983, 1839.4141973545268], [229.52876662873277, 1833.3858936412344], [231.52106037969017, 1861.5858026454732], [177.47123337126723, 1866.6141063587656]], '오사', 0.018151777811532856), ([[249.1354220598544, 1960.1344122129954], [383.02220184929973, 1942.6405195768946], [390.8645779401456, 2054.8655877870046], [257.97779815070027, 2072.359480423105]], '" .', 0.37835773825645447)]
