795494
8
[([[180, 92], [238, 92], [238, 120], [180, 120]], '(', 0.030648874523283354), ([[408, 630], [448, 630], [448, 654], [408, 654]], '나야', 0.880191396922719), ([[22, 706], [94, 706], [94, 730], [22, 730]], '나나코야', 0.9653022885322571), ([[421, 905], [481, 905], [481, 949], [421, 949]], "'하'애", 0.10884435474872589), ([[821, 921], [861, 921], [861, 959], [821, 959]], '어서', 0.6100074223670995), ([[600, 936], [690, 936], [690, 992], [600, 992]], '`)(', 0.13414524790841684), ([[823, 953], [875, 953], [875, 973], [823, 973]], '오세요', 0.9537632956892834), ([[64, 1092], [114, 1092], [114, 1118], [64, 1118]], '체리', 0.9810889149114934)]
[([[217, 97], [243, 97], [243, 113], [217, 113]], '~빠]', 0.016452173643023395), ([[538, 90], [578, 90], [578, 114], [538, 114]], '뛰야', 0.8810880724035591), ([[205, 111], [249, 111], [249, 131], [205, 131]], '아파?', 0.9999262194121389), ([[257, 331], [289, 331], [289, 349], [257, 349]], '아니', 0.999073569423807), ([[678, 322], [736, 322], [736, 370], [678, 370]], '[한남코', 0.032293651252985), ([[377, 499], [413, 499], [413, 535], [377, 535]], '에', 0.9989755394613553), ([[29, 547], [105, 547], [105, 591], [29, 591]], '(허녁있다', 0.015495717276800604), ([[462, 604], [498, 604], [498, 628], [462, 628]], '오춤', 0.4165739726069203), ([[60, 800], [98, 800], [98, 824], [60, 824]], '글쎄', 0.9923778492832502), ([[85, 923], [137, 923], [137, 943], [85, 943]], '대체로', 0.9999658626224209), ([[739, 901], [783, 901], [783, 947], [739, 947]], '창필', 0.10012480085458944), ([[132, 940], [156, 940], [156, 964], [132, 964]], "'엔", 0.8032160956212048), ([[99, 939], [141, 939], [141, 981], [99, 981]], '킬기', 0.05151431342151286), ([[87, 975], [137, 975], [137, 995], [87, 995]], '안오지', 0.9959113029885395)]
[([[375, 59], [407, 59], [407, 79], [375, 79]], '씨의', 0.10438234137488028), ([[413, 77], [427, 77], [427, 99], [413, 99]], '올', 0.7930365507718626), ([[659, 75], [691, 75], [691, 95], [659, 95]], '언니', 0.9998772705831065), ([[695, 61], [711, 61], [711, 91], [695, 91]], '관', 0.1808088403588224), ([[373, 73], [413, 73], [413, 117], [373, 117]], "'활걀", 0.11413063104365052), ([[656, 90], [712, 90], [712, 114], [656, 114]], '$찮아?', 0.16068275272846222), ([[25, 185], [59, 185], [59, 205], [25, 205]], '어떤', 0.2618933830494754), ([[26, 216], [58, 216], [58, 256], [26, 256]], '빛숙', 0.03236227414643476), ([[25, 249], [59, 249], [59, 269], [25, 269]], '니까', 0.3215819935283759), ([[349, 589], [377, 589], [377, 609], [349, 609]], '에?', 0.9996632632886255), ([[241, 849], [275, 849], [275, 869], [241, 869]], '그래', 0.9999239679319036), ([[323, 827], [383, 827], [383, 869], [323, 869]], '위적고;', 0.14168258011341095), ([[69, 963], [89, 963], [89, 985], [69, 985]], '상', 0.9999903440708557), ([[342, 956], [396, 956], [396, 980], [342, 980]], '신고틀', 0.1823616606754528), ([[85, 971], [103, 971], [103, 1001], [85, 1001]], '협', 0.18639002277665018), ([[341, 971], [399, 971], [399, 1015], [341, 1015]], '해벽쥐', 0.13513800242083523), ([[71, 997], [123, 997], [123, 1017], [71, 1017]], '시용하', 0.9677032711626762), ([[73, 1013], [105, 1013], [105, 1031], [73, 1031]], '잇어', 0.771832775915405)]
[([[340, 92], [372, 92], [372, 116], [340, 116]], '안되', 0.9352788988707713), ([[503, 177], [557, 177], [557, 213], [503, 213]], '힘내', 0.9988027337718671)]
[([[261, 103], [283, 103], [283, 123], [261, 123]], '패', 0.18718220577913858), ([[263, 121], [279, 121], [279, 155], [263, 155]], '위', 0.10379755387234368), ([[275, 101], [301, 101], [301, 174], [275, 174]], '', 0.0)]
[([[26, 458], [58, 458], [58, 488], [26, 488]], '아', 0.9895762937868657)]
[([[416, 462], [446, 462], [446, 494], [416, 494]], '잇', 0.11425129277995438), ([[522, 740], [558, 740], [558, 764], [522, 764]], '기분', 0.9990943001077428), ([[522, 754], [560, 754], [560, 780], [522, 780]], '좋아', 0.9568821318732931), ([[397, 1067], [480, 1067], [480, 1106], [397, 1106]], '2기', 0.3791360903413674)]
[([[30, 1000], [162, 1000], [162, 1056], [30, 1056]], '후기-', 0.9999189928079552), ([[29, 1081], [459, 1081], [459, 1145], [29, 1145]], '아번역하기 힘들없당', 0.6151714302143128), ([[29, 1165], [247, 1165], [247, 1227], [29, 1227]], '~체리편지-', 0.7234077509513848)]
