798308
53
[([[320, 32], [482, 32], [482, 132], [320, 132]], '좋이', 0.2932108439091287), ([[425, 109], [531, 109], [531, 169], [425, 169]], '(가)', 0.9260124420188459), ([[131, 401], [275, 401], [275, 485], [131, 485]], '격7니', 0.06736538706615428), ([[106, 488], [224, 488], [224, 568], [106, 568]], '성지전', 0.028007827499959174), ([[58.54498388254838, 71.23391618925159], [316.20767129740966, 36.41303529011887], [322.45501611745163, 148.76608381074843], [65.79232870259032, 183.58696470988113]], '스포츠걸기', 0.2810016404037581), ([[51.9127277988578, 436.27709285577384], [145.6187622431566, 419.3053085373413], [155.08727220114218, 488.72290714422616], [60.38123775684341, 505.6946914626587]], '씨써=', 0.029812869362166067)]
[([[131, 573], [163, 573], [163, 587], [131, 587]], '자드 ;', 0.0388393281248828), ([[14.211145618000169, 882.1055728090001], [77.68732297546421, 866.9262490156137], [82.78885438199983, 888.8944271909999], [19.312677024535784, 904.0737509843863]], "'반경계 : ", 0.04609535844426384)]
[([[35, 441], [67, 441], [67, 457], [35, 457]], '""구,1', 0.0015518431443270447), ([[134, 562], [156, 562], [156, 570], [134, 570]], '거거', 0.11788700815652901), ([[23, 795], [79, 795], [79, 809], [23, 809]], '"로\'{ :: 너오', 0.014798074398808186), ([[36, 810], [78, 810], [78, 818], [36, 818]], '다다3', 0.012928414921168073), ([[23, 823], [51, 823], [51, 835], [23, 835]], "및'", 0.1440728258352226), ([[103, 865], [169, 865], [169, 879], [103, 879]], '나4 도움인 ":', 0.029924486837366007)]
[([[141.44529980377476, 52.16794970566215], [173.95447997803504, 54.70172500686405], [171.55470019622524, 68.83205029433785], [140.04552002196496, 65.29827499313595]], "17''", 0.809789776802063)]
[([[37, 201], [59, 201], [59, 213], [37, 213]], '뵈다', 0.12191320559581255), ([[15, 215], [57, 215], [57, 229], [15, 229]], "사'서오 1", 0.02819097210371659), ([[3, 854], [40, 854], [40, 871], [3, 871]], '{3민국', 0.013406967744231224), ([[17, 1005], [39, 1005], [39, 1017], [17, 1017]], '그녀', 0.1638773608091986), ([[5, 1012], [111, 1012], [111, 1033], [5, 1033]], ",1/1 초 쉬 '맑다 ,", 0.14148637098255726), ([[3, 1029], [125, 1029], [125, 1049], [3, 1049]], '끝어면   마가서   국리}+)', 0.01762265852429585), ([[30.042173714778848, 433.71265211443364], [71.93334560620306, 427.6410209206911], [72.95782628522115, 437.28734788556636], [31.06665439379694, 443.3589790793089]], '하: ! , 보', 0.04492189920603705)]
[([[101, 879], [149, 879], [149, 893], [101, 893]], "팬산'7'", 0.019765394386349503), ([[109, 893], [171, 893], [171, 909], [109, 909]], '"내하오 * ', 0.1660711419936301), ([[20, 1152], [66, 1152], [66, 1160], [20, 1160]], "'~-지기벼 '", 0.005872879882361234), ([[110.71963120067105, 358.46355744080523], [152.75941302715225, 355.04896593126904], [154.28036879932895, 373.53644255919477], [112.24058697284775, 376.95103406873096]], '급비하다', 0.24602462351322174), ([[152.07152330911475, 375.6286093236459], [177.88658484616545, 371.537433993305], [178.92847669088525, 380.3713906763541], [153.11341515383455, 384.462566006695]], ' ', 0.05903711688203672)]
[([[79, 25], [103, 25], [103, 37], [79, 37]], '7마', 0.05232585274486323), ([[71, 37], [113, 37], [113, 49], [71, 49]], '5#오하 .', 0.03898766244737977), ([[91, 181], [119, 181], [119, 193], [91, 193]], '여저?', 0.30921978224499297), ([[93, 193], [121, 193], [121, 205], [93, 205]], '255', 0.1615834774395768), ([[50, 208], [82, 208], [82, 216], [50, 216]], ' 7리;', 0.04011647403240204), ([[95, 205], [123, 205], [123, 219], [95, 219]], "쉬논기 '", 0.04534085837072966), ([[9, 435], [45, 435], [45, 451], [9, 451]], '퍽구 표:', 0.0014887714742094899), ([[5, 449], [47, 449], [47, 465], [5, 465]], '마기  다"\'', 0.05908145064617869), ([[25, 471], [67, 471], [67, 487], [25, 487]], "용터1 ',1'", 0.039770451405977555), ([[149, 771], [181, 771], [181, 785], [149, 785]], '소관!', 0.10403022874110517), ([[18, 842], [48, 842], [48, 850], [18, 850]], '름리가  그', 0.009196293217726269), ([[53, 843], [75, 843], [75, 855], [53, 855]], '십!:', 0.28163016359842324), ([[55.21913119055697, 183.3753049524456], [89.88862065705486, 179.54135708022974], [91.78086880944304, 192.6246950475544], [57.111379342945135, 196.45864291977026]], '+_ _', 0.1009798940600921), ([[5.21913119055697, 463.37530495244556], [35.860291533634175, 459.49019760969827], [37.78086880944303, 472.62469504755444], [7.139708466365826, 476.50980239030173]], '대금대', 0.004307929319473982), ([[115.21913119055696, 775.3753049524456], [145.87415727612154, 771.5143570688214], [147.78086880944304, 784.6246950475544], [117.12584272387846, 787.4856429311786]], '미', 0.13024182948209173)]
[]
[([[5, 535], [43, 535], [43, 547], [5, 547]], '먹임 기 ', 0.0428518074812808), ([[19, 817], [47, 817], [47, 831], [19, 831]], '장기가', 0.26344183101679264), ([[21, 1035], [57, 1035], [57, 1049], [21, 1049]], '132 번', 0.20302405880410404), ([[25.071523309114742, 644.628609323646], [47.805055837353365, 639.4068009619501], [49.92847669088526, 649.371390676354], [27.19494416264663, 654.5931990380499]], '리', 0.0023151597085652315), ([[4.084347429557697, 663.4253042288673], [59.80304611493655, 653.1345378648305], [62.915652570442305, 667.5746957711327], [6.1969538850634525, 678.8654621351695]], "9'1하+612 .", 0.1409801951839129)]
[([[27.256705853752834, 35.33103526837755], [57.860291533634175, 32.490197609698264], [59.743294146247166, 45.66896473162245], [29.139708466365825, 49.509802390301736]], "3'3", 0.0319594504163742), ([[27.071523309114742, 192.6286093236459], [65.9094744755858, 186.5842402397322], [66.92847669088526, 197.3713906763541], [29.0905255244142, 203.4157597602678]], '0~시하리', 0.005551205826031117), ([[26.105572809000083, 207.55278640450004], [61.93040839281709, 203.63347548161752], [62.89442719099991, 213.44721359549996], [27.069591607182907, 217.36652451838248]], ' ', 0.09263165488292557)]
[]
[([[12.21913119055697, 327.37530495244556], [41.88775453144893, 324.539682835545], [43.78086880944303, 336.62469504755444], [13.112245468551071, 339.460317164455]], '국려자?', 0.009923765435814857)]
[]
[([[27, 39], [75, 39], [75, 57], [27, 57]], '움직히미 문', 0.09375316758866781), ([[93, 245], [125, 245], [125, 257], [93, 257]], '개문개', 0.13235617054646553), ([[131, 245], [161, 245], [161, 259], [131, 259]], '터녀 >', 0.09122750908136368), ([[15, 417], [37, 417], [37, 431], [15, 431]], '5 ?', 0.3309808706477198), ([[16, 835], [75, 835], [75, 863], [16, 863]], '4하점급', 0.013410815969109535), ([[6.256705853752834, 433.33103526837755], [39.888620657054865, 429.5413570802298], [41.743294146247166, 443.66896473162245], [7.111379342945137, 446.4586429197702]], "&'", 0.5580901018070423), ([[21.042173714778848, 445.71265211443364], [47.837610596838616, 439.45373221945306], [49.95782628522115, 449.28734788556636], [23.162389403161384, 455.54626778054694]], '닐보 !', 0.015591482348397644), ([[30.36153615896192, 904.8530753112733], [98.8787146396403, 897.3141200521948], [100.63846384103807, 914.1469246887267], [32.12128536035971, 921.6858799478052]], "고심하'135 '", 0.019950279134907996)]
[([[87, 277], [163, 277], [163, 297], [87, 297]], '1파님 3*사', 0.05637442059849591), ([[37, 505], [93, 505], [93, 523], [37, 523]], '머컨찬   뇌남', 0.010792557078685235), ([[53, 687], [75, 687], [75, 701], [53, 701]], "'}오 !", 0.02886151973847992), ([[23, 699], [77, 699], [77, 715], [23, 715]], '합;소면 다4', 0.09630935008333369), ([[45.21913119055697, 495.37530495244556], [91.9224409883013, 490.61386191187387], [93.78086880944304, 504.62469504755444], [47.07755901169869, 509.38613808812613]], '그다 ;', 0.013135160561490068), ([[56.07152330911474, 523.628609323646], [89.90015925141552, 517.5644390718957], [91.92847669088526, 528.371390676354], [57.099840748584484, 533.4355609281043]], '으대합5', 0.0021017270628362894), ([[77.18076807948096, 697.4265376556367], [106.8073911222579, 691.4099834106577], [109.81923192051904, 705.5734623443633], [79.1926088777421, 711.5900165893423]], '#비고', 0.3933475862005314), ([[42.18076807948096, 713.4265376556367], [75.91137059965868, 709.5884132775735], [76.81923192051904, 721.5734623443633], [43.088629400341325, 724.4115867224265]], '토바다', 0.19066277690045572)]
[]
[([[36.10557280900009, 695.5527864045], [69.93256809827409, 691.6390058974423], [70.89442719099992, 701.4472135955], [37.06743190172591, 704.3609941025577]], '구니 시4771', 0.015915057609648075)]
[([[127, 205], [191, 205], [191, 225], [127, 225]], "빵 | 피군'?", 0.0435153485451059), ([[90.51341170750567, 834.6620705367551], [138.79713503197286, 829.12232940299], [140.48658829249433, 846.3379294632449], [92.20286496802714, 851.87767059701]], '시각하거', 0.14773207902908325)]
[([[41, 45], [77, 45], [77, 61], [41, 61]], '냄시하', 0.06373207443136031), ([[145, 381], [193, 381], [193, 395], [145, 395]], '다논 남가다', 0.025847826813254187), ([[127, 397], [159, 397], [159, 411], [127, 411]], '합매', 0.06467307949829489), ([[148.14250707428747, 413.4855042445725], [187.94346013965114, 410.66851400498746], [188.85749292571253, 420.5144957554275], [149.05653986034886, 424.33148599501254]], '25인 선 9', 0.007051223829591783)]
[]
[([[29, 37], [97, 37], [97, 51], [29, 51]], '시거리 지런하', 0.08092771976702512), ([[43, 747], [107, 747], [107, 765], [43, 765]], '걱거하지하', 0.20947533028004786), ([[83, 767], [121, 767], [121, 783], [83, 783]], "새다값오'", 0.021785718065555255), ([[137, 931], [191, 931], [191, 949], [137, 949]], '보 해 ~집히', 0.04277775956677284)]
[]
[([[71, 165], [371, 165], [371, 255], [71, 255]], '스포츠걸이 좋아?', 0.31641470938785726), ([[105, 328], [270, 328], [270, 371], [105, 371]], '거스  증 3', 0.1834497451394423), ([[209.1970684086417, 245.1094462711102], [337.99249523986947, 260.7879334081982], [333.8029315913583, 286.8905537288898], [205.0075047601305, 270.2120665918018]], '-}늘 _-물고- %문', 0.004261639590209609)]
[([[98, 52], [140, 52], [140, 78], [98, 78]], '하<', 0.11028900324909902), ([[230, 276], [290, 276], [290, 302], [230, 302]], '하아가', 0.6718898175799501), ([[247, 405], [375, 405], [375, 441], [247, 441]], '기제 무일이야 ', 0.10845726090895703), ([[41, 785], [101, 785], [101, 810], [41, 810]], '미꺼다', 0.5467655462656712), ([[113, 791], [159, 791], [159, 807], [113, 807]], '내가', 0.9354993548912932), ([[49, 817], [127, 817], [127, 855], [49, 855]], '지언기와', 0.3821796476840973)]
[([[183, 386], [271, 386], [271, 425], [183, 425]], '부드러워.', 0.6155401243469099), ([[168, 780], [270, 780], [270, 812], [168, 812]], "기런이외 유두 '", 0.060734693734889496)]
[([[63, 479], [99, 479], [99, 499], [63, 499]], '잠깐', 0.20365453243015302), ([[111, 481], [137, 481], [137, 495], [111, 495]], '너목', 0.10013202888876496), ([[31, 501], [81, 501], [81, 521], [31, 521]], '그렵게', 0.09824054114604923), ([[151, 1102], [216, 1102], [216, 1132], [151, 1132]], '(파 /', 0.5110638532739764), ([[176.05742827528547, 410.50337089551385], [259.4671120031205, 400.00522323108135], [262.9425717247145, 435.49662910448615], [179.53288799687948, 445.99477676891865]], '귀여-', 0.1515607217393339), ([[101.47893962030982, 505.41419735452666], [154.47052280303072, 499.2980842912455], [157.52106037969017, 527.5858026454733], [104.5294771969693, 533.7019157087545]], '스옷', 0.11232297228903014)]
[([[65, 31], [101, 31], [101, 49], [65, 49]], '미한', 0.19215528918660163), ([[70, 52], [142, 52], [142, 78], [70, 78]], '가람7 !', 0.08676721437806367), ([[75, 359], [115, 359], [115, 379], [75, 379]], "'저기", 0.28765829606537135), ([[62, 674], [136, 674], [136, 706], [62, 706]], '보고싶? }', 0.12480064303454468), ([[194, 1134], [262, 1134], [262, 1162], [194, 1162]], '내 거기', 0.9762717485427856)]
[([[76, 871], [129, 871], [129, 891], [76, 891]], '더 , 너무', 0.1062987406252405), ([[145, 873], [177, 873], [177, 889], [145, 889]], '보3', 0.2520835040224413), ([[38, 890], [212, 890], [212, 920], [38, 920]], "'쳐다보지논 아  부끄러우니;", 0.1245111088222859)]
[([[37, 89], [135, 89], [135, 127], [37, 127]], '바로 눈앞끼 ,', 0.6129346187077879), ([[240, 360], [316, 360], [316, 390], [240, 390]], '저가/', 0.20980467920475931), ([[146, 848], [210, 848], [210, 872], [146, 872]], '하아앗 ', 0.1061175964694612), ([[156, 872], [214, 872], [214, 898], [156, 898]], '가까위,', 0.6737130880355835), ([[167.9378517783448, 344.114118180386], [238.547372377929, 353.92120119866104], [231.0621482216552, 399.885881819614], [159.452627622071, 390.07879880133896]], '기히의', 0.0754127464634988)]
[([[63, 31], [105, 31], [105, 47], [63, 47]], '바보요', 0.23067403604193495), ([[27, 49], [101, 49], [101, 69], [27, 69]], '박로 536', 0.07689939184736162), ([[53, 69], [99, 69], [99, 89], [53, 89]], '보여지고', 0.35206398367881775), ([[302, 386], [378, 386], [378, 434], [302, 434]], '히학 !', 0.39829617738723755), ([[41, 675], [79, 675], [79, 711], [41, 711]], "'표", 0.06707597557910039), ([[78, 901], [127, 901], [127, 930], [78, 930]], "'하가", 0.36850175211903785), ([[98.65465441200737, 66.52011985320812], [134.7052025048219, 62.95487588414142], [135.34534558799263, 80.47988014679188], [100.29479749517812, 84.04512411585857]], '찢거 ,', 0.032115742564201355), ([[57.71019925882295, 939.2914184435282], [119.55178370863811, 933.4225337073874], [121.28980074117705, 965.7085815564718], [59.44821629136189, 970.5774662926126]], '귀미워', 0.1460274667610668)]
[([[215, 25], [261, 25], [261, 51], [215, 51]], '.자깐', 0.7026244471700756), ([[299, 47], [337, 47], [337, 65], [299, 65]], '달이 ', 0.30522651996300093), ([[166, 52], [228, 52], [228, 76], [166, 76]], '[흘오서', 0.17003712058067322), ([[56, 388], [86, 388], [86, 412], [56, 412]], '가5', 0.22318057780472686), ([[55, 682], [140, 682], [140, 710], [55, 710]], '으으으', 0.7620845548984096), ([[232.17086771745093, 51.6221280326862], [297.68328157299976, 44.65835921350013], [299.8291322825491, 69.3778719673138], [234.31671842700024, 76.34164078649988]], '냄써 난단', 0.3834702906277027)]
[([[75, 307], [103, 307], [103, 327], [75, 327]], '가가', 0.14475465901907272), ([[114, 300], [188, 300], [188, 330], [114, 330]], '대: 팔야', 0.07639285680941435), ([[118, 740], [142, 740], [142, 768], [118, 768]], '7', 0.5064150324071761), ([[34.93785177834478, 729.114118180386], [115.78913142610575, 743.5632605721682], [106.06214822165522, 784.885881819614], [26.210868573894242, 770.4367394278318]], '하아% !', 0.2140348770273548)]
[([[58, 76], [130, 76], [130, 100], [58, 100]], '쇠 내 0기', 0.16187473886877457), ([[69, 303], [99, 303], [99, 321], [69, 321]], '저기', 0.8433860781490482), ([[88, 754], [172, 754], [172, 782], [88, 782]], '나;   @(제', 0.4984601237929357), ([[116, 780], [206, 780], [206, 808], [116, 808]], '못 잠깐 어', 0.09986707714522362), ([[0, 877], [173, 877], [173, 1089], [0, 1089]], '%', 0.14534751306314408)]
[([[262, 74], [322, 74], [322, 101], [262, 101]], "'아까보", 0.07513163238763809), ([[264, 100], [332, 100], [332, 124], [264, 124]], '커 것기 ?1', 0.20970656402842253), ([[272, 1036], [320, 1036], [320, 1064], [272, 1064]], '하있', 0.06594820344317458), ([[207.65835921350012, 81.31671842700025], [263.5118115136873, 76.35963329718382], [265.34164078649985, 106.68328157299975], [209.4881884863127, 111.64036670281618]], '우라맛', 0.1812828793631797)]
[([[94, 266], [170, 266], [170, 292], [94, 292]], '가 " 야 >', 0.11768520822130056), ([[88, 626], [126, 626], [126, 650], [88, 650]], '달의', 0.9448156720592996), ([[249, 715], [347, 715], [347, 757], [249, 757]], '와아 % !', 0.3216124298051833), ([[296, 940], [365, 940], [365, 1058], [296, 1058]], '유', 0.6231495076790452)]
[([[56, 62], [131, 62], [131, 92], [56, 92]], ',; 공자지', 0.014958806197779463), ([[83, 89], [123, 89], [123, 107], [83, 107]], '아라맛', 0.771881031609729), ([[76, 228], [138, 228], [138, 254], [76, 254]], "'이거워야", 0.12980311580159015), ([[50, 256], [184, 256], [184, 282], [50, 282]], '새각다 더 이그 감아', 0.1433858372058766), ([[254, 342], [294, 342], [294, 374], [254, 374]], '올?', 0.17818896325615255), ([[176, 658], [314, 658], [314, 690], [176, 690]], '7 너 -용 인거야?!', 0.16735044442457267), ([[61, 1089], [101, 1089], [101, 1109], [61, 1109]], '그래', 0.9719682930052859), ([[110, 1086], [196, 1086], [196, 1136], [110, 1136]], '불이나 ?', 0.6838658529484302), ([[337, 1147], [409, 1147], [409, 1187], [337, 1187]], '계곡', 0.4788223841122)]
[([[56, 128], [302, 128], [302, 204], [56, 204]], '스포츠걸피중야?', 0.036672935491077745), ([[85, 259], [245, 259], [245, 301], [85, 301]], '거무_   농하4   (완)', 0.034234541064721014), ([[157, 477], [219, 477], [219, 491], [157, 491]], '마 . 0뇌 .', 0.13524478504331974), ([[122, 488], [292, 488], [292, 516], [122, 516]], '(너두 적국적 꽤꽤 ,. 상상오 못해지 ,', 0.010251148463955494), ([[149, 805], [171, 805], [171, 825], [149, 825]], '너,', 0.34383837358078906), ([[194, 804], [248, 804], [248, 830], [194, 830]], "'때문하야", 0.10981488553870301), ([[110, 1046], [152, 1046], [152, 1070], [110, 1070]], '냄새 !', 0.22051773965358734), ([[43, 1077], [81, 1077], [81, 1097], [43, 1097]], '밭-니', 0.3161639231648347), ([[124, 1072], [182, 1072], [182, 1098], [124, 1098]], '수없물', 0.0814156522911843), ([[169.3053712883528, 198.12450247855259], [270.9991183169222, 211.9406202480122], [267.69462871164717, 228.87549752144741], [166.0008816830778, 215.0593797519878]], "늘} = 2 ' 기들르' !논히", 0.007012312906587908), ([[84.99099080900554, 1071.1747742652155], [123.82358401228512, 1079.9864057391796], [117.00900919099446, 1104.8252257347845], [79.17641598771488, 1096.0135942608204]], '52', 0.18421168343788036)]
[([[199, 429], [225, 429], [225, 449], [199, 449]], '너극', 0.4508576759971502), ([[198, 450], [286, 450], [286, 476], [198, 476]], '변태 결지 .', 0.1991034876080053), ([[58, 828], [140, 828], [140, 858], [58, 858]], '졸아해 !', 0.37930927572428264), ([[77, 1089], [138, 1089], [138, 1128], [77, 1128]], '죽컷?', 0.06898214412402065)]
[([[146, 44], [282, 44], [282, 74], [146, 74]], '변대 의지 안아', 0.268922711920905), ([[170, 86], [240, 86], [240, 118], [170, 118]], '귀어위', 0.4867837145564622), ([[26, 186], [66, 186], [66, 214], [26, 214]], '뭐?', 0.5527623415905368), ([[266, 666], [306, 666], [306, 690], [266, 690]], '나도', 0.9490565795045767), ([[233, 693], [415, 693], [415, 735], [233, 735]], '5기가   너무 좋다;', 0.11382567661995488), ([[259, 727], [351, 727], [351, 763], [259, 763]], '주 아해', 0.32400404233566793), ([[104, 846], [162, 846], [162, 872], [104, 872]], '말하면', 0.8786753179485877), ([[120.41000317999045, 820.4560050879847], [173.62510212725326, 816.5478158444982], [174.58999682000953, 841.5439949120153], [121.37489787274676, 845.4521841555018]], '그러네', 0.2501231329677947), ([[55.7701175612585, 834.9931058051327], [113.40612933102119, 822.2082015620055], [119.2298824387415, 848.0068941948673], [61.59387066897881, 860.7917984379945]], '갑자기', 0.9832032262597454)]
[([[57, 81], [71, 81], [71, 105], [57, 105]], '우', 0.9981186901922321), ([[84.21114561800017, 66.42229123600033], [174.44884458642292, 54.973803805476535], [177.78885438199984, 93.57770876399967], [87.55115541357709, 106.02619619452346]], '움직일게 :', 0.1811434984637561), ([[109.28026567843061, 260.3885579247043], [166.23203012086552, 254.64331137020224], [168.7197343215694, 288.6114420752957], [111.76796987913448, 294.35668862979776]], '천천히 ,', 0.6260906202763089), ([[26.53391833389879, 351.62713466711904], [166.60584414514025, 312.80780350885163], [181.46608166610122, 368.37286533288096], [40.39415585485974, 407.19219649114837]], '천 천 히맛!', 0.15759389769554544)]
[([[22, 54], [46, 54], [46, 78], [22, 78]], '마', 0.28077153754637507), ([[223, 443], [296, 443], [296, 479], [223, 479]], '마프다', 0.19484516165065333), ([[195, 513], [279, 513], [279, 549], [195, 549]], '기분 좋야;', 0.2689182442166885), ([[61, 732], [128, 732], [128, 760], [61, 760]], '으아이맛', 0.28553417325019836), ([[68, 756], [148, 756], [148, 784], [68, 784]], '이거 세스', 0.3059291760962342), ([[125, 1103], [191, 1103], [191, 1139], [125, 1139]], '괜찮아', 0.4760222094058923), ([[47.41000317999046, 47.456005087984735], [111.65475466714595, 41.602760701502135], [112.58999682000955, 68.54399491201526], [49.345245332854056, 74.39723929849787]], '아파 !', 0.5670704532149102)]
[([[224, 210], [293, 210], [293, 241], [224, 241]], '하 . 앗', 0.3823551794108638), ([[200, 240], [310, 240], [310, 272], [200, 272]], '멈추지 ,  말아;', 0.34934643455825937), ([[69, 851], [141, 851], [141, 893], [69, 893]], '하아남', 0.2938125663785392), ([[58, 886], [148, 886], [148, 940], [58, 940]], '아 아', 0.36863973736763)]
[([[29, 41], [73, 41], [73, 125], [29, 125]], '(', 0.22706844352531252), ([[155, 463], [235, 463], [235, 529], [155, 529]], '[하 ', 0.09835393040154496), ([[199, 645], [243, 645], [243, 665], [199, 665]], '기원마;', 0.09448447823524475), ([[204, 670], [280, 670], [280, 694], [204, 694]], '선리가 너무귀', 0.3014348292125013), ([[61, 1052], [104, 1052], [104, 1072], [61, 1072]], '아논시 ,', 0.3688191615909762), ([[42, 1100], [95, 1100], [95, 1133], [42, 1133]], '멋로', 0.6258267545308647), ([[49.51341170750567, 1080.6620705367552], [103.77382816833396, 1073.076131162326], [106.48658829249433, 1092.3379294632448], [52.22617183166604, 1099.923868837674]], '복소리가', 0.41269415616989136)]
[([[294, 204], [358, 204], [358, 228], [294, 228]], '2아', 0.47354757548971943), ([[30, 802], [116, 802], [116, 834], [30, 834]], '/ 01; 거', 0.18130325794266558), ([[138, 794], [184, 794], [184, 824], [138, 824]], '졸아', 0.16561014083973644), ([[36, 822], [207, 822], [207, 872], [36, 872]], '뒤깨 찌또 " 하요', 0.10196396142928553), ([[183, 1145], [237, 1145], [237, 1183], [183, 1183]], "'아앗", 0.1342912098390606)]
[([[78, 620], [144, 620], [144, 674], [78, 674]], "'좋아", 0.23006027426378778)]
[([[111, 29], [223, 29], [223, 89], [111, 89]], '아하가', 0.34481682720501666), ([[4, 958], [72, 958], [72, 1008], [4, 1008]], '오4하', 0.4798613443159127), ([[5, 1003], [87, 1003], [87, 1041], [5, 1041]], '머리가하', 0.5514434576034546), ([[18.10116772343203, 1028.0677069746514], [110.939696961967, 1059.151471862576], [93.89883227656797, 1105.9322930253486], [1.060303038033, 1074.848528137424]], '사5해저짓', 0.013581675092203862)]
[([[352, 42], [390, 42], [390, 68], [352, 68]], '5금', 0.2205438610928122), ([[301, 49], [353, 49], [353, 87], [301, 87]], '뛰야?', 0.8065284011036447), ([[132, 346], [156, 346], [156, 370], [132, 370]], '9', 0.03254249300358247), ([[18, 488], [240, 488], [240, 540], [18, 540]], '자위랑   차원이 다름짐하', 0.15374217511200208), ([[10, 542], [86, 542], [86, 596], [10, 596]], '색스', 0.27888125222563986), ([[83, 557], [201, 557], [201, 643], [83, 643]], '좋아9', 0.11038981680952475), ([[291, 791], [333, 791], [333, 827], [291, 827]], '으유', 0.8413911223806565), ([[286, 820], [428, 820], [428, 870], [286, 870]], "'이제 , 나르다!", 0.20350689864176139), ([[343.41000317999044, 72.45600508798474], [403.5681933358248, 65.44939270289825], [405.58999682000956, 93.54399491201526], [345.4318066641752, 100.55060729710175]], '오르가츰', 0.32784759998321533), ([[53.28026567843061, 346.3885579247043], [130.46982810509772, 339.00995152795866], [131.7197343215694, 374.6114420752957], [55.53017189490229, 381.99004847204134]], '호아야', 0.45860373677351485)]
[]
[([[222, 74], [262, 74], [262, 100], [222, 100]], '괜감', 0.3443450114706886), ([[50, 319], [109, 319], [109, 347], [50, 347]], '아아야', 0.571782539840502), ([[30, 352], [64, 352], [64, 378], [30, 378]], "'이제", 0.17582426376349702), ([[248, 654], [336, 654], [336, 704], [248, 704]], '9하+아', 0.06312272697687149), ([[271, 711], [329, 711], [329, 755], [271, 755]], '이거', 0.9387802996403087), ([[267, 765], [339, 765], [339, 809], [267, 809]], '냄', 0.9958573657088756), ([[266, 818], [344, 818], [344, 868], [266, 868]], '유험해', 0.2916557739376779)]
[([[272, 56], [332, 56], [332, 88], [272, 88]], '지언야', 0.7471827845002681), ([[68, 364], [179, 364], [179, 416], [68, 416]], "응'9 자", 0.08763106620983434), ([[45, 657], [102, 657], [102, 693], [45, 693]], '가직 ,', 0.453602135181427), ([[118, 658], [144, 658], [144, 682], [118, 682]], '더', 0.8142358605232971), ([[63, 689], [227, 689], [227, 727], [63, 727]], '향 국 잇지? 9', 0.21496167844151437), ([[269, 773], [285, 773], [285, 807], [269, 807]], '응', 0.9833705208695029), ([[300, 838], [356, 838], [356, 868], [300, 868]], '잠깐', 0.6624568017603797), ([[203, 923], [301, 923], [301, 983], [203, 983]], '배경', 0.30101955553169735), ([[92, 1036], [190, 1036], [190, 1101], [92, 1101]], '종아해', 0.30036889420370644), ([[307.26455633745076, 949.1905035185284], [429.7132238924518, 940.6488363660035], [430.73544366254924, 1009.8094964814716], [308.2867761075482, 1019.3511636339965]], '제육관', 0.7658451893913475)]
[([[173, 155], [235, 155], [235, 197], [173, 197]], '건물', 0.8185489033247496), ([[78, 788], [114, 788], [114, 812], [78, 812]], '심곳', 0.5514432222297506), ([[43, 913], [97, 913], [97, 949], [43, 949]], '승지런', 0.11718990595345839), ([[74.87867965644035, 147.87867965644037], [119.96705996633872, 133.73490064482206], [128.12132034355963, 162.12132034355963], [83.03294003366128, 176.26509935517794]], '배경', 0.8513969271386067)]
[([[192, 206], [292, 206], [292, 234], [192, 234]], "이틀 전'인", 0.13101657229056837), ([[300, 204], [348, 204], [348, 230], [300, 230]], '이후로', 0.9685032583343707), ([[189, 233], [358, 233], [358, 266], [189, 266]], '날  계속 피하고 있다', 0.5219184223021391), ([[50, 374], [162, 374], [162, 402], [50, 402]], '하는 체도 안고', 0.2340285770711984), ([[46, 399], [153, 399], [153, 432], [46, 432]], '말을 결어반도', 0.19188553894764301), ([[46, 425], [191, 425], [191, 462], [46, 462]], '쌀쌀 맞은 대답손', 0.06604362644776399), ([[76, 488], [186, 488], [186, 514], [76, 514]], "1그 일'온아얘", 0.22482793144719607), ([[82, 514], [220, 514], [220, 542], [82, 542]], '임 일 취급 하 짓다', 0.14157387882271483), ([[166, 632], [242, 632], [242, 656], [166, 656]], '이 @의', 0.5513482157065157), ([[249, 629], [321, 629], [321, 665], [249, 665]], '관계는', 0.9404251655627351), ([[167, 665], [309, 665], [309, 701], [167, 701]], '원하기   안논건가?', 0.8276454032342169), ([[278, 756], [324, 756], [324, 786], [278, 786]], '건문', 0.9160692447796087), ([[348, 780], [401, 780], [401, 811], [348, 811]], "'0471", 0.15645374910941456), ([[64, 833], [234, 833], [234, 896], [64, 896]], '수고하석습나다!', 0.6602488668690647), ([[44, 956], [70, 956], [70, 980], [44, 980]], '뭐', 0.9990568001939124), ([[82, 954], [130, 954], [130, 984], [82, 984]], '본인이', 0.9765189679755804), ([[136, 956], [188, 956], [188, 980], [136, 980]], '권하지', 0.5306276213584508), ([[44, 986], [100, 986], [100, 1014], [44, 1014]], '앉눈다면', 0.1519300937652588), ([[112, 984], [208, 984], [208, 1014], [112, 1014]], '어절 수하 .', 0.4669124127609519), ([[145, 1063], [191, 1063], [191, 1107], [145, 1107]], '두', 0.05636862793767983), ([[288.87652476222786, 805.5012198097824], [349.8284271247462, 786.1715728752538], [359.12347523777214, 818.4987801902176], [298.1715728752538, 837.8284271247462]], '석.', 0.1496741115614173), ([[216.9719194937464, 1027.552263139369], [295.6464865483474, 985.0006485785397], [309.02808050625356, 1017.447736860631], [230.35351345165262, 1058.9993514214605]], '6소의설', 0.3373728394508362)]
[([[164, 56], [214, 56], [214, 88], [164, 88]], '9?', 0.07795214573921924), ([[51, 63], [130, 63], [130, 113], [51, 113]], '셋? ', 0.05881597474217415), ([[187, 481], [243, 481], [243, 499], [187, 499]], '그7', 0.9679013184679196), ([[159, 501], [282, 501], [282, 533], [159, 533]], '내옷 아니 05 ?', 0.5628991708734372), ([[81, 635], [113, 635], [113, 655], [81, 655]], '어디', 0.24354757594944), ([[114, 628], [180, 628], [180, 660], [114, 660]], '가려구?', 0.9631437338266733), ([[99, 967], [251, 967], [251, 1011], [99, 1011]], '스파랑 해아지 .', 0.3420035333405053), ([[292, 1116], [352, 1116], [352, 1172], [292, 1172]], '곳', 0.45034587737308485), ([[121.60276070150213, 61.345245332854056], [167.29473359435116, 55.067592762651664], [169.39723929849788, 85.65475466714595], [124.70526640564884, 90.93240723734834]], '여깨', 0.2785229919669979)]
