798948
27
[([[914, 1150], [948, 1150], [948, 1180], [914, 1180]], '표', 0.16399292063221083), ([[976, 1150], [1006, 1150], [1006, 1180], [976, 1180]], '7', 0.46807106433280765), ([[903, 1183], [951, 1183], [951, 1225], [903, 1225]], '*', 0.43324053408784735), ([[965, 1183], [1009, 1183], [1009, 1225], [965, 1225]], '|', 0.0010609022591303585), ([[856, 1242], [1002, 1242], [1002, 1266], [856, 1266]], "1' 1 7 >0", 0.06685277740076644), ([[854, 1266], [1002, 1266], [1002, 1294], [854, 1294]], '1 7+ 4 [히스', 0.0980119835092024), ([[814, 1290], [1002, 1290], [1002, 1318], [814, 1318]], '1 8 # 숫 편 눈부-', 0.012378832604292645)]
[([[620, 996], [652, 996], [652, 1030], [620, 1030]], '1', 0.33490445892127596), ([[674, 998], [708, 998], [708, 1030], [674, 1030]], '그', 0.30807218265005076), ([[734, 1000], [764, 1000], [764, 1030], [734, 1030]], '7', 0.7251229588619026), ([[790, 998], [816, 998], [816, 1026], [790, 1026]], '7', 0.4290544780549368), ([[615, 1027], [655, 1027], [655, 1067], [615, 1067]], '*', 0.9997766142680717), ([[669, 1027], [879, 1027], [879, 1069], [669, 1069]], '* * * *', 0.5759441050913053), ([[718, 1274], [808, 1274], [808, 1298], [718, 1298]], '숫가 사모', 0.29319972122963106), ([[718, 1294], [840, 1294], [840, 1324], [718, 1324]], '물속에서 자라', 0.6574342080377211), ([[859, 1294], [936, 1294], [936, 1322], [859, 1322]], '가래가이', 0.532869279384613), ([[716, 1318], [822, 1318], [822, 1348], [716, 1348]], '여러해살이', 0.8266482072331797), ([[926, 1320], [964, 1320], [964, 1348], [926, 1348]], '동어', 0.43586511435434366), ([[718, 1342], [758, 1342], [758, 1374], [718, 1374]], '분포', 0.9732550640069991)]
[([[531, 991], [553, 991], [553, 1007], [531, 1007]], '에', 0.9253431087870609), ([[181, 1307], [219, 1307], [219, 1351], [181, 1351]], '저', 0.8550147942262498), ([[946, 1436], [984, 1436], [984, 1464], [946, 1464]], '02', 0.9999989884757856)]
[([[794, 1164], [842, 1164], [842, 1220], [794, 1220]], '4', 0.9460739787239767), ([[88, 1436], [118, 1436], [118, 1462], [88, 1462]], '03', 0.9999993256504904)]
[([[302, 1100], [328, 1100], [328, 1148], [302, 1148]], '불', 0.9942057862545539), ([[451.1970684086417, 567.1094462711102], [475.527371915451, 557.0467172734745], [495.8029315913583, 608.8905537288898], [470.472628084549, 618.9532827265255]], '음', 0.12013488340667866)]
[([[921, 995], [959, 995], [959, 1033], [921, 1033]], '4', 0.416357667976186), ([[86, 1436], [114, 1436], [114, 1460], [86, 1460]], '05', 0.9999774936570763)]
[([[156, 1146], [184, 1146], [184, 1172], [156, 1172]], '하', 0.9913088207103016), ([[156, 1182], [186, 1182], [186, 1206], [156, 1206]], '0', 0.2985697117437667), ([[544, 1438], [582, 1438], [582, 1468], [544, 1468]], '06', 0.9999948580883536), ([[101.127036057031, 1360.0638451878108], [201.86103571540573, 1386.7161540813872], [186.872963942969, 1439.9361548121892], [85.13896428459427, 1412.2838459186128]], '에', 0.12297802559868476)]
[([[450, 276], [584, 276], [584, 374], [450, 374]], '서&;', 0.10637276876957776), ([[81, 1437], [111, 1437], [111, 1457], [81, 1457]], '07', 0.9999894633041312)]
[([[725, 177], [741, 177], [741, 211], [725, 211]], '응', 0.5950691400910415), ([[823, 329], [839, 329], [839, 359], [823, 359]], '응', 0.6378317726938718), ([[863, 341], [881, 341], [881, 371], [863, 371]], '유', 0.3398502256590099), ([[326, 615], [400, 615], [400, 800], [326, 800]], '육', 0.018946303607912718)]
[([[495, 659], [515, 659], [515, 681], [495, 681]], '주', 0.02045920150617797), ([[329, 1245], [373, 1245], [373, 1443], [329, 1443]], '국', 0.07159196062866968), ([[314.2264990188739, 994.8397485283108], [382.2971890915407, 974.2412044356437], [393.7735009811261, 1018.1602514716892], [325.7028109084593, 1038.7587955643564]], '덥썩', 0.08723046990609996)]
[([[560, 112], [650, 112], [650, 186], [560, 186]], '@7;;', 0.058889538049697876), ([[727.2567058537528, 487.33103526837755], [751.7772448707075, 483.370801771332], [753.7432941462472, 497.66896473162245], [729.2227551292925, 501.629198228668]], '09', 0.158047506123245), ([[392.24861924323466, 1332.0353639782873], [502.9997633241128, 1392.9384633590453], [467.75138075676534, 1453.9646360217127], [357.0002366758872, 1392.0615366409547]], '44소', 0.2220587555802278)]
[]
[([[354, 110], [408, 110], [408, 162], [354, 162]], '4', 0.2512252405087203), ([[449, 733], [465, 733], [465, 765], [449, 765]], '%', 0.2806474291413821), ([[447, 807], [467, 807], [467, 841], [447, 841]], '옷', 0.35474128770960434), ([[447, 843], [465, 843], [465, 865], [447, 865]], '9', 0.05534929847762293), ([[218, 1142], [226, 1142], [226, 1168], [218, 1168]], '"', 0.009221843295003973), ([[190, 1192], [212, 1192], [212, 1200], [190, 1200]], '7', 0.005833862214930596)]
[([[379, 395], [419, 395], [419, 445], [379, 445]], '도', 0.9999722244284079), ([[589, 401], [605, 401], [605, 429], [589, 429]], '응', 0.87883059098235), ([[369, 987], [455, 987], [455, 1077], [369, 1077]], '1', 0.0905659999195132)]
[([[756, 508], [786, 508], [786, 538], [756, 538]], '만', 0.9999372968966469), ([[756, 538], [818, 538], [818, 564], [756, 564]], '만?도', 0.13972586402845427), ([[519, 671], [539, 671], [539, 693], [519, 693]], '밥', 0.5771882861698465), ([[156, 1372], [208, 1372], [208, 1426], [156, 1426]], '몸?', 0.24809158371773002), ([[418.2161622789965, 997.0618223576777], [467.9541508402215, 1037.3244339763335], [441.7838377210035, 1069.9381776423222], [392.0458491597785, 1029.6755660236665]], '{033', 0.46766483783721924), ([[157.78732187481833, 1330.1492874992734], [194.68784185637344, 1314.0475386341113], [221.21267812518167, 1379.8507125007266], [184.31215814362656, 1395.9524613658887]], '꿈', 0.011409371619099995)]
[([[427, 599], [473, 599], [473, 639], [427, 639]], '하', 0.145633839416214), ([[191, 795], [305, 795], [305, 883], [191, 883]], '4"', 0.004699966087810874), ([[379, 837], [435, 837], [435, 881], [379, 881]], '좁', 0.010364623933152795), ([[741, 901], [817, 901], [817, 967], [741, 967]], '콤규;', 0.0019200332150576774), ([[918, 1256], [952, 1256], [952, 1282], [918, 1282]], '하0', 0.7576266273380966), ([[78, 1434], [106, 1434], [106, 1458], [78, 1458]], '15', 0.9998748261546438), ([[898.3168628328868, 177.01459028955128], [1014.4406659595057, 225.93869638247628], [922.6831371671132, 442.9854097104487], [806.5593340404943, 394.0613036175237]], '새', 0.35616835405767233), ([[139.66870542177546, 971.0183487959791], [168.34164078649988, 976.3167184270003], [154.33129457822454, 1066.9816512040209], [125.65835921350012, 1061.6832815729997]], '{', 0.1490035522263975)]
[([[371, 931], [407, 931], [407, 989], [371, 989]], '옛', 0.37513399514779167), ([[374, 1014], [400, 1014], [400, 1066], [374, 1066]], '응', 0.9927966845273808), ([[205, 1239], [285, 1239], [285, 1281], [205, 1281]], '괜찮올', 0.4011805744297629), ([[161, 1285], [187, 1285], [187, 1305], [161, 1305]], '아', 0.9999156016038455), ([[232, 1278], [286, 1278], [286, 1302], [232, 1302]], '꺼야', 0.9943063366585189), ([[161, 1315], [187, 1315], [187, 1335], [161, 1335]], '마', 0.9998142805506092), ([[163, 1341], [183, 1341], [183, 1369], [163, 1369]], '도', 0.9999741317514612)]
[([[830, 162], [856, 162], [856, 220], [830, 220]], '위', 0.3756727361883918), ([[170, 382], [202, 382], [202, 456], [170, 456]], '잡', 0.21577908643681454), ([[168, 456], [200, 456], [200, 480], [168, 480]], '아', 0.9995045083765355), ([[897, 719], [989, 719], [989, 825], [897, 825]], '팩0', 0.02604299586285476), ([[500, 1186], [524, 1186], [524, 1226], [500, 1226]], '옷', 0.5322309457665462), ([[500, 1234], [524, 1234], [524, 1274], [500, 1274]], '옷', 0.5176455208413842), ([[500, 1282], [524, 1282], [524, 1322], [500, 1322]], '옷', 0.48632341037191296), ([[905.5032492994646, 820.0626722679119], [921.9922778767136, 822.2635137157511], [916.4967507005354, 862.9373277320881], [900.0077221232864, 860.7364862842489]], '8', 0.6144377579318103)]
[([[623, 555], [643, 555], [643, 581], [623, 581]], '몸', 0.3008323090796381)]
[([[564.402977685874, 1233.02977685874], [609.4566866055599, 1218.0174054671654], [650.597022314126, 1344.97022314126], [605.5433133944401, 1360.9825945328346]], '팀', 0.0055825410387042584)]
[([[498, 87], [739, 87], [739, 233], [498, 233]], '"주', 0.0032963923185585164), ([[834, 150], [926, 150], [926, 230], [834, 230]], '하', 0.6884230472501827), ([[865, 225], [943, 225], [943, 293], [865, 293]], '0', 0.3940088252081211), ([[297, 673], [369, 673], [369, 737], [297, 737]], '01', 0.25566016750227366), ([[776, 492], [1046, 492], [1046, 820], [776, 820]], '넷', 0.011063375272162779), ([[297, 769], [333, 769], [333, 815], [297, 815]], '0', 0.9998477755307569), ([[287, 738], [396, 738], [396, 1061], [287, 1061]], '"', 0.6222959981931844), ([[913.3876543538402, 259.0187659675955], [987.53130080926, 302.78301749074035], [905.6123456461598, 441.9812340324045], [831.46869919074, 398.21698250925965]], "'야", 0.17260920336809216)]
[([[618, 200], [676, 200], [676, 228], [618, 228]], '오빠', 0.5340306750578087), ([[618, 238], [670, 238], [670, 262], [618, 262]], '과자', 0.9997537027020422), ([[849, 1045], [951, 1045], [951, 1083], [849, 1083]], '친절하고', 0.9998694062232971), ([[850, 1080], [952, 1080], [952, 1106], [850, 1106]], '자세하게', 0.9994150996208191), ([[849, 1105], [955, 1105], [955, 1145], [849, 1145]], '설명햇다', 0.5003459453582764), ([[190, 1114], [240, 1114], [240, 1240], [190, 1240]], '에', 0.2524500620274104)]
[([[289, 151], [669, 151], [669, 191], [289, 191]], '치에장* 주네스도 생각해 보습니다', 0.5258668876037613), ([[126, 204], [706, 204], [706, 236], [126, 236]], '주인공과 유키코가 사귀고 임는 것울 진짜로 몰탓던 요스레와 치에', 0.13835832687837127), ([[108, 230], [188, 230], [188, 256], [108, 256]], '유키코가', 0.892829752726985), ([[253, 217], [445, 217], [445, 261], [253, 261]], '사귀는 것을 발설되어', 0.0716879353871891), ([[106, 252], [582, 252], [582, 282], [106, 282]], '주인공의 홀로 (제스처동작) 로 사건의 경위가 공개되다', 0.617698132657288), ([[130, 276], [518, 276], [518, 306], [130, 306]], '두 사람이 좋은 느낌으로 되고 있다는결 알고', 0.6592575286686461), ([[586, 275], [797, 275], [797, 308], [586, 308]], '놀걀 뿐인 주네스치예장', 0.2867249647771245), ([[106, 302], [186, 302], [186, 328], [106, 328]], '주네스는', 0.8342047929763794), ([[189, 297], [509, 297], [509, 333], [189, 333]], '아마기 고개에 성공한 사람을 친구로', 0.4885556834939307), ([[516, 300], [594, 300], [594, 328], [516, 328]], '두엇다는', 0.6225726008415222), ([[594, 300], [908, 300], [908, 332], [594, 332]], '것을 자랑스럽계 생각하고 오버하는', 0.5574756476745513), ([[104, 326], [304, 326], [304, 354], [104, 354]], '치에장도 그 유키코가', 0.6504948584257358), ([[316, 324], [540, 324], [540, 354], [316, 354]], '돼지 모르게 기쁘게&조금', 0.16403257006162908), ([[548, 322], [626, 322], [626, 354], [548, 354]], '쓸쓸하게', 0.49276317035651707), ([[105, 353], [147, 353], [147, 371], [105, 371]], '사이', 0.9999381289870019), ([[163, 353], [187, 353], [187, 371], [163, 371]], '게', 0.9998273923977194), ([[190, 348], [574, 348], [574, 380], [190, 380]], '돌아가는 주인공과 유키코틀 가능 것올 바보', 0.21873510839803567), ([[564, 332], [720, 332], [720, 380], [564, 380]], '어히 바라보있다', 0.20222457189478812), ([[106, 372], [150, 372], [150, 398], [106, 398]], '우리', 0.9998819065729293), ([[147, 349], [165, 349], [165, 401], [147, 401]], '줄', 0.22046817539227082), ([[164, 372], [532, 372], [532, 404], [164, 404]], '도 사길까?라고 장난스럽계 말하는 주네스', 0.5533768558365432), ([[104, 395], [350, 395], [350, 427], [104, 427]], '언제나처럼 무시당해버덧다', 0.40323769228860384), ([[188, 480], [742, 480], [742, 512], [188, 512]], '주인공올 찬양하기 위해 주네스 주최의 드코트 파티가 열리거나', 0.7963246329205389), ([[166, 506], [988, 506], [988, 538], [166, 538]], '치에장에 의한 유키코틀 위한 연애 상식 강좌 (조금만 알고 잎는 것으로 겉도는)가 일어나거나', 0.18439199494367917), ([[190, 530], [392, 530], [392, 560], [190, 560]], '그런 상황 속에서, 정신', 0.7971303242550328), ([[424, 530], [548, 530], [548, 560], [424, 560]], "'[면 두 사람만", 0.45988009201875885), ([[660, 532], [872, 532], [872, 560], [660, 560]], '늘어나는 쇼키치와 치에', 0.6733718211635564), ([[166, 554], [276, 554], [276, 580], [166, 580]], '9지 모르게', 0.43175079120242466), ([[282, 554], [518, 554], [518, 584], [282, 584]], '두 사람의 이야기틀 하거나', 0.8843313243866296), ([[511, 528], [618, 528], [618, 589], [511, 589]], "' -실격", 0.003006856620829609), ([[574, 554], [618, 554], [618, 580], [574, 580]], '부리', 0.9992999283477301), ([[612, 528], [660, 528], [660, 586], [612, 586]], '혈액', 0.22727169897538863), ([[639, 559], [701, 559], [701, 579], [639, 579]], '먹거나', 0.8386181439242238), ([[707, 559], [763, 559], [763, 579], [707, 579]], '데이트', 0.999502545754445), ([[768, 554], [876, 554], [876, 586], [768, 586]], '비슷한 것올', 0.3486722202398492), ([[166, 578], [692, 578], [692, 608], [166, 608]], '반복하지만 지금까지 친구로서 사힘분이어서 의식하는 데는', 0.6791169215849785), ([[168, 602], [576, 602], [576, 632], [168, 632]], '나름대로 시간과 수고가 필요해서.. 안타깝네...', 0.4960216464239869), ([[167, 623], [913, 623], [913, 659], [167, 659]], '주네스는 분명 일찌감치 의식하긴 시작햇지만; 장난스럽게 말하는 것이 없어지논 정도', 0.2547038690348015), ([[165, 648], [905, 648], [905, 685], [165, 685]], '치에는 유키 코로부터 이야기틀 듣고선 남자로서 주네스트 의식하는 것올 부정하거다', 0.22245270581696092), ([[127, 735], [169, 735], [169, 753], [127, 753]], '아아', 0.9995178741009485), ([[170, 728], [306, 728], [306, 760], [170, 760]], '정말 불쌍하네!', 0.872520532195949), ([[106, 754], [272, 754], [272, 782], [106, 782]], '주인공과 유키코가', 0.7670966447603965), ([[283, 750], [643, 750], [643, 786], [283, 786]], '오랜 시간 동안 함께 보벗다_ 현장도 보고', 0.47646215529207575), ([[103, 770], [564, 770], [564, 810], [103, 810]], '단번대 접근하면 되는데 그것은 그것대로 심심한데', 0.5585247761545101), ([[104, 800], [682, 800], [682, 830], [104, 830]], '친구로부터 남녀로서 의식해서, 게다가 연애에 진지하게 되는 데는', 0.6821790008570237), ([[106, 824], [250, 824], [250, 854], [106, 854]], '부끄러움이 임는', 0.8785559411116715), ([[258, 826], [578, 826], [578, 856], [258, 856]], '두 사람의 안절부절하이 보고 싶지만', 0.584177169955814), ([[106, 848], [350, 848], [350, 880], [106, 880]], '결국 |2월까지 진전이 없다!', 0.5040660234700545), ([[182, 925], [546, 925], [546, 955], [182, 955]], '눈앞의 일이 되니 의외로 신사적인 주네스', 0.9194978349712426), ([[162, 948], [488, 948], [488, 978], [162, 978]], '피임 잊지 양고 소소한 마음 쏟씀이도', 0.5852226949074546), ([[162, 972], [790, 972], [790, 1004], [162, 1004]], '할 수 있는 한 부끄럽지만 먼저 시작하고 무의식중에 농담스럽계 하거나', 0.4027208618690591), ([[163, 1001], [205, 1001], [205, 1021], [163, 1021]], '다리', 0.9996041797470286), ([[229, 997], [249, 997], [249, 1023], [229, 1023]], '유', 0.5255501916801677), ([[274, 996], [396, 996], [396, 1026], [274, 1026]], '무섭다라듣가.', 0.8008823248732699), ([[201, 1019], [249, 1019], [249, 1063], [201, 1063]], '올 농', 0.4272896945476532), ([[268, 1020], [654, 1020], [654, 1052], [268, 1052]], '으로 받아 흘리면서도 조금 상처받는 치에장', 0.614756972153938), ([[269, 1044], [818, 1044], [818, 1076], [269, 1076]], '짐작하여(넘겨짚어) 어떻계든 힘내라 주네스라는 듯 어색할 뿐', 0.5187608747669035), ([[162, 1068], [296, 1068], [296, 1100], [162, 1100]], '진짜 불쌍하네', 0.9941359331841509), ([[181, 1169], [441, 1169], [441, 1207], [181, 1207]], '그밝에 조그마한 네타들', 0.44034209623649545), ([[158, 1204], [306, 1204], [306, 1234], [158, 1234]], '니구돈부리 권유', 0.5933804166530958), ([[154, 1228], [530, 1228], [530, 1258], [154, 1258]], '요-스레! 하 함께 니구돈부리 먹으러 갈래?', 0.5762387271437426), ([[154, 1252], [720, 1252], [720, 1282], [154, 1282]], '남자로서 의식해버린 치에에계는 들이서 니구돈부리틀 먹는 것이', 0.43257576593069486), ([[154, 1276], [940, 1276], [940, 1308], [154, 1308]], '사랑하는 증거로서, 최상급 데이트이미 , 사랑의 고백이라고 여겨지논 행위인 것이다! 아마!', 0.524893293016091), ([[157, 1329], [631, 1329], [631, 1365], [157, 1365]], "'니구돈부리블 팀하다 먹는 치에장은 아름다울 것이다", 0.16164148285337782), ([[158, 1360], [360, 1360], [360, 1386], [158, 1386]], '바로 앞에서 보고 싶어.', 0.49389079526931623), ([[390, 1358], [432, 1358], [432, 1386], [390, 1386]], '먹는', 0.5291434656098031), ([[460, 1356], [496, 1356], [496, 1388], [460, 1388]], '습올', 0.5021047725239821), ([[500, 1358], [628, 1358], [628, 1390], [500, 1390]], '실컷 보고싶어', 0.9746470124068443), ([[158, 1380], [412, 1380], [412, 1410], [158, 1410]], '나는 니구돈부리가 되고싶어.', 0.4995554159627755), ([[946, 1408], [982, 1408], [982, 1432], [946, 1432]], '22', 0.9999483283547408), ([[191.07899166023174, 225.14487414671834], [251.8555816735702, 233.08040590173164], [247.92100833976826, 261.85512585328166], [187.1444183264298, 253.91959409826836]], '무심코', 0.9930348126142853), ([[518.6583592135001, 278.31671842700024], [579.5598455009559, 272.4356499716381], [581.3416407864999, 303.68328157299976], [520.4401544990441, 308.5643500283619]], '어쨌든', 0.9990302426822478), ([[390.8905996075495, 534.3358994113244], [430.6714109594025, 530.9016442266783], [432.1094003924505, 552.6641005886756], [392.3285890405975, 556.0983557733217]], '차리', 0.9903326969539015), ([[489.8905996075495, 954.3358994113244], [532.7227318067676, 950.9840299601115], [534.1094003924504, 972.6641005886756], [490.2772681932324, 976.0159700398885]], '되고', 0.9775331620151256), ([[218.47818194971444, 987.0692732139435], [235.4142135623731, 993.5857864376269], [224.52181805028556, 1027.9307267860565], [206.5857864376269, 1022.4142135623731]], '근', 0.1787395576862858), ([[231.08955369908847, 1015.0835899750776], [276.7628834735344, 1022.7074769606575], [267.91044630091153, 1078.9164100249222], [221.2371165264656, 1071.2925230393425]], '굵당드', 0.042041786224658706), ([[164.8858279709377, 1045.2145699273442], [206.7609927553754, 1050.8265780789654], [203.1141720290623, 1075.7854300726558], [161.2390072446246, 1070.1734219210346]], '그것', 0.9999584434602782), ([[438.95805693252925, 1357.1867537178289], [479.6969696065118, 1362.686091730161], [476.04194306747075, 1389.8132462821711], [435.3030303934882, 1384.313908269839]], '모습', 0.9999903905320627)]
[([[137, 193], [355, 193], [355, 231], [137, 231]], '나오토 군에 관해서', 0.9173120826957912), ([[120, 230], [396, 230], [396, 260], [120, 260]], '소년담정-반바지 공식에 준하여', 0.8979194923663913), ([[118, 252], [342, 252], [342, 285], [118, 285]], '부디 입어 주없으면 햇다!', 0.5795808399267657), ([[118, 278], [322, 278], [322, 306], [118, 306]], '나. 여자인데? 괜찮아?', 0.5709409969522213), ([[116, 300], [412, 300], [412, 330], [116, 330]], '나중에 귀여운 옷도 입어주없으면', 0.48641967666009644), ([[117, 324], [536, 324], [536, 357], [117, 357]], '그것만으로 스레설 니구돈부리 2그릇 정도 한다', 0.4817819268856831), ([[554, 384], [632, 384], [632, 410], [554, 410]], '리세지', 0.7006250269231568), ([[649, 387], [679, 387], [679, 407], [649, 407]], '에', 0.9997403790203094), ([[682, 382], [760, 382], [760, 414], [682, 414]], '관하여', 0.999520989785804), ([[530, 414], [950, 414], [950, 446], [530, 446]], '조금 긴 기간 동안 얼굴마담 리세틀 지켜보앉다!', 0.4420444619405859), ([[528, 438], [834, 438], [834, 468], [528, 468]], '저 피곤한 인상이 귀여고 귀여워서 ,', 0.3729736374055325), ([[528, 462], [832, 462], [832, 494], [528, 494]], '칸지군과 상점가의 젊은 애들끼리 ,', 0.6036869211621164), ([[527, 486], [778, 486], [778, 517], [527, 517]], '이러저러해서 좋은 느낌으로', 0.8303097555857458), ([[527, 508], [932, 508], [932, 544], [527, 544]], '인데; 술가게도 모형가게도 젊은 애들 있잡아!', 0.23279983707040075), ([[143, 563], [321, 563], [321, 599], [143, 599]], '도지마 대디이좀', 0.17361931217186644), ([[119, 600], [290, 600], [290, 628], [119, 628]], '도지마씨  진짜 멋저', 0.6517598970355108), ([[118, 624], [318, 624], [318, 654], [118, 654]], '서투튼 남자 정말 멋저', 0.23399617387825), ([[118, 646], [538, 646], [538, 678], [118, 678]], '주인공올 인정해가는 과정도 딱딱하지 안습니다', 0.5712091066465791), ([[117, 665], [345, 665], [345, 702], [117, 702]], '아아 함께 참복하고 싶어!', 0.41790717079069223), ([[553, 731], [1005, 731], [1005, 771], [553, 771]], '나나코 넘치는 아이디어로 항목별로 정리', 0.7104996685704701), ([[622, 764], [866, 764], [866, 796], [622, 796]], '다녀워어요하고 말해버린다', 0.6687704929883991), ([[533, 763], [629, 763], [629, 827], [533, 827]], "'또실경별", 0.0037863257496721916), ([[536, 792], [580, 792], [580, 820], [536, 820]], "'매일", 0.5202141404151917), ([[626, 794], [672, 794], [672, 818], [626, 818]], '건다', 0.4896232295011465), ([[538, 816], [624, 816], [624, 842], [538, 842]], '주네스}', 0.9217961430549622), ([[536, 839], [742, 839], [742, 869], [536, 869]], '앞으로 6년정도 지나면', 0.9001938701427461), ([[535, 859], [798, 859], [798, 897], [535, 897]], '함께 목욕하자는 말은 안듣다', 0.3290430200911994), ([[588, 886], [898, 886], [898, 916], [588, 916]], '무릎 위에 안히는 이번트 끼위 넣기!', 0.47167713703506964), ([[537, 915], [619, 915], [619, 935], [537, 935]], '여러가지', 0.999392569065094), ([[621, 909], [797, 909], [797, 945], [621, 945]], '오올 입히봉고 싶다', 0.16355146268630633), ([[536, 934], [774, 934], [774, 966], [536, 966]], '학부형 참관 이번트틀 부디', 0.5002762148612531), ([[201, 975], [513, 975], [513, 1015], [201, 1015]], '보시다시피 이런 상황입니다', 0.8529042164375741), ([[182, 1012], [304, 1012], [304, 1040], [182, 1040]], '메이비입니다', 0.9929581930567973), ([[184, 1036], [660, 1036], [660, 1068], [184, 1068]], '유키코의 가슴은 정당한 크키라고 생각하여 만든 이 책', 0.6142514828790157), ([[182, 1062], [304, 1062], [304, 1090], [182, 1090]], '어떠석습니까', 0.46131148205020617), ([[184, 1084], [480, 1084], [480, 1114], [184, 1114]], '그렇계 크지논 않다고 생각합니다', 0.6681639531831838), ([[204, 1108], [436, 1108], [436, 1138], [204, 1138]], '유는 아니라고 생각합니다.', 0.686529601762644), ([[184, 1132], [564, 1132], [564, 1164], [184, 1164]], '조금 괜찮은 크기가 중요하다고 생각합니다', 0.7728925297651794), ([[183, 1151], [733, 1151], [733, 1192], [183, 1192]], '사귀같은 거유로 만족한다면 진실은 안켓속 이탓고 생각합니다', 0.27723979822933237), ([[184, 1180], [648, 1180], [648, 1212], [184, 1212]], '그런 만감이 교차하는 생각올 타이틀에 나타뉘습니다', 0.20658868568660776), ([[183, 1201], [287, 1201], [287, 1237], [183, 1237]], '그렇습니다', 0.33134117384545786), ([[182, 1228], [334, 1228], [334, 1258], [182, 1258]], '이반 지금 당신도', 0.31056698517938686), ([[341, 1235], [381, 1235], [381, 1251], [341, 1251]], '가짜', 0.999609236786169), ([[382, 1228], [632, 1228], [632, 1260], [382, 1260]], '같은 안개에 삼켜질뻔햇다고', 0.6216404026669197), ([[186, 1250], [374, 1250], [374, 1282], [186, 1282]], '무섭네요. 두렵습니다', 0.8317688633976145), ([[183, 1276], [454, 1276], [454, 1308], [183, 1308]], '히미코의 얼굴만큼 두렵습니다', 0.72365821627838), ([[68, 1392], [102, 1392], [102, 1420], [68, 1420]], '23', 0.9673242778440103), ([[540.9580569325292, 885.1867537178289], [581.6969696065119, 890.6860917301609], [578.0419430674708, 917.8132462821711], [537.3030303934881, 912.3139082698391]], '우선', 0.9999778308296584)]
[([[404, 490], [666, 490], [666, 516], [404, 516]], '웬지 옆에있없던 선생님의 낙서', 0.30681928757812804), ([[410, 666], [446, 666], [446, 698], [410, 698]], '4', 0.06137824575272455), ([[460, 670], [506, 670], [506, 700], [460, 700]], '=', 0.41451691714275185), ([[514, 672], [554, 672], [554, 698], [514, 698]], '+', 0.9977124913129956), ([[566, 670], [612, 670], [612, 696], [566, 696]], '돈', 0.13321104017112262), ([[628, 668], [652, 668], [652, 694], [628, 694]], '7', 0.17166611841859325), ([[405, 694], [659, 694], [659, 736], [405, 736]], '* * * * *', 0.9265327840629273), ([[504, 780], [584, 780], [584, 810], [504, 810]], '푹수이', 0.48892174623352763), ([[389, 809], [683, 809], [683, 847], [389, 847]], '7-구-#-11터 =', 0.1310968285734288), ([[422, 848], [528, 848], [528, 876], [422, 876]], "버니'가니,", 0.027075273001467115), ([[544, 848], [646, 848], [646, 878], [544, 878]], '11-1-]', 0.13556812544516886), ([[494, 880], [596, 880], [596, 912], [494, 912]], '푹슈터9', 0.06985337287187576), ([[402, 914], [668, 914], [668, 946], [402, 946]], '만 다 다타토 | 명타3 다타', 0.009994214965048293), ([[506, 948], [564, 948], [564, 978], [506, 978]], '터레 (', 0.3680002987384796), ([[486, 984], [580, 984], [580, 1010], [486, 1010]], '[ 1 .더', 0.10269729620827082), ([[492, 1016], [576, 1016], [576, 1042], [492, 1042]], '어거칭:9', 0.0015139024873679439), ([[386, 1050], [678, 1050], [678, 1080], [386, 1080]], '훌++구: / / 벌닐뷰. 리6니|니다. 72+ /', 0.0011603293435123773), ([[494, 1084], [596, 1084], [596, 1114], [494, 1114]], '## 논이', 0.011275618983162303), ([[426, 1118], [638, 1118], [638, 1146], [426, 1146]], "'리느-상[/나|니다. 미긋+", 4.1404263696181975e-05), ([[416, 1183], [650, 1183], [650, 1213], [416, 1213]], '*18 놈 초 #변 통% 4', 0.01268759462945235), ([[996, 1434], [1028, 1434], [1028, 1458], [996, 1458]], '24', 0.9998267808470604)]
[([[770, 1366], [964, 1366], [964, 1442], [770, 1442]], '쇼문숲', 0.12695755189752825)]
[([[40, 34], [446, 34], [446, 110], [40, 110]], '역식자: 나조노', 0.9983924125192678), ([[466, 34], [656, 34], [656, 110], [466, 110]], '안경남', 0.8709443528129965), ([[85, 153], [471, 153], [471, 221], [85, 221]], '팬 보면_유코인진', 0.2802761871040018), ([[487, 155], [971, 155], [971, 219], [487, 219]], '유키코 인지 햇갈리논', 0.7231125283903506), ([[33, 153], [94, 153], [94, 308], [33, 308]], '잎', 0.010977019299876156), ([[85, 197], [911, 197], [911, 266], [85, 266]], "이비의 폐름소나4 동인지인데' 메이비", 0.36571417180008325), ([[87, 245], [629, 245], [629, 313], [87, 313]], '림을 좋아해서 작업햇다:', 0.35906750795406445), ([[31, 343], [145, 343], [145, 507], [31, 507]], '용종', 0.024880859177582967), ([[138, 396], [192, 396], [192, 454], [138, 454]], '이', 0.9957595812524609), ([[146, 338], [408, 338], [408, 464], [146, 464]], '안직면빛', 0.0004980800440534949), ([[307, 333], [578, 333], [578, 466], [307, 466]], '뵈특있월속', 0.019387338385043626), ([[485, 345], [693, 345], [693, 405], [485, 405]], '연속으로', 0.9985889792442322), ([[583, 393], [737, 393], [737, 457], [583, 457]], '하는데', 0.3914625841204834), ([[686, 338], [908, 338], [908, 462], [686, 462]], '벌어반히', 0.00901864841580391), ([[151, 439], [311, 439], [311, 503], [151, 503]], '걸코다', 0.08260925777117994), ([[149, 531], [261, 531], [261, 651], [149, 651]], '훔기', 0.0475661895723297), ([[205, 587], [249, 587], [249, 639], [205, 639]], '어', 0.9999663832628727), ([[243, 535], [379, 535], [379, 651], [243, 651]], '중 별=', 0.06944897344832694), ([[368, 584], [418, 584], [418, 636], [368, 636]], '기', 0.9999970197699817), ([[369, 537], [571, 537], [571, 601], [369, 601]], '역하지만', 0.30232030153274536), ([[415, 581], [545, 581], [545, 647], [415, 647]], '틀 좀', 0.9834896523170438), ([[551, 530], [738, 530], [738, 643], [551, 643]], "'불편언", 0.04845528304576874), ([[619, 587], [821, 587], [821, 647], [619, 647]], '신경씨서', 0.9415642023086548), ([[751, 537], [903, 537], [903, 603], [751, 603]], '대사가', 0.9999629719645542), ([[16, 516], [811, 516], [811, 816], [16, 816]], '#질 지규똑보', 2.30612153557243e-05)]
