801348
24
[([[47, 56], [335, 56], [335, 425], [47, 425]], '콩', 0.9884356373590641), ([[895, 191], [1075, 191], [1075, 417], [895, 417]], '기', 0.08642380374923508), ([[759, 395], [903, 395], [903, 505], [759, 505]], '벼아내', 0.0005257859901177706), ([[561, 833], [625, 833], [625, 907], [561, 907]], '시1', 0.6718111903968973), ([[87, 1025], [229, 1025], [229, 1113], [87, 1113]], '[맘뒤)', 0.0032749096862971783), ([[84, 1094], [230, 1094], [230, 1182], [84, 1182]], '[조@', 0.00866583836544602), ([[52, 1406], [317, 1406], [317, 1446], [52, 1446]], '-레플) |(8름%', 0.002628981213671339), ([[52, 1459], [568, 1459], [568, 1579], [52, 1579]], '[너-&]', 0.004517140791930664), ([[736, 1508], [836, 1508], [836, 1552], [736, 1552]], '여식자', 0.8833950161933899), ([[860, 1506], [1094, 1506], [1094, 1554], [860, 1554]], '로리주무늬니석스', 0.3830852262299304)]
[]
[([[90, 54], [382, 54], [382, 200], [90, 200]], '[다 ', 0.1286096228919653), ([[288, 182], [502, 182], [502, 234], [288, 234]], '{8@어기교@전', 0.0012056672896434816), ([[291, 227], [489, 227], [489, 265], [291, 265]], "@' 요진어@ ", 0.00024180413047571598), ([[351, 800], [469, 800], [469, 850], [351, 850]], '넣올게', 0.639627755446173), ([[497, 1453], [533, 1453], [533, 1501], [497, 1501]], '응', 0.9975353187555811)]
[([[683, 821], [771, 821], [771, 929], [683, 929]], '3', 0.02956736535418636), ([[499.21108360975865, 16.014824019579713], [655.3933993613745, -8.00311087321112], [698.7889163902414, 323.9851759804203], [541.6066006386255, 348.00311087321114]], '올', 0.929216797612785)]
[]
[([[131, 127], [197, 127], [197, 165], [131, 165]], '무슨', 0.9998878912236463), ([[275, 113], [367, 113], [367, 151], [275, 151]], '오늘은', 0.7282506823539734), ([[115, 165], [207, 165], [207, 207], [115, 207]], '졸은일', 0.4527767035453459), ([[287, 153], [355, 153], [355, 191], [287, 191]], '원가', 0.5343123318170374), ([[403, 161], [491, 161], [491, 199], [403, 199]], '저기 ~', 0.5114928322272528), ([[117, 207], [209, 207], [209, 247], [117, 247]], '이라도', 0.999724634192766), ([[271, 191], [365, 191], [365, 231], [271, 231]], '기분이', 0.9998590466753999), ([[399, 201], [493, 201], [493, 239], [399, 239]], '아키코', 0.9234089637431925), ([[107, 245], [221, 245], [221, 289], [107, 289]], '있나요?', 0.624477744102478), ([[271, 231], [367, 231], [367, 271], [271, 271]], '좋아보', 0.977854040630076), ([[405, 239], [489, 239], [489, 281], [405, 281]], '선배?', 0.8024336099624634), ([[263, 271], [377, 271], [377, 311], [263, 311]], '시네요?', 0.9998002648353577), ([[107, 803], [181, 803], [181, 843], [107, 843]], '","', 0.2636869453234227), ([[285, 835], [325, 835], [325, 871], [285, 871]], '아.', 0.7515246723564432), ([[335, 835], [373, 835], [373, 873], [335, 873]], '응', 0.997903136076733), ([[281, 875], [375, 875], [375, 913], [281, 913]], '그러네', 0.9840768575668335), ([[181, 893], [277, 893], [277, 933], [181, 933]], '사실은', 0.9960882271795164), ([[181, 933], [277, 933], [277, 975], [181, 975]], '하유나', 0.9994017925970057), ([[681, 1067], [765, 1067], [765, 1109], [681, 1109]], '뭐니?', 0.4422949552536011), ([[675, 1107], [771, 1107], [771, 1149], [675, 1149]], '하유나', 0.9993398548559571), ([[349, 1259], [385, 1259], [385, 1273], [349, 1273]], '그러보', 0.8259281431652483), ([[351, 1277], [385, 1277], [385, 1291], [351, 1291]], '이나?', 0.9984555088460196), ([[109, 1329], [173, 1329], [173, 1371], [109, 1371]], '이건', 0.8758042230621368), ([[409, 1239], [740, 1239], [740, 1383], [409, 1383]], '나;', 0.003655534784043288), ([[109, 1371], [173, 1371], [173, 1411], [109, 1411]], '비밀', 0.9997176277931814), ([[109, 1411], [173, 1411], [173, 1451], [109, 1451]], '인데', 0.9998163289749636), ([[759, 1367], [1066, 1367], [1066, 1468], [759, 1468]], '투요차', 0.0038536221513442567)]
[([[433, 128], [537, 128], [537, 172], [433, 172]], '같은반', 0.7492131324984381), ([[435, 173], [537, 173], [537, 217], [435, 217]], '남자애', 0.9901825329061151), ([[885, 177], [957, 177], [957, 221], [885, 221]], '실은', 0.9890783940252567), ([[449, 217], [519, 217], [519, 261], [449, 261]], '한테', 0.21087462826670234), ([[449, 261], [519, 261], [519, 303], [449, 303]], '고백', 0.9867543047901939), ([[433, 304], [535, 304], [535, 348], [433, 348]], '받앗어', 0.44679278784521603), ([[115, 1075], [219, 1075], [219, 1117], [115, 1117]], '그래도', 0.9998751515592318), ([[873, 1083], [1037, 1083], [1037, 1127], [873, 1127]], '고백받논거', 0.14403315139585993), ([[101, 1119], [207, 1119], [207, 1163], [101, 1163]], '조금은', 0.876286986765973), ([[867, 1122], [1012, 1122], [1012, 1174], [867, 1174]], '처음이라.', 0.9599889893779934), ([[77, 1165], [233, 1165], [233, 1207], [77, 1207]], '기쁘잖아?', 0.5172718712231898), ([[872, 1168], [1038, 1168], [1038, 1216], [872, 1216]], '당황스러워', 0.686978355613957)]
[([[397, 171], [463, 171], [463, 211], [397, 211]], '좋아', 0.9529347554092651), ([[87, 405], [149, 405], [149, 441], [87, 441]], '곧히', 0.33545011284799414), ([[85, 443], [151, 443], [151, 483], [85, 483]], '잠들', 0.9997926438025944), ([[87, 481], [149, 481], [149, 523], [87, 523]], '엇네', 0.3631441871526932), ([[97, 667], [183, 667], [183, 705], [97, 705]], '아키코', 0.47416261025761136), ([[107, 705], [173, 705], [173, 745], [107, 745]], '선배', 0.9997152677657023), ([[85, 947], [147, 947], [147, 987], [85, 987]], '같이', 0.9997364237845693), ([[73, 985], [159, 985], [159, 1027], [73, 1027]], '욕실에', 0.9764059735083386), ([[59, 1026], [170, 1026], [170, 1066], [59, 1066]], '들어가지', 0.9999927878379822), ([[73, 1067], [159, 1067], [159, 1107], [73, 1107]], '않으실', 0.7244410327186014), ([[77, 1105], [155, 1105], [155, 1147], [77, 1147]], '태요?', 0.8009209302015833)]
[([[677, 119], [741, 119], [741, 159], [677, 159]], '부러', 0.9999325657083509), ([[935, 121], [995, 121], [995, 157], [935, 157]], '와~', 0.9992541665647412), ([[667, 161], [755, 161], [755, 201], [667, 201]], '워요~', 0.9381213100093173), ([[931, 159], [998, 159], [998, 200], [931, 200]], '선배', 0.999909048312398), ([[917, 199], [1011, 199], [1011, 239], [917, 239]], '정말로', 0.99991059619093), ([[907, 241], [1027, 241], [1027, 279], [907, 279]], '크시네요', 0.9816528558731079), ([[616, 588], [723, 588], [723, 655], [616, 655]], '"6', 0.06967600985917959), ([[109, 679], [203, 679], [203, 721], [109, 721]], '하지만', 0.9998681314773913), ([[123, 719], [191, 719], [191, 761], [123, 761]], '괜찮', 0.8090928071940133), ([[125, 763], [189, 763], [189, 799], [125, 799]], '아요', 0.7046311314996262), ([[901, 761], [993, 761], [993, 801], [901, 801]], '그런거', 0.9997073596457862), ([[871, 799], [1025, 799], [1025, 841], [871, 841]], '아키코선배', 0.6920076769409633), ([[605, 819], [705, 819], [705, 879], [605, 879]], '스오', 0.04923808991118999), ([[887, 841], [1009, 841], [1009, 883], [887, 883]], '신경쓰지', 0.8900408744812012), ([[145, 893], [209, 893], [209, 931], [145, 931]], '그렇', 0.9704694452600244), ([[901, 881], [993, 881], [993, 923], [901, 923]], '않논거', 0.050511728944604165), ([[137, 933], [219, 933], [219, 969], [137, 969]], '지요?', 0.9999397779169628), ([[871, 917], [1024, 917], [1024, 965], [871, 965]], '알고있어요', 0.9578730903427722), ([[542, 1026], [602, 1026], [602, 1058], [542, 1058]], '그도', 0.9994824759320023), ([[117, 1067], [179, 1067], [179, 1109], [117, 1109]], '엄청', 0.9844625011714784), ([[523, 1061], [619, 1061], [619, 1101], [523, 1101]], '그럴게', 0.6821037105577674), ([[675, 1077], [743, 1077], [743, 1117], [675, 1117]], '항상', 0.9998133788555662), ([[933, 1057], [1025, 1057], [1025, 1093], [933, 1093]], '아키코', 0.9708231320738305), ([[101, 1107], [195, 1107], [195, 1149], [101, 1149]], '대단한', 0.9656633419216265), ([[539, 1101], [605, 1101], [605, 1141], [539, 1141]], '선배', 0.9997229378609758), ([[663, 1117], [755, 1117], [755, 1157], [663, 1157]], '연습해', 0.9997748063109341), ([[959, 1095], [1025, 1095], [1025, 1135], [959, 1135]], '선배', 0.999789946569189), ([[87, 1147], [209, 1147], [209, 1189], [87, 1189]], '분인걸요', 0.9393597841262817), ([[509, 1141], [635, 1141], [635, 1183], [509, 1183]], '무척이나', 0.8836504817008972), ([[661, 1157], [755, 1157], [755, 1199], [661, 1199]], '맞어요', 0.16055256038748703), ([[933, 1137], [1025, 1137], [1025, 1175], [933, 1175]], '저눈요', 0.2838505381523057), ([[511, 1183], [635, 1183], [635, 1221], [511, 1221]], '예쁘시고', 0.9955341219902039), ([[431.98055850095415, 373.0872393055339], [514.561680879339, 388.7488434536009], [502.01944149904585, 442.9127606944661], [419.43831912066105, 427.2511565463991]], '~', 0.004921766146150086), ([[235.9563638994289, 861.0683656356597], [334.32252025938215, 881.7780910858719], [318.0436361005711, 952.9316343643403], [219.67747974061788, 932.2219089141281]], ")# '", 0.03012653812766075), ([[104.17363682400058, 1251.2424562488022], [235.9704268396912, 1237.345687020534], [239.82636317599943, 1301.7575437511978], [108.0295731603088, 1315.654312979466]], '종7', 0.001453581982123362), ([[369.28229870452907, 1246.043079247591], [509.9911345013218, 1288.6739518638738], [491.71770129547093, 1340.956920752409], [351.0088654986782, 1297.3260481361262]], '4대홀', 0.004152955374449521), ([[586.2828546384055, 1381.0516970049982], [626.1860810730528, 1372.1427156055934], [642.7171453615945, 1459.9483029950018], [602.8139189269472, 1467.8572843944066]], '몸', 0.0188855133473107)]
[([[117, 125], [179, 125], [179, 161], [117, 161]], '그러', 0.9997078505471054), ([[437, 115], [529, 115], [529, 153], [437, 153]], '동물로', 0.898378849029541), ([[567, 131], [663, 131], [663, 173], [567, 173]], '[가능한', 0.8613274097442627), ([[939, 131], [1031, 131], [1031, 173], [939, 173]], '선배의', 0.998342796847414), ([[115, 163], [181, 163], [181, 203], [115, 203]], '내까', 0.2866882526027831), ([[419, 151], [543, 151], [543, 193], [419, 193]], '수백번도', 0.990138590335846), ([[569, 171], [665, 171], [665, 213], [569, 213]], '[깨끗한', 0.6432380080223083), ([[953, 171], [1019, 171], [1019, 213], [953, 213]], '예뿐', 0.82180172069384), ([[113, 203], [181, 203], [181, 243], [113, 243]], '괜찮', 0.6385687779192667), ([[449, 193], [517, 193], [517, 233], [449, 233]], '연습', 0.9996496933690481), ([[583, 211], [649, 211], [649, 253], [583, 253]], '채로', 0.9937163923568216), ([[953, 211], [1017, 211], [1017, 253], [953, 253]], '몸올', 0.9860264897173913), ([[115, 245], [179, 245], [179, 281], [115, 281]], '아요', 0.9999877774358098), ([[435, 231], [529, 231], [529, 273], [435, 273]], '햇어요', 0.7400220080671008), ([[577, 487], [641, 487], [641, 527], [577, 527]], '곁에', 0.46028372120559413), ([[467, 523], [529, 523], [529, 561], [467, 561]], '저클', 0.38511646017215523), ([[577, 527], [641, 527], [641, 569], [577, 569]], '있고', 0.31085199550001535), ([[465, 561], [529, 561], [529, 601], [465, 601]], '믿어', 0.9999513628832553), ([[575, 567], [641, 567], [641, 607], [575, 607]], '싶으', 0.9982651710332995), ([[453, 603], [543, 603], [543, 641], [453, 641]], '주세요', 0.9999721257183062), ([[577, 607], [643, 607], [643, 647], [577, 647]], '나까', 0.25922614531075194), ([[105, 747], [125, 747], [125, 771], [105, 771]], '3', 0.5090805815462431), ([[729, 755], [863, 755], [863, 793], [729, 793]], '약도 잔뜩', 0.998579751858728), ([[745, 793], [841, 793], [841, 835], [745, 835]], '마시게', 0.7304606279844993), ([[731, 833], [857, 833], [857, 875], [731, 875]], '해드겨고', 0.11376518178479435), ([[86, 928], [138, 928], [138, 956], [86, 956]], '기', 0.0291164150581944), ([[199, 1027], [295, 1027], [295, 1069], [199, 1069]], '마지막', 0.9996719848018694), ([[213, 1069], [279, 1069], [279, 1109], [213, 1109]], '까지', 0.999809248692693), ([[98, 1098], [296, 1098], [296, 1150], [98, 1150]], '아픔올 아기코', 0.6602755274503964), ([[113, 1139], [177, 1139], [177, 1179], [113, 1179]], '느낌', 0.818103224105949), ([[199, 1147], [295, 1147], [295, 1189], [199, 1189]], '선배는', 0.854925013875503), ([[117, 1181], [179, 1181], [179, 1219], [117, 1219]], '일도', 0.9989019140893696), ([[115, 1219], [179, 1219], [179, 1261], [115, 1261]], '없올', 0.9453845251671463), ([[99, 1259], [197, 1259], [197, 1301], [99, 1301]], '테니까', 0.9952589869499207), ([[187, 1333], [281, 1333], [281, 1373], [187, 1373]], '저에게', 0.4987088186465337), ([[189, 1375], [281, 1375], [281, 1413], [189, 1413]], '모든결', 0.6928649221033593), ([[157, 1413], [311, 1413], [311, 1455], [157, 1455]], '맡겨주세요', 0.9855654179904132)]
[([[305, 1099], [399, 1099], [399, 1141], [305, 1141]], '멋대로', 0.9986490086331477), ([[291, 1139], [415, 1139], [415, 1181], [291, 1181]], '내용물좀', 0.8441183567047119), ([[291, 1179], [415, 1179], [415, 1221], [291, 1221]], '꺼탤게요', 0.16431427001953125), ([[319, 1219], [385, 1219], [385, 1259], [319, 1259]], '선배', 0.9997948353063055), ([[842, 1182], [890, 1182], [890, 1290], [842, 1290]], '햇', 0.1885668480703231), ([[81, 1257], [147, 1257], [147, 1345], [81, 1345]], '군', 0.02145819162565865), ([[150.25995562830278, 1422.2578535733992], [182.64146363670213, 1392.0343881786703], [246.74004437169722, 1466.7421464266008], [214.35853636329787, 1496.9656118213297]], '좁', 0.03369219442175919)]
[([[1007, 107], [1075, 107], [1075, 237], [1007, 237]], '탑', 0.006624304348710419), ([[745, 255], [787, 255], [787, 311], [745, 311]], '다', 0.2899123585371086), ([[763, 307], [801, 307], [801, 359], [763, 359]], '2', 0.4064672618159335), ([[691, 373], [753, 373], [753, 437], [691, 437]], '4"', 0.2715880549978027), ([[427, 539], [493, 539], [493, 581], [427, 581]], '괜찮', 0.92549379983717), ([[101, 579], [195, 579], [195, 619], [101, 619]], '아프진', 0.9964510312425967), ([[427, 583], [491, 583], [491, 619], [427, 619]], '아요', 0.9999898847713415), ([[109, 621], [193, 621], [193, 661], [109, 661]], '양조?', 0.4540747403550217), ([[413, 623], [507, 623], [507, 661], [413, 661]], '아키코', 0.9397698178469687), ([[427, 661], [491, 661], [491, 699], [427, 699]], '선배', 0.9997317879923241), ([[136, 1070], [186, 1070], [186, 1102], [136, 1102]], '전부', 0.9999656083448327), ([[399, 1057], [491, 1057], [491, 1099], [399, 1099]], '선배의', 0.9983095615835419), ([[921, 1079], [1013, 1079], [1013, 1121], [921, 1121]], '선배의', 0.9960702731719143), ([[136, 1102], [186, 1102], [186, 1134], [136, 1134]], '소중', 0.999991992108174), ([[399, 1099], [493, 1099], [493, 1139], [399, 1139]], '신체는', 0.7015220232696806), ([[134, 1134], [186, 1134], [186, 1166], [134, 1166]], '하게', 0.9941992117809659), ([[372, 1138], [493, 1138], [493, 1180], [372, 1180]], '한조각도', 0.9993410110473633), ([[925, 1121], [991, 1121], [991, 1163], [925, 1163]], '내장', 0.9998932015563068), ([[134, 1166], [186, 1166], [186, 1196], [134, 1196]], '할례', 0.21805864977140882), ([[935, 1161], [1003, 1161], [1003, 1203], [935, 1203]], '따뜻', 0.9901528257502243), ([[136, 1198], [188, 1198], [188, 1230], [136, 1230]], '내까', 0.26204913814287645), ([[427, 1179], [493, 1179], [493, 1219], [427, 1219]], '안버', 0.9991386271147953), ([[937, 1201], [977, 1201], [977, 1241], [937, 1241]], '해', 0.9998529011466104), ([[431, 1221], [493, 1221], [493, 1257], [431, 1257]], '려요', 0.9934983972463153), ([[564, 1496], [594, 1496], [594, 1520], [564, 1520]], '12', 0.9998931172652477), ([[758.4940801759507, 861.0183064281198], [812.43304431583, 853.1482568649382], [831.5059198240493, 1012.9816935718802], [777.56695568417, 1019.8517431350618]], '3', 0.010284990309000153), ([[714.3765016118952, 1133.021623211291], [776.755748287049, 1116.0317869936857], [822.6234983881048, 1294.978376788709], [760.244251712951, 1311.9682130063143]], '#', 0.0022143387218316463)]
[([[643, 117], [767, 117], [767, 159], [643, 159]], '겨우겨우', 0.9978756904602051), ([[903, 133], [1025, 133], [1025, 175], [903, 175]], '전문적인', 0.9886371084644736), ([[657, 159], [753, 159], [753, 199], [657, 199]], '늑골은', 0.6174446258835056), ([[919, 175], [1013, 175], [1013, 215], [919, 215]], '도구가', 0.9999571906521794), ([[657, 199], [753, 199], [753, 239], [657, 239]], '제거햇', 0.236970317379277), ([[919, 215], [1011, 215], [1011, 257], [919, 257]], '없어서', 0.9998016475003092), ([[657, 239], [755, 239], [755, 281], [657, 281]], '습니다', 0.6493068151369589), ([[903, 255], [1027, 255], [1027, 297], [903, 297]], '죄송해요', 0.9773567318916321), ([[921, 513], [1019, 513], [1019, 553], [921, 553]], '하지만.', 0.8756711483001709), ([[327, 541], [414, 541], [414, 583], [327, 583]], '24"', 0.038780039835874), ([[929, 548], [1028, 548], [1028, 596], [929, 596]], '우후%', 0.5118541297243384), ([[135, 861], [227, 861], [227, 899], [135, 899]], '아키코', 0.8772032298136153), ([[135, 899], [227, 899], [227, 939], [135, 939]], '선배의', 0.9966956622502785), ([[99, 939], [264, 939], [264, 980], [99, 980]], '심장도 폐도', 0.9708336111583814), ([[119, 979], [241, 979], [241, 1021], [119, 1021]], '건드리지', 0.9933722615242004), ([[119, 1019], [243, 1019], [243, 1061], [119, 1061]], '양앉어요', 0.5274191498756409), ([[489, 1287], [541, 1287], [541, 1323], [489, 1323]], '두근', 0.9924441246745876), ([[60, 1460], [90, 1460], [90, 1484], [60, 1484]], '13', 0.585954340495191), ([[650, 1446], [674, 1446], [674, 1476], [650, 1476]], '근', 0.9476287015679787), ([[108.37567706660542, 457.0656822130455], [131.81696739739806, 454.1133818625269], [138.62432293339458, 509.9343177869545], [115.18303260260195, 512.8866181374731]], '도', 0.9247928744713683), ([[359.8800042399873, 572.6080067839797], [441.44274039471793, 560.9634493439697], [445.1199957600127, 595.3919932160203], [363.55725960528207, 607.0365506560303]], '2<스', 0.0062701307967495444)]
[([[223, 99], [349, 99], [349, 137], [223, 137]], '이뤄게나', 0.5584065318107605), ([[255, 141], [321, 141], [321, 177], [255, 177]], '피가', 0.9989764065558856), ([[143, 193], [209, 193], [209, 231], [143, 231]], '이제', 0.9997785676392218), ([[237, 177], [333, 177], [333, 217], [237, 217]], '나와서', 0.9007436116794063), ([[911, 193], [995, 193], [995, 229], [911, 229]], '아아.', 0.8714274470837383), ([[131, 235], [223, 235], [223, 273], [131, 273]], '심장이', 0.9998889852692446), ([[905, 229], [1000, 229], [1000, 272], [905, 272]], '아키코', 0.9110208620024642), ([[127, 259], [233, 259], [233, 321], [127, 321]], '약해처;', 0.24687549471855164), ([[921, 271], [985, 271], [985, 311], [921, 311]], '선배', 0.9998989333532101), ([[113, 308], [238, 308], [238, 356], [113, 356]], '버럿지만', 0.5489165186882019), ([[867, 847], [1023, 847], [1023, 889], [867, 889]], '아기코선배', 0.3113268544671725), ([[117, 877], [211, 877], [211, 917], [117, 917]], '심장이', 0.9998124528268766), ([[731, 863], [860, 863], [860, 923], [731, 923]], '6께', 0.0026437346889044903), ([[899, 887], [995, 887], [995, 929], [899, 929]], '온힘올', 0.7461579939093318), ([[101, 917], [225, 917], [225, 959], [101, 959]], '두근두근', 0.8726832270622253), ([[899, 929], [993, 929], [993, 969], [899, 969]], '다해서', 0.9996374359916749), ([[101, 957], [225, 957], [225, 999], [101, 999]], "'뭐고있어", 0.6979127252068882), ([[871, 966], [1023, 966], [1023, 1016], [871, 1016]], '살고계선성', 0.11261537225437128), ([[62, 1092], [170, 1092], [170, 1140], [62, 1140]], '선배의', 0.9951612792418718), ([[62, 1140], [172, 1140], [172, 1188], [62, 1188]], '심장을', 0.5436947620520173), ([[41, 1235], [190, 1235], [190, 1285], [41, 1285]], '하는구나', 0.26622194051742554), ([[62, 1188], [170, 1188], [170, 1236], [62, 1236]], '멈추게', 0.9653389138490939), ([[940, 1107], [988, 1107], [988, 1356], [940, 1356]], '#', 0.1089989885585716), ([[529.3300583289099, 352.037519127298], [568.4673260037574, 332.0182271519045], [622.6699416710901, 452.962480872702], [583.5326739962426, 471.9817728480955]], '통', 0.4471016321418233), ([[921.4468107366356, 648.0255559556643], [963.3991140631426, 627.0132890528604], [1030.5531892633644, 767.9744440443357], [988.6008859368574, 788.9867109471396]], '올', 0.027723918000753578), ([[291.2435857346211, 872.0409887585138], [409.9925562689408, 921.6772666337412], [384.7564142653789, 977.9590112414862], [266.0074437310592, 928.3227333662588]], '씬갚물', 0.023532151119408314)]
[([[340, 84], [476, 84], [476, 164], [340, 164]], '빼익', 0.002474666489102175), ([[717, 123], [781, 123], [781, 163], [717, 163]], '으웃', 0.8850513077536258), ([[998, 126], [1026, 126], [1026, 158], [998, 158]], '하', 0.5416869651255638), ([[701, 163], [795, 163], [795, 205], [701, 205]], '으구옷', 0.5362384897829052), ([[825, 335], [889, 335], [889, 375], [825, 375]], '5,<', 0.8858137182015422), ([[625, 369], [661, 369], [661, 452], [625, 452]], '물', 0.07503123554990854), ([[904, 512], [928, 512], [928, 540], [904, 540]], '(', 0.3163139887365105), ([[677, 531], [753, 531], [753, 571], [677, 571]], '선배!', 0.9452423202615037), ([[669, 573], [761, 573], [761, 611], [669, 611]], '아키코', 0.9174507416996737), ([[127, 593], [205, 593], [205, 631], [127, 631]], '좋아!', 0.8923440627515677), ([[675, 611], [753, 611], [753, 653], [675, 653]], '선배!', 0.987647533416748), ([[131, 631], [199, 631], [199, 671], [131, 671]], '정말', 0.999993087923841), ([[125, 671], [203, 671], [203, 709], [125, 709]], '좋아!', 0.8980085997016958), ([[603, 877], [673, 877], [673, 915], [603, 915]], '아아,', 0.6054871317954069), ([[274, 886], [398, 886], [398, 940], [274, 940]], '(58,', 0.16144002974033356), ([[422, 896], [512, 896], [512, 946], [422, 946]], '54,', 0.22517392096636238), ([[605, 913], [699, 913], [699, 957], [605, 957]], '선배의', 0.9962849674212177), ([[731, 925], [801, 925], [801, 965], [731, 965]], '선배 .', 0.3672372753560485), ([[943, 925], [989, 925], [989, 961], [943, 961]], '아.', 0.9216024658479796), ([[107, 937], [201, 937], [201, 979], [107, 979]], '귀여워', 0.9275511797837804), ([[603, 957], [677, 957], [677, 997], [603, 997]], '심장 .', 0.5514876842498779), ([[741, 965], [811, 965], [811, 1005], [741, 1005]], '하아', 0.9995323705999215), ([[121, 979], [185, 979], [185, 1019], [121, 1019]], '귀여', 0.9876145533724461), ([[619, 995], [685, 995], [685, 1037], [619, 1037]], '점점', 0.9996516319256845), ([[107, 1017], [201, 1017], [201, 1059], [107, 1059]], '워어9', 0.8188590265075575), ([[302, 1038], [326, 1038], [326, 1090], [302, 1090]], '꿀', 0.010326935552635919), ([[607, 1035], [699, 1035], [699, 1077], [607, 1077]], '약해적', 0.5445944240546632), ([[70, 1141], [171, 1141], [171, 1289], [70, 1289]], '꼴', 0.5588306620098251), ([[768, 1246], [806, 1246], [806, 1274], [768, 1274]], "'중", 0.6930162707597668), ([[798, 1266], [838, 1266], [838, 1294], [798, 1294]], '"중\'', 0.36682423209860404), ([[894.2038378058769, 117.06379439643676], [965.97518595105, 148.502481404895], [946.7961621941231, 188.93620560356322], [876.02481404895, 157.497518595105]], '0" #', 0.0016693919897079468), ([[743.5146749188006, 330.0395170046834], [767.4722968535809, 326.03741064571926], [779.4853250811994, 396.9604829953166], [755.5277031464191, 400.96258935428074]], '국', 0.023475112032272927), ([[368.2624143155141, 1288.0340746075524], [475.9760707767385, 1354.3816999397877], [438.7375856844859, 1411.9659253924476], [331.0239292232615, 1345.6183000602123]], '몹~보%', 8.663634798722342e-05), ([[67.13701426866952, 1493.460327110472], [122.81076943910892, 1451.4333329229673], [141.8629857313305, 1481.539672889528], [86.18923056089108, 1523.5666670770327]], '2<6', 0.0309732439730543), ([[266.30513841808187, 1461.0815813559439], [327.93996195874615, 1477.4028202271297], [318.69486158191813, 1508.9184186440561], [258.06003804125385, 1491.5971797728703]], '니(사', 0.00982424768191068)]
[([[911, 255], [979, 255], [979, 297], [911, 297]], '아롯', 0.28551597299224335), ([[151, 447], [227, 447], [227, 487], [151, 487]], '굉장,', 0.6961741548834526), ([[890, 666], [989, 666], [989, 717], [890, 717]], '선배의', 0.9896858733583889), ([[129, 709], [198, 709], [198, 754], [129, 754]], '기분', 0.9998079843581187), ([[873, 711], [1009, 711], [1009, 753], [873, 753]], '피와 내장', 0.9942479264321566), ([[117, 752], [213, 752], [213, 792], [117, 792]], '좋아앗', 0.8452187442827215), ([[879, 751], [1001, 751], [1001, 793], [879, 793]], '끈적근적', 0.284961462020874), ([[117, 791], [213, 791], [213, 833], [117, 833]], '하나가', 0.9998550548719615), ([[907, 793], [973, 793], [973, 833], [907, 833]], '해서', 0.9998697687220024), ([[111, 831], [219, 831], [219, 873], [111, 873]], '되버럿!', 0.5145549178123474), ([[359, 915], [479, 915], [479, 1000], [359, 1000]], '교5;', 0.02755568868159907), ([[426, 1042], [581, 1042], [581, 1087], [426, 1087]], '아키코선배', 0.8862486063120613), ([[105, 1063], [231, 1063], [231, 1105], [105, 1105]], '그러니까', 0.9994592070579529), ([[109, 1103], [207, 1103], [207, 1143], [109, 1143]], '안심해', 0.9999540246973002), ([[427, 1085], [579, 1085], [579, 1127], [427, 1127]], '죽올때까지', 0.965027953783861), ([[909, 1095], [987, 1095], [987, 1135], [909, 1135]], '물력,', 0.2324699043952942), ([[437, 1125], [573, 1125], [573, 1167], [437, 1167]], '일어날 수', 0.6369781811250471), ([[903, 1137], [971, 1137], [971, 1175], [903, 1175]], '물력', 0.16378590494295966), ([[985, 1141], [1001, 1141], [1001, 1169], [985, 1169]], '!', 0.9997974736723201), ([[429, 1165], [583, 1165], [583, 1207], [429, 1207]], '없올테니까', 0.7488503261477952), ([[126, 1226], [158, 1226], [158, 1252], [126, 1252]], '병"', 0.007665310347523887), ([[102, 1250], [160, 1250], [160, 1280], [102, 1280]], '병" 1중"', 0.08759862897360628), ([[108, 1274], [136, 1274], [136, 1310], [108, 1310]], '1', 0.5590751308489281), ([[695, 1329], [771, 1329], [771, 1397], [695, 1397]], '[ ', 0.021172864818053305), ([[981, 1385], [1017, 1385], [1017, 1431], [981, 1431]], '군', 0.2127817570908519), ([[213, 1358], [446, 1358], [446, 1535], [213, 1535]], '2,)', 0.05966218765594065), ([[986, 1504], [1014, 1504], [1014, 1528], [986, 1528]], '16', 0.9999729418304774), ([[292.6837947269396, 87.27193785314633], [345.70248557636296, 37.024704815645705], [439.3162052730604, 148.72806214685366], [386.29751442363704, 198.9752951843543]], '돌', 0.7982184332831821), ([[648.0274673730843, 81.05269983237488], [752.761752687788, 120.94289284721498], [724.9725326269157, 190.94730016762512], [620.238247312212, 152.05710715278502]], '4^', 0.011953161437955434), ([[967.3956710981648, 97.0228584957764], [1024.9984217131127, 83.06254738075339], [1059.604328901835, 244.9771415042236], [1003.0015782868873, 257.93745261924664]], '출', 0.01732837615016991), ([[727.2945193768446, 670.01915653394], [822.2625080641884, 654.4160403238446], [854.7054806231554, 879.98084346606], [759.7374919358116, 895.5839596761554]], '술', 0.09363636127888242), ([[885.8833494318527, 889.0568244321561], [1006.1562483606264, 918.7750006819795], [981.1166505681473, 1008.9431755678439], [860.8437516393736, 979.2249993180205]], '얘', 0.030149865631578843), ([[719.0378045449468, 1009.0515822680054], [856.6786293464036, 1042.6164327851427], [834.9621954550532, 1119.9484177319946], [697.3213706535964, 1086.3835672148573]], '썩3소', 0.0010001687231840832), ([[304.3932752780691, 1022.0204741154224], [424.59719990771305, 1126.3376413189017], [371.6067247219309, 1187.9795258845775], [252.40280009228698, 1083.6623586810983]], '내뀌적', 0.0004956152074523201), ([[311.79756320985786, 1256.0517332343509], [393.6054935157668, 1199.0130997857866], [519.2024367901422, 1399.9482667656491], [438.3945064842332, 1457.9869002142134]], '출', 0.07236566253209364)]
[([[401, 33], [541, 33], [541, 213], [401, 213]], '씨', 0.04421030313520036), ([[778, 108], [810, 108], [810, 252], [778, 252]], '억', 0.0016680851240296612), ([[628, 161], [677, 161], [677, 326], [628, 326]], '%', 0.018726197199697703), ([[43, 333], [183, 333], [183, 511], [43, 511]], '빚', 0.10862033033041119), ([[747, 403], [811, 403], [811, 439], [747, 439]], '간다', 0.8437413809685345), ([[984, 788], [1016, 788], [1016, 822], [984, 822]], '그', 0.9999564890826242), ([[113, 725], [175, 725], [175, 1027], [113, 1027]], '#', 0.0021312698852280626), ([[773, 1073], [839, 1073], [839, 1115], [773, 1115]], '구척', 0.3281316131190293), ([[893, 1085], [1079, 1085], [1079, 1201], [893, 1201]], '매', 0.04063640198712282), ([[125, 1239], [191, 1239], [191, 1279], [125, 1279]], '좋아', 0.9203585531573311), ([[450, 1242], [474, 1242], [474, 1268], [450, 1268]], '상', 0.8046525479162625), ([[541, 1235], [635, 1235], [635, 1275], [541, 1275]], '아퀴회', 0.37353664088100985), ([[455, 1267], [473, 1267], [473, 1291], [455, 1291]], '힘', 0.03732304146300636), ([[127, 1281], [191, 1281], [191, 1319], [127, 1319]], '해요', 0.9985679820001784), ([[545, 1275], [613, 1275], [613, 1313], [545, 1313]], '선배_', 0.9309126429884828), ([[792, 1424], [822, 1424], [822, 1454], [792, 1454]], '아', 0.9982697110296535), ([[68, 1442], [96, 1442], [96, 1466], [68, 1466]], '17', 0.9995430744497308), ([[662, 1422], [692, 1422], [692, 1488], [662, 1488]], '햇', 0.1282148832851968), ([[770.1327088730584, 610.0313824482052], [957.8221091168045, 670.9414237856311], [920.8672911269416, 771.9686175517948], [733.1778908831955, 710.0585762143689]], '틈롬', 0.0017466145111736614), ([[980.5815944344623, 709.0293204846824], [1007.6828881011146, 706.0787564563433], [1015.4184055655377, 785.9706795153176], [988.3171118988854, 788.9212435436567]], '거', 0.8653472990759248)]
[([[107, 515], [201, 515], [201, 553], [107, 553]], '아키코', 0.9282526704962545), ([[121, 553], [187, 553], [187, 593], [121, 593]], '선배', 0.9996967247494318), ([[725, 517], [761, 517], [761, 593], [725, 593]], '약', 0.04838250828498847), ([[877, 703], [973, 703], [973, 743], [877, 743]], '제대로', 0.9999821053874435), ([[121, 729], [245, 729], [245, 771], [121, 771]], '하유나는', 0.8629118800163269), ([[857, 743], [993, 743], [993, 785], [857, 785]], '대본 위고', 0.8416790330337236), ([[103, 769], [267, 769], [267, 809], [103, 809]], '요즘 명하게', 0.9689739018808574), ([[855, 783], [997, 783], [997, 825], [855, 825]], '있는거니?', 0.33941748067383337), ([[123, 809], [247, 809], [247, 851], [123, 851]], '있올때가', 0.4703085422515869), ([[126, 849], [242, 849], [242, 891], [126, 891]], '많다고?', 0.9914863676225271), ([[205, 1019], [299, 1019], [299, 1061], [205, 1061]], '비밀이', 0.9995891918052637), ([[339, 1005], [405, 1005], [405, 1047], [339, 1047]], '숫게', 0.3428953393683349), ([[609, 1005], [703, 1005], [703, 1047], [609, 1047]], '요즘은', 0.9918386723895084), ([[921, 1021], [1009, 1021], [1009, 1061], [921, 1061]], '데햇 }', 0.5804611669836404), ([[207, 1061], [297, 1061], [297, 1099], [207, 1099]], '에~요', 0.9958284830023514), ([[339, 1045], [405, 1045], [405, 1085], [339, 1085]], '까지', 0.9994403357334488), ([[593, 1047], [715, 1047], [715, 1087], [593, 1087]], '숫게까지', 0.6006638882232938), ([[933, 1061], [999, 1061], [999, 1103], [933, 1103]], '죄송', 0.915062984434112), ([[341, 1085], [407, 1085], [407, 1125], [341, 1125]], '필하', 0.7938868127218692), ([[597, 1089], [715, 1089], [715, 1127], [597, 1127]], '안자서 ~', 0.789408416515016), ([[919, 1101], [1015, 1101], [1015, 1143], [919, 1143]], '합니다', 0.9895293768456078), ([[341, 1125], [405, 1125], [405, 1165], [341, 1165]], '논데', 0.5318519907742376), ([[747, 1319], [837, 1319], [837, 1361], [747, 1361]], '데햇 }', 0.7936814159073741), ([[780, 1364], [812, 1364], [812, 1396], [780, 1396]], '이', 0.9999790192750879), ([[747, 1399], [845, 1399], [845, 1441], [747, 1441]], '아니야', 0.999982655990267), ([[748, 1510], [778, 1510], [778, 1536], [748, 1536]], '18', 0.9999994099441718)]
[([[143, 105], [185, 105], [185, 141], [143, 141]], '저.', 0.9590625274859027), ([[935, 109], [1031, 109], [1031, 149], [935, 149]], '아키코', 0.9059001848290743), ([[123, 143], [221, 143], [221, 183], [123, 183]], '매일밤', 0.9994544400812477), ([[951, 149], [1015, 149], [1015, 189], [951, 189]], '선배', 0.9996753161195789), ([[107, 183], [231, 183], [231, 223], [107, 223]], '숫게까지', 0.4502846598625183), ([[951, 191], [1015, 191], [1015, 227], [951, 227]], '바요', 0.20623042721189144), ([[109, 221], [233, 221], [233, 263], [109, 263]], '수백번도', 0.9772341251373291), ([[927, 229], [1041, 229], [1041, 269], [927, 269]], '잘하조?', 0.8878101975948991), ([[69, 829], [95, 829], [95, 849], [69, 849]], '19', 0.30806583166122437), ([[870, 930], [1035, 930], [1035, 979], [870, 979]], '선배의 살올', 0.8931535560185578), ([[577, 953], [651, 953], [651, 997], [577, 997]], '그러', 0.9994012300947398), ([[679, 963], [771, 963], [771, 1005], [679, 1005]], '열심히', 0.9990804789473064), ([[877, 975], [1027, 975], [1027, 1017], [877, 1017]], '월수있으면', 0.24833147470969297), ([[579, 1001], [653, 1001], [653, 1045], [579, 1045]], '니까', 0.8684460827790307), ([[691, 1003], [759, 1003], [759, 1045], [691, 1045]], '연습', 0.9995973527560755), ([[877, 1015], [1027, 1015], [1027, 1057], [877, 1057]], '상처입히지', 0.997291316287133), ([[679, 1043], [773, 1043], [773, 1085], [679, 1085]], '햄어요', 0.1246763866956658), ([[891, 1057], [1015, 1057], [1015, 1099], [891, 1099]], '않으려고', 0.8088055849075317), ([[102, 1259], [212, 1259], [212, 1307], [102, 1307]], '안심해', 0.9998913253023296), ([[103, 1309], [211, 1309], [211, 1353], [103, 1353]], '주세요', 0.9999474174914434), ([[774.069475506284, 121.04338791723839], [839.53975258015, 82.01457726722492], [928.930524493716, 247.9566120827616], [863.46024741985, 286.9854227327751]], '$', 0.7365989319105246), ([[114.3128932627759, 663.0295618482005], [170.51177012354674, 643.0163860726708], [220.6871067372241, 794.9704381517995], [164.48822987645326, 814.9836139273292]], '꽃', 0.02831976510186962), ([[707.1736368240006, 1282.2424562488022], [746.6513671456012, 1247.0303715420669], [814.8263631759994, 1332.7575437511978], [774.3486328543988, 1367.9696284579331]], '{', 0.013970982056983383), ([[669.4486522748772, 1368.1740700094597], [710.6225235658216, 1334.0277360627988], [778.5513477251228, 1425.8259299905403], [736.3774764341784, 1459.9722639372012]], '꿀', 0.039235303982172676)]
[([[123, 125], [217, 125], [217, 165], [123, 165]], '이번에', 0.9983569717669533), ([[955, 119], [1049, 119], [1049, 157], [955, 157]], '아키코', 0.8859826731010558), ([[109, 165], [233, 165], [233, 205], [109, 205]], '선배에게', 0.712664783000946), ([[545, 145], [611, 145], [611, 187], [545, 187]], '맞아', 0.9484525529939449), ([[667, 155], [761, 155], [761, 197], [667, 197]], '피부도', 0.9996876763461789), ([[969, 157], [1035, 157], [1035, 197], [969, 197]], '선배', 0.9997996397616725), ([[105, 203], [237, 203], [237, 245], [105, 245]], '드럭 웃올', 0.5244326735100596), ([[545, 185], [611, 185], [611, 227], [545, 227]], '맞아', 0.9340641427298038), ([[667, 195], [761, 195], [761, 237], [667, 237]], '신중히', 0.9956571459770203), ([[109, 245], [231, 245], [231, 287], [109, 287]], '사앉어요', 0.4558766782283783), ([[681, 237], [747, 237], [747, 277], [681, 277]], '다시', 0.9999685585957844), ([[667, 275], [761, 275], [761, 317], [667, 317]], '제즉고', 0.025033500749970874), ([[77, 319], [141, 319], [141, 359], [77, 359]], '엄청', 0.9950447739814404), ([[45, 355], [170, 355], [170, 403], [45, 403]], '귀여운거', 0.8638039827346802), ([[59, 399], [157, 399], [157, 441], [59, 441]], '찾있다', 0.5005662093447947), ([[77, 441], [141, 441], [141, 479], [77, 479]], '구요', 0.9995652407966379), ([[669, 561], [763, 561], [763, 601], [669, 601]], '전신에', 0.9979087546000172), ([[683, 601], [749, 601], [749, 643], [683, 643]], '솜올', 0.9119758309816381), ([[683, 643], [749, 643], [749, 681], [683, 681]], '가득', 0.9998405200501925), ([[655, 681], [777, 681], [777, 723], [655, 723]], '(봉없어요', 0.5022452899330672), ([[927, 833], [1019, 833], [1019, 875], [927, 875]], '그러니', 0.9997190595337926), ([[81, 891], [173, 891], [173, 931], [81, 931]], '분명히', 0.9999235352440539), ([[927, 875], [1021, 875], [1021, 915], [927, 915]], '선배는', 0.8641635487628515), ([[67, 929], [187, 929], [187, 971], [67, 971]], '어울길거', 0.643534243106842), ([[925, 915], [1021, 915], [1021, 955], [925, 955]], '깨끗한', 0.4884475200408677), ([[941, 957], [1005, 957], [1005, 993], [941, 993]], '채로', 0.9993986174495043), ([[69, 973], [181, 973], [181, 1009], [69, 1009]], '에요~ }', 0.7548157106632505), ([[119, 1138], [218, 1138], [218, 1186], [119, 1186]], '절대로', 0.9929291275635637), ([[509, 1143], [580, 1143], [580, 1188], [509, 1188]], '이제', 0.997108940229344), ([[108, 1180], [230, 1180], [230, 1228], [108, 1228]], '떨어지지', 0.9443323016166687), ([[482, 1182], [611, 1182], [611, 1227], [482, 1227]], '학교에는', 0.21948665380477905), ([[647, 1191], [767, 1191], [767, 1229], [647, 1229]], '앞으로도', 0.9998042583465576), ([[127, 1219], [215, 1219], [215, 1263], [127, 1263]], '않아', 0.9941368570656077), ([[483, 1225], [609, 1225], [609, 1269], [483, 1269]], '같이갈수', 0.9480289816856384), ([[673, 1229], [741, 1229], [741, 1269], [673, 1269]], '저와', 0.994338819810929), ([[499, 1267], [593, 1267], [593, 1307], [499, 1307]], '없지만', 0.9774397289081542), ([[653, 1269], [761, 1269], [761, 1309], [653, 1309]], '쭉 함께', 0.982229109343745), ([[660, 1309], [751, 1309], [751, 1349], [660, 1349]], '에요 )', 0.7979098480615218), ([[634, 1502], [664, 1502], [664, 1528], [634, 1528]], '20', 0.9999978926582248)]
[([[937, 117], [1029, 117], [1029, 155], [937, 155]], '아키코', 0.9277027829767872), ([[935, 155], [1029, 155], [1029, 195], [935, 195]], '선배의', 0.9981806817242056), ([[923, 195], [1023, 195], [1023, 237], [923, 237]], '자궁은.', 0.4421025812625885), ([[563, 407], [625, 407], [625, 443], [563, 443]], '그러', 0.999929952656356), ([[563, 445], [629, 445], [629, 485], [563, 485]], '나까', 0.5716771616826934), ([[997, 433], [1083, 433], [1083, 475], [997, 475]], '라5,', 0.7080981774135204), ([[85, 997], [181, 997], [181, 1039], [85, 1039]], '언제나', 0.9999825183395573), ([[99, 1041], [163, 1041], [163, 1079], [99, 1079]], '함께', 0.9810565591409818), ([[85, 1079], [175, 1079], [175, 1117], [85, 1117]], '에요 }', 0.888609144065379), ([[964, 1098], [1064, 1098], [1064, 1196], [964, 1196]], '칠', 0.19027948175114862), ([[667, 1273], [789, 1273], [789, 1313], [667, 1313]], '앞으로도', 0.9996116757392883), ([[693, 1311], [761, 1311], [761, 1353], [693, 1353]], '계속', 0.9175413500807263), ([[673, 1351], [779, 1351], [779, 1393], [673, 1393]], '제 안에', 0.9976382148683719), ([[845, 1327], [907, 1327], [907, 1393], [845, 1393]], '셋', 0.7582657859980237), ([[679, 1393], [773, 1393], [773, 1435], [679, 1435]], '있어요', 0.9752748219067363), ([[688, 1498], [716, 1498], [716, 1524], [688, 1524]], '21', 0.9997150991923733), ([[754.9820268028815, 1019.1317018509494], [782.6471001082659, 1007.0526893395779], [805.0179731971185, 1064.8682981490506], [777.3528998917341, 1075.947310660422]], '중', 0.09157372607525485), ([[218.09939121718196, 1152.0312335274202], [369.7697548420438, 1218.5641508104773], [322.90060878281804, 1321.9687664725798], [171.2302451579562, 1256.4358491895227]], '(;', 0.5020032997137026)]
[([[194, 52], [421, 52], [421, 128], [194, 128]], "['훨김,@", 0.0012501006527136287), ([[440, 76], [470, 76], [470, 112], [440, 112]], '8', 0.14668670674123607), ([[496, 56], [698, 56], [698, 110], [496, 110]], '[장어데?', 0.0015160868389176448), ([[801, 89], [841, 89], [841, 125], [801, 125]], '+', 0.017213471449446738), ([[852, 90], [924, 90], [924, 122], [852, 122]], '트어+^', 0.001141786458902061), ([[936, 90], [998, 90], [998, 122], [936, 122]], '[3얻', 0.026974680703025323), ([[82, 144], [122, 144], [122, 176], [82, 176]], '-곱', 0.019646351370218213), ([[134, 146], [186, 146], [186, 176], [134, 176]], '(리1', 0.00038185345031581516), ([[198, 144], [264, 144], [264, 176], [198, 176]], '6형데', 0.0006042962929363408), ([[276, 148], [326, 148], [326, 174], [276, 174]], '8><', 0.0009996850615413176), ([[338, 148], [410, 148], [410, 174], [338, 174]], '미어디뿌', 0.001668871147558093), ([[420, 143], [659, 143], [659, 184], [420, 184]], '명서나+ $서뉴어미|,서대', 1.3396061036699033e-05), ([[81, 173], [435, 173], [435, 217], [81, 217]], '춤  몽오 출습- <3', 0.0006310751517289897), ([[556, 198], [592, 198], [592, 228], [556, 228]], '트', 0.165711258944512), ([[600, 200], [630, 200], [630, 226], [600, 226]], '13', 0.02700623928781126), ([[641, 197], [871, 197], [871, 238], [641, 238]], '+@,,변 [서나+ 훔서7', 1.450808005481287e-05), ([[881, 199], [1024, 199], [1024, 232], [881, 232]], "8'@~,어데형대", 6.140425140925076e-05), ([[701, 227], [1017, 227], [1017, 271], [701, 271]], '드0숫1가 넓애& -', 0.00047050950572692033), ([[317, 264], [533, 264], [533, 305], [317, 305]], '[서신 ?김명어,+처', 6.022504888444723e-05), ([[544, 270], [572, 270], [572, 298], [544, 298]], '91', 0.8049227590491467), ([[584, 268], [616, 268], [616, 298], [584, 298]], '+0', 0.08680276189383204), ([[628, 263], [751, 263], [751, 301], [628, 301]], "?'리김]5", 0.000591694663618184), ([[213, 293], [850, 293], [850, 337], [213, 337]], '해1*1리( 상채 <#껴문 5 @-600', 0.00042792075713728243), ([[80, 372], [118, 372], [118, 404], [80, 404]], '~', 0.020984453968787342), ([[132, 376], [176, 376], [176, 402], [132, 402]], '교즌', 0.001568313052435089), ([[187, 370], [258, 370], [258, 406], [187, 406]], '{어5', 0.0005867822615245515), ([[268, 372], [308, 372], [308, 404], [268, 404]], '(', 0.022857753082697663), ([[322, 372], [422, 372], [422, 404], [322, 404]], '[긁탁응~', 1.463901402369008e-05), ([[434, 372], [520, 372], [520, 404], [434, 404]], '@탁+갚마', 0.002730485538605549), ([[79, 399], [577, 399], [577, 443], [79, 443]], '#터0 & 논하소교 긋4솟 5180', 0.0016867375649946973), ([[473, 441], [833, 441], [833, 485], [473, 485]], '73,+ 뛰고-라굽어나대 ;7|,응*3', 1.152688819169653e-06), ([[846, 452], [910, 452], [910, 480], [846, 480]], '교]5', 0.003338475081267122), ([[924, 448], [1020, 448], [1020, 480], [924, 480]], '교3+교73', 0.0017285215477497434), ([[591, 475], [1015, 475], [1015, 519], [591, 519]], '또도#{3 2다 #축 < 01* 5', 0.004991700661312828), ([[350, 594], [489, 594], [489, 626], [350, 626]], '7리7+ 쨌~', 0.0004560619995819518), ([[504, 598], [566, 598], [566, 624], [504, 624]], '[긁7', 0.00047486790353563695), ([[580, 600], [664, 600], [664, 630], [580, 630]], '의기할명`', 0.00013479663942144026), ([[674, 596], [774, 596], [774, 628], [674, 628]], '{<~금3', 0.0003562949833529819), ([[788, 600], [860, 600], [860, 628], [788, 628]], '8어우5', 0.0035304154735058546), ([[872, 596], [920, 596], [920, 628], [872, 628]], '+즌5', 0.0017748046409739701), ([[934, 596], [1022, 596], [1022, 628], [934, 628]], '[라73', 0.00041316243004985154), ([[418, 621], [1022, 621], [1022, 669], [418, 669]], '하1310국 의*40{* {코? 디(과:', 0.00022720097677304517), ([[562, 684], [622, 684], [622, 714], [562, 714]], '[서우', 0.009997797336228307), ([[635, 683], [805, 683], [805, 721], [635, 721]], '진김명어*+~탁+', 0.00028563704667180687), ([[813, 679], [1023, 679], [1023, 721], [813, 721]], '1~5 [,아6라악.5', 2.2094928761252075e-05), ([[521, 704], [1022, 704], [1022, 757], [521, 757]], '{ 숫돌7 < 한3소 <{미 * 780', 0.005027990785667792), ([[544, 763], [612, 763], [612, 799], [544, 799]], '씨어7', 0.0017303844378277766), ([[622, 770], [718, 770], [718, 796], [622, 796]], '리어긁항<', 9.559397916668642e-05), ([[728, 762], [847, 762], [847, 803], [728, 803]], '[산;-9나형', 0.00040578227506534315), ([[855, 763], [1025, 763], [1025, 801], [855, 801]], "+나 커'라뭐5", 0.001793316529896696), ([[525, 795], [1017, 795], [1017, 837], [525, 837]], '푹내하+즐4(-푹닫 #30+* 5', 0.0008014578625368421), ([[78, 870], [112, 870], [112, 902], [78, 902]], '-;', 0.596635479856981), ([[124, 872], [276, 872], [276, 904], [124, 904]], '47 ;어나, |3', 0.0024078487732740587), ([[288, 872], [334, 872], [334, 902], [288, 902]], '벼~', 0.0027205218353257353), ([[344, 872], [474, 872], [474, 904], [344, 904]], "+'라,,라~실~", 6.460201941579695e-05), ([[483, 877], [503, 877], [503, 901], [483, 901]], '해', 0.03913585068282566), ([[520, 872], [576, 872], [576, 904], [520, 904]], '[어;', 0.010415591119547856), ([[77, 899], [571, 899], [571, 943], [77, 943]], '* 내하+*-- 3,소디내:2 <*', 0.0004372831697065616), ([[454, 950], [532, 950], [532, 982], [454, 982]], '-; +뒤', 0.16564363404514895), ([[544, 954], [638, 954], [638, 984], [544, 984]], '가안나,5', 7.411627572214961e-05), ([[648, 956], [706, 956], [706, 986], [648, 986]], '946', 0.010511239089894066), ([[718, 954], [750, 954], [750, 984], [718, 984]], '+뒤', 0.06694486965741918), ([[762, 952], [892, 952], [892, 984], [762, 984]], '$어5 |어;7', 0.0008177173485714277), ([[904, 952], [944, 952], [944, 984], [904, 984]], '물깥', 0.0014343179838766558), ([[958, 954], [1010, 954], [1010, 982], [958, 982]], '<어;', 0.006301184495693125), ([[453, 979], [1019, 979], [1019, 1023], [453, 1023]], '하-1-0초#? 초 < ^ 수주2+논 내- *', 0.0017663121681294135), ([[326, 1040], [388, 1040], [388, 1072], [326, 1072]], '[서나', 0.006801793049075304), ([[399, 1039], [543, 1039], [543, 1077], [399, 1077]], "가'<명기,+.", 0.00026274288801296573), ([[552, 1042], [582, 1042], [582, 1072], [552, 1072]], '$;', 0.0068553816614791785), ([[592, 1042], [626, 1042], [626, 1072], [592, 1072]], '+뒤', 0.027530330325179302), ([[639, 1039], [759, 1039], [759, 1071], [639, 1071]], "가'라<서컨", 0.0002605949203012027), ([[223, 1067], [861, 1067], [861, 1111], [223, 1111]], "하+*7(_풀단 차디6#(껴논 5 디*00'0", 0.0007320605895986133), ([[358, 1126], [416, 1126], [416, 1158], [358, 1158]], '(라<', 0.011614405728028574), ([[427, 1125], [525, 1125], [525, 1161], [427, 1161]], '[기; ;즌', 0.0034586599126460167), ([[538, 1126], [648, 1126], [648, 1158], [538, 1158]], '[기감*,라;', 0.00024680454218431935), ([[660, 1128], [740, 1128], [740, 1158], [660, 1158]], '345째;', 0.011375575942195928), ([[352, 1154], [739, 1154], [739, 1197], [352, 1197]], '0학탤주4 * 35없0+?) 5', 0.0017624106825688717), ([[296, 1242], [374, 1242], [374, 1274], [296, 1274]], '꼴어45', 0.0033286884427070618), ([[386, 1246], [486, 1246], [486, 1272], [386, 1272]], '볶>,아7꼬', 8.95737292102952e-05), ([[497, 1243], [572, 1243], [572, 1279], [497, 1279]], '명기나,', 0.0010675527155399323), ([[580, 1246], [652, 1246], [652, 1272], [580, 1272]], '교어4뿌', 0.00012939763837493956), ([[664, 1244], [786, 1244], [786, 1276], [664, 1276]], '"\'@+서*탁;+.', 0.0002777560559619606), ([[377, 1271], [699, 1271], [699, 1315], [377, 1315]], '*# _하+소+논-#품', 0.009935591901701178), ([[60, 1344], [138, 1344], [138, 1376], [60, 1376]], '지라75', 0.0015690380241721869), ([[148, 1346], [178, 1346], [178, 1374], [148, 1374]], '1~', 0.012332013388548111), ([[192, 1344], [256, 1344], [256, 1376], [192, 1376]], '6낮릇', 0.0018712056843702147), ([[268, 1344], [310, 1344], [310, 1376], [268, 1376]], '어~', 0.0009791665493160536), ([[320, 1346], [396, 1346], [396, 1376], [320, 1376]], '+어산+~', 0.0010632416186582149), ([[407, 1343], [569, 1343], [569, 1379], [407, 1379]], '"\'악악~탁하+.', 0.0003490443583384189), ([[582, 1344], [660, 1344], [660, 1376], [582, 1376]], '지라교$', 0.007691876497119665), ([[670, 1346], [702, 1346], [702, 1376], [670, 1376]], '1~', 0.049035438781097916), ([[714, 1346], [768, 1346], [768, 1376], [714, 1376]], '(디어', 0.002288086152287218), ([[779, 1347], [845, 1347], [845, 1383], [779, 1383]], '[나$', 0.0018177238764879346), ([[853, 1341], [1059, 1341], [1059, 1383], [853, 1383]], '(깥 [*긁`라악즌5', 1.1908646105229196e-05), ([[125, 1373], [991, 1373], [991, 1417], [125, 1417]], '{미] 9"[ 표균녹0180 > 논9:7*15/"5 춤0 춤0 \'모0소볼', 0.00021102943300862128), ([[916, 1452], [1031, 1452], [1031, 1532], [916, 1532]], '철1미', 0.003043350395102929), ([[1037, 1521], [1063, 1521], [1063, 1541], [1037, 1541]], '22', 1.0)]
[]
[([[514, 114], [902, 114], [902, 190], [514, 190]], '퍽이쪽[ 어헌', 0.00044976297935506567), ([[872, 408], [1056, 408], [1056, 508], [872, 508]], ' )_', 0.006528374713613659), ([[1040, 418], [1088, 418], [1088, 500], [1040, 500]], '1', 0.9999992847443906), ([[730, 1164], [1085, 1164], [1085, 1231], [730, 1231]], '갖# . [)렉차', 0.019179155856897206), ([[773, 1221], [946, 1221], [946, 1295], [773, 1295]], '디:#', 0.04243785259714825), ([[976, 1229], [1087, 1229], [1087, 1289], [976, 1289]], '해7 ', 0.031001037503558572), ([[60, 1310], [358, 1310], [358, 1362], [60, 1362]], '4-) )신[(끝로', 0.031187171062035435), ([[60, 1356], [394, 1356], [394, 1410], [60, 1410]], "또,4주 ^ ' [()롯사", 0.0010280651977937574), ([[60, 1404], [416, 1404], [416, 1456], [60, 1456]], '또,4주서 . 2011/2/13', 0.05071041430499315), ([[59, 1455], [157, 1455], [157, 1499], [59, 1499]], '[&:', 0.00669586661919913), ([[183, 1453], [651, 1453], [651, 1505], [183, 1505]], '소즌+명//-;8교 $3니뒤검라.탁. 스명/', 2.4916542650739792e-06), ([[58, 1498], [156, 1498], [156, 1552], [58, 1552]], '태양', 0.002499303815752973), ([[180, 1496], [486, 1496], [486, 1548], [180, 1548]], '#-0내 기1금1', 0.010267200069920457), ([[117.80975807130444, -19.98819320625664], [930.6607884930331, 107.59739692951214], [827.1902419286955, 603.9881932062566], [14.339211506966883, 476.4026030704879]], '#증', 0.11520785326892018)]
