802885
31
[([[61, 34], [402, 34], [402, 87], [61, 87]], '5꾸갖:  [4흡장시', 0.0009043755839053981), ([[59, 90], [208, 90], [208, 141], [59, 141]], '올관`:4', 0.0015138271969026417), ([[225, 97], [258, 97], [258, 139], [225, 139]], '2', 0.9996335842152035), ([[61, 144], [303, 144], [303, 197], [61, 197]], '벼시-5다-4내', 0.0004907718108012072), ([[59, 200], [289, 200], [289, 253], [59, 253]], "'4  궁--좁", 0.0009253210791914453), ([[1168, 203], [2040, 203], [2040, 685], [1168, 685]], '@9랑', 0.017044339557081806), ([[1491, 2603], [1870, 2603], [1870, 2693], [1491, 2693]], '역식: 히리트', 0.37281455355332127), ([[124, 2700], [471, 2700], [471, 2834], [124, 2834]], '나+', 0.2133880013859056), ([[1352, 2767], [2029, 2767], [2029, 2851], [1352, 2851]], '[이묘 예---- @어%', 0.007391247843675629), ([[1373.237235898845, 106.17416360087502], [1768.1645956634293, 38.58841410680634], [1784.762764101155, 228.82583639912497], [1390.8354043365707, 296.41158589319366]], '애(', 0.005764505269323528)]
[([[164, 2642], [471, 2642], [471, 2719], [164, 2719]], '-7^꼴[', 0.0008367553925538747), ([[514, 2645], [619, 2645], [619, 2714], [514, 2714]], '3', 0.19915589230450692), ([[663, 2638], [797, 2638], [797, 2718], [663, 2718]], '씨:', 0.015835552415600678)]
[([[1490, 106], [1587, 106], [1587, 206], [1490, 206]], '구', 0.8388386449978041), ([[399, 332], [439, 332], [439, 428], [399, 428]], '4', 0.4980746331867181), ([[185, 2516], [546, 2516], [546, 2701], [185, 2701]], '9"7"', 0.18272890150547028), ([[169.37982632705396, 330.03861061643164], [206.1013043571732, 323.1227949896615], [220.62017367294604, 419.96138938356836], [182.8986956428268, 425.8772050103385]], '"', 0.6285801497588182), ([[975.1840022001975, 1085.0256349831402], [1086.8337301024114, 1188.9274721573745], [1011.8159977998025, 1269.9743650168598], [900.1662698975886, 1167.0725278426255]], '시<', 0.055022997552856535), ([[466.1533021385279, 1862.0179304692588], [712.9516141980663, 1988.6096436098908], [632.8466978614721, 2137.9820695307412], [386.04838580193365, 2011.3903563901092]], '', 0.0)]
[([[1382, 2556], [1788, 2556], [1788, 2741], [1382, 2741]], '좁규;다', 0.0024004976730793715), ([[208, 2726], [226, 2726], [226, 2750], [208, 2750]], '5', 0.8838514894818253)]
[([[1658, 1998], [1797, 1998], [1797, 2139], [1658, 2139]], '"', 0.010532818375230735), ([[86, 2714], [102, 2714], [102, 2739], [86, 2739]], '6', 0.9999921322023653), ([[1789.3661127664484, 2378.0118221408197], [1921.8867860906785, 2401.1706304989284], [1870.6338872335516, 2679.9881778591803], [1739.1132139093215, 2656.8293695010716]], '@', 0.08444125954737558)]
[([[1198, 1401], [1357, 1401], [1357, 1443], [1198, 1443]], '0 0 .', 0.4418416739439235), ([[994.8834305481831, 1323.06253187883], [1148.4805773052924, 1348.8190168251979], [1131.1165694518168, 1431.93746812117], [977.5194226947076, 1406.1809831748021]], '{3 0', 0.04536019423207283)]
[([[1690, 284], [1851, 284], [1851, 598], [1690, 598]], '7', 0.39902468250190637), ([[86, 2710], [106, 2710], [106, 2739], [86, 2739]], '8', 1.0), ([[393.23955777396236, 1763.0192881470587], [591.998788210634, 1877.8093374380005], [524.7604422260376, 1989.9807118529413], [326.00121178936604, 1875.1906625619995]], '(1', 0.17349066199322444), ([[154.42213588277895, 1992.0656305933474], [262.6480868162719, 1905.0110562832322], [431.57786411722105, 2149.934369406653], [323.3519131837281, 2235.9889437167676]], '푹', 0.12292408270568345)]
[([[176, 135], [339, 135], [339, 305], [176, 305]], '4', 0.6399009361457644), ([[618, 26], [810, 26], [810, 364], [618, 364]], '직', 0.29198851490583877), ([[1701, 1566], [1818, 1566], [1818, 1689], [1701, 1689]], '#', 0.827351701725437), ([[914.0701149452862, 1389.0288506191068], [1053.8226085503877, 1468.699940052526], [988.9298850547138, 1579.9711493808932], [850.1773914496123, 1500.300059947474]], '*:', 0.4288093439050248)]
[([[436, 1152], [553, 1152], [553, 1316], [436, 1316]], '71', 0.8240163286384137), ([[744, 1979], [940, 1979], [940, 2198], [744, 2198]], '끼', 0.07141289448162613), ([[1125, 2120], [1228, 2120], [1228, 2168], [1125, 2168]], '0] 0', 0.08062684682531952), ([[127, 2712], [167, 2712], [167, 2748], [127, 2748]], '10', 0.9994816930425671), ([[92.37482291866314, 1978.0601094019523], [279.77506283855934, 1965.6997693845572], [282.62517708133686, 2156.9398905980474], [95.22493716144064, 2169.300230615443]], '손', 0.13050568465269308), ([[335.08030259907156, 2011.0192321178097], [494.1884151699416, 2095.2576952165878], [388.91969740092844, 2293.9807678821903], [229.8115848300584, 2209.7423047834122]], '>', 0.01263597827680979)]
[([[419, 239], [626, 239], [626, 306], [419, 306]], '월적이에요', 0.6699209979197048), ([[1513, 462], [1551, 462], [1551, 538], [1513, 538]], '#', 0.9999896288186996), ([[1278, 529], [1444, 529], [1444, 577], [1278, 577]], '히나타씨', 0.6585346460342407), ([[1278, 569], [1443, 569], [1443, 625], [1278, 625]], '화주세요', 0.5534605979919434), ([[89, 618], [138, 618], [138, 660], [89, 660]], '앗', 0.25458373455905203), ([[50, 1011], [212, 1011], [212, 1132], [50, 1132]], '세', 0.22564639887285498), ([[1177, 2246], [1385, 2246], [1385, 2301], [1177, 2301]], '후에에에행', 0.8490251323983704), ([[1175, 2293], [1340, 2293], [1340, 2341], [1175, 2341]], '하나타씨', 0.6221475601196289), ([[180, 2399], [436, 2399], [436, 2456], [180, 2456]], '이 바다에서든', 0.27484431689531413), ([[970, 2390], [1192, 2390], [1192, 2445], [970, 2445]], '구해주세~요', 0.9998355512062334), ([[175, 2436], [317, 2436], [317, 2547], [175, 2547]], '문얼활', 0.004536396111493028), ([[228, 2481], [450, 2481], [450, 2545], [228, 2545]], '잡림런데 !?', 0.06754982750959629), ([[415.68480810155717, 555.1088486093429], [461.5998107146101, 518.0225174956859], [543.3151918984429, 630.8911513906571], [497.4001892853899, 666.9774825043141]], '줄', 0.2699782487657245), ([[1020.235372136918, 766.041886445954], [1070.5059198240492, 742.0183064281198], [1125.764627863082, 870.958113554046], [1075.4940801759508, 893.9816935718802]], '중', 0.94711666090436), ([[587.202547777171, 1045.0318472146387], [652.5368590708728, 1014.0144212817673], [726.797452222829, 1189.9681527853613], [661.4631409291272, 1219.9855787182328]], '춤', 0.0747447129882497), ([[352.50172712087755, 1170.0207254505308], [402.88011150981094, 1185.4234582191973], [367.49827287912245, 1301.9792745494692], [317.11988849018906, 1286.5765417808027]], '*', 0.539802868392858), ([[206.22811559863194, 1627.0599398312445], [281.9319696191607, 1656.1780050634732], [264.771884401368, 1700.9400601687555], [188.06803038083928, 1671.8219949365268]], '사:', 0.01148568520702071)]
[([[789, 60], [853, 60], [853, 176], [789, 176]], '흡', 0.007358593523188128), ([[128, 230], [289, 230], [289, 283], [128, 283]], '즈미키의', 0.18484477698802948), ([[126, 271], [380, 271], [380, 333], [126, 333]], '도짓코 속성은', 0.5861066417967876), ([[202, 317], [333, 317], [333, 374], [202, 374]], '(계에도', 0.7221447229385376), ([[114, 307], [351, 307], [351, 477], [114, 477]], '[플스하자-', 0.0037336755575898203), ([[1636, 542], [1689, 542], [1689, 591], [1636, 591]], '앗', 0.7343768637022094), ([[718, 608], [886, 608], [886, 663], [718, 663]], '아아아양', 0.6755640506744385), ([[716, 646], [849, 646], [849, 707], [716, 707]], '안돼요', 0.8569746313723405), ([[495, 1118], [724, 1118], [724, 1174], [495, 1174]], '맞아 이 뒤에', 0.9855778705380269), ([[1629, 1121], [1756, 1121], [1756, 1176], [1629, 1176]], '후아아', 0.9162768872874405), ([[493, 1155], [582, 1155], [582, 1209], [493, 1209]], '같이', 0.9964465967119702), ([[504, 1188], [535, 1188], [535, 1212], [504, 1212]], '트', 0.10127856715815486), ([[582, 1158], [749, 1158], [749, 1220], [582, 1220]], '외출하지', 0.9997240900993347), ([[236, 1215], [287, 1215], [287, 1264], [236, 1264]], '저', 0.9999920129935482), ([[497, 1208], [539, 1208], [539, 1237], [497, 1237]], '아', 0.9995971131889405), ([[502, 1231], [539, 1231], [539, 1257], [502, 1257]], '8', 0.285284262909272), ([[533, 1202], [643, 1202], [643, 1259], [533, 1259]], '올래?', 0.7501313972968728), ([[854, 1183], [947, 1183], [947, 1285], [854, 1285]], '질짜', 0.17647453191310972), ([[1626, 1207], [1795, 1207], [1795, 1269], [1626, 1269]], '살앉어요', 0.5967388153076172), ([[236, 1256], [451, 1256], [451, 1313], [236, 1313]], '저 같은걸로', 0.754008112584295), ([[1366, 1231], [1455, 1231], [1455, 1286], [1366, 1286]], '아양', 0.4068385550786643), ([[1402, 1270], [1490, 1270], [1490, 1324], [1402, 1324]], '~가지', 0.2823830334683349), ([[236, 1301], [424, 1301], [424, 1358], [236, 1358]], '괜찮나요?', 0.9973575507518415), ([[565, 1323], [739, 1323], [739, 1374], [565, 1374]], '외출 티켓도', 0.7106449965098022), ([[1371, 1277], [1411, 1277], [1411, 1371], [1371, 1371]], '름', 0.024229586682080972), ([[1404, 1314], [1493, 1314], [1493, 1365], [1404, 1365]], '어가', 0.9999290254448385), ([[565, 1368], [640, 1368], [640, 1417], [565, 1417]], '잇고', 0.34791902370954764), ([[1365, 1355], [1536, 1355], [1536, 1421], [1365, 1421]], '버럿는데', 0.24930427968502045), ([[131, 1490], [217, 1490], [217, 1547], [131, 1547]], '물론', 0.9999869345019613), ([[916, 1498], [940, 1498], [940, 1527], [916, 1527]], '?', 0.45419207462203204), ([[1074, 1781], [1195, 1781], [1195, 1825], [1074, 1825]], '거기서', 0.9996350960382029), ([[1065, 1812], [1286, 1812], [1286, 1929], [1065, 1929]], '밀렉히관의 ', 0.012584918594162794), ([[1528, 1836], [1833, 1836], [1833, 1891], [1528, 1891]], '그 뒤로 츠미키틀', 0.22432505982754578), ([[1564, 1879], [1669, 1879], [1669, 1936], [1564, 1936]], '함해:', 0.9139388950650262), ([[887, 1957], [1105, 1957], [1105, 2019], [887, 2019]], "'수학여행' 올", 0.6952121122356869), ([[1516, 1869], [1809, 1869], [1809, 2038], [1516, 2038]], '스끗품하올', 0.0012659003649475554), ([[878, 2005], [1052, 2005], [1052, 2058], [878, 2058]], '다시 하게', 0.9981377084376872), ([[874, 2047], [1008, 2047], [1008, 2108], [874, 2108]], '되없다', 0.8152562399630416), ([[1091, 2360], [1295, 2360], [1295, 2411], [1091, 2411]], '기적적으로', 0.9998362239068632), ([[162, 2416], [325, 2416], [325, 2472], [162, 2472]], '이번에는', 0.8087919354438782), ([[1090, 2400], [1359, 2400], [1359, 2462], [1090, 2462]], '게임 개시 때의', 0.9898596668915908), ([[200, 2457], [283, 2457], [283, 2510], [200, 2510]], '사히', 0.9992475088242562), ([[1081, 2436], [1229, 2436], [1229, 2556], [1081, 2556]], '뱃갈움', 0.008770391160897364), ([[1091, 2446], [1176, 2446], [1176, 2503], [1091, 2503]], '백업', 0.9927173981959473), ([[1219, 2445], [1348, 2445], [1348, 2507], [1219, 2507]], '찾계된', 0.05054824710712353), ([[155, 2452], [255, 2452], [255, 2692], [155, 2692]], '옆', 0.010421441899390926), ([[240, 2499], [289, 2499], [289, 2603], [240, 2603]], '올', 0.7227204455179539), ([[243, 2630], [292, 2630], [292, 2688], [243, 2688]], '올', 0.9764969668459713), ([[1741, 2718], [1779, 2718], [1779, 2751], [1741, 2751]], '12', 0.999999915706304), ([[693.1423139959815, 177.05274336744995], [744.1011613541206, 161.0871537213539], [774.8576860040185, 271.9472566325501], [723.8988386458794, 287.9128462786461]], '{', 0.11654187126659199), ([[141.0868184120003, 753.0598199312022], [226.83499805371247, 786.4891056933899], [203.9131815879997, 842.9401800687978], [118.16500194628755, 810.5108943066101]], '39', 0.04889930164325186), ([[1550.9193618380848, 2201.0839157637424], [1642.5186994579403, 2219.4492045599363], [1629.0806381619152, 2278.9160842362576], [1537.4813005420597, 2260.5507954400637]], '괜', 0.0473740830733862)]
[([[810, 90], [861, 90], [861, 197], [810, 197]], '든', 0.09274503415577229), ([[584, 296], [628, 296], [628, 342], [584, 342]], '그', 0.944195470381274), ([[817, 250], [892, 250], [892, 334], [817, 334]], '싸', 0.014610184080889044), ([[252, 311], [341, 311], [341, 364], [252, 364]], '네옛', 0.7194012249219122), ([[1596, 314], [1798, 314], [1798, 358], [1596, 358]], '즈: 스즈즈', 0.3018425700404514), ([[580, 334], [731, 334], [731, 396], [580, 396]], '정도로?', 0.9999096393585205), ([[582, 379], [747, 379], [747, 439], [582, 439]], '다행이다', 0.9974266886711121), ([[1584, 346], [1840, 346], [1840, 463], [1584, 463]], '흥정롭어요', 0.03486986615322692), ([[200, 511], [249, 511], [249, 609], [200, 609]], '딱', 0.6727976028580542), ([[200, 508], [292, 508], [292, 657], [200, 657]], '팔젊', 0.015067703501785332), ([[282, 510], [324, 510], [324, 567], [282, 567]], '은', 0.9999922514111894), ([[200, 639], [330, 639], [330, 704], [200, 704]], '맛이조', 0.9746758745880396), ([[1685, 1100], [1822, 1100], [1822, 1151], [1685, 1151]], '저 저기', 0.9784721646778531), ([[1304, 1126], [1431, 1126], [1431, 1186], [1304, 1186]], '저한테', 0.6546385742351576), ([[1683, 1145], [1824, 1145], [1824, 1196], [1683, 1196]], '이 뒤에', 0.9949911861748747), ([[1345, 1169], [1429, 1169], [1429, 1233], [1345, 1233]], '훔이', 0.29732969017520444), ([[1685, 1190], [1849, 1190], [1849, 1246], [1685, 1246]], '말인데요', 0.9975191354751587), ([[1286, 1158], [1699, 1158], [1699, 1442], [1286, 1442]], '# #', 0.050435791492329754), ([[1554, 1234], [1596, 1234], [1596, 1278], [1554, 1278]], '이', 0.9985958501967538), ([[752, 1341], [841, 1341], [841, 1390], [752, 1390]], '아아', 0.9999763135533013), ([[1305, 1352], [1468, 1352], [1468, 1405], [1305, 1405]], '보러가고', 0.9999260902404785), ([[754, 1386], [836, 1386], [836, 1435], [754, 1435]], '나도', 0.9999858386882693), ([[1304, 1394], [1474, 1394], [1474, 1454], [1304, 1454]], '싶은데요-', 0.8730548099100298), ([[1550, 1406], [1675, 1406], [1675, 1459], [1550, 1459]], '이에요', 0.996456259492707), ([[749, 1424], [839, 1424], [839, 1487], [749, 1487]], '같이', 0.9994893026931487), ([[752, 1474], [836, 1474], [836, 1529], [752, 1529]], '갈게', 0.9882781124963312), ([[1027, 1963], [1154, 1963], [1154, 2023], [1027, 2023]], '여기논', 0.6737515531110614), ([[851, 2192], [1016, 2192], [1016, 2249], [851, 2249]], '절망병에', 0.9691587090492249), ([[851, 2230], [982, 2230], [982, 2334], [851, 2334]], '초류다', 0.06005217021175973), ([[891, 2282], [1057, 2282], [1057, 2332], [891, 2332]], '마에다가', 0.6458396315574646), ([[851, 2324], [899, 2324], [899, 2380], [851, 2380]], '입', 0.9999989271166818), ([[852, 2368], [938, 2368], [938, 2428], [852, 2428]], '방이', 0.9993381057744367), ([[884, 2317], [1023, 2317], [1023, 2432], [884, 2432]], '{8현면', 0.023321542888879776), ([[0, 2365], [73, 2365], [73, 2478], [0, 2478]], '기0', 0.6739963122369915), ([[1802, 2707], [1840, 2707], [1840, 2740], [1802, 2740]], '13', 0.9902738130220496), ([[378.0660838501254, 1278.4916431653635], [688.5322876497363, 1250.1364240079652], [689.9339161498747, 1324.5083568346365], [379.46771235026375, 1353.8635759920348]], '장0-:정4다', 0.000827754682479354), ([[1681.564597409058, 2214.086158495182], [1764.8133302240592, 2177.137798117613], [1820.435402590942, 2320.913841504818], [1737.1866697759408, 2357.862201882387]], ':"', 0.022999637666561556)]
[([[1667, 139], [1867, 139], [1867, 256], [1667, 256]], '서>', 0.398563280650501), ([[153, 2080], [262, 2080], [262, 2266], [153, 2266]], '내', 0.0030691037562944334), ([[187, 2486], [235, 2486], [235, 2535], [187, 2535]], '에', 0.9990009181915447), ([[190, 2528], [313, 2528], [313, 2584], [190, 2584]], '츠미키', 0.21037523448467255), ([[233, 2584], [253, 2584], [253, 2611], [233, 2611]], '2', 0.8580921832151809), ([[760, 2493], [992, 2493], [992, 2709], [760, 2709]], '이', 0.24821378118382942), ([[198, 2713], [236, 2713], [236, 2744], [198, 2744]], '14', 1.0), ([[1039, 2571], [1256, 2571], [1256, 2747], [1039, 2747]], ':', 0.2591139523435828), ([[1169.279678145916, 47.01730543505178], [1273.4164078649987, 112.29179606750063], [1165.720321854084, 284.98269456494825], [1060.5835921350013, 218.70820393249937]], '(', 0.9886730431574051), ([[1706.8834305481832, 1091.06253187883], [1845.0618313999526, 1109.7711453466889], [1829.1165694518168, 1199.93746812117], [1691.9381686000474, 1181.2288546533111]], '국너', 0.04437885501765656)]
[([[1304, 195], [1509, 195], [1509, 251], [1304, 251]], '히나타씨논', 0.24892988765847757), ([[1305, 243], [1520, 243], [1520, 296], [1305, 296]], '어떤 저라도', 0.48933520606227526), ([[1305, 286], [1468, 286], [1468, 341], [1305, 341]], '받아들여', 0.9981871843338013), ([[1305, 324], [1495, 324], [1495, 392], [1305, 392]], '출건가요?', 0.9979886719672233), ([[1221, 744], [1267, 744], [1267, 786], [1221, 786]], '다', 0.9999986886982448), ([[147, 786], [192, 786], [192, 835], [147, 835]], '우', 0.9996230957473387), ([[1222, 790], [1302, 790], [1302, 823], [1222, 823]], '다여', 0.9988082952086608), ([[1231, 814], [1259, 814], [1259, 839], [1231, 839]], '0', 0.9998668476562536), ([[1215, 826], [1321, 826], [1321, 883], [1215, 883]], '하지!', 0.9835653294449852), ([[1612, 1754], [1697, 1754], [1697, 1794], [1612, 1794]], '다: ', 0.3887904506016249), ([[571, 1727], [622, 1727], [622, 1865], [571, 1865]], '축', 0.8791932697934044), ([[611, 1776], [653, 1776], [653, 1821], [611, 1821]], '미', 0.9999996423721633), ([[1608, 1788], [1818, 1788], [1818, 1850], [1608, 1850]], '다행이에요', 0.9952650478829046), ([[1613, 1849], [1775, 1849], [1775, 1874], [1613, 1874]], '시시시시시시', 0.017478861568385302), ([[423, 2043], [580, 2043], [580, 2213], [423, 2213]], '꼼량해', 0.0008819069189311364), ([[868, 2323], [961, 2323], [961, 2383], [868, 2383]], '우왕', 0.11835295056762242), ([[92, 2488], [218, 2488], [218, 2605], [92, 2605]], '달', 0.018991836167172815), ([[1873, 2694], [1913, 2694], [1913, 2730], [1873, 2730]], '15', 0.9999978926582248), ([[177.4654469694149, 2626.0286568155584], [215.77746431782958, 2619.060814922024], [235.5345530305851, 2728.9713431844416], [197.22253568217042, 2736.939185077976]], '0', 0.877767797655693)]
[([[443, 223], [676, 223], [676, 274], [443, 274]], '히나타 씨:', 0.7207241932085405), ([[1171, 215], [1265, 215], [1265, 275], [1171, 275]], "'하앗", 0.3384837940795974), ([[442, 267], [776, 267], [776, 331], [442, 331]], '저클 엉덩진창으로', 0.38736974954283016), ([[441, 311], [609, 311], [609, 366], [441, 366]], '해주세요', 0.9998239278793335), ([[1623, 700], [1795, 700], [1795, 772], [1623, 772]], '중음대로', 0.4321005940437317), ([[1650, 751], [1753, 751], [1753, 806], [1650, 806]], '"해도', 0.7088182021250767), ([[1627, 799], [1790, 799], [1790, 854], [1627, 854]], '괜찮아요', 0.9991194605827332), ([[1409, 907], [1572, 907], [1572, 962], [1409, 962]], '얼마듣지', 0.47511348128318787), ([[1411, 953], [1497, 953], [1497, 1002], [1411, 1002]], '몸에', 0.9838983513723376), ([[1418, 982], [1445, 982], [1445, 1002], [1418, 1002]], '드', 0.7547591437935388), ([[1494, 949], [1625, 949], [1625, 1009], [1494, 1009]], '낙서클', 0.30816348545286765), ([[1405, 993], [1573, 993], [1573, 1053], [1405, 1053]], '해주세요', 0.999942421913147), ([[150, 1160], [446, 1160], [446, 1222], [150, 1222]], '부끄러운 모습올', 0.991097714724153), ([[151, 1208], [366, 1208], [366, 1259], [151, 1259]], '보이게 해도', 0.9881366315388651), ([[139, 1239], [414, 1239], [414, 1365], [139, 1365]], '입하활물전올', 0.025226150860001594), ([[151, 1339], [404, 1339], [404, 1394], [151, 1394]], '마시게 해도: ', 0.7844369424571614), ([[148, 1383], [317, 1383], [317, 1445], [148, 1445]], '괜찮아요', 0.98641903070636), ([[1200, 1819], [1263, 1819], [1263, 1861], [1200, 1861]], '어:', 0.755744815917864), ([[623, 1850], [708, 1850], [708, 1903], [623, 1903]], '저지', 0.21238072753147733), ([[1197, 1859], [1322, 1859], [1322, 1912], [1197, 1912]], '어째서', 0.9995147958895908), ([[1503, 1836], [1664, 1836], [1664, 1889], [1503, 1889]], '무  무슨', 0.7203869164566075), ([[623, 1885], [793, 1885], [793, 1952], [623, 1952]], '긍청해준', 0.796582043170929), ([[1004, 1879], [1126, 1879], [1126, 1934], [1004, 1934]], '괴롭힘', 0.6879778361951518), ([[1196, 1903], [1325, 1903], [1325, 1960], [1196, 1960]], '인가요', 0.9996390189017926), ([[1498, 1872], [1626, 1872], [1626, 1934], [1498, 1934]], '소리블', 0.20500472238555015), ([[349, 1919], [564, 1919], [564, 1975], [349, 1975]], '저클 괴롭혀', 0.3136130217962885), ([[621, 1933], [842, 1933], [842, 1993], [621, 1993]], '하나타 찌가', 0.6779133807496585), ([[994, 1917], [1176, 1917], [1176, 2034], [994, 2034]], '동확훈건', 0.08694212138652802), ([[1498, 1918], [1679, 1918], [1679, 1978], [1498, 1978]], '하는 거야', 0.48676490228730435), ([[351, 1964], [478, 1964], [478, 2020], [351, 2020]], '뒷으면', 0.06842492394334841), ([[1501, 1964], [1678, 1964], [1678, 2017], [1501, 2017]], '즈미키 !', 0.04903074231921973), ([[351, 2009], [474, 2009], [474, 2060], [351, 2060]], '해서::', 0.4218567167188742), ([[1002, 2010], [1130, 2010], [1130, 2072], [1002, 2072]], '일인데', 0.998948007334984), ([[212, 2403], [346, 2403], [346, 2454], [212, 2454]], '그 때의', 0.9924118404980913), ([[1256, 2342], [1306, 2342], [1306, 2434], [1256, 2434]], '방', 0.9949408546345104), ([[1530, 2426], [1635, 2426], [1635, 2481], [1530, 2481]], '설마 .', 0.5994775295257568), ([[197, 2481], [389, 2481], [389, 2653], [197, 2653]], '동원하워', 0.00035302029573358595), ([[207, 2444], [338, 2444], [338, 2504], [207, 2504]], '기억이', 0.9746869174903436), ([[249, 2535], [293, 2535], [293, 2586], [249, 2586]], '의', 0.9999973773973494), ([[533, 2344], [584, 2344], [584, 2652], [533, 2652]], '1', 0.03670368337645247), ([[578, 2345], [627, 2345], [627, 2809], [578, 2809]], '1', 0.031008859116205878), ([[1252, 2338], [1355, 2338], [1355, 2656], [1252, 2656]], '#', 0.251349477208592), ([[1527, 2469], [1573, 2469], [1573, 2514], [1527, 2514]], '이', 0.9994517124434878), ([[1523, 2463], [1707, 2463], [1707, 2574], [1523, 2574]], '연춧승-', 0.020733041688799858), ([[1579, 2510], [1706, 2510], [1706, 2570], [1579, 2570]], '것으로', 0.4400849097141189), ([[63, 2707], [101, 2707], [101, 2740], [63, 2740]], '16', 0.9999991570631338)]
[([[263, 144], [301, 144], [301, 173], [263, 173]], '~', 0.07453098624694476), ([[1649, 158], [1738, 158], [1738, 208], [1649, 208]], '저기', 0.9999833098887841), ([[1652, 203], [1734, 203], [1734, 251], [1652, 251]], '다시', 0.9999922449886813), ([[1652, 245], [1772, 245], [1772, 301], [1652, 301]], '말해서', 0.9998428730022548), ([[241, 308], [272, 308], [272, 339], [241, 339]], '0', 0.994606277459841), ([[131, 680], [321, 680], [321, 759], [131, 759]], '히나타', 0.4229600741870697), ([[132, 747], [366, 747], [366, 827], [132, 827]], '씨틀:!!', 0.42866930126817393), ([[1470, 708], [1722, 708], [1722, 798], [1470, 798]], '사랑해요', 0.9999229311943054), ([[351, 911], [925, 911], [925, 1160], [351, 1160]], '@매중도-토', 0.013339652764135842), ([[1092, 1270], [1186, 1270], [1186, 1332], [1092, 1332]], '수학', 0.9999007034689046), ([[1096, 1319], [1219, 1319], [1219, 1376], [1096, 1376]], '여행이', 0.9882691502571106), ([[959, 1366], [1045, 1366], [1045, 1421], [959, 1421]], '프로', 0.6215050460494909), ([[1096, 1366], [1219, 1366], [1219, 1419], [1096, 1419]], '끝나면', 0.8664544224739075), ([[964, 1416], [1042, 1416], [1042, 1461], [964, 1461]], '포즈', 0.8482799077127472), ([[243, 1440], [325, 1440], [325, 1491], [243, 1491]], '초미', 0.23705224875407202), ([[961, 1460], [1084, 1460], [1084, 1509], [961, 1509]], '하자:.', 0.837086021900177), ([[244, 1533], [306, 1533], [306, 1578], [244, 1578]], '키:', 0.43227162719864504), ([[43, 1828], [235, 1828], [235, 1888], [43, 1888]], '푹신푹신한', 0.9047541888227902), ([[259, 1816], [345, 1816], [345, 1873], [259, 1873]], '우대:', 0.14064904682560803), ([[471, 1833], [509, 1833], [509, 1888], [471, 1888]], '응', 0.9986566051596277), ([[56, 1877], [220, 1877], [220, 1930], [56, 1930]], '긋이 잔뜩', 0.5059308743292282), ([[259, 1865], [375, 1865], [375, 1916], [259, 1916]], '손가락', 0.9994774460792542), ([[79, 1922], [202, 1922], [202, 1972], [79, 1972]], '있구나', 0.8946370204172707), ([[257, 1908], [373, 1908], [373, 1959], [257, 1959]], '파문혀', 0.44698453848385156), ([[477, 1903], [510, 1903], [510, 1957], [477, 1957]], '으', 0.3419799614286809), ([[65, 1964], [213, 1964], [213, 2015], [65, 2015]], '/미키의', 0.13442499935626984), ([[1653, 1952], [1690, 1952], [1690, 2005], [1653, 2005]], '응', 0.9993682905611081), ([[81, 2009], [161, 2009], [161, 2062], [81, 2062]], '몸은', 0.9999119142229499), ([[1653, 2022], [1692, 2022], [1692, 2086], [1653, 2086]], '흡', 0.34856481742514234), ([[440, 2276], [477, 2276], [477, 2327], [440, 2327]], '4', 0.9999454028906172), ([[0, 2385], [22, 2385], [22, 2452], [0, 2452]], '0', 0.5486982218694756), ([[443, 2471], [494, 2471], [494, 2526], [443, 2526]], '~', 0.12056104793882216), ([[667, 2539], [711, 2539], [711, 2680], [667, 2680]], '용', 0.4766780915695712), ([[1876, 2702], [1912, 2702], [1912, 2731], [1876, 2731]], '17', 1.0), ([[0, 2837], [24, 2837], [24, 2870], [0, 2870]], '0', 0.8492524904563794), ([[1619.6019094401004, 1249.0079269465182], [1692.4348129419707, 1240.1034697079454], [1722.3980905598996, 1519.9920730534818], [1650.5651870580293, 1528.8965302920546]], '푹', 0.26052166481338546), ([[768.3410893700699, 1313.027181377846], [829.3765324210899, 1306.3611457893537], [843.6589106299301, 1449.972818622154], [782.6234675789101, 1456.6388542106463]], '#', 0.7893813663804963), ([[733.1537115632518, 2267.044888694567], [834.9423649040798, 2314.0414387184733], [803.8462884367482, 2376.955111305433], [703.0576350959202, 2329.9585612815267]], '움*', 0.005291677205139805)]
[([[419, 70], [586, 70], [586, 226], [419, 226]], '(1', 0.5231646619733296), ([[1710, 250], [1763, 250], [1763, 474], [1710, 474]], '통', 0.014748298119677594), ([[1719, 481], [1748, 481], [1748, 528], [1719, 528]], '1', 0.9794296778415266), ([[1656, 1116], [1797, 1116], [1797, 1169], [1656, 1169]], '즈미키:', 0.3157254755496979), ([[1646, 1153], [1863, 1153], [1863, 1268], [1646, 1268]], '작유움이', 0.002041902393102646), ([[1744, 1208], [1855, 1208], [1855, 1264], [1744, 1264]], '않아?', 0.9991315413607956), ([[676, 1239], [738, 1239], [738, 1519], [676, 1519]], '물', 0.028547684721162092), ([[1506, 1308], [1695, 1308], [1695, 1522], [1506, 1522]], '스#2', 0.0014983779245271412), ([[1522, 1320], [1566, 1320], [1566, 1409], [1522, 1409]], '속', 0.3213885347293832), ([[1522, 1407], [1566, 1407], [1566, 1454], [1522, 1454]], '확', 0.9990811075654307), ([[1596, 1362], [1641, 1362], [1641, 1409], [1596, 1409]], '이', 0.9987977782386679), ([[1595, 1404], [1644, 1404], [1644, 1457], [1595, 1457]], '(히', 0.8076616279827972), ([[865, 1779], [914, 1779], [914, 1821], [865, 1821]], '자', 0.9999846220607687), ([[861, 1817], [950, 1817], [950, 1877], [861, 1877]], '잘못', 0.9989223066616778), ([[130, 1876], [155, 1876], [155, 1912], [130, 1912]], '디', 0.08851907948849291), ([[861, 1860], [1028, 1860], [1028, 1922], [861, 1922]], '사버려서', 0.9864828586578369), ([[124, 1913], [289, 1913], [289, 1966], [124, 1966]], '미안해요', 0.9997426867485046), ([[124, 1958], [251, 1958], [251, 2008], [124, 2008]], '돼지라', 0.9996447311454447), ([[124, 2003], [287, 2003], [287, 2056], [124, 2056]], '미안해요', 0.9996976256370544), ([[623, 1939], [760, 1939], [760, 2053], [623, 2053]], '슬육올', 0.08401994112663248), ([[624, 2028], [723, 2028], [723, 2138], [624, 2138]], '방태', 0.02489149612078563), ([[828, 2122], [964, 2122], [964, 2173], [828, 2173]], '이 팬티', 0.5662954449653625), ([[827, 2162], [958, 2162], [958, 2229], [827, 2229]], '나중에', 0.6247395948306937), ([[830, 2210], [994, 2210], [994, 2265], [830, 2265]], '드게요', 0.9985644378734831), ([[93, 2222], [239, 2222], [239, 2383], [93, 2383]], '(알물둑', 0.00808317307382822), ([[100, 2271], [197, 2271], [197, 2386], [100, 2386]], "'류", 0.011777711654670491), ([[142, 2277], [190, 2277], [190, 2332], [142, 2332]], '런', 0.36333939827706274), ([[1760, 2280], [1862, 2280], [1862, 2384], [1760, 2384]], '도`', 0.01867746629514598), ([[1778, 2376], [1871, 2376], [1871, 2449], [1778, 2449]], '굵', 0.12862558906139387), ([[874, 2557], [973, 2557], [973, 2658], [874, 2658]], '옛 ?', 0.1356002001458966), ([[482, 2653], [535, 2653], [535, 2731], [482, 2731]], '칼', 0.02572561797207218), ([[878, 2651], [969, 2651], [969, 2701], [878, 2701]], '아아', 0.9999120828059984), ([[54, 2709], [92, 2709], [92, 2742], [54, 2742]], '18', 0.999999915706304), ([[453, 2710], [506, 2710], [506, 2804], [453, 2804]], '춤', 0.8579624358577007), ([[558.5808073078863, 89.2106016549516], [747.4599821936778, 53.69469116536458], [761.4191926921137, 173.7893983450484], [572.5400178063222, 209.3053088346354]], '/ !', 0.18508106428437154), ([[303.9407440329433, 1567.0267318522779], [601.0381870100977, 1633.7174001123456], [554.0592559670566, 1806.9732681477221], [257.9618129899024, 1741.2825998876544]], ':서"', 0.029922402949631503), ([[1732.7852532131767, 1801.06727891859], [1803.6311424525136, 1759.018121326265], [1885.2147467868233, 1912.93272108141], [1814.3688575474864, 1954.981878673735]], '#', 0.04214225458332521), ([[287.37836349444325, 2680.032289546655], [335.8900427175815, 2668.06638188279], [363.62163650555675, 2787.967710453345], [316.1099572824185, 2799.93361811721]], '*', 0.006997247777085713)]
[([[1613, 225], [1774, 225], [1774, 280], [1613, 280]], '브레지어', 0.783758819103241), ([[1611, 268], [1700, 268], [1700, 322], [1611, 322]], '쪽도', 0.9301228263315834), ([[1611, 315], [1736, 315], [1736, 366], [1611, 366]], '사이즈', 0.9958689986444226), ([[1610, 357], [1791, 357], [1791, 419], [1610, 419]], '안 맞는건', 0.8202718229760217), ([[131, 394], [187, 394], [187, 551], [131, 551]], '!', 0.033450446494987185), ([[389, 441], [463, 441], [463, 490], [389, 490]], '에?', 0.9994373859390391), ([[74, 684], [235, 684], [235, 735], [74, 735]], '브레지어', 0.9892436861991882), ([[70, 727], [258, 727], [258, 782], [70, 782]], '안팎어::?', 0.30819884688215704), ([[1486, 664], [1585, 664], [1585, 883], [1486, 883]], '향', 0.4633871454717706), ([[322, 875], [375, 875], [375, 937], [322, 937]], ']', 0.01265337785238746), ([[47, 979], [103, 979], [103, 1027], [47, 1027]], '하:', 0.9145632604423959), ([[47, 1024], [172, 1024], [172, 1079], [47, 1079]], '하느거', 0.8859673687920725), ([[51, 1072], [133, 1072], [133, 1114], [51, 1114]], '깜빠', 0.3153894366935229), ([[59, 1099], [86, 1099], [86, 1119], [59, 1119]], '드', 0.05880645582693944), ([[609, 982], [761, 982], [761, 1161], [609, 1161]], '질', 0.014704257378532815), ([[46, 1113], [178, 1113], [178, 1175], [46, 1175]], '햇어요', 0.8393858619757077), ([[1618, 1238], [1691, 1238], [1691, 1326], [1618, 1326]], '3', 0.6428538212649073), ([[693, 1341], [901, 1341], [901, 1405], [693, 1405]], '하나무라는', 0.892996217747834), ([[1664, 1326], [1708, 1326], [1708, 1395], [1664, 1395]], '8', 0.671203552418774), ([[254, 1373], [303, 1373], [303, 1432], [254, 1432]], '후', 0.47593245921918026), ([[785, 1388], [883, 1388], [883, 1445], [785, 1445]], '눈치', 0.9903089096989247), ([[209, 1372], [258, 1372], [258, 1515], [209, 1515]], '흥', 0.2531659067313399), ([[687, 1380], [833, 1380], [833, 1546], [687, 1546]], '봉#', 0.05111830373218786), ([[739, 1392], [781, 1392], [781, 1490], [739, 1490]], '열', 0.26738776252318885), ([[776, 1436], [899, 1436], [899, 1489], [776, 1489]], '거라고', 0.9984997546203217), ([[1755, 1485], [1840, 1485], [1840, 1536], [1755, 1536]], '저기', 0.999968221424118), ([[958, 1509], [1048, 1509], [1048, 1611], [958, 1611]], '흙들', 0.05780906195963029), ([[1038, 1560], [1083, 1560], [1083, 1609], [1038, 1609]], '서', 0.9998948601703574), ([[958, 1597], [1051, 1597], [1051, 1750], [958, 1750]], '원험', 0.014100216891954278), ([[1037, 1604], [1086, 1604], [1086, 1660], [1037, 1660]], '난', 0.9966595697621052), ([[1585, 1632], [1629, 1632], [1629, 1677], [1585, 1677]], '이', 0.9985993048411643), ([[1662, 1632], [1706, 1632], [1706, 1679], [1662, 1679]], '게', 0.9999090453803525), ([[999, 1692], [1088, 1692], [1088, 1745], [999, 1745]], '다고', 0.9999787580544308), ([[1587, 1677], [1629, 1677], [1629, 1767], [1587, 1767]], '볼', 0.14727272519691326), ([[1614, 1623], [1799, 1623], [1799, 1873], [1614, 1873]], '[', 0.004751776316552991), ([[1584, 1762], [1635, 1762], [1635, 1864], [1584, 1864]], '향', 0.007407335864433817), ([[1661, 1807], [1709, 1807], [1709, 1862], [1661, 1862]], '면', 0.9999008203303674), ([[974, 1854], [1023, 1854], [1023, 1932], [974, 1932]], '민', 0.006287562629867571), ([[984, 2033], [1026, 2033], [1026, 2086], [984, 2086]], '7', 0.3094374439066918), ([[1758, 2142], [1833, 2142], [1833, 2271], [1758, 2271]], '촌', 0.08966336555022636), ([[1146, 2404], [1188, 2404], [1188, 2453], [1146, 2453]], '넷', 0.9998216708538621), ([[990, 2480], [1077, 2480], [1077, 2535], [990, 2535]], '미안', 0.9997054905263866), ([[988, 2522], [1079, 2522], [1079, 2573], [988, 2573]], '해요', 0.9999932565108979), ([[787, 2474], [880, 2474], [880, 2734], [787, 2734]], '하', 0.03183340120972744), ([[1872, 2709], [1910, 2709], [1910, 2742], [1872, 2742]], '19', 0.9999988198884456), ([[1754.4144055373781, 1528.1819438107257], [1843.4590668590781, 1521.6183805473188], [1845.5855944626219, 1584.8180561892743], [1756.5409331409219, 1591.3816194526812]], '말야', 0.9550025688518932), ([[1519.1896655424123, 2343.032886171672], [1583.5069614840252, 2306.012858764706], [1677.8103344575877, 2485.967113828328], [1613.4930385159748, 2522.987141235294]], '?', 0.03216463857056007), ([[266.9095726578993, 2312.0425300211105], [468.31399490091763, 2352.6713120026575], [440.0904273421007, 2467.9574699788895], [238.68600509908234, 2427.3286879973425]], '뉴"', 0.036829887386511634), ([[1146.902627190595, 2429.086551300749], [1240.5135745640298, 2446.4361461822436], [1227.097372809405, 2505.913448699251], [1133.4864254359702, 2488.5638538177564]], '네앗:', 0.17048028581736907)]
[([[1710, 441], [1743, 441], [1743, 490], [1710, 490]], '잇', 0.6928710455424749), ([[623, 817], [676, 817], [676, 1043], [623, 1043]], '틈', 0.04037218797781983), ([[152, 980], [214, 980], [214, 1341], [152, 1341]], '7', 0.11101884903613168), ([[1521, 1109], [1662, 1109], [1662, 1246], [1521, 1246]], '미', 0.6989278338280656), ([[163, 1340], [205, 1340], [205, 1386], [163, 1386]], '0', 0.26109630672090134), ([[659, 1649], [708, 1649], [708, 1714], [659, 1714]], '내', 0.13939115297827076), ([[555, 1818], [670, 1818], [670, 1966], [555, 1966]], '촌', 0.053518046695011146), ([[604, 1973], [682, 1973], [682, 2101], [604, 2101]], '2', 0.08974109223345295), ([[566, 2472], [608, 2472], [608, 2570], [566, 2570]], '올', 0.9995550412301988), ([[601, 2513], [649, 2513], [649, 2566], [601, 2566]], '미', 0.9999988079074598), ([[565, 2563], [672, 2563], [672, 2611], [565, 2611]], '키:?', 0.5589993000030518), ([[142, 2718], [182, 2718], [182, 2751], [142, 2751]], '20', 0.9999964596665606), ([[515.4852195225105, 652.0132587367052], [587.8816646338101, 642.1786284966983], [615.5147804774895, 865.9867412632948], [543.1183353661899, 875.8213715033017]], '"', 0.589683027467359)]
[([[241, 188], [433, 188], [433, 255], [241, 255]], '남자한데', 0.7419250011444092), ([[1652, 198], [1756, 198], [1756, 251], [1652, 251]], '에해', 0.713161013283009), ([[239, 243], [422, 243], [422, 321], [239, 321]], '야한짓올', 0.9456137418746948), ([[1655, 253], [1710, 253], [1710, 297], [1655, 297]], '혜', 0.4645403372705914), ([[242, 303], [419, 303], [419, 369], [242, 369]], '당하논건', 0.2709484398365021), ([[240, 359], [428, 359], [428, 428], [240, 428]], '처음인데', 0.9991291761398315), ([[1454, 347], [1504, 347], [1504, 397], [1454, 397]], '저', 0.9999991655351472), ([[1510, 338], [1682, 338], [1682, 415], [1510, 415]], '젖꼭지틀', 0.4636933505535126), ([[1452, 397], [1686, 397], [1686, 471], [1452, 471]], '물리면 바로', 0.7658900864719584), ([[1452, 457], [1634, 457], [1634, 520], [1452, 520]], '가버려요', 0.9977306127548218), ([[94, 503], [234, 503], [234, 563], [94, 563]], '왜인지', 0.9797065856161314), ([[98, 562], [351, 562], [351, 626], [98, 626]], '모르계어요:', 0.09693408957381389), ([[99, 626], [193, 626], [193, 674], [99, 674]], '저:', 0.8829882894531093), ([[993, 1128], [1035, 1128], [1035, 1177], [993, 1177]], '목', 0.9998357363451902), ([[976, 1156], [1166, 1156], [1166, 1325], [976, 1325]], '출6하요', 0.03545279800891876), ([[1017, 1116], [1120, 1116], [1120, 1272], [1017, 1272]], '규염', 0.005361436954065351), ([[1550, 1186], [1673, 1186], [1673, 1239], [1550, 1239]], '그리고', 0.8612194657325745), ([[1549, 1228], [1845, 1228], [1845, 1289], [1549, 1289]], '입으로 하는컷도', 0.46568405534323665), ([[1679, 1186], [1806, 1186], [1806, 1241], [1679, 1241]], '말이조', 0.9739570245772495), ([[1548, 1274], [1714, 1274], [1714, 1329], [1548, 1329]], '특기에요', 0.9980776309967041), ([[162, 1577], [247, 1577], [247, 1626], [162, 1626]], '머리', 0.9986928551229942), ([[155, 1615], [290, 1615], [290, 1725], [155, 1725]], '칼코올', 0.12605806854929014), ([[155, 1662], [292, 1662], [292, 1773], [155, 1773]], '}문계', 0.008001393032210589), ([[1259, 1883], [1394, 1883], [1394, 1946], [1259, 1946]], '하나타', 0.41321661467685067), ([[1263, 1933], [1353, 1933], [1353, 1987], [1263, 1987]], '씨도', 0.9990886539333736), ([[1264, 1976], [1387, 1976], [1387, 2033], [1264, 2033]], '사용해', 0.9999650120735168), ([[106, 1982], [253, 1982], [253, 2103], [106, 2103]], '왼맞움', 0.07636983723494917), ([[126, 2020], [159, 2020], [159, 2045], [126, 2045]], '너', 0.05431426977509446), ([[1265, 2023], [1390, 2023], [1390, 2078], [1265, 2078]], '주세요', 0.999701201915741), ([[117, 2081], [242, 2081], [242, 2134], [117, 2134]], '주세요', 0.9999323448249736), ([[596, 2549], [715, 2549], [715, 2600], [596, 2600]], '아냐 ', 0.6562996636375615), ([[602, 2600], [678, 2600], [678, 2640], [602, 2640]], '나: ', 0.8839393873995789), ([[599, 2637], [685, 2637], [685, 2692], [599, 2692]], '나는', 0.9566436534981679), ([[1857, 2710], [1895, 2710], [1895, 2748], [1857, 2748]], '21', 0.9999779994159619)]
[([[1130, 333], [1288, 333], [1288, 388], [1130, 388]], '그:  그런', 0.4204043899024326), ([[929, 436], [960, 436], [960, 470], [929, 470]], '씨', 0.08367807181299813), ([[1120, 367], [1271, 367], [1271, 483], [1120, 483]], '문반장', 0.002061928980333817), ([[460, 649], [500, 649], [500, 700], [460, 700]], '웃', 0.8188487824583355), ([[936, 666], [967, 666], [967, 699], [936, 699]], '"', 0.7750210438827345), ([[1737, 911], [1842, 911], [1842, 962], [1737, 962]], '혀가:', 0.4630760315465162), ([[1737, 956], [1833, 956], [1833, 1007], [1737, 1007]], '혀가:', 0.7635843422073276), ([[605, 1188], [742, 1188], [742, 1237], [605, 1237]], '이 안에', 0.991972943303434), ([[1507, 1177], [1597, 1177], [1597, 1237], [1507, 1237]], '기분', 0.9976833844033469), ([[1654, 1195], [1804, 1195], [1804, 1248], [1654, 1248]], '미곤미끈', 0.7054221630096436), ([[644, 1229], [771, 1229], [771, 1291], [644, 1291]], '러넣고', 0.4130765150296578), ([[1509, 1223], [1595, 1223], [1595, 1283], [1509, 1283]], '좋아', 0.9965676868883716), ([[1656, 1240], [1806, 1240], [1806, 1293], [1656, 1293]], '움직여서', 0.9956510066986084), ([[600, 1228], [776, 1228], [776, 1341], [600, 1341]], '질렁하고', 0.19833621382713318), ([[605, 1319], [762, 1319], [762, 1376], [605, 1376]], '싶어:! !', 0.7941654919884038), ([[839, 1221], [951, 1221], [951, 1413], [839, 1413]], '8', 0.02605412258376205), ([[911, 1406], [971, 1406], [971, 1462], [911, 1462]], ':7', 0.616740298259634), ([[1276, 1631], [1437, 1631], [1437, 1682], [1276, 1682]], '초미 키', 0.12570227682590485), ([[183, 1623], [225, 1623], [225, 1769], [183, 1769]], '릇', 0.004585923181338325), ([[415, 1682], [453, 1682], [453, 1753], [415, 1753]], '응', 0.9989380081273147), ([[1274, 1676], [1376, 1676], [1376, 1732], [1274, 1732]], '미안:', 0.9750754188316619), ([[658, 2256], [700, 2256], [700, 2424], [658, 2424]], '움', 0.04466361105007999), ([[137, 2725], [177, 2725], [177, 2758], [137, 2758]], '22', 0.5686117617802463), ([[396.23537213691804, 169.041886445954], [444.52093947375135, 147.01941105173154], [497.76462786308196, 273.958113554046], [449.47906052624865, 294.98058894826846]], '8', 0.006782900736979569)]
[([[567, 340], [600, 340], [600, 395], [567, 395]], '흐', 0.3429849764805546), ([[824, 344], [874, 344], [874, 442], [824, 442]], '햇', 0.15805402502292143), ([[1697, 360], [1745, 360], [1745, 418], [1697, 418]], '차', 0.08710781204502283), ([[564, 395], [603, 395], [603, 513], [564, 513]], '옷', 0.3540611380977374), ([[947, 419], [996, 419], [996, 517], [947, 517]], '햇', 0.16533109600733642), ([[242, 692], [282, 692], [282, 734], [242, 734]], '그', 0.4022981461594135), ([[543, 566], [581, 566], [581, 732], [543, 732]], '흙', 0.4452776571785222), ([[245, 722], [298, 722], [298, 814], [245, 814]], '유', 0.8509377661059183), ([[1681, 778], [1824, 778], [1824, 917], [1681, 917]], '잠', 0.08776449547165388), ([[688, 927], [821, 927], [821, 1088], [688, 1088]], '#', 0.8424049981945849), ([[542, 950], [595, 950], [595, 1232], [542, 1232]], '흙', 0.02968736051714793), ([[1574, 1070], [1719, 1070], [1719, 1251], [1574, 1251]], '휴', 0.06730300802989664), ([[839, 1303], [888, 1303], [888, 1443], [839, 1443]], '육', 0.6295714119942772), ([[1592, 1385], [1634, 1385], [1634, 1456], [1592, 1456]], '응', 0.9994766205090322), ([[1594, 1484], [1632, 1484], [1632, 1564], [1594, 1564]], '호', 0.9997471730792462), ([[738, 1467], [789, 1467], [789, 1691], [738, 1691]], '흙', 0.022015394019408996), ([[537, 1909], [574, 1909], [574, 1971], [537, 1971]], '옷', 0.9816403940202214), ([[442, 1959], [480, 1959], [480, 2012], [442, 2012]], '흐', 0.5226622778927812), ([[442, 2015], [482, 2015], [482, 2068], [442, 2068]], '으', 0.9876654204910018), ([[102, 2161], [140, 2161], [140, 2226], [102, 2226]], '응', 0.9994166748288222), ([[444, 2071], [482, 2071], [482, 2223], [444, 2223]], '응', 0.4272742779087366), ([[106, 2225], [139, 2225], [139, 2274], [106, 2274]], '프', 0.9995623113920828), ([[102, 2280], [140, 2280], [140, 2336], [102, 2336]], '으', 0.9926736331281383), ([[1864, 2703], [1906, 2703], [1906, 2741], [1864, 2741]], '23', 0.6408224519704593), ([[407.6540994265568, 111.06050363478055], [499.6377207493722, 49.01356238975319], [619.3459005734431, 251.93949636521944], [527.3622792506278, 313.9864376102468]], '%', 0.11783523669011231), ([[352.21161117342905, 736.1236004486892], [426.6692146207362, 675.0172363577167], [540.7883888265709, 833.8763995513108], [466.3307853792638, 894.9827636422833]], '총', 0.029493781542005104)]
[([[562, 252], [600, 252], [600, 283], [562, 283]], '벼', 0.8402031809091568), ([[569, 274], [600, 274], [600, 301], [569, 301]], '근', 0.8593687573463207), ([[602, 249], [644, 249], [644, 302], [602, 302]], '올', 0.9695410531372204), ([[1829, 241], [1878, 241], [1878, 292], [1829, 292]], '하', 0.9997209505230309), ([[558, 293], [683, 293], [683, 346], [558, 346]], '주세요', 0.9997889151292106), ([[759, 357], [804, 357], [804, 403], [759, 403]], '미', 0.42244447397319324), ([[742, 344], [855, 344], [855, 598], [742, 598]], '뺨', 0.06422473016451935), ([[833, 488], [881, 488], [881, 544], [833, 544]], '서', 0.9997046211958747), ([[997, 473], [1072, 473], [1072, 552], [997, 552]], '{', 0.2699228148920021), ([[755, 573], [925, 573], [925, 635], [755, 635]], '버럿어요-', 0.8168326830998613), ([[1568, 464], [1669, 464], [1669, 663], [1568, 663]], '누', 0.007127343253723828), ([[1755, 502], [1806, 502], [1806, 636], [1755, 636]], '할', 0.1223261550375776), ([[185, 745], [274, 745], [274, 796], [185, 796]], '저의-', 0.9956345750331462), ([[185, 788], [271, 788], [271, 843], [185, 843]], '야한', 0.9975274662937016), ([[185, 833], [310, 833], [310, 888], [185, 888]], '구멍에', 0.912865400314331), ([[1762, 1917], [1887, 1917], [1887, 1970], [1762, 1970]], '하나타', 0.4375704879343062), ([[1057, 1980], [1086, 1980], [1086, 2011], [1057, 2011]], '<', 0.9926054592847358), ([[1762, 1962], [1846, 1962], [1846, 2013], [1762, 2013]], '씨의', 0.9994418527715667), ([[1762, 2007], [1887, 2007], [1887, 2060], [1762, 2060]], '주사:.', 0.588789701461792), ([[690, 2029], [805, 2029], [805, 2119], [690, 2119]], '(하0', 0.3531272642174979), ([[742, 2098], [806, 2098], [806, 2223], [742, 2223]], '담', 0.0822891834291406), ([[1733, 2291], [1896, 2291], [1896, 2346], [1733, 2346]], '푸숙무숙', 0.21602493524551392), ([[693, 2351], [868, 2351], [868, 2404], [693, 2404]], '그 그런게', 0.9949367804239774), ([[1434, 2350], [1641, 2350], [1641, 2412], [1434, 2412]], '히나타씨의', 0.3836598258661836), ([[1730, 2336], [1817, 2336], [1817, 2386], [1730, 2386]], '해서', 0.9998381599377455), ([[691, 2396], [836, 2396], [836, 2447], [691, 2447]], '아니야', 0.9999593242312249), ([[690, 2437], [947, 2437], [947, 2497], [690, 2497]], '나는 조미키틀', 0.11726209637888228), ([[1434, 2392], [1607, 2392], [1607, 2496], [1434, 2496]], '지용하써', 0.2228071689605713), ([[1476, 2441], [1561, 2441], [1561, 2497], [1476, 2497]], '용해', 0.9998074786244201), ([[1725, 2373], [1860, 2373], [1860, 2486], [1725, 2486]], '중숙히', 0.06796082950755188), ([[693, 2482], [856, 2482], [856, 2535], [693, 2535]], '노리개로', 0.9953902363777161), ([[1440, 2486], [1565, 2486], [1565, 2539], [1440, 2539]], '주세요', 0.9997807939525055), ([[692, 2526], [898, 2526], [898, 2588], [692, 2588]], '삼고싶은게', 0.8932699552924726), ([[691, 2572], [836, 2572], [836, 2625], [691, 2625]], '아니야:', 0.5830917358398438), ([[90, 2707], [128, 2707], [128, 2740], [90, 2740]], '24', 0.9999997471189183), ([[1057.093946021359, 2006.1039678918432], [1116.7427891455752, 2018.5887844205208], [1107.906053978641, 2056.8960321081568], [1048.2572108544248, 2044.4112155794792]], '뉴', 0.31362937652716383)]
[([[1660, 142], [1691, 142], [1691, 188], [1660, 188]], '0', 0.8801667930786093), ([[1099, 226], [1137, 226], [1137, 313], [1099, 313]], '헌', 0.20674303170938302), ([[1727, 174], [1771, 174], [1771, 300], [1727, 300]], '야', 0.2803301774740454), ([[467, 256], [536, 256], [536, 446], [467, 446]], '양', 0.23250922042905486), ([[1105, 313], [1136, 313], [1136, 355], [1105, 355]], '으', 0.9930009951972387), ([[1440, 743], [1525, 743], [1525, 796], [1440, 796]], '초미', 0.14857160801488578), ([[1441, 795], [1490, 795], [1490, 837], [1441, 837]], '키', 0.9991253143764176), ([[1180, 811], [1407, 811], [1407, 957], [1180, 957]], '출%해', 0.030827940798050044), ([[133, 999], [190, 999], [190, 1212], [133, 1212]], '호', 0.01392933547434283), ([[1648, 2265], [1699, 2265], [1699, 2309], [1648, 2309]], '히', 0.9818072904054134), ([[1647, 2306], [1777, 2306], [1777, 2359], [1647, 2359]], '히나타', 0.42713581594383226), ([[266, 2358], [348, 2358], [348, 2411], [266, 2411]], '나는', 0.9794290315538279), ([[1683, 2351], [1797, 2351], [1797, 2402], [1683, 2402]], '씨:?', 0.5704527482506754), ([[265, 2400], [429, 2400], [429, 2455], [265, 2455]], '스미키가', 0.17782612144947052), ([[263, 2446], [384, 2446], [384, 2501], [263, 2501]], '좋아! !', 0.7372195634952693), ([[1559, 2419], [1610, 2419], [1610, 2533], [1559, 2533]], '양', 0.5553658269149118), ([[153, 2500], [186, 2500], [186, 2657], [153, 2657]], '통', 0.00657906788459478), ([[1618, 2608], [1671, 2608], [1671, 2722], [1618, 2722]], '앗', 0.30709574863650246), ([[1865, 2711], [1905, 2711], [1905, 2744], [1865, 2744]], '25', 0.9999838999418298), ([[1735.426493416729, 716.0137124096348], [1825.9696042941748, 705.3732442041635], [1851.573506583271, 948.9862875903652], [1761.0303957058252, 959.6267557958365]], '지', 0.01827901416108091)]
[([[962, 271], [1125, 271], [1125, 331], [962, 331]], '남자한데', 0.4416792094707489), ([[139, 334], [284, 334], [284, 394], [139, 394]], '후에옛', 0.36262243679390105), ([[1088, 316], [1175, 316], [1175, 376], [1088, 376]], '말을', 0.31814040009312444), ([[1745, 354], [1789, 354], [1789, 399], [1745, 399]], '기', 0.9999808073964722), ([[139, 377], [225, 377], [225, 437], [139, 437]], '엄청', 0.6292711026961537), ([[948, 301], [1141, 301], [1141, 478], [948, 478]], '@하', 0.0028408067456275133), ([[999, 403], [1129, 403], [1129, 460], [999, 460]], '어지면', 0.9997323423700588), ([[1744, 396], [1869, 396], [1869, 449], [1744, 449]], '기다려', 0.9997969674911101), ([[136, 422], [306, 422], [306, 484], [136, 484]], '행복하지', 0.9996854066848755), ([[1746, 443], [1869, 443], [1869, 494], [1746, 494]], '주세요', 0.5416054648946688), ([[178, 470], [226, 470], [226, 521], [178, 521]], '만', 0.9999946355891645), ([[1655, 474], [1699, 474], [1699, 520], [1655, 520]], '저', 0.9999854565195534), ([[929, 689], [1058, 689], [1058, 751], [929, 751]], '어떻게', 0.748442719564031), ([[137, 731], [224, 731], [224, 782], [137, 782]], '저기', 0.9999636696098811), ([[132, 769], [225, 769], [225, 877], [132, 877]], '저기', 0.6650525762708203), ([[925, 730], [1025, 730], [1025, 885], [925, 885]], '햇약', 0.7459998548044486), ([[970, 824], [1057, 824], [1057, 879], [970, 879]], '라요', 0.9999916549341934), ([[972, 779], [1054, 779], [1054, 836], [972, 836]], '올지', 0.270704330802491), ([[722, 1134], [847, 1134], [847, 1187], [722, 1187]], '머리가', 0.7723265290260315), ([[720, 1177], [886, 1177], [886, 1234], [720, 1234]], '새하얘저', 0.9273665547370911), ([[759, 1225], [804, 1225], [804, 1269], [759, 1269]], '서', 0.9999004627202659), ([[630, 1296], [679, 1296], [679, 1482], [630, 1482]], '콩', 0.06375636919742433), ([[1096, 1431], [1124, 1431], [1124, 1457], [1096, 1457]], '9', 0.18485310622986617), ([[987, 1428], [1095, 1428], [1095, 1561], [987, 1561]], '호', 0.3809240888893015), ([[404, 1617], [594, 1617], [594, 1793], [404, 1793]], '1%', 0.527891738022109), ([[1638, 1731], [1809, 1731], [1809, 1794], [1638, 1794]], '추미키량:', 0.1547676020257478), ([[864, 1770], [1001, 1770], [1001, 1883], [864, 1883]], '좋아해', 0.9957128529871717), ([[1638, 1780], [1815, 1780], [1815, 1835], [1638, 1835]], '계속 함께', 0.9994224800273862), ([[905, 1823], [996, 1823], [996, 1873], [905, 1873]], '-아애', 0.9251114726767772), ([[1638, 1825], [1801, 1825], [1801, 1880], [1638, 1880]], '있고싶어', 0.5104911514805748), ([[211, 2483], [398, 2483], [398, 2543], [211, 2543]], '흐으으~옷', 0.26664603123230174), ([[207, 2529], [375, 2529], [375, 2584], [207, 2584]], '부끄러워', 0.9915285706520081), ([[66, 2710], [108, 2710], [108, 2748], [66, 2748]], '26', 0.9999983984201323), ([[998.2431769922308, 1269.026066387347], [1080.3480333698212, 1257.5218955648188], [1101.756823007769, 1435.973933612653], [1019.6519666301788, 1447.4781044351812]], '%', 0.021308898905979312), ([[584.3495316547937, 2025.0235368361539], [655.6161166458754, 2015.3886160406603], [673.6504683452063, 2180.976463163846], [602.3838833541246, 2190.61138395934]], '""', 0.07331310171532154), ([[498.1526193728227, 2310.0514788571463], [541.5248343752838, 2284.019702808725], [607.8473806271772, 2405.9485211428537], [564.4751656247162, 2430.980297191275]], '꼭', 0.047087942712042974)]
[([[1166, 126], [1243, 126], [1243, 240], [1166, 240]], '"', 0.18358221263384067), ([[117, 907], [256, 907], [256, 960], [117, 960]], '저 이제', 0.9895980183006093), ([[117, 952], [323, 952], [323, 1007], [117, 1007]], '히나타씨가', 0.5930665220842044), ([[117, 997], [242, 997], [242, 1052], [117, 1052]], '없으면', 0.9973919002501495), ([[117, 1037], [249, 1037], [249, 1099], [117, 1099]], '안돼요', 0.8022291873453605), ([[1708, 1010], [1763, 1010], [1763, 1129], [1708, 1129]], '약', 0.05678587236572796), ([[1564, 1141], [1621, 1141], [1621, 1318], [1564, 1318]], '앞', 0.2574103405117434), ([[1256, 1274], [1313, 1274], [1313, 1448], [1256, 1448]], '움', 0.15227782475280094), ([[1189, 1558], [1292, 1558], [1292, 1661], [1189, 1661]], '', 0.0), ([[722, 1679], [847, 1679], [847, 1732], [722, 1732]], '츠미키', 0.14098801566410787), ([[723, 1729], [808, 1729], [808, 1771], [723, 1771]], '안에', 0.9829958584130056), ([[88, 1766], [177, 1766], [177, 1822], [88, 1822]], '네옛-', 0.887453556060791), ([[722, 1769], [881, 1769], [881, 1824], [722, 1824]], '씹다: !!', 0.49553580821973703), ([[90, 1811], [213, 1811], [213, 1864], [90, 1864]], '주세요', 0.9997686122040192), ([[1667, 1854], [1754, 1854], [1754, 1909], [1667, 1909]], '걱정', 0.9986209808978684), ([[1665, 1892], [1797, 1892], [1797, 1954], [1665, 1954]], '하지마', 0.9997258041834497), ([[1475, 1934], [1604, 1934], [1604, 1990], [1475, 1990]], '제대로', 0.9999949069135972), ([[1673, 1947], [1735, 1947], [1735, 1989], [1673, 1989]], '나:', 0.8714471180188047), ([[1480, 1980], [1641, 1980], [1641, 2033], [1480, 2033]], '츠미키의', 0.17433889210224152), ([[1478, 2025], [1563, 2025], [1563, 2080], [1478, 2080]], '곁에', 0.9443193652040964), ([[1478, 2068], [1644, 2068], [1644, 2125], [1478, 2125]], '있으니까', 0.9468120336532593), ([[1518, 2121], [1560, 2121], [1560, 2158], [1518, 2158]], '!!', 0.8902948176772453), ([[86, 2502], [226, 2502], [226, 2555], [86, 2555]], '제 안에', 0.9939216320203396), ([[88, 2545], [175, 2545], [175, 2600], [88, 2600]], '잔뜩', 0.99976196289837), ([[89, 2587], [296, 2587], [296, 2656], [89, 2656]], '넣어주세요', 0.7831194805882682), ([[750, 2543], [876, 2543], [876, 2698], [750, 2698]], '', 0.0), ([[1385, 2581], [1607, 2581], [1607, 2683], [1385, 2683]], '4-2', 0.9921928120755362), ([[803, 2662], [942, 2662], [942, 2794], [803, 2794]], '구', 0.05381736644776347), ([[1865, 2711], [1905, 2711], [1905, 2744], [1865, 2744]], '27', 0.9999996628252286), ([[1006.8835668880396, 1965.0445861004941], [1102.71955400132, 1927.1060036693345], [1170.1164331119605, 2117.955413899506], [1074.28044599868, 2156.8939963306652]], '약', 0.06535383623442215), ([[436.15527363715626, 2582.0210001068403], [583.9758152099381, 2704.0935244305374], [490.84472636284374, 2816.9789998931597], [344.02418479006184, 2694.9064755694626]], '사짓', 0.21140137243130463)]
[([[202, 600], [403, 600], [403, 814], [202, 814]], '@', 0.22057045097432226), ([[1066, 542], [1282, 542], [1282, 803], [1066, 803]], '[찌', 0.05139490813528199), ([[1475, 519], [1568, 519], [1568, 727], [1475, 727]], '약', 0.2614322284352433), ([[1219, 829], [1298, 829], [1298, 893], [1219, 893]], '00', 0.9677821774611332), ([[1483, 736], [1558, 736], [1558, 951], [1483, 951]], '옷', 0.9353490941030032), ([[245, 987], [360, 987], [360, 1239], [245, 1239]], '향', 0.19770651470105705), ([[256, 1248], [349, 1248], [349, 1368], [256, 1368]], '으', 0.9871597290794512), ([[256, 1376], [349, 1376], [349, 1494], [256, 1494]], '으', 0.9699014424711692), ([[258, 1509], [346, 1509], [346, 1620], [258, 1620]], '으', 0.9796231694011546), ([[261, 1623], [341, 1623], [341, 1848], [261, 1848]], '응', 0.798905433333065), ([[1792, 1823], [1891, 1823], [1891, 1945], [1792, 1945]], '듯', 0.0042364831642771605), ([[467, 2139], [592, 2139], [592, 2232], [467, 2232]], '리0', 0.036724867311126945), ([[248, 2276], [392, 2276], [392, 2339], [248, 2339]], '하나타', 0.4896648495198817), ([[1206, 2266], [1257, 2266], [1257, 2364], [1206, 2364]], '창', 0.27675215207842996), ([[282, 2341], [342, 2341], [342, 2383], [282, 2383]], "'씨", 0.7777387217103007), ([[249, 2391], [396, 2391], [396, 2455], [249, 2455]], '사랑해', 0.7095313668251038), ([[1145, 2270], [1201, 2270], [1201, 2526], [1145, 2526]], '"', 0.1478857203963182), ([[1217, 2374], [1250, 2374], [1250, 2416], [1217, 2416]], '9', 0.11646631115580508), ([[250, 2453], [364, 2453], [364, 2506], [250, 2506]], '허어:', 0.49869345713890556), ([[117, 2718], [157, 2718], [157, 2751], [117, 2751]], '28', 0.9999962910793456), ([[1756.104466528811, 1986.04466528811], [1813.554500127809, 1955.0170979294962], [1885.895533471189, 2103.95533471189], [1828.445499872191, 2134.9829020705038]], '5', 0.3916027547234968), ([[609.393275278069, 2364.0204741154225], [681.1259183320359, 2376.602367861721], [654.606724721931, 2529.9795258845775], [582.8740816679641, 2518.397632138279]], ';', 0.03864945857657531)]
[([[1471, 254], [1597, 254], [1597, 309], [1471, 309]], '그래서', 0.9999876802429084), ([[1626, 260], [1706, 260], [1706, 302], [1626, 302]], '그:', 0.8984547836812597), ([[1467, 294], [1634, 294], [1634, 357], [1467, 357]], '여러분의', 0.999709963798523), ([[268, 372], [354, 372], [354, 426], [268, 426]], '나도', 0.9999669570306657), ([[1464, 335], [1730, 335], [1730, 443], [1464, 443]], '환망다 조각을', 0.04359475181040162), ([[1510, 387], [1592, 387], [1592, 440], [1510, 440]], '으지', 0.9959623633004558), ([[265, 415], [470, 415], [470, 477], [265, 477]], '에로게임은', 0.9954001618063425), ([[1468, 431], [1755, 431], [1755, 493], [1468, 493]], '못햇다는껍니까', 0.6220520451809071), ([[263, 459], [433, 459], [433, 523], [263, 523]], '해본적이', 0.5714174868577928), ([[267, 505], [358, 505], [358, 565], [267, 565]], '없네', 0.9681677523370522), ([[132, 944], [171, 944], [171, 981], [132, 981]], '9', 0.7008190871761713), ([[1672, 956], [1752, 956], [1752, 1005], [1672, 1005]], '으으', 0.9494129722721638), ([[1375, 1008], [1466, 1008], [1466, 1057], [1375, 1057]], '아냐', 0.9998389185451397), ([[1668, 1002], [1704, 1002], [1704, 1042], [1668, 1042]], '미', 0.9999984502798362), ([[1375, 1051], [1538, 1051], [1538, 1106], [1375, 1106]], '괜찮다고', 0.9998096823692322), ([[1665, 1040], [1759, 1040], [1759, 1095], [1665, 1095]], '미안:', 0.9915686273405057), ([[1374, 1093], [1501, 1093], [1501, 1154], [1374, 1154]], '생각해', 0.9998270434837556), ([[596, 1257], [694, 1257], [694, 1458], [596, 1458]], '촬', 0.0031857788406715187), ([[639, 1305], [688, 1305], [688, 1363], [639, 1363]], '럼', 0.4743082105762575), ([[635, 1348], [737, 1348], [737, 1454], [635, 1454]], "'현계", 0.1108184049168261), ([[678, 1353], [723, 1353], [723, 1402], [678, 1402]], '게', 0.9999310982175444), ([[1352, 1302], [1487, 1302], [1487, 1413], [1352, 1413]], '봉결로', 0.0940859716749779), ([[1428, 1395], [1523, 1395], [1523, 1455], [1428, 1455]], '[키논', 0.35562700401398606), ([[1351, 1387], [1497, 1387], [1497, 1551], [1351, 1551]], '출질하는', 0.016171416267752647), ([[636, 1851], [720, 1851], [720, 2187], [636, 2187]], '#', 0.024579843656580502), ([[1493, 2017], [1618, 2017], [1618, 2185], [1493, 2185]], '>', 0.3686091420586344), ([[75, 2712], [165, 2712], [165, 2752], [75, 2752]], '디사)', 0.0022856121405426715), ([[1866, 2703], [1908, 2703], [1908, 2741], [1866, 2741]], '29', 0.7934784817759254)]
[([[0, 97], [368, 97], [368, 253], [0, 253]], '*(', 0.2536803659741702), ([[923, 212], [1711, 212], [1711, 267], [923, 267]], '2고:하하자하습855)+)손32단01벼내# !', 0.0007482429884990104), ([[91, 233], [133, 233], [133, 273], [91, 273]], '및?', 0.0051631402629684275), ([[0, 246], [372, 246], [372, 435], [0, 435]], '"*0 7', 0.2256676298698693), ([[1118, 326], [1720, 326], [1720, 382], [1118, 382]], "--/ -9)')진) [2*<내#", 0.0020194559815993884), ([[206, 366], [277, 366], [277, 434], [206, 434]], '용', 0.12587256207713526), ([[893, 385], [1646, 385], [1646, 440], [893, 440]], '년근-심쏟-()5--와소#포-(내:-1', 0.001092344328439617), ([[1070, 438], [1703, 438], [1703, 499], [1070, 499]], '10주6하298내리0#디:내소:', 0.00039464410051944795), ([[963, 500], [1720, 500], [1720, 555], [963, 555]], '고0#숲고#@물결*##어(+)-1<합', 0.0018223884688761999), ([[0, 487], [367, 487], [367, 639], [0, 639]], '*  ', 0.22631050589726381), ([[905, 609], [1719, 609], [1719, 673], [905, 673]], "콤짝0-52니 | 물고+:-다(:나':내버가)", 0.00011619502780750122), ([[0, 654], [39, 654], [39, 700], [0, 700]], '시소', 0.00014340180990160542), ([[53, 649], [119, 649], [119, 727], [53, 727]], '%', 0.022172781593553736), ([[88, 632], [375, 632], [375, 794], [88, 794]], '93*', 0.4807452159288268), ([[816, 669], [1717, 669], [1717, 729], [816, 729]], '~-나*기내0가3켜고하2<한2<)름국욱내:학논', 0.0005775441364170559), ([[0, 719], [88, 719], [88, 808], [0, 808]], '?', 0.01896643413806487), ([[822, 725], [1724, 725], [1724, 790], [822, 790]], '미걀류기궁( =)-)운월치고논2(*끗0넘끗풍<새', 0.0004925751316909109), ([[1117, 783], [1724, 783], [1724, 844], [1117, 844]], '0당 1-다09치다:137:<합', 0.00013872623968078058), ([[935, 842], [1730, 842], [1730, 902], [935, 902]], "1실)7시-)사 ) 옷내하익다 틈-다상')", 0.002031345966384437), ([[0, 863], [376, 863], [376, 1036], [0, 1036]], '*8*3(', 0.02246183472018148), ([[1226, 902], [1722, 902], [1722, 955], [1226, 955]], '초)-기 내 치고*춤":내1', 0.00033869641916715594), ([[888, 1013], [1724, 1013], [1724, 1075], [888, 1075]], '하심로#피-주(-) -15)0) 더중 4<합', 0.00015290882715444161), ([[0, 1043], [39, 1043], [39, 1094], [0, 1094]], '친"', 0.0275562638917245), ([[91, 1019], [377, 1019], [377, 1182], [91, 1182]], '87', 0.24170084066469455), ([[731, 1070], [1731, 1070], [1731, 1134], [731, 1134]], '[)하) [더구9 #품고-)3-)3*91) 3+) -1흔티만+07', 0.0010562272788514555), ([[0, 1094], [91, 1094], [91, 1205], [0, 1205]], '3', 0.785690561611375), ([[203, 1137], [280, 1137], [280, 1214], [203, 1214]], '18', 0.010990723850575425), ([[933, 1126], [1728, 1126], [1728, 1189], [933, 1189]], '지,*`)다) 5내한-국하느(-고관9', 1.6858343678682816e-05), ([[0, 1196], [59, 1196], [59, 1314], [0, 1314]], '3', 0.5912702387246362), ([[851, 1247], [1718, 1247], [1718, 1302], [851, 1302]], "리*디금 .소고#멸고습다쨌하+)하'):내#5", 0.0003936215860377267), ([[0, 1258], [371, 1258], [371, 1419], [0, 1419]], '* 7  <', 0.061329555234649696), ([[1256, 1305], [1718, 1305], [1718, 1358], [1256, 1358]], '틈#디[취-청.5추 1<합 !', 0.00010476452666013631), ([[1196, 1357], [1717, 1357], [1717, 1419], [1196, 1419]], "허')+)95고70:내초- ! !", 0.01038025006606967), ([[98, 1398], [138, 1398], [138, 1438], [98, 1438]], '평;', 0.0015575729286880229), ([[55, 1426], [117, 1426], [117, 1501], [55, 1501]], '@', 0.15498066222875284), ([[266, 1425], [368, 1425], [368, 1538], [266, 1538]], '8', 0.6603193681854123), ([[1600, 1476], [1734, 1476], [1734, 1529], [1600, 1529]], '#닷', 0.0707934065625164), ([[0, 1493], [88, 1493], [88, 1584], [0, 1584]], '3', 0.2721438008586716), ([[0, 1513], [327, 1513], [327, 1724], [0, 1724]], '53로#', 0.006139352452009916), ([[0, 1646], [373, 1646], [373, 1807], [0, 1807]], '*7{', 0.2724259388269237), ([[0, 1816], [46, 1816], [46, 1867], [0, 1867]], '83@', 0.005981219800088819), ([[58, 1813], [124, 1813], [124, 1890], [58, 1890]], '%', 0.04929825341363969), ([[98, 1808], [372, 1808], [372, 1953], [98, 1953]], '937', 0.17814676048586245), ([[0, 1883], [92, 1883], [92, 1975], [0, 1975]], '%', 0.029045355396366768), ([[220, 1918], [281, 1918], [281, 1985], [220, 1985]], '불리', 0.0001799652096009189), ([[0, 1922], [330, 1922], [330, 2111], [0, 2111]], '3* :', 0.04619099571631466), ([[0, 2033], [375, 2033], [375, 2198], [0, 2198]], '*이{', 0.053105180087181), ([[280, 2175], [318, 2175], [318, 2214], [280, 2214]], '일@', 0.09379831722597717), ([[101, 2192], [378, 2192], [378, 2342], [101, 2342]], '87', 0.2273981760387059), ([[495, 2293], [721, 2293], [721, 2341], [495, 2341]], '-`서) 31 씨', 0.003649444365958761), ([[0, 2289], [334, 2289], [334, 2501], [0, 2501]], '3* #포', 0.009888241316410465), ([[497, 2390], [933, 2390], [933, 2443], [497, 2443]], '20134125311축손{;', 0.06380990705691472), ([[497, 2439], [757, 2439], [757, 2494], [497, 2494]], '주434-)1', 0.028631466690825315), ([[785, 2437], [1358, 2437], [1358, 2490], [785, 2490]], '오{+({시3*2< 3;53)', 0.009363601617607), ([[0, 2420], [255, 2420], [255, 2585], [0, 2585]], '동법', 0.0037885977084385486), ([[218, 2513], [271, 2513], [271, 2569], [218, 2569]], '@ @', 0.11080040115151592), ([[264, 2473], [370, 2473], [370, 2575], [264, 2575]], '4;', 0.07746975987559741), ([[500, 2489], [634, 2489], [634, 2542], [500, 2542]], '국교품', 0.0011704780787808618), ([[660, 2483], [1204, 2483], [1204, 2544], [660, 2544]], "#가' (판답촌 코#*?06)", 0.0004452783137904139), ([[497, 2538], [593, 2538], [593, 2591], [497, 2591]], '디뭐]', 0.021920286548734215), ([[622, 2541], [716, 2541], [716, 2586], [622, 2586]], '능100', 0.003823287319391966), ([[62, 2591], [128, 2591], [128, 2664], [62, 2664]], '8', 0.005169198975343348), ([[497, 2587], [634, 2587], [634, 2640], [497, 2640]], '교(#', 0.020893290785091896), ([[662, 2584], [1096, 2584], [1096, 2649], [662, 2649]], '"요+리처_!@룹어+금리;|.표아갑', 5.849976433180005e-07), ([[263, 2585], [375, 2585], [375, 2704], [263, 2704]], '향', 0.03147278242355278), ([[498, 2640], [572, 2640], [572, 2685], [498, 2685]], '시내', 0.009104222354676492), ([[603, 2638], [1097, 2638], [1097, 2691], [603, 2691]], '훌+명://커나261093.뉴웬2표어천/', 2.4447111900085662e-05), ([[217, 2692], [288, 2692], [288, 2761], [217, 2761]], ' @', 0.20335943685249908), ([[0, 2751], [61, 2751], [61, 2864], [0, 2864]], '5', 0.18455429108314636), ([[126, 2833], [242, 2833], [242, 2880], [126, 2880]], '평', 0.0012940192979860182), ([[238.56570927681108, 37.10339400999645], [299.6086257045056, -9.981461553891549], [396.4342907231889, 125.89660599000355], [335.3913742954944, 173.98146155389156]], '8', 0.30713420672933056), ([[87.17885819804302, -2.9740404709203396], [330.9643424964842, 79.03780270533906], [291.82114180195697, 180.97404047092033], [49.035657503515765, 99.96219729466094]], '앗*3', 0.08029517531394958), ([[90.05888061638662, 346.0246197729843], [347.67242534870616, 429.58161115517726], [295.9411193836134, 572.9753802270156], [38.32757465129386, 489.41838884482274]], '**중드', 0.1203635111451149), ([[241.74390260113054, 415.0719526298358], [311.6347785605808, 372.0183309019518], [394.25609739886943, 523.9280473701642], [324.3652214394192, 566.9816690980482]], '8', 0.09881337995842898), ([[48.555534856852, 782.110883425372], [278.243401614658, 717.0625740231482], [324.444465143148, 945.889116574628], [95.756598385342, 1010.9374259768518]], '*', 0.918422160979393), ([[242.72835684014635, 807.0811833531415], [305.59418639984216, 762.0176684826519], [398.2716431598537, 904.9188166468585], [336.40581360015784, 949.9823315173481]], '8', 0.6055476978065464), ([[83.30441243226117, 982.0269203761692], [152.1336159019414, 1010.5126031523528], [102.69558756773883, 1128.9730796238307], [33.8663840980586, 1101.4873968476472]], '*', 0.9989600502539275), ([[92.05888061638662, 1121.0246197729844], [350.6354429416204, 1202.3956758951433], [298.9411193836134, 1347.9753802270156], [41.3645570583796, 1265.6043241048567]], '**중', 0.07151933118188991), ([[243.66082103998605, 1197.0900756958968], [305.59068280754434, 1150.017460552501], [402.33917896001395, 1290.9099243041032], [339.40931719245566, 1338.982539447499]], '8', 0.5079356959467987), ([[154.082420613745, 1394.0247813542824], [305.92947833983425, 1492.4531441110812], [226.917579386255, 1612.9752186457176], [75.07052166016575, 1513.5468558889188]], '8*', 0.3407228870766196), ([[244.5461990789988, 1584.096493092491], [307.64975108829873, 1537.0192066077511], [403.4538009210012, 1680.903506907509], [340.35024891170127, 1727.9807933922489]], '8', 0.4596354707327919), ([[245.5461990789988, 1972.096493092491], [308.64975108829873, 1925.0192066077511], [404.4538009210012, 2068.903506907509], [341.35024891170127, 2115.980793392249]], '8', 0.8917804945082395), ([[249.4443650813896, 2362.1105555697272], [311.6654456644208, 2314.020146537057], [405.5556349186104, 2453.8894444302728], [343.3345543355792, 2500.979853462943]], '8', 0.7055573988669153), ([[159.11116502658734, 2553.0232520078184], [310.98980185139885, 2661.411244490298], [226.88883497341266, 2777.9767479921816], [75.01019814860115, 2669.588755509702]], '8*', 0.35902838996163916), ([[249.81787110214887, 2744.0701172580507], [313.580415215046, 2700.0168583012087], [406.1821288978511, 2847.9298827419493], [343.419584784954, 2891.9831416987913]], '8', 0.15510721083657675), ([[99.1465817537794, 2714.028042657447], [344.94324493877076, 2789.78657078699], [308.8534182462206, 2891.971957342553], [63.056755061229254, 2816.21342921301]], '<:3', 0.017674921220353676)]
[([[1020, 2111], [1113, 2111], [1113, 2159], [1020, 2159]], '5^꼴', 0.06976771719957484), ([[760, 2149], [789, 2149], [789, 2182], [760, 2182]], '2', 0.9993228866854942), ([[330, 2178], [463, 2178], [463, 2233], [330, 2233]], '$시.:', 0.0013860127655789256), ([[861, 2150], [1240, 2150], [1240, 2236], [861, 2236]], "거`; 사' 묘:.5:)-$", 5.788542063547823e-05), ([[879, 2237], [968, 2237], [968, 2287], [879, 2287]], "'어핵", 0.005046040822173794), ([[1049.0892107341047, 1993.1531065514482], [1227.0141322374873, 1978.3881049970437], [1228.9107892658953, 2078.846893448552], [1050.9858677625127, 2094.6118950029563]], '[', 0.008878682799951187), ([[858.2540721140621, 2011.1276903756218], [1026.9639797218665, 2000.312765287338], [1026.745927885938, 2102.8723096243784], [858.0360202781335, 2113.6872347126623]], '벼릇', 0.01745531641929401), ([[433.3405467569324, 2056.2984057305025], [840.3812244870004, 2022.1963531740573], [840.6594532430676, 2123.7015942694975], [434.61877551299966, 2157.8036468259425]], '57틈꼴)', 0.007731627648503467), ([[1108.2802656784306, 2109.3885579247044], [1225.6677401013653, 2098.403853844776], [1227.7197343215694, 2137.6114420752956], [1110.3322598986347, 2148.596146155224]], '3어어쪽', 0.005050503648817539), ([[787.6366360300184, 2142.30029963302], [1026.833990628801, 2119.7222932258674], [1029.3633639699815, 2160.69970036698], [790.1660093711989, 2182.2777067741326]], '0시-5:~이이', 4.212550132427142e-05), ([[457.5278640450004, 2177.7639320225003], [761.8725197708985, 2147.8781483688995], [764.4721359549995, 2187.2360679774997], [461.1274802291014, 2217.1218516311005]], '지^꼬^히:-시:^', 0.0008402387124095502), ([[797.5640836827645, 2199.266617575188], [863.2742267698496, 2193.702297003614], [866.4359163172355, 2232.733382424812], [799.7257732301504, 2238.297702996386]], '교미어', 0.0008352823394522237), ([[686.7639320225002, 2211.5278640450006], [798.4721359549995, 2198.7639320225003], [802.2360679774998, 2240.4721359549994], [689.5278640450005, 2253.2360679774997]], '내,+', 0.027145594520573947), ([[1121.930985278494, 2219.448167612687], [1240.5690577431012, 2208.9693076697326], [1242.069014721506, 2250.551832387313], [1123.4309422568988, 2261.0306923302674]], '이꼴오', 0.004410523876443317), ([[965.5717853441068, 2235.6292136193924], [1124.6971110843024, 2220.286189198971], [1127.4282146558933, 2262.3707863806076], [967.3028889156977, 2277.713810801029]], '4-신-3', 0.0014547968728075649)]
[([[1469, 254], [1594, 254], [1594, 305], [1469, 305]], '그래서', 0.9985535144805908), ([[1628, 258], [1672, 258], [1672, 302], [1628, 302]], '그', 0.38854590238089104), ([[1468, 296], [1634, 296], [1634, 356], [1468, 356]], '여러분의', 0.9995037913322449), ([[1468, 341], [1726, 341], [1726, 403], [1468, 403]], '희망의 조각올', 0.7550575192627351), ([[268, 372], [356, 372], [356, 426], [268, 426]], '나도', 0.9999812868505445), ([[1472, 387], [1594, 387], [1594, 438], [1472, 438]], '모으지', 0.6807860115689967), ([[265, 417], [470, 417], [470, 477], [265, 477]], '에로게임은', 0.992853489356202), ([[1468, 431], [1757, 431], [1757, 495], [1468, 495]], '못햇다는껍니까', 0.37940163936547905), ([[266, 464], [431, 464], [431, 519], [266, 519]], '해본적이', 0.7991592219844965), ([[268, 509], [355, 509], [355, 564], [268, 564]], '없네', 0.994900339371821), ([[245, 571], [517, 571], [517, 664], [245, 664]], '역식후기', 0.9959128499031067), ([[253, 845], [1436, 845], [1436, 914], [253, 914]], '소고교급 보건위원이 아니라 조고교급 성노예없어~~~!!!!', 0.6223728874446935), ([[253, 951], [1204, 951], [1204, 1019], [253, 1019]], '유즈키 여사님의 슈퍼단간큼파2 동인지입니다', 0.622241189055946), ([[1667, 954], [1752, 954], [1752, 1005], [1667, 1005]], '으으', 0.7310937174057758), ([[248, 998], [853, 998], [853, 1070], [248, 1070]], '이게 왜 안뜨다 햇는데 1년이', 0.2750197945168062), ([[803, 994], [1014, 994], [1014, 1129], [803, 1129]], '이해든주', 0.014104208908975124), ([[958, 1003], [1501, 1003], [1501, 1071], [958, 1071]], '지난 시점에 업로드되네요', 0.7603098824828749), ([[246, 1047], [601, 1047], [601, 1171], [246, 1171]], '옥장월인하불- ', 0.0413861306844223), ([[492, 1037], [754, 1037], [754, 1183], [492, 1183]], '불출%약', 0.01677064783871174), ([[703, 1052], [808, 1052], [808, 1118], [703, 1118]], '약간', 0.9999427373908337), ([[1003, 1048], [1360, 1048], [1360, 1125], [1003, 1125]], '어려움것 간데요', 0.22410703971559806), ([[1375, 1051], [1540, 1051], [1540, 1108], [1375, 1108]], '괜찮다고', 0.9965440630912781), ([[1665, 1044], [1754, 1044], [1754, 1095], [1665, 1095]], '미안', 0.9994065396702531), ([[298, 1104], [414, 1104], [414, 1172], [298, 1172]], '낭 떡-', 0.5813050458368575), ([[395, 1097], [516, 1097], [516, 1222], [395, 1222]], "'피뜻", 0.0066250449310221535), ([[1375, 1096], [1502, 1096], [1502, 1153], [1375, 1153]], '생각해', 0.6764601744014561), ([[251, 1156], [396, 1156], [396, 1222], [251, 1222]], '어자피', 0.9925289544977824), ([[457, 1150], [854, 1150], [854, 1229], [457, 1229]], '통인지가 스포일런', 0.8861387117610812), ([[1202, 1157], [1803, 1157], [1803, 1230], [1202, 1230]], '이해틀 위해 살짝 설정하자면', 0.6568683804581011), ([[254, 1213], [445, 1213], [445, 1268], [254, 1268]], '즈미키가', 0.13911648094654083), ([[394, 1201], [650, 1201], [650, 1336], [394, 1336]], '가 재활데', 0.059297352946114316), ([[1248, 1209], [1760, 1209], [1760, 1278], [1248, 1278]], '하느건 거짓말이 아니라', 0.5064880692646261), ([[251, 1261], [398, 1261], [398, 1325], [251, 1325]], '기억의', 0.8299563527107239), ([[1357, 1305], [1445, 1305], [1445, 1367], [1357, 1367]], '분명', 0.9999643439523481), ([[251, 1352], [1464, 1352], [1464, 1442], [251, 1442]], '그나전나 이 동인지에_살짝 축수라던가 움간이 들어있는데', 0.2326981531530357), ([[251, 1412], [1777, 1412], [1777, 1490], [251, 1490]], '축수까지는_무리터라도 유즈키 여사님이 운간물 하나 패려워으면 중직어요', 0.05077692051569264), ([[250, 1467], [1035, 1467], [1035, 1535], [250, 1535]], '언제까지 교대] 꼴7적에 만족 할겁니까!', 0.03232078123159131), ([[1356, 1464], [1492, 1464], [1492, 1548], [1356, 1548]], '돌러야', 0.07048400332300551), ([[251, 1516], [1349, 1516], [1349, 1594], [251, 1594]], '시7규당한 끝에 운간으로 마무리되면 참으로 중플렌데.', 0.08692266282432508), ([[313, 1627], [361, 1627], [361, 1687], [313, 1687]], '논', 0.8705136327922105), ([[358, 1615], [838, 1615], [838, 1750], [358, 1750]], '배핸률.-고 슬월질', 0.004899271546359506), ([[832, 1624], [1397, 1624], [1397, 1692], [832, 1692]], '활동 좀 활발하게 해주세요', 0.9662875232661484), ([[1384, 1651], [1529, 1651], [1529, 1682], [1384, 1682]], ':;;까까', 0.0008194055698670091), ([[249, 1673], [384, 1673], [384, 1745], [249, 1745]], '1년에', 0.5916796434087933), ([[789, 1675], [1350, 1675], [1350, 1744], [789, 1744]], "좋아햇어' 5화는 대체 언제.", 0.3589050184492006), ([[642, 1854], [717, 1854], [717, 2181], [642, 2181]], '#', 0.26943400466459266), ([[1376, 2150], [1780, 2150], [1780, 2236], [1376, 2236]], '2015/04/06', 0.5158102853265333), ([[1381, 2222], [1719, 2222], [1719, 2311], [1381, 2311]], '31. 히리토', 0.07458645639594703), ([[75, 2712], [165, 2712], [165, 2752], [75, 2752]], '드꼴)', 0.00875431729116891), ([[1866, 2703], [1908, 2703], [1908, 2741], [1866, 2741]], '29', 0.9993096201484888), ([[621.9316925193904, 1173.2150168876715], [1247.3035471381795, 1100.5285199871735], [1252.0683074806097, 1287.7849831123285], [626.6964528618205, 1359.4714800128265]], "'앞콤울런특선이넘%하워요", 0.0002982287960750085)]
