803518
65
[]
[([[489, 383], [551, 383], [551, 397], [489, 397]], '번역:드-어9', 0.007913540009197612), ([[488, 397], [553, 397], [553, 418], [488, 418]], "'식자:토이어5", 0.007693844568521266)]
[([[903, 49], [1135, 49], [1135, 233], [903, 233]], '금겨로', 0.015759130911842043), ([[917, 209], [962, 209], [962, 292], [917, 292]], '흙', 0.05277395366405835), ([[1029, 197], [1071, 197], [1071, 277], [1029, 277]], '적', 0.925537948614167), ([[1081, 155], [1125, 155], [1125, 359], [1081, 359]], '국', 0.027124024071963015), ([[910, 230], [1026, 230], [1026, 481], [910, 481]], '#', 0.04803520331241007), ([[1031, 275], [1073, 275], [1073, 367], [1031, 367]], '원', 0.36805950843542234), ([[977, 449], [1019, 449], [1019, 571], [977, 571]], '출', 0.04688201232976841), ([[1026, 366], [1130, 366], [1130, 576], [1026, 576]], '꿀', 0.0008549361572005899), ([[1083, 505], [1125, 505], [1125, 547], [1083, 547]], '마', 0.9999592308385132), ([[1078, 542], [1127, 542], [1127, 629], [1078, 629]], '숲', 0.255798859231934), ([[77, 635], [235, 635], [235, 727], [77, 727]], '뿐 실 성', 0.17299220020831085), ([[247, 638], [291, 638], [291, 762], [247, 762]], '약', 0.009361838171489945), ([[962, 574], [1134, 574], [1134, 770], [962, 770]], '#;류', 0.0016735584691858843), ([[72, 722], [300, 722], [300, 872], [72, 872]], '열경몇 흙', 0.039500833529925373), ([[975, 756], [1019, 756], [1019, 879], [975, 879]], '뿐', 0.20122706163185544), ([[68, 811], [304, 811], [304, 1017], [68, 1017]], '출터다', 0.01817147910055889), ([[133, 961], [175, 961], [175, 1053], [133, 1053]], '월', 0.23660856781058115), ([[133, 1055], [175, 1055], [175, 1137], [133, 1137]], '탓', 0.6541121924543667), ([[248, 1002], [292, 1002], [292, 1131], [248, 1131]], '딴', 0.04697791232246473), ([[131, 1147], [175, 1147], [175, 1311], [131, 1311]], '햇', 0.003752775717248691), ([[186, 958], [236, 958], [236, 1514], [186, 1514]], '{', 0.8339215411743659), ([[242, 1134], [290, 1134], [290, 1390], [242, 1390]], '@', 0.05994736066910478), ([[133, 1325], [175, 1325], [175, 1447], [133, 1447]], '낮', 0.15400215281787055), ([[132, 1456], [176, 1456], [176, 1587], [132, 1587]], '출', 0.09107765320405381), ([[249, 1391], [291, 1391], [291, 1595], [249, 1595]], '#', 0.05686382747968821), ([[788.1194299994187, 1542.4777199976747], [950.5797393923427, 1416.004450383079], [1021.8805700005813, 1533.5222800023253], [859.4202606076573, 1660.995549616921]], '권>', 0.0058586787250886185), ([[967.6140041121014, 1585.4876139811447], [1089.0807899922138, 1538.6547598833765], [1121.3859958878986, 1642.5123860188553], [999.9192100077863, 1690.3452401166235]], '0', 0.7180541478962965)]
[([[107, 77], [297, 77], [297, 203], [107, 203]], ' 발월활', 0.004975984338670969), ([[157, 165], [202, 165], [202, 242], [157, 242]], '밖', 0.1261797380447014), ([[102, 190], [303, 190], [303, 394], [102, 394]], '떼', 0.012266812841479402), ([[398, 308], [424, 308], [424, 388], [398, 388]], '푹', 0.08102862442430947), ([[101, 305], [257, 305], [257, 479], [101, 479]], ' 골론', 0.018149089082085672), ([[209, 423], [245, 423], [245, 467], [209, 467]], '논', 0.7548886059767348), ([[1219, 425], [1263, 425], [1263, 467], [1219, 467]], '그', 0.07720900380905338), ([[1411, 507], [1449, 507], [1449, 577], [1411, 577]], '몇', 0.05797581012713238), ([[1460, 500], [1559, 500], [1559, 618], [1460, 618]], '딸 #', 0.04146037314687427), ([[1565, 505], [1603, 505], [1603, 679], [1565, 679]], '닭', 0.0017576976619354673), ([[1409, 585], [1449, 585], [1449, 699], [1409, 699]], '돌', 0.08173679732411543), ([[1516, 618], [1554, 618], [1554, 722], [1516, 722]], '말', 0.03692753698203455), ([[1411, 701], [1447, 701], [1447, 741], [1411, 741]], '수', 0.9999866486041356), ([[1413, 747], [1451, 747], [1451, 909], [1413, 909]], '~', 0.0050942998645622795), ([[1463, 619], [1503, 619], [1503, 883], [1463, 883]], '{', 0.12171344405797502), ([[1517, 735], [1553, 735], [1553, 841], [1517, 841]], '영', 0.06792068625042536), ([[1408, 880], [1504, 880], [1504, 986], [1408, 986]], '축 몇', 0.09319745749235153), ([[1255.6105616635355, 451.0151892932538], [1294.328237787008, 439.01078563747956], [1339.3894383364645, 588.9848107067462], [1301.671762212992, 600.9892143625204]], '"', 0.9827137157137713)]
[([[1496, 118], [1522, 118], [1522, 142], [1496, 142]], '너', 0.8696156207681724), ([[1510, 148], [1536, 148], [1536, 182], [1510, 182]], '무', 0.9993485081682962), ([[1526, 194], [1552, 194], [1552, 224], [1526, 224]], '커', 0.48910717901552303), ([[485, 197], [528, 197], [528, 272], [485, 272]], '3', 0.8406778089686817)]
[([[1145, 127], [1187, 127], [1187, 213], [1145, 213]], '옷', 0.043096793809812795), ([[568, 310], [680, 310], [680, 410], [568, 410]], '=[9', 0.023911179001219904), ([[185, 669], [247, 669], [247, 759], [185, 759]], '틈', 0.09939108058011925), ([[690, 766], [738, 766], [738, 822], [690, 822]], '후', 0.30587443524456503)]
[([[1137, 47], [1229, 47], [1229, 151], [1137, 151]], '17', 0.48733678710366973), ([[628, 106], [660, 106], [660, 200], [628, 200]], '옷', 0.9415463237237418), ([[638, 206], [664, 206], [664, 242], [638, 242]], '2', 0.9781977974268017), ([[819, 189], [863, 189], [863, 329], [819, 329]], '춤', 0.20547051422568074), ([[774, 358], [830, 358], [830, 503], [774, 503]], '춤', 0.6878834041604911), ([[625, 531], [739, 531], [739, 699], [625, 699]], '새', 0.6381692264904046), ([[124, 838], [172, 838], [172, 946], [124, 946]], '옷', 0.9872703565182661), ([[268, 804], [414, 804], [414, 948], [268, 948]], '새7', 0.2717598075383518), ([[662, 764], [810, 764], [810, 922], [662, 922]], '["7', 0.3002450833367246)]
[([[1014, 212], [1062, 212], [1062, 274], [1014, 274]], '응', 0.9993505340669948), ([[320, 256], [368, 256], [368, 320], [320, 320]], '옷', 0.564893461784223), ([[463, 257], [508, 257], [508, 350], [463, 350]], '9', 0.8957483000338051), ([[561, 1233], [669, 1233], [669, 1379], [561, 1379]], '{', 0.14294316469367718), ([[586, 1382], [688, 1382], [688, 1548], [586, 1548]], '국', 0.1363105040407584)]
[([[447, 163], [489, 163], [489, 221], [447, 221]], '응', 0.999238874360131), ([[343, 289], [387, 289], [387, 383], [343, 383]], '앞', 0.0570108819374584), ([[87, 435], [171, 435], [171, 543], [87, 543]], "'6'", 0.11792972091404785), ([[979, 553], [1019, 553], [1019, 601], [979, 601]], '대', 0.35180799605088), ([[964, 868], [1014, 868], [1014, 982], [964, 982]], '향', 0.8414456064571283), ([[763.3555226651007, 1388.0148418326855], [870.7725938126373, 1420.9752102180043], [804.6444773348993, 1632.9851581673145], [696.2274061873627, 1600.0247897819957]], '주', 0.06452355898967088)]
[([[927, 81], [967, 81], [967, 151], [927, 151]], '옷', 0.9571969148728989), ([[356, 342], [408, 342], [408, 416], [356, 416]], '대', 0.4096404184775224), ([[1005, 187], [1069, 187], [1069, 389], [1005, 389]], '#', 0.11995917875143736), ([[183, 737], [221, 737], [221, 773], [183, 773]], '아', 0.8498276902462045), ([[992, 804], [1037, 804], [1037, 927], [992, 927]], '%', 0.4170192950282967), ([[224, 1058], [298, 1058], [298, 1138], [224, 1138]], '0', 0.009831661100375089), ([[541, 1127], [605, 1127], [605, 1318], [541, 1318]], '5', 0.23157719832664103), ([[971, 1285], [1035, 1285], [1035, 1503], [971, 1503]], '{', 0.11222548481278327), ([[801, 1416], [885, 1416], [885, 1612], [801, 1612]], '{', 0.04049133176003061), ([[102.59821929032564, 1111.013467425852], [148.5012357881206, 1102.0209730988474], [178.40178070967434, 1271.986532574148], [133.4987642118794, 1280.9790269011526]], '"', 0.2155813594697884), ([[687.6281851971722, 1226.009881706838], [745.4089346651954, 1238.8861497852474], [704.3718148028278, 1427.990118293162], [646.5910653348046, 1416.1138502147526]], '"', 0.9999883175237443)]
[([[987, 111], [1029, 111], [1029, 149], [987, 149]], '아', 0.9999858141448534), ([[319, 157], [359, 157], [359, 197], [319, 197]], '아', 0.9999886751495559), ([[599, 1049], [661, 1049], [661, 1125], [599, 1125]], '7', 0.46660050899754424), ([[687, 1371], [796, 1371], [796, 1580], [687, 1580]], '경', 0.2842679445975591), ([[685, 1567], [723, 1567], [723, 1605], [685, 1605]], '5', 0.16673508727045405), ([[380.6534974254763, 1007.0200778590962], [407.4243707277114, 1012.3597030413155], [390.3465025745237, 1098.9799221409037], [363.5756292722886, 1093.6402969586845]], '북', 0.3972177383935218), ([[112.50835155873693, 1118.285911702569], [171.7268845898313, 1064.0240426935477], [267.49164844126307, 1182.714088297431], [207.2731154101687, 1236.9759573064523]], '7', 0.024296002112706105), ([[627.3230609006602, 1125.0460365911945], [669.0440939256953, 1142.0334533695486], [606.6769390993398, 1295.9539634088055], [563.9559060743047, 1278.9665466304514]], '중', 0.08992154282292919), ([[168.2172729245717, 1209.0512742267447], [211.29505226280867, 1200.141430239675], [231.7827270754283, 1296.9487257732553], [187.70494773719133, 1306.858569760325]], '5', 0.07822922870382687), ([[948.0876568944764, 1276.0697698140964], [988.597022314126, 1259.02977685874], [1025.9123431055236, 1352.9302301859036], [986.402977685874, 1370.97022314126]], '"', 0.38771755132279395)]
[([[224, 292], [274, 292], [274, 428], [224, 428]], '흉', 0.03970835872213829), ([[721, 469], [761, 469], [761, 555], [721, 555]], '응', 0.8726976575990761), ([[795, 691], [857, 691], [857, 905], [795, 905]], '5', 0.6700143293588923), ([[1391, 637], [1455, 637], [1455, 855], [1391, 855]], '5', 0.5523394241979673), ([[1543, 939], [1583, 939], [1583, 987], [1543, 987]], '콩', 0.008032412424233082), ([[79, 931], [119, 931], [119, 1099], [79, 1099]], '올', 0.033421487826228224), ([[1185.40945502204, 569.015863409944], [1262.4696568023903, 545.0100308240665], [1328.59054497796, 776.984136590056], [1251.5303431976097, 800.9899691759335]], '(', 0.3045704840049126), ([[283.5755342621548, 630.0150330963826], [327.68071402652265, 646.2616095290743], [277.4244657378452, 782.9849669036174], [233.31928597347735, 767.7383904709257]], '"', 0.4543348493789381), ([[1038.4836107206709, 654.0148265396714], [1103.405992132311, 643.1105013570011], [1134.5163892793291, 845.9851734603286], [1069.594007867689, 856.8894986429989]], '{', 0.04960545164758856), ([[1559.5101234830722, 764.0150127740765], [1621.5968792626127, 771.8541998649426], [1600.4898765169278, 942.9849872259235], [1539.4031207373873, 935.1458001350574]], '국', 0.18234942606289994), ([[1415.5881756180086, 971.0106069893641], [1476.8470632560775, 960.0449711603161], [1513.4118243819914, 1180.989393010636], [1452.1529367439225, 1191.955028839684]], '{', 0.012584083728143014)]
[([[1261, 71], [1303, 71], [1303, 123], [1261, 123]], '1', 0.8831629162711039), ([[383, 245], [427, 245], [427, 381], [383, 381]], '하', 0.7823853210298104), ([[1437, 243], [1479, 243], [1479, 321], [1437, 321]], '4', 0.09070167637762339), ([[1449, 323], [1469, 323], [1469, 355], [1449, 355]], '4', 0.9537320592799006), ([[1484, 314], [1534, 314], [1534, 376], [1484, 376]], '스', 0.17464132831822), ([[387, 381], [427, 381], [427, 427], [387, 427]], '0', 0.530969178049645), ([[1508, 362], [1556, 362], [1556, 420], [1508, 420]], '거 ', 0.10566077562558655), ([[318, 412], [366, 412], [366, 534], [318, 534]], '%', 0.7171093563853361), ([[90, 638], [132, 638], [132, 758], [90, 758]], '낡', 0.26587915988764976), ([[267, 645], [335, 645], [335, 713], [267, 713]], '>7', 0.11355413859898936), ([[301, 693], [394, 693], [394, 749], [301, 749]], '>7 ,', 0.10450981786868259), ([[687, 651], [755, 651], [755, 809], [687, 809]], '"', 0.14704816574976665), ([[1119, 599], [1181, 599], [1181, 797], [1119, 797]], '"', 0.6857899297033079), ([[45, 859], [87, 859], [87, 907], [45, 907]], '9', 0.1094880736761894), ([[93, 773], [131, 773], [131, 941], [93, 941]], '%', 0.5962447711181653), ([[1372, 746], [1572, 746], [1572, 980], [1372, 980]], '유:', 0.08456854827415478), ([[915.5790763218342, 737.0126669424479], [966.3659908714052, 725.0095743561606], [1010.4209236781658, 916.9873330575521], [960.6340091285948, 929.9904256438394]], '{', 0.40547839880773395)]
[([[30, 81], [156, 81], [156, 242], [30, 242]], '형혀', 0.02354706582948541), ([[150, 62], [288, 62], [288, 329], [150, 329]], '#', 0.3460526968724622), ([[38, 256], [92, 256], [92, 406], [38, 406]], '줄', 0.4275551571300298), ([[224, 286], [276, 286], [276, 384], [224, 384]], '올', 0.04064779337127877), ([[1047, 305], [1087, 305], [1087, 397], [1047, 397]], '햇', 0.14648360432936958), ([[34, 422], [91, 422], [91, 623], [34, 623]], '흙', 0.011265287357447085), ([[82, 244], [291, 244], [291, 671], [82, 671]], '$', 0.0033282768874842855), ([[158, 555], [214, 555], [214, 715], [158, 715]], '꿀', 0.22137823542858204), ([[16, 613], [299, 613], [299, 892], [16, 892]], '기질', 0.0005495522578513669), ([[87, 800], [221, 800], [221, 1117], [87, 1117]], '#', 0.11102083504144744), ([[218, 882], [283, 882], [283, 993], [218, 993]], '핵', 0.24937085206785525), ([[160, 1004], [212, 1004], [212, 1120], [160, 1120]], '일', 0.0032715659409075087), ([[409, 1167], [473, 1167], [473, 1273], [409, 1273]], '38', 0.23999862203599356), ([[883, 1162], [921, 1162], [921, 1324], [883, 1324]], ' ', 0.03462833732260884)]
[([[301, 153], [343, 153], [343, 223], [301, 223]], '앗', 0.06543977387341116), ([[492, 320], [516, 320], [516, 356], [492, 356]], '4', 0.12816650395281215), ([[504, 356], [532, 356], [532, 388], [504, 388]], '7', 0.3860378132007014), ([[280, 299], [333, 299], [333, 518], [280, 518]], '흙', 0.037984740315666565), ([[1061, 437], [1103, 437], [1103, 527], [1061, 527]], '양', 0.898732505066878), ([[523, 1033], [543, 1033], [543, 1057], [523, 1057]], '5', 0.46107720947691533), ([[540, 1047], [591, 1047], [591, 1078], [540, 1078]], '45', 0.4470660314372278), ([[353, 1127], [417, 1127], [417, 1189], [353, 1189]], '9', 0.997922189646264), ([[139, 1267], [249, 1267], [249, 1389], [139, 1389]], '[중"', 0.26327346934956963), ([[634, 1256], [756, 1256], [756, 1486], [634, 1486]], '1', 0.18897228830566348), ([[1082, 1346], [1134, 1346], [1134, 1436], [1082, 1436]], '3', 0.995087116060521), ([[504, 1344], [608, 1344], [608, 1574], [504, 1574]], '8', 0.9838238053386625), ([[513.0064985989292, 246.1253445358238], [544.6082287370158, 233.04651320939752], [567.9935014010708, 292.87465546417616], [537.3917712629842, 305.9534867906025]], '#', 0.4207627393740019), ([[1006.709792392477, 247.0084291506044], [1048.0952908873087, 255.46020307749774], [1013.290207607523, 428.9915708493956], [971.9047091126913, 420.53979692250226]], "'", 0.7609667175627841), ([[970.457124714834, 458.0370104182882], [1002.218800784901, 463.6717988226486], [987.542875285166, 538.9629895817118], [955.781199215099, 533.3282011773514]], '봄', 0.27338088686570927)]
[([[1000, 44], [1056, 44], [1056, 104], [1000, 104]], '}', 0.01813331709996646), ([[493, 193], [555, 193], [555, 269], [493, 269]], "'7", 0.346490043841519), ([[486, 260], [514, 260], [514, 288], [486, 288]], '애', 0.110208359058249), ([[457, 275], [527, 275], [527, 339], [457, 339]], '97', 0.49218886107567844), ([[287, 453], [331, 453], [331, 599], [287, 599]], '움', 0.06929961753309044), ([[973, 543], [1013, 543], [1013, 595], [973, 595]], '응', 0.9996319155916353), ([[271, 1008], [417, 1008], [417, 1192], [271, 1192]], '셋', 0.16605617616177426), ([[330, 1188], [384, 1188], [384, 1288], [330, 1288]], '5', 0.49077233445092716), ([[711, 1299], [824, 1299], [824, 1551], [711, 1551]], '3', 0.01213138490314819), ([[691, 1547], [735, 1547], [735, 1595], [691, 1595]], '0', 0.214542674733341), ([[995.1055728090001, 127.08065044950047], [1029.507568440067, 106.02582928734367], [1078.894427191, 191.91934955049953], [1044.492431559933, 213.97417071265633]], '통', 0.01551485171095024), ([[482.08765689447637, 346.0697698140963], [526.5911688700771, 328.0291944122211], [562.9123431055236, 422.9302301859037], [518.4088311299229, 440.9708055877789]], '>', 0.02178368236940642)]
[([[702, 166], [754, 166], [754, 262], [702, 262]], '앞', 0.7344373420949069), ([[846, 68], [901, 68], [901, 175], [846, 175]], '회', 0.16167961406076703), ([[848, 172], [898, 172], [898, 230], [848, 230]], '틀', 0.9904054387006376), ([[912, 58], [1071, 58], [1071, 331], [912, 331]], '모#', 0.0003929130596378885), ([[848, 238], [900, 238], [900, 388], [848, 388]], '흙', 0.9756322702398847), ([[1003, 285], [1063, 285], [1063, 389], [1003, 389]], '안', 0.6746262637780696), ([[832, 323], [1078, 323], [1078, 584], [832, 584]], '#륭록', 0.0009188342686276365), ([[110, 590], [164, 590], [164, 742], [110, 742]], '히', 0.02937324391700713), ([[380, 648], [404, 648], [404, 698], [380, 698]], '대', 0.04226364944969774), ([[845, 575], [905, 575], [905, 729], [845, 729]], '볶', 0.008913273844124214), ([[913, 496], [1074, 496], [1074, 767], [913, 767]], '국통', 0.013399455024916322), ([[827, 672], [1082, 672], [1082, 943], [827, 943]], '젊출울', 0.009029571676671492), ([[404, 1120], [430, 1120], [430, 1146], [404, 1146]], '0', 0.6996334140385585), ([[64, 1138], [96, 1138], [96, 1198], [64, 1198]], '4', 0.7432362536852146), ([[944, 1196], [968, 1196], [968, 1224], [944, 1224]], '(', 0.7711800600211518), ([[957, 1131], [1025, 1131], [1025, 1231], [957, 1231]], '%', 0.10990366685382469), ([[47, 1191], [137, 1191], [137, 1317], [47, 1317]], '(중"', 0.14511429817508292), ([[267, 1311], [308, 1311], [308, 1382], [267, 1382]], "'", 0.0397425254465924), ([[792, 1342], [892, 1342], [892, 1540], [792, 1540]], '톤', 0.2964595369747691), ([[740.5347377531419, 450.0216939586192], [777.8424806123747, 445.07148841760795], [793.4652622468581, 566.9783060413808], [756.1575193876253, 571.928511582392]], ';', 0.6075386776751799), ([[347.16252172385566, 579.0439563766288], [416.9962541943164, 635.7552167083372], [372.83747827614434, 689.9560436233712], [303.0037458056836, 633.2447832916628]], '`고', 0.0184557884894385), ([[350.6159638731979, 1035.0105424922021], [405.54733871723045, 1024.0214313553122], [444.3840361268021, 1230.9894575077979], [388.45266128276955, 1241.9785686446878]], '$', 0.0035411390545862093), ([[213.59807905039844, 1222.0161802249409], [251.77981286736505, 1217.0611851733547], [266.40192094960156, 1355.9838197750591], [229.22018713263495, 1359.9388148266453]], '3', 0.8187356278000522)]
[([[81, 77], [121, 77], [121, 113], [81, 113]], '82', 0.06283351839707316), ([[83, 131], [115, 131], [115, 151], [83, 151]], '0', 0.1775032525237643), ([[831, 97], [871, 97], [871, 151], [831, 151]], '옷', 0.393828136768434), ([[67, 157], [113, 157], [113, 201], [67, 201]], '증', 0.0263853842277586), ([[829, 203], [871, 203], [871, 297], [829, 297]], '응', 0.7785622925861304), ([[238, 578], [292, 578], [292, 634], [238, 634]], '댐', 0.016502516503715592), ([[430, 720], [466, 720], [466, 748], [430, 748]], '54', 0.1967524903393281), ([[431, 769], [463, 769], [463, 789], [431, 789]], '0', 0.3041671987739534), ([[201, 887], [287, 887], [287, 1005], [201, 1005]], '4', 0.6729163136384528), ([[213, 985], [303, 985], [303, 1113], [213, 1113]], '}"', 0.054622483261857), ([[94.45478632894964, 529.0212650105553], [149.6752161227516, 522.2034088734077], [166.54521367105036, 670.9787349894447], [111.32478387724838, 677.7965911265923]], '?', 0.01852420622952966), ([[575.5658580780582, 1118.0117886362707], [637.6380151092914, 1112.1694887458268], [655.4341419219418, 1317.9882113637293], [593.3619848907086, 1323.8305112541732]], '#', 0.018439415219519084), ([[10.421852835649599, 1126.0152038773424], [88.56247042018776, 1109.1115342593166], [131.5781471643504, 1337.9847961226576], [53.437529579812235, 1353.8884657406834]], '7', 0.04716122973679049), ([[871.6432125019003, 1278.0079600425674], [936.4353438630112, 1288.7751531128424], [897.3567874980997, 1517.9920399574326], [832.5646561369888, 1507.2248468871576]], '7', 0.15073562746828717)]
[([[784, 146], [832, 146], [832, 226], [784, 226]], '3', 0.9982013452921059), ([[792, 246], [842, 246], [842, 360], [792, 360]], '쇼', 0.2533739030870983), ([[942, 342], [978, 342], [978, 366], [942, 366]], '34', 0.8006581699842343), ([[945, 389], [973, 389], [973, 407], [945, 407]], '아', 0.24649592969632295), ([[1385, 595], [1403, 595], [1403, 617], [1385, 617]], '너', 0.05933116490928203), ([[668, 640], [706, 640], [706, 670], [668, 670]], '34', 0.25663316489487054), ([[671, 691], [701, 691], [701, 709], [671, 709]], '야', 0.15719402249267578), ([[1374, 1008], [1476, 1008], [1476, 1136], [1374, 1136]], '숲유', 0.3167850671869183), ([[474, 1178], [506, 1178], [506, 1220], [474, 1220]], '움', 0.8926646466026256), ([[511, 1135], [549, 1135], [549, 1231], [511, 1231]], '올', 0.6725495565597193), ([[619, 1020], [684, 1020], [684, 1268], [619, 1268]], '4', 0.105231691251916), ([[160.3128932627759, 681.0295618482005], [221.27748928690707, 695.9876704326375], [192.6871067372241, 812.9704381517995], [131.72251071309293, 798.0123295673625]], '1', 0.9565914670287192), ([[1463.6386286971076, 850.0130760200856], [1501.3219113899897, 841.0103734551577], [1536.3613713028924, 997.9869239799144], [1498.6780886100103, 1005.9896265448423]], '%', 0.003814559077721713), ([[31.45478632894963, 1133.0212650105552], [82.18934841555352, 1125.1017791897896], [105.54521367105036, 1274.9787349894448], [54.810651584446475, 1283.8982208102104]], '씨', 0.10380527370331549), ([[472.35289989173407, 1222.052689339578], [508.4761317916494, 1219.282334746957], [513.6471001082659, 1290.947310660422], [478.5238682083506, 1294.717665253043]], '절', 0.8444461367935538), ([[788.7522775227263, 1278.005116049976], [837.1555346460606, 1286.4005651723023], [794.2477224772737, 1531.994883950024], [745.8444653539394, 1523.5994348276977]], ';', 0.6812741312643453)]
[([[915, 201], [963, 201], [963, 243], [915, 243]], '70', 0.21114552911873477), ([[920, 250], [946, 250], [946, 280], [920, 280]], '"', 0.08522710382681353), ([[1098, 386], [1148, 386], [1148, 534], [1098, 534]], '%', 0.03031017065355801), ([[204, 772], [256, 772], [256, 922], [204, 922]], '양', 0.01174433920239637), ([[1141, 1293], [1235, 1293], [1235, 1381], [1141, 1381]], '13 0', 0.05736813694238663), ([[51, 1293], [137, 1293], [137, 1457], [51, 1457]], '"', 0.009626149150122387), ([[899.3718912928917, 88.03296728247156], [947.1478977376314, 93.892090463466], [935.6281087071083, 194.96703271752844], [887.8521022623686, 190.107909536534]], '~', 0.04310661915548053), ([[593.7852532131767, 1158.06727891859], [665.6694882749562, 1121.0203922907192], [733.2147467868233, 1269.93272108141], [662.3305117250438, 1306.9796077092808]], '국', 0.21706775669669298), ([[477.33131690567467, 1292.012424762649], [725.7040594365019, 1468.7494185952653], [633.6686830943253, 1596.987575237351], [385.2959405634981, 1419.2505814047347]], ')4모,', 0.005950218997895718)]
[([[920, 104], [952, 104], [952, 140], [920, 140]], '~', 0.02352080070385032), ([[120, 460], [174, 460], [174, 656], [120, 656]], '8', 0.012933853318422506), ([[1106, 882], [1182, 882], [1182, 1012], [1106, 1012]], '뇌', 0.5937195814948524), ([[1134, 1002], [1236, 1002], [1236, 1274], [1134, 1274]], '%', 0.009916115036290307), ([[1036.5495148203677, 707.0753422755291], [1120.6243781216745, 643.0139300744929], [1245.4504851796323, 830.9246577244709], [1161.3756218783255, 894.9860699255071]], '0', 0.9644019527700607), ([[179.98816035190143, 971.0366128562395], [270.58771674177325, 921.0123415457969], [376.0118396480986, 1136.9633871437604], [285.41228325822675, 1186.987658454203]], '류', 0.010394353405751566)]
[([[628, 124], [706, 124], [706, 216], [628, 216]], '표선', 0.007531971727105355), ([[436, 178], [484, 178], [484, 276], [436, 276]], '양', 0.9905459087414705), ([[626, 234], [682, 234], [682, 302], [626, 302]], '17', 0.3820472359182496), ([[1434, 194], [1482, 194], [1482, 292], [1434, 292]], '앞', 0.9636972136087287), ([[1170, 952], [1292, 952], [1292, 1256], [1170, 1256]], '톤', 0.04143033212793967), ([[1415.4052762446836, 819.0196712947208], [1473.4301299374533, 790.010284307226], [1563.5947237553164, 987.9803287052792], [1505.5698700625467, 1016.989715692774]], '술', 0.8782148231471751), ([[545.434590929726, 838.013327710192], [631.3718980580229, 818.078678944077], [685.565409070274, 1073.986672289808], [599.6281019419771, 1093.921321055923]], '5', 0.08005784330511378), ([[151.1826829101357, 1010.0238777633202], [244.52992299913075, 964.010032822948], [355.81731708986433, 1208.9761222366799], [262.47007700086925, 1255.989967177052]], '(', 0.20980388956005047)]
[([[357, 123], [399, 123], [399, 165], [357, 165]], '기', 0.9999978542339392), ([[354, 164], [404, 164], [404, 354], [354, 354]], '총', 0.0018683418235243554), ([[516, 164], [612, 164], [612, 276], [516, 276]], '19', 0.4277558109586609), ([[1516, 482], [1566, 482], [1566, 630], [1516, 630]], '항', 0.5703756984645594), ([[1390, 614], [1438, 614], [1438, 674], [1390, 674]], '앗', 0.7071749686586806), ([[182, 602], [232, 602], [232, 790], [182, 790]], ' ', 0.01177352164805634), ([[258, 806], [336, 806], [336, 938], [258, 938]], '{', 0.008337368141283719), ([[612, 816], [688, 816], [688, 904], [612, 904]], "3'", 0.5092973398664133), ([[926, 766], [1030, 766], [1030, 902], [926, 902]], '}', 0.12506674416323804), ([[286, 956], [342, 956], [342, 1038], [286, 1038]], '6', 0.5671585892773834), ([[984, 1108], [1014, 1108], [1014, 1138], [984, 1138]], '프', 0.9983315280585572), ([[948, 1134], [980, 1134], [980, 1166], [948, 1166]], '프', 0.9923805259622362), ([[948, 1176], [980, 1176], [980, 1218], [948, 1218]], '중', 0.23545107288882505), ([[984, 1150], [1016, 1150], [1016, 1214], [984, 1214]], '%', 0.06471613780087981), ([[1412, 1006], [1527, 1006], [1527, 1280], [1412, 1280]], '#', 0.19594130934480347), ([[605.575735931288, 230.0301515190165], [632.3250520753829, 233.30848797187838], [624.424264068712, 305.9698484809835], [597.6749479246171, 303.6915120281216]], '"', 0.7257269774570752), ([[1402.1960103523052, 789.04050248782], [1452.456398324308, 751.0130293246082], [1559.8039896476948, 903.95949751218], [1509.543601675692, 941.9869706753918]], '#', 0.1514626069795355), ([[949.8834305481831, 888.06253187883], [1036.9813811787199, 914.6028654645851], [1010.1165694518169, 996.93746812117], [923.0186188212803, 970.3971345354149]], '5', 0.0924471083913545), ([[1211.593453852011, 956.006888634322], [1302.6691697109395, 965.9456409407671], [1267.406546147989, 1274.993111365678], [1176.3308302890605, 1265.0543590592329]], '#', 0.23163385116335178)]
[([[697, 89], [759, 89], [759, 179], [697, 179]], '1"', 0.4199450541265743), ([[735, 151], [795, 151], [795, 223], [735, 223]], '7', 0.650900092450243), ([[312, 242], [344, 242], [344, 278], [312, 278]], '입', 0.011491596490395217), ([[359, 157], [403, 157], [403, 305], [359, 305]], '옷', 0.25777196580635575), ([[1466, 142], [1518, 142], [1518, 334], [1466, 334]], '하', 0.012464841859483045), ([[1276, 306], [1330, 306], [1330, 408], [1276, 408]], '7', 0.02830629566958809), ([[306, 394], [354, 394], [354, 446], [306, 446]], '아', 0.9999722244284079), ([[1279, 405], [1334, 405], [1334, 521], [1279, 521]], '7', 0.007164332572643595), ([[311, 537], [349, 537], [349, 575], [311, 575]], '0)', 0.5625730815242383), ([[280, 740], [368, 740], [368, 790], [280, 790]], "럿7'", 0.013884678725776119), ([[1485, 747], [1549, 747], [1549, 815], [1485, 815]], '나"', 0.1307119770083338), ([[486, 892], [536, 892], [536, 964], [486, 964]], '#', 0.07661291472510356), ([[1499, 813], [1535, 813], [1535, 959], [1499, 959]], '{', 0.1818466005493633), ([[505, 961], [541, 961], [541, 1035], [505, 1035]], '특', 0.8780703819272198), ([[523, 1081], [587, 1081], [587, 1207], [523, 1207]], '시', 0.011627351302899491), ([[1363, 992], [1452, 992], [1452, 1223], [1363, 1223]], '못', 0.3199242371003983), ([[553, 1215], [589, 1215], [589, 1263], [553, 1263]], '9', 0.03420504517634981), ([[1375, 1225], [1415, 1225], [1415, 1275], [1375, 1275]], '0', 0.31741724327361354), ([[256.85256742144884, 670.0827152079971], [363.46130893795356, 689.1140220145652], [349.14743257855116, 754.9172847920029], [242.53869106204647, 735.8859779854348]], '17거', 0.017748870294865826), ([[178.514222677865, 964.0131195405024], [237.37623984583436, 937.0078676845585], [337.485777322135, 1166.9868804594976], [278.6237601541656, 1193.9921323154415]], '{', 0.08681512076779896), ([[448.4354515597786, 1051.0319737260513], [484.98058067569093, 1045.0970966215455], [500.5645484402214, 1148.9680262739487], [463.01941932430907, 1154.9029033784545]], '유', 0.3862360420562396), ([[1143.6388453485783, 1065.0072491796027], [1216.268873836599, 1071.6146279843767], [1189.3611546514217, 1331.9927508203973], [1117.731126163401, 1324.3853720156233]], '?', 0.12203886714477008), ([[67.2772573942153, 1115.0261520401712], [123.4420453547656, 1071.0097749822974], [268.72274260578473, 1272.9738479598288], [212.5579546452344, 1316.9902250177026]], '8', 0.00732613232332785), ([[462.3560570951135, 1156.0416396323737], [498.47404546314, 1142.0225226370303], [534.6439429048866, 1242.9583603676263], [499.52595453686, 1256.9774773629697]], '틈', 0.6008066100053497), ([[660.5843344079301, 1187.0144154741938], [706.6339317943385, 1179.0335831121076], [734.4156655920699, 1342.9855845258062], [688.3660682056615, 1350.9664168878924]], '6', 0.019342936340977168)]
[([[656, 200], [684, 200], [684, 238], [656, 238]], '"', 0.017923213174037222), ([[647, 241], [745, 241], [745, 307], [647, 307]], '17', 0.08932956591795649), ([[441, 313], [487, 313], [487, 349], [441, 349]], '8', 0.6946451941486345), ([[470, 354], [506, 354], [506, 378], [470, 378]], '하', 0.49098506317513113), ([[449, 375], [487, 375], [487, 413], [449, 413]], '거', 0.029463075355473656), ([[1478, 736], [1506, 736], [1506, 764], [1478, 764]], '82', 0.23221016001055533), ([[1518, 958], [1548, 958], [1548, 990], [1518, 990]], '4', 0.01285963544052221), ([[511, 1021], [575, 1021], [575, 1109], [511, 1109]], '5', 0.4983630768404055), ([[550, 1120], [578, 1120], [578, 1162], [550, 1162]], '$', 0.5838644092938381), ([[947, 1205], [989, 1205], [989, 1296], [947, 1296]], '못', 0.2872540999470061), ([[955, 1299], [975, 1299], [975, 1321], [955, 1321]], '"', 0.11496223504008274), ([[90.4504902432036, 745.252451216018], [164.80094462905726, 689.0246970092724], [250.5495097567964, 820.747548783982], [175.19905537094274, 876.9753029907276]], '2,', 0.2057860849506868), ([[1464.4186816410238, 794.0241796922859], [1513.5734088971062, 781.0235250852082], [1549.5813183589762, 927.9758203077141], [1500.4265911028938, 940.9764749147918]], '$', 0.017783263682611627), ([[611.3917712629842, 1067.0465132093975], [644.4417261042994, 1054.0244650613056], [675.6082287370158, 1139.9534867906025], [642.5582738957006, 1151.9755349386944]], '9', 0.008592050452193911)]
[([[606, 92], [654, 92], [654, 142], [606, 142]], '앗', 0.5319567705533359), ([[540, 340], [564, 340], [564, 364], [540, 364]], '82', 0.037555653350636764), ([[543, 377], [565, 377], [565, 393], [543, 393]], '아', 0.6848202488712651), ([[1216, 520], [1242, 520], [1242, 544], [1216, 544]], '8', 0.4331057421190998), ([[1178, 762], [1230, 762], [1230, 876], [1178, 876]], '앞', 0.05192348844208916), ([[51, 1309], [143, 1309], [143, 1471], [51, 1471]], '간', 0.14574363387001998), ([[783, 1378], [932, 1378], [932, 1625], [783, 1625]], '국', 0.39688655087420344), ([[462.32118768602237, 1246.0164663320606], [559.5519147482217, 1219.0862815676667], [624.6788123139777, 1479.9835336679394], [527.4480852517783, 1506.9137184323333]], '좀', 0.16606883091316949)]
[([[748, 56], [842, 56], [842, 128], [748, 128]], '1', 0.04292429059810221), ([[838, 78], [868, 78], [868, 112], [838, 112]], '1', 0.19501492487244665), ([[1160, 102], [1208, 102], [1208, 202], [1160, 202]], '올', 0.10573369436883695), ([[552, 206], [584, 206], [584, 244], [552, 244]], '0', 0.8404586743640863), ([[179, 937], [265, 937], [265, 1029], [179, 1029]], '넷', 0.08230653906062813), ([[234, 992], [306, 992], [306, 1068], [234, 1068]], '1', 0.12938385008027709), ([[65, 1131], [127, 1131], [127, 1223], [65, 1223]], '허', 0.022835319965573753), ([[994, 1059], [1058, 1059], [1058, 1243], [994, 1243]], '속', 0.0015680366574604698), ([[111, 1197], [171, 1197], [171, 1279], [111, 1279]], '(8', 0.7225156454957645), ([[1098, 1230], [1150, 1230], [1150, 1330], [1098, 1330]], '앞', 0.7557461329181479), ([[1084, 1344], [1114, 1344], [1114, 1380], [1084, 1380]], '~', 0.13264026948125096), ([[619, 1459], [663, 1459], [663, 1501], [619, 1501]], '1', 0.8803596017739359), ([[869, 1553], [909, 1553], [909, 1599], [869, 1599]], '2', 0.5845398475408992), ([[43.45732259757274, 580.0147357953384], [114.90945739655383, 563.0414415077355], [164.54267740242724, 783.9852642046616], [93.09054260344617, 801.9585584922645]], '1', 0.3187125775321533), ([[451.5979050291912, 1175.0821927481254], [528.6924857024518, 1131.0199973475837], [605.4020949708088, 1283.9178072518746], [528.3075142975482, 1327.9800026524163]], '#', 0.2122812652220638), ([[563.1521358464543, 1315.02767845075], [708.90739890033, 1392.4511121319604], [652.8478641535457, 1493.97232154925], [508.09260109967, 1416.5488878680396]], '자', 0.1963878249505946), ([[819.2740592751774, 1398.0219780404257], [949.8596758152172, 1504.1702214456523], [881.7259407248226, 1586.9780219595743], [751.1403241847828, 1480.8297785543477]], '여:', 0.03312472055580018)]
[([[534, 256], [610, 256], [610, 352], [534, 352]], '|', 0.19440019285434929), ([[78, 704], [154, 704], [154, 838], [78, 838]], '"', 0.02291481790375216), ([[1162, 728], [1210, 728], [1210, 790], [1162, 790]], '옷', 0.4178464895724119), ([[80, 1128], [128, 1128], [128, 1218], [80, 1218]], '새', 0.00792216339890045), ([[509, 1161], [545, 1161], [545, 1239], [509, 1239]], '"', 0.045190507857065576), ([[853, 1101], [891, 1101], [891, 1203], [853, 1203]], '륙', 0.016908244279889573), ([[805, 1155], [883, 1155], [883, 1323], [805, 1323]], '개', 0.05754394217370873), ([[706, 1404], [734, 1404], [734, 1446], [706, 1446]], '기', 0.12314074100461259), ([[618.8842518252328, 59.0781879591533], [665.574055910566, 25.020622843132166], [745.1157481747672, 145.9218120408467], [698.425944089434, 179.97937715686783]], '#', 0.9278327283652885), ([[1135.4505196579944, 33.02159965652948], [1254.7565846034397, 121.17009166990178], [1216.5494803420056, 173.97840034347053], [1097.2434153965603, 85.82990833009822]], '벼714,', 0.00541881715298952), ([[440.241527258976, 191.0360362192484], [497.2208257813998, 176.09369970141094], [531.758472741024, 311.9639637807516], [473.7791742186002, 327.9063002985891]], '"', 0.15692239704265276), ([[975.4913427360585, 1148.0324733412565], [1009.8262333955497, 1142.0862628631858], [1023.5086572639415, 1233.9675266587435], [989.1737666044503, 1239.9137371368142]], '"', 0.13471364224458515), ([[1023.457124714834, 1158.0370104182882], [1054.0858406600871, 1156.1502012960543], [1059.542875285166, 1238.9629895817118], [1029.9141593399129, 1241.8497987039457]], '#', 0.8939494289880976), ([[104.5214379667787, 1217.0229548544985], [140.5016575113071, 1210.0252296795381], [163.4785620332213, 1330.9770451455015], [127.49834248869291, 1338.9747703204619]], '7', 0.9877179042001103), ([[662.5790763218342, 1398.012666942448], [715.1642011607092, 1407.7559763762006], [686.4209236781658, 1577.987333057552], [633.8357988392908, 1568.2440236237994]], '^', 0.2389251089827349)]
[([[653, 75], [697, 75], [697, 111], [653, 111]], '하', 0.4251717137558444), ([[662, 130], [700, 130], [700, 154], [662, 154]], '아', 0.4771870327259684), ([[551, 165], [624, 165], [624, 390], [551, 390]], '둘', 0.5772923520728455), ([[1171, 617], [1215, 617], [1215, 657], [1171, 657]], '82', 0.1965715105886449), ([[1168, 678], [1204, 678], [1204, 702], [1168, 702]], '아', 0.09295931555021753), ([[78, 862], [158, 862], [158, 990], [78, 990]], '0"', 0.11314518694899997), ([[102, 972], [171, 972], [171, 1171], [102, 1171]], '굽', 0.037249122215371244), ([[1054, 1078], [1108, 1078], [1108, 1216], [1054, 1216]], '4', 0.28121507806169177), ([[725, 1263], [811, 1263], [811, 1393], [725, 1393]], '6', 0.8237053840673667), ([[800, 1364], [826, 1364], [826, 1400], [800, 1400]], '2', 0.9999921322023653), ([[754, 1396], [808, 1396], [808, 1516], [754, 1516]], '7', 0.9159136051374759), ([[1018.104466528811, 10.044665288110098], [1130.8537027521281, 56.38384791032581], [1098.895533471189, 127.9553347118899], [987.1462972478719, 82.61615208967419]], '17이', 0.0486010011706214)]
[([[316, 182], [368, 182], [368, 256], [316, 256]], '17', 0.9999024735855169), ([[960, 156], [1008, 156], [1008, 260], [960, 260]], '움', 0.05641431785164408), ([[274, 482], [322, 482], [322, 590], [274, 590]], '옷', 0.80529727291038), ([[254, 580], [284, 580], [284, 612], [254, 612]], '사', 0.5107932549941872), ([[808, 1324], [930, 1324], [930, 1422], [808, 1422]], '<', 0.13604629389632894), ([[333.3300583289099, 277.037519127298], [374.51533005291805, 263.0221713861504], [408.6699416710901, 377.962480872702], [367.48466994708195, 390.9778286138496]], '5', 0.02183852796467911)]
[([[325, 64], [368, 64], [368, 269], [325, 269]], "'", 0.05077830757551638), ([[1018, 110], [1068, 110], [1068, 264], [1018, 264]], '양', 0.34214701288636107), ([[109, 271], [153, 271], [153, 369], [109, 369]], '양', 0.9295867389154324), ([[1068, 578], [1120, 578], [1120, 634], [1068, 634]], '앗', 0.7932125721127115), ([[255, 1235], [343, 1235], [343, 1353], [255, 1353]], '벼', 0.015277278297213037), ([[802, 1208], [924, 1208], [924, 1330], [802, 1330]], '[다"', 0.11805599818335952), ([[56, 1350], [154, 1350], [154, 1456], [56, 1456]], '1:', 0.01805562390490454), ([[100, 1438], [176, 1438], [176, 1522], [100, 1522]], '소', 0.0820258592087022), ([[1035, 1385], [1095, 1385], [1095, 1515], [1035, 1515]], '국', 0.24591557362825345), ([[135, 1520], [201, 1520], [201, 1637], [135, 1637]], '{', 0.038460860236672056), ([[405.38007663019073, 1287.0192337460712], [480.56221348034563, 1269.1227792855568], [521.6199233698093, 1467.9807662539288], [446.43778651965437, 1484.8772207144432]], '꿀', 0.04335830093340576), ([[823.3486328543988, 1319.0303715420669], [881.2464419988527, 1312.3702565399715], [893.6513671456012, 1439.9696284579331], [835.7535580011473, 1446.6297434600285]], '국', 0.22627154139753802)]
[([[156, 212], [208, 212], [208, 316], [156, 316]], '하', 0.947688117918247), ([[314, 218], [388, 218], [388, 310], [314, 310]], '기7', 0.15709335847117661), ([[1066, 142], [1122, 142], [1122, 288], [1066, 288]], '향', 0.36291549650286825), ([[1041, 277], [1083, 277], [1083, 325], [1041, 325]], "~'", 0.2671767132483338), ([[334, 310], [414, 310], [414, 390], [334, 390]], "'비", 0.13885126688583505), ([[370, 920], [434, 920], [434, 1055], [370, 1055]], '올', 0.25810798368547694), ([[1014, 984], [1046, 984], [1046, 1026], [1014, 1026]], '7', 0.32150424399421595), ([[861.1791073981769, 100.1671799501554], [921.7441992482162, 60.02773007390221], [987.8208926018231, 173.8328200498446], [927.2558007517838, 213.9722699260978]], '느', 0.12439940978925623), ([[433.66518274193805, 894.0112228548768], [475.68529507668654, 889.0471855821291], [494.33481725806195, 1052.9887771451233], [452.31470492331346, 1057.9528144178707]], '규', 0.04858836080319251), ([[652.1303028434654, 946.0421192876934], [747.9048811315218, 996.6949743169322], [709.8696971565346, 1066.9578807123066], [614.0951188684782, 1016.3050256830678]], '시', 0.05449978399451738)]
[([[199, 119], [241, 119], [241, 173], [199, 173]], '앗', 0.7393438493346913), ([[345, 97], [383, 97], [383, 197], [345, 197]], '}', 0.11022395203209445), ([[1096, 204], [1144, 204], [1144, 302], [1096, 302]], '옷', 0.389484851264811), ([[1094, 682], [1142, 682], [1142, 864], [1094, 864]], '품', 0.25368572752712737), ([[1035, 845], [1079, 845], [1079, 937], [1035, 937]], '엇', 0.13663579525388414), ([[739, 1391], [777, 1391], [777, 1449], [739, 1449]], '3', 0.6478170753399013), ([[440, 1518], [494, 1518], [494, 1580], [440, 1580]], '4', 0.25623061111094003), ([[394.54836124782287, 62.025578980841125], [429.89377245358367, 66.4767024119374], [418.45163875217713, 157.97442101915888], [383.10622754641633, 153.5232975880626]], '#', 0.24376779110938074), ([[926.6504650091406, 101.01530110420312], [958.3780308121445, 104.24486603690623], [947.3495349908594, 222.9846988957969], [915.6219691878555, 220.75513396309378]], '"', 0.6779550062133808)]
[([[217, 201], [261, 201], [261, 247], [217, 247]], '아', 0.9999744893747362), ([[294, 144], [420, 144], [420, 298], [294, 298]], '17', 0.03485916946938691), ([[903, 104], [955, 104], [955, 269], [903, 269]], '축', 0.018767447020707984), ([[406, 304], [438, 304], [438, 372], [406, 372]], '5', 0.08025269995643214), ([[1030, 266], [1082, 266], [1082, 364], [1030, 364]], '앞', 0.8340394419064978), ([[332, 866], [364, 866], [364, 908], [332, 908]], '톤', 0.03039428310656067), ([[393, 837], [437, 837], [437, 899], [393, 899]], '#', 0.1169660437062845), ([[406, 904], [438, 904], [438, 952], [406, 952]], '트', 0.1599441481702435), ([[330, 912], [382, 912], [382, 1027], [330, 1027]], '특', 0.8637860717101375), ([[412, 964], [442, 964], [442, 1010], [412, 1010]], '로', 0.11038120981525257), ([[811, 1225], [899, 1225], [899, 1329], [811, 1329]], '시', 0.20773222945863168), ([[825, 1329], [889, 1329], [889, 1429], [825, 1429]], '4', 0.16617805586529588), ([[809, 1437], [875, 1437], [875, 1529], [809, 1529]], '9', 0.1617011847851737), ([[183, 1561], [219, 1561], [219, 1605], [183, 1605]], '9', 0.18239789105010207), ([[361.17458977235185, 398.0570463609335], [405.91718805864303, 391.3145457571275], [417.82541022764815, 481.9429536390665], [373.08281194135697, 488.6854542428725]], '댐', 0.03453536310327743), ([[324.2516257571809, 1198.040119541782], [380.5252307372555, 1191.4713546792907], [391.7483742428191, 1304.959880458218], [334.4747692627445, 1310.5286453207093]], '"', 0.2313309322842807), ([[76.06324439711298, 1337.039959446222], [151.8012367610264, 1307.029219733639], [212.93675560288702, 1475.960040553778], [137.1987632389736, 1506.970780266361]], '새', 0.44103378600135557)]
[([[1540, 260], [1618, 260], [1618, 354], [1540, 354]], '(국', 0.6835599421930497), ([[1030, 370], [1132, 370], [1132, 470], [1030, 470]], '(중', 0.03982681232763132), ([[645, 575], [681, 575], [681, 625], [645, 625]], '응', 0.9994374113020967), ([[1020, 556], [1131, 556], [1131, 622], [1020, 622]], '(용', 0.11128135812104288), ([[1470, 724], [1544, 724], [1544, 776], [1470, 776]], '47"', 0.2711673301821826), ([[651, 829], [733, 829], [733, 873], [651, 873]], '17 "', 0.16399681568145752), ([[1353, 965], [1427, 965], [1427, 1029], [1353, 1029]], '(굵9', 0.21153899586678984), ([[91, 1055], [129, 1055], [129, 1145], [91, 1145]], '옷', 0.6051419188116967), ([[985, 1057], [1059, 1057], [1059, 1123], [985, 1123]], '(', 0.7404009224339916), ([[693.6534974254763, 237.02007785909623], [718.3839140128906, 234.0246664000979], [731.3465025745237, 328.97992214090374], [705.6160859871094, 332.97533359990206]], '춤', 0.457784951104486), ([[662.6687054217755, 251.01834879597914], [687.4025756182339, 248.02713389611915], [699.3312945782245, 346.98165120402086], [673.5974243817661, 349.97286610388085]], '물', 0.01419590882784405), ([[902.1137830891848, 283.28029375484266], [1042.980815622163, 237.29934718193428], [1074.8862169108152, 363.71970624515734], [934.0191843778371, 410.7006528180657]], '*', 0.23598200638395017), ([[863.8588490897113, 1017.2918567229605], [960.5080652753668, 998.1981712432804], [971.1411509102887, 1068.7081432770394], [874.4919347246332, 1088.8018287567197]], '렉선', 0.0055080882186719)]
[([[42, 15], [126, 15], [126, 200], [42, 200]], '{', 0.046307406635941684), ([[790, 122], [822, 122], [822, 170], [790, 170]], '71', 0.7638267495723448), ([[749, 201], [787, 201], [787, 315], [749, 315]], '7', 0.9957995509610704), ([[774, 172], [800, 172], [800, 210], [774, 210]], '"', 0.33045638625396023), ([[911, 153], [955, 153], [955, 279], [911, 279]], '%', 0.03623474347097844), ([[1546, 89], [1638, 89], [1638, 307], [1546, 307]], '생', 0.022411388552555422), ([[422, 370], [450, 370], [450, 402], [422, 402]], '주', 0.8216764079661552), ([[157, 401], [294, 401], [294, 480], [157, 480]], '기교', 0.7145253430485903), ([[1227, 395], [1267, 395], [1267, 447], [1227, 447]], '표', 0.25993525720799937), ([[1252, 450], [1280, 450], [1280, 480], [1252, 480]], '트', 0.6441940702865203), ([[1204, 462], [1278, 462], [1278, 594], [1204, 594]], '{', 0.12110608802360279), ([[140, 598], [172, 598], [172, 648], [140, 648]], '응', 0.9995604044618176), ([[1353, 711], [1413, 711], [1413, 783], [1353, 783]], '가', 0.15476239815876625), ([[631, 807], [717, 807], [717, 871], [631, 871]], '174', 0.017730669546538784), ([[1207, 818], [1322, 818], [1322, 906], [1207, 906]], '배-', 0.1823991208239968), ([[1298, 898], [1328, 898], [1328, 932], [1298, 932]], ')', 0.16729941372901536), ([[647, 1043], [690, 1043], [690, 1136], [647, 1136]], '용', 0.3094887720436965), ([[896, 1056], [1014, 1056], [1014, 1108], [896, 1108]], '#르트 ', 0.05003456771373749), ([[938, 1102], [1070, 1102], [1070, 1154], [938, 1154]], '#기록 거', 0.025663379647374276), ([[1029.3380261126078, 133.018272638204], [1114.3596094253842, 109.0772711927845], [1170.6619738873922, 337.981727361796], [1085.6403905746158, 360.9227288072155]], '생', 0.06868369979678679), ([[936.9858196838319, 321.04685258538456], [1019.349946703624, 301.5225071184525], [1049.014180316168, 450.95314741461544], [965.650053296376, 469.4774928815475]], '셋', 0.08739828222532253), ([[1511.4810055579142, 404.011228387817], [1601.3463786514892, 414.25680516257376], [1574.5189944420858, 658.988771612183], [1484.6536213485108, 648.7431948374262]], '"', 0.4022845363216767), ([[1015.2185469050424, 466.23047823916147], [1054.6829999682195, 434.03340032416014], [1117.7814530949574, 517.7695217608385], [1078.3170000317805, 549.9665996758399]], '군', 0.04137418517599656), ([[929.3587765501088, 565.0228717015234], [991.4633024297405, 538.0119328630346], [1067.6412234498912, 722.9771282984766], [1005.5366975702595, 749.9880671369654]], '"', 0.2928141363776291), ([[1290.1011677234321, 632.0677069746514], [1333.5481566867932, 610.0250921139549], [1378.8988322765679, 709.9322930253486], [1336.4518433132068, 730.9749078860451]], '"', 0.016356806428598825)]
[([[28, 32], [102, 32], [102, 158], [28, 158]], '내', 0.2127392525725078), ([[722, 107], [762, 107], [762, 182], [722, 182]], '묵', 0.04140822415623635), ([[867, 75], [953, 75], [953, 197], [867, 197]], '', 0.0), ([[1037, 93], [1125, 93], [1125, 227], [1037, 227]], ')', 0.08362499232351084), ([[1515, 39], [1605, 39], [1605, 159], [1515, 159]], '대', 0.1351952982986404), ([[912, 188], [965, 188], [965, 285], [912, 285]], '급', 0.009885169720065312), ([[1093, 217], [1155, 217], [1155, 295], [1093, 295]], '(8', 0.09643547866449134), ([[1555, 145], [1615, 145], [1615, 271], [1555, 271]], '("', 0.422689629841851), ([[836, 286], [1010, 286], [1010, 470], [836, 470]], '7 #', 0.06572002917528152), ([[1557, 317], [1617, 317], [1617, 415], [1557, 415]], '해', 0.20930601439482643), ([[874, 402], [922, 402], [922, 480], [874, 480]], '벼', 0.014927293328614866), ([[1596, 386], [1646, 386], [1646, 492], [1596, 492]], '[', 0.03273359023634104), ([[95, 547], [131, 547], [131, 601], [95, 601]], '옷', 0.746556293087508), ([[827, 693], [867, 693], [867, 777], [827, 777]], '응', 0.994853221840927), ([[1019, 763], [1061, 763], [1061, 809], [1019, 809]], '기', 0.3713309169143031), ([[1349, 697], [1461, 697], [1461, 843], [1349, 843]], '사', 0.015145946544979694), ([[825, 771], [869, 771], [869, 857], [825, 857]], '움', 0.1524091058081476), ([[634, 835], [766, 835], [766, 890], [634, 890]], '#스 7,', 0.022070118700951814), ([[1187, 945], [1301, 945], [1301, 1083], [1187, 1083]], '시', 0.06265217376597221), ([[18.348632854398772, 153.03037154206686], [72.75103530303126, 137.04040619191028], [109.65136714560123, 273.96962845793314], [56.248964696968734, 289.9595938080897]], '"', 0.0244831549133393), ([[918.6783627990898, 653.0877209931737], [987.6787035029264, 617.0230585069814], [1048.3216372009101, 747.9122790068263], [980.3212964970736, 783.9769414930186]], '자', 0.12379127330124007), ([[6.376898661656722, 710.024302869206], [61.42719710011049, 681.0114142279339], [146.62310133834328, 853.975697130794], [91.57280289988951, 883.9885857720661]], '숲', 0.0960834464049789)]
[([[890, 121], [945, 121], [945, 306], [890, 306]], '퍽', 0.03131248649680263), ([[956, 120], [1006, 120], [1006, 214], [956, 214]], '화', 0.0961574749072156), ([[1015, 119], [1067, 119], [1067, 256], [1015, 256]], '옛', 0.08367160621327585), ([[761, 215], [798, 215], [798, 306], [761, 306]], '~', 0.3100782230858421), ([[730, 296], [811, 296], [811, 416], [730, 416]], '";', 0.23533396822717204), ([[892, 314], [942, 314], [942, 410], [892, 410]], '꽤', 0.30884356757696096), ([[948, 224], [1072, 224], [1072, 412], [948, 412]], '운흡', 0.09114766089194462), ([[746, 400], [770, 400], [770, 428], [746, 428]], '잎', 0.19409215350628983), ([[750, 428], [774, 428], [774, 486], [750, 486]], '톤', 0.4568757558719341), ([[755, 493], [777, 493], [777, 511], [755, 511]], '양', 0.41478934942519174), ([[880, 366], [1080, 366], [1080, 573], [880, 573]], '스출주', 0.003517911773708158), ([[880, 509], [1080, 509], [1080, 766], [880, 766]], '션', 0.01410874728337147), ([[894, 670], [1008, 670], [1008, 770], [894, 770]], '업 단', 0.07116738706827164), ([[885, 756], [1078, 756], [1078, 929], [885, 929]], '흙혀출', 0.16290542249400203)]
[([[185, 123], [227, 123], [227, 223], [185, 223]], '용', 0.4041806338158018), ([[983, 327], [1025, 327], [1025, 399], [983, 399]], '3', 0.9999961853063724), ([[1010, 400], [1036, 400], [1036, 430], [1010, 430]], '0', 0.3427876383657349), ([[948, 500], [980, 500], [980, 556], [948, 556]], '3', 0.21990108042333478), ([[46.142313995981475, 315.0527433674499], [145.95796108448607, 356.2339859356529], [121.85768600401853, 409.9472566325501], [23.04203891551394, 369.7660140643471]], '17*1', 0.009879025630652905)]
[([[619, 797], [659, 797], [659, 835], [619, 835]], '8', 0.6399194361292757), ([[635, 855], [667, 855], [667, 875], [635, 875]], '아', 0.2747994111607319), ([[638, 874], [666, 874], [666, 916], [638, 916]], '4', 0.4120804559951843), ([[640, 980], [672, 980], [672, 1024], [640, 1024]], '1', 0.28622834447407186), ([[673, 1117], [693, 1117], [693, 1141], [673, 1141]], '대', 0.49362758317616695), ([[1042, 1194], [1116, 1194], [1116, 1274], [1042, 1274]], '시', 0.5168245302765087), ([[745, 1515], [787, 1515], [787, 1551], [745, 1551]], '85', 0.5027479866236491), ([[773, 1569], [805, 1569], [805, 1589], [773, 1589]], '야', 0.1577273018217653), ([[794, 1596], [824, 1596], [824, 1626], [794, 1626]], '그', 0.11037641757777639), ([[885.2435857346211, 965.0409887585138], [933.5582165559803, 948.0222930502471], [971.7564142653789, 1070.9590112414862], [922.4417834440197, 1086.977706949753]], '3', 0.9898963183020193), ([[641.5697127830433, 1035.031018202999], [667.334970835545, 1025.018759563649], [698.4302872169567, 1109.968981797001], [671.665029164455, 1119.981240436351]], '>', 0.11377340273475145), ([[957.457124714834, 1082.0370104182882], [991.485277719861, 1073.0295459284098], [1013.542875285166, 1162.9629895817118], [979.514722280139, 1170.9704540715902]], '4', 0.19060163001591945), ([[1068.4589874473143, 1278.0209380703538], [1121.7885904363388, 1273.2323605111503], [1135.5410125526857, 1420.9790619296462], [1081.2114095636612, 1426.7676394888497]], '9', 0.06383539209942146)]
[([[812, 48], [910, 48], [910, 122], [812, 122]], '5내', 0.3217171047016692), ([[868, 84], [946, 84], [946, 186], [868, 186]], "7'", 0.011421431818317203), ([[153, 165], [191, 165], [191, 221], [153, 221]], '응', 0.9994198925433331), ([[1035, 313], [1084, 313], [1084, 458], [1035, 458]], '움', 0.48266904724920323), ([[986, 702], [1042, 702], [1042, 782], [986, 782]], '듯', 0.010126531902820979), ([[173, 859], [217, 859], [217, 951], [173, 951]], '움', 0.1288306105942958), ([[238, 910], [262, 910], [262, 938], [238, 938]], '7', 0.07176971805986287)]
[([[943, 97], [983, 97], [983, 153], [943, 153]], '웃', 0.27647114505776926), ([[51, 259], [91, 259], [91, 305], [51, 305]], '~', 0.04226447657155874), ([[101, 157], [143, 157], [143, 305], [101, 305]], '흉', 0.01974821745403066), ([[9, 345], [59, 345], [59, 580], [9, 580]], '{', 0.16884147692464158), ([[952, 338], [1096, 338], [1096, 540], [952, 540]], '사"', 0.11620759274789862), ([[308, 790], [392, 790], [392, 840], [308, 840]], '구 국', 0.5175171896731473), ([[326, 834], [410, 834], [410, 890], [326, 890]], '춤 주', 0.5317506292050364), ([[667, 959], [703, 959], [703, 997], [667, 997]], '2', 0.7281842217481973), ([[798.7691882862201, 35.59988954417246], [850.8148217143827, -6.963038858209334], [914.2308117137799, 78.40011045582753], [862.1851782856173, 120.96303885820933]], ')', 0.32992509788161684), ([[587.3076923076923, 913.5384615384615], [627.7105958160938, 876.0361610022811], [690.6923076923077, 950.4615384615385], [650.2894041839062, 987.9638389977189]], '7', 0.9724752987719434), ([[532.4486522748772, 987.1740700094598], [575.6012183950711, 951.0258666171754], [647.5513477251228, 1044.8259299905403], [604.3987816049289, 1080.9741333828247]], '씨', 0.09122431545937193)]
[([[311, 171], [379, 171], [379, 397], [311, 397]], '^', 0.04838191175215578), ([[818, 268], [920, 268], [920, 374], [818, 374]], '[넷(', 0.009023115593389797), ([[808, 372], [858, 372], [858, 468], [808, 468]], "'", 0.013815074056227283), ([[88, 353], [168, 353], [168, 612], [88, 612]], '#', 0.2884473606702933), ([[789, 463], [833, 463], [833, 513], [789, 513]], '1', 0.020684591785191664), ([[1166, 512], [1214, 512], [1214, 656], [1166, 656]], '%', 0.16597435698127416), ([[169, 963], [211, 963], [211, 1101], [169, 1101]], '항', 0.16666857681528668), ([[134, 1084], [160, 1084], [160, 1112], [134, 1112]], '대', 0.23435175590770996), ([[222, 1222], [300, 1222], [300, 1326], [222, 1326]], '간', 0.010666407592998584), ([[258, 1308], [312, 1308], [312, 1356], [258, 1356]], '세', 0.2008730772195264), ([[502, 1482], [528, 1482], [528, 1506], [502, 1506]], '8', 0.009402146211486218), ([[1093, 1469], [1137, 1469], [1137, 1519], [1093, 1519]], '앗', 0.7933223564688809), ([[78.4841362822308, 88.01210281151624], [160.50392303742007, 79.28877367325865], [184.51586371776918, 322.98789718848377], [101.49607696257995, 331.7112263267414]], '{', 0.022737868556887975), ([[716.431363937921, 140.011552872856], [825.122210369773, 154.9470286049996], [789.568636062079, 413.988447127144], [680.877789630227, 399.05297139500044]], '#', 0.0692259060013578), ([[1046.4692180361772, 219.01281334886494], [1130.1444011287274, 229.27708186670537], [1102.5307819638228, 447.98718665113506], [1019.8555988712727, 437.7229181332946]], '*', 0.1919019036882128), ([[214.1777649698103, 1362.0376381709323], [275.64539297075333, 1340.0231704977034], [324.8222350301897, 1488.9623618290677], [263.35460702924667, 1510.9768295022966]], '때', 0.014562708585032225)]
[([[462, 32], [539, 32], [539, 235], [462, 235]], '#', 0.40155289303953623), ([[128, 266], [206, 266], [206, 316], [128, 316]], '뷰 #', 0.15181083977222443), ([[1266, 258], [1298, 258], [1298, 318], [1266, 318]], '4', 0.45475108905188577), ([[206, 300], [230, 300], [230, 328], [206, 328]], '"', 0.007887162604519382), ([[146, 314], [212, 314], [212, 346], [146, 346]], '프트', 0.12266710895793462), ([[806, 312], [854, 312], [854, 370], [806, 370]], '~', 0.5257144900500386), ([[13, 317], [97, 317], [97, 407], [13, 407]], '|', 0.4538402551601486), ([[161, 349], [201, 349], [201, 403], [161, 403]], '특_', 0.4767482959017835), ([[71, 397], [109, 397], [109, 449], [71, 449]], '시', 0.058760861819423305), ([[609, 373], [653, 373], [653, 545], [609, 545]], '움', 0.11138109189524048), ([[927, 411], [993, 411], [993, 557], [927, 557]], '꼴', 0.0233744717196418), ([[1491, 375], [1535, 375], [1535, 509], [1491, 509]], '움', 0.4288955121961777), ([[509, 695], [549, 695], [549, 737], [509, 737]], '아', 0.9998390739339271), ([[507, 817], [551, 817], [551, 899], [507, 899]], '양', 0.5374274782093948), ([[804, 804], [860, 804], [860, 876], [804, 876]], '1', 0.13895305990698237), ([[9, 761], [78, 761], [78, 1034], [9, 1034]], '"', 0.4568384496489877), ([[33.38078117546159, 73.02132704419316], [95.47552533105049, 51.01257124314583], [156.6192188245384, 235.97867295580684], [94.52447466894951, 257.9874287568542]], '밭', 0.007170984791524726), ([[829.6083134509963, 101.00959440032425], [890.3279069854897, 109.7250405433481], [858.3916865490037, 320.99040559967574], [797.6720930145103, 312.2749594566519]], '"', 0.0531542672152876), ([[1292.6821727161, 476.01011164277105], [1333.916382712392, 481.3818318242354], [1310.3178272839, 642.9898883572289], [1269.083617287608, 637.6181681757646]], '8', 0.00475148357371552)]
[([[476, 128], [528, 128], [528, 220], [476, 220]], '털', 0.1079139160401752), ([[1066, 180], [1118, 180], [1118, 244], [1066, 244]], '거', 0.2949973626527935), ([[1028, 242], [1078, 242], [1078, 312], [1028, 312]], "'1", 0.11448467342718542), ([[226, 368], [274, 368], [274, 534], [226, 534]], '@', 0.07877259702446793), ([[49, 511], [129, 511], [129, 577], [49, 577]], '내어', 0.05509777176410792), ([[122, 554], [146, 554], [146, 582], [122, 582]], '벼', 0.17427045833639543), ([[766, 1174], [814, 1174], [814, 1230], [766, 1230]], "표'", 0.3185880117881855), ([[300, 1192], [376, 1192], [376, 1276], [300, 1276]], '(중"', 0.11886601319619185), ([[846, 1334], [920, 1334], [920, 1414], [846, 1414]], "(듯'", 0.15909493499549815), ([[849, 1409], [893, 1409], [893, 1457], [849, 1457]], '~', 0.03145078135189139), ([[574, 1446], [666, 1446], [666, 1518], [574, 1518]], "(금'", 0.13517715236475128), ([[100.4814867952694, 1268.1666905787124], [197.53609490324794, 1260.7161170391535], [200.5185132047306, 1326.8333094212876], [102.46390509675204, 1334.2838829608465]], "13'", 0.31039777181080463)]
[([[1167, 149], [1209, 149], [1209, 241], [1167, 241]], '옷', 0.4327108235898436), ([[348, 200], [396, 200], [396, 342], [348, 342]], '통', 0.030373088249491254), ([[318, 320], [350, 320], [350, 356], [318, 356]], '<', 0.09228382108483757), ([[285, 383], [353, 383], [353, 455], [285, 455]], '거"', 0.20263215204017151), ([[137, 621], [175, 621], [175, 677], [137, 677]], '응', 0.9992777221737583), ([[1161, 681], [1203, 681], [1203, 733], [1161, 733]], '웃', 0.4999591855693133), ([[753, 1003], [793, 1003], [793, 1093], [753, 1093]], '휴', 0.1275890272821565), ([[302, 1302], [332, 1302], [332, 1334], [302, 1334]], '9', 0.2985435920639965), ([[837, 1373], [873, 1373], [873, 1417], [837, 1417]], '0', 0.01872131176295455), ([[911, 1565], [951, 1565], [951, 1613], [911, 1613]], '신', 0.030238958453045806), ([[1023.0428759335574, 228.0459097089972], [1096.874090577811, 204.17718041974913], [1138.9571240664425, 351.9540902910028], [1064.125909422189, 375.8228195802509]], "#'", 0.3533440842649556), ([[316.17458977235185, 445.0570463609335], [402.8712987099205, 475.76393711370093], [382.82541022764815, 528.9429536390666], [296.1287012900795, 498.23606288629907]], '서다 /', 0.0558581736023629), ([[920.6225115082087, 1131.1194844423107], [979.7794461411665, 1155.5846360521255], [880.3774884917913, 1392.8805155576893], [821.2205538588335, 1368.4153639478745]], '{', 0.029047366762624316), ([[41.013606076167854, 1541.081636457007], [79.56353556757401, 1518.0265229837155], [130.98639392383214, 1612.918363542993], [92.43646443242599, 1635.9734770162845]], ';', 0.02650583384750238)]
[([[202, 394], [322, 394], [322, 492], [202, 492]], '11', 0.7026085258125614), ([[1168, 470], [1194, 470], [1194, 510], [1168, 510]], '"', 0.1895307649998621), ([[257, 495], [299, 495], [299, 531], [257, 531]], '기', 0.013663318735044838), ([[1176, 666], [1206, 666], [1206, 720], [1176, 720]], '7', 0.9512727851165579), ([[389, 977], [433, 977], [433, 1027], [389, 1027]], '푸', 0.6162308431048622), ([[407, 1029], [445, 1029], [445, 1077], [407, 1077]], '옷', 0.9331325479016392), ([[101, 1267], [167, 1267], [167, 1345], [101, 1345]], '4', 0.20674284199795867), ([[1151.5964739173116, 399.0101835627725], [1208.344507703036, 382.0074212895619], [1272.4035260826884, 612.9898164372274], [1215.655492296964, 629.9925787104381]], '@', 0.029988375419861768)]
[([[404, 90], [456, 90], [456, 242], [404, 242]], '유', 0.489508856883333), ([[509, 91], [559, 91], [559, 195], [509, 195]], '역', 0.11061591900219359), ([[604, 80], [779, 80], [779, 251], [604, 251]], '딸 맛', 0.17700859904289246), ([[801, 72], [989, 72], [989, 357], [801, 357]], '흙#', 0.10724213386382864), ([[510, 210], [562, 210], [562, 320], [510, 320]], '일', 0.33400098755249985), ([[603, 199], [785, 199], [785, 427], [603, 427]], '# %', 0.46125465631484985), ([[924, 250], [978, 250], [978, 366], [924, 366]], '양', 0.8660448475764184), ([[202, 392], [308, 392], [308, 496], [202, 496]], "'", 0.6131205376732538), ([[401, 252], [463, 252], [463, 562], [401, 562]], '#', 0.0015793765552059164), ([[504, 326], [565, 326], [565, 477], [504, 477]], '땅', 0.022944029296386503), ([[614, 428], [664, 428], [664, 528], [614, 528]], '숲', 0.9373473533841867), ([[712, 428], [768, 428], [768, 582], [712, 582]], '꽃', 0.018495041434310133), ([[723, 379], [765, 379], [765, 427], [723, 427]], '3', 0.7388115378717272), ([[803, 354], [989, 354], [989, 575], [803, 575]], '흙 "', 0.1334768831729889), ([[510, 496], [562, 496], [562, 652], [510, 652]], '뒷', 0.012239388839931087), ([[612, 524], [666, 524], [666, 626], [612, 626]], '푹', 0.1368675864811486), ([[922, 534], [976, 534], [976, 640], [922, 640]], '화', 0.6896863043165382), ([[402, 580], [458, 580], [458, 798], [402, 798]], '푹', 0.46373606981308413), ([[519, 659], [559, 659], [559, 707], [519, 707]], '1', 0.9998879464070001), ([[612, 642], [664, 642], [664, 802], [612, 802]], '슬', 0.04065836307137283), ([[712, 598], [764, 598], [764, 698], [712, 698]], '젖', 0.08135757012314926), ([[818, 582], [872, 582], [872, 734], [818, 734]], '말', 0.47994563968190107), ([[510, 714], [562, 714], [562, 774], [510, 774]], '년', 0.9998426499280413), ([[707, 713], [770, 713], [770, 816], [707, 816]], '밖', 0.9234070647611503), ([[921, 653], [975, 653], [975, 852], [921, 852]], '육', 0.0826516712346006), ([[402, 814], [456, 814], [456, 962], [402, 962]], '떼', 0.009147684411139834), ([[505, 775], [565, 775], [565, 895], [505, 895]], '양', 0.9009636187225887), ([[701, 741], [883, 741], [883, 995], [701, 995]], '#흙', 0.058038991350280685), ([[506, 897], [566, 897], [566, 1054], [506, 1054]], '흙', 0.035625470771808665), ([[608, 808], [674, 808], [674, 1117], [608, 1117]], '%', 0.009859561681493878), ([[816, 916], [870, 916], [870, 1018], [816, 1018]], '제', 0.7367255993396817), ([[818, 1018], [868, 1018], [868, 1070], [818, 1070]], '트', 0.9998788870291264), ([[921, 873], [978, 873], [978, 1020], [921, 1020]], '면', 0.023685360579410508), ([[399, 980], [461, 980], [461, 1233], [399, 1233]], '월', 0.01449498766703089), ([[508, 1116], [562, 1116], [562, 1174], [508, 1174]], '게', 0.9999002243135671), ([[510, 1050], [562, 1050], [562, 1112], [510, 1112]], '논', 0.7420763113387352), ([[711, 999], [771, 999], [771, 1203], [711, 1203]], '옆', 0.05708521735137939), ([[818, 1066], [870, 1066], [870, 1126], [818, 1126]], '틀', 0.9758123150878681), ([[924, 1040], [978, 1040], [978, 1190], [924, 1190]], '움', 0.46593505883084063), ([[55, 1143], [187, 1143], [187, 1257], [55, 1257]], "'", 0.10081879428904816), ([[510, 1184], [564, 1184], [564, 1284], [510, 1284]], '팀', 0.13803192513393014), ([[612, 1132], [668, 1132], [668, 1286], [612, 1286]], '절', 0.03293395392525711), ([[818, 1132], [866, 1132], [866, 1244], [818, 1244]], '연', 0.9015892336944411), ([[712, 1216], [768, 1216], [768, 1318], [712, 1318]], '핵', 0.43008691050596326), ([[816, 1252], [868, 1252], [868, 1300], [816, 1300]], '데', 0.999741570958804), ([[95, 1263], [179, 1263], [179, 1355], [95, 1355]], "'", 0.244451069520224), ([[614, 1282], [664, 1282], [664, 1342], [614, 1342]], '틀', 0.9932434632111296), ([[921, 1205], [977, 1205], [977, 1456], [921, 1456]], '#', 0.10748531899908986), ([[210, 1274], [262, 1274], [262, 1542], [210, 1542]], '#', 0.7224048967665375), ([[816, 1318], [872, 1318], [872, 1478], [816, 1478]], '꼴', 0.14871418349174803), ([[222, 1554], [252, 1554], [252, 1598], [222, 1598]], '2', 0.9916982812532673), ([[1143.531884492291, 404.01218225199005], [1206.3892458315645, 384.00842129086277], [1273.468115507709, 613.9878177480099], [1210.6107541684355, 632.9915787091372]], "'", 0.3108870084644231)]
[([[434, 454], [462, 454], [462, 482], [434, 482]], '32', 0.9599211553174718), ([[445, 509], [465, 509], [465, 541], [445, 541]], '5', 0.060690843360365676)]
[]
[]
[]
[]
[]
[]
[]
[]
[]
[]
[]
[([[414, 12], [445, 12], [445, 77], [414, 77]], '출', 0.5744443933140388), ([[416, 69], [457, 69], [457, 208], [416, 208]], '중', 0.2531693856333419), ([[36, 307], [99, 307], [99, 340], [36, 340]], '당시히', 0.15272474161436103)]
[([[373, 639], [423, 639], [423, 677], [373, 677]], "'", 0.5312497890205492), ([[825.4751656247162, 332.01970280872507], [875.807476664301, 321.04672872407457], [907.5248343752838, 478.98029719127493], [856.192523335699, 489.95327127592543]], '3', 0.03491155688764369)]
[([[832, 220], [904, 220], [904, 292], [832, 292]], '31', 0.10564535936787531), ([[184, 372], [232, 372], [232, 456], [184, 456]], '3', 0.6230290608946234), ([[1066, 370], [1140, 370], [1140, 470], [1066, 470]], '?', 0.661941086510641), ([[212, 466], [260, 466], [260, 516], [212, 516]], '기', 0.33815201700969055), ([[830, 736], [862, 736], [862, 770], [830, 770]], '9', 0.13988066872582383)]
[]
[([[5, 9], [132, 9], [132, 60], [5, 60]], '여자훈기', 0.8249845504760742), ([[17, 73], [257, 73], [257, 111], [17, 111]], '@엔 벤-에 편없다 묶', 0.028666455933890302), ([[492, 54], [516, 54], [516, 100], [492, 100]], '벼', 0.6737141181947806), ([[15, 123], [224, 123], [224, 159], [15, 159]], '[-.|()장} 폐로폐로', 0.0022998942464239123), ([[2, 378], [130, 378], [130, 428], [2, 428]], '식자훈기', 0.7376508116722107), ([[7, 428], [519, 428], [519, 467], [7, 467]], '잇과음 @ 해제 편합출 @앞죄네 반튼명이데라 약 [', 0.0011068043147813677), ([[7, 469], [289, 469], [289, 505], [7, 505]], '으래세 입레-로 맵어베질봉', 0.0024954723647560837), ([[60, 744], [84, 744], [84, 856], [60, 856]], '류', 0.04353054150114133)]
