806047
69
[([[199, 139], [345, 139], [345, 159], [199, 159]], '오::이 [:_:/', 0.0004264589478181837), ([[212, 159], [324, 159], [324, 207], [212, 207]], '480', 0.5315732411084688), ([[227, 309], [317, 309], [317, 349], [227, 349]], '역)식', 0.2873264171219161), ([[156, 341], [391, 341], [391, 386], [156, 386]], '가청롭형? <+4머@', 1.1594702261140507e-06), ([[206, 388], [236, 388], [236, 412], [206, 412]], '0', 0.8226292231565822), ([[245, 381], [383, 381], [383, 417], [245, 417]], '4디4|{ 0)', 0.0036471601485058456)]
[]
[([[725, 129], [831, 129], [831, 169], [725, 169]], '흐흥 ^', 0.12169114500284195), ([[677, 167], [879, 167], [879, 207], [677, 207]], '다-다-단 )', 0.38925436833736826)]
[([[581.0625747279902, 582.0630529871278], [626.5626893294422, 557.0226523149171], [682.9374252720098, 669.9369470128722], [637.4373106705578, 694.9773476850829]], '통', 0.10301087385969154), ([[276.15147186257616, 1228.060303038033], [319.53359162784704, 1207.0237737681132], [365.84852813742384, 1309.939696961967], [322.46640837215296, 1330.9762262318868]], '3', 0.8150654250370195)]
[([[573, 35], [897, 35], [897, 79], [573, 79]], "'에? 어떻게 안에 들어온", 0.6251592931454863), ([[597, 109], [895, 109], [895, 153], [597, 153]], '항상 문을 잘 잠구는결', 0.4881464521799646), ([[611, 159], [885, 159], [885, 203], [611, 203]], '잊지 말아한다 꿀꿀]', 0.5484092196851187), ([[605, 221], [891, 221], [891, 289], [605, 289]], '찌직 찌지적', 0.5229528121304416), ([[557, 330], [938, 330], [938, 375], [557, 375]], '(싫어어엇템 만지지마아아앗]', 0.052624979727196354), ([[561, 411], [933, 411], [933, 455], [561, 455]], '흐히꿀꿀 흐히히! 결정햇다', 0.25861257617106137), ([[593, 451], [903, 451], [903, 495], [593, 495]], '이양돼지논 내꺼다 꿀!', 0.2669688284456096), ([[719, 533], [777, 533], [777, 571], [719, 571]], '희싸', 0.01638255845262912), ([[606, 968], [640, 968], [640, 1000], [606, 1000]], '8', 0.9997596885114035), ([[583.2070176794539, 581.0526325959042], [625.4982728791224, 559.0207254505307], [679.7929823205461, 667.9473674040958], [637.5017271208776, 690.9792745494693]], '통', 0.10688442422703304), ([[278.13942556608663, 1228.0620364059978], [320.5432144762551, 1208.0246407611937], [364.86057443391337, 1308.9379635940022], [323.4567855237449, 1329.9753592388063]], '?', 0.5701911504684745)]
[([[490.3446046887869, 806.0359026679606], [560.7984321911789, 868.4578637789417], [526.6553953112132, 908.9640973320394], [455.20156780882104, 846.5421362210583]], '@여소논', 0.005886776372790337), ([[813.3069630690812, 861.0300752944345], [927.951780323925, 933.1229654054495], [890.6930369309188, 991.9699247055655], [776.048219676075, 919.8770345945505]], '0 스데', 0.22691553601782152)]
[([[565, 33], [803, 33], [803, 75], [565, 75]], '싫어어어어어엇', 0.47210123194120374), ([[542, 70], [823, 70], [823, 112], [542, 112]], '그만해에에에에앗갈', 0.25761349392139526), ([[553, 143], [817, 143], [817, 187], [553, 187]], '왜그렇제 말하면서', 0.4788282169701746), ([[430, 178], [942, 178], [942, 226], [430, 226]], "'왜물올 똑똑 떨어뜨리고있는거나 꿀?", 0.15533953211759766), ([[471, 215], [908, 215], [908, 266], [471, 266]], '그렇과차지가 필요한거나 꿀!', 0.35137415764395413), ([[491.3374108435509, 807.0366975919583], [560.8096639422562, 868.5007318858694], [526.662589156449, 908.9633024080417], [456.1903360577439, 847.4992681141306]], '@고소논', 0.030021145939826965), ([[822.3300922577378, 860.0280978670799], [927.8377194582605, 939.3968301108104], [885.6699077422622, 994.9719021329201], [780.1622805417395, 915.6031698891896]], '7 스데 ', 0.19779408587789682)]
[([[699, 663], [761, 663], [761, 741], [699, 741]], '5', 0.131122867078731), ([[445, 721], [519, 721], [519, 789], [445, 789]], '자', 0.10134333684741481), ([[727, 719], [771, 719], [771, 767], [727, 767]], '예', 0.3102168427226992), ([[449.20963218369, 789.044763216472], [500.53280103981984, 768.0203063783597], [547.79036781631, 890.955236783528], [496.46719896018016, 912.9796936216403]], '흙', 0.06070348686461191)]
[([[611, 46], [841, 46], [841, 90], [611, 90]], '간다! 어떠나 꿀?', 0.5785762495016844), ([[584, 81], [882, 81], [882, 131], [584, 131]], '네종족의 수컷들과는', 0.34678785335146306), ([[518, 121], [936, 121], [936, 165], [518, 165]], '비교도안되논 물건이지; 꿀결:', 0.1830289097234105), ([[569, 201], [887, 201], [887, 245], [569, 245]], '흔으으유밟 흐이이히익!', 0.053088085382210964), ([[611, 241], [857, 241], [857, 285], [611, 285]], '@우으으우우 !', 0.10653126144862621), ([[577, 323], [877, 323], [877, 367], [577, 367]], "'꿀꿀! 역시 생각한대로", 0.6524927106297397), ([[545, 361], [913, 361], [913, 405], [545, 405]], '엘프의 보지논 튼튼하다 꿀!', 0.6456909415247888), ([[639, 399], [829, 399], [829, 439], [639, 439]], '인간여자라면', 0.9998627569752777), ([[647, 437], [809, 437], [809, 479], [647, 479]], '처넣자마자', 0.9125208567826111), ([[579, 473], [877, 473], [877, 517], [579, 517]], '부서저버럿올꺼다 꿀!', 0.3615917136513209), ([[699, 663], [761, 663], [761, 741], [699, 741]], '5', 0.047177424225908204), ([[727, 719], [771, 719], [771, 767], [727, 767]], '에', 0.150649669735742), ([[443.3950493959811, 719.018315033688], [519.5603617734328, 709.3333279982642], [540.6049506040189, 903.981684966312], [465.43963822656724, 913.6666720017358]], '쭉', 0.2202662130301727)]
[([[510, 924], [538, 924], [538, 956], [510, 956]], '0', 0.9983580167229248), ([[705.4066672013985, 608.0146774682488], [798.5911518208071, 599.5499507162671], [815.5933327986015, 833.9853225317512], [722.4088481791929, 842.4500492837329]], '명', 0.018278587060835072), ([[486.3300583289099, 827.037519127298], [537.1500824640104, 822.3984693700779], [545.6699416710901, 927.962480872702], [494.8499175359895, 932.6015306299221]], '북', 0.13363267199692075)]
[([[466, 34], [934, 34], [934, 114], [466, 114]], '뿐] [지지지지적', 0.07691938268915462), ([[595, 127], [803, 127], [803, 171], [595, 171]], '안돼에에에에', 0.9863611230369731), ([[543, 165], [857, 165], [857, 209], [543, 209]], '지금안에다 싸버로어씨', 0.20058202188505583), ([[611, 237], [777, 237], [777, 281], [611, 281]], '당연하다 꿀', 0.7335023976865317), ([[563, 275], [829, 275], [829, 319], [563, 319]], '아기만드는 주스는', 0.6620973544821983), ([[452, 311], [944, 311], [944, 361], [452, 361]], '반드시 안에다가 주입해쥐야한다 꿀.', 0.8978288980126836), ([[643, 395], [753, 395], [753, 437], [643, 437]], '꺼내쥐!', 0.7727226614952087), ([[598, 433], [798, 433], [798, 475], [598, 475]], "'꺼내쥐어어어!", 0.7050074315894697), ([[496, 468], [902, 468], [902, 516], [496, 516]], '이러면 아기가 생겨버려어어씨', 0.37996245189297106), ([[486, 826], [540, 826], [540, 894], [486, 894]], '6', 0.8507918472880647), ([[507, 881], [545, 881], [545, 927], [507, 927]], '8', 0.9964371524489621), ([[704.357222801515, 610.0159005906029], [798.6529463306151, 600.5237833015916], [820.642777198485, 837.9840994093971], [726.3470536693849, 847.4762166984084]], '명', 0.05527846371449763)]
[([[552.4186816410238, 896.0241796922859], [606.8893034046616, 890.2597824482341], [620.5813183589762, 1029.9758203077142], [566.1106965953384, 1035.740217551766]], '궁', 0.015082495250426042)]
[([[483, 41], [585, 41], [585, 85], [483, 85]], '흐흐록', 0.40891122817993164), ([[579, 65], [615, 65], [615, 81], [579, 81]], '6', 0.009567925717786141), ([[605, 43], [709, 43], [709, 85], [605, 85]], '어째서', 0.9997645516256095), ([[703, 63], [731, 63], [731, 81], [703, 81]], '6', 0.4606155265448706), ([[719, 43], [793, 43], [793, 85], [719, 85]], '안에_', 0.4946701228618622), ([[787, 65], [821, 65], [821, 81], [787, 81]], '(형', 0.0019909429027829845), ([[815, 47], [921, 47], [921, 85], [815, 85]], '다가  ', 0.549269288623395), ([[581, 123], [819, 123], [819, 167], [581, 167]], '흐히꿀꿀 흐히히!', 0.1398156675395951), ([[509, 161], [893, 161], [893, 205], [509, 205]], '안쪽에다가 싸진 않있다 꿀 .', 0.4274504586208288), ([[518, 195], [890, 195], [890, 247], [518, 247]], '타음엔가장 깊은 곳에 싸서', 0.23121324002150134), ([[510, 236], [888, 236], [888, 284], [510, 284]], '보지가 막히도록 해주마 꿀!', 0.5691422944067259), ([[537, 335], [607, 335], [607, 375], [537, 375]], '안돼', 0.7042657655419037), ([[634, 332], [867, 332], [867, 377], [634, 377]], '더이상은 안돼 ..', 0.7733497849553658), ([[552.4088984631967, 898.0250018657215], [606.9162067963837, 892.2673815262193], [620.5911015368033, 1029.9749981342786], [566.0837932036163, 1035.7326184737806]], '궁', 0.014854068444597468)]
[]
[([[31, 63], [413, 63], [413, 107], [31, 107]], '부탁합니다   뭐문지 함게요', 0.1993354100499397), ([[47, 101], [373, 101], [373, 145], [47, 145]], '이것만 제발 멈추주세요', 0.7226590762238516), ([[367, 125], [403, 125], [403, 137], [367, 137]], '0666', 0.22284340858459473), ([[115, 182], [323, 182], [323, 225], [115, 225]], '(저렇게 많은걸', 0.3731254535835517), ([[89, 221], [349, 221], [349, 265], [89, 265]], '자궁에 받아버리면', 0.6663153488026294), ([[63, 257], [383, 257], [383, 301], [63, 301]], '틀림없이임신해버러)', 0.6673101016194015), ([[75, 342], [362, 342], [362, 386], [75, 386]], '끼하아아아아아아외', 0.1483403970076292)]
[([[586.6366360300184, 360.3002996330203], [672.7491892768255, 336.6918918145658], [683.3633639699816, 378.6997003669797], [597.2508107231745, 403.3081081854342]], '{]형0', 0.003505683271214366)]
[([[112, 26], [368, 26], [368, 104], [112, 104]], '푸육] 푸육]', 0.40239567743642246), ([[161, 125], [311, 125], [311, 167], [161, 167]], '아우으의', 0.607014536857605), ([[117, 163], [357, 163], [357, 205], [117, 205]], '너무 울통불통해', 0.36266400161579815), ([[78, 196], [398, 196], [398, 246], [78, 246]], '내안율 콩콩 핑고있어진', 0.049118025454122985), ([[135, 255], [343, 255], [343, 299], [135, 299]], '흐히꿀꿀 흐히!', 0.37918128774271137), ([[43, 295], [433, 295], [433, 339], [43, 339]], '안쪽 깊숙히 벽벽 국어대는게', 0.501249060593732), ([[139, 333], [335, 333], [335, 375], [139, 375]], '기분증지; 꿀?', 0.4128758116495039), ([[14, 436], [464, 436], [464, 484], [14, 484]], '흐그으으으윗 하악! 너무 커어어!', 0.6257109828531), ([[814, 778], [1096, 778], [1096, 826], [814, 826]], '꾸우울껑 국우우울쎄', 0.03579237189031578), ([[645, 814], [1264, 814], [1264, 862], [645, 862]], '잠시후 내아기주스틀 자궁에 직접찌주마 꿀써', 0.1832951883606277), ([[761, 900], [1094, 900], [1094, 953], [761, 953]], '아하아아 빼안대에에에', 0.3717785024499086), ([[1090, 932], [1112, 932], [1112, 940], [1090, 940]], '9978', 0.0261588953435421), ([[652, 940], [1256, 940], [1256, 988], [652, 988]], '안대에에앗 빛 오크의아기 배기 싫어어엇-', 0.1318765778206909), ([[586.7990780016776, 360.1588936020131], [672.8001679422397, 336.7505810348965], [682.2009219983224, 379.8411063979869], [596.1998320577603, 402.2494189651035]], '{8]선', 0.016297969967126846)]
[([[555, 133], [732, 133], [732, 241], [555, 241]], '57,', 0.2968725827498526), ([[843.831587524326, 270.06849395677125], [959.897368987921, 288.4352628670666], [943.168412475674, 374.93150604322875], [827.102631012079, 356.5647371329334]], '(2#', 0.02088382248831164)]
[([[73, 38], [537, 38], [537, 82], [73, 82]], '받아라아아 꿀빛 임신해버려라 꿀고', 0.12574842253591736), ([[8, 130], [614, 130], [614, 210], [8, 210]], '뿌직] 뿌지지지적] `지적', 0.12326000314581531), ([[107, 256], [505, 256], [505, 301], [107, 301]], '흐혜하꿀꿀! 너무 기분 좋아서', 0.28304249213365384), ([[136, 294], [475, 294], [475, 337], [136, 337]], '기절해버린 모양이군 꿀 !', 0.6582984997421926), ([[619.0315649975117, 147.0588329795958], [734.6267378028059, 174.58486636244479], [715.9684350024883, 244.9411670204042], [599.3732621971941, 217.41513363755521]], "'고기0", 0.11938218027353287), ([[844.858093273755, 268.0654114816689], [959.8170982477818, 286.2820790077659], [943.141906726245, 374.9345885183311], [828.1829017522182, 356.7179209922341]], '(;', 0.10002565367256634)]
[([[396, 656], [492, 656], [492, 706], [396, 706]], '{3*', 0.5342230606473691), ([[562, 736], [656, 736], [656, 790], [562, 790]], '73다', 0.07995026334191409), ([[478, 998], [534, 998], [534, 1072], [478, 1072]], '고', 0.2954623639475109), ([[152.56570927681108, 846.1033940099965], [213.6049506040189, 798.018315033688], [309.4342907231889, 934.8966059900035], [248.3950493959811, 982.981684966312]], '9', 0.22966286546918369), ([[538.234300746846, 999.0367277671977], [640.9989426381132, 1057.8699358920633], [605.765699253154, 1118.9632722328022], [502.0010573618867, 1060.1300641079367]], "'429", 0.22865790128707886)]
[([[75, 27], [157, 27], [157, 71], [75, 71]], '하원', 0.3442242064498357), ([[173, 29], [285, 29], [285, 73], [173, 73]], '하으윗', 0.34942614333924166), ([[303, 29], [527, 29], [527, 73], [303, 73]], '으구으으옛희!', 0.15617607872629216), ([[57, 62], [525, 62], [525, 112], [57, 112]], '후와아아아아하아] 안대해에에앗', 0.41052487422834816), ([[3, 167], [561, 167], [561, 209], [3, 209]], '깨기 전에 달서한 시간을 보샌모양이군 꿀.', 0.2963385675043777), ([[39, 205], [535, 205], [535, 247], [39, 247]], '네가 자능 동안이라 나는 힘들없지만', 0.4188964532586627), ([[51, 241], [525, 241], [525, 285], [51, 285]], '자지름 꽉 물고 놓아주질 않있다 꿀_', 0.6325595584628246), ([[24, 362], [546, 362], [546, 410], [24, 410]], "'아하니야 ! 흐위 거짓말이아아아아  !", 0.20404369403208256), ([[137, 475], [409, 475], [409, 519], [137, 519]], '진짜다 꿀 보여주마', 0.7250089399863946), ([[396, 656], [492, 656], [492, 706], [396, 706]], '{3*', 0.34518242696230295), ([[560, 734], [656, 734], [656, 790], [560, 790]], '83대', 0.017009879781943505), ([[196.3119790838462, 796.0236967157701], [333.9366543603749, 886.8762117092433], [283.6880209161538, 960.9763032842299], [146.06334563962506, 870.1237882907567]], '수표36', 0.10721758008003235), ([[494.314855964253, 987.0392468890013], [544.6526151604916, 1004.2114419407426], [515.6851440357469, 1085.9607531109987], [465.34738483950844, 1068.7885580592574]], '다', 0.13646912673210299), ([[539.1625279556556, 995.0390491255146], [643.9859211049211, 1053.4967884181244], [606.8374720443444, 1119.9609508744854], [501.0140788950789, 1061.5032115818756]], "'429)", 0.5489479363535392)]
[([[392, 108], [472, 108], [472, 186], [392, 186]], '빚', 0.0440665081813576), ([[413, 659], [451, 659], [451, 747], [413, 747]], '8', 0.02897164324540591), ([[564.4421259126165, 697.0390939795767], [598.162718509278, 693.1727182402934], [606.5578740873835, 775.9609060204233], [571.837281490722, 779.8272817597066]], '"', 0.10723599880570678)]
[([[413, 659], [451, 659], [451, 745], [413, 745]], '@', 0.06193638085774311), ([[513, 777], [873, 777], [873, 821], [513, 821]], '이젠 네 자궁마저도 자지름', 0.720999225277425), ([[513, 813], [867, 813], [867, 857], [513, 857]], '격하게 빨아올리고있다 꿀', 0.906304818172584), ([[448, 849], [956, 849], [956, 898], [448, 898]], '이제 완전히 빠져버린 모양이다 꾸울]', 0.31378469579860396), ([[612, 922], [794, 922], [794, 1000], [612, 1000]], '멀지재', 0.02210542501905026), ([[471, 981], [935, 981], [935, 1065], [471, 1065]], '부지지챔} 멸지지적', 0.08147526208300407), ([[491, 1109], [913, 1109], [913, 1151], [491, 1151]], '안대헤에에에! 또 싸버로어 !', 0.617291810808882), ([[444, 1144], [960, 1144], [960, 1192], [444, 1192]], '정말로 나틀 임신시키려고 하고있어 !', 0.23148791032501576), ([[380.92865683198886, 118.07206055671742], [434.595359398573, 88.02218405912177], [496.07134316801114, 207.92793944328258], [443.404640601427, 237.97781594087823]], '(', 0.010990284253239224), ([[566.4180240380207, 697.0425634585406], [596.0436361005711, 694.1385464278869], [603.5819759619793, 772.9574365414594], [573.9563638994289, 775.8614535721131]], '빚', 0.08986821591592165)]
[([[139.92997829527994, 852.1658654307356], [213.7211102550928, 793.0200154083296], [315.0700217047201, 939.8341345692644], [241.2788897449072, 998.9799845916704]], '국', 0.33691265177114715)]
[([[50, 32], [522, 32], [522, 112], [50, 112]], '풍. ! 주르르르트록', 0.22660939252626908), ([[133, 157], [437, 157], [437, 199], [133, 199]], '화라 꾸울! 이만큼이나', 0.5444124328942997), ([[101, 195], [469, 195], [469, 237], [101, 237]], '안쪽에 쌍아두고 있있다 꿀.', 0.6006453653992062), ([[121, 283], [253, 283], [253, 325], [121, 325]], '흐으으으', 0.9900944828987122), ([[247, 307], [275, 307], [275, 321], [247, 321]], '969', 0.057856430938326715), ([[269, 285], [411, 285], [411, 329], [269, 329]], '너무 많아', 0.9942904885697295), ([[403, 309], [447, 309], [447, 321], [403, 321]], '98609', 0.06306631996018675), ([[167, 323], [367, 323], [367, 367], [167, 367]], '이렇리가 없어', 0.9130410109736883), ([[362, 350], [394, 350], [394, 358], [362, 358]], '99 9 9', 0.04272826614580611), ([[17, 409], [555, 409], [555, 453], [17, 453]], '너는 훌륭한 암쾌지다 내가 보장한다 꿀:', 0.327982900500487), ([[51, 449], [526, 449], [526, 493], [51, 493]], '이제 돼지자지 맛을 알고있젯지 꿀]', 0.5205333139529931), ([[105, 559], [141, 559], [141, 573], [105, 573]], '6699', 0.3358741414032466), ([[133, 537], [205, 537], [205, 577], [133, 577]], '하아', 0.9999884517830384), ([[225, 537], [297, 537], [297, 577], [225, 577]], '하아', 0.9999901376516928), ([[325, 539], [461, 539], [461, 581], [325, 581]], '아니야 ', 0.8093761801719666), ([[77, 599], [105, 599], [105, 613], [77, 613]], '066', 0.07067162471062503), ([[95, 575], [511, 575], [511, 619], [95, 619]], '전혀 사실이아니야 .하지만 )', 0.7988649887089708), ([[160, 824], [242, 824], [242, 900], [160, 900]], '그', 0.7907107231335573), ([[193, 869], [285, 869], [285, 961], [193, 961]], '귀.9', 0.0002736565478544489)]
[([[586.2765422907172, 84.0291244048934], [652.9702164411157, 63.05244837637755], [699.7234577092828, 225.9708755951066], [633.0297835588843, 246.94755162362245]], '흙', 0.1528127947067901), ([[929.4133484557116, 100.02153899767731], [986.5689290811055, 90.15535459447264], [1009.5866515442884, 251.9784610023227], [952.4310709188945, 260.8446454055274]], '콩', 0.2014377024886551)]
[([[198, 29], [368, 29], [368, 105], [198, 105]], '평 평]', 0.16625120802359497), ([[133, 133], [431, 133], [431, 177], [133, 177]], "'아 아양! 아우위 학.!", 0.5919186808464167), ([[137, 219], [429, 219], [429, 263], [137, 263]], '꿀 원가 발견햇나 꿀?', 0.6496870909548738), ([[4, 304], [554, 304], [554, 352], [4, 352]], '없다 꿀 이 주변언 어떤 암컷도 없없다 꿀.', 0.4440588666398421), ([[585.3009300182813, 93.03060220840622], [643.4928890024968, 69.01519815955226], [701.6990699817187, 222.96939779159376], [643.5071109975032, 246.98480184044774]], '흙', 0.050620169456800035), ([[929.4176078067985, 99.0212269531401], [986.6867029780244, 91.17983164734137], [1007.5823921932015, 251.97877304685989], [950.3132970219756, 259.82016835265864]], '콩', 0.5500196805262227)]
[([[587.2525906813163, 88.03108817579609], [651.8247360757754, 66.03786797657418], [699.7474093186837, 225.96891182420393], [635.1752639242246, 246.96213202342582]], '흙', 0.11611574769182198), ([[927.4133484557116, 100.02153899767731], [984.4133125023502, 90.12583034404892], [1010.5866515442884, 251.9784610023227], [953.5866874976498, 261.87416965595105]], '콩', 0.14328761997497796)]
[([[169, 45], [415, 45], [415, 87], [169, 87]], '꿀꿀. 상관없다 꿀', 0.660781138018484), ([[76, 81], [515, 81], [515, 125], [76, 125]], '최소한 하나는 잡아서 좋앞다 꿀.', 0.3664223854084386), ([[36, 192], [524, 192], [524, 242], [36, 242]], '그우우  : 아우으으으으우 ! 아아아.', 0.23212321603426256), ([[515, 219], [549, 219], [549, 233], [515, 233]], '0663', 0.09014220535755157), ([[93, 293], [499, 293], [499, 335], [93, 335]], '또자지름 빨아당기고 있다 꿀!', 0.5662511572160619), ([[122, 328], [476, 328], [476, 372], [122, 372]], '이렇게 밝히지만 않앗어도', 0.562253205887063), ([[61, 367], [533, 367], [533, 409], [61, 409]], '벌써 네 안에 싸지논 않있율거다 꿀!', 0.34135624955646476), ([[587.3662497777024, 97.02874755472607], [638.4421532779768, 73.01397820796598], [701.6337502222976, 220.97125244527393], [649.5578467220232, 244.98602179203402]], '종', 0.011739619446023364), ([[928.4133484557116, 100.02153899767731], [986.6275716545526, 91.16731141246528], [1009.5866515442884, 251.9784610023227], [951.3724283454474, 260.83268858753473]], '콩', 0.4970015288739802)]
[([[892, 260], [924, 260], [924, 290], [892, 290]], '에', 0.8229873606214824), ([[745, 483], [799, 483], [799, 521], [745, 521]], '38', 0.3820546125693086), ([[604.4789396203098, 426.41419735452666], [652.3141198356202, 419.0908511356133], [655.5210603796902, 448.58580264547334], [607.6858801643798, 455.9091488643867]], '그하8', 0.5912511883825827)]
[([[111, 47], [245, 47], [245, 91], [111, 91]], '아아아야', 0.6843596696853638), ([[239, 69], [289, 69], [289, 85], [239, 85]], '독형!', 0.0012761093272765458), ([[282, 54], [308, 54], [308, 86], [282, 86]], '!', 0.12347221225525473), ([[43, 117], [379, 117], [379, 159], [43, 159]], '좋아 너에게 내 귀중하고', 0.667957851178831), ([[35, 155], [387, 155], [387, 197], [35, 197]], '신선한 아기만들기 주스틀', 0.8490198304227171), ([[77, 193], [345, 193], [345, 235], [77, 235]], '안쪽에 퍼부어준다!', 0.4470337212895149), ([[118, 258], [254, 258], [254, 306], [118, 306]], '그우우우_', 0.8430040015647379), ([[247, 285], [299, 285], [299, 299], [247, 299]], '999009', 0.08251694334277165), ([[892, 262], [924, 262], [924, 290], [892, 290]], '에', 0.847976978402162), ([[89, 365], [329, 365], [329, 407], [89, 407]], '이제 내 차례다 꿀', 0.9143937152361524), ([[165, 475], [233, 475], [233, 513], [165, 513]], '히히', 0.8416011664384156), ([[745, 483], [799, 483], [799, 521], [745, 521]], '그 8', 0.5051714777946472), ([[602.4789396203098, 425.41419735452666], [655.3478031625269, 417.1324293025354], [659.5210603796902, 447.58580264547334], [606.6521968374731, 455.8675706974646]], '그하8', 0.4626333636857403)]
[([[332, 66], [468, 66], [468, 114], [332, 114]], '하아아악.', 0.45799164556375693), ([[459, 93], [485, 93], [485, 105], [459, 105]], '069', 0.4635784236436844), ([[477, 69], [581, 69], [581, 113], [477, 113]], '아아아', 0.9836363375502791), ([[298, 164], [610, 164], [610, 212], [298, 212]], '너무많이해버로다 꿀!', 0.5502023303277497), ([[284, 202], [636, 202], [636, 250], [284, 250]], '이제 집에 갈 시간이다 꿀!', 0.6942652887792263), ([[336, 318], [582, 318], [582, 362], [336, 362]], '너무 배고프다 꿀!', 0.9772269995837597), ([[387, 449], [491, 449], [491, 491], [387, 491]], '히히히', 0.44302702247433273), ([[322, 596], [360, 596], [360, 626], [322, 626]], '-', 0.9831547922618142), ([[368, 570], [606, 570], [606, 648], [368, 648]], '며칠 후 -', 0.6733726562929708), ([[250, 694], [672, 694], [672, 750], [250, 750]], '찌격 찌격 찌격 찌격 찌격', 0.8646666835870729), ([[284, 830], [354, 830], [354, 878], [284, 878]], '우유', 0.9630298995375268), ([[367, 831], [507, 831], [507, 873], [367, 873]], '아아아이!', 0.5717253068159448), ([[527, 831], [639, 831], [639, 873], [527, 873]], '아아양!', 0.7640559673309326), ([[180, 866], [296, 866], [296, 916], [180, 916]], '(우우우', 0.9891971349716187), ([[319, 869], [735, 869], [735, 911], [319, 911]], '당질않아  끝까지 당질않아 !', 0.28360032475944535), ([[280, 903], [630, 903], [630, 953], [280, 953]], '내손가락만으론 부족해 .', 0.41780082747218744), ([[327, 945], [569, 945], [569, 987], [327, 987]], '[좀더근게 필오해_', 0.25492507355779537), ([[169, 978], [740, 978], [740, 1028], [169, 1028]], '좁다울통물통한게 . 울통물통 . 한 .자지 )', 0.044260788948800985), ([[352, 1053], [602, 1053], [602, 1102], [352, 1102]], '다른 방법은 없어:', 0.7766343811272508)]
[]
[([[187, 375], [283, 375], [283, 413], [187, 413]], '히히', 0.8368941341096441), ([[141, 451], [327, 451], [327, 491], [141, 491]], '하아 . 하아 ', 0.44048109196042634), ([[949, 435], [1189, 435], [1189, 477], [949, 477]], '말해라 월 바라고', 0.8969605224881191), ([[929, 473], [1209, 473], [1209, 515], [929, 515]], '우리에게 온거나 꿀?', 0.6825765355148753), ([[42, 518], [425, 518], [425, 567], [42, 567]], '무슨 일로 여기에 온거나 꿀?', 0.7397951675743513), ([[971, 555], [1153, 555], [1153, 597], [971, 597]], '으우우 . 나름', 0.6312855161415302), ([[143, 593], [351, 593], [351, 633], [143, 633]], '나  더 더이상', 0.62116687058103), ([[939, 593], [1199, 593], [1199, 635], [939, 635]], '안아 취으면 해서 .', 0.22209474884604544), ([[72, 626], [310, 626], [310, 674], [72, 674]], '참율 수가 없어서:', 0.7293742627670751), ([[301, 649], [329, 649], [329, 665], [301, 665]], '8', 0.37031730264036256), ([[321, 631], [393, 631], [393, 667], [321, 667]], '아!', 0.9455361035893213), ([[127, 685], [341, 685], [341, 727], [127, 727]], '벌써? 그럼 잔뜩', 0.9941829895200692), ([[931, 671], [1203, 671], [1203, 713], [931, 713]], '더 자세하게 말해라!', 0.7383605554495754), ([[103, 723], [367, 723], [367, 765], [103, 765]], '필러주도록하지 꿀', 0.46772285724831836), ([[913, 747], [987, 747], [987, 785], [913, 785]], '아아', 0.9985996698390147), ([[979, 767], [1005, 767], [1005, 781], [979, 781]], '669', 0.13843270796230983), ([[997, 745], [1223, 745], [1223, 787], [997, 787]], '아아 오크님들:', 0.24836493122227474), ([[143, 781], [315, 781], [315, 825], [143, 825]], '기다련라 꿀', 0.6283764397442179), ([[879, 781], [1253, 781], [1253, 825], [879, 825]], "'제보 보지에 우람한 자지름", 0.19990631638953932), ([[21, 817], [445, 817], [445, 861], [21, 861]], '그녀에계서 듣고 싶은게 있다 꿀', 0.7143999045361081), ([[905, 819], [1230, 819], [1230, 863], [905, 863]], "'수서박아주시길 원해외", 0.5428337526860008), ([[898, 850], [1235, 850], [1235, 904], [898, 904]], '저와 교미틀 해주세요 교', 0.16024173778550677)]
[([[135.85809327375503, 227.0654114816689], [212.16986283025633, 221.44006318269032], [218.14190672624497, 333.9345885183311], [140.83013716974367, 339.5599368173097]], '4', 0.8167388569213507)]
[([[632, 846], [890, 846], [890, 924], [632, 924]], '표움 주움', 0.08889331897967213), ([[619, 997], [903, 997], [903, 1039], [619, 1039]], '하하하! 잘말쾌다 꿀!', 0.3887263623301052), ([[586, 1108], [930, 1108], [930, 1156], [586, 1156]], '더이상 참을 수가 없어오', 0.40826045094654406), ([[685, 1149], [797, 1149], [797, 1191], [685, 1191]], '하으응', 0.9476759461618152), ([[135.85809327375503, 227.0654114816689], [212.16986283025633, 221.44006318269032], [218.14190672624497, 333.9345885183311], [140.83013716974367, 339.5599368173097]], '4', 0.6718107729104759)]
[([[636, 167], [795, 167], [795, 244], [636, 244]], '8390', 0.052428171038627625)]
[([[636, 168], [795, 168], [795, 244], [636, 244]], '최390', 0.008900103159248829), ([[1, 795], [487, 795], [487, 879], [1, 879]], '}우움 품품 품순워-', 0.007820762959256298), ([[666, 786], [822, 786], [822, 860], [666, 860]], '존으움', 0.3678137967412827), ([[810, 826], [860, 826], [860, 852], [810, 852]], '설새', 0.0005212348028917786), ([[77, 943], [149, 943], [149, 987], [77, 987]], '흐암_', 0.5071637578874808), ([[143, 965], [171, 965], [171, 981], [143, 981]], "066'", 0.13371597230434418), ([[161, 943], [379, 943], [379, 987], [161, 987]], '하아! 하으으음', 0.80894684247896), ([[633, 923], [868, 923], [868, 975], [633, 975]], '흐음으우우우 !', 0.8968127377150111), ([[596, 996], [940, 996], [940, 1044], [596, 1044]], '정말음탕한 암돼지다 꿀.', 0.4442508640306759), ([[56, 1032], [430, 1032], [430, 1082], [56, 1082]], '깨끗하고 단정하게 해라 꿀.', 0.7448877303765169), ([[609, 1037], [899, 1037], [899, 1079], [609, 1079]], '여오크자지틀 빨면서', 0.3618461049574826), ([[77, 1073], [407, 1073], [407, 1115], [77, 1115]], '이후에 네 질편한 보지로', 0.7666617803756381), ([[683, 1073], [845, 1073], [845, 1117], [683, 1117]], '아랫입으론', 0.5573727521140969), ([[73, 1111], [415, 1111], [415, 1155], [73, 1155]], '봉사름 할테니 말이다 꿀!', 0.7174063421857967), ([[593, 1109], [942, 1109], [942, 1158], [593, 1158]], '물음 질질 흘리고 있다 꿀!', 0.6735379499169922)]
[([[452.3719130657265, 799.0282350295643], [559.8515343767701, 873.5659579211411], [525.6280869342735, 923.9717649704357], [417.1484656232299, 849.4340420788589]], '04 9', 0.30346164107322693)]
[([[232, 8], [420, 8], [420, 84], [232, 84]], '찌거억', 0.6960714142192883), ([[241, 121], [375, 121], [375, 159], [241, 159]], '아아아 !', 0.6090274839184259), ([[75, 207], [575, 207], [575, 251], [75, 251]], '기다리헌 울통불통한 자지가 윗다 꿀!', 0.1993317526102504), ([[119, 279], [201, 279], [201, 321], [119, 321]], '아양!', 0.3869029106537709), ([[254, 274], [339, 274], [339, 324], [254, 324]], '흐응', 0.6964812213784936), ([[370, 288], [406, 288], [406, 312], [370, 312]], '배', 0.9973136370844173), ([[403, 303], [429, 303], [429, 315], [403, 315]], '066', 0.2048347739722544), ([[423, 281], [555, 281], [555, 319], [423, 319]], '빠르게.!', 0.4342770349321403), ([[111, 314], [505, 314], [505, 359], [111, 359]], '더 빠르게 박아주세요오오외', 0.7297560243675429), ([[207, 389], [445, 389], [445, 433], [207, 433]], '걱정하지마라 꿀.', 0.9886563044262031), ([[45, 427], [605, 427], [605, 471], [45, 471]], '이제부터 기분중게 보지름 워저어준다 꿀!', 0.5062820370146283), ([[451.36624977770236, 801.0287475547261], [560.8640647298364, 874.6271870540327], [526.6337502222976, 924.9712524452739], [417.13593527016354, 851.3728129459673]], '입다 "', 0.08837859218370923)]
[([[326, 365], [432, 365], [432, 430], [326, 430]], '%', 0.8197366003792617), ([[229.19601035230505, 531.04050248782], [422.9549303703711, 577.1520124985899], [402.80398964769495, 645.95949751218], [210.04506962962893, 599.8479875014101]], '4484"', 0.017622532588525763), ([[468.1537115632518, 626.0448886945671], [654.9253599668514, 666.9097388405389], [636.8462884367482, 735.9551113054329], [450.0746400331486, 695.0902611594611]], '44300', 0.21508809225641579)]
[([[158, 10], [702, 10], [702, 86], [158, 86]], '존격] 광광! 찌격; 쑤격', 0.17972438021071677), ([[229, 93], [597, 93], [597, 137], [229, 137]], '아으양! 양! 아아양! 아아야!', 0.5803373738473567), ([[133, 161], [731, 161], [731, 205], [133, 205]], '그래서 내 자지논 어떠나 꿀? 그리워없나 꿀?', 0.6346167165317227), ([[61, 229], [207, 229], [207, 273], [61, 273]], '양! 네헤에', 0.8718488640345468), ([[201, 253], [227, 253], [227, 267], [201, 267]], '666', 0.37881803725666574), ([[218, 228], [768, 228], [768, 276], [218, 276]], '네혜에에에.! 기 기분 조 .조하여어.!', 0.4990397686700854), ([[130, 296], [732, 296], [732, 344], [130, 344]], '이제 곧 나온다 꿀. 어디에 씨틀 받고 싶나 꿀?', 0.44146847324402005), ([[133, 369], [251, 369], [251, 407], [133, 407]], "'아하 아", 0.6812522542879436), ([[245, 389], [271, 389], [271, 403], [245, 403]], '63', 0.030738111268986824), ([[263, 366], [697, 366], [697, 408], [263, 408]], '안에요외 제 자궁안에요오오외', 0.3841880056713244), ([[21, 435], [841, 435], [841, 479], [21, 479]], '히하히! 그러면 원하는논대로 자궁안쪽에 잔뜩 싸주도록하다 꿀!', 0.20344110629191184), ([[230.19601035230505, 531.04050248782], [422.9549303703711, 577.1520124985899], [402.80398964769495, 645.95949751218], [210.04506962962893, 599.8479875014101]], '안484"', 0.02024383711444702), ([[469.17115132592437, 625.0430527288738], [654.9420214707877, 669.0385974009047], [635.8288486740756, 736.9569472711262], [449.05797852921233, 693.9614025990953]], '44290', 0.29333451723757187)]
[([[618, 97], [712, 97], [712, 142], [618, 142]], '89', 0.49761308980349656), ([[870, 746], [896, 746], [896, 780], [870, 780]], '(', 0.13704429490403047), ([[227.75573871362465, 733.0596826216963], [317.91756591496835, 702.3316216850059], [363.2442612863754, 862.9403173783037], [274.08243408503165, 892.6683783149941]], '(', 0.2694946485214622)]
[([[330, 372], [458, 372], [458, 448], [330, 448]], '(고', 0.4971624153057004), ([[471, 615], [1271, 615], [1271, 699], [471, 699]], '[지지적] 문지적] #지지지지지적!', 0.015525588953184444), ([[663, 727], [827, 727], [827, 769], [663, 769]], '아하아아아', 0.9902869379667462), ([[877, 727], [1039, 727], [1039, 769], [877, 769]], '윗다아아아', 0.4927168085172768), ([[601, 765], [935, 765], [935, 809], [601, 809]], '내보지 안에 윗다아아아_', 0.3972213899315132), ([[979, 765], [1089, 765], [1089, 807], [979, 807]], '하아아!', 0.6027898788452148), ([[590, 798], [986, 798], [986, 848], [590, 848]], '너문많이 나오고 있어어어.', 0.13712115642531494), ([[1013, 803], [1081, 803], [1081, 845], [1013, 845]], '으후', 0.9955403256303063), ([[633, 895], [1109, 895], [1109, 939], [633, 939]], '히하히! 나와 할때 기절하지마라 꿀!', 0.39049106706558884), ([[237.37562187832557, 643.0139300744929], [405.3049268297861, 801.6435195336098], [319.6243781216744, 894.9860699255071], [152.69507317021393, 736.3564804663902]], '^가', 0.07147075725174465)]
[([[721, 831], [765, 831], [765, 867], [721, 867]], '+;', 0.07788421608906543), ([[840, 930], [930, 930], [930, 978], [840, 978]], '29,', 0.0717749450872287), ([[615, 1015], [669, 1015], [669, 1051], [615, 1051]], '9)', 0.1737665640549492), ([[42.027212152335714, 389.16327291401427], [112.66934735820804, 330.01868228807615], [218.97278784766428, 472.83672708598573], [148.33065264179197, 532.9813177119238]], '올', 0.719777598785786)]
[([[644, 70], [777, 70], [777, 149], [644, 149]], '쑤계', 0.142051296088095), ([[473, 170], [908, 170], [908, 215], [473, 215]], '으우으으위 흐우으으으으우음', 0.6202571290048942), ([[483, 259], [935, 259], [935, 303], [483, 303]], "'히하! 굉장히 꽉꽉 조이고있다 꿀!", 0.23752840409348397), ([[698, 828], [724, 828], [724, 852], [698, 852]], '그', 0.9853123149724787), ([[721, 831], [765, 831], [765, 867], [721, 867]], '+', 0.8755081645333895), ([[843, 933], [903, 933], [903, 977], [843, 977]], '그*', 0.16005201554185983), ([[79, 977], [321, 977], [321, 1021], [79, 1021]], '으위흐움   움의', 0.46393483986166817), ([[579, 1010], [670, 1010], [670, 1054], [579, 1054]], '49', 0.6714792356899261), ([[55, 1078], [382, 1078], [382, 1121], [55, 1121]], '어이 좀더 혀름 새라 꿀!', 0.47139503941088573), ([[23, 1115], [411, 1115], [411, 1159], [23, 1159]], '환는게 시원창으면 네 보지논', 0.2607457308528792), ([[65, 1155], [371, 1155], [371, 1197], [65, 1197]], '사용하지 않들거다 꿀!', 0.5446464312322985), ([[42.027212152335714, 389.16327291401427], [112.66934735820804, 330.01868228807615], [219.97278784766428, 472.83672708598573], [148.33065264179197, 532.9813177119238]], '올', 0.7728901081893724)]
[([[840, 930], [930, 930], [930, 980], [840, 980]], '그', 0.19710348159815627), ([[642, 1016], [666, 1016], [666, 1042], [642, 1042]], '0', 0.9607421317525677)]
[([[628, 70], [842, 70], [842, 150], [628, 150]], '뿌주주죽!', 0.6296067799476773), ([[561, 163], [854, 163], [854, 211], [561, 211]], '으우으으우우우우되', 0.14752995492861445), ([[599, 225], [871, 225], [871, 309], [599, 309]], '꿀쩍 돕렉', 0.004857077741698785), ([[679, 321], [749, 321], [749, 365], [679, 365]], '흐움', 0.9935771464689411), ([[743, 345], [779, 345], [779, 361], [743, 361]], '6', 0.007887650934736146), ([[843, 935], [929, 935], [929, 977], [843, 977]], '22', 0.24421845233623082), ([[33, 971], [345, 971], [345, 1015], [33, 1015]], '아랫입도 전부 삼켜라"', 0.2615394862376419), ([[618, 1014], [667, 1014], [667, 1045], [618, 1045]], '09', 0.14033958080639655), ([[59, 1049], [322, 1049], [322, 1123], [59, 1123]], '쑤먹 쑤격', 0.05897773103148156), ([[73, 1171], [305, 1171], [305, 1215], [73, 1215]], '으우으으우으의', 0.9878800715241557)]
[([[27, 901], [185, 901], [185, 985], [27, 985]], '(고살<', 0.043439943343400955), ([[840, 930], [930, 930], [930, 980], [840, 980]], '29,', 0.026927176889977263), ([[620, 1018], [668, 1018], [668, 1048], [620, 1048]], '29', 0.22358395869257705)]
[([[460, 60], [872, 60], [872, 138], [460, 138]], '뿌지지적] 뿌지적', 0.4010066205198325), ([[530, 204], [802, 204], [802, 252], [530, 252]], '흐우으으으으우음', 0.8713901755320849), ([[493, 300], [909, 300], [909, 345], [493, 345]], '하하 자궁이 경권하고있다 꿀.', 0.4918464378068628), ([[585, 338], [814, 338], [814, 381], [585, 381]], '내아기씨 주스름', 0.4585956564351839), ([[531, 376], [871, 376], [871, 421], [531, 421]], "'꿀쩍꿀격 삼키고 있다 꿀", 0.27992733576625317), ([[27, 901], [187, 901], [187, 985], [27, 985]], '(6괴<', 0.048561323434114456), ([[841, 933], [885, 933], [885, 977], [841, 977]], '2', 0.5740559486896615), ([[615, 1015], [669, 1015], [669, 1051], [615, 1051]], '9)', 0.1579847536229291)]
[([[202.56053135686122, 543.7771158494086], [345.4581344946109, 513.2785067140239], [355.4394686431388, 579.2228841505914], [213.5418655053891, 609.7214932859761]], '228,6', 0.20562249175403954)]
[([[876, 470], [1016, 470], [1016, 544], [876, 544]], '찌계', 0.24830867394208758), ([[797, 558], [1095, 558], [1095, 602], [797, 602]], '아하아 ! 흐아아아!', 0.8880504380830878), ([[675, 597], [1215, 597], [1215, 641], [675, 641]], '아내보지이! 너무 기분조하아아 !', 0.3426478356778188), ([[738, 672], [1154, 672], [1154, 721], [738, 721]], '이런; 정말 음탕한 창년이다 꿀!', 0.37742562491813003), ([[625, 712], [1268, 712], [1268, 757], [625, 757]], '이런게 그 명예롭고 순수한 종즉이 맞는거나 꿀?', 0.30774151595402627), ([[659, 791], [945, 791], [945, 833], [659, 833]], '아아양 ! 그 그런말', 0.7718101290012217), ([[959, 791], [1111, 791], [1111, 831], [959, 831]], '하지 마근', 0.5675277606639794), ([[1109, 815], [1135, 815], [1135, 829], [1109, 829]], '069', 0.0971559352182393), ([[1129, 793], [1231, 793], [1231, 833], [1129, 833]], '말아: !', 0.311126864723854), ([[783, 829], [901, 829], [901, 871], [783, 871]], '아양 나_', 0.26630800705496643), ([[896, 854], [920, 854], [920, 862], [896, 862]], '(#', 0.00730988406812712), ([[913, 829], [1109, 829], [1109, 871], [913, 871]], '온다! 나온다]', 0.19447345473574995), ([[787, 865], [1067, 865], [1067, 909], [787, 909]], '가버려어어어어엇생', 0.23227003016963524), ([[701.785015794692, 160.0273506421625], [947.6732789893266, 203.33976740047555], [899.214984205308, 435.9726493578375], [653.3267210106734, 393.6602325995245]], '음', 0.0016306928108790336), ([[203.71806521676416, 547.3823891286161], [289.61463477551644, 526.7364322091765], [301.28193478323584, 589.6176108713839], [216.38536522448354, 610.2635677908235]], "'2그", 0.12417643096500407)]
[([[217, 501], [363, 501], [363, 585], [217, 585]], '("', 0.3092346809731137), ([[564.0946425395748, 479.041067935323], [762.8853997776785, 526.4904069305023], [738.9053574604252, 608.958932064677], [540.1146002223215, 560.5095930694977]], '("620', 0.09013681273148028)]
[([[217, 501], [365, 501], [365, 587], [217, 587]], '(요"', 0.07885104655455376), ([[631, 521], [1247, 521], [1247, 605], [631, 605]], '뽑지지적] 적지지지지지적', 0.045532145542976805), ([[706, 616], [1140, 616], [1140, 664], [706, 664]], '흐우와아아아아아아아아아아싹', 0.21734482238196853), ([[847, 693], [1032, 693], [1032, 742], [847, 742]], '으구으으옛', 0.21588724729035969), ([[755, 777], [1127, 777], [1127, 819], [755, 819]], '차례 기다리기도 지친다 꿀!', 0.9094682664785482), ([[807, 857], [1101, 857], [1101, 899], [807, 899]], '흐응아 아에에 .?', 0.16458507148066384)]
[([[220, 506], [360, 506], [360, 584], [220, 584]], '(고매-', 0.1360122710466385), ([[455.61538461538464, 157.07692307692307], [733.4348524158509, 90.92261488922874], [753.3846153846154, 206.92307692307693], [475.56514758414914, 273.0773851107713]], '숫"구  ,', 0.027406973990946496), ([[563.1896655424124, 476.03288617167203], [794.9745869983074, 538.2875295001209], [768.8103344575876, 618.9671138283279], [537.0254130016926, 556.7124704998791]], '(때(200', 0.0800011545015293)]
[([[637, 154], [742, 154], [742, 211], [637, 211]], '0) 9', 0.7333559989929199), ([[217, 501], [363, 501], [363, 585], [217, 585]], '(고"', 0.47834358812974453), ([[922, 480], [1048, 480], [1048, 556], [922, 556]], '푸준]', 0.20526442621071705), ([[771, 585], [1115, 585], [1115, 629], [771, 629]], '아하아아아하아아아아아_', 0.8229154212999463), ([[1109, 609], [1135, 609], [1135, 623], [1109, 623]], '60', 0.10080208401172136), ([[1130, 592], [1162, 592], [1162, 624], [1130, 624]], '!', 0.006333947879630708), ([[701, 697], [1271, 697], [1271, 741], [701, 741]], '히하히! 이제 네 등구멍에도 사정해주마 꿀!', 0.3077795996975726), ([[793, 799], [1181, 799], [1181, 841], [793, 841]], '꼭 ! 하아! 지금 싸버리면 !', 0.7206719859485919), ([[765, 837], [1207, 837], [1207, 877], [765, 877]], '저저 ! 저도 가버려오오오오오', 0.7232962828516364), ([[881, 873], [1057, 873], [1057, 915], [881, 915]], '오오오오훨', 0.1895533627083224), ([[448.41086345489947, 169.2628132552889], [655.4511709831477, 106.07389407147168], [681.5891365451005, 213.7371867447111], [474.5488290168524, 276.92610592852833]], '탓"가', 0.025860109502034347), ([[564.2150280828492, 474.030856652185], [795.9745869983074, 538.2875295001209], [768.7849719171508, 620.969143347815], [538.0254130016926, 556.7124704998791]], '(올200', 0.05237797452791095)]
[([[217, 503], [365, 503], [365, 587], [217, 587]], '("', 0.08236687780419161), ([[956, 551], [1141, 551], [1141, 615], [956, 615]], '(2#9우', 0.002960181886177303), ([[439.7390096630006, 218.47801932600117], [798.3711436717032, 150.44600852502245], [813.2609903369994, 263.5219806739988], [454.6288563282968, 332.5539914749775]], '062000', 0.09388480403357895), ([[565.2150280828492, 475.030856652185], [794.9911101611046, 543.5784341704175], [767.7849719171508, 621.969143347815], [538.0088898388954, 554.4215658295825]], '@(오209', 0.13577127703823078), ([[1063.102633403899, 746.307900211697], [1152.8303350241201, 735.4408057717009], [1155.897366596101, 787.692099788303], [1067.1696649758799, 798.5591942282991]], '59', 0.044904789337360654)]
[([[388, 14], [1014, 14], [1014, 92], [388, 92]], '뿌주우우육! 뿌지이이이이익]', 0.4085195309862055), ([[495, 125], [627, 125], [627, 167], [495, 167]], '으와아아_', 0.6490274194532204), ([[621, 147], [657, 147], [657, 163], [621, 163]], '06606', 0.06492098252037272), ([[647, 125], [865, 125], [865, 167], [647, 167]], '아아  아아아아', 0.4394886625898962), ([[857, 149], [897, 149], [897, 161], [857, 161]], '66009', 0.13685727951937882), ([[477, 215], [922, 215], [922, 267], [477, 267]], '지금이 기절하기| 딱 직전이나 꿀?', 0.6634206407891791), ([[432, 292], [962, 292], [962, 342], [432, 342]], '그래도 자궁은 미친듯이 떨리고있다 꿀.', 0.6739711934275401), ([[415, 334], [985, 334], [985, 377], [415, 377]], '아직도 정액올 더 많이가지고 싶어하다 꿀!', 0.5522910757242757), ([[492, 408], [908, 408], [908, 456], [492, 456]], "'한하! 그러면 계속해서 하자 꿀!", 0.5554040525036963), ([[220, 506], [360, 506], [360, 584], [220, 584]], '(고매-', 0.10999438166618347), ([[744, 556], [774, 556], [774, 588], [744, 588]], '0', 0.7276949015849965), ([[956, 551], [1141, 551], [1141, 615], [956, 615]], '(29우', 0.014308858662843704), ([[573.1777649698103, 483.0376381709323], [763.9492966666675, 535.0460140609136], [739.8222350301897, 609.9623618290676], [549.0507033333325, 557.9539859390864]], '((20<', 0.19898161229186223), ([[1061.8461255241468, 749.3999263627817], [1151.7463179046754, 735.3295141537177], [1157.1538744758532, 786.6000736372183], [1067.2536820953246, 800.6704858462823]], '(디', 0.07292709721535058)]
[([[281, 407], [675, 407], [675, 541], [281, 541]], '9개월 후', 0.6012375782973854)]
[([[122, 354], [244, 354], [244, 406], [122, 406]], '8/69)', 0.2969072336495993), ([[439.4701778718653, 150.41053361559588], [605.884613462592, 125.92543284867004], [612.5298221281347, 195.58946638440412], [445.115386537408, 221.07456715132994]], '998', 0.6868339515985129), ([[549.7320246740521, 192.4516320762678], [738.1774942616933, 156.70780245933713], [747.2679753259479, 216.5483679237322], [558.8225057383067, 252.29219754066287]], '귀-8킬0른', 0.0001921094055646886), ([[702.5125708376854, 396.1175991727596], [850.3418734550004, 372.26789678255705], [856.4874291623146, 419.8824008272404], [708.6581265449996, 444.73210321744295]], '0839', 0.6625913381576538), ([[874.4002652655213, 701.5006631638032], [967.9154943838411, 679.0162348608278], [979.5997347344787, 739.4993368361968], [886.0845056161589, 761.9837651391722]], '928', 0.2196993036049996)]
[([[886, 8], [1232, 8], [1232, 86], [886, 86]], '주으움 주으움!', 0.3170306164225715), ([[857, 119], [957, 119], [957, 161], [857, 161]], '흐으음', 0.968554177082095), ([[971, 119], [1229, 119], [1229, 163], [971, 163]], '후으음 . 홍으으위', 0.33963282395954675), ([[883, 211], [1235, 211], [1235, 255], [883, 255]], '배가 꽤 커지지 않앗나 꿀?', 0.681105919024826), ([[891, 305], [1223, 305], [1223, 347], [891, 347]], '그래 확실하게 매일매일', 0.596345608506559), ([[122, 354], [244, 354], [244, 408], [122, 408]], '869', 0.5488041346432417), ([[891, 343], [1231, 343], [1231, 387], [891, 387]], '아기 씨틀 주입해짚다 꿀.', 0.26944385254612674), ([[905, 419], [1211, 419], [1211, 461], [905, 461]], '히히! 이젠 내 아기씨틀', 0.3961699300121814), ([[905, 457], [1215, 457], [1215, 501], [905, 501]], '받으려고 하고 있다 꿀!', 0.48165834701303023), ([[438.30930882401475, 151.4660647072413], [604.8516479146693, 124.870239613076], [611.6906911759852, 194.5339352927587], [445.1483520853306, 221.129760386924]], '4898', 0.0072865295223891735), ([[550.1170986264234, 192.1756479396351], [740.1632976994553, 156.68130123875488], [749.8829013735766, 218.8243520603649], [558.8367023005447, 254.31869876124512]], '49289309', 0.13858127630203157), ([[702.9578792406196, 394.8283947090534], [851.3665631459995, 373.31671842700024], [856.0421207593804, 422.1716052909466], [708.6334368540005, 444.68328157299976]], '0839', 0.19653481245040894), ([[874.3076923076923, 701.5384615384615], [967.847722797328, 677.9502887527833], [980.6923076923077, 738.4615384615385], [886.152277202672, 763.0497112472167]], '528', 0.0808632876177664)]
[([[122, 354], [242, 354], [242, 406], [122, 406]], '869', 0.7331431006808165), ([[452.26787114705525, 137.3446974735155], [617.5218996206652, 105.0446260448983], [628.7321288529447, 197.6553025264845], [464.4781003793348, 229.9553739551017]], '6207.', 0.07677929214117866), ([[702.5125708376854, 396.1175991727596], [850.3418734550004, 372.26789678255705], [856.4874291623146, 419.8824008272404], [708.6581265449996, 444.73210321744295]], '0839', 0.579065203666687), ([[842.9127277988578, 630.2770928557738], [962.4753747837033, 614.3021790784898], [967.0872722011422, 682.7229071442262], [847.5246252162967, 697.6978209215102]], '{04?드', 0.04230930374605041), ([[942.3009308349235, 680.1453988425566], [1101.3570547970128, 667.5082211333917], [1102.6990691650765, 757.8546011574434], [944.6429452029872, 770.4917788666083]], '엇', 0.18344371793392966)]
[([[906, 6], [1092, 6], [1092, 84], [906, 84]], '푸우육]', 0.5769864916801453), ([[879, 95], [1084, 95], [1084, 146], [879, 146]], '후으으음으의', 0.9183494037519215), ([[763, 181], [1237, 181], [1237, 225], [763, 225]], '하하하] 벌써 질편하게 젖어있다 꿀!', 0.6865180482479969), ([[763, 260], [1237, 260], [1237, 304], [763, 304]], '좋아 여기에도 먹올걸 물려주자 꿀!', 0.6100500093298369), ([[122, 354], [242, 354], [242, 406], [122, 406]], '869', 0.7867560776766818), ([[930, 326], [1066, 326], [1066, 400], [930, 400]], '찌격', 0.3468870382688271), ([[847, 421], [1119, 421], [1119, 465], [847, 465]], '흐으음:흐우우음', 0.3234964296708762), ([[1092, 700], [1152, 700], [1152, 754], [1092, 754]], '0)', 0.4154083812921514), ([[451.896170436093, 139.44697948271602], [614.3250530854608, 102.81018142619298], [629.1038295639071, 194.55302051728398], [465.67494691453925, 231.189818573807]], '62.0<', 0.2596193242728576), ([[706.0938090314045, 398.9313326439663], [852.52564630917, 376.87431764266256], [856.9061909685955, 421.0686673560337], [711.47435369083, 443.12568235733744]], '0899', 0.20218543708324432), ([[843.9127277988578, 630.2770928557738], [961.3457545763061, 614.1285116383913], [967.0872722011422, 682.7229071442262], [849.6542454236939, 699.8714883616087]], '디4?드', 0.029705997556447983), ([[942.2720052199187, 681.1504297535369], [1101.3296450709734, 667.466735774282], [1103.7279947800812, 757.8495702464631], [944.6703549290268, 771.533264225718]], '&온', 0.08592988878785988)]
[([[907, 829], [1111, 829], [1111, 921], [907, 921]], '(890)', 0.3221677746674506), ([[452.2005737079239, 136.36218009011088], [615.3518226260182, 101.84129489198435], [628.7994262920761, 195.63781990988912], [465.64817737398175, 230.15870510801565]], '62.8', 0.013148942030966282), ([[702.7990780016776, 398.1588936020131], [850.444872782133, 371.71021705162843], [857.2009219983224, 417.8411063979869], [709.555127217867, 444.28978294837157]], '0839', 0.578180730342865), ([[939.8905123381961, 698.1868690938982], [1199.796143070127, 674.7613651769426], [1201.109487661804, 777.8131309061018], [941.203856929873, 800.2386348230574]], '9(2애', 0.17976821959018707)]
[([[499, 10], [1279, 10], [1279, 95], [499, 95]], '뿌지지지지지적} 부주우우우우우육!', 0.1947936657649642), ([[721, 112], [1022, 112], [1022, 162], [721, 162]], '으후으으으으으응고', 0.23021194855028196), ([[635, 205], [1145, 205], [1145, 249], [635, 249]], '하하하하! 이 암돼지가 짜내고 있다 꿀!', 0.47883015506077115), ([[717, 277], [1065, 277], [1065, 319], [717, 319]], '안쪽에 너무 싸지 마라 꿀', 0.9569150013556845), ([[684, 312], [1095, 312], [1095, 357], [684, 357]], '영아루 다치게 할 수도 있다 꿀!', 0.39669944561016207), ([[731, 380], [1050, 380], [1050, 430], [731, 430]], "'알있다: 지금 꺼번다 꿀.", 0.17887342601659426), ([[904, 824], [1114, 824], [1114, 923], [904, 923]], '0390)', 0.563363198835646), ([[452.055917498353, 138.40130299407065], [612.2743689735782, 102.75190934872602], [626.944082501647, 195.59869700592935], [466.72563102642175, 230.248090651274]], '62.0', 0.06444578617811203), ([[937.8905123381961, 697.1868690938982], [1192.6768427855052, 672.5223154404799], [1195.109487661804, 776.8131309061018], [941.3231572144948, 801.4776845595201]], '9(20', 0.1254861056804657)]
[([[702.6717988226486, 396.0076982339729], [851.3502522980859, 372.2843416365776], [856.3282011773514, 420.9923017660271], [708.6497477019141, 444.7156583634224]], '0889', 0.3079829812049866), ([[974.7338312761985, 617.2159226362322], [1241.7945966503253, 590.7581794043688], [1244.2661687238015, 692.7840773637678], [977.2054033496746, 719.2418205956312]], '6킬0~', 0.0015403397846966982)]
[([[956, 6], [1130, 6], [1130, 84], [956, 84]], '포용 !', 0.568330629232926), ([[883, 107], [1017, 107], [1017, 151], [883, 151]], '푸하아아', 0.9146158695220947), ([[1041, 105], [1183, 105], [1183, 149], [1041, 149]], '아아아양.', 0.5280078033420996), ([[864, 141], [1202, 141], [1202, 189], [864, 189]], '더더 주세하요오오오 ', 0.5703243876910999), ([[895, 201], [1029, 201], [1029, 243], [895, 243]], '아아아아', 0.9299893975257874), ([[1021, 225], [1057, 225], [1057, 239], [1021, 239]], '67(', 0.00027849987060208845), ([[1047, 201], [1185, 201], [1185, 245], [1047, 245]], '아깝다 꿀', 0.9993955149332112), ([[808, 262], [1278, 262], [1278, 312], [808, 312]], '그래도 우리의아이가 태어난 후엔', 0.6531946195778069), ([[927, 303], [1155, 303], [1155, 347], [927, 347]], '다시원하는 만큼', 0.7257941017969404), ([[849, 343], [1233, 343], [1233, 387], [849, 387]], '그녀의 안을 채율 수 있다 꿀!', 0.7838736072053181), ([[55, 781], [505, 781], [505, 825], [55, 825]], '하지만 못 기다리켓지 그렇지 꿀?', 0.9150348011159584), ([[31, 861], [135, 861], [135, 903], [31, 903]], '네에에_', 0.8021619319915771), ([[147, 861], [401, 861], [401, 903], [147, 903]], '제바알 . 좀 더어어', 0.4856714044594579), ([[393, 885], [421, 885], [421, 899], [393, 899]], '060', 0.2024054472910086), ([[421, 863], [491, 863], [491, 903], [421, 903]], '더어', 0.9992577904036303), ([[488, 888], [518, 888], [518, 896], [488, 896]], '999 9', 0.3240192554202104), ([[66, 898], [442, 898], [442, 946], [66, 946]], '더 많은 자지루 주세요오오.', 0.43826485868689924), ([[706.4648993671831, 397.69032892421114], [850.5458716108017, 378.9179213996328], [855.5351006328169, 423.30967107578886], [710.4541283891983, 443.0820786003672]], '6839', 0.7621468901634216), ([[975.6137649639948, 625.2619423379765], [1242.0126254546133, 598.4450761251554], [1244.3862350360052, 691.7380576620235], [977.9873745453867, 718.5549238748446]], '(043~', 0.006448200304261027)]
[([[268, 169], [696, 169], [696, 285], [268, 285]], '3 ( : ( `', 0.062054676606570484)]
[([[510, 11], [948, 11], [948, 86], [510, 86]], '15.4.17 번역 완료', 0.8708731596087597), ([[427, 59], [953, 59], [953, 144], [427, 144]], '역식자 :훔  .오교-( .', 8.029303891998823e-05), ([[272, 168], [660, 168], [660, 282], [272, 282]], '; ( 탑 (', 0.12454525618088573), ([[26, 299], [736, 299], [736, 378], [26, 378]], '이작품음 예전에 73년도? 에', 0.1848125494277573), ([[28, 370], [750, 370], [750, 446], [28, 446]], '파요노요라논 알만합 시람들은', 0.03901810209116581), ([[26, 437], [805, 437], [805, 521], [26, 521]], '다아눈 웬하드이서받아없논데', 0.024511943497183438), ([[25, 506], [620, 506], [620, 590], [25, 590]], '그때는 원어버전이없초', 0.15129593705855585), ([[27, 646], [862, 646], [862, 730], [27, 730]], '당시만해도 그결내가 번역하리관', 0.2647416818599303), ([[28, 717], [448, 717], [448, 796], [28, 796]], '생각은못햇네요', 0.6506127418713848), ([[26, 858], [598, 858], [598, 936], [26, 936]], '음란 육덕 엘프어꺼요', 0.12732755472008528), ([[31, 986], [603, 986], [603, 1047], [31, 1047]], '(후기라이중군난방하번까 멋이안남', 0.19389410383811975), ([[27, 1027], [474, 1027], [474, 1081], [27, 1081]], '나도 양식올 만들어놓올까)', 0.3435195070938179), ([[19.227079547632517, 41.06557389303899], [366.049220825988, 18.808004537949245], [365.7729204523675, 223.934426106961], [18.950779174011966, 247.19199546205076]], '후기', 0.9999345887177205)]
