806653
27
[([[0, 0], [1196, 0], [1196, 207], [0, 207]], '[홍-신손]', 0.00037126016720848956), ([[0, 195], [686, 195], [686, 384], [0, 384]], '자진@교', 0.0004511791921686381), ([[0, 347], [853, 347], [853, 534], [0, 534]], '[라진?풀99', 3.146308484671006e-06), ([[1743, 2512], [1966, 2512], [1966, 2573], [1743, 2573]], '느]]]로', 0.05282277507133057), ([[1582, 2569], [2120, 2569], [2120, 2638], [1582, 2638]], '5]- 스]]- 70 이주르', 0.0007645404310289167), ([[187, 2331], [895, 2331], [895, 2986], [187, 2986]], '[미', 0.0828020339619099), ([[872, 2674], [1011, 2674], [1011, 2875], [872, 2875]], '(', 0.9231149775587255), ([[982, 2347], [1646, 2347], [1646, 2992], [982, 2992]], '@', 0.21745582302686728), ([[1544, 2695], [2120, 2695], [2120, 2995], [1544, 2995]], '[>낙}', 0.0012234480818733573)]
[([[49, 1494], [532, 1494], [532, 1618], [49, 1618]], '@웬역8[ 서너', 0.0004224415530576071), ([[1120.0054100676994, 1101.2238042978768], [1318.1031405755775, 1084.0834820551374], [1319.9945899323006, 1162.7761957021232], [1121.8968594244225, 1178.9165179448626]], "(('설", 0.006893223151564598)]
[([[95, 48], [581, 48], [581, 108], [95, 108]], '숲부그 # 0) +3 [#렵가 }', 0.006100864529945124), ([[103, 115], [473, 115], [473, 187], [103, 187]], '논 ; * +아니깥기한호', 0.0008179640414115567), ([[100, 187], [722, 187], [722, 248], [100, 248]], '속미미금 2013숙짓 (- 뜨# ( +.', 0.01680037961906317), ([[95, 257], [1191, 257], [1191, 321], [95, 321]], '#주0 훌속다   (## +룻하#료#숲   (%*#0) 틈 다 솜@산 간한', 0.0002429703179364873), ([[100, 327], [218, 327], [218, 391], [100, 391]], '소습.', 0.09663529953106012), ([[241, 327], [874, 327], [874, 389], [241, 389]], '쓸기 ( - 쫓다사 순버 다-,오+2+"', 0.002055272520120003), ([[103, 399], [636, 399], [636, 456], [103, 456]], '* 8 [#별} +* + * 2+-0+2', 0.007545983395730737), ([[95, 466], [872, 466], [872, 527], [95, 527]], "솟사 | 0 #숲 { ( ' 5 _ 년.논?", 0.00955117894354208), ([[119, 2029], [602, 2029], [602, 2095], [119, 2095]], ';스1 순 #1표3 내 .', 0.006563053334840871), ([[625, 2031], [987, 2031], [987, 2097], [625, 2097]], '꼼#소 [미늄 채초+2', 0.011021671702237598), ([[121, 2104], [604, 2104], [604, 2168], [121, 2168]], '그)추 " -[호 } .', 0.008795528532710966), ([[120, 2172], [945, 2172], [945, 2244], [120, 2244]], '그# 0 스소(다 * +  * 12 < * 0 7당.', 0.01339362134572848), ([[121, 2249], [837, 2249], [837, 2318], [121, 2318]], '속{쫓 & **6 학 . 지3 < 표통(', 0.002286300688191644), ([[120, 2319], [812, 2319], [812, 2393], [120, 2393]], '트볶0 -순준 햇? -( 출 #화0', 0.0009574816995236751), ([[123, 2397], [886, 2397], [886, 2465], [123, 2465]], '군+8 그* 0 타문 - < 8 5 $촌?', 0.014859770489139607), ([[117, 2465], [833, 2465], [833, 2540], [117, 2540]], "%문: 0)-#품순 #꼼스 ( '1 내 * $0", 0.003354082725434769)]
[([[1251, 32], [1559, 32], [1559, 108], [1251, 108]], '장래의 급은', 0.21345758410008533), ([[1251, 94], [1915, 94], [1915, 178], [1251, 178]], '멋진 신부가 되는고입내다(', 0.18151435317127979), ([[1250, 221], [1913, 221], [1913, 301], [1250, 301]], '이런 붙이라도 받아물어줄', 0.1078617255057059), ([[1248, 277], [1944, 277], [1944, 364], [1248, 364]], '왕자넘이 어단가 왜흡-나? ', 0.04330972864203893), ([[1249, 401], [1973, 401], [1973, 489], [1249, 489]], '매일밥 기분중계 (버릭계야여', 0.04718878494540304)]
[([[1358, 565], [1829, 565], [1829, 638], [1358, 638]], '가슴과 마찬가지로', 0.9717199810853386), ([[1359, 626], [2016, 626], [2016, 706], [1359, 706]], '수술로 커다래진 엉덩이논', 0.8981305800591765), ([[1361, 691], [1775, 691], [1775, 767], [1361, 767]], '손님에계 대인기', 0.5326606979522774), ([[1358, 817], [1718, 817], [1718, 886], [1358, 886]], '뒤치기로 하면', 0.982752339483334), ([[1358, 869], [1969, 869], [1969, 956], [1358, 956]], '땅땅하고 중은소리가 나', 0.6658177119665237)]
[([[148, 385], [697, 385], [697, 458], [148, 458]], '나는 느끼기 쉬우니까', 0.6845173487857289), ([[146, 446], [807, 446], [807, 523], [146, 523]], '이립계해서 보지틀 만지면', 0.2629732645243921), ([[144, 508], [805, 508], [805, 588], [144, 588]], '담방 질척질척하게 되버려', 0.17045323652981909), ([[142, 630], [506, 630], [506, 718], [142, 718]], '@결로 아무리', 0.6881829642051648), ([[144, 699], [753, 699], [753, 772], [144, 772]], '테다관 자지가 오뒤라로', 0.1256641313984644), ([[148, 760], [570, 760], [570, 838], [148, 838]], '쏟울아고 들어가다', 0.16879156099870765)]
[([[44, 2467], [802, 2467], [802, 2554], [44, 2554]], '자고있올때 덮처저버력습내다', 0.2759011993853267), ([[44, 2531], [769, 2531], [769, 2616], [44, 2616]], '저녁때 그렇계나 센스햇든데', 0.12921344167603313), ([[46, 2650], [838, 2650], [838, 2742], [46, 2742]], '남자란 정말 텍수없네요 (웃음)', 0.2685275066064384)]
[([[1099, 0], [1197, 0], [1197, 63], [1099, 63]], '7 /', 0.0732484981417656), ([[99, 181], [177, 181], [177, 303], [99, 303]], '{', 0.9036701034825114), ([[71, 1342], [217, 1342], [217, 1409], [71, 1409]], '답배?', 0.7159362965296487), ([[71, 1400], [371, 1400], [371, 1475], [71, 1475]], '엄청피 논데 ,', 0.8000198344459486), ([[385, 1409], [444, 1409], [444, 1461], [385, 1461]], '나', 0.9998440803274775), ([[128.51578249875584, 394.0294164897979], [158.5596576869074, 389.03934560034764], [173.48421750124416, 483.9705835102021], [144.4403423130926, 488.96065439965236]], '7', 0.6014535922491291), ([[228.05742827528547, 1642.5033708955139], [271.0577333800245, 1602.14238414344], [293.9425717247145, 1631.4966291044861], [251.94226661997553, 1671.85761585656]], "'1", 0.4409542406559246), ([[109.82000635998092, 1643.9120101759695], [237.9068385158046, 1615.5470395629522], [248.1799936400191, 1670.0879898240305], [120.0931614841954, 1698.4529604370478]], '않아어', 0.48830215054798526), ([[26.951446195751537, 1675.036880054477], [109.7841150388458, 1653.7319006482696], [119.04855380424846, 1695.963119945523], [36.2158849611542, 1717.2680993517304]], '타지', 0.9951006640796168)]
[([[30, 86], [574, 86], [574, 155], [30, 155]], '등에앗는 천사 타투는', 0.5727534639660883), ([[31, 146], [573, 146], [573, 219], [31, 219]], '내가 제일많에 드는거', 0.7157430676469513), ([[29, 207], [575, 207], [575, 280], [29, 280]], '그리고 고양이 문신도', 0.6965763949090389), ([[30, 273], [609, 273], [609, 340], [30, 340]], '귀여우니까 좋아할려나', 0.8355020504707509), ([[31, 331], [442, 331], [442, 408], [31, 408]], '벌레나 뱀갈은거', 0.5937853660855896), ([[459, 337], [630, 337], [630, 403], [459, 403]], '그리면', 0.9999843077989814), ([[30, 398], [597, 398], [597, 466], [30, 466]], '더이상 못하게 할거야', 0.7736147426885268), ([[66, 483], [214, 483], [214, 538], [66, 538]], '라면서', 0.9995010316941945), ([[396, 2107], [426, 2107], [426, 2139], [396, 2139]], '7"', 0.8758154124521563), ([[62, 2441], [656, 2441], [656, 2510], [62, 2510]], '요즘 엉덩이틀 너무서서', 0.7447422829286114), ([[60, 2502], [286, 2502], [286, 2571], [60, 2571]], '헬거워저', 0.8186115622520447), ([[300, 2508], [477, 2508], [477, 2561], [300, 2561]], '버려서', 0.9939299298285732), ([[56, 2560], [888, 2560], [888, 2639], [56, 2639]], '화장실이랑 애널셋스함때 이외엔', 0.20852344985076657), ([[61, 2623], [664, 2623], [664, 2698], [61, 2698]], '플러그릇 끼우고 생활해', 0.3224439842379613), ([[60, 2727], [457, 2727], [457, 2789], [60, 2789]], '보지도 이런끌이고', 0.9378890333126513), ([[61, 2775], [404, 2775], [404, 2832], [61, 2832]], '정말 부끄러워 ', 0.6150738628793038), ([[58, 2863], [565, 2863], [565, 2926], [58, 2926]], '하지만 조임자체는 아직', 0.5752649184177916), ([[60, 2910], [305, 2910], [305, 2972], [60, 2972]], '쓸만하다고', 0.9720747159017927)]
[([[61, 1388], [575, 1388], [575, 1466], [61, 1466]], '두번째 입신올 한 나', 0.4496441621198946), ([[61, 1451], [664, 1451], [664, 1527], [61, 1527]], "배도 '꽤 커다래려습니다", 0.49439888958490597), ([[64, 1574], [1032, 1574], [1032, 1655], [64, 1655]], '낭울지 말지 계속 고민하고 아습니다 ', 0.2544598415037454), ([[62, 1771], [534, 1771], [534, 1837], [62, 1837]], '아기가 걱정되니까', 0.9897113125720597), ([[61, 1828], [662, 1828], [662, 1905], [61, 1905]], '가능하면 엉덩이틀 써쥐', 0.17225787208617144), ([[59, 1953], [798, 1953], [798, 2028], [59, 2028]], '가슴도 잔뜩 나오고 아으내까', 0.48413688955268064), ([[61, 2014], [556, 2014], [556, 2089], [61, 2089]], '마음껏 짜내도 좋야', 0.5306785821513224), ([[1372.801556964576, 1971.090275966202], [1471.214528229797, 1985.5430385565555], [1459.198443035424, 2052.9097240337983], [1360.785471770203, 2038.4569614434445]], '(0', 0.7794092221044264)]
[([[121, 1098], [526, 1098], [526, 1172], [121, 1172]], '"상낭하게 해쥐', 0.6135933024284547), ([[126, 1171], [586, 1171], [586, 1237], [126, 1237]], '아기가 잇으니까,', 0.8406119322489974)]
[([[1674, 63], [1782, 63], [1782, 118], [1674, 118]], '바의', 0.5121275782585144), ([[1669, 129], [2096, 129], [2096, 206], [1669, 206]], '웨이트리스 의상', 0.9975224083337734), ([[666, 765], [1081, 765], [1081, 838], [666, 838]], '유카의 몸에맞는', 0.4166591429556485), ([[664, 824], [1152, 824], [1152, 900], [664, 900]], '바니 수츠가 없어서', 0.2271922489287291), ([[664, 889], [1227, 889], [1227, 962], [664, 962]], '나플리 스&비키니 보럼', 0.5059257750672473), ([[887, 1117], [959, 1117], [959, 1153], [887, 1153]], '거의', 0.9999789266407801), ([[965, 1108], [1146, 1108], [1146, 1162], [965, 1162]], '알아이라서', 0.18641594494153824), ([[884, 1164], [1293, 1164], [1293, 1219], [884, 1219]], '몸에앗는 대부분의 문신올', 0.5450846580756813), ([[884, 1219], [1030, 1219], [1030, 1269], [884, 1269]], '볼수있어', 0.41129815578460693), ([[856, 1859], [1260, 1859], [1260, 1909], [856, 1909]], '그곳의 문신은 가끗지만 ,', 0.2598989009247272), ([[858, 1913], [1220, 1913], [1220, 1963], [858, 1963]], '스테이지에 올라가올때', 0.6646743550072077), ([[856, 1967], [1264, 1967], [1264, 2017], [856, 2017]], '전부 벗올거니까 볼수있어', 0.4309243520677049), ([[857, 2026], [1130, 2026], [1130, 2067], [857, 2067]], '시커매서 안보여?', 0.7185619714660861), ([[857, 2080], [1118, 2080], [1118, 2124], [857, 2124]], '그럼 에프터에서', 0.885103320352622), ([[1109, 2103], [1140, 2103], [1140, 2119], [1109, 2119]], '"\'', 0.045239221118734636), ([[1056, 2675], [1240, 2675], [1240, 2719], [1056, 2719]], '플러그 꼬리', 0.8375589814473434), ([[1056, 2732], [1179, 2732], [1179, 2773], [1056, 2773]], '귀엽지?', 0.7038671970367432), ([[1056, 2788], [1280, 2788], [1280, 2829], [1056, 2829]], '세계 당기지마', 0.5900874897884871)]
[([[57, 29], [629, 29], [629, 102], [57, 102]], '코스프레 47 촬영의상', 0.5634476151199065), ([[54, 90], [917, 90], [917, 165], [54, 165]], '[흑가루 와규 이치방시 보리] (웃음', 0.7230186756346957), ([[738, 286], [934, 286], [934, 334], [738, 334]], '코결이관거', 0.8405426297440283), ([[734, 331], [1114, 331], [1114, 388], [734, 388]], '구멍물은 뒤로는 자주', 0.4075016623410957), ([[737, 389], [1028, 389], [1028, 443], [737, 443]], '달려 지고 앗지만', 0.4635651904839567), ([[736, 443], [990, 443], [990, 496], [736, 496]], '엄청 부끄러워', 0.9342820973625294), ([[739, 505], [856, 505], [856, 549], [739, 549]], '달고서', 0.9999258752879714), ([[867, 502], [1117, 502], [1117, 550], [867, 550]], '거리에 나가면', 0.7821234704217265), ([[738, 554], [1283, 554], [1283, 606], [738, 606]], '언제나 이상하게 사람이 가까이', 0.7151473523566417), ([[740, 609], [986, 609], [986, 662], [740, 662]], '오지양계 되서', 0.24111286552811978), ([[798, 728], [1006, 728], [1006, 771], [798, 771]], '마치 자신이', 0.8221942257193983), ([[798, 782], [1048, 782], [1048, 825], [798, 825]], '인간이 아니게', 0.912364679340557), ([[798, 836], [1118, 836], [1118, 881], [798, 881]], '되버린것 같아서, ', 0.3960644114500378), ([[825, 881], [953, 881], [953, 936], [825, 936]], '흥분되', 0.5088221318976107), ([[1791, 1810], [1874, 1810], [1874, 1860], [1791, 1860]], '마침', 0.999965439759141), ([[1793, 1866], [2026, 1866], [2026, 1914], [1793, 1914]], '임신중이라서', 0.9773315236818843), ([[1791, 1915], [1989, 1915], [1989, 1968], [1791, 1968]], '유카밀크릇', 0.23133887417243162), ([[1788, 1974], [2059, 1974], [2059, 2024], [1788, 2024]], '짜보계습나다(', 0.2914509778558844), ([[323, 2517], [650, 2517], [650, 2573], [323, 2573]], '클리 피어스에 벌올', 0.507824491157448), ([[324, 2571], [596, 2571], [596, 2626], [324, 2626]], '매달아습니다(', 0.5692099352942278), ([[321, 2628], [561, 2628], [561, 2680], [321, 2680]], '플라스틱이라', 0.7498619489798749), ([[324, 2684], [575, 2684], [575, 2734], [324, 2734]], '무겁진 앉지만', 0.7562131316060696)]
[([[1526.4171723740294, 1679.012136976707], [1720.0490566037736, 1855.9283018867925], [1640.5828276259706, 1946.987863023293], [1446.9509433962264, 1770.0716981132075]], '[>명!!', 0.0002907266378530062), ([[1491.199210734348, 1800.0291870605677], [1606.9977710483724, 1880.7785683681536], [1551.800789265652, 1958.9708129394323], [1436.0022289516276, 1878.2214316318464]], '}상라*(', 0.0004682587230403159), ([[1586.2824301117926, 1880.0257785539152], [1690.8263802392867, 1971.1446694653096], [1632.7175698882074, 2038.9742214460848], [1528.1736197607133, 1947.8553305346904]], '[!', 0.007085133799693237)]
[([[1820, 758], [1922, 758], [1922, 802], [1820, 802]], '*초`3', 0.00014967007155064493), ([[1897, 833], [2018, 833], [2018, 886], [1897, 886]], '훨둑하<$', 0.00030325416292657775), ([[1829, 908], [1943, 908], [1943, 952], [1829, 952]], '라+~<:', 0.0030303625487517094)]
[([[1707, 0], [2089, 0], [2089, 69], [1707, 69]], '유카 모음집 개', 0.982752987317076), ([[55, 104], [319, 104], [319, 170], [55, 170]], '싱글럽으로서', 0.38977229127826707), ([[1595, 82], [1955, 82], [1955, 145], [1595, 145]], '출산소홀 끝번후의', 0.3552182901094643), ([[1600, 149], [1690, 149], [1690, 188], [1600, 188]], '나야', 0.9987004386583209), ([[1694, 137], [1929, 137], [1929, 197], [1694, 197]], '느스한 배도', 0.2909230193903085), ([[57, 172], [103, 172], [103, 209], [57, 209]], '이', 0.9994359811935851), ([[96, 164], [437, 164], [437, 219], [96, 219]], '제부터 힘닐계요', 0.37366353040374567), ([[54, 218], [212, 218], [212, 273], [54, 273]], '아줌마?', 0.592512845993042), ([[1596, 195], [1771, 195], [1771, 250], [1596, 250]], '돌아건어', 0.11555559933185577), ([[59, 274], [308, 274], [308, 327], [59, 327]], '아직 어린결|', 0.6962251375235671), ([[3, 408], [70, 408], [70, 637], [3, 637]], '"', 0.17203030217297055), ([[35, 1552], [355, 1552], [355, 1609], [35, 1609]], '아기클 남고나서', 0.39126602316823594), ([[35, 1606], [500, 1606], [500, 1663], [35, 1663]], '가슴도 엉덩이도 더욱더', 0.9721459086540526), ([[38, 1663], [397, 1663], [397, 1718], [38, 1718]], '커다래저 버려서 , ', 0.37002605905799035), ([[38, 1716], [402, 1716], [402, 1771], [38, 1771]], '어른의 매력이관게', 0.6899034391773923), ([[40, 1770], [336, 1770], [336, 1825], [40, 1825]], '나온게 아느까?', 0.2208681021822032), ([[22, 2326], [359, 2326], [359, 2370], [22, 2370]], '엉덩이 100센치 오버', 0.5898600081170794), ([[1252, 2260], [1336, 2260], [1336, 2429], [1252, 2429]], '17', 0.35418801913590703), ([[19, 2367], [432, 2367], [432, 2415], [19, 2415]], '가슴은 110센치 가까이돼', 0.7735088615567893), ([[17, 2411], [456, 2411], [456, 2463], [17, 2463]], '""무거워서 곤란해요 (웃음)', 0.4961164899007956), ([[1242, 2411], [1329, 2411], [1329, 2590], [1242, 2590]], '0', 0.034195945763295876)]
[([[1908, 195], [2082, 195], [2082, 243], [1908, 243]], '*약올해서', 0.9491303934752936), ([[1909, 245], [2016, 245], [2016, 288], [1909, 288]], '트립중', 0.32486285544299837), ([[1100, 280], [1142, 280], [1142, 422], [1100, 422]], '{', 0.09002085806565674), ([[1679, 660], [1781, 660], [1781, 703], [1679, 703]], '네~히', 0.018251873988769037), ([[914, 780], [955, 780], [955, 810], [914, 810]], '아', 0.9988808188787779), ([[886, 813], [1145, 813], [1145, 866], [886, 866]], '미안미안 (웃음)', 0.7664492223334962), ([[92, 1495], [754, 1495], [754, 1567], [92, 1567]], '한아이의 엄마가된 유카장', 0.7202498191528164), ([[772, 1494], [1154, 1494], [1154, 1566], [772, 1566]], '(출산은 두번째', 0.9593246960274154), ([[38, 1551], [634, 1551], [634, 1631], [38, 1631]], '현재는 새로빌런 사구려', 0.495234867847632), ([[652, 1561], [934, 1561], [934, 1616], [652, 1616]], '아파트에서', 0.9763236583562672), ([[1860, 1593], [1948, 1593], [1948, 1629], [1860, 1629]], '어서', 0.9999717617282756), ([[39, 1621], [581, 1621], [581, 1690], [39, 1690]], '둘이서 살고있습니다 ,', 0.6926419391916531), ([[37, 1677], [267, 1677], [267, 1753], [37, 1753]], '번돈으로', 0.7733628749847412), ([[38, 1742], [711, 1742], [711, 1815], [38, 1815]], '육아에도 힘쓰고 아습니다 ,', 0.6839502573862699), ([[90, 1869], [807, 1869], [807, 1941], [90, 1941]], '바의 웨이트리 스홀 그만두고', 0.6594880627178124), ([[40, 1928], [695, 1928], [695, 2002], [40, 2002]], '포르노 여배우일은 쉬는중', 0.6855308677944494), ([[36, 1993], [659, 1993], [659, 2066], [36, 2066]], '가끔 집에 남자흘 불러서', 0.7531703460464484), ([[38, 2056], [718, 2056], [718, 2129], [38, 2129]], '매춘하고 아논것 같습니다 ', 0.19078009229366572), ([[80, 2301], [596, 2301], [596, 2374], [80, 2374]], '[하지만 늘어나는 생활비', 0.7544022231418094), ([[37, 2366], [701, 2366], [701, 2433], [37, 2433]], '낮도 밥도없는 아이와의 생활', 0.694437373824164), ([[38, 2424], [598, 2424], [598, 2497], [38, 2497]], '유카는 스트레스틀 약으로', 0.41639443598843484), ([[39, 2491], [661, 2491], [661, 2559], [39, 2559]], '숨겨가면 생활하고 있습내다', 0.12793256305054473), ([[37, 2616], [658, 2616], [658, 2683], [37, 2683]], '더욱 마니아 취향이 되어가는', 0.8964972386808107), ([[38, 2677], [856, 2677], [856, 2750], [38, 2750]], '유카의 몸  손님도 떨어질것 같습니다 .', 0.2924891759726902), ([[39, 2744], [504, 2744], [504, 2805], [39, 2805]], '유카와 아이가 나아갈', 0.5973139268799845), ([[37, 2807], [600, 2807], [600, 2871], [37, 2871]], '[이제부터의 인생] 이란', 0.3575574075539619), ([[1667, 2931], [1765, 2931], [1765, 2984], [1667, 2984]], '곧"3', 0.10098734199635954), ([[1792.9378517783448, 1587.114118180386], [1857.580786674511, 1598.9959058299014], [1849.0621482216552, 1642.885881819614], [1784.419213325489, 1631.0040941700986]], '자 ,', 0.4885490632886384)]
[([[861, 20], [945, 20], [945, 56], [861, 56]], '내가', 0.9999756392084701), ([[946, 5], [1479, 5], [1479, 67], [946, 67]], '입을예정이엿면 중학교 교복 ', 0.1575453964910769), ([[860, 66], [1199, 66], [1199, 118], [860, 118]], '뭐 몹에서 팔고9는', 0.1759027393012953), ([[860, 120], [1099, 120], [1099, 170], [860, 170]], '코스프레지만', 0.9997208373949953), ([[1069, 237], [1231, 237], [1231, 275], [1069, 275]], '*사이즈도', 0.5298374712914408), ([[1880, 258], [2038, 258], [2038, 306], [1880, 306]], '*유카는', 0.7325962781906128), ([[1070, 281], [1214, 281], [1214, 325], [1070, 325]], '완전 빠세 ,', 0.8529153122177782), ([[1072, 332], [1139, 332], [1139, 368], [1072, 368]], '설마', 0.9994941909996444), ([[1878, 310], [2036, 310], [2036, 360], [1878, 360]], '학교중퇴', 0.9515057802200317), ([[1073, 377], [1150, 377], [1150, 407], [1073, 407]], '돼지 >', 0.7097532749176025), ([[380, 1043], [446, 1043], [446, 1096], [380, 1096]], '07', 0.12474870323821206), ([[260, 1238], [498, 1238], [498, 1353], [260, 1353]], '3 따팀', 0.05221795241702984), ([[110, 1861], [721, 1861], [721, 1914], [110, 1914]], '[라면서 , 특히 무거운 테마는 아니고', 0.572450251562642), ([[73, 1924], [1039, 1924], [1039, 1977], [73, 1977]], '유카는 유카나름대로 지금의 생활에 만족하고 아습니다 ,', 0.5271171940589994), ([[75, 1985], [711, 1985], [711, 2040], [75, 2040]], '비디오의 기획으로 돈올 벌수 잇다고', 0.6370674545386178), ([[73, 2049], [449, 2049], [449, 2101], [73, 2101]], '또 아이틀 만들거나 , ', 0.43741915903327955), ([[110, 2234], [582, 2234], [582, 2289], [110, 2289]], '[이번 비디오 사장의 지시로', 0.5499240615499673), ([[75, 2297], [789, 2297], [789, 2354], [75, 2354]], '어떤 야구자에 아는 사람올 소개반은것과', 0.2189117470701528), ([[75, 2360], [533, 2360], [533, 2415], [75, 2415]], '생활비틀 보태주는 대신에', 0.5165849614711111), ([[75, 2424], [1049, 2424], [1049, 2481], [75, 2481]], '그가 경영하는 지하의 수상한 가게에 취직할 예정입니다', 0.7171813464713261), ([[73, 2487], [571, 2487], [571, 2539], [73, 2539]], '급로도 엄청나게 좋다고해서', 0.576743321350684), ([[75, 2548], [589, 2548], [589, 2605], [75, 2605]], '유카는 엄청 의 욕이 넘청내다 ,', 0.29179967297636994), ([[75, 2611], [697, 2611], [697, 2666], [75, 2666]], '유카의 즐거운 밑바닭 예스라이 프는', 0.34993049733640647), ([[75, 2674], [233, 2674], [233, 2725], [75, 2725]], '계속해서', 0.9998968839645386), ([[242, 2679], [458, 2679], [458, 2727], [242, 2727]], '이어집니다', 0.816832901501736), ([[1147.9909908090056, 334.1747742652155], [1204.8845718429225, 342.1758366163079], [1200.0090091909944, 367.8252257347845], [1143.1154281570775, 359.8241633836921]], '나.', 0.3037337559061258)]
[([[1007, 34], [1407, 34], [1407, 86], [1007, 86]], '아아  또 벌어저버려어', 0.3507864227423286), ([[1008, 94], [1377, 94], [1377, 146], [1008, 146]], '지금도 애널플러그가', 0.8873835048489654), ([[1010, 157], [1461, 157], [1461, 210], [1010, 210]], '잘빠져 버려서 곤란한데 ,', 0.296308442750407), ([[1332, 282], [1381, 282], [1381, 321], [1332, 321]], '사사', 0.0848963897247686), ([[1617.105572809, 289.08065044950047], [1648.5127463536878, 268.0263603692286], [1703.894427191, 353.91934955049953], [1672.4872536463122, 374.9736396307714]], '0', 0.1578999173425224), ([[1866.4695455742813, 709.0117299787569], [1947.4193241747205, 679.007328602997], [2042.5304544257187, 958.9882700212431], [1961.5806758252795, 988.992671397003]], '주', 0.3274755297474172)]
[([[1669, 0], [2027, 0], [2027, 72], [1669, 72]], '유카 의상자료', 0.9304651970220619), ([[1004, 2872], [1229, 2872], [1229, 2945], [1004, 2945]], '외출복 1', 0.9968199836654412), ([[1820, 2870], [1933, 2870], [1933, 2937], [1820, 2937]], '알몸', 0.9081756648133886), ([[1360.630025908841, 2249.008559630963], [1425.0717291982605, 2256.6132226422783], [1399.369974091159, 2480.991440369037], [1334.9282708017395, 2473.3867773577217]], "'", 0.9655185215689563)]
[([[1357, 2258], [1437, 2258], [1437, 2489], [1357, 2489]], '5', 0.08321243058926431), ([[71, 2881], [306, 2881], [306, 2954], [71, 2954]], '외출복 2', 0.9970289583316391), ([[1133, 2883], [1418, 2883], [1418, 2946], [1133, 2946]], '웨이트리스', 0.9903255268967148)]
[([[1343, 2250], [1427, 2250], [1427, 2470], [1343, 2470]], '~', 0.5235841506988415), ([[159, 2891], [274, 2891], [274, 2955], [159, 2955]], '임신', 0.9904855950008208), ([[987, 2883], [1220, 2883], [1220, 2959], [987, 2959]], '외출복 3', 0.8727105587251428)]
[([[106, 1144], [200, 1144], [200, 1192], [106, 1192]], '메모', 0.9976777405655328), ([[149, 1199], [915, 1199], [915, 1267], [149, 1267]], '맞는 사이 즈가 존재하지 양기때문에', 0.5441457442683382), ([[102, 1265], [597, 1265], [597, 1326], [102, 1326]], '기본적으로 노러프이다', 0.7142924112548973), ([[149, 1327], [820, 1327], [820, 1393], [149, 1393]], '시간계열은 꽤 따로따로 (적당)', 0.6492512647907278), ([[152, 1391], [497, 1391], [497, 1451], [152, 1451]], '머리카락 이외의', 0.9974992926809475), ([[512, 1391], [912, 1391], [912, 1453], [512, 1453]], '체모는 영구제모끝', 0.9374198526910259), ([[149, 1452], [504, 1452], [504, 1514], [149, 1514]], '제복은 코스프레', 0.8453864705764513), ([[149, 1516], [1027, 1516], [1027, 1580], [149, 1580]], '코피어스 (코걸이) 논 유카는 싫어하지만', 0.5677569639575862), ([[105, 1575], [1071, 1575], [1071, 1642], [105, 1642]], '남자의 부탁으로 최근에는 달고9올때가 많다', 0.3374356824970874), ([[105, 1640], [801, 1640], [801, 1706], [105, 1706]], '다음 생일에 , 입을 용접받올 예정', 0.36799948190967924), ([[121, 1703], [886, 1703], [886, 1767], [121, 1767]], '(유두 라비아* , 클리 토리 스와 동일)', 0.5621149375528777), ([[149, 1952], [459, 1952], [459, 2018], [149, 2018]], '유카장의 의상', 0.9938703371958959), ([[105, 2015], [579, 2015], [579, 2076], [105, 2076]], '신작 (에서 날 예정인', 0.5067207925939429), ([[101, 2073], [720, 2073], [720, 2147], [101, 2147]], '의상안에 색올칠한 것입니다 ,', 0.5449045812673657), ([[102, 2141], [661, 2141], [661, 2203], [102, 2203]], '예정이기 때문에 쓰지양올', 0.7234281386888205), ([[100, 2200], [627, 2200], [627, 2268], [100, 2268]], '가능성도 9지만, 아무튼', 0.3007700905649441), ([[105, 2266], [466, 2266], [466, 2327], [105, 2327]], '내보는 것입니다 ,', 0.6324563780180397), ([[105, 2327], [501, 2327], [501, 2388], [105, 2388]], '[다음 폐이 지에도', 0.5036430782014623), ([[515, 2327], [1022, 2327], [1022, 2393], [515, 2393]], '시작에서 사용할 예정인', 0.9807969373712637), ([[102, 2390], [384, 2390], [384, 2451], [102, 2451]], '그림 (러프흘', 0.2191226833175596), ([[395, 2390], [811, 2390], [811, 2454], [395, 2454]], '게제하고 아습니다 ,', 0.4541671875761092), ([[102, 2453], [457, 2453], [457, 2515], [102, 2515]], '예정이기 때문에', 0.7299111328439672), ([[99, 2577], [862, 2577], [862, 2644], [99, 2644]], '*여성의 성기에 하는 피어성올 말합', 0.48458724509631423), ([[973, 2883], [1279, 2883], [1279, 2961], [973, 2961]], '제복 (임신)', 0.9901830626514027)]
[([[236, 2605], [494, 2605], [494, 2665], [236, 2665]], '유카책 신작', 0.9964730556157041), ([[236, 2676], [672, 2676], [672, 2740], [236, 2740]], '[유카라이프] (가칭)', 0.811056442986581), ([[237, 2749], [400, 2749], [400, 2804], [237, 2804]], '조만간|', 0.47962862253189087)]
[([[379.2311331053256, 2303.0118259230835], [629.6398623124096, 2515.7718579463913], [492.7688668946744, 2677.9881740769165], [242.36013768759037, 2466.2281420536087]], "''", 0.24076696452018467)]
[([[132, 2101], [266, 2101], [266, 2181], [132, 2181]], '및사', 0.15549125713502013), ([[133, 2179], [651, 2179], [651, 2245], [133, 2245]], '몹나`라>나`3 *서+나*75', 4.55059263899638e-06), ([[180, 2317], [335, 2317], [335, 2381], [180, 2381]], '쫓구터', 0.3340122957696655), ([[374, 2320], [684, 2320], [684, 2381], [374, 2381]], '2014/70/26', 0.5643326394734351), ([[180, 2390], [342, 2390], [342, 2454], [180, 2454]], '높?77', 0.013041517697274685), ([[377, 2390], [593, 2390], [593, 2451], [377, 2451]], '(설^7#', 0.01125830781701591), ([[180, 2460], [464, 2460], [464, 2526], [180, 2526]], '출# : +아니버0', 0.002643891904184684), ([[187, 2535], [757, 2535], [757, 2599], [187, 2599]], '서: : 룹++오:/ /하~+라$이어;명/', 6.363874947182826e-05), ([[176, 2609], [374, 2609], [374, 2661], [176, 2661]], '+버;++서< :', 0.009235606101910187), ([[369, 2601], [607, 2601], [607, 2673], [369, 2673]], '릭나*나니라용.', 3.6717051319621724e-05), ([[177, 2678], [290, 2678], [290, 2740], [177, 2740]], '[티]차', 0.06990476697683334), ([[327, 2676], [694, 2676], [694, 2737], [327, 2737]], '# - 0내 기? #', 0.09378476222312378), ([[135, 2746], [694, 2746], [694, 2812], [135, 2812]], '* 18 품숫 # 0 탤토 손 찾소', 0.009824587363518369), ([[357.3752361256181, 570.7253305758653], [623.9579087690203, 455.9685179140608], [684.624763874382, 617.2746694241347], [418.0420912309798, 732.0314820859392]], "')", 0.8755647152910107), ([[1200.607360702526, 1765.0110205049607], [1252.7533312315497, 1757.040654337111], [1282.392639297474, 1956.9889794950393], [1230.2466687684503, 1964.959345662889]], '출', 0.014096914018878692)]
[([[329, 48], [722, 48], [722, 153], [329, 153]], '역식자후기', 0.9964493680529518), ([[460, 359], [638, 359], [638, 409], [460, 409]], '27 3번째', 0.9936796767688258), ([[78, 422], [621, 422], [621, 484], [78, 484]], '오늘은 번역시 작한지 정확히', 0.9523506526330218), ([[633, 421], [1021, 421], [1021, 485], [633, 485]], '1년째 되는날이 네요', 0.239306512092323), ([[404, 490], [696, 490], [696, 544], [404, 544]], '축하해주세요 ', 0.6849434356944392), ([[432, 627], [666, 627], [666, 675], [432, 675]], '20150419', 0.9999798958695524), ([[59, 883], [1001, 883], [1001, 967], [59, 967]], '-이미이가.(;7씌@ 20140419)', 0.0030268777284436703), ([[158, 966], [286, 966], [286, 1042], [158, 1042]], '7)', 0.046291686502224955), ([[310, 964], [690, 964], [690, 1042], [310, 1042]], '스"스- 70', 0.019592325904412428), ([[710, 966], [898, 966], [898, 1042], [710, 1042]], '니?드', 0.006283152395922298), ([[234, 1044], [823, 1044], [823, 1128], [234, 1128]], '[어꼬)리이어?6', 0.000460883510255997)]
