808482
19
[([[1296, 120], [1328, 120], [1328, 152], [1296, 152]], '트', 0.7258407223148744), ([[1289, 152], [1454, 152], [1454, 207], [1289, 207]], '예찮민생', 0.009644569829106331), ([[1210, 1820], [1376, 1820], [1376, 1870], [1210, 1870]], '지어이꼴', 0.0018684279639273882), ([[1215, 1869], [1371, 1869], [1371, 1961], [1215, 1961]], '"18', 0.11694070349710647), ([[1209, 1957], [1375, 1957], [1375, 2001], [1209, 2001]], '5 시미 (}', 0.19861065513419454), ([[1224, 2010], [1360, 2010], [1360, 2042], [1224, 2042]], '18 병 숫 #0', 0.006912490803140145), ([[1200, 2030], [1383, 2030], [1383, 2072], [1200, 2072]], '#불: [쌍잔%-', 0.002650972354484406)]
[([[1210, 1820], [1376, 1820], [1376, 1870], [1210, 1870]], '지어이꼴', 0.0018684279639273882), ([[1215, 1869], [1371, 1869], [1371, 1961], [1215, 1961]], '"18', 0.11694070349710647), ([[1209, 1957], [1375, 1957], [1375, 2001], [1209, 2001]], '5 시미 (}', 0.19861065513419454), ([[1224, 2010], [1360, 2010], [1360, 2042], [1224, 2042]], '18 병 숫 #0', 0.006912490803140145), ([[1200, 2030], [1383, 2030], [1383, 2072], [1200, 2072]], '#불: [쌍잔%-', 0.002650972354484406)]
[([[936, 45], [1383, 45], [1383, 107], [936, 107]], '{신하+ 6거:< + 3 5', 0.04746573519861647), ([[61, 369], [183, 369], [183, 479], [61, 479]], '0', 0.9574139758415754), ([[1247, 1067], [1313, 1067], [1313, 1157], [1247, 1157]], '0', 0.9984905459724338), ([[46, 1744], [132, 1744], [132, 1820], [46, 1820]], '0', 0.6299307056170989)]
[([[941, 34], [1389, 34], [1389, 99], [941, 99]], ';이신-+ 6,:< + 3 5', 0.021137517838402876)]
[([[137, 101], [542, 101], [542, 163], [137, 163]], "11145+ 6,' *다 얼톤", 0.022837713680840137)]
[([[953, 1931], [1345, 1931], [1345, 1996], [953, 1996]], ';신도+ 6거:7 <8', 0.011180369838200008)]
[([[28, 38], [650, 38], [650, 138], [28, 138]], '음란한 미끄래곤이', 0.19185114944235793), ([[26, 132], [354, 132], [354, 234], [26, 234]], '나타낫다:', 0.38988741604278415), ([[731, 2007], [1367, 2007], [1367, 2073], [731, 2073]], "1|너앓+ 6니 : +기1; ''값", 0.006257642579861181)]
[([[714, 15], [1082, 15], [1082, 68], [714, 68]], "-버응논 69:1' 23", 0.00201187094838624), ([[1242, 88], [1292, 88], [1292, 142], [1242, 142]], '경', 0.048457012004165856), ([[1213, 129], [1255, 129], [1255, 167], [1213, 167]], '{2`', 0.15337158884555135), ([[1228, 162], [1276, 162], [1276, 210], [1228, 210]], '경', 0.029038524381931552), ([[782, 282], [812, 282], [812, 318], [782, 318]], '뭐', 0.9999958276792178), ([[781, 317], [847, 317], [847, 353], [781, 353]], '하시', 0.8639252258104873), ([[812, 360], [842, 360], [842, 398], [812, 398]], '논', 0.5823214708544242), ([[779, 359], [818, 359], [818, 435], [779, 435]], '겨', 0.21327320394271965), ([[781, 435], [859, 435], [859, 475], [781, 475]], '에요? ', 0.5590676069259644), ([[637, 567], [727, 567], [727, 609], [637, 609]], '이상은', 0.9988254473834421), ([[637, 609], [727, 609], [727, 649], [637, 649]], '없는지', 0.8487357442603018), ([[637, 647], [737, 647], [737, 687], [637, 687]], '확인해', 0.9795635342597961), ([[639, 689], [725, 689], [725, 729], [639, 729]], '보는것', 0.9289160687251731), ([[637, 725], [729, 725], [729, 767], [637, 767]], '붙이야', 0.5738511259240499), ([[283, 953], [351, 953], [351, 993], [283, 993]], '암전', 0.3598263488128646), ([[45, 975], [195, 975], [195, 1036], [45, 1036]], '5777', 0.06613042950630188), ([[286, 996], [354, 996], [354, 1028], [286, 1028]], '아게', 0.7851841687653258), ([[1218, 1017], [1342, 1017], [1342, 1053], [1218, 1053]], "'사탕으로", 0.9802664184879524), ([[285, 1035], [377, 1035], [377, 1073], [285, 1073]], '있으럼', 0.46363722294067755), ([[1221, 1055], [1321, 1055], [1321, 1095], [1221, 1095]], '어질때', 0.8240196179851595), ([[1221, 1088], [1351, 1088], [1351, 1136], [1221, 1136]], '진화해서', 0.9995984435081482), ([[1135, 1431], [1197, 1431], [1197, 1469], [1135, 1469]], '보럼', 0.6889750304414459), ([[162, 1468], [194, 1468], [194, 1498], [162, 1498]], '거', 0.9999966621426779), ([[1134, 1474], [1226, 1474], [1226, 1506], [1134, 1506]], '여기가', 0.9999264258866469), ([[1134, 1506], [1330, 1506], [1330, 1554], [1134, 1554]], '음뼈 젖어으니', 0.15005089505877414), ([[1133, 1549], [1269, 1549], [1269, 1591], [1133, 1591]], '아픔 거네', 0.5650028327183353), ([[137, 1587], [199, 1587], [199, 1627], [137, 1627]], '거긴', 0.43098600949171917), ([[141, 1623], [197, 1623], [197, 1667], [141, 1667]], '오중', 0.901941784049166), ([[139, 1665], [225, 1665], [225, 1703], [139, 1703]], '나오는', 0.8583947914302196), ([[142, 1710], [176, 1710], [176, 1738], [142, 1738]], '데', 0.9994183432727368), ([[881, 1645], [1157, 1645], [1157, 1945], [881, 1945]], '자', 0.750526270843693), ([[337.54331339444013, 782.0174054671654], [380.5215087633538, 773.0227072507911], [409.45668660555987, 924.9825945328346], [366.4784912366462, 933.9772927492089]], ' ', 0.01824140818908493), ([[737.9909908090056, 918.1747742652154], [759.611862762336, 908.0630587407871], [779.0090091909944, 951.8252257347846], [757.388137237664, 961.9369412592129]], '9', 0.08522981837169041), ([[1214.452236865945, 1881.0166846014977], [1287.4171478983005, 1897.8128928874032], [1249.547763134055, 2062.9833153985023], [1175.5828521016995, 2046.1871071125968]], '호', 0.015094414718697102)]
[([[242, 366], [350, 366], [350, 414], [242, 414]], '이결로', 0.1949069547289475), ([[243, 415], [323, 415], [323, 459], [243, 459]], '낫게', 0.9834912390535621), ([[242, 460], [360, 460], [360, 512], [242, 512]], '해줄게', 0.5852544408114642), ([[63, 507], [199, 507], [199, 645], [63, 645]], '0', 0.013006434022546864), ([[499, 841], [545, 841], [545, 879], [499, 879]], '새', 0.40351708325694347), ([[167, 931], [235, 931], [235, 971], [167, 971]], '원가', 0.9471197273797234), ([[31, 999], [107, 999], [107, 1035], [31, 1035]], '들어와.', 0.9153420314813976), ([[1173, 1096], [1234, 1096], [1234, 1215], [1173, 1215]], '올', 0.010096792917542674), ([[849, 1345], [869, 1345], [869, 1371], [849, 1371]], '오', 0.9999805689801953), ([[827, 1383], [873, 1383], [873, 1419], [827, 1419]], '오중', 0.9664093186103746), ([[898, 1367], [942, 1367], [942, 1450], [898, 1450]], '리', 0.6170711946954412), ([[826, 1418], [898, 1418], [898, 1450], [826, 1450]], '나오는', 0.9175025170219386), ([[828, 1450], [880, 1450], [880, 1474], [828, 1474]], '데가', 0.9998559451110108), ([[826, 1480], [876, 1480], [876, 1510], [826, 1510]], '이상', 0.999911071307832), ([[599, 1453], [651, 1453], [651, 1587], [599, 1587]], '?', 0.026896847043984318), ([[826, 1510], [878, 1510], [878, 1538], [826, 1538]], '해져', 0.3083867853161305), ([[1153, 1657], [1215, 1657], [1215, 1723], [1153, 1723]], '8', 0.12578566353575926), ([[75, 1795], [139, 1795], [139, 1837], [75, 1837]], '원가', 0.7776810073604954), ([[75, 1839], [133, 1839], [133, 1875], [75, 1875]], '오고', 0.999966198394819), ([[859, 1841], [925, 1841], [925, 1877], [859, 1877]], '점점', 0.9999904748255235), ([[1077, 1695], [1313, 1695], [1313, 1965], [1077, 1965]], '신', 0.43588662750702056), ([[73, 1877], [161, 1877], [161, 1915], [73, 1915]], '있어요', 0.9836473253261888), ([[860, 1882], [980, 1882], [980, 1914], [860, 1914]], '나아지고', 0.999871015548706), ([[857, 1919], [929, 1919], [929, 1959], [857, 1959]], '와단', 0.3985977913500187), ([[859, 1957], [951, 1957], [951, 2001], [859, 2001]], '증거야', 0.9982611883691347), ([[905.6544010439837, 1240.0300859507074], [925.4473848214377, 1238.0506804208783], [931.3455989560163, 1300.9699140492926], [910.5526151785623, 1302.9493195791217]], '물', 0.03175485993666882)]
[([[198, 52], [396, 52], [396, 174], [198, 174]], '1@', 0.07966070777846349), ([[1190, 298], [1281, 298], [1281, 335], [1190, 335]], '드디어', 0.9999300736038979), ([[1189, 339], [1347, 339], [1347, 375], [1189, 375]], '미끄메라가', 0.9152232976515536), ([[201, 355], [273, 355], [273, 395], [201, 395]], '빨리', 0.999913178596017), ([[1190, 377], [1393, 377], [1393, 417], [1190, 417]], '바라고 바라던', 0.5051606779993564), ([[203, 393], [325, 393], [325, 437], [203, 437]], '파플레로', 0.7794104814529419), ([[203, 435], [295, 435], [295, 475], [203, 475]], '더더욱', 0.9995359928001671), ([[1189, 415], [1363, 415], [1363, 459], [1189, 459]], '미끄래곤으로', 0.7840203497895948), ([[1190, 455], [1360, 455], [1360, 497], [1190, 497]], '진화햇다   !', 0.2464344061505967), ([[201, 475], [265, 475], [265, 515], [201, 515]], '깊이', 0.9984152250812859), ([[201, 515], [331, 515], [331, 555], [201, 555]], '친해지야', 0.36402164493268296), ([[201, 553], [305, 553], [305, 597], [201, 597]], '렌는길!', 0.03264392539858818), ([[1279, 941], [1413, 941], [1413, 981], [1279, 981]], '미끄래곧!', 0.6776791337168768), ([[1279, 981], [1385, 981], [1385, 1017], [1279, 1017]], '이리와!', 0.6913232803344727), ([[1279, 1021], [1427, 1021], [1427, 1063], [1279, 1063]], '같이 놀자!', 0.9530163628156035), ([[456, 1034], [667, 1034], [667, 1155], [456, 1155]], '#대', 0.009546135378136266), ([[561, 1213], [707, 1213], [707, 1255], [561, 1255]], '미끄래곧은', 0.5031352629784837), ([[561, 1253], [649, 1253], [649, 1295], [561, 1295]], '여기름', 0.23742015544854253), ([[24, 1258], [126, 1258], [126, 1388], [24, 1388]], '8', 0.06715558607267269), ([[559, 1333], [649, 1333], [649, 1375], [559, 1375]], '주는결', 0.06903053172663938), ([[561, 1293], [681, 1293], [681, 1335], [561, 1335]], '쓰다듬어', 0.9660947322845459), ([[560, 1370], [684, 1370], [684, 1418], [560, 1418]], '좋아하는', 0.9199199676513672), ([[1303, 1375], [1341, 1375], [1341, 1415], [1303, 1415]], '7', 0.9993263425872669), ([[559, 1413], [636, 1413], [636, 1454], [559, 1454]], '구나!', 0.9840964647379439), ([[807, 1443], [923, 1443], [923, 1479], [807, 1479]], '미끄래곤은', 0.5051570758793745), ([[807, 1473], [887, 1473], [887, 1509], [807, 1509]], '굉장히', 0.9996615052223206), ([[810, 1508], [902, 1508], [902, 1534], [810, 1534]], '기뻐하고', 0.9925516247749329), ([[808, 1538], [870, 1538], [870, 1568], [808, 1568]], '있다!', 0.9417937364731508), ([[0, 1575], [63, 1575], [63, 1679], [0, 1679]], ')', 0.9891111868021198), ([[389, 1623], [521, 1623], [521, 1683], [389, 1683]], "(211'", 0.14761015730756558)]
[([[1285, 189], [1417, 189], [1417, 229], [1285, 229]], '미끄래곤!', 0.7750178201342743), ([[645, 247], [693, 247], [693, 283], [645, 283]], '어?', 0.9998607496523867), ([[1287, 229], [1379, 229], [1379, 271], [1287, 271]], '조플레', 0.2183250489939037), ([[644, 282], [778, 282], [778, 330], [644, 330]], '배가 부근', 0.3682583630269676), ([[1285, 269], [1395, 269], [1395, 311], [1285, 311]], '먹올래?', 0.669182538986206), ([[644, 326], [729, 326], [729, 367], [644, 367]], '걸까?', 0.8259664485036428), ([[149, 363], [203, 363], [203, 405], [149, 405]], '(중0)', 0.2040720134973526), ([[965, 519], [1258, 519], [1258, 634], [965, 634]], '오-소', 0.862339149660131), ([[111, 689], [177, 689], [177, 727], [111, 727]], '그럼', 0.9983009778281489), ([[188, 798], [306, 798], [306, 876], [188, 876]], '[339', 0.07558359205722809), ([[521, 741], [717, 741], [717, 901], [521, 901]], '낙', 0.007933107830982777), ([[1148, 970], [1244, 970], [1244, 1018], [1148, 1018]], '이게', 0.9816554429978586), ([[1146, 1022], [1360, 1022], [1360, 1096], [1146, 1096]], '종올려나?', 0.2658106223910378), ([[308, 1693], [734, 1693], [734, 1959], [308, 1959]], "('원)", 0.0034405251499265432), ([[1202, 1836], [1319, 1836], [1319, 1902], [1202, 1902]], '규인!', 0.4530401335393977)]
[([[587, 145], [655, 145], [655, 181], [587, 181]], '오오!', 0.9340420787691694), ([[585, 183], [649, 183], [649, 225], [585, 225]], '꿈에', 0.7691450185939367), ([[587, 225], [679, 225], [679, 263], [587, 263]], '그리던', 0.49196046590805054), ([[585, 263], [735, 263], [735, 305], [585, 305]], '미끄래곤의', 0.500286745367354), ([[1290, 278], [1370, 278], [1370, 328], [1290, 328]], '번물', 0.043687818408991), ([[584, 300], [654, 300], [654, 348], [584, 348]], '슬라.', 0.10818287671150195), ([[225, 501], [347, 501], [347, 543], [225, 543]], '미끈하고', 0.8785605430603027), ([[225, 543], [353, 543], [353, 583], [225, 583]], '말광해서', 0.371688574552536), ([[227, 583], [319, 583], [319, 621], [227, 621]], '맛있어', 0.9994455622441348), ([[227, 623], [325, 623], [325, 659], [227, 659]], '보여 . !', 0.329885142871592), ([[1069, 465], [1243, 465], [1243, 772], [1069, 772]], '중', 0.29430251978625677), ([[1301, 917], [1365, 917], [1365, 955], [1301, 955]], '이런', 0.9995511655710799), ([[1304, 960], [1402, 960], [1402, 990], [1304, 990]], '데까지', 0.9972702602993415), ([[834, 982], [986, 982], [986, 1030], [834, 1030]], '미끄래곤위', 0.19411455186512297), ([[1301, 995], [1371, 995], [1371, 1033], [1301, 1033]], '항상', 0.9762678380333814), ([[645, 908], [750, 908], [750, 1185], [645, 1185]], '중', 0.11153501227301277), ([[835, 1021], [903, 1021], [903, 1065], [835, 1065]], '나뿐', 0.32552855674747316), ([[838, 1070], [932, 1070], [932, 1100], [838, 1100]], '아이네', 0.9982938729390555), ([[1298, 1030], [1394, 1030], [1394, 1078], [1298, 1078]], '축축히', 0.848475722226096), ([[1303, 1077], [1365, 1077], [1365, 1115], [1303, 1115]], '젖어', 0.998512961758619), ([[1301, 1117], [1399, 1117], [1399, 1157], [1301, 1157]], '있다니', 0.9914276275909507), ([[695, 1305], [757, 1305], [757, 1341], [695, 1341]], '그럼', 0.9936218223214469), ([[694, 1346], [758, 1346], [758, 1378], [694, 1378]], '시작', 0.9999404048763356), ([[693, 1381], [767, 1381], [767, 1423], [693, 1423]], '활게.', 0.9371607303619385), ([[152, 1791], [360, 1791], [360, 1914], [152, 1914]], '오움))', 0.001523562241345644), ([[1292.9074644389061, 215.10030797009324], [1371.3804655941185, 226.34470529121418], [1362.0925355610939, 280.89969202990676], [1283.6195344058815, 269.6552947087858]], '신터', 0.0030428132276566445), ([[506.6712678358369, 572.5754088880901], [588.8929809237464, 555.8623735838462], [596.3287321641631, 600.4245911119099], [514.1070190762536, 616.1376264161538]], '돌리   (', 0.0023418914052012302), ([[490.9421394540648, 1528.0561108682089], [544.5201283418987, 1479.0135358355444], [679.0578605459352, 1641.9438891317911], [625.4798716581013, 1690.9864641644556]], '2', 0.049237593532836854)]
[([[1243, 215], [1393, 215], [1393, 255], [1243, 255]], '미끄래공의', 0.6943711414054057), ([[462, 272], [486, 272], [486, 300], [462, 300]], '오', 0.9999778271950532), ([[1241, 253], [1335, 253], [1335, 297], [1241, 297]], '얼굴이', 0.993831315169571), ([[1241, 293], [1314, 293], [1314, 336], [1241, 336]], '약간', 0.8739995985722366), ([[1243, 335], [1383, 335], [1383, 375], [1243, 375]], '빨개진 것', 0.9954083309560071), ([[1243, 375], [1315, 375], [1315, 415], [1243, 415]], '같다', 0.9982168113945501), ([[430, 392], [530, 392], [530, 652], [430, 652]], '(', 0.9403545780242126), ([[709, 453], [747, 453], [747, 539], [709, 539]], '궁', 0.026432813079297013), ([[1079, 583], [1177, 583], [1177, 671], [1079, 671]], '한;.', 0.1503873657624633), ([[379, 999], [475, 999], [475, 1041], [379, 1041]], '오오옷!', 0.8304572701454163), ([[1312, 1036], [1370, 1036], [1370, 1088], [1312, 1088]], '<', 0.9849163022636844), ([[1352, 1096], [1382, 1096], [1382, 1126], [1352, 1126]], '2', 0.36791936216468457), ([[579, 1507], [729, 1507], [729, 1549], [579, 1549]], '미끄래공의', 0.5672488719996547), ([[582, 1552], [646, 1552], [646, 1582], [582, 1582]], '자지', 0.9999793481066898), ([[581, 1587], [747, 1587], [747, 1629], [581, 1629]], '벌써 이렇계', 0.7476027346130749), ([[577, 1625], [761, 1625], [761, 1669], [577, 1669]], '미끈미끈하게', 0.4208520470760244), ([[580, 1668], [618, 1668], [618, 1696], [580, 1696]], '돼닫', 0.022454297837277214), ([[589, 1687], [615, 1687], [615, 1705], [589, 1705]], '4', 0.2472352953085455), ([[612, 1672], [648, 1672], [648, 1702], [612, 1702]], '네', 0.9997812629164606), ([[642.2272685141362, 562.0499675588485], [688.2331034057185, 551.1280790203882], [710.7727314858638, 650.9500324411515], [664.7668965942815, 662.8719209796118]], '병', 0.3944220051025501), ([[129.61736755037668, 899.008137433852], [196.2838632908555, 906.6204867750583], [170.38263244962332, 1151.991862566148], [102.7161367091445, 1145.3795132249415]], '농', 0.07052374455895816), ([[617.7717736030015, 994.0687850667131], [687.606809396776, 948.0167499183536], [780.2282263969985, 1104.931214933287], [710.393190603224, 1150.9832500816462]], '돈', 0.10601194319868856), ([[823.3816999397877, 1210.0239292232616], [881.451257783107, 1186.0127372390045], [947.6183000602123, 1354.9760707767384], [889.548742216893, 1378.9872627609955]], '"', 0.21654729597850864), ([[284.0470742199867, 1394.0413535298476], [451.64961602772763, 1437.2457889583463], [423.9529257800133, 1530.9586464701524], [256.35038397227237, 1487.7542110416537]], '30', 0.3505475408867006), ([[230.936083991934, 1498.0631055322456], [381.4547999517442, 1518.9151405581474], [367.06391600806603, 1599.9368944677544], [216.54520004825585, 1579.0848594418526]], '{80', 0.018067982530130557)]
[([[728, 26], [760, 26], [760, 50], [728, 50]], '와;', 0.9258499682225719), ([[725, 53], [835, 53], [835, 89], [725, 89]], '야한 줍이', 0.3620591402956803), ([[728, 86], [778, 86], [778, 116], [728, 116]], '점점', 0.9999608879486127), ([[444, 104], [540, 104], [540, 134], [444, 134]], '자지가', 0.999631035532449), ([[728, 116], [820, 116], [820, 148], [728, 148]], '넘쳐나고', 0.72795170545578), ([[960, 106], [1056, 106], [1056, 136], [960, 136]], '자지가', 0.9998923576701003), ([[441, 139], [503, 139], [503, 181], [441, 181]], '기분', 0.9948493342112469), ([[726, 148], [784, 148], [784, 178], [726, 178]], '있어;', 0.5139429216237645), ([[961, 143], [1055, 143], [1055, 183], [961, 183]], '그렇계', 0.573507473971005), ([[1082, 119], [1160, 119], [1160, 236], [1082, 236]], '(호', 0.052322242705231864), ([[441, 179], [535, 179], [535, 223], [441, 223]], '좋다는', 0.9784736994304312), ([[959, 179], [1019, 179], [1019, 221], [959, 221]], '기분', 0.9993248742558828), ([[444, 224], [504, 224], [504, 256], [444, 256]], '거지', 0.9997931495340951), ([[577, 223], [615, 223], [615, 281], [577, 281]], '3', 0.9954500810850142), ([[961, 221], [1037, 221], [1037, 265], [961, 265]], '좋아?', 0.9662805902042009), ([[443, 260], [549, 260], [549, 300], [443, 300]], '알걀어!', 0.18657054007053375), ([[455, 277], [475, 277], [475, 299], [455, 299]], '2', 0.6442881265735565), ([[1100, 310], [1132, 310], [1132, 346], [1100, 346]], '규', 0.4101268844169823), ([[1343, 475], [1465, 475], [1465, 517], [1343, 517]], '미끄래곧', 0.4649578630924225), ([[1024, 479], [1180, 479], [1180, 567], [1024, 567]], '(4?', 0.09051266574384194), ([[1343, 513], [1477, 513], [1477, 557], [1343, 557]], '숨이 점점', 0.9284047806811074), ([[768, 538], [818, 538], [818, 604], [768, 604]], '버', 0.014294549844929227), ([[1343, 553], [1487, 553], [1487, 597], [1343, 597]], '거칠어지고', 0.6372729257080935), ([[1343, 597], [1411, 597], [1411, 637], [1343, 637]], '임네', 0.24794615009814286), ([[113, 859], [207, 859], [207, 899], [113, 899]], '이렇게', 0.3711770337574014), ([[997, 843], [1093, 843], [1093, 883], [997, 883]], '이렇계', 0.29839579522042964), ([[995, 879], [1059, 879], [1059, 923], [995, 923]], '침을', 0.41369902115762064), ([[113, 897], [233, 897], [233, 939], [113, 939]], '젖없으면', 0.6726127862930298), ([[1283, 907], [1373, 907], [1373, 945], [1283, 945]], '그러면', 0.998156942751388), ([[996, 916], [1124, 916], [1124, 964], [996, 964]], '흘리다니', 0.998227059841156), ([[110, 934], [206, 934], [206, 982], [110, 982]], '길들일', 0.947839260908036), ([[1279, 943], [1413, 943], [1413, 987], [1279, 987]], '이쪽 입은', 0.996380963563263), ([[113, 979], [203, 979], [203, 1017], [113, 1017]], '필요도', 0.9998288329059027), ([[1281, 983], [1411, 983], [1411, 1027], [1281, 1027]], '무슨 말을', 0.4055769011676665), ([[113, 1017], [249, 1017], [249, 1059], [113, 1059]], '없흘려나?', 0.38772832603683954), ([[1281, 1025], [1395, 1025], [1395, 1067], [1281, 1067]], '해출까?', 0.8559247255325317), ([[710, 1051], [861, 1051], [861, 1103], [710, 1103]], '미끄래곧은', 0.5033815743484034), ([[713, 1097], [783, 1097], [783, 1133], [713, 1133]], '진짜', 0.9989697493574934), ([[713, 1135], [871, 1135], [871, 1177], [713, 1177]], '음관하구내', 0.29416422475231147), ([[269, 1449], [362, 1449], [362, 1612], [269, 1612]], '또', 0.3859086510784806), ([[158, 1694], [206, 1694], [206, 1726], [158, 1726]], '규 ', 0.4857102810543137), ([[153, 1725], [237, 1725], [237, 1769], [153, 1769]], '규웃!!', 0.5903489589691162), ([[873, 1649], [1191, 1649], [1191, 1855], [873, 1855]], '<(경무', 0.02052716538310051), ([[55.345239142402, 439.0178763059565], [204.68654100310277, 562.2751588334735], [135.654760857598, 645.9821236940435], [-11.686541003102768, 522.7248411665265]], '사나:}', 0.01908145099878311), ([[524.1293492164563, 730.022309720898], [723.9319525104484, 832.4804658003444], [655.8706507835437, 958.977690279102], [456.0680474895517, 856.5195341996556]], '@80', 0.009190801005239446)]
[([[837, 445], [905, 445], [905, 487], [837, 487]], '으웃!', 0.832704097545034), ([[837, 485], [897, 485], [897, 525], [837, 525]], '더는', 0.9795606557944897), ([[838, 524], [868, 524], [868, 566], [838, 566]], '못', 0.9990832523477025), ([[670, 566], [720, 566], [720, 618], [670, 618]], '1', 0.2735826849296963), ([[835, 563], [941, 563], [941, 605], [835, 605]], '참젠어!', 0.16310788691043854), ([[181, 613], [331, 613], [331, 653], [181, 653]], '미끄래공의', 0.7650571633475253), ([[183, 651], [259, 651], [259, 695], [183, 695]], '슬컷', 0.187909997035919), ([[561, 647], [643, 647], [643, 711], [561, 711]], '(초', 0.07196482474772051), ([[179, 691], [373, 691], [373, 733], [179, 733]], '말랑말랑해서', 0.3166338424094417), ([[181, 731], [273, 731], [273, 773], [181, 773]], '정말로', 0.9995324140967533), ([[183, 773], [293, 773], [293, 815], [183, 815]], '음관해..', 0.08266079748599012), ([[1026, 692], [1148, 692], [1148, 830], [1026, 830]], '[', 0.09968246299888595), ([[306, 1100], [505, 1100], [505, 1215], [306, 1215]], '(군중', 0.3277775612301023), ([[793, 1611], [925, 1611], [925, 1651], [793, 1651]], '미끄래곧!', 0.7414584191587541), ([[794, 1656], [860, 1656], [860, 1684], [794, 1684]], '자지', 0.9999877774358098), ([[791, 1689], [901, 1689], [901, 1733], [791, 1733]], '넣올게?', 0.28575846552848816), ([[238, 1762], [270, 1762], [270, 1798], [238, 1798]], '규', 0.6032114419513732), ([[335, 1863], [373, 1863], [373, 1901], [335, 1901]], '스', 0.12067163060280084), ([[652, 1846], [794, 1846], [794, 1970], [652, 1970]], '밀0', 0.015185397855189938), ([[705, 1953], [866, 1953], [866, 2040], [705, 2040]], '믿초 ', 0.002405757562583973), ([[843.70913834913, 175.0930546089968], [902.6504683452063, 140.02353683615397], [965.29086165087, 261.9069453910032], [906.3495316547937, 295.976463163846]], '꿀', 0.033193934909636624), ([[654.164411712992, 1278.1891762223615], [806.7966175423679, 1266.5041402492916], [807.835588287008, 1343.8108237776385], [654.2033824576321, 1354.4958597507084]], '(닭춤;요', 0.013129447044015552), ([[786.1535010280254, 1925.1219034952862], [856.9054787977906, 1935.2528768805682], [851.8464989719746, 1964.8780965047138], [781.0945212022094, 1954.7471231194318]], "{;서'", 0.0034021236933767796)]
[([[490, 62], [544, 62], [544, 92], [490, 92]], '아', 0.9996879344299856), ([[1432, 80], [1456, 80], [1456, 106], [1432, 106]], '2', 0.10661351723424506), ([[489, 99], [639, 99], [639, 139], [489, 139]], '미끄래공의', 0.6996819132653334), ([[905, 97], [967, 97], [967, 141], [905, 141]], '규웃', 0.026187581638526247), ([[490, 142], [526, 142], [526, 168], [490, 168]], '아', 0.9996835243794102), ([[489, 175], [587, 175], [587, 219], [489, 219]], '굉장히', 0.9997844415985764), ([[491, 219], [629, 219], [629, 255], [491, 255]], '따스해. !', 0.7601797649078538), ([[83, 325], [179, 325], [179, 369], [83, 369]], '미끈한', 0.8843952091666187), ([[86, 372], [188, 372], [188, 404], [86, 404]], '데다가', 0.9994353080113164), ([[83, 407], [147, 407], [147, 449], [83, 449]], '국국', 0.9681626589153766), ([[86, 452], [144, 452], [144, 484], [86, 484]], '조여', 0.9768555671155557), ([[85, 491], [187, 491], [187, 527], [85, 527]], '와서. !', 0.41801782701059237), ([[1304, 500], [1332, 500], [1332, 536], [1304, 536]], '릇', 0.07800770993643269), ([[1014, 632], [1190, 632], [1190, 806], [1014, 806]], '론어', 0.0003908247902250985), ([[849, 803], [941, 803], [941, 843], [849, 843]], '이래선', 0.9977306174401328), ([[304, 828], [332, 828], [332, 864], [304, 864]], '규', 0.5456865436489267), ([[847, 839], [915, 839], [915, 883], [847, 883]], '금방', 0.9993145081975763), ([[850, 884], [940, 884], [940, 916], [850, 916]], '가버 2', 0.9738634592682026), ([[456, 1020], [480, 1020], [480, 1056], [456, 1056]], '릇', 0.129146877700137), ([[72, 1192], [104, 1192], [104, 1232], [72, 1232]], '웃', 0.46857849187535194), ([[67, 1269], [163, 1269], [163, 1313], [67, 1313]], '미끈한', 0.904244967103709), ([[68, 1232], [177, 1232], [177, 1271], [68, 1271]], '산다: !', 0.1260257893748288), ([[949, 1283], [1081, 1283], [1081, 1325], [949, 1325]], '미끄래곧!', 0.6374331594469451), ([[1361, 1131], [1473, 1131], [1473, 1353], [1361, 1353]], '군8', 0.17028011358857606), ([[68, 1352], [177, 1352], [177, 1391], [68, 1391]], '산다: !', 0.1260257893748288), ([[69, 1313], [161, 1313], [161, 1351], [69, 1351]], '구멍에', 0.9829363814496409), ([[447, 1227], [607, 1227], [607, 1443], [447, 1443]], '애', 0.008327547409451519), ([[949, 1325], [1017, 1325], [1017, 1363], [949, 1363]], '안에', 0.9973077947603842), ([[947, 1365], [1055, 1365], [1055, 1403], [947, 1403]], '살게. !', 0.5706473137774101), ([[537, 1319], [721, 1319], [721, 1555], [537, 1555]], '7물', 0.003673249119412914), ([[1232.0029455144984, -22.96170831152056], [1463.7042677630834, 26.242903591841483], [1434.9970544855016, 132.96170831152057], [1203.2957322369166, 82.75709640815852]], '7', 0.03827918930965901), ([[212.45424268103415, 26.009310554300818], [321.7674771251924, -3.981582489300189], [413.54575731896585, 350.99068944569916], [303.2325228748076, 381.9815824893002]], '%', 0.03275747559752262), ([[899.077056563362, 307.04744866461147], [1010.8360186553125, 350.28980284090727], [980.922943436638, 421.95255133538853], [869.1639813446875, 377.71019715909273]], '4', 0.22646628156210014), ([[947.6727278719611, 962.6254570622366], [1255.3051343415498, 859.8316319125225], [1301.3272721280389, 1049.3745429377634], [994.6948656584503, 1152.1683680874776]], '()', 0.553977444006738), ([[1286.5487422168928, 1283.0127372390045], [1347.1651085494082, 1273.0852970953993], [1376.4512577831072, 1475.9872627609955], [1315.8348914505918, 1485.9147029046007]], '품', 0.21526122472437326), ([[548.019478186815, 1608.0155107033556], [761.3144153573705, 1539.4589294652374], [884.980521813185, 1985.9844892966444], [671.6855846426295, 2054.5410705347626]], '동', 0.01474976034126585)]
[([[1086, 106], [1122, 106], [1122, 134], [1086, 134]], '"<,', 0.17544708866891115), ([[689, 249], [785, 249], [785, 285], [689, 285]], '하아 ', 0.6251464707570452), ([[689, 289], [771, 289], [771, 325], [689, 325]], '하아 ', 0.5220401775375549), ([[97, 655], [157, 655], [157, 697], [97, 697]], '기분', 0.9991945001895085), ([[99, 695], [209, 695], [209, 739], [99, 739]], '좋앉어.', 0.3843193054199219), ([[97, 737], [219, 737], [219, 779], [97, 779]], '미끄래곧', 0.4703889489173889), ([[788, 1094], [816, 1094], [816, 1152], [788, 1152]], '출', 0.23745743530355767), ([[1255, 1095], [1385, 1095], [1385, 1135], [1255, 1135]], '격렬하게', 0.23808501660823822), ([[1255, 1135], [1323, 1135], [1323, 1171], [1255, 1171]], '해서', 0.9987169539713936), ([[202, 1156], [252, 1156], [252, 1204], [202, 1204]], '응}', 0.5791318420782645), ([[1257, 1177], [1377, 1177], [1377, 1215], [1257, 1215]], '지켜버린', 0.40278393030166626), ([[1254, 1213], [1338, 1213], [1338, 1256], [1254, 1256]], '건가?', 0.9979796941453067), ([[615, 1515], [681, 1515], [681, 1555], [615, 1555]], '한번', 0.9999962910793456), ([[615, 1555], [663, 1555], [663, 1591], [615, 1591]], '더?', 0.9992713587648204), ([[891, 1517], [1009, 1517], [1009, 1633], [891, 1633]], '대"', 0.07266208824572956), ([[759, 1631], [847, 1631], [847, 1675], [759, 1675]], '오늘은', 0.9983334386628834), ([[759, 1673], [849, 1673], [849, 1713], [759, 1713]], '이걸로', 0.21637052173264373), ([[759, 1711], [861, 1711], [861, 1755], [759, 1755]], '끝날까', 0.9439294221531197), ([[1262, 1790], [1322, 1790], [1322, 1822], [1262, 1822]], '나도', 0.9999393090775781), ([[1259, 1823], [1383, 1823], [1383, 1867], [1259, 1867]], '끈적끈적', 0.6125706434249878), ([[1261, 1867], [1379, 1867], [1379, 1905], [1261, 1905]], '해져어.', 0.27129048109054565), ([[115, 1936], [190, 1936], [190, 1977], [115, 1977]], '규인!', 0.742950290707163), ([[1120, 1956], [1152, 1956], [1152, 1990], [1120, 1990]], '씨', 0.011582194477702201), ([[875.8835668880396, 90.04458610049426], [1101.3052390881069, 125.64447330299639], [1077.1164331119605, 242.95541389950574], [851.694760911893, 207.35552669700363]], '예-사,', 0.013553542084991932), ([[343.91619040485864, 614.053523089072], [511.4903526072719, 645.6905435227059], [490.08380959514136, 736.946476910928], [322.5096473927281, 705.3094564772941]], '|하하든', 0.018832100555300713), ([[1032.6086364622859, 804.0256371133723], [1058.650791373456, 801.0714388194482], [1065.3913635377141, 885.9743628866277], [1039.349208626544, 887.9285611805518]], '5', 0.0418334964616065), ([[300.9838560627564, 836.030396248032], [649.6568603544811, 897.6016175713559], [616.0161439372436, 1036.969603751968], [268.34313964551893, 975.3983824286441]], ';;"52,', 0.5745859877869136), ([[57.303473966853005, 1621.0347396685302], [108.51710179860719, 1603.019125718803], [149.696526033147, 1734.9652603314698], [98.48289820139281, 1751.980874281197]], '$', 0.0331028971447731), ([[498.521668633136, 1836.0163620437859], [547.4039499930968, 1823.011665119424], [591.4783313668639, 1995.9836379562141], [542.5960500069032, 2009.988334880576]], '?', 0.004986178483989967)]
[([[69, 15], [399, 15], [399, 83], [69, 83]], ' 68  7', 0.043536455111537184), ([[72, 112], [224, 112], [224, 160], [72, 160]], '--3 5', 0.10213186670687656), ([[49, 171], [623, 171], [623, 215], [49, 215]], '멋진 미끄래곤 책에 참가하게 되없습니다!', 0.6083652490111658), ([[50, 210], [732, 210], [732, 258], [50, 258]], '포컷파흘레에서 야한짓 활수 있으면 좋아올렌데요', 0.10151042296297476), ([[79, 287], [200, 287], [200, 336], [79, 336]], '~##쁨-', 0.0388893997797919), ([[63, 343], [905, 343], [905, 387], [63, 387]], '미끄래곤 귀엽네요 하지만 끈적끈적한 느낌의 표현 어렵네요', 0.784903851436506), ([[61, 385], [587, 385], [587, 427], [61, 427]], '그닥 에로하지 않아서 죄송합니다 0*군', 0.48804642445126656), ([[34, 486], [194, 486], [194, 536], [34, 536]], '~농 현5', 0.003075051160239684), ([[20, 548], [1272, 548], [1272, 598], [20, 598]], '처음뵙켓습니다. 이치바 씨의 게스트로 처음으로 동인지에 참가하게 된 마사토입니다 (^시)/', 0.38384936483786924), ([[22, 590], [936, 590], [936, 638], [22, 638]], '미끄래곤 책올 냄다고 들어서 안절부절못하다 수록하게 되언습니다:', 0.24776120778338134), ([[23, 633], [815, 633], [815, 675], [23, 675]], '감사합니다: 외설적인 일러스트는 처음입니다: 감사합니다:', 0.420919788968546), ([[85, 727], [169, 727], [169, 769], [85, 769]], '~진릇', 0.0334373573039686), ([[36, 774], [1068, 774], [1068, 822], [36, 822]], '안녕하세요 이즈미입니다. 이번에 미끄래곤책에 참가하게 피서 영광입니다!', 0.436099725767307), ([[36, 814], [1204, 814], [1204, 862], [36, 862]], '항상 분비물로 몸올 적시고 다신다니 언제나 임전태세에 변태라고 생각합니다 음관해', 0.5323061903955826), ([[24, 884], [177, 884], [177, 928], [24, 928]], "고')", 0.028465218662436956), ([[51, 945], [799, 945], [799, 989], [51, 989]], '미끄래곧 사랑해! 멋진 책에 참가하게되어 고마습니다!', 0.5739013993395987), ([[66, 980], [1094, 980], [1094, 1030], [66, 1030]], '차아아; 시간여유가 없어서 [폐이지는 29 씨에게 살짝 일손올 빌려습니다;;)', 0.13682633820601964), ([[69, 1051], [181, 1051], [181, 1093], [69, 1093]], '551*', 0.3008446991443634), ([[34, 1106], [1252, 1106], [1252, 1154], [34, 1154]], '안녕하세요. 이치바입니다. 이번엔 미끄래곤 책이라 이것저것 하고 싶은결 생각해습니다만', 0.35893924253718423), ([[34, 1146], [984, 1146], [984, 1196], [34, 1196]], '관서 카모켓까지 시간을 확보 못하고 굉장히 얇은 책이 되버려습니다(', 0.47904425062217465), ([[35, 1189], [851, 1189], [851, 1233], [35, 1233]], '전신 미끈미끈 야한 미끄래곤이 저에컨 굉장한 이상이없기에', 0.4564983155120095), ([[33, 1231], [97, 1231], [97, 1273], [33, 1273]], '그런', 0.9982917101510478), ([[107, 1229], [597, 1229], [597, 1273], [107, 1273]], '느낌으로 그려다면 좋계구나 해서 .!', 0.20446974475212373), ([[35, 1269], [631, 1269], [631, 1313], [35, 1313]], '마지막으로; 이 책올 집어주서서 감사합니다:', 0.30093832022736744), ([[35, 1311], [283, 1311], [283, 1353], [35, 1353]], '그럼 다음 책에서.', 0.7207835386158198), ([[29, 1457], [371, 1457], [371, 1523], [29, 1523]], '처<3}>', 0.05245532860584493), ([[54, 1622], [144, 1622], [144, 1674], [54, 1674]], '활씀', 0.010609713464493457), ([[238, 1634], [270, 1634], [270, 1670], [238, 1670]], '8', 0.20895444517467254), ([[288, 1626], [446, 1626], [446, 1674], [288, 1674]], '곧_*', 0.002042575536797408), ([[653, 1607], [747, 1607], [747, 1693], [653, 1693]], '#', 0.0009218197553867574), ([[56, 1674], [168, 1674], [168, 1722], [56, 1722]], '쫓수타', 0.07744780986229179), ([[240, 1682], [270, 1682], [270, 1718], [240, 1718]], ':', 0.2801965120123704), ([[291, 1677], [507, 1677], [507, 1719], [291, 1719]], "'2013:12/30", 0.7156800947620827), ([[715, 1667], [827, 1667], [827, 1733], [715, 1733]], '90평', 0.0004528280492517565), ([[53, 1716], [278, 1716], [278, 1783], [53, 1783]], '4-5138', 0.201177356363004), ([[291, 1725], [407, 1725], [407, 1769], [291, 1769]], '손톱물', 0.003930289823869377), ([[56, 1772], [136, 1772], [136, 1820], [56, 1820]], '{.', 0.042792045779234275), ([[238, 1780], [268, 1780], [268, 1820], [238, 1820]], '8', 0.9847225252327831), ([[293, 1775], [371, 1775], [371, 1819], [293, 1819]], '#류', 0.30114475247044986), ([[55, 1824], [140, 1824], [140, 1872], [55, 1872]], '커리| ', 0.004998310469090939), ([[238, 1826], [266, 1826], [266, 1868], [238, 1868]], '8', 0.9981126162492728), ([[291, 1829], [673, 1829], [673, 1871], [291, 1871]], '~악기악3*+@8악3;| ]아값', 5.457455871640829e-06), ([[56, 1876], [141, 1876], [141, 1917], [56, 1917]], '[;슷차', 0.00047777334111742675), ([[242, 1876], [272, 1876], [272, 1918], [242, 1918]], '8', 0.9950169567992226), ([[287, 1875], [455, 1875], [455, 1917], [287, 1917]], '1554084', 0.9305612929967705), ([[55, 1923], [169, 1923], [169, 1967], [55, 1967]], '터다-', 0.023332079417626495), ([[238, 1928], [270, 1928], [270, 1968], [238, 1968]], '8', 0.9932472650031201), ([[290, 1921], [666, 1921], [666, 1970], [290, 1970]], '-시꼬름-시꾸-) :):틀', 6.049325613834366e-05), ([[1281, 1935], [1346, 1935], [1346, 1980], [1281, 1980]], '30', 0.890320034595523), ([[1310, 1980], [1340, 1980], [1340, 2014], [1310, 2014]], '평', 0.022836680053760716), ([[1145.6923076923076, 1875.4615384615386], [1270.0906118484143, 1855.8242054523655], [1275.3076923076924, 1910.5384615384614], [1150.9093881515857, 1930.1757945476345]], '2013', 0.19311289489269257), ([[1204.9666700642313, 1921.0766894303488], [1296.604814670087, 1942.6812884668843], [1281.0333299357687, 2001.9233105696512], [1189.395185329913, 1980.3187115331157]], '7', 0.7630828298899814)]
[([[515, 655], [1123, 655], [1123, 775], [515, 775]], '2023 @3"\'형형', 0.0008535463710750062), ([[352, 817], [805, 817], [805, 950], [352, 950]], '(~20`훨]', 0.001150248769500886), ([[835, 832], [1278, 832], [1278, 944], [835, 944]], '@*갚:풍"{$', 0.0006068354104364564), ([[928, 1193], [1232, 1193], [1232, 1314], [928, 1314]], '0 승1', 0.011515229940414429), ([[927, 1328], [1318, 1328], [1318, 1464], [927, 1464]], '2097 9', 0.08474143500576165), ([[930, 1480], [1218, 1480], [1218, 1602], [930, 1602]], '한임', 0.010989845273355387), ([[924, 1624], [1131, 1624], [1131, 1735], [924, 1735]], '젓원', 0.02223326329900043), ([[959, 1759], [1310, 1759], [1310, 1882], [959, 1882]], '21293 3', 0.2184849667021944), ([[924, 1904], [1232, 1904], [1232, 2026], [924, 2026]], '#@#', 0.03426823811257965)]
