812153
67
[([[818, 20], [1002, 20], [1002, 70], [818, 70]], '도?0어3', 0.012912954463918309), ([[198, 852], [926, 852], [926, 1160], [198, 1160]], '불다', 0.02061713646241154)]
[]
[]
[]
[([[643, 15], [791, 15], [791, 57], [643, 57]], '드?0어3', 0.008211258280786797), ([[658, 190], [798, 190], [798, 214], [658, 214]], '1`--틀 [:큰4,>', 2.582790473351408e-06), ([[667, 215], [791, 215], [791, 233], [667, 233]], "1-안,) -'`칭,거 서[", 1.1406966692909366e-05), ([[153, 699], [716, 699], [716, 885], [153, 885]], '날대 ; 오 ', 0.0005546475524765963)]
[([[19, 24], [396, 24], [396, 124], [19, 124]], '?이어*3', 0.006188327047043806), ([[180, 132], [388, 132], [388, 208], [180, 208]], '찌:스?', 0.0032770177349448204)]
[([[760, 744], [1005, 744], [1005, 795], [760, 795]], '하갇! 더늄 싫어_', 0.07334098364172334), ([[995, 765], [1029, 765], [1029, 785], [995, 785]], '0', 0.39041387907970204), ([[1028, 742], [1217, 742], [1217, 795], [1028, 795]], '무만 풀어쥐', 0.24838901887442477), ([[1211, 765], [1245, 765], [1245, 785], [1211, 785]], '6', 0.2938897426531959), ([[823, 793], [923, 793], [923, 833], [823, 833]], '오크의', 0.9961259926473635), ([[1041, 793], [1155, 793], [1155, 837], [1041, 837]], '밭앉다 _', 0.5458897692459314), ([[821, 829], [925, 829], [925, 871], [821, 871]], '리사의', 0.999373733997345), ([[924, 786], [1046, 786], [1046, 884], [924, 884]], '젊@앗', 0.0032366061915768615), ([[1041, 831], [1165, 831], [1165, 875], [1041, 875]], '올랍다!', 0.6252380609512329), ([[749, 871], [825, 871], [825, 911], [749, 911]], '흐으', 0.8483860223969132), ([[853, 873], [1259, 873], [1259, 917], [853, 917]], '난 이런 레텔음 필요없어6', 0.10355242201318549)]
[([[841, 745], [1126, 745], [1126, 794], [841, 794]], '흐아아아양@ 너문_', 0.3230695088560621), ([[1119, 769], [1151, 769], [1151, 787], [1119, 787]], '63', 0.4515306184586136), ([[1153, 749], [1243, 749], [1243, 793], [1153, 793]], '많야@', 0.6142266510037502), ([[921, 785], [1167, 785], [1167, 829], [921, 829]], '다; 죽어 베테익', 0.01376166418944232), ([[860, 826], [1206, 826], [1206, 874], [860, 874]], '리사의 레빌이 올랍다.', 0.26786760515459435), ([[859, 861], [1205, 861], [1205, 912], [859, 912]], '리사의 테벌이 올랍다@', 0.053379182633977514)]
[([[744, 666], [1266, 666], [1266, 716], [744, 716]], '리사눈 드웬프의 오구지 순락없다 .', 0.04619579019563536), ([[757, 712], [1254, 712], [1254, 764], [757, 764]], '문웨으늄 [항문채물기올 사용없다.', 0.040158899546673385), ([[883, 758], [1135, 758], [1135, 807], [883, 807]], '드원 프는 자지클', 0.2653760513075627), ([[808, 798], [1212, 798], [1212, 846], [808, 846]], '리사의 항문에 밀어넣없다 .', 0.618749413089145), ([[881, 841], [1093, 841], [1093, 885], [881, 885]], '한육] 안@안돼', 0.08874737084293516), ([[854, 876], [1152, 876], [1152, 924], [854, 924]], '역시 안돼@ 아으웃입', 0.09529747130546332)]
[([[837, 707], [1049, 707], [1049, 751], [837, 751]], '@@@육@ 안돼', 0.020522084339198474), ([[1049, 729], [1079, 729], [1079, 745], [1049, 745]], '0', 0.7301238951277469), ([[1078, 706], [1172, 706], [1172, 756], [1078, 756]], '회입]', 0.013771985129735435), ([[876, 740], [1100, 740], [1100, 791], [876, 791]], '렌웬 만헤되마', 0.01996823456270019), ([[1093, 763], [1127, 763], [1127, 783], [1093, 783]], '0', 0.8761321326204694), ([[701, 790], [1276, 790], [1276, 840], [701, 840]], '온운되늄 [음액 괴롭히지블 사용없다.', 0.026361335940894317), ([[705, 832], [1278, 832], [1278, 885], [705, 885]], '리사의 음렉은 지속 데미체틀 밥앉다 .', 0.30568876350026647), ([[716, 874], [1269, 874], [1269, 924], [716, 924]], "오우거는 허리블 음집이멘 '작없다 .", 0.025628715689635713)]
[]
[([[759, 747], [1258, 747], [1258, 801], [759, 801]], '오운돈늄 [질내동기올 자용회다.', 0.007266118495831406), ([[784, 800], [1242, 800], [1242, 854], [784, 854]], '리사늄 질내에 정액올 발짧다.', 0.08201337570506385)]
[([[742, 762], [1214, 762], [1214, 813], [742, 813]], '흔움! 내 @확지에 물어오고 있에', 0.029708993365860546), ([[1207, 787], [1239, 787], [1239, 805], [1207, 805]], '039', 0.21286251573875034), ([[756, 820], [1226, 820], [1226, 870], [756, 870]], '리사는 168의 데미체틀 밤앉다]', 0.12643359695539075)]
[([[742, 694], [1234, 694], [1234, 742], [742, 742]], '하앗 @ 인탤페@하켓 마 @ 날 놔침', 0.007357877679783093), ([[734, 756], [1256, 756], [1256, 806], [734, 806]], "입판 시각 테사의 '항문올 폐끓없다.", 0.02682294642297766), ([[750, 794], [1238, 794], [1238, 842], [750, 842]], '입히 @과 태사의 )율 폐끓없다@', 0.008569499930791615), ([[811, 833], [1173, 833], [1173, 877], [811, 877]], '임프 @ 리산의 온른쪽', 0.08203689805523026), ([[819, 866], [1168, 866], [1168, 917], [819, 917]], '음문률 빨리 내작없탕이', 0.01856309000671602)]
[([[788, 691], [1002, 691], [1002, 783], [788, 783]], '텍스늄월스올', 0.0053218377606438026), ([[898, 694], [1148, 694], [1148, 742], [898, 742]], '탈출올 젠도없다', 0.07879518058640644), ([[697, 733], [785, 733], [785, 777], [697, 777]], '십패0', 0.06207333714338704), ([[996, 728], [1258, 728], [1258, 780], [996, 780]], "'태사틀 붙잡없다@", 0.28129777358126384), ([[800, 780], [1150, 780], [1150, 828], [800, 828]], '미정타운료스문 테사닥', 0.006894738415855745), ([[812, 816], [1158, 816], [1158, 866], [812, 866]], '질율 테예_ 표끓없다.', 0.01046315164031719), ([[818, 874], [1126, 874], [1126, 924], [818, 924]], '태율; 예문 문속하웬', 0.015707532647025638)]
[([[884, 661], [1126, 661], [1126, 709], [884, 709]], '미문타운렉스움', 0.011728534138169445), ([[832, 697], [1183, 697], [1183, 747], [832, 747]], '[질내사 동내올 사용없다.', 0.03515473936387126), ([[902, 745], [1122, 745], [1122, 795], [902, 795]], '테사인 잔불예', 0.021655469985257088), ([[826, 782], [1206, 782], [1206, 832], [826, 832]], '수액이 리접 중입되없다.', 0.030904258947934398), ([[815, 843], [893, 843], [893, 887], [815, 887]], '@월', 0.5075760027858304), ([[885, 863], [919, 863], [919, 883], [885, 883]], "'0", 0.5226535838825407), ([[918, 840], [1184, 840], [1184, 888], [918, 888]], '테규 예문 딴페없', 0.05313918631832773), ([[1179, 863], [1213, 863], [1213, 883], [1179, 883]], '0', 0.7149648834059441), ([[772, 888], [1254, 888], [1254, 942], [772, 942]], '회싸늄 284의] 데미켓블 입없다@', 0.029923583536705593)]
[([[753, 727], [1266, 727], [1266, 776], [753, 776]], '비올데야 태사의 @스표올 탓있다.', 0.01875856628904546), ([[762, 767], [1254, 767], [1254, 820], [762, 820]], '리싸눈 십여제 음직이터 몸합다@', 0.0029287404387428424), ([[828, 814], [1140, 814], [1140, 862], [828, 862]], '회입@ 댐야   얹합 떼_', 0.003431711787875728), ([[1137, 839], [1169, 839], [1169, 855], [1137, 855]], '0', 0.9672975820139982), ([[754, 854], [1268, 854], [1268, 905], [754, 905]], '비올데다 테사의 @스표울 탓있다.', 0.006348094205796119)]
[([[770, 738], [1242, 738], [1242, 788], [770, 788]], '리싸늄 183의 데미체틀 맡앉다@', 0.02464314360611487), ([[768, 784], [934, 784], [934, 836], [768, 836]], '한율0 렌웬', 0.00935452180118725), ([[929, 809], [961, 809], [961, 827], [929, 827]], '0', 0.9698221980305597), ([[958, 788], [1228, 788], [1228, 836], [958, 836]], '@용0 하으으음-', 0.06623267547115397), ([[746, 830], [1270, 830], [1270, 882], [746, 882]], '@싸늄 당렬합 오르되퍼올 문팎다@', 0.003858104897871228)]
[([[809, 671], [885, 671], [885, 715], [809, 715]], '하양', 0.9766788440613454), ([[877, 691], [911, 691], [911, 709], [877, 709]], '03', 0.13068527003216085), ([[944, 666], [1229, 666], [1229, 717], [944, 717]], '하아 - 돈분 잡화.', 0.002649116973397899), ([[878, 714], [1130, 714], [1130, 762], [878, 762]], '미올데늄 @사입', 0.04167301976370337), ([[808, 752], [1210, 752], [1210, 800], [808, 800]], '@스껴올 당하례 용되없다', 0.03964059911991887), ([[738, 793], [1262, 793], [1262, 847], [738, 847]], '리싸눈 량력합 오르마 좀올 넓팎다', 0.0303831162943039), ([[806, 841], [1202, 841], [1202, 892], [806, 892]], '비올데늄 짓사인 {자문물', 0.005096081417142708), ([[873, 879], [1142, 879], [1142, 929], [873, 929]], '팬물되 쓰잡없다.', 0.05048813876583881)]
[([[838, 710], [1221, 710], [1221, 763], [838, 763]], '좀비들이 리싸클 잡없다0', 0.04621245628402072), ([[853, 748], [1198, 748], [1198, 799], [853, 799]], '콤비들이 품질 숨 왜엿', 0.07266210996085885), ([[816, 785], [1242, 785], [1242, 838], [816, 838]], '모름 문덩에-현률 쓰확없다.', 0.0025405333268430337), ([[810, 838], [1254, 838], [1254, 888], [810, 888]], '회익@ 민만- 접문 안 물어가입', 0.009347899010615867)]
[([[760, 712], [1252, 712], [1252, 761], [760, 761]], '좀비 신각 리의 짙올 폐끓없다.', 0.025685832319014078), ([[748, 750], [1268, 750], [1268, 798], [748, 798]], '좀비 @과 @싸입 양문올 팬출없다.', 0.017939777656228367)]
[([[814, 705], [1102, 705], [1102, 755], [814, 755]], '싫에. 더문 진돌해_', 0.17923112155550955), ([[1095, 727], [1129, 727], [1129, 747], [1095, 747]], '6', 0.25743150949830707), ([[638, 778], [1262, 778], [1262, 826], [638, 826]], '좁비물의 정액이 리사의 안에 편분어블다 ', 0.18322262520469285), ([[673, 813], [1234, 813], [1234, 864], [673, 864]], '좀비물의 체력이 환불되- 쓰작없다@', 0.03245544746844162)]
[([[770, 625], [1231, 625], [1231, 676], [770, 676]], '습임 ^야 입올 사용없다.', 0.03830690437119293), ([[729, 671], [1280, 671], [1280, 723], [729, 723]], '슬랍임 예각 ^싸의 항문에 {입없다.', 0.00973024964184242), ([[754, 717], [1260, 717], [1260, 768], [754, 768]], '혼용 영 헤@액 싫에때 안돼 얹센@', 0.003288989829657799), ([[760, 761], [1248, 761], [1248, 813], [760, 813]], '면 순량 없어0 예속 물에와베터]', 0.003265332054852631)]
[([[791, 636], [1236, 636], [1236, 686], [791, 686]], '습라입 스문 {입올 례속없다.', 0.033709161033816), ([[817, 681], [1187, 681], [1187, 725], [817, 725]], '@필 홍요움액 에운어명굵@', 0.006241131230332393), ([[770, 714], [1234, 714], [1234, 764], [770, 764]], '어떻레 해야 이 며센움@ @움0', 0.006839418012244656), ([[792, 758], [1236, 758], [1236, 806], [792, 806]], '습라임 스문 {입올 례속없다.', 0.03512667349808078)]
[([[573, 635], [1274, 635], [1274, 686], [573, 686]], '쓸라임 스문 정용적으요 태사의 장에 물어블다@', 0.009072701547216077), ([[746, 678], [1130, 678], [1130, 731], [746, 731]], '@음0 다 물어야 테#어.', 0.008662603404866196), ([[695, 727], [1156, 727], [1156, 776], [695, 776]], '습쓰입 @ 염입올 사용없다@', 0.04267085782127159), ([[734, 772], [1110, 772], [1110, 823], [734, 823]], '매립 안사 멘터늄 민만', 0.003736175145565938), ([[1107, 799], [1139, 799], [1139, 813], [1107, 813]], '0', 0.8482866810120413)]
[([[813, 665], [1175, 665], [1175, 709], [813, 709]], '하아@하야@ 테야 |페원', 0.007883146634853563), ([[1173, 685], [1205, 685], [1205, 705], [1173, 705]], '0', 0.22889150351910192), ([[889, 703], [1131, 703], [1131, 747], [889, 747]], '논@나와페터예', 0.0003125445420517513), ([[718, 745], [1276, 745], [1276, 798], [718, 798]], '습라임음 태사입 장예 콤들렉렉다 .', 0.017540376025710628), ([[796, 796], [1198, 796], [1198, 844], [796, 844]], '안&@ 례훨제 음렉이터 딱', 0.005558230616722259), ([[766, 834], [1200, 834], [1200, 882], [766, 882]], '메략 떼 장사 줄 테비되 페말', 0.010182127045510376), ([[1191, 855], [1225, 855], [1225, 875], [1191, 875]], '0', 0.20968727366380424)]
[([[824, 687], [1236, 687], [1236, 736], [824, 736]], "[리사라 믿어내리 '작없다 .", 0.023519070149186454), ([[816, 730], [1246, 730], [1246, 782], [816, 782]], '@닭 으움0 하필 &문으되어', 0.02977623287346778), ([[770, 780], [1272, 780], [1272, 830], [770, 830]], '태싸늄 좋늄 입율 @해 @어없다 .', 0.008433100451359213), ([[864, 826], [1178, 826], [1178, 874], [864, 874]], '음@ @응0 마}@나음다', 0.04532521341468642), ([[1169, 847], [1203, 847], [1203, 867], [1169, 867]], '0', 0.897551124990116)]
[([[744, 687], [1262, 687], [1262, 736], [744, 736]], '쓸라임이 리사의 장예선 나앉다 >', 0.40153852608560725), ([[686, 734], [1266, 734], [1266, 782], [686, 782]], '쓸라임이 리사의 항문으로 배설되없다 .', 0.5692158417951759), ([[814, 780], [1166, 780], [1166, 828], [814, 828]], '히그으음외 나와버컷있', 0.006481826998334158), ([[847, 819], [1105, 819], [1105, 863], [847, 863]], '싫어. 계속 나와 _', 0.4187330885307497), ([[1097, 837], [1131, 837], [1131, 857], [1097, 857]], '%', 0.10418174233075561)]
[([[159, 23], [219, 23], [219, 59], [159, 59]], '[040거', 0.0008682243913159725), ([[169, 61], [219, 61], [219, 103], [169, 103]], '나', 0.746383261459016), ([[176, 98], [218, 98], [218, 130], [176, 130]], '67', 0.020864807766631348), ([[824, 632], [1245, 632], [1245, 683], [824, 683]], '젠장  이념 보지 완전 절어 ~', 0.17211724118436914), ([[786, 682], [1271, 682], [1271, 733], [786, 733]], '(체리간 리사의 질내에 사정없다.', 0.19354625331480235), ([[857, 725], [1191, 725], [1191, 769], [857, 769]], '체리의 레빌이 올랍다', 0.6590103748187564), ([[1056, 780], [1084, 780], [1084, 806], [1056, 806]], '터', 0.9453097873691299), ([[820, 798], [1231, 798], [1231, 851], [820, 851]], '내3 문토리업 테의 말부다 (', 0.023595312928104482)]
[([[680, 29], [1224, 29], [1224, 86], [680, 86]], '된장 웬문명음 8다 잡이붐데8 타타', 0.006415861582148381), ([[624, 83], [1270, 83], [1270, 134], [624, 134]], '답 @직국 이터 마상현집이트및 물 밑있다.', 0.001781135796622398), ([[645, 135], [1251, 135], [1251, 179], [645, 179]], '@야미 보제 절어미 이 게임은 6어-거 확정영', 0.02288905093097867), ([[726, 182], [1166, 182], [1166, 233], [726, 233]], '예념 유명 의낌이 진짜 같야!', 0.08583949696131256), ([[816, 222], [1038, 222], [1038, 270], [816, 270]], '{{ 통정해페만', 0.13481373451582562), ([[1044, 240], [1078, 240], [1078, 268], [1044, 268]], '군', 0.21312439506392966)]
[([[747, 45], [1171, 45], [1171, 89], [747, 89]], '으야? 찌발 구멍 존나 뜨건', 0.15050022866301058), ([[810, 78], [1102, 78], [1102, 127], [810, 127]], '좁나 많이 나르다?', 0.10741537097929608), ([[724, 121], [1213, 121], [1213, 175], [724, 175]], '온문 테업없지3 이 현레밥 훨에익', 0.010637246955830794), ([[875, 173], [1171, 173], [1171, 217], [875, 217]], '완전 물건 취급이네', 0.26612899036744037), ([[792, 216], [1154, 216], [1154, 266], [792, 266]], '@만 떼투관 례속 쏟', 0.05169431309026232)]
[([[728, 44], [821, 44], [821, 96], [728, 96]], '으붙:', 0.03956293432692077), ([[837, 47], [1161, 47], [1161, 91], [837, 91]], '으움 .. 이제 쉬데 해쥐_', 0.10688214053921334), ([[1155, 67], [1189, 67], [1189, 85], [1155, 85]], '03', 0.7922367230870236), ([[630, 90], [1266, 90], [1266, 143], [630, 143]], '약레면 안돼 리산장 물권은 말 못합다루 ~', 0.10397928060436397), ([[755, 145], [1167, 145], [1167, 189], [755, 189]], '그래야 변기는 그냥 입다 물고', 0.39446821426950873), ([[782, 182], [1090, 182], [1090, 230], [782, 230]], '뺨는 컷만 받으면 돼', 0.08620676132874996), ([[1098, 186], [1144, 186], [1144, 214], [1098, 214]], '^', 0.05346515168777288), ([[799, 224], [1098, 224], [1098, 272], [799, 272]], '(텍스트 골나켓 센옛', 0.019660556725971806), ([[731, 259], [1176, 259], [1176, 312], [731, 312]], '빨리하보 싶음 컷-만 해보자씩', 0.023358468504680936)]
[([[710, 706], [1162, 706], [1162, 756], [710, 756]], '해머레트가 [묶립올 사용없다', 0.07878459907211162), ([[638, 751], [1228, 751], [1228, 803], [638, 803]], '리사의 질과 방문예 드차이 쓰센되없다', 0.017763324860006282), ([[783, 801], [1085, 801], [1085, 845], [783, 845]], '은낙히히 으움.! 응품', 0.04434877892791763), ([[746, 846], [1128, 846], [1128, 896], [746, 896]], '이름대늄 국킬체림 또_}', 0.0036682205816988044)]
[([[656, 690], [1252, 690], [1252, 742], [656, 742]], '굳이름뉴스쇼 [웬료 피문지블 사용없다', 0.0004266598363224927), ([[740, 774], [853, 774], [853, 827], [740, 827]], '리싸늄', 0.05009199595035087), ([[742, 742], [964, 742], [964, 790], [742, 790]], '민싸눈 잡잔되', 0.03858612062863943), ([[853, 781], [929, 781], [929, 821], [853, 821]], '42의', 0.9453266130907043), ([[928, 736], [1208, 736], [1208, 834], [928, 834]], '(해렉물 품렉다 ', 0.0021386842747801913), ([[750, 822], [1199, 822], [1199, 870], [750, 870]], '@@@ 문만 회앗요 운요움속', 0.002216905071754624), ([[746, 861], [1205, 861], [1205, 914], [746, 914]], '태싸늄 42의 데미체블 밥없다.', 0.01741013378643793)]
[([[835, 665], [1097, 665], [1097, 709], [835, 709]], '례속6 활 된야63', 0.041468096028164016), ([[730, 698], [1166, 698], [1166, 748], [730, 748]], '@의. 벌써 마을 #네터관데_', 0.011758467244975092), ([[1161, 723], [1193, 723], [1193, 741], [1161, 741]], '0', 0.8913499499586273), ([[792, 746], [1145, 746], [1145, 799], [792, 799]], '텅의 8 컴쪽예 큰습틱', 0.008584949107976456), ([[798, 785], [1146, 785], [1146, 837], [798, 837]], '문리다 접문 중입네다@', 0.0325044109487718)]
[([[174, 698], [412, 698], [412, 754], [174, 754]], '통해합내다@', 0.1772177785207315), ([[10, 749], [640, 749], [640, 798], [10, 798]], '테싸의 잔지에 샌로운 밟예라 생률습내다', 0.0008232041754685261), ([[24, 800], [496, 800], [496, 848], [24, 848]], '@응@ 훌륭어 마 임신해 벤퀴에', 0.00751241224781795), ([[491, 821], [525, 821], [525, 841], [491, 841]], '0)', 0.3616141010463181), ([[523, 801], [597, 801], [597, 843], [523, 843]], '혜해', 0.37004761559439037), ([[161, 846], [418, 846], [418, 897], [161, 897]], '출잡-켓 2심)뷰', 0.01724772849311721)]
[([[54, 700], [644, 700], [644, 752], [54, 752]], '불렉스테입(요이이 [알 문리블 사용없다@', 0.02668303659535401), ([[48, 748], [640, 748], [640, 798], [48, 798]], '테사의 짙에 불렉스레입의 알이 마켓다_', 0.013504013104351405), ([[92, 790], [594, 790], [594, 840], [92, 840]], '민만해 _알이 예문 많야 @ 안있@', 0.021217921759031425), ([[6, 840], [757, 840], [757, 888], [6, 888]], '불렉스_입(6이 압올 순동쓰길 준비블 쓰잡없다.', 0.009139190056181348)]
[([[30, 659], [578, 659], [578, 710], [30, 710]], '마고입이 협상의 조권올 받아들없다_', 0.3821103313261204), ([[54, 700], [578, 700], [578, 753], [54, 753]], '자고입이 리싸틀 찌르있 쓰작없다.', 0.008084370366902963), ([[98, 754], [472, 754], [472, 804], [98, 804]], '@용0 아콩@ 밟에 뺨야 해', 0.025761600515731262), ([[467, 775], [499, 775], [499, 795], [467, 795]], '00', 0.2743850972338535), ([[74, 804], [530, 804], [530, 852], [74, 852]], '된마 0 따기 센예 @ 테비되', 0.003890409116637366)]
[([[50, 662], [508, 662], [508, 715], [50, 715]], '태싸늄 질내에 정액올 밭앉다 .', 0.2223039433504114), ([[90, 714], [448, 714], [448, 762], [90, 762]], '@레레@안에 쓰비터다', 0.002672013618889815), ([[128, 750], [410, 750], [410, 798], [128, 798]], '떼 @이륙 마제지@', 0.008356232285537448), ([[52, 798], [512, 798], [512, 846], [52, 846]], '육남 닮에 따리로 약속껏잡@-', 0.007124451866065893), ([[28, 840], [540, 840], [540, 896], [28, 896]], '데 씹득스템이 낮이제 돕태  몰레0', 0.006124425685875231)]
[([[69, 678], [493, 678], [493, 723], [69, 723]], '벌레늄 [알 남리블 사용없다', 0.08615201277223192), ([[8, 720], [598, 720], [598, 772], [8, 772]], '벌레의 압물이 리사의 짙내에 낳아켓다', 0.10477346642832536), ([[67, 766], [496, 766], [496, 817], [67, 817]], '으.분   된명 말 채운고 있어', 0.014157101875753942), ([[491, 793], [523, 793], [523, 809], [491, 809]], '69', 0.17381374677058384), ([[30, 815], [540, 815], [540, 867], [30, 867]], '리사늄 마비되어 음직이터 묵합다', 0.15038649223226938)]
[([[724, 694], [1254, 694], [1254, 746], [724, 746]], '베해외스가 [질내사 정]올 사용없다 .', 0.18446475480320362), ([[758, 738], [1206, 738], [1206, 791], [758, 791]], '리사는 질내에 정액올 밭앉다', 0.562939504255138), ([[754, 776], [1224, 776], [1224, 827], [754, 827]], '리사는 156의 데미지틀 받휘다 .', 0.4218603386395791), ([[716, 824], [1254, 824], [1254, 872], [716, 872]], '흐극! 아 흙@ 얼마나 많이 하느거야 !?', 0.24036862181957938)]
[([[641, 396], [1280, 396], [1280, 446], [641, 446]], '떼회모스는 다시 리사틀 쏟리 새작없다 .', 0.06517620878048952), ([[701, 447], [879, 447], [879, 491], [701, 491]], '헤약 !3 야콩', 0.12386407117783697), ([[908, 445], [1207, 445], [1207, 489], [908, 489]], '또? 그만 최례 해쥐', 0.2692692109994004), ([[1205, 469], [1237, 469], [1237, 483], [1205, 483]], '63', 0.24959192015089798), ([[865, 483], [1075, 483], [1075, 527], [865, 527]], '희라으으음미', 0.05341667299830082), ([[734, 524], [1194, 524], [1194, 576], [734, 576]], '리사눈 82의 데미켓틀 밭앉다 .', 0.3262731141835662), ([[736, 562], [1182, 562], [1182, 613], [736, 613]], '리사는 76의 데미지틀 밭휘다_', 0.14772438543572158)]
[([[852, 704], [1220, 704], [1220, 757], [852, 757]], '리사늄 힘물데 숨쩍없다 ', 0.06968806489370703), ([[840, 756], [1222, 756], [1222, 806], [840, 806]], '의.홍0 @으. 어제-나와_', 0.04749710021972585), ([[1217, 781], [1247, 781], [1247, 797], [1217, 797]], '0', 0.6972258600237637), ([[858, 803], [1236, 803], [1236, 856], [858, 856]], '릿사눈 힘물렉 습쩍없다@', 0.024099565466523833), ([[854, 838], [1238, 838], [1238, 891], [854, 891]], '객싸숨 힘률레 숨귀없다.', 0.018055158995531853)]
[([[829, 513], [1189, 513], [1189, 575], [829, 575]], '훈어아아야양@', 0.037590946179598524), ([[798, 584], [1198, 584], [1198, 632], [798, 632]], '출하합내다 젠로운 [입예과:', 0.0023378702921429033), ([[814, 620], [1184, 620], [1184, 672], [814, 672]], '문사히 출산되없습데탕@', 0.08876726828951692), ([[760, 656], [1230, 656], [1230, 707], [760, 707]], '때로운 사@뭄 리사-희 맛롭에제', 0.0011172834695845444), ([[872, 696], [1128, 696], [1128, 744], [872, 744]], '출산되없습내다@', 0.2286110147978119), ([[745, 732], [1254, 732], [1254, 781], [745, 781]], '진꾸.의 이름올 어중되습데까3', 0.014505571220007746)]
[([[772, 703], [1252, 703], [1252, 752], [772, 752]], '테사의 센력이 회복되없습 내탕.', 0.020889872934915704), ([[798, 742], [1224, 742], [1224, 790], [798, 790]], '테입 몸이 순정 중입데@@', 0.04815424044192266), ([[893, 787], [965, 787], [965, 829], [893, 829]], '으음', 0.9835114550884771), ([[963, 807], [995, 807], [995, 825], [963, 825]], '0', 0.7477082881678143), ([[995, 785], [1071, 785], [1071, 829], [995, 829]], '엄마_', 0.80533246233256), ([[1067, 807], [1099, 807], [1099, 823], [1067, 823]], '0', 0.847360925124022), ([[798, 830], [1222, 830], [1222, 883], [798, 883]], '테사의 몸이 순명 중입데야.', 0.017756448982985524)]
[([[864, 700], [1118, 700], [1118, 748], [864, 748]], '하으 3 향 @야양0', 0.10858595083065398), ([[828, 741], [1162, 741], [1162, 793], [828, 793]], '텔사켓 각정률습내다.', 0.025773001576225738), ([[754, 788], [1236, 788], [1236, 838], [754, 838]], '내되맙올이 출순퇴 용되합내생@', 0.0017601371715855226), ([[768, 830], [1230, 830], [1230, 885], [768, 885]], '리싸늄 20의] 데미켓블 밭앉다.', 0.06135260659446967)]
[([[748, 705], [1238, 705], [1238, 756], [748, 756]], '리의 값슴 순정올 세집합내략@', 0.01362449867503594), ([[764, 751], [1214, 751], [1214, 804], [764, 804]], '/영 이데 댐@@ 문습 젊이@이', 0.017184156985806717), ([[777, 799], [1204, 799], [1204, 853], [777, 853]], '뱃싸인 몸이 순정 흉입네터.', 0.007388825981667647), ([[712, 837], [1270, 837], [1270, 889], [712, 889]], '지싸의 음렉이 순룻 안당되없습데야', 0.004937216327546157)]
[([[837, 693], [1181, 693], [1181, 737], [837, 737]], '액0 이@이런 남자의 0', 0.06940078606953465), ([[802, 736], [1226, 736], [1226, 787], [802, 787]], '태싸희 몸이 순정 중입데다.', 0.03927822010519358), ([[799, 778], [1226, 778], [1226, 829], [799, 829]], '많어싫어때 낱 이립레 티어뼈', 0.002681833238175938), ([[846, 812], [1180, 812], [1180, 864], [846, 864]], '날 웬래대터 돌젯워@', 0.03321968728812163), ([[890, 860], [1112, 860], [1112, 908], [890, 908]], '프로막램 텅딩', 0.008517422574423734), ([[1107, 885], [1139, 885], [1139, 901], [1107, 901]], '0', 0.956443982272063), ([[810, 894], [1224, 894], [1224, 947], [810, 947]], '사정 태스틱들 내잡합데다', 0.005196822776727778)]
[([[832, 688], [1080, 688], [1080, 736], [832, 736]], '흔육6 운요움때', 0.010409122169912669), ([[748, 734], [1188, 734], [1188, 782], [748, 782]], '리사다 정기름 통한 사정으로', 0.13009566495247085), ([[796, 769], [1146, 769], [1146, 820], [796, 820]], '48의 데미체흘 밭앉다@', 0.22266945883403896), ([[759, 819], [865, 819], [865, 861], [759, 861]], '야으임', 0.3913539352364227), ([[863, 843], [895, 843], [895, 857], [863, 857]], '09', 0.18725148578931278), ([[894, 818], [1196, 818], [1196, 866], [894, 866]], '압되6 데늄 물 맛6', 0.02884576219762682), ([[688, 862], [1274, 862], [1274, 912], [688, 912]], '[ 회복 움 사정 텍스트틀 젓끗합 내다', 0.02391082000232373)]
[([[856, 693], [1172, 693], [1172, 743], [856, 743]], '하으의< 예제 민만해', 0.03188821075095506), ([[1169, 719], [1199, 719], [1199, 735], [1169, 735]], '0', 0.8992774194491773), ([[812, 736], [1210, 736], [1210, 789], [812, 789]], '사정록체장갇 교체틀 웬해', 0.02037896751947712), ([[820, 776], [1210, 776], [1210, 828], [820, 828]], '합 제량 통안 정고합내다@', 0.00916951081215007), ([[782, 822], [1258, 822], [1258, 872], [782, 872]], '장 회복 움 읽육립 팬페합내다@', 0.002801379463456857), ([[890, 864], [1130, 864], [1130, 917], [890, 917]], '유문] 그만.@', 0.011382283232337349)]
[([[34, 20], [612, 20], [612, 73], [34, 73]], '네크로 맨서간 소합의씌올 쓰동합내다.', 0.019832865224567457), ([[131, 70], [492, 70], [492, 118], [131, 118]], '하의 울움{ 훈으응하', 0.05131715062700759), ([[8, 120], [666, 120], [666, 168], [8, 168]], '네크로맨만야 예정틀 고함에 집중합데다.', 0.031100744079012296)]
[([[22, 22], [788, 22], [788, 77], [22, 77]], '데크로 맨서간 리사의 집내에 에너지률 방출합데다 .', 0.18144958937589395), ([[114, 70], [672, 70], [672, 123], [114, 123]], '에너지가 리사의 질내로 들어합내다.', 0.351111119141755), ([[46, 116], [730, 116], [730, 164], [46, 164]], '리사의 자궁올 통해 [데책]이 소환되없습데다@', 0.055116766183734144), ([[94, 150], [684, 150], [684, 202], [94, 202]], '데크로랜트의 데이터 변환 중입내다 .', 0.12249440475165282)]
[([[82, 27], [505, 27], [505, 79], [82, 79]], '[데온]으로 데이터 변환 중.', 0.8257018639213685), ([[74, 78], [518, 78], [518, 126], [74, 126]], '리사가 쾌택에 몸분립숙다다 .', 0.07708929783570975), ([[103, 123], [461, 123], [461, 167], [103, 167]], '훈야6 야 된다 뜨페웬', 0.01429241695676257), ([[459, 147], [489, 147], [489, 161], [459, 161]], '0', 0.23465797372648556), ([[162, 156], [428, 156], [428, 207], [162, 207]], '웬명 빨리 나가 @@', 0.029091587653340942), ([[64, 200], [528, 200], [528, 248], [64, 248]], '변환 완로. 형상올 구렵합내다.', 0.13212903043601437)]
[([[86, 730], [560, 730], [560, 778], [86, 778]], '데용이 [잠탑 산입올 사용없다.', 0.10722221039891938), ([[14, 776], [652, 776], [652, 830], [14, 830]], '폐끗의 정피만 탑싸의 항문에 십입되죄다', 0.013896845777460663), ([[54, 826], [392, 826], [392, 878], [54, 878]], '회익0 그럽터 안 물어', 0.05601480266268029), ([[385, 851], [419, 851], [419, 871], [385, 871]], '03', 0.15596925941866616), ([[419, 831], [597, 831], [597, 873], [419, 873]], '아아아@씩', 0.0783306266058875), ([[80, 872], [560, 872], [560, 925], [80, 925]], '리사늄 425의 데미켓블 밭앉다@', 0.06968675838627572)]
[([[68, 713], [542, 713], [542, 763], [68, 763]], '데용이 [삼탑 사정등올 사용없다@', 0.01852930886917851), ([[79, 754], [301, 754], [301, 807], [79, 807]], '리사담 짙내예', 0.041159649436360184), ([[293, 753], [541, 753], [541, 843], [293, 843]], '집없움받안:다.', 0.01525641225386988), ([[187, 790], [334, 790], [334, 841], [187, 841]], '긁리타럽', 0.012566435150802135), ([[68, 828], [548, 828], [548, 880], [68, 880]], '태사늄 @65의 데미켓틀 밭앉다.', 0.06358344114210726), ([[82, 874], [525, 874], [525, 919], [82, 919]], '@무으으6미 헤에에이이어`', 0.0026635840464847987)]
[([[87, 733], [439, 733], [439, 777], [87, 777]], '야@ 민운@ 운깊이이줄어', 0.028586344789264133), ([[435, 755], [467, 755], [467, 771], [435, 771]], '0', 0.7259262399431385), ([[41, 780], [516, 780], [516, 830], [41, 830]], '객사눈 281의 데미켓틀 밭휘다 ', 0.009420922094099326), ([[118, 826], [430, 826], [430, 878], [118, 878]], '데몸음 영피지 닮다', 0.026969076641191587), ([[134, 870], [406, 870], [406, 923], [134, 923]], '리사늄 기절돼다.', 0.023869818254496477)]
[]
[([[333, 467], [427, 467], [427, 555], [333, 555]], "'무", 0.1075918644193315)]
[([[23, 333], [51, 333], [51, 351], [23, 351]], '0<', 0.21058932795795168), ([[50.388137237664, 271.0630587407872], [104.9860500406659, 300.71102741541944], [91.611862762336, 324.9369412592128], [37.0139499593341, 295.28897258458056]], '-74스<', 0.03021062640787726)]
[([[514, 106], [568, 106], [568, 132], [514, 132]], '|3-"', 0.010107024572789669)]
[([[443, 59], [589, 59], [589, 79], [443, 79]], "곧  *++ ' 시 ; 13'}", 0.056731354271074355), ([[449, 79], [531, 79], [531, 97], [449, 97]], "'' (+ 71", 0.2125449452542525), ([[535, 77], [601, 77], [601, 95], [535, 95]], '다\'라이"5', 0.017609760278627932), ([[457, 103], [487, 103], [487, 115], [457, 115]], '} "', 0.9905473589897156), ([[521, 97], [619, 97], [619, 115], [521, 115]], '1\'진\';!"', 0.000846111159349467), ([[460, 113], [588, 113], [588, 138], [460, 138]], '7-17; -[자', 0.04993540748540721), ([[591, 115], [613, 115], [613, 129], [591, 129]], '81', 0.18212060145463482), ([[467, 133], [582, 133], [582, 159], [467, 159]], "#14 비진지 * ^'", 0.00697063674766102), ([[587, 147], [627, 147], [627, 167], [587, 167]], '개 -', 0.5730351805686951), ([[493, 161], [523, 161], [523, 177], [493, 177]], ">'", 0.06325039422009887), ([[479, 183], [503, 183], [503, 199], [479, 199]], '9 0', 0.0961537644387592), ([[546, 182], [638, 182], [638, 212], [546, 212]], '숫간 ^ \'" 7\'', 0.08026595835785526), ([[478, 194], [548, 194], [548, 218], [478, 218]], '"자 171', 0.05445154345878561), ([[500, 208], [604, 208], [604, 236], [500, 236]], "엿 '3채(: .7;?", 0.036501774190758556), ([[547, 233], [569, 233], [569, 249], [547, 249]], '1녀', 0.02143102524589168), ([[546, 246], [621, 246], [621, 270], [546, 270]], "''51 '사오", 0.08099562653907715), ([[518.5134117075056, 156.6620705367551], [588.8666912124061, 149.28204184138227], [590.4865882924944, 168.3379294632449], [520.1333087875939, 175.71795815861773]], '#1"서-<', 0.17739923047725548), ([[587.5134117075056, 228.6620705367551], [632.6443843832875, 219.86158004233937], [636.4865882924944, 240.3379294632449], [590.3556156167125, 249.13841995766063]], '우 {', 0.13996298611164093)]
[]
[([[168.04217371477884, 192.71265211443367], [203.84029664822424, 183.45787313017792], [206.95782628522116, 196.28734788556633], [171.15970335177576, 204.54212686982208]], '무:5', 0.04833341174617577), ([[167.14250707428747, 214.48550424457247], [220.84292220957758, 196.46196454707814], [224.85749292571253, 209.51449575542753], [172.15707779042242, 227.53803545292186]], '없어고^', 0.003947503864765167)]
[([[438.51260315235277, 68.8663840980586], [599.7470022156679, 20.043662106480745], [619.4873968476472, 96.1336159019414], [458.2529977843322, 144.95633789351925]], '#쪽무', 0.013950053099181748)]
[([[580, 146], [610, 146], [610, 196], [580, 196]], '(켜', 0.03285001718970654), ([[562, 166], [583, 166], [583, 243], [562, 243]], '3', 0.03443551207453077), ([[591, 197], [611, 197], [611, 227], [591, 227]], '무', 0.9857053300677308)]
[]
[([[478, 56], [502, 56], [502, 98], [478, 98]], '학', 0.6014994487714489), ([[683, 40], [810, 40], [810, 205], [683, 205]], '{ ', 0.18234709376956895), ([[847, 11], [1199, 11], [1199, 219], [847, 219]], '병 ', 0.07119208131398803), ([[61, 149], [81, 149], [81, 173], [61, 173]], '타', 0.22737515337452407), ([[727, 129], [815, 129], [815, 230], [727, 230]], '@주', 0.07093017983256741), ([[776, 220], [800, 220], [800, 248], [776, 248]], '값', 0.20562949246703344), ([[897, 214], [1160, 214], [1160, 276], [897, 276]], '*"7>++-02"', 0.05666936082073469), ([[484, 306], [516, 306], [516, 334], [484, 334]], "'", 0.24645535183119413), ([[913, 270], [1275, 270], [1275, 337], [913, 337]], '{도- [77:---토,', 0.0008217191246360313), ([[108, 298], [190, 298], [190, 372], [108, 372]], '중요', 0.014277216016756645), ([[905, 324], [1198, 324], [1198, 372], [905, 372]], '(17165*205971?', 0.08917240281058801), ([[628, 370], [660, 370], [660, 412], [628, 412]], '주', 0.07742321667416618), ([[905, 357], [1222, 357], [1222, 417], [905, 417]], '{학-다 포자4 [%이*7다 ', 0.0006233068336143545), ([[162, 390], [188, 390], [188, 432], [162, 432]], '학', 0.9858812122451042), ([[909, 393], [1230, 393], [1230, 445], [909, 445]], '도젊 < #3<*37_"표 (_ !', 0.04109928584667337), ([[826, 404], [850, 404], [850, 470], [826, 470]], '징', 0.010813714728916735), ([[907, 428], [1268, 428], [1268, 482], [907, 482]], '31 02 (5,7 창표 [(분하("><', 0.004372553174698455), ([[168, 444], [196, 444], [196, 492], [168, 492]], '@', 0.35372676728913177), ([[768, 400], [901, 400], [901, 622], [768, 622]], '뼈', 0.3661968369414268), ([[899, 464], [1268, 464], [1268, 526], [899, 526]], '[#[차아 디/+"허] :도}047"', 0.0001546524149422473), ([[906, 556], [1009, 556], [1009, 599], [906, 599]], "크' 휴", 0.01607617363333702), ([[908, 512], [1254, 512], [1254, 560], [908, 560]], '( 속구슴,7194-팀<', 0.004025216855939114), ([[1004, 560], [1030, 560], [1030, 590], [1004, 590]], '0', 0.3073229754045457), ([[1023, 539], [1270, 539], [1270, 601], [1023, 601]], "'#소포귀교? (순#로", 0.02053203466771958), ([[906, 580], [1260, 580], [1260, 641], [906, 641]], '떨 69= -레소- 쭉어 ! 찌축 3', 0.0006357559673706124), ([[903, 626], [1279, 626], [1279, 682], [903, 682]], '혹미" *(*! 2272,25', 0.004374917669057081), ([[137, 643], [180, 643], [180, 746], [137, 746]], '쫓', 0.011072486542420601), ([[441, 615], [576, 615], [576, 817], [441, 817]], '#', 0.06914485137843318), ([[905, 685], [995, 685], [995, 721], [905, 721]], '닷(', 0.0240260544403255), ([[904, 715], [1083, 715], [1083, 769], [904, 769]], '-조-& {"8하 ;', 0.001994588528031626), ([[989, 663], [1270, 663], [1270, 723], [989, 723]], '더오오(-{(도3', 0.0006132722297506105), ([[1071, 701], [1268, 701], [1268, 761], [1071, 761]], "'터08 | 구1,7}", 0.021621636437525876), ([[461, 809], [481, 809], [481, 843], [461, 843]], '(', 0.5140831133162216), ([[476, 611], [541, 611], [541, 912], [476, 912]], '{', 0.005454363701020759), ([[537, 751], [575, 751], [575, 841], [537, 841]], '꿀', 0.4591478536486058), ([[885, 782], [1280, 782], [1280, 848], [885, 848]], "스출 2%-)다2,{'터3+719맛-", 0.0005433542015437087), ([[901, 737], [1277, 737], [1277, 809], [901, 809]], "2('3{7 @랍물-다? =획다", 3.410631152192187e-05), ([[897, 845], [975, 845], [975, 883], [897, 883]], '숫', 0.07599218634326466), ([[961, 820], [1234, 820], [1234, 880], [961, 880]], '고0< {고"2분두92', 0.0015013149611136714), ([[899, 879], [1057, 879], [1057, 921], [899, 921]], '군유내 ( !', 0.07596708615788948), ([[101, 885], [161, 885], [161, 983], [101, 983]], '삶', 0.003830013649456357), ([[899, 921], [962, 921], [962, 958], [899, 958]], '2"다', 0.04390653188229476), ([[947, 893], [1266, 893], [1266, 991], [947, 991]], '!현-7#주;! 400', 0.0010233555511266566), ([[94.42628371072443, 58.04135760399858], [129.07309093909547, 53.146627991429945], [139.57371628927558, 134.9586423960014], [104.92690906090453, 139.85337200857006]], '"', 0.006698769952883987), ([[483.2572186472918, 117.14304661822948], [499.52181805028556, 111.06927321394346], [511.7427813527082, 145.85695338177052], [494.47818194971444, 151.93072678605654]], "'", 0.9908503737760874), ([[8.657393571670909, 164.12591485733674], [60.254320675151575, 150.02059648035473], [66.34260642832909, 175.87408514266326], [14.745679324848425, 189.97940351964527]], '어8', 0.018134307392973226), ([[6.316718427000252, 196.65835921350012], [89.34591971878774, 166.13006399227064], [99.68328157299975, 194.34164078649988], [15.654080281212256, 224.86993600772936]], '료*#', 0.11561744131718542), ([[50.54230423844288, 206.27961296691], [97.12132034355965, 191.87867965644037], [104.45769576155712, 216.72038703309], [57.878679656440355, 231.12132034355963]], '구자', 0.5516735039858598), ([[68.69382717692011, 334.00938298379776], [106.43190556328892, 329.0186891700678], [128.3061728230799, 506.99061701620224], [90.56809443671108, 511.9813108299322]], '물', 0.03947405563099782), ([[117.53900894719632, 372.02129662972027], [153.6608186004551, 366.04386049658683], [172.46099105280368, 489.97870337027973], [136.3391813995449, 495.95613950341317]], '8', 0.8418397539372933), ([[76.75801975839244, 699.0073260134752], [111.39117947030311, 695.0191736257389], [128.24198024160756, 871.9926739865248], [93.60882052969689, 875.9808263742611]], '}', 0.038228798251993545), ([[1158.7639320225003, 904.5278640450005], [1264.344087295605, 890.5243373476659], [1268.2360679774997, 933.4721359549995], [1162.655912704395, 948.4756626523341]], '090405', 0.9999646189585683)]
