813134
39
[([[44, 195], [245, 195], [245, 237], [44, 237]], '어(소 1소나', 0.018659987203393773), ([[35, 221], [361, 221], [361, 449], [35, 449]], '[@규', 0.004097122012932112), ([[36, 448], [330, 448], [330, 522], [36, 522]], '-자1-', 0.37305620312690735), ([[83, 1303], [289, 1303], [289, 1343], [83, 1343]], '5 세-시-불 어훨;', 0.0004984808173664514), ([[839, 1395], [1010, 1395], [1010, 1422], [839, 1422]], '- 물간 [후선}', 0.00375462481034802)]
[([[128, 428], [632, 428], [632, 484], [128, 484]], '사고, 기억조작의 기초연구는', 0.5285287386170335), ([[484, 480], [788, 480], [788, 534], [484, 534]], '팔할좀 끝나있다:', 0.43086396256286835), ([[647, 575], [881, 575], [881, 619], [647, 619]], '스고우 노부유키', 0.9540272903401824), ([[463, 1207], [529, 1207], [529, 1221], [463, 1221]], '9드소 그 드4', 0.01939677853650926), ([[465, 1219], [563, 1219], [563, 1263], [465, 1263]], '[구', 0.48446845583359355), ([[530, 1248], [562, 1248], [562, 1282], [530, 1282]], ')', 0.9231778583124175), ([[462, 1282], [558, 1282], [558, 1306], [462, 1306]], '-자-', 0.8036042344517845), ([[438, 1344], [498, 1344], [498, 1352], [438, 1352]], '[마자', 0.0017685589153418131), ([[546, 1344], [584, 1344], [584, 1350], [546, 1350]], '청국대', 0.0002108349387057388), ([[466, 1351], [559, 1351], [559, 1370], [466, 1370]], '도미물산미|"도도', 0.0002560604729997525)]
[([[482, 562], [530, 562], [530, 616], [482, 616]], '@0', 0.23244274019760952), ([[876, 1028], [952, 1028], [952, 1122], [876, 1122]], ',', 0.02445301196255323)]
[([[579, 121], [615, 121], [615, 159], [579, 159]], '극', 0.9997269101647), ([[534, 484], [586, 484], [586, 516], [534, 516]], '호오', 0.9994465724500246), ([[687, 1019], [766, 1019], [766, 1052], [687, 1052]], '아스나', 0.9971557086562688)]
[([[252, 98], [320, 98], [320, 128], [252, 128]], '좋은겉', 0.12746669432250826), ([[262, 128], [332, 128], [332, 152], [262, 152]], '아스나', 0.9969917618344883), ([[874, 152], [962, 152], [962, 182], [874, 182]], '키리토군', 0.956412672996521), ([[388, 540], [434, 540], [434, 570], [388, 570]], '나는', 0.9787322048237816), ([[356, 566], [468, 566], [468, 598], [356, 598]], '괜찮으니까', 0.9185048329843776), ([[876, 862], [942, 862], [942, 888], [876, 888]], '스고우', 0.9998702650309776), ([[734, 1120], [794, 1120], [794, 1148], [734, 1148]], '당신 .', 0.2752895951271057), ([[686, 1148], [850, 1148], [850, 1178], [686, 1178]], '이런 짓율 하고도', 0.8567134330938547), ([[676, 1176], [858, 1176], [858, 1206], [676, 1206]], '그냥 넘어갈 거라고', 0.9384070341384989), ([[702, 1204], [832, 1204], [832, 1234], [702, 1234]], '생각한 거야?', 0.9803863259203857), ([[619.2802656784306, 138.3885579247043], [672.1304042167026, 132.50990573671385], [674.7197343215694, 166.6114420752957], [621.8695957832974, 172.49009426328615]], '(', 0.08350012632295378)]
[([[904, 70], [930, 70], [930, 94], [904, 94]], '무', 0.7697915600230516), ([[400, 84], [470, 84], [470, 114], [400, 114]], '들어화', 0.7703021738787887), ([[888, 96], [956, 96], [956, 126], [888, 126]], '무슨?!', 0.7827349305152893), ([[400, 112], [468, 112], [468, 138], [400, 138]], '아스나', 0.9990636876100981), ([[38, 286], [100, 286], [100, 312], [38, 312]], '남자와', 0.9988015687278957), ([[39, 315], [99, 315], [99, 335], [39, 335]], '여자가', 0.9999414297161879), ([[14, 336], [122, 336], [122, 364], [14, 364]], '하는 일 따원', 0.5556113249487781), ([[30, 362], [106, 362], [106, 388], [30, 388]], '하나라고', 0.9999776482582092), ([[69, 1061], [129, 1061], [129, 1309], [69, 1309]], '%', 0.2173077290538652)]
[([[882, 156], [932, 156], [932, 186], [882, 186]], '잠깐', 0.9999876931424155), ([[882, 184], [936, 184], [936, 214], [882, 214]], '싫어!', 0.8747441304737688), ([[67, 343], [177, 343], [177, 385], [67, 385]], '그만뒤!', 0.9378300905227661), ([[820, 694], [870, 694], [870, 724], [820, 724]], '안돼:', 0.6406181388000112), ([[62, 916], [142, 916], [142, 946], [62, 946]], '아 앗', 0.49049991369247437), ([[678, 1150], [772, 1150], [772, 1176], [678, 1176]], '스고우: !', 0.7478387966732627)]
[([[360, 98], [452, 98], [452, 148], [360, 148]], '히원', 0.4918156359705799), ([[170, 266], [202, 266], [202, 320], [170, 320]], '8', 0.3756977982216405), ([[540, 708], [570, 708], [570, 740], [540, 740]], '{', 0.6599065748535082), ([[898, 720], [988, 720], [988, 750], [898, 750]], '왜그런가', 0.998529314994812), ([[92, 736], [230, 736], [230, 766], [92, 766]], '이렇게나 바로', 0.8539311303541784), ([[908, 748], [974, 748], [974, 774], [908, 774]], '아스나', 0.9977286909124462), ([[108, 763], [216, 763], [216, 793], [108, 793]], '반응하다니', 0.9996076677964243), ([[392, 766], [456, 766], [456, 792], [392, 792]], '느끼고', 0.9992686270895559), ([[908, 776], [976, 776], [976, 806], [908, 806]], '호흡이', 0.9952771070195657), ([[402, 794], [448, 794], [448, 824], [402, 824]], '잇네', 0.2661377574320097), ([[900, 799], [984, 799], [984, 836], [900, 836]], '거친걸?', 0.676047245923741), ([[38, 912], [106, 912], [106, 944], [38, 944]], '정말로', 0.9999776317410077), ([[341, 965], [375, 965], [375, 981], [341, 981]], '아니;', 0.8349923200701914), ([[509, 1267], [575, 1267], [575, 1333], [509, 1333]], '좁', 0.017370103761189748), ([[150.65361200660845, 324.0120128951616], [190.040313626346, 330.43523053088694], [167.34638799339155, 477.9879871048384], [126.95968637365401, 471.56476946911306]], '9', 0.017952079480573424)]
[([[688, 180], [734, 180], [734, 208], [688, 208]], '매일', 0.9998498762263066), ([[666, 208], [754, 208], [754, 236], [666, 236]], '아스나름', 0.53426194190979), ([[552, 442], [710, 442], [710, 474], [552, 474]], '조교해온 보람이', 0.7232360222274211), ([[558, 470], [704, 470], [704, 502], [558, 502]], '있있던 것 같군', 0.09930515223577938), ([[109, 613], [153, 613], [153, 667], [109, 667]], '!?', 0.6225043499448634), ([[803, 821], [905, 821], [905, 883], [803, 883]], '뭐?!', 0.565403163433075), ([[739, 1091], [811, 1091], [811, 1133], [739, 1133]], '무슨', 0.6523877694838472), ([[715, 1131], [837, 1131], [837, 1173], [715, 1173]], '소리나]', 0.6824032068252563)]
[([[425, 71], [447, 71], [447, 91], [425, 91]], '그', 0.9999264492208262), ([[390, 94], [462, 94], [462, 124], [390, 124]], '사이에', 0.9979766666436369), ([[866, 120], [960, 120], [960, 150], [866, 150]], '키리토 군', 0.9790209360537414), ([[524, 450], [612, 450], [612, 478], [524, 478]], '아스나름', 0.5982651710510254), ([[16, 482], [152, 482], [152, 512], [16, 512]], '내가 아무것도', 0.9579748104291094), ([[510, 478], [626, 478], [626, 508], [510, 508]], '가두고 나서', 0.9263538036107053), ([[16, 510], [152, 510], [152, 540], [16, 540]], '하지 않앉다고', 0.506172635622574), ([[498, 506], [640, 506], [640, 536], [498, 536]], '2달 지낫다고?', 0.4427778904239937), ([[35, 537], [129, 537], [129, 565], [35, 565]], '생각한 건', 0.8999054210914886), ([[34, 564], [136, 564], [136, 594], [34, 594]], '아니켓지?', 0.6384007706882576), ([[351, 755], [443, 755], [443, 815], [351, 815]], '뒷?!', 0.35066150247057154), ([[845, 1167], [905, 1167], [905, 1203], [845, 1203]], '무슨', 0.9998951402512412), ([[829, 1201], [923, 1201], [923, 1237], [829, 1237]], '짓이야!', 0.8262306451797485), ([[561, 1249], [709, 1249], [709, 1287], [561, 1287]], '이상한 소리', 0.892192641670683), ([[589, 1283], [683, 1283], [683, 1319], [589, 1319]], '하지마!', 0.7071719169616699)]
[([[652, 94], [748, 94], [748, 120], [652, 120]], '자 아스나', 0.9977683019132377), ([[648, 126], [752, 126], [752, 158], [648, 158]], '생각낫지?', 0.8997481807496825), ([[534, 432], [630, 432], [630, 460], [534, 460]], '너와 내가', 0.9428095370281989), ([[546, 462], [614, 462], [614, 486], [546, 486]], '여기서', 0.9999387455426327), ([[178, 474], [202, 474], [202, 498], [178, 498]], '5', 0.6302978623384803), ([[121, 499], [157, 499], [157, 517], [121, 517]], '"아', 0.8404353394631615), ([[212, 494], [236, 494], [236, 520], [212, 520]], '4', 0.2500243192864673), ([[518, 488], [628, 488], [628, 518], [518, 518]], '늘 하면 일;', 0.3645207303697242), ([[209, 519], [281, 519], [281, 587], [209, 587]], '때', 0.06584906231162169), ([[49, 603], [115, 603], [115, 623], [49, 623]], '아:   아', 0.3842964284760405), ([[562, 778], [608, 778], [608, 808], [562, 808]], '너는', 0.6880745178886499), ([[532, 806], [642, 806], [642, 836], [532, 836]], '애달문듯한', 0.5030351560741767), ([[517, 833], [652, 833], [652, 864], [517, 864]], '목소리블 내려', 0.2927477111930293), ([[538, 862], [632, 862], [632, 892], [538, 892]], '몸올 떨고', 0.6876293617871331), ([[531, 890], [641, 890], [641, 920], [531, 920]], '있,든은가', 0.08410553318463304), ([[482, 1152], [528, 1152], [528, 1182], [482, 1182]], '나는', 0.9686588451362522), ([[470, 1180], [526, 1180], [526, 1208], [470, 1208]], '매일:', 0.9712031999674585), ([[386, 1280], [456, 1280], [456, 1310], [386, 1310]], '이렇게', 0.8497306862692515), ([[386, 1308], [448, 1308], [448, 1332], [386, 1332]], '하고:.', 0.546570897102356), ([[388, 1336], [456, 1336], [456, 1366], [388, 1366]], '말이지', 0.9997938704278129)]
[([[96, 180], [208, 180], [208, 232], [96, 232]], '싫엇]', 0.2401512821118566), ([[625, 353], [681, 353], [681, 501], [625, 501]], '8', 0.546991588784639), ([[711, 581], [771, 581], [771, 621], [711, 621]], '잇!', 0.7798239350886088), ([[552, 916], [586, 916], [586, 946], [552, 946]], '잊', 0.03492495587582667), ([[701, 1165], [761, 1165], [761, 1201], [701, 1201]], '멈칙,', 0.544954611122334), ([[683, 1197], [785, 1197], [785, 1233], [683, 1233]], '스고위', 0.7784622711086221), ([[82, 1262], [136, 1262], [136, 1288], [82, 1288]], '그만:', 0.9100361612354775), ([[92, 1288], [148, 1288], [148, 1318], [92, 1318]], '아앗', 0.6084709369069935), ([[570.2516257571808, 1243.040119541782], [625.7332705470211, 1254.8428544786188], [604.7483742428192, 1349.959880458218], [549.2667294529789, 1338.1571455213812]], '0', 0.9998638676246543)]
[([[304, 76], [372, 76], [372, 102], [304, 102]], '아스나', 0.9994499667511494), ([[498, 1], [659, 1], [659, 150], [498, 150]], '세', 0.7502195769535689), ([[366, 258], [502, 258], [502, 288], [366, 288]], '넣없올 뿐인데', 0.372589802991139), ([[378, 286], [478, 286], [478, 314], [378, 314]], '가버)네', 0.41883987188339233), ([[80, 502], [168, 502], [168, 532], [80, 532]], '키리토의', 0.9852116703987122), ([[76, 530], [172, 530], [172, 560], [76, 560]], '눈 앞인데', 0.9996544509615356), ([[80, 558], [158, 558], [158, 586], [80, 586]], '말이지', 0.9998669614643932), ([[636, 552], [684, 552], [684, 576], [636, 576]], '"아', 0.7380964580769513), ([[797, 533], [885, 533], [885, 635], [797, 635]], '서', 0.04924293036838301), ([[678, 698], [714, 698], [714, 724], [678, 724]], '아:', 0.7745038017572082), ([[690, 726], [738, 726], [738, 752], [690, 752]], '아아', 0.9996743046915693), ([[712, 1042], [760, 1042], [760, 1072], [712, 1072]], '후앗', 0.7712688503137592), ([[801, 1166], [841, 1166], [841, 1342], [801, 1342]], '%', 0.1178375282849089), ([[76, 1279], [120, 1279], [120, 1403], [76, 1403]], ';', 0.028556290899566017)]
[([[644, 114], [684, 114], [684, 144], [644, 144]], '응?', 0.9995125643521984), ([[878, 446], [926, 446], [926, 472], [878, 472]], '아아', 0.9998117773632468), ([[868, 474], [934, 474], [934, 502], [868, 502]], '그랫던', 0.0559977712583663), ([[878, 502], [926, 502], [926, 530], [878, 530]], '건가', 0.9996383991914088), ([[832, 942], [926, 942], [926, 968], [832, 968]], '자 키리토', 0.9746579450021174), ([[840, 970], [920, 970], [920, 996], [840, 996]], '보이지?', 0.9995251893997192), ([[742, 1212], [856, 1212], [856, 1240], [742, 1240]], '내 폐니스틀', 0.3939924396109923), ([[742, 1240], [858, 1240], [858, 1270], [742, 1270]], '끝까지 삼권', 0.37542043264641994), ([[30, 1260], [118, 1260], [118, 1286], [30, 1286]], '아스나의', 0.9747929776992104), ([[52, 1288], [98, 1288], [98, 1314], [52, 1314]], '보지', 0.9995552111389482), ([[64.52901684970952, 320.018513991311], [116.02607645080745, 327.8189903190721], [95.47098315029048, 458.981486008689], [43.973923549192556, 451.1810096809279]], '씨', 0.004931778803838549)]
[([[72, 142], [136, 142], [136, 194], [72, 194]], '잇', 0.9588241295806519), ([[752, 398], [822, 398], [822, 428], [752, 428]], '틀리지', 0.9997831339516667), ([[732, 426], [830, 426], [830, 454], [732, 454]], '않있다고', 0.421488493680954), ([[750, 456], [822, 456], [822, 482], [750, 482]], "아스나'", 0.40106305480003357), ([[108, 812], [258, 812], [258, 868], [108, 868]], '싫어어!', 0.8082932902034916), ([[879, 849], [921, 849], [921, 923], [879, 923]], '에', 0.2947125449509258)]
[([[185, 335], [265, 335], [265, 377], [185, 377]], '으원', 0.5008406837341488), ([[99, 479], [163, 479], [163, 789], [99, 789]], '#', 0.08844321338989403), ([[416, 1050], [466, 1050], [466, 1078], [416, 1078]], '그런:', 0.9606990562342507), ([[426, 1078], [474, 1078], [474, 1104], [426, 1104]], '이거', 0.9999125042636563), ([[798, 1206], [854, 1206], [854, 1268], [798, 1268]], '7', 0.8734113079570172), ([[46, 1270], [94, 1270], [94, 1300], [46, 1300]], '싫엇', 0.976063023602602), ([[26, 1326], [118, 1326], [118, 1354], [26, 1354]], '깊:   이!', 0.3060619002711922), ([[419, 1311], [459, 1311], [459, 1359], [419, 1359]], '좁"', 0.04894613145728231), ([[546, 1316], [634, 1316], [634, 1346], [546, 1346]], '아 안돼!', 0.5124689185166584), ([[438, 1360], [470, 1360], [470, 1416], [438, 1416]], '"', 0.14063023035621214)]
[([[610, 0], [666, 0], [666, 26], [610, 26]], '나비)', 0.6327042024492296), ([[406, 86], [474, 86], [474, 116], [406, 116]], '안돼에', 0.8441172659983647), ([[116, 278], [210, 278], [210, 306], [116, 306]], '이 이상:.', 0.26382022555514134), ([[130, 306], [200, 306], [200, 336], [130, 336]], '햇다간', 0.9970545056384532), ([[884, 478], [946, 478], [946, 506], [884, 506]], '싫어:', 0.7041832675568424), ([[880, 506], [958, 506], [958, 536], [880, 536]], '나 더는,', 0.6259739714039197), ([[776, 664], [806, 664], [806, 692], [776, 692]], '사', 0.2580588084825308), ([[32, 878], [66, 878], [66, 902], [32, 902]], '나!', 0.6350976909377924), ([[166, 1088], [234, 1088], [234, 1114], [166, 1114]], '이런: .', 0.5454202967444803), ([[168, 1116], [234, 1116], [234, 1142], [168, 1142]], '키리토', 0.9691125250165843), ([[840, 1116], [942, 1116], [942, 1144], [840, 1144]], '스고우 씨:', 0.8353532751297127), ([[168, 1144], [236, 1144], [236, 1174], [168, 1174]], '앞에서', 0.939889197013561), ([[848, 1146], [972, 1146], [972, 1174], [848, 1174]], '이제 그만뒤!', 0.5926969009564982), ([[32, 1270], [128, 1270], [128, 1300], [32, 1300]], '부탁해요', 0.9931671702863214), ([[638.472628084549, 25.046717273474552], [703.9322424963196, 63.366001622417386], [689.527371915451, 86.95328272652544], [624.0677575036804, 48.633998377582614]], "{#시'", 0.029482001438736916), ([[699.4334578190496, 26.05398065905806], [769.9516097302998, 61.46334368540005], [758.5665421809504, 83.94601934094194], [687.0483902697002, 48.53665631459995]], "1+;:'", 0.003045144984067411), ([[693.3756770666055, 58.06568221304549], [747.9753335999021, 88.61608598710941], [735.6243229333945, 110.93431778695451], [680.0246664000979, 81.38391401289059]], '{7"(1#극', 0.003906442717805952), ([[781.6075140414246, 534.0154283260924], [823.4680275972919, 542.6515704238191], [797.3924859585754, 670.9845716739076], [755.5319724027081, 662.3484295761809]], '9', 0.12871078992931473), ([[577.2844582472001, 571.0645203596004], [608.8497185773242, 564.0912945443088], [622.7155417527999, 633.9354796403996], [592.1502814226758, 640.9087054556912]], '2', 0.5160137821201403)]
[([[50, 149], [194, 149], [194, 180], [50, 180]], '키리토 군 따위', 0.9708263994208299), ([[63, 176], [178, 176], [178, 207], [63, 207]], '포기하는 게', 0.5281878107253078), ([[92, 208], [152, 208], [152, 236], [92, 236]], '어때?', 0.9999609072096206), ([[706, 198], [740, 198], [740, 226], [706, 226]], '아!', 0.6212748113947616), ([[712, 522], [782, 522], [782, 550], [712, 550]], '아스나', 0.9949532890014673), ([[842, 770], [918, 770], [918, 800], [842, 800]], '이 일흘', 0.886776328533994), ([[820, 798], [944, 798], [944, 828], [820, 828]], '알게 된 이상', 0.9217729291780125), ([[836, 826], [924, 826], [924, 856], [836, 856]], '연인으로', 0.9665865738083734), ([[828, 854], [932, 854], [932, 884], [828, 884]], '돌아 갈 수', 0.8440649203640765), ([[824, 880], [940, 880], [940, 912], [824, 912]], '있플리 없지', 0.2193912453659796), ([[744, 926], [792, 926], [792, 950], [744, 950]], '그가', 0.9992240326603125), ([[720, 952], [816, 952], [816, 982], [720, 982]], '오늘 일흘', 0.7276761283681786), ([[713, 980], [823, 980], [823, 1010], [713, 1010]], '잊어버리지', 0.9988926395050045), ([[33, 1006], [122, 1006], [122, 1037], [33, 1037]], '그러니까', 0.9998784065246582), ([[730, 1006], [804, 1006], [804, 1038], [730, 1038]], '안손 한', 0.19450386166356212)]
[([[18, 108], [116, 108], [116, 136], [18, 136]], '나의 것이', 0.8991462229809059), ([[34, 136], [102, 136], [102, 164], [34, 164]], '되어라', 0.9983257319315062), ([[78, 296], [242, 296], [242, 326], [78, 326]], '그러면 내가 너름', 0.6598456180306217), ([[82, 324], [218, 324], [218, 354], [82, 354]], '언제 어디서든', 0.9903688689497461), ([[108, 352], [212, 352], [212, 382], [108, 382]], '몇 번 이고', 0.8267439282964085), ([[78, 380], [244, 380], [244, 410], [78, 410]], '기분 중계 해주지', 0.5948663969887814), ([[792, 582], [956, 582], [956, 610], [792, 610]], '나의 이 폐니스로', 0.9912548255208535), ([[812, 610], [926, 610], [926, 638], [812, 638]], '너의 질내: .', 0.6148504383103761), ([[786, 637], [964, 637], [964, 668], [786, 668]], '입구부터 안쪽까지', 0.9268093644744412), ([[796, 664], [954, 664], [954, 694], [796, 694]], '잔뜩 범해주껏다', 0.3109898742136421), ([[42, 1280], [104, 1280], [104, 1306], [42, 1306]], '자아:', 0.8075825835091596), ([[22, 1308], [132, 1308], [132, 1338], [22, 1338]], '상상해화라', 0.6038183999459028), ([[891, 1331], [917, 1331], [917, 1347], [891, 1347]], '나 .', 0.706046462059021), ([[297, 1377], [361, 1377], [361, 1441], [297, 1441]], '15,', 0.0044972350558709975), ([[12.146718166348041, 1006.0405407466544], [76.87814281628233, 982.0429432739202], [124.85328183365196, 1128.9594592533456], [60.121857183717665, 1152.9570567260798]], '#', 0.005772328685206551)]
[([[840, 84], [978, 84], [978, 114], [840, 114]], '너름 반복해서', 0.8460921126653222), ([[830, 114], [986, 114], [986, 144], [830, 144]], '괴롭히는 남자의', 0.65025858785438), ([[828, 140], [986, 140], [986, 172], [828, 172]], '침입올 거부하는', 0.4022680586717034), ([[848, 168], [946, 168], [946, 198], [848, 198]], '그 안쪽의', 0.9905847032715713), ([[848, 196], [966, 196], [966, 226], [848, 226]], '근은 입구름', 0.2675573998923953), ([[844, 224], [974, 224], [974, 254], [844, 254]], '열어적혀주지', 0.36731814174809846), ([[615, 386], [725, 386], [725, 416], [615, 416]], '부드러워진', 0.9775148353375328), ([[624, 414], [714, 414], [714, 444], [624, 444]], '지궁구클', 0.14118920266628265), ([[612, 442], [728, 442], [728, 472], [612, 472]], '강제로 넓혀', 0.9934912181992818), ([[622, 470], [718, 470], [718, 500], [622, 500]], '나의 것올', 0.5355681163670467), ([[600, 496], [738, 496], [738, 528], [600, 528]], '마침내 삼키고', 0.9787401044673522), ([[104, 684], [170, 684], [170, 708], [104, 708]], '그리고', 0.8498139381408691), ([[82, 710], [190, 710], [190, 738], [82, 738]], '마지막은: .', 0.392915455631131), ([[822, 670], [872, 670], [872, 754], [822, 754]], '빵', 0.03693136270034558), ([[90, 738], [186, 738], [186, 768], [90, 768]], '넘질 만큼', 0.7288227163321787), ([[80, 766], [194, 766], [194, 796], [80, 796]], '나의 정액올', 0.9639431576765751), ([[70, 793], [186, 793], [186, 823], [70, 823]], '너의 그곳에', 0.9705029081749206), ([[78, 822], [196, 822], [196, 852], [78, 852]], '자중에 직접', 0.870875643685168), ([[58, 850], [218, 850], [218, 880], [58, 880]], '주입시키는 거다', 0.5817488496096466), ([[908, 1040], [968, 1040], [968, 1066], [908, 1066]], '어때?', 0.5482164621353149), ([[328, 1076], [372, 1076], [372, 1102], [328, 1102]], '후후', 0.5400266258254185), ([[82, 1296], [128, 1296], [128, 1324], [82, 1324]], '그럼', 0.9998804736299481), ([[72, 1322], [140, 1322], [140, 1352], [72, 1352]], '이렇게', 0.7151947762688879), ([[82, 1350], [128, 1350], [128, 1376], [82, 1376]], '하지', 0.9999734475886887), ([[189, 1327], [257, 1327], [257, 1407], [189, 1407]], '>', 0.01841634695086114), ([[331.1299778141514, 705.1289267866996], [378.9623218957501, 719.5260284966799], [370.8700221858486, 743.8710732133004], [323.0376781042499, 728.4739715033201]], '{랍너', 0.008798198532705798), ([[491.521532469686, 868.0287194983941], [523.379236370512, 857.0180181096242], [556.478467530314, 958.9712805016059], [523.620763629488, 969.9819818903758]], '$', 0.3676838926568884)]
[([[200, 40], [268, 40], [268, 72], [200, 72]], '걱정할', 0.9812820367461669), ([[598, 16], [674, 16], [674, 114], [598, 114]], '^', 0.1710466171919487), ([[854, 44], [972, 44], [972, 74], [854, 74]], '키리토 군의', 0.9365049975709668), ([[208, 70], [256, 70], [256, 100], [208, 100]], '필요', 0.9999611408268162), ([[868, 72], [956, 72], [956, 102], [868, 102]], '연인으로', 0.6523861106537175), ([[192, 98], [274, 98], [274, 128], [192, 128]], '없다고?', 0.5435543299681291), ([[860, 100], [962, 100], [962, 130], [860, 130]], '돌아 갈 수', 0.7385217753964776), ([[725, 120], [819, 120], [819, 150], [725, 150]], '대신 너는', 0.6900961843122111), ([[878, 128], [946, 128], [946, 156], [878, 156]], '있도록', 0.6540943227479498), ([[114, 138], [160, 138], [160, 166], [114, 166]], '그는', 0.37636949284487664), ([[738, 150], [806, 150], [806, 176], [738, 176]], '이대로', 0.9998545731027254), ([[94, 166], [182, 166], [182, 194], [94, 194]], '여기서의', 0.9997532367706299), ([[844, 154], [980, 154], [980, 186], [844, 186]], '오늘의 기억올', 0.8571277402000471), ([[92, 194], [182, 194], [182, 224], [92, 224]], '일흘 모두', 0.6523998146781932), ([[586, 156], [658, 156], [658, 238], [586, 238]], '스', 0.8667642078801272), ([[714, 178], [832, 178], [832, 208], [714, 208]], '그의 앞에서', 0.953331145778875), ([[868, 184], [958, 184], [958, 212], [868, 212]], '지위주지', 0.503587543964386), ([[716, 204], [830, 204], [830, 234], [716, 234]], '언제나 처럼', 0.9976323920237183), ([[90, 220], [184, 220], [184, 250], [90, 250]], '잊어 버질', 0.22349548646131834), ([[702, 232], [848, 232], [848, 262], [702, 262]], '나와 씩스 한다', 0.4742636962050116), ([[104, 248], [174, 248], [174, 278], [104, 278]], '태니까', 0.9991819847621571), ([[894, 570], [942, 570], [942, 594], [894, 594]], '내가', 0.9997942452859372), ([[872, 596], [962, 596], [962, 624], [872, 624]], '지금까지', 0.9742365479469299), ([[70, 626], [118, 626], [118, 652], [70, 652]], '네가', 0.9997160263457855), ([[878, 624], [956, 624], [956, 652], [878, 652]], '한 일도', 0.9901329540930426), ([[45, 650], [140, 650], [140, 692], [45, 692]], '지금부터', 0.9923155903816223), ([[64, 692], [120, 692], [120, 720], [64, 720]], '할 일', 0.9938235878944397), ([[36, 720], [148, 720], [148, 748], [36, 748]], '도:  말이지', 0.7230533686580557), ([[862, 1002], [976, 1002], [976, 1034], [862, 1034]], '무엇올 해도', 0.4406065547038392), ([[872, 1032], [968, 1032], [968, 1062], [872, 1062]], '없년 일이', 0.4402142966680198), ([[498, 1060], [526, 1060], [526, 1088], [498, 1088]], '4', 0.35874420676779906), ([[898, 1060], [944, 1060], [944, 1088], [898, 1088]], '된다', 0.8041447362514034), ([[396, 1264], [482, 1264], [482, 1290], [396, 1290]], '그러니: .', 0.30777942838780925), ([[422, 1292], [460, 1292], [460, 1322], [422, 1322]], '응?', 0.998819755167624)]
[([[52, 750], [82, 750], [82, 784], [52, 784]], '움', 0.27895144917842174)]
[([[884, 86], [912, 86], [912, 120], [884, 120]], '움', 0.1595148098762147), ([[105, 113], [141, 113], [141, 161], [105, 161]], '실', 0.005878156138919233), ([[37, 297], [73, 297], [73, 313], [37, 313]], '으트', 0.1788418061599834), ([[37, 307], [73, 307], [73, 321], [37, 321]], '티타', 0.010344567455009373), ([[472, 548], [522, 548], [522, 580], [472, 580]], '무엇', 0.13327670547812975), ([[850, 379], [958, 379], [958, 633], [850, 633]], '십', 0.005339698131444415), ([[226, 862], [292, 862], [292, 886], [226, 886]], '아스나:', 0.991545557975769), ([[855, 1099], [919, 1099], [919, 1189], [855, 1189]], '2', 0.2412992817810613), ([[921, 1253], [947, 1253], [947, 1271], [921, 1271]], '~9', 0.08872257572411607), ([[60, 1290], [104, 1290], [104, 1314], [60, 1314]], '뭐: .', 0.36578968517322163), ([[44, 1312], [97, 1312], [97, 1345], [44, 1345]], '하는:', 0.4167758306170473), ([[615.480222301811, 182.0225564708259], [663.4207653498527, 202.94329767895871], [617.519777698189, 308.9774435291741], [569.5792346501473, 289.0567023210413]], '$', 0.24052494407398317), ([[390.36307024470153, 794.0510355171494], [420.10445600046506, 807.4776294996221], [395.63692975529847, 863.9489644828506], [365.89554399953494, 851.5223705003779]], '끈', 0.1458072635094121)]
[([[206, 100], [246, 100], [246, 124], [206, 124]], '나  ', 0.19386090416340793), ([[181, 125], [278, 125], [278, 158], [181, 158]], '돌이길 수', 0.9318570901272053), ([[806, 126], [874, 126], [874, 154], [806, 154]], '미안해', 0.9995165164158009), ([[182, 156], [278, 156], [278, 186], [182, 186]], '없는 짓율', 0.7030131117023499), ([[806, 154], [872, 154], [872, 180], [806, 180]], '키리토', 0.9712713455603492), ([[196, 182], [264, 182], [264, 212], [196, 212]], '저절러', 0.3603471866870311), ([[174, 210], [242, 210], [242, 240], [174, 240]], '버럿어', 0.3320513176844023), ([[84, 256], [130, 256], [130, 286], [84, 286]], '너클', 0.40190159290476235), ([[62, 284], [150, 284], [150, 310], [62, 310]], '기다리지', 0.9999387860298157), ([[72, 312], [138, 312], [138, 340], [72, 340]], '않고: .', 0.5838695719773633), ([[72, 340], [138, 340], [138, 366], [72, 366]], '포기해', 0.999695590953416), ([[74, 366], [140, 366], [140, 396], [74, 396]], '버릇어', 0.18122359955345563), ([[830, 508], [892, 508], [892, 536], [830, 536]], '그날:', 0.7375085572345456), ([[726, 588], [794, 588], [794, 616], [726, 616]], '5스0틀', 0.018799811601638794), ([[694, 616], [830, 616], [830, 646], [694, 646]], '로그아웃 하고', 0.921755132152537), ([[684, 644], [840, 644], [840, 674], [684, 674]], '정신올 차려보니', 0.9064528557737017), ([[704, 672], [820, 672], [820, 702], [704, 702]], '여기에 갇혀', 0.9826815393261019), ([[58, 710], [154, 710], [154, 740], [58, 740]], '절망 햇어', 0.9697319469179678), ([[362, 914], [450, 914], [450, 944], [362, 944]], '언제부터', 0.9999759793281555), ([[372, 942], [432, 942], [432, 970], [372, 970]], '인가', 0.9994088994842444), ([[894, 1014], [948, 1014], [948, 1040], [894, 1040]], '그 때', 0.9952570227386597), ([[888, 1042], [920, 1042], [920, 1066], [888, 1066]], '나:', 0.7195209403878831), ([[864, 1069], [980, 1069], [980, 1099], [864, 1099]], '이 사람에게', 0.76495776405228), ([[878, 1096], [966, 1096], [966, 1126], [878, 1126]], '범해젊어', 0.4419373869895935), ([[434, 1218], [560, 1218], [560, 1248], [434, 1248]], '저항 할 힘이', 0.5298186212620348), ([[447, 1244], [544, 1244], [544, 1277], [447, 1277]], '없는 채로', 0.7055934248265708), ([[78, 1268], [126, 1268], [126, 1298], [78, 1298]], '나는', 0.9622334076161201), ([[460, 1276], [534, 1276], [534, 1304], [460, 1304]], '되는 대', 0.9886017681982487), ([[54, 1296], [150, 1296], [150, 1326], [54, 1326]], '그 행위에', 0.9943695551532749), ([[428, 1302], [566, 1302], [566, 1332], [428, 1332]], '매일 몇번이고', 0.7795229574051081), ([[66, 1324], [136, 1324], [136, 1354], [66, 1354]], '쾌감올', 0.4298969960890681), ([[464, 1330], [532, 1330], [532, 1360], [464, 1360]], '범해저', 0.7108106099759383), ([[44, 1352], [160, 1352], [160, 1380], [44, 1380]], '느끼게 뒷어', 0.6263858500455401)]
[([[862, 96], [926, 96], [926, 122], [862, 122]], '스고우', 0.9999351666460607), ([[870, 124], [904, 124], [904, 150], [870, 150]], '씨:', 0.9801389924744649), ([[869, 247], [985, 247], [985, 439], [869, 439]], '[', 0.025622162272803672), ([[918, 412], [966, 412], [966, 478], [918, 478]], '4', 0.9999766351157291), ([[336, 506], [406, 506], [406, 536], [336, 536]], '안아쥐:', 0.33974963426589966), ([[280, 676], [334, 676], [334, 740], [280, 740]], '00', 0.17275419053873894), ([[48, 894], [124, 894], [124, 920], [48, 920]], '부탁해요', 0.9994929432868958), ([[936, 892], [982, 892], [982, 922], [936, 922]], '원해', 0.9997713188591696), ([[797, 977], [817, 977], [817, 1003], [797, 1003]], '11', 0.029550367420788662), ([[744, 1204], [784, 1204], [784, 1230], [744, 1230]], '나름', 0.6536139964726393), ([[925, 1237], [977, 1237], [977, 1279], [925, 1279]], "'0", 0.22282098645673865), ([[666, 1324], [762, 1324], [762, 1352], [666, 1352]], '가게해쥐!', 0.9426121739603764)]
[([[886, 126], [952, 126], [952, 152], [886, 152]], '그러니', 0.9999893320527347), ([[864, 154], [954, 154], [954, 182], [864, 182]], '부탁해요', 0.999610424041748), ([[520, 170], [586, 170], [586, 196], [520, 196]], '가게: ', 0.9771154522895813), ([[498, 198], [588, 198], [588, 224], [498, 224]], '해주세요', 0.9999159574508667), ([[590, 680], [636, 680], [636, 706], [590, 706]], '나의', 0.9994871956666465), ([[564, 708], [660, 708], [660, 738], [564, 738]], '안에 잎는', 0.24626234425065932), ([[568, 736], [638, 736], [638, 766], [568, 766]], '당신의:', 0.8322790861129761), ([[578, 764], [644, 764], [644, 790], [578, 790]], '것으로', 0.9843481733741917), ([[836, 966], [952, 966], [952, 996], [836, 996]], '키리토 군의', 0.9068667984699581), ([[422, 866], [590, 866], [590, 1126], [422, 1126]], '약', 0.004729688833382539), ([[838, 994], [936, 994], [936, 1024], [838, 1024]], '눈앞에서:.', 0.9099109986152645), ([[864, 1022], [924, 1022], [924, 1052], [864, 1052]], '라도?', 0.7645835876464844), ([[73, 977], [135, 977], [135, 1175], [73, 1175]], '양', 0.27774773221225146), ([[435, 1081], [527, 1081], [527, 1213], [435, 1213]], '읽', 0.008942310315938562), ([[940.502481404895, 642.02481404895], [979.9202195993751, 651.9413897093432], [955.497518595105, 751.97518595105], [915.0797804006249, 742.0586102906568]], '0', 0.16210875808365532)]
[([[890, 66], [938, 66], [938, 96], [890, 96]], '싫어', 0.9951197712969632), ([[118, 86], [208, 86], [208, 116], [118, 116]], '키리토의', 0.9463444948196411), ([[104, 114], [214, 114], [214, 144], [104, 144]], '눈 앞에서: ', 0.5765996885119214), ([[94, 142], [232, 142], [232, 172], [94, 172]], '다른 사람에게', 0.8234677204527552), ([[84, 170], [240, 170], [240, 200], [84, 200]], '이렇게 되는거.', 0.6484499888735932), ([[766, 186], [842, 186], [842, 218], [766, 218]], '싫어요', 0.9932560891231288), ([[596, 184], [627, 184], [627, 251], [596, 251]], '|', 0.05453292020867395), ([[608, 408], [656, 408], [656, 438], [608, 438]], '당신', 0.9999417535522123), ([[738, 360], [818, 360], [818, 466], [738, 466]], '탄', 0.012167774091498273), ([[598, 436], [666, 436], [666, 466], [598, 466]], '말처럼', 0.9977051597930653), ([[60, 462], [168, 462], [168, 490], [60, 490]], '키리토에게', 0.8898345387787533), ([[60, 490], [166, 490], [166, 516], [60, 516]], '보여진다고', 0.9856968965864208), ([[60, 516], [168, 516], [168, 548], [60, 548]], '생각활수록', 0.8204731938222468), ([[66, 544], [162, 544], [162, 574], [66, 574]], '점점 몸이', 0.6395991297278052), ([[60, 572], [166, 572], [166, 600], [60, 600]], '뜨거워저: .', 0.8234353667817619), ([[52, 600], [176, 600], [176, 630], [52, 630]], '참울을 수 없어', 0.3413991030478883), ([[900, 608], [976, 608], [976, 634], [900, 634]], '그런데도', 0.9999739527702332), ([[180, 670], [276, 670], [276, 696], [180, 696]], '이제 나:', 0.9889681760668869), ([[186, 698], [272, 698], [272, 722], [186, 722]], '스스로도', 0.9997420907020569), ([[166, 724], [296, 724], [296, 756], [166, 756]], '멈출 수 없어!', 0.9080932192596536), ([[839, 751], [889, 751], [889, 791], [839, 791]], '|마', 0.002288336516042951), ([[773, 919], [885, 919], [885, 955], [773, 955]], '안되논데!', 0.9091224309653222), ([[898, 1088], [974, 1088], [974, 1118], [898, 1118]], '원하고', 0.9861823916435242), ([[884, 1118], [962, 1118], [962, 1150], [884, 1150]], '원해서', 0.9998539536851818), ([[892, 1148], [978, 1148], [978, 1180], [892, 1180]], '견달 수', 0.8826277950639184), ([[906, 1180], [966, 1180], [966, 1212], [906, 1212]], '없어!', 0.9202197393582352), ([[34, 1274], [150, 1274], [150, 1306], [34, 1306]], '그러니까', 0.9997055530548096)]
[([[778, 98], [830, 98], [830, 130], [778, 130]], '부탁', 0.9999117456399096), ([[764, 130], [820, 130], [820, 160], [764, 160]], '해요', 0.9999188261347672), ([[48, 320], [170, 320], [170, 348], [48, 348]], '스고우 씨가', 0.9947163731772704), ([[895, 195], [939, 195], [939, 385], [895, 385]], '7', 0.24573565824074795), ([[46, 346], [170, 346], [170, 378], [46, 378]], '원해는대로]', 0.22752713668389946), ([[50, 576], [178, 576], [178, 706], [50, 706]], '4 ,', 0.18856050244407827), ([[878, 1014], [952, 1014], [952, 1044], [878, 1044]], '내 몸이', 0.5872463699527859), ([[880, 1042], [948, 1042], [948, 1072], [880, 1072]], '망가질', 0.9737288951873779), ([[870, 1070], [946, 1070], [946, 1098], [870, 1098]], '정도로:', 0.531869113445282), ([[860, 1098], [956, 1098], [956, 1128], [860, 1128]], '격렬하게:', 0.33332239511498196), ([[872, 1126], [958, 1126], [958, 1156], [872, 1156]], '범해지는', 0.6639083623886108), ([[870, 1154], [946, 1154], [946, 1182], [870, 1182]], '것처럼:', 0.8297894597053528), ([[46, 1170], [136, 1170], [136, 1202], [46, 1202]], '엉망진창', 0.985233724117279), ([[68, 1200], [110, 1200], [110, 1224], [68, 1224]], '으로', 0.998008386665404), ([[42, 1228], [138, 1228], [138, 1258], [42, 1258]], '만들어쥐!', 0.7609704965421544)]
[([[854, 64], [902, 64], [902, 90], [854, 90]], '자아', 0.9992898994698421), ([[844, 92], [912, 92], [912, 118], [844, 118]], '아스나', 0.9991218380989801), ([[103, 15], [243, 15], [243, 223], [103, 223]], '>', 0.13051660186761982), ([[710, 118], [798, 118], [798, 148], [710, 148]], '지금부터', 0.9999493956565857), ([[732, 148], [778, 148], [778, 176], [732, 176]], '너느', 0.43067365533684493), ([[696, 174], [814, 174], [814, 204], [696, 204]], '나의 젓이다', 0.5948730256820769), ([[720, 202], [786, 202], [786, 228], [720, 228]], '나만의', 0.9999822430381455), ([[710, 230], [800, 230], [800, 260], [710, 260]], '성노예다', 0.953946590423584), ([[538, 560], [618, 560], [618, 590], [538, 590]], '알켓지?', 0.16848225891590118), ([[194, 770], [288, 770], [288, 802], [194, 802]], '괜찮켓지!', 0.2662510362161117), ([[100, 848], [168, 848], [168, 878], [100, 878]], '원하는', 0.7940683364868164), ([[890, 840], [938, 840], [938, 870], [890, 870]], '히룻', 0.13033821325017575), ([[76, 876], [192, 876], [192, 904], [76, 904]], '대로 해주지', 0.8560250146734005), ([[860, 1126], [938, 1126], [938, 1156], [860, 1156]], '그 야한', 0.9993902444839478), ([[840, 1154], [958, 1154], [958, 1184], [840, 1184]], '몸이 마음껏', 0.16320207965716413), ([[836, 1182], [960, 1182], [960, 1212], [836, 1212]], '갈 수 잇도록', 0.42829564900006845), ([[38, 1258], [134, 1258], [134, 1288], [38, 1288]], '몇 번이고', 0.9953541569287508), ([[722, 1252], [792, 1252], [792, 1282], [722, 1282]], '질내에:', 0.8362269997596741), ([[38, 1286], [134, 1286], [134, 1316], [38, 1316]], '몇 번이고', 0.9967486836007992), ([[728, 1280], [802, 1280], [802, 1308], [728, 1308]], '자궁 속', 0.610999534914429), ([[40, 1314], [84, 1314], [84, 1344], [40, 1344]], '틈뿐', 0.0799170167056794), ([[732, 1308], [798, 1308], [798, 1332], [732, 1332]], '까지도', 0.9998308288003422), ([[722, 1334], [812, 1334], [812, 1364], [722, 1364]], '주인남의', 0.7928764224052429), ([[708, 1362], [822, 1362], [822, 1392], [708, 1392]], '굵은 자지로', 0.8942545082100979)]
[([[81, 141], [225, 141], [225, 185], [81, 185]], '범해주마!', 0.42814224251403277), ([[892, 546], [954, 546], [954, 596], [892, 596]], '잇', 0.5371314360147608), ([[756, 606], [816, 606], [816, 862], [756, 862]], '%', 0.2580277433122866), ([[307, 1013], [349, 1013], [349, 1119], [307, 1119]], '{', 0.0035407670809475267), ([[97, 1123], [187, 1123], [187, 1161], [97, 1161]], '굉장해,', 0.9974268674850464), ([[74, 1156], [186, 1156], [186, 1192], [74, 1192]], '굉장해에', 0.9938443899154663), ([[824, 1174], [936, 1174], [936, 1206], [824, 1206]], '스고우씨:.', 0.5282139446415387), ([[71, 1191], [217, 1191], [217, 1227], [71, 1227]], '스고우 씨의', 0.9885532400533296), ([[824, 1206], [948, 1206], [948, 1238], [824, 1238]], '스고우씨이', 0.9748114793050514), ([[114, 1226], [174, 1226], [174, 1258], [114, 1258]], '자지', 0.9999457152906813), ([[53, 1254], [234, 1254], [234, 1292], [53, 1292]], '기분좋아아잇]', 0.5469864238424655)]
[([[874, 98], [952, 98], [952, 128], [874, 128]], '거짓말 .', 0.9724215947293172), ([[892, 126], [942, 126], [942, 152], [892, 152]], '이거', 0.9999062666956338), ([[60, 338], [130, 338], [130, 368], [60, 368]], '정말로', 0.9152657389640808), ([[78, 366], [134, 366], [134, 396], [78, 396]], '앓어!', 0.1061891856256936), ([[886, 512], [956, 512], [956, 540], [886, 540]], '지궁에', 0.8762169501947425), ([[876, 540], [946, 540], [946, 568], [876, 568]], '도착해', 0.9979359331044576), ([[693, 593], [805, 593], [805, 629], [693, 629]], '들어오고', 0.9999064207077026), ([[715, 627], [785, 627], [785, 663], [715, 663]], '있어!', 0.9315666146592113), ([[24, 894], [130, 894], [130, 922], [24, 922]], "부탁해요: '", 0.3444773719584188), ([[28, 922], [130, 922], [130, 950], [28, 950]], '스고우 씨', 0.9833917742544219), ([[894, 1244], [954, 1244], [954, 1272], [894, 1272]], '더는.', 0.430675208568573), ([[880, 1274], [962, 1274], [962, 1302], [880, 1302]], '더는 나:', 0.8021087671243939)]
[([[900, 56], [968, 56], [968, 84], [900, 84]], '내쪽도', 0.9611201463993043), ([[910, 86], [956, 86], [956, 110], [910, 110]], '이제', 0.9998623511676814), ([[778, 120], [866, 120], [866, 146], [778, 146]], '마지막: .', 0.42643625703839033), ([[900, 112], [968, 112], [968, 142], [900, 142]], '한계다', 0.9999252558645101), ([[790, 148], [856, 148], [856, 176], [790, 176]], '어디에', 0.9992033871815135), ([[194, 172], [310, 172], [310, 202], [194, 202]], '키리토 군의', 0.927374677631421), ([[780, 174], [868, 174], [868, 204], [780, 204]], '원하는지', 0.7011385560035706), ([[204, 200], [302, 200], [302, 230], [204, 230]], '눈 앞에서', 0.6577400191457843), ([[761, 202], [883, 202], [883, 232], [761, 232]], '말해보라고?', 0.9706076803240385), ([[106, 332], [152, 332], [152, 358], [106, 358]], '네가', 0.9997907894543993), ([[70, 360], [188, 360], [188, 390], [70, 390]], '어디에 사정', 0.9989440922947649), ([[84, 388], [174, 388], [174, 418], [84, 418]], '당하면서', 0.9987685084342957), ([[68, 416], [190, 416], [190, 446], [68, 446]], '가고싶은지?', 0.9173106034363262), ([[808, 780], [874, 780], [874, 806], [808, 806]], '이대로', 0.9998824469453961), ([[168, 914], [246, 914], [246, 946], [168, 946]], '미안해', 0.9997119019530689), ([[166, 946], [250, 946], [250, 976], [166, 976]], '키리트!', 0.6040168404579163), ([[854, 966], [976, 966], [976, 992], [854, 992]], '스고우 씨가 -', 0.38954970712107484), ([[864, 994], [970, 994], [970, 1020], [864, 1020]], '원하는 대로', 0.9329502418818977), ([[886, 1022], [938, 1022], [938, 1046], [886, 1046]], '나의:', 0.4715248305312851), ([[860, 1048], [978, 1048], [978, 1078], [860, 1078]], '가장 깊숙한!', 0.7059913944560737), ([[100, 1180], [152, 1180], [152, 1206], [100, 1206]], "나:'", 0.38883851069951686), ([[60, 1210], [194, 1210], [194, 1240], [60, 1240]], '스고우 씨의', 0.8242501190578152), ([[97, 1235], [156, 1235], [156, 1274], [97, 1274]], '정액', 0.9991843030744247), ([[76, 1270], [178, 1270], [178, 1302], [76, 1302]], '자궁에서', 0.8203185796737671), ([[54, 1302], [202, 1302], [202, 1334], [54, 1334]], '느끼고 싶어분', 0.29390672429801473)]
[([[770, 1006], [870, 1006], [870, 1036], [770, 1036]], '아 굉장 .', 0.9265601611856537), ([[849, 1226], [960, 1226], [960, 1257], [849, 1257]], '내: 자궁에', 0.6183801650845218), ([[30, 1256], [146, 1256], [146, 1282], [30, 1282]], '스고우 씨의', 0.9339922909252403), ([[838, 1256], [958, 1256], [958, 1284], [838, 1284]], '싸고:  있어:', 0.6008844429760026), ([[64, 1284], [114, 1284], [114, 1314], [64, 1314]], '정액:', 0.9605413334918447)]
[([[438, 468], [506, 468], [506, 494], [438, 494]], '키리토', 0.9125966254323846)]
[([[846, 132], [940, 132], [940, 158], [846, 158]], '스고우 씨', 0.9997514994161397), ([[114, 450], [174, 450], [174, 478], [114, 478]], '원가?', 0.9847064180517354), ([[764, 738], [908, 738], [908, 764], [764, 764]], '키리토의 기억:', 0.9359262832199818), ([[810, 766], [878, 766], [878, 796], [810, 796]], '오늘만', 0.6405116337695699), ([[778, 794], [908, 794], [908, 824], [778, 824]], '지워버린다면', 0.898393411542553), ([[151, 963], [215, 963], [215, 1061], [151, 1061]], '늙"', 0.020164020596964732), ([[868, 990], [962, 990], [962, 1016], [868, 1016]], '그는 다시', 0.6598689788649182), ([[870, 1016], [956, 1016], [956, 1044], [870, 1044]], '이곳으로', 0.9993882179260254), ([[882, 1044], [948, 1044], [948, 1074], [882, 1074]], '오제조', 0.20706748962402344), ([[189, 1071], [227, 1071], [227, 1115], [189, 1115]], '"', 0.012810865233687574), ([[69, 1228], [160, 1228], [160, 1261], [69, 1261]], '그러니까', 0.99973064661026), ([[436, 1276], [532, 1276], [532, 1306], [436, 1306]], '나 같은것', 0.8400693447733791), ([[448, 1304], [518, 1304], [518, 1334], [448, 1334]], '때문에', 0.9393766795525883)]
[([[640, 152], [776, 152], [776, 180], [640, 180]], '키리토의 안에', 0.9739536350072191), ([[640, 180], [736, 180], [736, 208], [640, 208]], '나의 기억', 0.9948155959774003), ([[549, 551], [621, 551], [621, 591], [549, 591]], '전부', 0.9999910648798075), ([[528, 588], [642, 588], [642, 630], [528, 630]], '지위쥐!', 0.47312554717063904), ([[298, 842], [378, 842], [378, 890], [298, 890]], '뭐?', 0.9999129257213661), ([[895, 835], [945, 835], [945, 873], [895, 873]], '응?', 0.9997151834790368), ([[452, 1250], [540, 1250], [540, 1280], [452, 1280]], '그렇계는', 0.5177893042564392), ([[452, 1278], [540, 1278], [540, 1308], [452, 1308]], '안되논데', 0.9660137891769409)]
[([[172, 106], [262, 106], [262, 138], [172, 138]], '안되안되', 0.9992627501487732), ([[860, 104], [978, 104], [978, 134], [860, 134]], '나는 당신의', 0.8594865433111791), ([[422, 124], [512, 124], [512, 154], [422, 154]], '키리토는', 0.9841660857200623), ([[864, 132], [976, 132], [976, 162], [864, 162]], '것이찮아?!', 0.3656649530602933), ([[418, 152], [518, 152], [518, 182], [418, 182]], '이제 상관', 0.9182691513693626), ([[430, 180], [508, 180], [508, 210], [430, 210]], '없잖아!', 0.3495739996433258), ([[66, 226], [160, 226], [160, 256], [66, 256]], '그는 다시', 0.5887865879019828), ([[42, 254], [188, 254], [188, 284], [42, 284]], '여기로 와 쥐야', 0.9626089097415452), ([[80, 282], [148, 282], [148, 312], [80, 312]], '한다고', 0.9215346574783325), ([[364, 574], [434, 574], [434, 602], [364, 602]], '어째서', 0.9997805186585348), ([[372, 602], [426, 602], [426, 630], [372, 630]], '그런!', 0.9626642409647008), ([[164, 878], [254, 878], [254, 908], [164, 908]], '그러니까', 0.999818742275238), ([[834, 872], [972, 872], [972, 904], [834, 904]], '아스나의 몸은', 0.9655394617952957), ([[836, 900], [972, 900], [972, 932], [836, 932]], '나의 것이라도', 0.9389325815303953), ([[742, 1140], [856, 1140], [856, 1172], [742, 1172]], '마음은 아직', 0.996259728742074), ([[74, 1164], [190, 1164], [190, 1194], [74, 1194]], '그룹 완전히', 0.7910816201325844), ([[742, 1170], [858, 1170], [858, 1200], [742, 1200]], '키리토 군의', 0.8764130536410101), ([[88, 1192], [174, 1192], [174, 1222], [88, 1222]], '잊으려면', 0.9708572030067444), ([[749, 1197], [849, 1197], [849, 1227], [749, 1227]], '것이찮아?', 0.3006842665939874), ([[84, 1220], [180, 1220], [180, 1250], [84, 1250]], '몇 번이고', 0.9971641949045263), ([[60, 1248], [206, 1248], [206, 1278], [60, 1278]], '그의 눈 앞에서', 0.7367850008363731)]
[([[869, 115], [927, 115], [927, 151], [869, 151]], '너름', 0.5203436053235551), ([[839, 147], [959, 147], [959, 185], [839, 185]], '범활거야!', 0.6807746617707836), ([[36, 384], [64, 384], [64, 410], [36, 410]], '그', 0.686610193859516), ([[36, 414], [64, 414], [64, 446], [36, 446]], '헌', 0.3873064371737769), ([[654, 744], [680, 744], [680, 772], [654, 772]], '히', 0.9803466549824579), ([[266, 970], [296, 970], [296, 1000], [266, 1000]], '차', 0.10975751148809909), ([[801, 995], [859, 995], [859, 1031], [801, 1031]], '무짓', 0.39801862977593194), ([[146, 1044], [196, 1044], [196, 1094], [146, 1094]], '하', 0.9998155917314513), ([[146, 1130], [198, 1130], [198, 1324], [146, 1324]], '삶', 0.0048677667311949335), ([[682, 1206], [730, 1206], [730, 1236], [682, 1236]], '히룻', 0.14230910977249828), ([[54, 1388], [110, 1388], [110, 1412], [54, 1412]], '서시퍽', 0.0030387213123065993)]
[([[440, 668], [566, 668], [566, 802], [440, 802]], '별', 0.7110447893806828), ([[433, 799], [499, 799], [499, 813], [433, 813]], '6;', 0.06220281731560145), ([[503, 799], [573, 799], [573, 813], [503, 813]], '~:어름6 =', 0.0010174452343864819), ([[384, 1210], [639, 1210], [639, 1229], [384, 1229]], '[표#,섯과히 > 터거리 옛>득', 1.3667310250534225e-06), ([[440, 1230], [582, 1230], [582, 1254], [440, 1254]], '-미미괴므분55', 0.0005133830586184482)]
