813292
35
[([[44, 20], [168, 20], [168, 243], [44, 243]], '몇출', 0.007021843479588455), ([[523, 775], [577, 775], [577, 791], [523, 791]], '어1', 0.003424254644281291), ([[524, 790], [578, 790], [578, 820], [524, 820]], '48', 0.05855725564250782), ([[524, 815], [579, 815], [579, 834], [524, 834]], '묘스부', 0.19819989967888998)]
[([[466, 110], [532, 110], [532, 134], [466, 134]], '아무래도', 0.9999368786811829), ([[474, 136], [526, 136], [526, 162], [474, 162]], '사랑에', 0.9973321808404076), ([[456, 164], [540, 164], [540, 188], [456, 188]], '빠져버린 것', 0.9602196919314877), ([[464, 190], [532, 190], [532, 214], [464, 214]], '같습니다.', 0.5941248302760623), ([[148, 300], [282, 300], [282, 328], [148, 328]], '저논 그냥 평범한', 0.5858790949465349), ([[158, 332], [270, 332], [270, 362], [158, 362]], '고등학생으로', 0.8674847694012429), ([[156, 364], [276, 364], [276, 392], [156, 392]], '올해 19살이라', 0.977174422322481), ([[159, 396], [269, 396], [269, 424], [159, 424]], '3학년입니다.', 0.8348950762891438), ([[92, 662], [154, 662], [154, 688], [92, 688]], '형제 중', 0.999844700676884), ([[82, 694], [162, 694], [162, 722], [82, 722]], '형이지만 ,', 0.5745129512320876), ([[82, 726], [162, 726], [162, 752], [82, 752]], '오히려 늘', 0.9997197179838753), ([[76, 758], [168, 758], [168, 784], [76, 784]], '보살필받고', 0.09746720983641731), ([[82, 790], [162, 790], [162, 818], [82, 818]], '있습니다.', 0.9436975615236078)]
[([[534, 68], [586, 68], [586, 92], [534, 92]], '아무리', 0.9999075679051405), ([[514, 96], [604, 96], [604, 120], [514, 120]], '생각해 보도', 0.5987692753517874), ([[40, 122], [112, 122], [112, 146], [40, 146]], '그 상대가', 0.9705247641188429), ([[534, 122], [586, 122], [586, 146], [534, 146]], '사랑에', 0.9965591742167198), ([[57, 151], [99, 151], [99, 171], [57, 171]], '저의 .', 0.9918514490127563), ([[512, 148], [602, 148], [602, 172], [512, 172]], '빠져버린 것', 0.571711491996734), ([[36, 176], [120, 176], [120, 200], [36, 200]], "'동생입니다.", 0.5983826145971161), ([[518, 176], [604, 176], [604, 200], [518, 200]], '같습니다만', 0.7477949631526176), ([[530, 334], [580, 334], [580, 360], [530, 360]], '녀석은', 0.8586734934234208), ([[532, 362], [582, 362], [582, 386], [532, 386]], '언제나', 0.9999757046326001), ([[520, 388], [590, 388], [590, 412], [520, 412]], '제 곁에서', 0.5816596853584673), ([[537, 417], [571, 417], [571, 437], [537, 437]], '저클', 0.5583963818380625), ([[512, 440], [596, 440], [596, 466], [512, 466]], '돌화 줍니다', 0.7309406580665837), ([[92, 658], [158, 658], [158, 682], [92, 682]], '아무것도', 0.9959062337875366), ([[64, 684], [186, 684], [186, 710], [64, 710]], '할 줄 아느게 없는', 0.5973872450544175), ([[80, 712], [164, 712], [164, 736], [80, 736]], '저입니다만.', 0.7434399800617614), ([[99, 763], [151, 763], [151, 791], [99, 791]], '동생은', 0.9992380028000523), ([[74, 792], [176, 792], [176, 816], [74, 816]], '그런 저에게도', 0.9072586089405068)]
[([[54, 63], [299, 63], [299, 139], [54, 139]], '#캠모므', 0.012311683036386967), ([[87, 137], [245, 137], [245, 175], [87, 175]], '7+1- +374"', 0.2906619281340464)]
[([[113, 91], [131, 91], [131, 113], [113, 113]], '음', 0.9979505321674687), ([[129, 489], [159, 489], [159, 505], [129, 505]], '으으', 0.9986127234637617), ([[518, 476], [618, 476], [618, 506], [518, 506]], '아라구마', 0.9954007863998413), ([[528, 508], [606, 508], [606, 538], [528, 538]], '초토무', 0.24500288886097096), ([[84, 528], [120, 528], [120, 552], [84, 552]], '벌써', 0.9999248951420475), ([[542, 536], [587, 536], [587, 564], [542, 564]], '(19)', 0.9395607672221064), ([[70, 558], [136, 558], [136, 582], [70, 582]], '아침이네', 0.8003458380699158), ([[545, 573], [587, 573], [587, 593], [545, 593]], '고 3', 0.9994692802429199), ([[81.02985749985467, 218.11942999941868], [149.72906223207488, 227.55290122337394], [142.97014250014533, 265.8805700005813], [75.27093776792512, 256.4470987766261]], '%)', 0.025044893636085003)]
[([[59, 211], [93, 211], [93, 231], [59, 231]], '하아', 0.9999602978995441), ([[56, 782], [94, 782], [94, 806], [56, 806]], '아아.', 0.5338408003127422), ([[311.13600260995935, 789.0752148767684], [375.8300437340834, 811.7074530852453], [359.86399739004065, 855.9247851232316], [295.1699562659166, 833.2925469147547]], '[', 0.1632704132448204)]
[([[318, 92], [352, 92], [352, 116], [318, 116]], '으음', 0.9883761455232537), ([[122, 698], [160, 698], [160, 722], [122, 722]], '좋아', 0.9905476303744666)]
[([[194, 42], [236, 42], [236, 66], [194, 66]], '형-!', 0.9936690920938621), ([[178, 74], [252, 74], [252, 98], [178, 98]], '일어낫어?', 0.7558524407569003), ([[534, 370], [612, 370], [612, 394], [534, 394]], '밥다 뒷어!', 0.31762092249809926), ([[540, 402], [610, 402], [610, 426], [540, 426]], '빨리 와서', 0.7893100795131257), ([[45, 435], [77, 435], [77, 453], [45, 453]], '13온', 0.036416307550034076), ([[546, 434], [604, 434], [604, 458], [546, 458]], '밥 먹어.', 0.9929957747857242), ([[449, 685], [505, 685], [505, 705], [449, 705]], '혀엉-!', 0.7224768996238708), ([[453, 717], [501, 717], [501, 737], [453, 737]], '아직도', 0.9999178916117416), ([[28, 740], [132, 740], [132, 770], [28, 770]], '아라구마', 0.9509105086326599), ([[432, 746], [524, 746], [524, 770], [432, 770]], '안 일어낫어?', 0.8587364572162907), ([[38, 772], [116, 772], [116, 802], [38, 802]], '초토무', 0.18209262113332583), ([[54, 802], [96, 802], [96, 828], [54, 828]], '(14)', 0.9960526823997498), ([[54, 834], [80, 834], [80, 860], [54, 860]], '중', 0.9999029659923195), ([[529.1914939927781, 763.0468483378912], [628.9664811386518, 807.3157920310252], [602.8085060072219, 862.9531516621088], [503.03351886134817, 819.6842079689748]], '세', 0.029439124280179252)]
[([[363, 547], [397, 547], [397, 563], [363, 563]], '하하', 0.9993432466967607), ([[32, 636], [102, 636], [102, 660], [32, 660]], '잠그는 걸', 0.2626603851846132), ([[34, 668], [100, 668], [100, 692], [34, 692]], '잊없다 ', 0.7294850945472717)]
[([[315, 105], [371, 105], [371, 125], [315, 125]], '우아악!', 0.9915542006492615), ([[292, 134], [392, 134], [392, 158], [292, 158]], '미미미 미인해', 0.8514945985946273), ([[327, 169], [359, 169], [359, 189], [327, 189]], '형! !', 0.842130377094337), ([[521, 366], [592, 366], [592, 393], [521, 393]], '으으아!! !', 0.7389468372483504), ([[532, 402], [582, 402], [582, 426], [532, 426]], '일어나', 0.9972624170675599), ([[524, 432], [588, 432], [588, 456], [524, 456]], '있없으면', 0.4244718849658966), ([[508, 464], [604, 464], [604, 488], [508, 488]], '대답 좀 하지!', 0.9966838524732466), ([[100.97228394637953, 463.058870333502], [220.42977574820205, 488.8474009396968], [200.02771605362045, 567.941129666498], [80.57022425179795, 541.1525990603033]], '질로부', 0.003826698664216506)]
[([[510, 44], [580, 44], [580, 68], [510, 68]], '이 녀석이', 0.867671840945448), ([[492, 76], [594, 76], [594, 100], [492, 100]], "'제 동생입니다.", 0.6297025494310124), ([[512, 140], [578, 140], [578, 164], [512, 164]], '좋아하면', 0.9910613894462585), ([[502, 172], [586, 172], [586, 196], [502, 196]], '안되다는 건', 0.937940831966219), ([[516, 204], [570, 204], [570, 228], [516, 228]], '알지만 .', 0.9151875263046942), ([[57, 303], [91, 303], [91, 323], [57, 323]], '저도', 0.9999895475975691), ([[38, 334], [110, 334], [110, 358], [38, 358]], '어절 수개', 0.9739247805015253), ([[42, 366], [106, 366], [106, 390], [42, 390]], '없습니다', 0.7910087477867824), ([[438, 550], [522, 550], [522, 574], [438, 574]], '저희 가족은', 0.8862638827781322), ([[422, 582], [536, 582], [536, 606], [422, 606]], '맞벌이 가정으로', 0.8903281191289937), ([[440, 614], [522, 614], [522, 638], [440, 638]], '부모님께서', 0.9556978963742335), ([[424, 646], [540, 646], [540, 670], [424, 670]], '바쁘시기 때문에', 0.5151522740687857), ([[88, 666], [124, 666], [124, 690], [88, 690]], '저논', 0.5219414837357612), ([[416, 678], [546, 678], [546, 702], [416, 702]], '대부분의 집안일은', 0.9994795479334314), ([[46, 698], [166, 698], [166, 722], [46, 722]], '학교 가능 것밖에', 0.707301844847905), ([[428, 710], [532, 710], [532, 734], [428, 734]], '동생이 합니다.', 0.9482782484675927), ([[60, 730], [150, 730], [150, 754], [60, 754]], '할 줄 모르는', 0.740361177281635), ([[52, 762], [166, 762], [166, 786], [52, 786]], '심한 녀석이구요', 0.8713572614864166), ([[611, 883], [635, 883], [635, 903], [611, 903]], '10', 0.9999364431440291)]
[([[529, 87], [549, 87], [549, 109], [529, 109]], '음', 0.9995755407708806), ([[500, 118], [586, 118], [586, 142], [500, 142]], '저희 이름이', 0.8621103279093171), ([[508, 150], [578, 150], [578, 174], [508, 174]], '왜 같은지', 0.920688328597147), ([[496, 182], [590, 182], [590, 206], [496, 206]], '궁금하실렌데', 0.43440424760340857), ([[408, 482], [458, 482], [458, 506], [408, 506]], '이름은', 0.999181571854349), ([[260, 492], [382, 492], [382, 516], [260, 516]], '"형제는 사이공게', 0.6060451530648103), ([[246, 524], [396, 524], [396, 548], [246, 548]], '서로률 돕고 의지하다', 0.451861537518563), ([[162, 552], [244, 552], [244, 576], [162, 576]], '어머니께서', 0.3185530604999043), ([[260, 556], [382, 556], [382, 580], [260, 580]], '살아가야 한단다"', 0.9226274673232264), ([[187, 585], [221, 585], [221, 605], [187, 605]], '지어', 0.9997043948030361), ([[279, 589], [363, 589], [363, 609], [279, 609]], '라고 하시미', 0.27965559822679975), ([[164, 616], [244, 616], [244, 640], [164, 640]], '주석습니다', 0.6737106461713063), ([[60, 756], [126, 756], [126, 780], [60, 780]], '결국 저논', 0.5593012167576613), ([[59, 791], [127, 791], [127, 811], [59, 811]], '그 반대가', 0.5776169036707616), ([[53, 823], [129, 823], [129, 843], [53, 843]], '되없지만요', 0.41371260196601234), ([[192.34863285439877, -5.969628457933128], [245.70651850589238, -20.964253843796303], [283.6513671456012, 114.96962845793313], [230.29348149410762, 130.9642538437963]], '닭', 0.8053037984875324), ([[25.56061656933711, 9.013803452460065], [79.36408983932911, -6.990524915118843], [134.4393834306629, 181.98619654753995], [81.63591016067089, 198.99052491511884]], '닭', 0.5208999484692676), ([[59.162681821950564, 256.0502591221897], [347.84144570310866, 131.14286218840533], [363.83731817804943, 186.94974087781034], [74.15855429689132, 311.85713781159467]], '초토무 스토무', 0.14558625266206515)]
[([[530, 80], [600, 80], [600, 104], [530, 104]], '뭐 어쨌든', 0.9985508016561178), ([[530, 112], [600, 112], [600, 136], [530, 136]], '저논 지금', 0.716914006201756), ([[155, 143], [173, 143], [173, 165], [155, 165]], '음', 0.9998620796078264), ([[532, 142], [598, 142], [598, 168], [532, 168]], '좋아하는', 0.8381529450416565), ([[128, 174], [208, 174], [208, 198], [128, 198]], '상관없다고', 0.8843849070241744), ([[532, 174], [598, 174], [598, 200], [532, 200]], '사람에게', 0.8435261249542236), ([[120, 206], [216, 206], [216, 230], [120, 230]], '생각하실지도', 0.9998166676765935), ([[542, 206], [590, 206], [590, 232], [542, 232]], '알몸올', 0.6246799493894084), ([[136, 238], [202, 238], [202, 262], [136, 262]], '모르지만', 0.9930389523506165), ([[541, 241], [589, 241], [589, 261], [541, 261]], '보여준', 0.8271720813318428), ([[530, 270], [596, 270], [596, 294], [530, 294]], '셈입니다.', 0.9229955676882245), ([[50, 364], [98, 364], [98, 388], [50, 388]], '문제는', 0.8504916098023072), ([[511, 641], [577, 641], [577, 661], [511, 661]], '첫번째로', 0.9990484714508057), ([[328, 649], [409, 649], [409, 690], [328, 690]], '보 건', 0.3127564787864685), ([[490, 670], [602, 670], [602, 696], [490, 696]], '사춘기 성교육올', 0.8986963683507533), ([[504, 702], [588, 702], [588, 728], [504, 728]], '받을 시기인', 0.628446237041988), ([[86, 740], [122, 740], [122, 764], [86, 764]], '형이', 0.9770062621000285), ([[512, 736], [580, 736], [580, 760], [512, 760]], '동생에게', 0.7822772264480591), ([[42, 772], [160, 772], [160, 796], [42, 796]], '이런 추한 모습올', 0.9881647225163513), ([[62, 804], [130, 804], [130, 828], [62, 828]], '보/으니.', 0.3983608691075793), ([[611, 887], [633, 887], [633, 903], [611, 903]], '12', 0.9999996628252286)]
[([[524, 70], [576, 70], [576, 94], [524, 94]], '게다가', 0.8460425496683954), ([[508, 102], [592, 102], [592, 126], [508, 126]], '동생 녀석이', 0.9176906241654361), ([[498, 134], [600, 134], [600, 158], [498, 158]], '요리할 때 보면', 0.9607356161160984), ([[516, 166], [584, 166], [584, 190], [516, 190]], '엄청나게', 0.98774653673172), ([[502, 198], [596, 198], [596, 222], [502, 222]], "'천진난만해서", 0.9951295730960725), ([[250, 304], [332, 304], [332, 328], [250, 328]], '바보인건지', 0.912484695707475), ([[244, 336], [328, 336], [328, 360], [244, 360]], '순수한건지.', 0.9477465479104304), ([[248, 368], [334, 368], [334, 392], [248, 392]], '자신의 성인', 0.9913064863711162), ([[237, 397], [344, 397], [344, 425], [237, 425]], '"아라루마"와는', 0.7011788053463662), ([[242, 432], [342, 432], [342, 456], [242, 456]], '완전히 딴판인', 0.32297617356648606), ([[252, 464], [320, 464], [320, 488], [252, 488]], '성격이고', 0.963536262512207), ([[536, 636], [586, 636], [586, 660], [536, 660]], '녀석올', 0.7138794696265132), ([[520, 668], [604, 668], [604, 692], [520, 692]], "'보고 있으면", 0.6557094430918923), ([[536, 700], [588, 700], [588, 724], [536, 724]], '어쩐지', 0.9997949716057268), ([[512, 732], [612, 732], [612, 756], [512, 756]], '이상한 기분이', 0.9563583627184155), ([[84, 748], [126, 748], [126, 772], [84, 772]], '하아', 0.9999787580544308), ([[510, 764], [606, 764], [606, 788], [510, 788]], '들어버럽니다', 0.3193294366609442), ([[66, 780], [148, 780], [148, 804], [66, 804]], '피곤하다 ..', 0.6880563928124764), ([[11, 879], [35, 879], [35, 899], [11, 899]], '13', 0.9996623361495459), ([[312, 878], [632, 878], [632, 902], [312, 902]], '*식자 주 : "아라루마(속#)는 "거친 곰"이라는 뜻의 한자.', 0.19853537629782944)]
[([[296, 754], [376, 754], [376, 778], [296, 778]], '죽어버로네', 0.4747786495176173), ([[451, 813], [485, 813], [485, 833], [451, 833]], '하아', 0.9999192475932576)]
[([[7, 879], [33, 879], [33, 899], [7, 899]], '15', 0.968509864541119)]
[([[535, 319], [579, 319], [579, 357], [535, 357]], '552', 0.2281261523412794), ([[44, 722], [124, 722], [124, 746], [44, 746]], "'마지막으로", 0.998084931003051), ([[65, 755], [103, 755], [103, 775], [65, 775]], '뻔 게', 0.7768197059631348), ([[46, 786], [112, 786], [112, 810], [46, 810]], '언제더라.', 0.5524549477953942), ([[609, 881], [635, 881], [635, 901], [609, 901]], '16', 0.4312906847543272)]
[([[64, 188], [116, 188], [116, 212], [64, 212]], '밥이나', 0.4415585678835258), ([[42, 220], [124, 220], [124, 244], [42, 244]], '먹어야켓다.', 0.9674936814148299), ([[554, 498], [582, 498], [582, 522], [554, 522]], '응?', 0.9996509576449903), ([[221, 777], [289, 777], [289, 797], [221, 797]], '이 대낮에', 0.7537449845028057), ([[220, 806], [270, 806], [270, 832], [220, 832]], '목욕올', 0.9721093007638291), ([[340.41104280600854, 179.38098133141622], [586.0787979270522, 87.15299877661828], [614.5889571939915, 181.61901866858378], [368.9212020729479, 274.8470012233817]], '&풍하액)', 0.0003209653662129511), ([[385.0248140489501, 145.502481404895], [480.4373801395669, 105.36896464130257], [497.9751859510499, 147.497518595105], [402.5626198604331, 187.63103535869743]], '올표', 0.43216007075466784), ([[49.30696306908126, 515.0300752944345], [185.99164027367289, 583.6343693992437], [152.69303693091874, 645.9699247055655], [17.008359726327104, 577.3656306007563]], ',스스', 0.01829515514571733)]
[([[438, 744], [486, 744], [486, 772], [438, 772]], '7구7', 0.3814389634042632), ([[611, 887], [635, 887], [635, 903], [611, 903]], '18', 0.8665891416457024), ([[343.23034215711596, 130.07474500129138], [439.9411418151644, 150.3163325422674], [430.76965784288404, 188.92525499870862], [334.0588581848356, 168.6836674577326]], '49소9', 0.16236332058906555)]
[([[492, 90], [528, 90], [528, 114], [492, 114]], '안에.', 0.9621776701934863), ([[16, 334], [112, 334], [112, 430], [16, 430]], '(', 0.22964835497024083), ([[511, 561], [601, 561], [601, 655], [511, 655]], '73', 0.03680852704566121), ([[11, 877], [35, 877], [35, 897], [11, 897]], '19', 0.5550983490380417), ([[147.99099080900552, 154.1747742652155], [187.83157506909805, 163.00894872581569], [182.00900919099448, 187.8252257347845], [142.16842493090195, 178.99105127418431]], '3비', 0.0018282529492061558), ([[335.2572186472918, 360.1430466182295], [381.9276222405084, 367.4668278909232], [377.7427813527082, 388.8569533817705], [331.0723777594916, 381.5331721090768]], '들저 키', 0.009135639208254057)]
[([[183, 279], [225, 279], [225, 327], [183, 327]], '웃', 0.9701903892504369), ([[234, 560], [290, 560], [290, 584], [234, 584]], '나 대체', 0.825869894933545), ([[214, 592], [300, 592], [300, 616], [214, 616]], '뭐하느거지', 0.47662398027182085), ([[609, 885], [633, 885], [633, 903], [609, 903]], '20', 0.9999957853177504)]
[([[73, 87], [119, 87], [119, 125], [73, 125]], '곧구', 0.0515079573529327), ([[178, 228], [244, 228], [244, 252], [178, 252]], '비.-7~}', 0.0035068600245264244), ([[168, 260], [252, 260], [252, 284], [168, 284]], '녹아버길 것', 0.6767492488508069), ([[182, 292], [240, 292], [240, 316], [182, 316]], '같아~5', 0.6256603598594666), ([[34, 402], [110, 402], [110, 434], [34, 434]], '{"서  `', 0.3505404329538169), ([[60, 440], [122, 440], [122, 470], [60, 470]], '~"\' \'', 0.3038240109051865), ([[568, 620], [596, 620], [596, 644], [568, 644]], '응?', 0.9992322550627621), ([[332, 632], [382, 632], [382, 658], [332, 658]], '형인가', 0.9962764373167715), ([[9, 881], [33, 881], [33, 901], [9, 901]], '21', 0.9997301865382844), ([[405, 887], [457, 887], [457, 905], [405, 905]], '*식자 주', 0.9784941104715575), ([[469, 887], [539, 887], [539, 905], [469, 905]], "'하룻네 미구", 0.6773406456964771), ([[547, 887], [633, 887], [633, 905], [547, 905]], '-.네7의 가사', 0.009431732060363098)]
[([[243, 31], [285, 31], [285, 79], [243, 79]], '="', 0.025273678467509695), ([[570, 502], [594, 502], [594, 528], [570, 528]], '@', 0.9861489714936056), ([[280, 650], [350, 650], [350, 674], [280, 674]], '오늘 아침', 0.9529007284160872), ([[288, 680], [340, 680], [340, 706], [288, 706]], '건디선', 0.5628156885145972), ([[276, 712], [354, 712], [354, 736], [276, 736]], '최약이네 .', 0.2671863428851568), ([[48, 752], [100, 752], [100, 776], [48, 776]], '아침에', 0.978042403106917), ([[24, 784], [126, 784], [126, 808], [24, 808]], '[못햇당 일이나', 0.32293486760477036), ([[28, 816], [110, 816], [110, 840], [28, 840]], '끝내아켓다,', 0.5592629239844976), ([[611, 885], [635, 885], [635, 903], [611, 903]], '22', 0.9999994942378553), ([[287.0237203470788, 24.068414464259135], [385.6975118663707, 48.96448168767166], [368.9762796529212, 108.93158553574087], [270.3024881336293, 84.03551831232834]], '털익(/', 0.02008386328816414), ([[272.0939460213589, 420.10396789184324], [302.542875285166, 405.0370104182882], [333.9060539786411, 470.89603210815676], [302.457124714834, 485.9629895817118]], '늄', 0.04712681112105899)]
[([[451, 93], [489, 93], [489, 131], [451, 131]], '장0', 0.018761927413840675), ([[9, 883], [35, 883], [35, 903], [9, 903]], '23', 0.9999996628252286), ([[469.46153846153845, 352.3076923076923], [496.65759594922145, 334.05442430467144], [528.5384615384615, 383.6923076923077], [502.34240405077855, 401.94557569532856]], '또:', 0.3425812351176453), ([[462.6107425767056, 392.24900495710517], [488.64710010826593, 375.05268933957785], [520.3892574232943, 426.75099504289483], [493.35289989173407, 443.94731066042215]], '또', 0.7276747668020676), ([[479.15028142267585, 555.0912945443088], [505.5151543239092, 539.033311705899], [544.8497185773242, 608.9087054556912], [518.4848456760908, 623.966688294101]], '죽', 0.08782447200971522)]
[([[290, 84], [326, 84], [326, 108], [290, 108]], '옷씨', 0.2362803303225696), ([[224, 506], [260, 506], [260, 530], [224, 530]], '후우', 0.9917568748539015), ([[611, 885], [635, 885], [635, 903], [611, 903]], '24', 0.9999993256504904), ([[9.05591749835296, 59.401302994070655], [69.73170911576152, 2.0243632635773015], [164.94408250164705, 116.59869700592935], [104.26829088423848, 173.9756367364227]], '$', 0.2071682037670861)]
[([[573, 165], [591, 165], [591, 187], [573, 187]], '웃', 0.49253627541942535), ([[133, 275], [151, 275], [151, 297], [133, 297]], '응', 0.9997039060459088), ([[174, 480], [232, 480], [232, 506], [174, 506]], '대단해.', 0.996293306350708), ([[504, 670], [528, 670], [528, 694], [504, 694]], '아', 0.9998021223692035), ([[430, 794], [466, 794], [466, 818], [430, 818]], '흐웃', 0.4670973377676653), ([[11, 883], [35, 883], [35, 901], [11, 901]], '25', 0.9999960381985386), ([[458.34240405077855, 165.05442430467141], [505.89122485874145, 205.07351789077583], [482.65759594922145, 232.94557569532859], [435.10877514125855, 191.92648210922417]], '+0', 0.9967363614024022), ([[483.34240405077855, 220.05442430467141], [528.9017640082708, 260.1189565142614], [504.65759594922145, 287.94557569532856], [459.09823599172915, 247.8810434857386]], '+0', 0.9980248961094436)]
[([[55, 441], [91, 441], [91, 461], [55, 461]], '하아', 0.999960550777704), ([[507, 593], [541, 593], [541, 613], [507, 613]], '하아', 0.9999650182949482), ([[58, 658], [96, 658], [96, 682], [58, 682]], '하아', 0.9999539759516374), ([[611, 883], [637, 883], [637, 903], [611, 903]], '26', 0.62214446467796), ([[403.1702161049534, 83.03833393349645], [540.9210511061438, 134.81052651918083], [510.8297838950466, 208.96166606650354], [373.0789488938563, 157.18947348081917]], '> ', 0.03683594521793954)]
[([[167, 527], [205, 527], [205, 563], [167, 563]], '27', 0.32247698731203206), ([[9, 885], [35, 885], [35, 905], [9, 905]], '27', 0.9999991570631338)]
[([[541, 319], [577, 319], [577, 339], [541, 339]], '하아', 0.9999588649236593), ([[290, 352], [324, 352], [324, 376], [290, 376]], '으응', 0.9997842992436492), ([[452, 660], [494, 660], [494, 684], [452, 684]], '하아', 0.9999837313552349), ([[613, 883], [637, 883], [637, 903], [613, 903]], '28', 0.9999990727694587)]
[([[302, 132], [338, 132], [338, 156], [302, 156]], '후우', 0.9918777137452868), ([[500, 292], [570, 292], [570, 316], [500, 316]], '이런 생각', 0.9910657813425067), ([[492, 324], [576, 324], [576, 348], [492, 348]], '하면 활수록', 0.9604484053350099), ([[50, 342], [126, 342], [126, 366], [50, 366]], '형으로서의', 0.9025605548285431), ([[486, 356], [582, 356], [582, 380], [486, 380]], '우울해지기만', 0.993744028233527), ([[36, 374], [134, 374], [134, 398], [36, 398]], '죄책감이켓지,', 0.8805180549204786), ([[511, 389], [545, 389], [545, 409], [511, 409]], '하고', 0.9999854172215584), ([[46, 406], [134, 406], [134, 430], [46, 430]], '아니면 그냥', 0.9998799855873464), ([[50, 438], [130, 438], [130, 462], [50, 462]], '현자타임일', 0.9940945388736122), ([[56, 470], [120, 470], [120, 494], [56, 494]], '뿐인가.', 0.9051974415779114), ([[9, 879], [35, 879], [35, 899], [9, 899]], '29', 0.9404638699195415)]
[([[611, 883], [635, 883], [635, 899], [611, 899]], '30', 0.9999998314126102)]
[([[370, 212], [478, 212], [478, 236], [370, 236]], '옛날 일 같은 건', 0.711124779055106), ([[388, 244], [458, 244], [458, 268], [388, 268]], '이미 전부', 0.9869062821820823), ([[376, 276], [462, 276], [462, 300], [376, 300]], '잊어버럿어.', 0.5598859055711038), ([[100, 600], [166, 600], [166, 624], [100, 624]], '모르젯다', 0.3062264323234558), ([[39, 773], [117, 773], [117, 817], [39, 817]], '계속', 0.9994566017884221)]
[([[258, 76], [384, 76], [384, 124], [258, 124]], '후일담', 0.9046579695475686), ([[182, 164], [460, 164], [460, 194], [182, 194]], '안녕하세요 , 하나미입니다!', 0.9452892016857914), ([[166, 196], [476, 196], [476, 228], [166, 228]], '두번째   책이 나와네요 ! 와아!', 0.38153102183316573), ([[122, 228], [382, 228], [382, 260], [122, 260]], '[무직육철나+이] 틀 이어서', 0.08724318925373654), ([[392, 228], [520, 228], [520, 260], [392, 260]], '그리지 양고', 0.6039985966157305), ([[90, 260], [160, 260], [160, 288], [90, 288]], '새로운', 0.5439897179603577), ([[170, 260], [264, 260], [264, 290], [170, 290]], '이야기틀', 0.29910820722579956), ([[272, 260], [414, 260], [414, 290], [272, 290]], '하게 된 것은', 0.4292763550131528), ([[456, 260], [532, 260], [532, 292], [456, 292]], '뭐활까', 0.2095500462070916), ([[118, 292], [330, 292], [330, 324], [118, 324]], '같은 캐릭터로 그락', 0.42648148072350406), ([[336, 292], [534, 292], [534, 324], [336, 324]], "모티브가 없없다! '", 0.86364527699456), ([[188, 324], [344, 324], [344, 356], [188, 356]], '라고나 할까요', 0.8643810784601313), ([[382, 324], [432, 324], [432, 352], [382, 352]], '후후', 0.9993287510012273), ([[96, 356], [280, 356], [280, 384], [96, 384]], '역시 누가 뭐래도', 0.5290576414944359), ([[289, 355], [538, 355], [538, 388], [289, 388]], '모티브는 중요하니까요 ', 0.7256397517321141), ([[118, 388], [148, 388], [148, 412], [118, 412]], '예', 0.9999432571831335), ([[152, 383], [335, 383], [335, 421], [152, 421]], '중요하고 말고요 .', 0.9434229090622437), ([[346, 388], [424, 388], [424, 418], [346, 418]], '아무럼', 0.4617458400708833), ([[438, 388], [516, 388], [516, 420], [438, 420]], '그렇조 ,', 0.9104671726472487), ([[107, 417], [537, 417], [537, 455], [107, 455]], '아직 만화 그리논   게 익숙하지논 않지만', 0.4478053506724784), ([[181, 452], [275, 452], [275, 478], [181, 478]], '화주서서', 0.9893730282783508), ([[283, 449], [463, 449], [463, 485], [283, 485]], '늘_감사드컵니다', 0.6935522321371592), ([[55, 619], [353, 619], [353, 660], [55, 660]], '#4-118 : #로#주 구', 0.1199533711700217), ([[55, 651], [141, 651], [141, 687], [55, 687]], '#하#', 0.024189941922221247), ([[161, 651], [345, 651], [345, 687], [161, 687]], '#: # ((+ `)', 0.0877321533876477), ([[55, 683], [137, 683], [137, 719], [55, 719]], '#;주터', 0.009345980361104012), ([[159, 683], [247, 683], [247, 719], [159, 719]], '20724', 0.2881048166098914), ([[255, 683], [365, 683], [365, 719], [255, 719]], '127 37료', 0.10427414673781807), ([[54, 768], [136, 768], [136, 800], [54, 800]], '[;*;굶', 0.022240631279563917), ([[154, 768], [246, 768], [246, 800], [154, 800]], '365840', 0.9997841566697263), ([[54, 800], [160, 800], [160, 830], [54, 830]], '+탄;++같<', 0.0012061763389393904), ([[180, 795], [333, 795], [333, 831], [180, 831]], '^쟁300506', 0.0020469594532742507), ([[53, 825], [147, 825], [147, 861], [53, 861]], '호호순습 #', 0.0268730191030383), ([[167, 828], [474, 828], [474, 860], [167, 860]], '훌라0하06@(+물리;1.00', 0.006488435332439081), ([[482, 832], [514, 832], [514, 860], [482, 860]], ';', 0.13533875450798405), ([[611, 879], [635, 879], [635, 899], [611, 899]], '32', 1.0)]
[([[228, 48], [410, 48], [410, 102], [228, 102]], '역자 후기', 0.9746687363656996), ([[194, 114], [448, 114], [448, 144], [194, 144]], '두번째 번역이 끝나습니다!', 0.523579336279334), ([[194, 146], [444, 146], [444, 176], [194, 176]], '하나미님 이게 [-18이라뇨!', 0.5977158902771623), ([[80, 178], [558, 178], [558, 210], [80, 210]], '타카키 규 작가남의 나+}턱 이건 언제 풀리는 것이나', 0.16472433708560733), ([[180, 210], [458, 210], [458, 240], [180, 240]], '다음엔 한숨형제2 활까합니다', 0.5560813849628713), ([[216, 242], [424, 242], [424, 272], [216, 272]], '화주서서 감사합니다!', 0.7932537180064596), ([[90, 274], [570, 274], [570, 304], [90, 304]], '좀있으면 하나미작가 작품 전부 번역본 올라올듯 후', 0.2433107477444551), ([[281, 343], [349, 343], [349, 359], [281, 359]], '~그0 0', 0.21408829582058547), ([[228, 444], [406, 444], [406, 492], [228, 492]], '식자 후기', 0.8806952724158258), ([[154, 512], [482, 512], [482, 540], [154, 540]], '아이고 !   점점 늘어나네요 제 역식본 !', 0.7929565703267036), ([[77, 545], [95, 545], [95, 569], [77, 569]], '음', 0.951834910796606), ([[102, 544], [448, 544], [448, 570], [102, 570]], '어쩐지 하나미 작가님 전담 역식자가도', 0.5219281705031784), ([[454, 544], [546, 544], [546, 570], [454, 570]], '것 같지만', 0.946089145885344), ([[154, 576], [356, 576], [356, 602], [154, 602]], '제가 데부 취향만 빠는', 0.863257325820484), ([[364, 576], [482, 576], [482, 602], [364, 602]], '건 아님니다!', 0.5017987562321352), ([[101, 603], [535, 603], [535, 639], [101, 639]], '전 대부분의 취향울 다 빨아요! 예 ! 그렇습니다!', 0.40092479377768026), ([[201, 636], [406, 636], [406, 668], [201, 668]], '그치만 이왕 이렇계 된', 0.438862014991156), ([[413, 641], [437, 641], [437, 661], [413, 661]], '거', 0.9999971389790971), ([[102, 672], [144, 672], [144, 698], [102, 698]], '남은', 0.9996162323693321), ([[150, 670], [394, 670], [394, 698], [150, 698]], '하나미 작가님 작품도 제가', 0.5127955688988842), ([[436, 672], [476, 672], [476, 696], [436, 696]], '후후', 0.9996576161726817), ([[226, 734], [408, 734], [408, 764], [226, 764]], '역식 문의 / 요청은 늘', 0.8305768949912938), ([[205, 767], [386, 767], [386, 795], [205, 795]], '나*+라-@명어명명@9김리', 5.337560481288232e-05), ([[391, 775], [429, 775], [429, 791], [391, 791]], '(기값', 0.00045087804676468337), ([[259, 803], [295, 803], [295, 821], [259, 821]], '으로', 0.9996483448085591), ([[302, 800], [382, 800], [382, 824], [302, 824]], '받아요 ~', 0.8145140278741976), ([[258, 864], [378, 864], [378, 892], [258, 892]], '~너얼굴 보빠-', 0.411637545961542)]
[([[164, 146], [196, 146], [196, 206], [164, 206]], '톤', 0.014826692272489395), ([[161, 202], [199, 202], [199, 297], [161, 297]], '흙', 0.2763575163208465), ([[199, 135], [235, 135], [235, 285], [199, 285]], '#', 0.1437403522534888), ([[164, 299], [196, 299], [196, 393], [164, 393]], '출', 0.27160974047048114), ([[126.01985123916005, 676.601985123916], [190.7107240634238, 649.0585760162847], [202.98014876083997, 678.398014876084], [138.2892759365762, 705.9414239837153]], '# #', 0.21935502087112135)]
