815031
54
[([[32, 46], [712, 46], [712, 166], [32, 166]], '#%복#표> % )', 0.006566366997637995), ([[45, 183], [131, 183], [131, 219], [45, 219]], '자@76 3', 0.020747243567754384), ([[147, 179], [397, 179], [397, 221], [147, 221]], '~샌_렉]-탑', 0.0019410907096805627), ([[462, 188], [672, 188], [672, 218], [462, 218]], ':-큰 고-- @틀', 0.000832470930740639), ([[393, 737], [725, 737], [725, 853], [393, 853]], '역자 거인', 0.9932211655516885), ([[397, 883], [726, 883], [726, 991], [397, 991]], '식자 남마', 0.9965846988426768)]
[([[674, 28], [730, 28], [730, 128], [674, 128]], '틀', 0.5970226605614357), ([[439, 379], [477, 379], [477, 437], [439, 437]], '유', 0.33101965097523944), ([[438, 436], [468, 436], [468, 492], [438, 492]], '3', 0.8340607803257285), ([[687, 459], [729, 459], [729, 501], [687, 501]], '추', 0.030081012995708534), ([[707, 625], [743, 625], [743, 675], [707, 675]], '>', 0.9712657759577361), ([[718, 716], [750, 716], [750, 760], [718, 760]], '7', 0.8776104387055774), ([[465, 903], [525, 903], [525, 983], [465, 983]], '4', 0.6516517333679452), ([[730.415793762163, 370.0342469783856], [770.3081531884596, 393.46232072460595], [728.584206237837, 464.9657530216144], [688.6918468115404, 441.53767927539405]], "'숲", 0.45477592542935913), ([[636.3351548303622, 570.0245902098897], [710.736819124364, 584.0653834760435], [682.6648451696378, 722.9754097901103], [608.263180875636, 707.9346165239565]], '5', 0.030947755411475875), ([[675.3187231979003, 667.0290614154342], [739.4320164318129, 693.242987847305], [694.6812768020997, 799.9709385845658], [630.5679835681871, 773.757012152695]], '7', 0.42259365481527666)]
[([[250, 1008], [280, 1008], [280, 1050], [250, 1050]], '시', 0.36240213184215975), ([[186, 1004], [258, 1004], [258, 1114], [186, 1114]], '(', 0.007550617401570259), ([[186.44958326707697, 264.0189573726161], [247.32664860332002, 295.1037241243871], [181.55041673292303, 424.9810426273839], [119.67335139667998, 393.8962758756129]], '6', 0.12206943622959798)]
[([[694, 20], [814, 20], [814, 50], [694, 50]], '기동으로부터', 0.9075045905025763), ([[694, 56], [826, 56], [826, 88], [694, 88]], '30분경과 성감,', 0.9402018706353161), ([[694, 92], [758, 92], [758, 124], [694, 124]], '인간의', 0.9999706115627753), ([[694, 130], [822, 130], [822, 160], [694, 160]], "'최대치틀 돌파", 0.5893812090177993), ([[694, 166], [800, 166], [800, 198], [694, 198]], '절정카운트,', 0.5776841812269644), ([[694, 202], [814, 202], [814, 232], [694, 232]], '카운터초기화', 0.9368781192350409), ([[694, 238], [824, 238], [824, 270], [694, 270]], '40번째 초기치', 0.976430821648156), ([[696, 276], [808, 276], [808, 304], [696, 304]], '부터 1852번', 0.9981092811464819), ([[694, 312], [754, 312], [754, 340], [694, 340]], '카운트', 0.999604814353587), ([[402, 378], [428, 378], [428, 486], [402, 486]], '륙', 0.1564216913897818), ([[571.2867900502247, 738.0195789140898], [801.998400910245, 843.7961035151334], [751.7132099497753, 945.9804210859102], [521.001599089755, 840.2038964848666]], '스해', 0.0177754296638857)]
[([[725, 13], [839, 13], [839, 327], [725, 327]], '자', 0.004890579291651209)]
[([[293, 943], [333, 943], [333, 993], [293, 993]], '5', 0.12185166301448191), ([[313, 875], [397, 875], [397, 987], [313, 987]], '7', 0.9980817704320408)]
[([[434, 268], [506, 268], [506, 296], [434, 296]], '하   아 ', 0.6919009021041432), ([[450, 306], [476, 306], [476, 334], [450, 334]], '앗', 0.42799692577092685), ([[148, 372], [194, 372], [194, 396], [148, 396]], '하아.', 0.7655931061729775), ([[152, 550], [202, 550], [202, 578], [152, 578]], '이런.', 0.6598120470505248), ([[232, 542], [280, 542], [280, 568], [232, 568]], '(하 앗', 0.18924567977928272), ([[748, 546], [822, 546], [822, 572], [748, 572]], '머리 . 가', 0.5859277635846266), ([[152, 588], [180, 588], [180, 616], [152, 616]], '거', 0.9999929666642835), ([[746, 580], [830, 580], [830, 608], [746, 608]], '[이상해 저', 0.5388959860059034), ([[784, 614], [810, 614], [810, 638], [784, 638]], '려.', 0.7637620952149554), ([[220, 632], [244, 632], [244, 656], [220, 656]], '저', 0.011985709120052812), ([[664, 616], [722, 616], [722, 670], [664, 670]], "'[9", 0.07295425860793596), ([[692, 742], [734, 742], [734, 770], [692, 770]], '언제.', 0.9936216430306389), ([[688, 774], [735, 774], [735, 803], [688, 803]], '[까지.', 0.2346440851688385), ([[624.9230627620734, 557.1999631813908], [673.8211286772515, 563.9795917550367], [670.0769372379266, 588.8000368186092], [621.1788713227485, 583.0204082449633]], '하앗 .', 0.4243163466453552), ([[749.202547777171, 614.1658598874935], [787.9248993519728, 621.4570796699564], [783.797452222829, 640.8341401125065], [745.0751006480272, 633.5429203300436]], '버.', 0.8930110788631234)]
[([[108, 160], [134, 160], [134, 262], [108, 262]], '잎', 0.12065672320716292), ([[743, 743], [837, 743], [837, 779], [743, 779]], '견   필수', 0.15167472756833444), ([[743, 787], [817, 787], [817, 823], [743, 823]], '잎 올', 0.6023144125938416), ([[744, 834], [840, 834], [840, 866], [744, 866]], '리가 없', 0.9856898784637451), ([[444, 958], [642, 958], [642, 1170], [444, 1170]], '7', 0.1266823890306421)]
[([[284, 92], [356, 92], [356, 120], [284, 120]], '다시 ', 0.5018661043094063), ([[279, 129], [336, 129], [336, 168], [279, 168]], '[이상.', 0.6412770748138428), ([[666, 128], [742, 128], [742, 158], [666, 158]], '아아.', 0.8703246933962439), ([[282, 172], [364, 172], [364, 202], [282, 202]], '해  저', 0.4012477397918701), ([[666, 168], [772, 168], [772, 200], [666, 200]], '아아아아!', 0.9789804960250119), ([[282, 214], [346, 214], [346, 242], [282, 242]], '버려', 0.9944032821166678), ([[664, 206], [746, 206], [746, 244], [664, 244]], "'이상해..", 0.7553570103774009), ([[666, 252], [712, 252], [712, 278], [666, 278]], '저. .', 0.3983018842755268), ([[119, 401], [227, 401], [227, 487], [119, 487]], '2여', 0.035723811706455), ([[642, 442], [690, 442], [690, 472], [642, 472]], '이젠.', 0.44023332489170713), ([[702, 442], [756, 442], [756, 472], [702, 472]], '안되.', 0.9606046549225391), ([[642, 480], [728, 480], [728, 506], [642, 506]], '머 . 리가.', 0.5247139128551774), ([[642, 514], [754, 514], [754, 546], [642, 546]], '엉.망 진창..', 0.44371108238755297), ([[762, 760], [878, 760], [878, 788], [762, 788]], '부서저 . 버려', 0.6155199021062057), ([[762, 796], [860, 796], [860, 824], [762, 824]], '머 리. 가 .', 0.5724703499223068), ([[760, 832], [808, 832], [808, 862], [760, 862]], '하양', 0.9894252855632275), ([[760, 868], [792, 868], [792, 896], [760, 896]], '아.', 0.658345580602187), ([[760, 906], [830, 906], [830, 932], [760, 932]], '아아아-', 0.7506758607641524), ([[644.9230627620734, 547.1999631813908], [691.8266440708375, 553.9949709970356], [688.0769372379266, 578.8000368186092], [641.1733559291625, 572.0050290029644]], '으로', 0.9836703355497997)]
[]
[([[553, 931], [595, 931], [595, 979], [553, 979]], '4', 0.7286612917173585), ([[90, 1018], [182, 1018], [182, 1096], [90, 1096]], '"27', 0.3005761103682698), ([[478.14840399737545, 913.0363267692927], [572.9971212435631, 982.7600690901545], [522.8515960026245, 1049.9636732307074], [428.00287875643687, 980.2399309098455]], '\'"히', 0.0976589533454606), ([[569.6185070520439, 968.0243550059424], [597.5613363236699, 965.0529843007325], [607.3814929479561, 1051.9756449940576], [580.4386636763301, 1054.9470156992675]], '>', 0.05956953617542471)]
[([[701, 743], [791, 743], [791, 875], [701, 875]], '&', 0.34144700831391006)]
[([[118, 82], [184, 82], [184, 112], [118, 112]], '하지만', 0.9999634537407877), ([[100, 118], [206, 118], [206, 150], [100, 150]], '전혀 부서질', 0.9952665334094428), ([[412, 112], [502, 112], [502, 142], [412, 142]], '내 기계에', 0.9863243145443973), ([[100, 156], [206, 156], [206, 186], [100, 186]], '기미가 없어', 0.6007490157073262), ([[414, 150], [500, 150], [500, 180], [414, 180]], '범해지다', 0.7174509763717651), ([[740, 150], [802, 150], [802, 180], [740, 180]], '감도는', 0.9987624822175951), ([[96, 192], [210, 192], [210, 222], [96, 222]], '아니, 한계에', 0.805832165345434), ([[422, 184], [486, 184], [486, 216], [422, 216]], '백번은', 0.9963792119683494), ([[730, 186], [812, 186], [812, 216], [730, 216]], '평균적인', 0.9998396635055542), ([[104, 228], [204, 228], [204, 260], [104, 260]], '도달한것은', 0.8903382826009985), ([[398, 222], [516, 222], [516, 252], [398, 252]], '육체적으로도', 0.9041653372949567), ([[738, 222], [802, 222], [802, 252], [738, 252]], '인간의', 0.9998207688331604), ([[120, 266], [182, 266], [182, 294], [120, 294]], '틀리지', 0.9998686820718068), ([[394, 258], [512, 258], [512, 290], [394, 290]], '정신적으로도', 0.9996314296282398), ([[728, 258], [814, 258], [814, 288], [728, 288]], '10배정도', 0.5452410494890475), ([[104, 302], [188, 302], [188, 332], [104, 332]], '않앗지만.', 0.20225485148826283), ([[416, 296], [498, 296], [498, 324], [416, 324]], '부서저도', 0.9739646911621094), ([[414, 328], [499, 328], [499, 364], [414, 364]], '이상하지', 0.8989422567955042), ([[434, 368], [480, 368], [480, 398], [434, 398]], '않아', 0.999663010432488), ([[315, 517], [337, 517], [337, 537], [315, 537]], '거', 0.013319710604680124), ([[392, 764], [472, 764], [472, 794], [392, 794]], '지금까지', 0.966219961643219), ([[756, 758], [856, 758], [856, 788], [756, 788]], '3단계 정도', 0.6431014835423939), ([[348, 798], [510, 798], [510, 830], [348, 830]], '부서지지 않앉다는', 0.6279070212958581), ([[752, 794], [862, 794], [862, 826], [752, 826]], '올려올까 . ?', 0.5002968091375553), ([[378, 836], [484, 836], [484, 866], [378, 866]], '것으로 보아', 0.9880755693109993), ([[754, 832], [858, 832], [858, 860], [754, 860]], '그럼 이대로', 0.9974429573553045), ([[375, 872], [481, 872], [481, 902], [375, 902]], '견달수 있는', 0.2054487908368548), ([[774, 868], [838, 868], [838, 898], [774, 898]], '봉과할', 0.17786990712276826), ([[392, 910], [472, 910], [472, 940], [392, 940]], '가능성도', 0.9997567534446716), ([[764, 904], [846, 904], [846, 934], [764, 934]], '가능성도', 0.999937117099762), ([[376, 946], [486, 946], [486, 976], [376, 976]], '없지논 않아', 0.7039463496260518), ([[759, 938], [844, 938], [844, 971], [759, 971]], '나오지만.', 0.9751341812847911), ([[392, 982], [458, 982], [458, 1012], [392, 1012]], '하지만.', 0.9617164134979248)]
[]
[([[539, 121], [759, 121], [759, 309], [539, 309]], '7 ;', 0.3366975915605166), ([[335.15585937092317, 489.01980460066295], [750.8994723095346, 589.1002918539409], [705.8441406290768, 737.980195399337], [291.10052769046536, 637.8997081460591]], '#스키', 0.04783799764287184), ([[397.840687387102, 659.0448672936153], [609.9499389335642, 691.4864527072103], [584.159312612898, 817.9551327063847], [372.0500610664358, 785.5135472927897]], '사7표', 0.0009549270473144898)]
[([[394, 158], [472, 158], [472, 184], [394, 184]], '여  기논?', 0.27148097363937823), ([[561, 125], [631, 125], [631, 185], [561, 185]], '(하인', 0.05997818643647425), ([[76, 516], [164, 516], [164, 546], [76, 546]], '겨우 눈올', 0.6789467666108256), ([[76, 552], [164, 552], [164, 582], [76, 582]], '돈거 같네', 0.24848560332325664), ([[88, 588], [152, 588], [152, 620], [88, 620]], '잘뒷어', 0.6074284466425731), ([[730, 588], [772, 588], [772, 612], [730, 612]], '어라', 0.9946704013714756)]
[([[294, 324], [512, 324], [512, 496], [294, 496]], '1">', 0.3361046999606058)]
[([[364, 80], [388, 80], [388, 106], [364, 106]], '뭐', 0.9999973773973494), ([[336, 116], [418, 116], [418, 146], [336, 146]], '건강한거', 0.9961357712745667), ([[354, 152], [402, 152], [402, 182], [354, 182]], '같아', 0.993167603176289), ([[338, 188], [418, 188], [418, 220], [338, 220]], '다행이네', 0.9779484868049622), ([[506, 198], [568, 198], [568, 226], [506, 226]], '의외로', 0.9999950445645353), ([[496, 234], [578, 234], [578, 266], [496, 266]], '성질앗네', 0.45355814695358276), ([[504, 270], [568, 270], [568, 302], [504, 302]], '평소엔', 0.8606058955192566), ([[486, 306], [588, 306], [588, 338], [486, 338]], '침작하면서', 0.45112317805857194), ([[710, 518], [814, 518], [814, 550], [710, 550]], '그래도 정말', 0.9999587302022165), ([[84, 560], [190, 560], [190, 590], [84, 590]], '단 하루만에', 0.9960485121497736), ([[722, 556], [804, 556], [804, 586], [722, 586]], '대단하네', 0.9993221759796143), ([[104, 598], [168, 598], [168, 628], [104, 628]], '이렇게', 0.5616364453290998), ([[732, 592], [796, 592], [796, 622], [732, 622]], '그렇게', 0.9630636014608145), ([[88, 632], [188, 632], [188, 664], [88, 664]], '움직이다니', 0.9985026529935984), ([[711, 627], [813, 627], [813, 659], [711, 659]], '당햇으면서', 0.9767507098329958), ([[750, 856], [814, 856], [814, 886], [750, 886]], '조금더', 0.992416501045227), ([[718, 890], [844, 890], [844, 922], [718, 922]], '상태들 보려고', 0.28574946297528414), ([[729, 928], [831, 928], [831, 960], [729, 960]], '생각햇지만', 0.6638864964465946), ([[748, 962], [816, 962], [816, 998], [748, 998]], '이렇게', 0.6448281913925358), ([[60, 1004], [116, 1004], [116, 1034], [60, 1034]], '교육올', 0.9587103197795104), ([[740, 1000], [822, 1000], [822, 1030], [740, 1030]], '회복되어', 0.9998657703399658), ([[50, 1040], [124, 1040], [124, 1064], [50, 1064]], '시작해도', 0.9996695518493652), ([[750, 1038], [814, 1038], [814, 1068], [750, 1068]], '있다면', 0.9993256780675583), ([[68, 1072], [110, 1072], [110, 1102], [68, 1102]], '괜찮', 0.7772388333447932), ([[62, 1106], [112, 1106], [112, 1132], [62, 1132]], '켓지?', 0.773884390000198), ([[317, 1115], [353, 1115], [353, 1165], [317, 1165]], '4', 0.4336673305034857)]
[([[60, 588], [116, 588], [116, 616], [60, 616]], '잠자코', 0.9044170370671675), ([[70, 622], [110, 622], [110, 652], [70, 652]], '당할', 0.8999290892792676), ([[70, 654], [108, 654], [108, 686], [70, 686]], '수는', 0.5269779852725083), ([[68, 688], [110, 688], [110, 718], [68, 718]], '없어', 0.9999843214083535), ([[324, 728], [350, 728], [350, 760], [324, 760]], '1"', 0.8117760271356262)]
[([[699, 290], [757, 290], [757, 326], [699, 326]], '불꽃?', 0.9997116954844961), ([[612, 472], [666, 472], [666, 504], [612, 504]], '설마 ', 0.06627405901234301), ([[560, 1144], [662, 1144], [662, 1240], [560, 1240]], '"1', 0.16047377543041189)]
[([[152, 384], [194, 384], [194, 408], [152, 408]], "'하아", 0.9905250453664455), ([[794, 484], [832, 484], [832, 508], [794, 508]], '하아', 0.9547836165112026), ([[406, 532], [450, 532], [450, 558], [406, 558]], '하앗:', 0.28015384570025), ([[770, 818], [814, 818], [814, 848], [770, 848]], '해번.', 0.34713056942179116), ([[778, 854], [806, 854], [806, 882], [778, 882]], '건.', 0.9720319927401283), ([[386, 929], [448, 929], [448, 961], [386, 961]], '[아무튼', 0.4915916919708252), ([[116, 984], [158, 984], [158, 1012], [116, 1012]], '이걸', 0.5726377956001067), ([[124, 1020], [148, 1020], [148, 1044], [124, 1044]], '로', 0.9999605421143976), ([[695, 1131], [719, 1131], [719, 1151], [695, 1151]], '가', 0.9999847412691452)]
[([[52, 362], [130, 362], [130, 392], [52, 392]], '생각대로', 0.9999392032623291), ([[52, 396], [118, 396], [118, 424], [52, 424]], '힘이 !', 0.7539007067680359), ([[694, 600], [738, 600], [738, 626], [694, 626]], '이대', 0.9997918852054837), ([[694, 636], [738, 636], [738, 666], [694, 666]], '로는', 0.9972166621867296), ([[710.3148559642531, 888.0392468890013], [759.8634520381999, 881.2967073982367], [772.6851440357469, 986.9607531109987], [723.1365479618001, 993.7032926017633]], '속', 0.15273894194453774)]
[([[721, 113], [807, 113], [807, 244], [721, 244]], '"0', 0.02177861132366608)]
[([[67, 61], [109, 61], [109, 113], [67, 113]], '뚜', 0.10165500985954168), ([[432, 208], [490, 208], [490, 234], [432, 234]], '아무리', 0.9999924291971442), ([[806, 214], [846, 214], [846, 240], [806, 240]], '후우', 0.982634308576963), ([[400, 242], [520, 242], [520, 272], [400, 272]], '그래도 놀컷네.', 0.5804161745904087), ([[396, 276], [526, 276], [526, 304], [396, 304]], '설마 이정도까지', 0.9880070032447897), ([[404, 308], [520, 308], [520, 338], [404, 338]], '회복햇올줄은', 0.41914119879791845), ([[396, 342], [528, 342], [528, 372], [396, 372]], '정말 이상하다고', 0.9952998520500728), ([[61, 351], [131, 351], [131, 417], [61, 417]], '[', 0.3067679739988307), ([[440, 376], [482, 376], [482, 402], [440, 402]], '할까', 0.40797404498836903), ([[422, 410], [498, 410], [498, 438], [422, 438]], '예상외네', 0.9958507418632507), ([[573, 411], [639, 411], [639, 505], [573, 505]], '5', 0.3147603796678631), ([[616, 488], [664, 488], [664, 550], [616, 550]], "5'", 0.7841341206507872), ([[672, 832], [698, 832], [698, 874], [672, 874]], '[', 0.7012709363997125), ([[492, 868], [576, 868], [576, 948], [492, 948]], '{', 0.04929480597928326), ([[758, 948], [800, 948], [800, 974], [758, 974]], '뭐 .', 0.7061684131622314), ([[758, 984], [824, 984], [824, 1010], [758, 1010]], '뭐 . 야', 0.6547300853434169), ([[14, 1000], [38, 1000], [38, 1026], [14, 1026]], '머', 0.9938018105155813), ([[48, 1000], [94, 1000], [94, 1030], [48, 1030]], '리도.', 0.78236985206604), ([[758, 1020], [816, 1020], [816, 1048], [758, 1048]], '이 건', 0.785675594266734), ([[14, 1036], [38, 1036], [38, 1064], [14, 1064]], '몸', 0.9999043964348999), ([[54, 1036], [80, 1036], [80, 1062], [54, 1062]], '도', 0.9999803305639468), ([[12, 1072], [122, 1072], [122, 1100], [12, 1100]], '저려    와서', 0.4473655847779495)]
[([[782, 102], [806, 102], [806, 126], [782, 126]], '[뭐', 0.8768382021462275), ([[820, 100], [880, 100], [880, 128], [820, 128]], '지금은', 0.9985859761451265), ([[782, 134], [880, 134], [880, 162], [782, 162]], '이 상처만큼', 0.9973285514071693), ([[784, 166], [880, 166], [880, 196], [784, 196]], '발올거니까', 0.3339039018932847), ([[95, 355], [187, 355], [187, 441], [95, 441]], '54', 0.06308405544908699), ([[56, 540], [148, 540], [148, 566], [56, 566]], '응아 앗', 0.3858504295349121), ([[51, 571], [148, 571], [148, 600], [51, 600]], '만져 .저서', 0.14814333855438125), ([[52, 606], [146, 606], [146, 634], [52, 634]], '만 저 . 저', 0.343594187340678), ([[686, 692], [758, 692], [758, 798], [686, 798]], '타', 0.0017562545201479929), ([[752, 920], [840, 920], [840, 946], [752, 946]], '녹 아버려', 0.829941255640631), ([[750, 954], [796, 954], [796, 980], [750, 980]], '머리', 0.9982207711301185), ([[44, 908], [125, 908], [125, 1117], [44, 1117]], '', 0.0), ([[117, 967], [157, 967], [157, 1025], [117, 1025]], '쇼', 0.7917592299836684), ([[750, 988], [818, 988], [818, 1014], [750, 1014]], '녹아버 .', 0.9308785108396516), ([[677, 1099], [739, 1099], [739, 1209], [677, 1209]], '#', 0.06378898712316872)]
[([[462, 80], [518, 80], [518, 106], [462, 106]], '고마워', 0.5162147879600525), ([[452, 112], [528, 112], [528, 142], [452, 142]], '잘먹없어', 0.9901865124702454), ([[642, 672], [682, 672], [682, 696], [642, 696]], '후후.', 0.5421083743952503), ([[588, 701], [747, 701], [747, 731], [588, 731]], '[완전히 원래대로되네', 0.7984801814294162), ([[606, 736], [732, 736], [732, 764], [606, 764]], '대단한 제질이네', 0.4569968555236816), ([[592, 768], [746, 768], [746, 796], [592, 796]], '보통인간의 몇섭배 ', 0.23444950346140125), ([[594, 800], [742, 800], [742, 826], [594, 826]], '아니 몇천배 일려나', 0.576699827641067), ([[62, 824], [124, 824], [124, 850], [62, 850]], '이 콩이', 0.9611997861858563), ([[34, 856], [152, 856], [152, 884], [34, 884]], '부끄러움정도로', 0.7668159522653908), ([[40, 888], [150, 888], [150, 914], [40, 914]], '완전히 서앗네', 0.5798460671277819)]
[([[506, 110], [564, 110], [564, 138], [506, 138]], '확실히', 0.9999213328504486), ([[132, 144], [168, 144], [168, 170], [132, 170]], '보통', 0.9999844899949775), ([[490, 142], [576, 142], [576, 170], [490, 170]], '정식력으로', 0.995904440691818), ([[782, 150], [838, 150], [838, 176], [782, 176]], '그러면', 0.9958018660545349), ([[122, 176], [178, 176], [178, 200], [122, 200]], '이라면', 0.9966306090354919), ([[498, 174], [570, 174], [570, 200], [498, 200]], '만들어저', 0.9247207045555115), ([[778, 182], [850, 182], [850, 212], [778, 212]], '옷안쪽은', 0.8470118727536247), ([[106, 208], [194, 208], [194, 236], [106, 236]], '부수논것도', 0.5535620470805679), ([[502, 208], [566, 208], [566, 234], [502, 234]], '있던가?', 0.3014838397502899), ([[784, 214], [840, 214], [840, 240], [784, 240]], '어떻게', 0.8778223931412192), ([[114, 240], [188, 240], [188, 268], [114, 268]], '힘들없켓', 0.4006488943305078), ([[506, 238], [562, 238], [562, 266], [506, 266]], '이웃은', 0.9979172865755419), ([[796, 246], [834, 246], [834, 270], [796, 270]], '되어', 0.9980406499420652), ([[126, 272], [170, 272], [170, 298], [126, 298]], '지만.', 0.41055523112083986), ([[774, 278], [854, 278], [854, 304], [774, 304]], '(있으려나?', 0.7910862397074554), ([[134, 498], [158, 498], [158, 522], [134, 522]], '자', 0.9999816418536653), ([[122, 528], [176, 528], [176, 554], [122, 554]], '열없다', 0.7593164700998678), ([[480, 556], [556, 556], [556, 582], [480, 582]], '내 미약을', 0.5904355198329118), ([[482, 588], [552, 588], [552, 614], [482, 614]], '이정도로', 0.9998429417610168), ([[482, 620], [554, 620], [554, 646], [482, 646]], '먹이면은', 0.9974262118339539), ([[482, 652], [556, 652], [556, 678], [482, 678]], '이렇게나', 0.8052356243133545), ([[498, 684], [538, 684], [538, 710], [498, 710]], '쉽게', 0.6313274306539423), ([[266, 880], [324, 880], [324, 908], [266, 908]], '맛핑게', 0.274688494112374), ([[256, 912], [332, 912], [332, 940], [256, 940]], '열린 콩에', 0.8336494428833918), ([[266, 944], [320, 944], [320, 968], [266, 968]], '제대로', 0.9999977287583369), ([[673, 885], [759, 885], [759, 1005], [673, 1005]], '4', 0.11714729545248304), ([[796, 938], [868, 938], [868, 964], [796, 964]], '저항하지', 0.6218761801719666), ([[258, 976], [330, 976], [330, 1002], [258, 1002]], '뜨거워진', 0.9895446300506592), ([[410, 966], [466, 966], [466, 990], [410, 990]], '어머나,', 0.37102484703063965), ([[804, 970], [862, 970], [862, 998], [804, 998]], '않으면', 0.6143114363226451), ([[274, 1008], [312, 1008], [312, 1034], [274, 1034]], '미육', 0.49486446512596327), ([[394, 996], [486, 996], [486, 1020], [394, 1020]], '미약 효과가', 0.6985711580105062), ([[802, 1002], [862, 1002], [862, 1028], [802, 1028]], '이젠 못', 0.8030677422201756), ([[396, 1026], [484, 1026], [484, 1052], [396, 1052]], '너무 강해서', 0.9994584140457339), ([[792, 1034], [872, 1034], [872, 1060], [792, 1060]], '[견되다구?', 0.4852663301092392), ([[404, 1058], [474, 1058], [474, 1082], [404, 1082]], '아무것도', 0.9982555508613586), ([[404, 1088], [472, 1088], [472, 1114], [404, 1114]], '생각활수', 0.8329787526409218), ([[398, 1118], [480, 1118], [480, 1146], [398, 1146]], '없는 걸까?', 0.6705105216147141), ([[813.202547777171, 906.1658598874935], [848.8382900600361, 911.2121614028416], [845.797452222829, 932.8341401125065], [810.1617099399639, 927.7878385971584]], '자 ', 0.7375219804941984)]
[([[746, 178], [838, 178], [838, 206], [746, 206]], '우선은 이쪽', 0.8385576957693269), ([[764, 212], [818, 212], [818, 238], [764, 238]], '콩부터', 0.8483268640800455), ([[758, 244], [828, 244], [828, 268], [758, 268]], '맛보도록', 0.9997124671936035), ([[766, 276], [822, 276], [822, 300], [766, 300]], '해볼까', 0.36114509082114354)]
[([[105, 259], [125, 259], [125, 281], [105, 281]], '아', 0.9999865293956454), ([[98, 290], [134, 290], [134, 314], [98, 314]], '그래', 0.999997049721879), ([[96, 322], [134, 322], [134, 346], [96, 346]], '그래', 0.9999946895012176), ([[360, 512], [446, 512], [446, 538], [360, 538]], '모처럼이니', 0.9374444786930234), ([[358, 542], [446, 542], [446, 570], [358, 570]], '본격적으로', 0.9986593099489623), ([[366, 576], [438, 576], [438, 602], [366, 602]], '하기전에', 0.9953727126121521), ([[374, 608], [430, 608], [430, 632], [374, 632]], '이쪽도', 0.9980653591911662), ([[366, 640], [440, 640], [440, 666], [366, 666]], '해버랗까', 0.10783282667398453), ([[347, 1001], [777, 1001], [777, 1185], [347, 1185]], '\'"+기?', 0.0806000026312532)]
[([[124, 72], [176, 72], [176, 140], [124, 140]], '시', 0.589382351016102), ([[113, 319], [197, 319], [197, 409], [113, 409]], '롭#', 0.001000370649884662), ([[62, 806], [158, 806], [158, 836], [62, 836]], '대단한 반응.', 0.9238620635890656), ([[74, 840], [160, 840], [160, 866], [74, 866]], '오중구멍도', 0.7586345284262669), ([[70, 872], [164, 872], [164, 898], [70, 898]], '이미 개발이', 0.9898353016129419), ([[70, 904], [146, 904], [146, 930], [70, 930]], '끝난거네.', 0.9274807127947798), ([[98, 936], [138, 936], [138, 964], [98, 964]], '멋저', 0.9046690890110811), ([[254.54734749626752, 395.0882494693937], [335.4976325696692, 356.0938210711301], [394.45265250373245, 500.9117505306063], [312.5023674303308, 538.90617892887]], '꿀', 0.052558322246003764), ([[347.9620219253908, 586.1607381299619], [599.5660421712053, 566.0647941489867], [600.0379780746092, 674.8392618700381], [348.43395782879475, 694.9352058510133]], '# *7', 0.007874839007854462)]
[([[354, 110], [382, 110], [382, 134], [354, 134]], '자 ', 0.4904597128974486), ([[225, 133], [279, 133], [279, 162], [225, 162]], '당신의', 0.999981967736744), ([[326, 142], [428, 142], [428, 168], [326, 168]], '오늘 2번째의', 0.9502262743160724), ([[802, 134], [856, 134], [856, 158], [802, 158]], '그래도', 0.9999881620207366), ([[210, 166], [294, 166], [294, 192], [210, 192]], '몸의깊은곳', 0.34509603892483565), ([[330, 174], [422, 174], [422, 200], [330, 200]], '약시간이야', 0.9973353659970133), ([[788, 166], [864, 166], [864, 192], [788, 192]], '아직이야', 0.999931812286377), ([[235, 199], [269, 199], [269, 219], [235, 219]], '까지', 0.9834957641432458), ([[790, 198], [868, 198], [868, 224], [790, 224]], '좁더 좀더', 0.34670798406106834), ([[218, 228], [284, 228], [284, 252], [218, 252]], '녹아드는', 0.9964597821235657), ([[794, 230], [866, 230], [866, 258], [794, 258]], '기분중게', 0.45693448185920715), ([[226, 258], [280, 258], [280, 286], [226, 286]], '달서한', 0.17413748800754547), ([[800, 262], [858, 262], [858, 288], [800, 288]], '해줄게', 0.7205401921456773), ([[232, 288], [270, 288], [270, 314], [232, 314]], '향기', 0.9997107162887435), ([[366, 974], [420, 974], [420, 998], [366, 998]], '제대로', 0.9999412232412648), ([[358, 1006], [426, 1006], [426, 1030], [358, 1030]], '맛보기틀', 0.4675092101097107), ([[350.077056563362, 277.04744866461147], [496.82076345167087, 317.2127864901843], [472.922943436638, 391.95255133538853], [326.17923654832913, 351.7872135098157]], '{ 선', 0.033552977046500586)]
[([[130, 792], [208, 792], [208, 894], [130, 894]], '(;', 0.03442723279394118), ([[242.19149399277805, 982.0468483378912], [288.54948034200555, 961.0215996565295], [337.8085060072219, 1081.9531516621087], [290.45051965799445, 1101.9784003434704]], '좀', 0.3564657265259008)]
[([[744, 136], [818, 136], [818, 168], [744, 168]], '이대로', 0.9910814762115479), ([[727, 179], [837, 179], [837, 215], [727, 215]], '1주일정도', 0.9992285933279013), ([[731, 221], [831, 221], [831, 257], [731, 257]], '해물려고', 0.6596744656562805), ([[723, 265], [841, 265], [841, 301], [723, 301]], '생각하는데', 0.3166103018057239), ([[727, 309], [837, 309], [837, 345], [727, 345]], '어떻려나?', 0.45998691286069804), ([[754, 638], [804, 638], [804, 688], [754, 688]], '가쇼', 0.057540048842043265), ([[815, 637], [863, 637], [863, 679], [815, 679]], '오요', 0.4557814130789669), ([[769, 847], [824, 847], [824, 886], [769, 886]], '후후.', 0.8936086783218443), ([[764, 892], [838, 892], [838, 924], [764, 924]], '잘뒷다.', 0.5611550211906433), ([[758, 932], [848, 932], [848, 964], [758, 964]], '거절하면', 0.9999297261238098), ([[758, 974], [848, 974], [848, 1006], [758, 1006]], '어떻하지', 0.8667752742767334), ([[108, 988], [218, 988], [218, 1020], [108, 1020]], '그런거라면', 0.9997973586074057), ([[753, 1013], [853, 1013], [853, 1049], [753, 1049]], '라고 생각', 0.9976913687846669), ([[138, 1030], [188, 1030], [188, 1060], [138, 1060]], '진한', 0.9978335813139003), ([[766, 1056], [838, 1056], [838, 1088], [766, 1088]], '햇지만', 0.9599086290927363), ([[118, 1070], [206, 1070], [206, 1102], [118, 1102]], '미약으로', 0.9900680184364319), ([[237, 1073], [311, 1073], [311, 1113], [237, 1113]], '[요니', 0.04022271519350537), ([[128, 1112], [198, 1112], [198, 1144], [128, 1144]], '해줄게', 0.9370062365074056)]
[([[90, 192], [136, 192], [136, 224], [90, 224]], '밖은', 0.9989898895291464), ([[78, 232], [146, 232], [146, 262], [78, 262]], '(하루도', 0.8954803943634033), ([[80, 272], [146, 272], [146, 302], [80, 302]], '지나지', 0.9998908435307521), ([[90, 310], [138, 310], [138, 342], [90, 342]], '않맛', 0.2691118529034587), ([[92, 350], [136, 350], [136, 380], [92, 380]], '으니', 0.6677081514954716), ([[548, 660], [626, 660], [626, 746], [548, 746]], '교', 0.046906852733954674), ([[53, 827], [123, 827], [123, 863], [53, 863]], '충분히', 0.9998617308202918), ([[64, 872], [112, 872], [112, 902], [64, 902]], '즐기', 0.9973048468108622), ([[477, 819], [593, 819], [593, 957], [477, 957]], '7', 0.1635193228409202), ([[54, 912], [122, 912], [122, 942], [54, 942]], '도록해', 0.9987637208714674), ([[418, 920], [790, 920], [790, 1136], [418, 1136]], '~ %', 0.0021065600302856338), ([[622.1305400389216, 657.109590330834], [767.216010118998, 635.6860592315649], [778.8694599610784, 773.890409669166], [634.783989881002, 795.3139407684351]], '7#', 0.08268524360681341)]
[([[730, 88], [754, 88], [754, 126], [730, 126]], '1', 0.9995521808458854), ([[715, 134], [775, 134], [775, 302], [715, 302]], '줄', 0.30482290330589024), ([[599, 801], [649, 801], [649, 843], [599, 843]], "'5,", 0.31921122309913397), ([[670.8853729282276, 586.0893121550115], [756.3904650537849, 602.1430862112492], [743.1146270717724, 661.9106878449885], [658.6095349462151, 645.8569137887508]], '카$', 0.0021938685090400565)]
[([[720, 332], [750, 332], [750, 370], [720, 370]], '1', 0.34379663454275544), ([[705, 457], [771, 457], [771, 517], [705, 517]], '오', 0.17199329541647135), ([[64, 808], [110, 808], [110, 838], [64, 838]], '후후', 0.9993268126280045), ([[738, 828], [790, 828], [790, 856], [738, 856]], '어라,', 0.6827984919997462), ([[31, 845], [139, 845], [139, 881], [31, 881]], '회복할때는', 0.9025556443713051), ([[722, 868], [808, 868], [808, 900], [722, 900]], '생각한것', 0.941922128200531), ([[38, 886], [132, 886], [132, 918], [38, 918]], '좀더 라고', 0.7634473774283037), ([[744, 906], [790, 906], [790, 936], [744, 936]], '보다', 0.9999967968410157), ([[42, 926], [130, 926], [130, 958], [42, 958]], '생각해서', 0.9999622106552124), ([[730, 946], [822, 946], [822, 978], [730, 978]], '은 상태네', 0.9977261349331954), ([[28, 964], [142, 964], [142, 996], [28, 996]], '참은 보람이', 0.9948373557061085), ([[722, 986], [810, 986], [810, 1018], [722, 1018]], '엉망진창', 0.5386478304862976), ([[48, 1004], [120, 1004], [120, 1036], [48, 1036]], '있없네.', 0.6111938953399658), ([[730, 1024], [798, 1024], [798, 1056], [730, 1056]], '정신올', 0.8118551007697192), ([[52, 1044], [120, 1044], [120, 1076], [52, 1076]], '이렇게', 0.8681773542132551), ([[262, 1056], [314, 1056], [314, 1106], [262, 1106]], '[@', 0.10789846493035121), ([[732, 1064], [800, 1064], [800, 1096], [732, 1096]], '잃다니', 0.9972854651844928), ([[51, 1081], [121, 1081], [121, 1117], [51, 1117]], '맛있게', 0.6854710619224067), ([[52, 1124], [120, 1124], [120, 1154], [52, 1154]], '되다니', 0.9999663443988409), ([[648.4019155871075, 561.0358993729926], [683.4567972389942, 548.0209100949625], [720.5980844128925, 653.9641006270074], [685.5432027610058, 666.9790899050375]], '품', 0.18842071571045782)]
[([[736, 134], [824, 134], [824, 166], [736, 166]], '다시한번', 0.9998587369918823), ([[752, 176], [820, 176], [820, 208], [752, 208]], '잘먹켓', 0.9213144857292633), ([[744, 214], [828, 214], [828, 246], [744, 246]], '습나~다', 0.8515269756317139), ([[525, 525], [567, 525], [567, 567], [525, 567]], '콜', 0.022742776178322544), ([[714, 550], [744, 550], [744, 580], [714, 580]], '뭐', 0.9994260081844881), ([[766, 550], [798, 550], [798, 576], [766, 576]], '야', 0.9988375705967343), ([[714, 588], [804, 588], [804, 620], [714, 620]], '옷 우우.', 0.3762628661586352), ([[714, 628], [836, 628], [836, 658], [714, 658]], '뭐 .야 이거.', 0.16590450332579654), ([[714, 668], [812, 668], [812, 696], [714, 696]], '원가 . 가 ', 0.46391619909096754), ([[74, 996], [154, 996], [154, 1026], [74, 1026]], '안. 돼 .', 0.5071277904436706), ([[76, 1036], [160, 1036], [160, 1064], [76, 1064]], '기. 기분', 0.6400298927908515), ([[76, 1076], [124, 1076], [124, 1104], [76, 1104]], '너무', 0.9999740376400299), ([[76, 1112], [162, 1112], [162, 1144], [76, 1144]], '좋아 서', 0.927286751392627), ([[464.4202018956436, 677.0280795251289], [509.6109806356151, 665.0311891751452], [540.5797981043564, 791.9719204748711], [495.3890193643849, 803.9688108248548]], '숲', 0.018436274950098586)]
[([[741, 66], [784, 66], [784, 211], [741, 211]], '칠', 0.2373733281207855), ([[414, 204], [486, 204], [486, 232], [414, 232]], '아 아', 0.3177239445140946), ([[414, 242], [484, 242], [484, 270], [414, 270]], '하  아:', 0.776641101929629), ([[414, 282], [496, 282], [496, 314], [414, 314]], '아아앗', 0.8021268149300911), ([[696, 396], [776, 396], [776, 428], [696, 428]], '빨려  저', 0.33859789905143906), ([[696, 436], [760, 436], [760, 466], [696, 466]], '가 빨', 0.9966470243422559), ([[696, 476], [768, 476], [768, 504], [696, 504]], '려 . 저.', 0.5146483426118139), ([[112, 420], [340, 420], [340, 636], [112, 636]], '값', 0.03513503022411957), ([[468, 660], [500, 660], [500, 690], [468, 690]], '흙.', 0.7365360353179902), ([[445, 697], [535, 697], [535, 733], [445, 733]], '잘먹없어느', 0.6879084886030393), ([[260, 830], [286, 830], [286, 870], [260, 870]], '5', 0.7901013222819984), ([[125, 1033], [265, 1033], [265, 1141], [125, 1141]], ':교', 0.01026603121797383), ([[568, 1084], [618, 1084], [618, 1116], [568, 1116]], '힘이.', 0.4002140266620578), ([[568, 1124], [644, 1124], [644, 1156], [568, 1156]], '들어가.', 0.9975448846817017), ([[568, 1164], [652, 1164], [652, 1194], [568, 1194]], '지 암.', 0.4936149032568232), ([[560.1695452014626, 421.0345424175512], [663.9954117914538, 488.6971087335923], [616.8304547985374, 560.9654575824488], [512.0045882085462, 493.3028912664077]], '(어', 0.10818910459976705)]
[([[494, 66], [568, 66], [568, 96], [494, 96]], '자 그럼', 0.9975344400907102), ([[498, 106], [548, 106], [548, 136], [498, 136]], '어디', 0.999929446904588), ([[698, 446], [766, 446], [766, 476], [698, 476]], '이런거', 0.9999037137250035), ([[680, 481], [783, 481], [783, 519], [680, 519]], '(좋아하지?', 0.8277941834701844), ([[284, 598], [346, 598], [346, 626], [284, 626]], '저 . 항', 0.34765975212812616), ([[284, 634], [336, 634], [336, 662], [284, 662]], '하지.', 0.9830415113782076), ([[436, 636], [496, 636], [496, 664], [436, 664]], '축수로', 0.48164378402095476), ([[284, 670], [360, 670], [360, 702], [284, 702]], '않으면 .|', 0.40234709719372935), ([[434, 670], [498, 670], [498, 700], [434, 700]], '철저히', 0.9999510652189536), ([[426, 708], [508, 708], [508, 738], [426, 738]], '괴롭히고', 0.9975524647838195), ([[426, 744], [508, 744], [508, 774], [426, 774]], '괴롭히고', 0.993819732150379), ([[436, 782], [498, 782], [498, 812], [436, 812]], '괴롭혀', 0.9668450658140325), ([[444, 818], [490, 818], [490, 848], [444, 848]], '줄게', 0.9982252363693636), ([[33, 959], [131, 959], [131, 995], [33, 995]], '좀더 좀더', 0.23107992922001844), ([[674, 976], [762, 976], [762, 1008], [674, 1008]], '지지금까지', 0.5703528704343686), ([[48, 1002], [118, 1002], [118, 1034], [48, 1034]], '굉장한', 0.9916162007533524), ([[674, 1012], [763, 1012], [763, 1050], [674, 1050]], '남겨튼다', 0.03837226331233978), ([[46, 1042], [116, 1042], [116, 1074], [46, 1074]], '쾌략올', 0.20049625187814268), ([[190, 1032], [286, 1032], [286, 1062], [190, 1062]], '부탁.이야', 0.8274118768627429), ([[554, 1044], [608, 1044], [608, 1076], [554, 1076]], '좋아.', 0.5214947792166792), ([[686, 1054], [752, 1054], [752, 1084], [686, 1084]], '여자의', 0.9997720533738927), ([[190, 1068], [282, 1068], [282, 1096], [190, 1096]], '움직여 쥐', 0.5822607291556112), ([[48, 1082], [116, 1082], [116, 1112], [48, 1112]], '가르처', 0.9173950887674661), ([[554, 1082], [604, 1082], [604, 1112], [554, 1112]], '하지', 0.9999134314706866), ([[190, 1104], [262, 1104], [262, 1136], [190, 1136]], '움직여', 0.9992676636268468), ([[676, 1094], [764, 1094], [764, 1126], [676, 1126]], '증거이자', 0.6872372608933497), ([[58, 1124], [108, 1124], [108, 1156], [58, 1156]], '줄게', 0.9979890922152681), ([[554, 1124], [582, 1124], [582, 1154], [554, 1154]], '암', 0.9619744330906919), ([[696, 1134], [742, 1134], [742, 1164], [696, 1164]], '약점', 0.9999928350432712)]
[([[596, 164], [674, 164], [674, 268], [596, 268]], '7,', 0.9199784914852203), ([[163, 353], [253, 353], [253, 463], [163, 463]], '4', 0.15444839620744588), ([[446, 600], [494, 600], [494, 648], [446, 648]], '개', 0.10672292141741568), ([[622, 674], [680, 674], [680, 724], [622, 724]], '7', 0.8145336374200838), ([[510.03366982607264, 564.0467992085481], [626.6458970612008, 605.362450022328], [595.9663301739274, 686.9532007914519], [479.3541029387992, 645.637549977672]], '새', 0.628317809723967)]
[([[127, 273], [211, 273], [211, 381], [127, 381]], '매', 0.009572797532120758), ([[404, 390], [500, 390], [500, 510], [404, 510]], '내', 0.03164757811815466), ([[697, 621], [785, 621], [785, 657], [697, 657]], '[이런..거', 0.33052947010915434), ([[699, 665], [751, 665], [751, 701], [699, 701]], '견달', 0.8762913246118148), ([[746, 872], [812, 872], [812, 904], [746, 904]], '역시 .', 0.6530267596244812), ([[202, 886], [238, 886], [238, 979], [202, 979]], '곁', 0.007607065560123694), ([[734, 916], [812, 916], [812, 948], [734, 948]], '대단해.', 0.9713771343231201), ([[707, 957], [856, 957], [856, 993], [707, 993]], '벽이 조여와서', 0.4852449608143828), ([[721, 1003], [841, 1003], [841, 1039], [721, 1039]], '움직이논템', 0.15799989793313549), ([[206, 982], [238, 982], [238, 1104], [206, 1104]], '%', 0.013231679352859516), ([[465, 1005], [507, 1005], [507, 1091], [465, 1091]], '국', 0.46367762252703315), ([[732, 1044], [830, 1044], [830, 1080], [732, 1080]], '원하다니', 0.9997164607048035), ([[278, 1090], [342, 1090], [342, 1120], [278, 1120]], '이런건.', 0.9701998829841614), ([[275, 1123], [345, 1123], [345, 1160], [275, 1160]], '[더이상.', 0.5197440653526901)]
[([[610, 52], [684, 52], [684, 84], [610, 84]], '부서저', 0.6531343252276238), ([[597, 95], [695, 95], [695, 131], [597, 131]], '버럿다면', 0.3503296375274658), ([[606, 140], [682, 140], [682, 172], [606, 172]], '미안해.', 0.9933642148971558), ([[610, 184], [682, 184], [682, 216], [610, 216]], '그래도', 0.9999639355170521), ([[610, 228], [682, 228], [682, 260], [610, 260]], '그만큼', 0.9999628343142075), ([[597, 269], [695, 269], [695, 305], [597, 305]], '기분증게', 0.4499243199825287), ([[55, 311], [151, 311], [151, 347], [55, 347]], '안심하고', 0.999893069267273), ([[619, 313], [673, 313], [673, 349], [619, 349]], '계속', 0.6344740977434135), ([[66, 356], [140, 356], [140, 386], [66, 386]], '쾌라에', 0.3413963448816094), ([[595, 357], [697, 357], [697, 393], [595, 393]], '(해출테니', 0.608439632021004), ([[45, 395], [157, 395], [157, 431], [45, 431]], '삼켜지세요', 0.995281583852413), ([[605, 489], [713, 489], [713, 605], [605, 605]], '{파', 0.009902622498573519)]
[([[44, 140], [94, 140], [94, 172], [44, 172]], '좀더', 0.32577059980254136), ([[28, 182], [108, 182], [108, 212], [28, 212]], '가까이!', 0.9489971399307251), ([[40, 226], [88, 226], [88, 258], [40, 258]], '좀더', 0.4661162766169426), ([[38, 268], [98, 268], [98, 300], [38, 300]], '깊게!', 0.7679891425343403)]
[([[22, 146], [62, 146], [62, 174], [22, 174]], '스', 0.15273272235344226), ([[5, 197], [69, 197], [69, 287], [5, 287]], '냄', 0.003696612039008562), ([[380, 228], [418, 228], [418, 256], [380, 256]], '아-', 0.999817677601823), ([[276, 558], [330, 558], [330, 628], [276, 628]], '3', 0.7624937488522079), ([[312, 820], [391, 820], [391, 857], [312, 857]], '[키스', 0.7827385767678203), ([[312, 862], [406, 862], [406, 901], [312, 901]], '(하면서 ..', 0.2853524180310989), ([[314, 910], [398, 910], [398, 942], [314, 942]], '라  니.', 0.7285616912739654), ([[14, 1070], [92, 1070], [92, 1102], [14, 1102]], '(이런 .거', 0.2409807091626235), ([[14, 1110], [82, 1110], [82, 1142], [14, 1142]], '비비겁', 0.9267967939376831)]
[([[535, 155], [599, 155], [599, 251], [535, 251]], '표', 0.013377526143036944), ([[426, 752], [516, 752], [516, 780], [426, 780]], '머리  가.', 0.39733499258104843), ([[424, 790], [530, 790], [530, 822], [424, 822]], '새.. 하양게', 0.24319707078605213), ([[424, 830], [508, 830], [508, 858], [424, 858]], '되버. 려', 0.5759432614247796)]
[([[441, 57], [493, 57], [493, 93], [441, 93]], '입속', 0.9994866056994589), ([[506, 60], [538, 60], [538, 90], [506, 90]], '이', 0.9873206976082294), ([[441, 101], [493, 101], [493, 137], [441, 137]], '엄청', 0.9931837551384468), ([[441, 145], [555, 145], [555, 181], [441, 181]], '뜨거 .위서.', 0.27164210008685025), ([[18, 220], [74, 220], [74, 250], [18, 250]], '속이', 0.9998194476753847), ([[17, 259], [145, 259], [145, 295], [17, 295]], '엉망이되서.', 0.9885614077662567), ([[18, 302], [106, 302], [106, 332], [18, 332]], '녹아버  ', 0.4363604517126061), ([[458, 800], [492, 800], [492, 828], [458, 828]], '가 ', 0.48178558062818183), ([[604, 1066], [684, 1066], [684, 1098], [604, 1098]], '안 . 돼 .', 0.3195196279121086), ([[604, 1108], [658, 1108], [658, 1138], [604, 1138]], '이제.', 0.529599130153656), ([[602, 1148], [640, 1148], [640, 1180], [602, 1180]], '안 .', 0.4688645601272583), ([[650, 1150], [690, 1150], [690, 1178], [650, 1178]], '"돼', 0.66970789852765), ([[375.56690805057843, 283.11482991358616], [433.6322370187267, 243.02223433408113], [507.43309194942157, 362.88517008641384], [448.3677629812733, 402.97776566591887]], '꿀', 0.16774065886162592)]
[([[34, 104], [104, 104], [104, 134], [34, 134]], '아아', 0.9996064554137145), ([[116, 104], [144, 104], [144, 136], [116, 136]], '앗', 0.5621485067322851), ([[36, 146], [152, 146], [152, 176], [36, 176]], '아  아. 앗', 0.15343870985366828), ([[548, 152], [578, 152], [578, 180], [548, 180]], '아', 0.9999957084701805), ([[36, 188], [92, 188], [92, 216], [36, 216]], '뜨거', 0.999351674455033), ([[548, 194], [580, 194], [580, 226], [548, 226]], '햇', 0.31759491232902803), ([[36, 226], [62, 226], [62, 258], [36, 258]], '운', 0.9997828124683252), ([[88, 228], [124, 228], [124, 254], [88, 254]], '게.', 0.7011638427143728), ([[86, 506], [138, 506], [138, 536], [86, 536]], '대단.', 0.9612703510185188), ([[86, 546], [160, 546], [160, 578], [86, 578]], '한 . 게.', 0.3036300372484735), ([[86, 588], [138, 588], [138, 620], [86, 620]], '몸이', 0.97467351406862), ([[86, 628], [138, 628], [138, 658], [86, 658]], '저려.', 0.9166174237930018), ([[584, 722], [816, 722], [816, 846], [584, 846]], '\'" 무길', 0.018312580982483534), ([[379, 871], [582, 871], [582, 951], [379, 951]], '472 속보', 0.05589642108322879), ([[519, 947], [587, 947], [587, 1015], [519, 1015]], '"', 0.0033760615103857333), ([[774, 960], [824, 960], [824, 992], [774, 992]], '그런.', 0.9873465380269191), ([[774, 1002], [844, 1002], [844, 1032], [774, 1032]], '아 직.', 0.546158229722253), ([[772, 1042], [802, 1042], [802, 1068], [772, 1068]], '아', 0.9995288211938522), ([[441.03877877513673, 963.0420780365586], [608.70678130926, 1007.4771377374732], [579.9612212248633, 1098.9579219634415], [413.29321869074005, 1053.5228622625268]], '8  매', 0.008586710039691078)]
[([[573, 507], [613, 507], [613, 565], [573, 565]], '시', 0.2613314231514643), ([[224, 520], [304, 520], [304, 614], [224, 614]], '내', 0.5769789148002111), ([[38, 1140], [86, 1140], [86, 1190], [38, 1190]], "'클", 0.013180832318639145)]
[([[816, 78], [846, 78], [846, 102], [816, 102]], '자:', 0.3694777830075289), ([[798, 110], [872, 110], [872, 138], [798, 138]], '다시한번', 0.9992543458938599), ([[798, 144], [872, 144], [872, 172], [798, 172]], '안쪽부터', 0.8721461296081543), ([[800, 178], [876, 178], [876, 206], [800, 206]], '기분중게', 0.5761285424232483), ([[808, 212], [866, 212], [866, 240], [808, 240]], '해출게', 0.5480064072592585)]
[([[270, 62], [348, 62], [348, 90], [270, 90]], '언제까지', 0.996720552444458), ([[760, 84], [858, 84], [858, 114], [760, 114]], '해도 해도', 0.9999441786138389), ([[280, 98], [340, 98], [340, 126], [280, 126]], '먹어도', 0.9983595177505036), ([[48, 118], [94, 118], [94, 146], [48, 146]], '너도', 0.9999356002228548), ([[252, 132], [368, 132], [368, 162], [252, 162]], '질리지않논맛', 0.4173603436095245), ([[742, 124], [880, 124], [880, 156], [742, 156]], '계속 하고싶고', 0.897039136670294), ([[48, 158], [94, 158], [94, 190], [48, 190]], '엄청', 0.9970378573954968), ([[258, 168], [360, 168], [360, 198], [258, 198]], '오히려 점점', 0.9767732621097472), ([[754, 166], [866, 166], [866, 198], [754, 198]], '계속해서도', 0.9998612276883817), ([[36, 198], [106, 198], [106, 230], [36, 230]], '기분이', 0.9995371627612708), ([[252, 202], [366, 202], [366, 232], [252, 232]], '[맛있어진다고', 0.4312359397640485), ([[743, 205], [877, 205], [877, 241], [743, 241]], '없어지지않논', 0.578609426915055), ([[46, 240], [96, 240], [96, 272], [46, 272]], '좋아', 0.8578623040589958), ([[270, 238], [350, 238], [350, 268], [270, 268]], '생각하니', 0.9975290298461914), ([[36, 280], [108, 280], [108, 312], [36, 312]], '질거야', 0.9962176899277101), ([[734, 888], [784, 888], [784, 918], [734, 918]], '좋아.', 0.6749264492726451), ([[730, 928], [798, 928], [798, 960], [730, 960]], '그러면', 0.9992035248178496), ([[740, 968], [788, 968], [788, 1000], [740, 1000]], '좀더', 0.4364358816384083), ([[717, 1007], [811, 1007], [811, 1043], [717, 1043]], '기분중게', 0.4716781675815582), ([[728, 1050], [800, 1050], [800, 1080], [728, 1080]], '해줄게', 0.6403632620914573), ([[428, 1164], [460, 1164], [460, 1192], [428, 1192]], ')2', 0.13673548545764713)]
[([[703, 31], [723, 31], [723, 65], [703, 65]], '1', 0.5387687274196793), ([[296, 166], [392, 166], [392, 266], [296, 266]], '(상', 0.21910249762850487), ([[690, 70], [744, 70], [744, 234], [690, 234]], '출', 0.3954829625709557), ([[724, 940], [788, 940], [788, 968], [724, 968]], "'하아", 0.9035502809400366), ([[740, 980], [770, 980], [770, 1008], [740, 1008]], '앗.', 0.18923381067655384), ([[86, 1068], [182, 1068], [182, 1098], [86, 1098]], '하   히 잇', 0.5457071002201502), ([[86, 1106], [184, 1106], [184, 1134], [86, 1134]], '아 아앗', 0.48361843824386597)]
[([[36, 167], [138, 167], [138, 235], [36, 235]], '7스', 0.1031713336450938)]
[([[359, 61], [429, 61], [429, 97], [359, 97]], '오늘이', 0.5907948017120361), ([[780, 82], [864, 82], [864, 110], [780, 110]], '(아하아', 0.9571358561515808), ([[328, 104], [460, 104], [460, 136], [328, 136]], '끝나기전까지', 0.9846809448804502), ([[782, 120], [882, 120], [882, 150], [782, 150]], '정말.. 좋아', 0.8689167711764336), ([[334, 146], [454, 146], [454, 176], [334, 176]], '아직 시간이', 0.7852175533360174), ([[346, 181], [441, 181], [441, 219], [346, 219]], '있으니까', 0.9214905500411987), ([[744, 448], [846, 448], [846, 478], [744, 478]], '끝나기까지', 0.9889515875600025), ([[752, 479], [837, 479], [837, 515], [752, 515]], '앞으로도', 0.9995396137237549), ([[732, 520], [858, 520], [858, 550], [732, 550]], '수개월은 같이', 0.9389290340949824), ([[725, 555], [865, 555], [865, 585], [725, 585]], '어울려줄거니까', 0.9814710217756153), ([[754, 594], [822, 594], [822, 624], [754, 624]], '그대신.', 0.9775116443634033), ([[774, 630], [798, 630], [798, 656], [774, 656]], '으', 0.9952225661054968), ([[754, 666], [836, 666], [836, 696], [754, 696]], '기분중게', 0.5873837471008301), ([[744, 702], [846, 702], [846, 732], [744, 732]], '해줄거니까', 0.9907602939194567), ([[248, 944], [332, 944], [332, 974], [248, 974]], '즐겨보자.', 0.9000866876614155), ([[623, 1003], [687, 1003], [687, 1087], [623, 1087]], '가', 0.15746335203933004)]
[([[337, 391], [371, 391], [371, 411], [337, 411]], '<내', 0.14701099238268173), ([[24, 434], [725, 434], [725, 514], [24, 514]], '&닮섯-쇼 @중 츠30 끼 0 )', 0.00014555085784898503), ([[76, 526], [144, 526], [144, 558], [76, 558]], '증리', 0.030574685793832622), ([[333, 512], [404, 512], [404, 549], [333, 549]], '꼴"', 0.008538121364730254), ([[210, 546], [270, 546], [270, 570], [210, 570]], '사:<', 0.14017106149980266), ([[510, 556], [564, 556], [564, 580], [510, 580]], '* ', 0.02202861933463437), ([[556.1535010280254, 369.1219034952862], [607.9576596939222, 384.49775590103206], [599.8464989719746, 408.8780965047138], [549.0423403060778, 394.50224409896794]], '4내', 0.055509249235407176), ([[71.21553545944727, 372.07767729723633], [133.99611293975025, 398.8237008997169], [120.78446454055273, 429.92232270276367], [58.00388706024975, 402.1762991002831]], '스니', 0.0023565393330145148)]
