815594
61
[([[17, 151], [490, 151], [490, 229], [17, 229]], '운동부의 그녀가000', 0.9925881561906191), ([[261, 220], [465, 220], [465, 276], [261, 276]], '~수영부편~', 0.9045289262365988), ([[325, 286], [545, 286], [545, 349], [325, 349]], '어떤역실지물의', 0.14300802778348287), ([[345, 335], [531, 335], [531, 401], [345, 401]], '번역목록', 0.7428115606307983), ([[397, 383], [479, 383], [479, 397], [397, 397]], '하네4비 (꼴발너,', 0.0004537710561204914)]
[([[17, 151], [490, 151], [490, 229], [17, 229]], '운동부의 그녀가000', 0.9930201115125225), ([[262, 219], [466, 219], [466, 279], [262, 279]], '~수영부편~', 0.8885061668377782)]
[([[358, 186], [428, 186], [428, 218], [358, 218]], '나하고', 0.999981967736744), ([[956, 188], [1034, 188], [1034, 218], [956, 218]], '남찬에게', 0.2173563838005066), ([[331, 221], [459, 221], [459, 257], [331, 257]], '사귀어줄래?', 0.6551808555193778), ([[974, 220], [1016, 220], [1016, 250], [974, 250]], '먼저', 0.9998624354579808), ([[940, 250], [1054, 250], [1054, 282], [940, 282]], '돌아가짓으면', 0.4467808179465023), ([[968, 282], [1030, 282], [1030, 312], [968, 312]], '한다고', 0.9987895950216289), ([[958, 312], [1036, 312], [1036, 342], [958, 342]], '연락하고', 0.9996996521949768), ([[946, 344], [1046, 344], [1046, 376], [946, 376]], '나서부실에', 0.9966812628492729), ([[952, 376], [1036, 376], [1036, 406], [952, 406]], '갖습니다', 0.397871732711792), ([[956, 408], [1034, 408], [1034, 436], [956, 436]], '그러더니', 0.9930823445320129), ([[966, 438], [1028, 438], [1028, 468], [966, 468]], '부장이', 0.9987527794360489), ([[968, 468], [1030, 468], [1030, 498], [968, 498]], '저에게', 0.8682694041522409), ([[958, 500], [1038, 500], [1038, 528], [958, 528]], '고백해온', 0.8741229176521301), ([[958, 530], [1038, 530], [1038, 562], [958, 562]], '것입니다', 0.9391241073608398)]
[([[332, 268], [386, 268], [386, 296], [332, 296]], '그런 .', 0.29972955014825486), ([[984, 288], [1012, 288], [1012, 316], [984, 316]], '저', 0.9999909401145146), ([[968, 320], [1028, 320], [1028, 346], [968, 346]], '저기 ', 0.9269277678453429), ([[952, 350], [1042, 350], [1042, 378], [952, 378]], '미안해요 "', 0.44867677525514055), ([[962, 380], [1046, 380], [1046, 412], [962, 412]], '저연인이', 0.9925890564918518), ([[964, 412], [1036, 412], [1036, 440], [964, 440]], '있어서 "', 0.7669638543291536), ([[104, 432], [164, 432], [164, 462], [104, 462]], '정말로', 0.9999701986113202), ([[96, 462], [176, 462], [176, 492], [96, 492]], '미안해요', 0.9924079179763794), ([[106, 526], [168, 526], [168, 556], [106, 556]], '하지만', 0.9997227759726455), ([[106, 556], [166, 556], [166, 588], [106, 588]], '선배의', 0.9978016240939874), ([[104, 588], [164, 588], [164, 618], [104, 618]], '마음은', 0.9987037152092824), ([[104, 620], [148, 620], [148, 644], [104, 644]], '기뻐', 0.5553305473378404)]
[([[997, 251], [1049, 251], [1049, 293], [997, 293]], '에?', 0.9686610164277298), ([[100.20032633083144, 345.01142157910056], [498.9931801795524, 542.3820490026588], [389.79967366916856, 750.9885784208994], [-9.993180179552397, 553.6179509973412]], '대필문', 0.003110179631827049)]
[([[948, 390], [1052, 390], [1052, 420], [948, 420]], '"억지로라도', 0.9857830866570917), ([[962, 420], [1040, 420], [1040, 452], [962, 452]], '내것으로', 0.7687364220619202), ([[968, 452], [1040, 452], [1040, 482], [968, 482]], '할 거야"', 0.38200743458756053), ([[954, 484], [1054, 484], [1054, 514], [954, 514]], '라고 저에게', 0.737734519709241), ([[966, 516], [1044, 516], [1044, 546], [966, 546]], '말하고는', 0.7756302356719971), ([[966, 546], [1038, 546], [1038, 574], [966, 574]], '갑자기:', 0.5786875486373901), ([[478.6041759067016, 416.00652997305764], [565.3884962818844, 441.8418941107926], [478.3958240932984, 742.9934700269423], [391.61150371811567, 718.1581058892074]], '올', 0.2996370345535162)]
[([[356, 254], [428, 254], [428, 426], [356, 426]], '종', 0.21680454802273008), ([[493, 305], [557, 305], [557, 371], [493, 371]], '성"', 0.028887807684098914), ([[469, 443], [535, 443], [535, 545], [469, 545]], '웃', 0.6010726624089422), ([[759, 495], [809, 495], [809, 662], [759, 662]], '올', 0.895777973101076), ([[509.44958326707695, 34.018957372616136], [570.4376015698018, 46.34359764529725], [540.550416732923, 194.98104262738386], [479.5623984301982, 182.65640235470275]], '웃', 0.6536406244016781)]
[([[593, 59], [635, 59], [635, 123], [593, 123]], '옷', 0.8306894361351311), ([[446, 263], [519, 263], [519, 427], [446, 427]], '응', 0.2751946842693087), ([[781, 359], [1023, 359], [1023, 569], [781, 569]], '음않', 0.0009648253725481451), ([[647, 449], [735, 449], [735, 629], [647, 629]], '3', 0.02808603591697434), ([[329.5370244950805, 130.00893442258592], [420.457325878584, 143.31273682110628], [380.4629755049195, 412.9910655774141], [289.542674121416, 399.6872631788937]], '초', 0.1356612163612434)]
[([[909, 111], [993, 111], [993, 147], [909, 147]], '어떻게든', 0.663586437702179), ([[907, 147], [995, 147], [995, 183], [907, 183]], '저항해서', 0.8498650193214417), ([[901, 183], [1003, 183], [1003, 219], [901, 219]], '도망치려고', 0.9026865563242548), ([[907, 221], [997, 221], [997, 259], [907, 259]], '햇습니다.', 0.6772851048109033), ([[921, 259], [989, 259], [989, 295], [921, 295]], '하지만', 0.9998845805030749), ([[913, 297], [999, 297], [999, 333], [913, 333]], '남자에게', 0.9182153344154358), ([[923, 333], [987, 333], [987, 369], [923, 369]], '힘으로', 0.9923939181550818), ([[921, 371], [991, 371], [991, 407], [921, 407]], '상대가', 0.9998026798556747), ([[45, 377], [139, 377], [139, 469], [45, 469]], '이', 0.9982611354080326), ([[922, 410], [992, 410], [992, 442], [922, 442]], '월 리도', 0.6919729883406965), ([[931, 447], [977, 447], [977, 483], [931, 483]], '없고', 0.9895499067769763), ([[61, 481], [121, 481], [121, 569], [61, 569]], '의', 0.9944527997942174), ([[380, 428], [650, 428], [650, 596], [380, 596]], '자', 0.037948464058846554), ([[924, 484], [970, 484], [970, 516], [924, 516]], '저논;', 0.2195981851678667), ([[67, 603], [111, 603], [111, 671], [67, 671]], '옷', 0.9685377159382966)]
[([[554, 94], [584, 94], [584, 126], [554, 126]], '내', 0.9999918937847383), ([[86, 140], [116, 140], [116, 176], [86, 176]], '시', 0.9999076149344468), ([[507, 131], [629, 131], [629, 173], [507, 173]], '자지없이는', 0.7123463172795562), ([[867, 145], [903, 145], [903, 181], [867, 181]], '아', 0.9999126214995933), ([[63, 187], [123, 187], [123, 231], [63, 231]], '싫어', 0.9981313833262424), ([[531, 175], [607, 175], [607, 217], [531, 217]], '살아갈', 0.5072941563297536), ([[859, 195], [921, 195], [921, 235], [859, 235]], '아파', 0.9998524049269555), ([[527, 221], [611, 221], [611, 261], [527, 261]], '수 없는', 0.9574721455574036), ([[535, 265], [609, 265], [609, 303], [535, 303]], '몸으로', 0.9995102537023026), ([[665, 271], [707, 271], [707, 325], [665, 325]], '(', 0.9474120565548141), ([[537, 309], [615, 309], [615, 347], [537, 347]], '해줄게', 0.7933792622687141), ([[652, 368], [676, 368], [676, 396], [652, 396]], '(', 0.9884914601230435), ([[670, 316], [724, 316], [724, 432], [670, 432]], '개', 0.0077449309686061785), ([[477, 447], [563, 447], [563, 573], [477, 573]], '(죽', 0.7673593090540776), ([[759, 545], [839, 545], [839, 587], [759, 587]], '괜찮아', 0.9905640885328373), ([[537, 555], [577, 555], [577, 633], [537, 633]], '낡', 0.02425616144066467), ([[745, 589], [851, 589], [851, 631], [745, 631]], '금방 기분', 0.9871944550134215), ([[755, 633], [839, 633], [839, 675], [755, 675]], '중게 월', 0.1037276143142483), ([[753, 679], [845, 679], [845, 717], [753, 717]], '테니까  .', 0.3264305413322155), ([[694.5055560011654, 200.01223122354065], [768.974069221181, 184.04755360967226], [818.4944439988346, 421.98776877645935], [744.025930778819, 438.95244639032774]], '8', 0.016296342931904073), ([[905.4741150237325, 388.0106410861915], [998.4951651609318, 376.2417026676883], [1032.5258849762677, 660.9893589138085], [940.5048348390682, 672.7582973323117]], '날', 0.002478276873564403)]
[([[389, 299], [425, 299], [425, 353], [389, 353]], '옷', 0.8522344306432075), ([[108, 427], [162, 427], [162, 572], [108, 572]], '야', 0.07074406320757376), ([[602, 600], [778, 600], [778, 680], [602, 680]], '커튿', 0.001880067363844685)]
[([[936, 90], [1004, 90], [1004, 122], [936, 122]], '우아" ;', 0.10221304634379039), ([[68, 116], [106, 116], [106, 148], [68, 148]], '하', 0.9989148939422456), ([[960, 128], [984, 128], [984, 158], [960, 158]], '너', 0.9999738933359801), ([[68, 152], [104, 152], [104, 180], [68, 180]], '아', 0.9440178216992493), ([[933, 163], [999, 163], [999, 199], [933, 199]], '너무해:', 0.6639140812520974), ([[950, 204], [994, 204], [994, 236], [950, 236]], '선배', 0.9998846881698449), ([[942, 240], [1006, 240], [1006, 272], [942, 272]], '어째서', 0.9901946302060765), ([[952, 278], [996, 278], [996, 310], [952, 310]], '이런', 0.9996880432809826), ([[943, 313], [991, 313], [991, 351], [943, 351]], '짓율', 0.22384464211389063), ([[413, 317], [455, 317], [455, 399], [413, 399]], '햇', 0.4449857663658463), ([[648, 378], [754, 378], [754, 410], [648, 410]], '먼저 네 몸올', 0.33552492481176266), ([[670, 412], [730, 412], [730, 444], [670, 444]], '밭앞올', 0.07088895518989215), ([[123, 437], [165, 437], [165, 479], [123, 479]], '하', 0.9999232306909676), ([[662, 446], [740, 446], [740, 478], [662, 478]], '뿐이야 .', 0.39414311405183544), ([[128, 476], [164, 476], [164, 508], [128, 508]], '아', 0.9969821130019376), ([[649, 477], [759, 477], [759, 514], [649, 514]], '너도 곧 다시', 0.8715979161235292), ([[139, 521], [153, 521], [153, 561], [139, 561]], '1', 0.9750824650178771), ([[633, 513], [781, 513], [781, 549], [633, 549]], '생각하게 월 거야.', 0.33948316229420905), ([[674, 548], [734, 548], [734, 578], [674, 578]], '나에게', 0.8793266186542418), ([[662, 584], [740, 584], [740, 614], [662, 614]], '안격저서', 0.5725509524345398), ([[647, 615], [761, 615], [761, 651], [647, 651]], '다행이야라고', 0.9918106996424982)]
[([[251, 311], [849, 311], [849, 371], [251, 371]], '그 후 거역하면 모든 걸 연인에게 말한다 ', 0.3320031672367456), ([[364, 375], [741, 375], [741, 432], [364, 432]], '싫다면 내 말대로 따라라 .', 0.7964412199199213), ([[259, 435], [883, 435], [883, 495], [259, 495]], '그런 말을 듣고 그 날은 집에 돌아켓습니다', 0.503863610636091)]
[([[971, 179], [1035, 179], [1035, 215], [971, 215]], '오늘은', 0.9995061244435314), ([[971, 219], [1037, 219], [1037, 255], [971, 255]], '부장의', 0.9999642796429743), ([[971, 255], [1037, 255], [1037, 291], [971, 291]], '부실에', 0.994718619176634), ([[957, 293], [1047, 293], [1047, 329], [957, 329]], '갚습니다.', 0.5197760582872374), ([[806, 342], [898, 342], [898, 374], [806, 374]], '그런 거야', 0.9504524925900728), ([[957, 331], [1049, 331], [1049, 367], [957, 367]], '그 도중에', 0.9409349254049932), ([[801, 377], [907, 377], [907, 413], [801, 413]], '미안하지만', 0.9999036646411776), ([[971, 367], [1037, 367], [1037, 403], [971, 403]], '남친과', 0.9166826623456112), ([[823, 415], [889, 415], [889, 451], [823, 451]], '여친올', 0.42002783460253806), ([[972, 406], [1034, 406], [1034, 438], [972, 438]], '만나서', 0.9886754742800963), ([[126, 466], [150, 466], [150, 490], [126, 490]], '미', 0.9999923706200207), ([[813, 453], [899, 453], [899, 489], [813, 489]], '빌려갈게', 0.9763285517692566), ([[961, 441], [1045, 441], [1045, 479], [961, 479]], '거짓말올', 0.618378797768731), ([[92, 490], [190, 490], [190, 522], [92, 522]], "'미안 00군", 0.9904190783261599), ([[974, 480], [1022, 480], [1022, 510], [974, 510]], '하고:', 0.5179116643808331), ([[118, 518], [166, 518], [166, 548], [118, 548]], '오늘;', 0.8106184245180553), ([[104, 540], [183, 540], [183, 578], [104, 578]], '수영부에', 0.9948826432228088), ([[114, 570], [174, 570], [174, 602], [114, 602]], '볼일이', 0.9974990936642076), ([[112, 596], [172, 596], [172, 628], [112, 628]], '있어서', 0.910457061215163), ([[120, 624], [162, 624], [162, 654], [120, 654]], '함께', 0.9998715388225747), ([[100, 652], [180, 652], [180, 682], [100, 682]], '돌아갈 수', 0.9869617803509393), ([[114, 676], [158, 676], [158, 708], [114, 708]], '없어:', 0.6141735239680023)]
[([[116, 378], [144, 378], [144, 414], [116, 414]], '또', 0.9999461181269567), ([[99, 423], [159, 423], [159, 467], [99, 467]], '기분', 0.9997010233487793), ([[99, 475], [159, 475], [159, 519], [99, 519]], '중계', 0.3327277507711219), ([[89, 521], [177, 521], [177, 565], [89, 565]], '해줄게', 0.6395088013726803)]
[([[604, 70], [678, 70], [678, 238], [604, 238]], '8', 0.9091941386100757), ([[95, 291], [161, 291], [161, 329], [95, 329]], '넣울게', 0.675249600310154)]
[([[356, 154], [402, 154], [402, 186], [356, 186]], '기분', 0.9998492861964247), ([[348, 192], [400, 192], [400, 224], [348, 224]], '좋아:', 0.8266832248454423), ([[467, 205], [511, 205], [511, 275], [467, 275]], '유', 0.026016220182015992), ([[604, 230], [654, 230], [654, 324], [604, 324]], '약', 0.05874775771772889), ([[1005, 269], [1069, 269], [1069, 431], [1005, 431]], '&', 0.7072717108020612), ([[932, 488], [978, 488], [978, 520], [932, 520]], '싫어', 0.9992186868570896), ([[934, 526], [980, 526], [980, 556], [934, 556]], '자지', 0.5881380419339547), ([[152, 476], [226, 476], [226, 650], [152, 650]], '$', 0.036190921465531156), ([[914, 562], [1000, 562], [1000, 594], [914, 594]], '커다래애', 0.8004315715336316), ([[399, 709], [503, 709], [503, 745], [399, 745]], '[기분 좋아? ', 0.36981218782109415), ([[604, 712], [680, 712], [680, 876], [604, 876]], '꼴', 0.049366207678534835), ([[94.05576303174938, 70.08996776509676], [132.68109170239364, 56.04660580077352], [158.94423696825064, 131.91003223490324], [120.31890829760636, 145.95339419922647]], '@', 0.9714530546608877), ([[772.4380115389096, 665.0197638525166], [836.3370149585768, 675.2776268142061], [811.5619884610904, 822.9802361474834], [747.6629850414232, 812.7223731857939]], '전', 0.10126252022522042), ([[344.5390089471963, 743.0212966297203], [383.1268056991121, 747.4748814912508], [370.4609910528037, 860.9787033702797], [331.8731943008879, 856.5251185087492]], '"', 0.39881348665757343)]
[([[356, 154], [402, 154], [402, 186], [356, 186]], '기분', 0.9998602439108708), ([[348, 192], [400, 192], [400, 224], [348, 224]], '좋아:', 0.8266832248454423), ([[467, 205], [511, 205], [511, 275], [467, 275]], '유', 0.026016220182015992), ([[602, 230], [654, 230], [654, 324], [602, 324]], '@', 0.5478310732416993), ([[1005, 269], [1069, 269], [1069, 431], [1005, 431]], '&', 0.755680638281774), ([[932, 488], [978, 488], [978, 520], [932, 520]], '싫어', 0.9992186868570896), ([[934, 526], [980, 526], [980, 556], [934, 556]], '자지', 0.5881380419339547), ([[152, 476], [226, 476], [226, 650], [152, 650]], '$', 0.036190921465531156), ([[914, 562], [1000, 562], [1000, 594], [914, 594]], '커다래애', 0.7743210317861873), ([[399, 709], [503, 709], [503, 745], [399, 745]], '[기분 좋아? ', 0.36981218782109415), ([[604, 712], [680, 712], [680, 876], [604, 876]], '꼴', 0.049366207678534835), ([[94.05576303174938, 70.08996776509676], [132.68109170239364, 56.04660580077352], [158.94423696825064, 131.91003223490324], [120.31890829760636, 145.95339419922647]], '@', 0.9714530546608877), ([[772.4380115389096, 665.0197638525166], [836.3370149585768, 675.2776268142061], [811.5619884610904, 822.9802361474834], [747.6629850414232, 812.7223731857939]], '전', 0.10126252022522042), ([[344.5390089471963, 743.0212966297203], [383.1268056991121, 747.4748814912508], [370.4609910528037, 860.9787033702797], [331.8731943008879, 856.5251185087492]], '"', 0.39881348665757343)]
[([[532, 50], [580, 50], [580, 82], [532, 82]], '아아:', 0.9021521627979845), ([[548, 90], [574, 90], [574, 118], [548, 118]], '또', 0.9999690058248802), ([[528, 126], [574, 126], [574, 158], [528, 158]], '안에', 0.9924046788857539), ([[538, 164], [584, 164], [584, 196], [538, 196]], '안에', 0.9955216369629242), ([[528, 202], [594, 202], [594, 232], [528, 232]], '싸지고', 0.970937192440033), ([[532, 238], [578, 238], [578, 270], [532, 270]], '있어:', 0.3935925523930902), ([[195, 623], [231, 623], [231, 707], [195, 707]], '좀', 0.008113519249096868), ([[315, 687], [353, 687], [353, 779], [315, 779]], '손', 0.39744000966221904), ([[470.49784750781384, 660.0157753742401], [530.6639457433696, 652.174957855505], [550.5021524921862, 834.9842246257599], [490.3360542566304, 841.825042144495]], '8', 0.07072145792541562), ([[429.4416853037704, 734.026032750343], [475.1490621565179, 726.1110564478458], [494.5583146962296, 852.973967249657], [448.8509378434821, 860.8889435521542]], '북', 0.008843393883935846)]
[([[538, 112], [598, 112], [598, 233], [538, 233]], '@', 0.4281433226539413), ([[996, 262], [1034, 262], [1034, 292], [996, 292]], '@', 0.8388107800806779), ([[597, 265], [639, 265], [639, 341], [597, 341]], '햇', 0.6173086975142184), ([[66, 408], [152, 408], [152, 456], [66, 456]], '오늘은', 0.9995838925341876), ([[77, 459], [139, 459], [139, 503], [77, 503]], '아직', 0.9998210491713027), ([[953, 457], [1031, 457], [1031, 493], [953, 493]], '이 이젠', 0.8311877860757263), ([[937, 497], [1029, 497], [1029, 533], [937, 533]], '무리에요:', 0.6187855992802609), ([[58, 506], [149, 506], [149, 556], [58, 556]], '끝나지', 0.4676106872119878), ([[962, 538], [1012, 538], [1012, 570], [962, 570]], '이젠:', 0.7089614826997385), ([[50, 558], [166, 558], [166, 606], [50, 606]], '않듣다구', 0.1777791529893875), ([[961, 577], [1021, 577], [1021, 613], [961, 613]], "우아'", 0.4492799127111325), ([[378, 696], [434, 696], [434, 812], [378, 812]], '출', 0.22127103431984452), ([[678.347727437143, 112.04272852228728], [719.9297282176478, 117.94824820963598], [708.652272562857, 197.9572714777127], [667.0702717823522, 191.05175179036402]], '향', 0.05929208030557853), ([[211.23701410408782, 147.0487100118849], [257.0987473338622, 135.10146168137135], [281.7629858959122, 236.9512899881151], [235.9012526661378, 248.89853831862865]], '@', 0.01257685512065404), ([[212.48725364631224, 558.0263603692285], [250.27555529894553, 562.5478265890196], [238.51274635368776, 664.9736396307715], [199.72444470105447, 661.4521734109804]], '춤', 0.054412858035504996)]
[([[814, 80], [866, 80], [866, 112], [814, 112]], '안 돼', 0.8903742432594299), ([[794, 116], [884, 116], [884, 148], [794, 148]], '내 자지의', 0.8372697418957702), ([[815, 151], [863, 151], [863, 189], [815, 189]], '맛을', 0.597063114617369), ([[349, 163], [389, 163], [389, 221], [349, 221]], '유', 0.4228113652518459), ([[805, 189], [873, 189], [873, 225], [805, 225]], '착실히', 0.9945797603083136), ([[798, 228], [882, 228], [882, 260], [798, 260]], '기억하고', 0.9993612766265869), ([[801, 265], [887, 265], [887, 301], [801, 301]], '돌아가자', 0.999369740486145), ([[1002, 264], [1058, 264], [1058, 372], [1002, 372]], '종', 0.050562735581224594), ([[63, 333], [113, 333], [113, 420], [63, 420]], '@', 0.8737216090267452), ([[255, 441], [303, 441], [303, 481], [255, 481]], '@', 0.9651307232070963), ([[956, 428], [1006, 428], [1006, 486], [956, 486]], '7', 0.07563006826785923), ([[101, 569], [149, 569], [149, 605], [101, 605]], '싫어:', 0.6423512843243077), ([[112, 604], [162, 604], [162, 680], [112, 680]], '더논', 0.1906723666298945), ([[93, 681], [179, 681], [179, 717], [93, 717]], '한계에요', 0.6448198928250948), ([[810, 730], [840, 730], [840, 770], [810, 770]], '호', 0.9911522746170967), ([[712, 747], [766, 747], [766, 873], [712, 873]], '=', 0.2578531349387312), ([[664.6135624623673, 226.01495576453846], [703.7575749688448, 222.05772520325104], [720.3864375376327, 364.98504423546154], [681.2424250311552, 368.94227479674896]], '8', 0.18565475806917675)]
[([[933, 9], [999, 9], [999, 85], [933, 85]], '배', 0.02156230685710825), ([[978, 142], [1054, 142], [1054, 222], [978, 222]], '79', 0.17451106889533483), ([[103, 379], [163, 379], [163, 471], [103, 471]], '액', 0.4330719297295218), ([[748, 686], [804, 686], [804, 746], [748, 746]], '~6', 0.36672952609583537), ([[574, 776], [626, 776], [626, 836], [574, 836]], '%', 0.02421729028927988), ([[99.37836349444326, 488.0322895466553], [176.79645599520086, 553.4504523577186], [141.62163650555672, 595.9677104533447], [64.20354400479913, 529.5495476422814]], '_', 0.03587864920941741), ([[855.336336351604, 638.0315316918424], [910.2614475532205, 625.114598772005], [938.663663648396, 756.9684683081576], [883.7385524467795, 769.885401227995]], '쭉', 0.9426162531419813)]
[([[90, 412], [192, 412], [192, 490], [90, 490]], "0'", 0.3934243776846145), ([[551, 601], [635, 601], [635, 741], [551, 741]], '빚', 0.0410041138897379), ([[691.0675452416649, 239.048434319983], [755.9871121016417, 214.05429657887137], [802.9324547583351, 352.951565680017], [738.0128878983583, 376.9457034211286]], '무', 0.027454673917413297), ([[891.7852532131767, 257.0672789185902], [964.6694882749562, 220.0203922907193], [1032.2147467868233, 368.9327210814098], [958.3305117250438, 405.9796077092807]], '영', 0.11426531553121322), ([[969.120938695087, 436.05541569118753], [1020.5494803420056, 412.0215996565295], [1069.879061304913, 528.9445843088125], [1018.4505196579944, 552.9784003434705]], '봄', 0.04129765167282806), ([[143.62148357204947, 485.0071663021057], [220.92565198275994, 494.80275821181954], [186.37851642795053, 768.9928336978943], [108.07434801724006, 759.1972417881805]], '8', 0.20917617903564079), ([[924.4300236000968, 690.0203304013542], [980.8054108045112, 676.0406461671831], [1019.5699763999032, 845.9796695986458], [962.1945891954888, 859.9593538328169]], '뷰', 0.01062237558619139)]
[([[85, 91], [251, 91], [251, 153], [85, 153]], '다음 날은', 0.9986404745675119), ([[91, 161], [243, 161], [243, 223], [91, 223]], '수영부의', 0.9997407793998718), ([[79, 229], [269, 229], [269, 291], [79, 291]], '사워실에서', 0.8738043563781823)]
[([[97, 81], [155, 81], [155, 125], [97, 125]], '다음', 0.9999738690539219), ([[241, 93], [305, 93], [305, 131], [241, 131]], '하아', 0.9999522058083213), ([[96, 130], [156, 130], [156, 178], [96, 178]], '날은', 0.9998022527139216), ([[235, 139], [333, 139], [333, 177], [235, 177]], '끝내쥐  .', 0.45943116609835577), ([[68, 180], [182, 180], [182, 228], [68, 228]], '수영부의', 0.9996127486228943), ([[59, 228], [200, 228], [200, 279], [59, 279]], '사워실에서', 0.9637165792581077), ([[1006, 340], [1038, 340], [1038, 390], [1006, 390]], '유', 0.4425515398590427), ([[112, 378], [162, 378], [162, 482], [112, 482]], '초', 0.03303117738647643), ([[369, 385], [407, 385], [407, 463], [369, 463]], '주', 0.9406580511681604), ([[992, 454], [1042, 454], [1042, 484], [992, 484]], '아양', 0.8242744786963438), ([[273, 453], [311, 453], [311, 531], [273, 531]], '꽃', 0.020845387396978055), ([[978, 492], [1054, 492], [1054, 524], [978, 524]], '서, 선배', 0.3747809381342485), ([[1000, 530], [1052, 530], [1052, 562], [1000, 562]], '좁더', 0.40827636336327155), ([[985, 565], [1073, 565], [1073, 601], [985, 601]], '상낭하게', 0.8777122497558594), ([[668.4765760774097, 718.027472735393], [710.3311157748803, 713.1804428840541], [720.5234239225903, 822.972527264607], [678.6688842251197, 827.8195571159459]], '꼭', 0.10211443581739843), ([[326.4765760774098, 758.027472735393], [368.398210193637, 754.1994783351796], [376.5234239225902, 862.972527264607], [335.601789806363, 866.8005216648204]], '"', 0.006340063986503219)]
[([[22, 94], [172, 94], [172, 150], [22, 150]], '다음 날은', 0.9998477670551321), ([[30, 154], [171, 154], [171, 216], [30, 216]], '수영부의', 0.9997831583023071), ([[366, 168], [462, 168], [462, 200], [366, 200]], '싸주컷다고', 0.32796768570881113), ([[16, 218], [188, 218], [188, 274], [16, 274]], '사워실에서', 0.8333010162322785), ([[388, 236], [444, 236], [444, 268], [388, 268]], '으웃!', 0.47057966734570006), ([[612, 220], [662, 220], [662, 314], [612, 314]], '&', 0.06573974710264796), ([[46, 364], [114, 364], [114, 416], [46, 416]], '(혼', 0.007117245688478875), ([[41, 409], [109, 409], [109, 547], [41, 547]], '논', 0.10794593216729798), ([[199, 461], [241, 461], [241, 507], [199, 507]], '헌', 0.01813508695592625), ([[690, 396], [763, 396], [763, 527], [690, 527]], '(위', 0.02568372584998458), ([[980, 400], [1032, 400], [1032, 496], [980, 496]], '양', 0.9602585673907562), ([[974, 590], [1052, 590], [1052, 614], [974, 614]], '아아아:', 0.40486201643943787), ([[997, 623], [1045, 623], [1045, 659], [997, 659]], '깊어', 0.825859740967997), ([[62, 590], [142, 590], [142, 780], [62, 780]], '@', 0.5340378482902111), ([[996, 666], [1042, 666], [1042, 692], [996, 692]], '자지', 0.9999638381954854), ([[1004, 700], [1054, 700], [1054, 732], [1004, 732]], '깊어', 0.3047313164856669), ([[1004, 740], [1052, 740], [1052, 764], [1004, 764]], '어어', 0.9998180990478259)]
[([[32, 94], [180, 94], [180, 150], [32, 150]], '다음 날은', 0.9996840913610755), ([[34, 154], [175, 154], [175, 216], [34, 216]], '수영부의', 0.9997794032096863), ([[26, 220], [198, 220], [198, 274], [26, 274]], '사워실에서', 0.7770378798255383), ([[966, 392], [1042, 392], [1042, 464], [966, 464]], '0$', 0.09272296014210521), ([[965, 457], [1027, 457], [1027, 591], [965, 591]], '$', 0.4491270422410629), ([[56, 662], [116, 662], [116, 809], [56, 809]], '쁨', 0.08681173130508402), ([[488.7426694080676, 459.32507598742984], [535.6535459155622, 415.0267398301415], [615.2573305919324, 508.67492401257016], [568.3464540844378, 552.9732601698585]], '유', 0.02422902536796201), ([[958.4257255601344, 582.0275458253983], [1010.1897069987704, 587.9180939341626], [997.5742744398656, 697.9724541746017], [944.8102930012296, 692.0819060658374]], '8', 0.6794452217093436), ([[306.1924596559341, 720.0363021808683], [439.95473769629734, 776.098516339299], [406.8075403440659, 848.9636978191317], [273.04526230370266, 792.901483660701]], '@7', 0.19988503733216198)]
[([[959, 193], [1025, 193], [1025, 229], [959, 229]], '누구도', 0.99956379663132), ([[972, 234], [1016, 234], [1016, 266], [972, 266]], '연는', 0.6010989261826082), ([[944, 270], [1048, 270], [1048, 302], [944, 302]], '부실에서도', 0.9982058606231304)]
[([[205, 149], [223, 149], [223, 179], [205, 179]], '응', 0.9971336430244406), ([[182, 186], [246, 186], [246, 218], [182, 218]], '제대로', 0.999984789576592), ([[171, 219], [259, 219], [259, 257], [171, 257]], '남깊없이', 0.6992870569229126), ([[182, 260], [254, 260], [254, 292], [182, 292]], '해야 돼', 0.8808575360132597), ([[778, 290], [808, 290], [808, 366], [778, 366]], '올', 0.9680995790184319), ([[447, 443], [514, 443], [514, 553], [447, 553]], '총', 0.15571454924844375), ([[366, 494], [434, 494], [434, 659], [366, 659]], '춤', 0.020481297272489707), ([[487, 657], [537, 657], [537, 693], [487, 693]], '오오', 0.9982339983652625), ([[491, 701], [541, 701], [541, 737], [491, 737]], '기분', 0.9997403009974639), ([[483, 745], [539, 745], [539, 783], [483, 783]], '좋아', 0.9536216640633559), ([[419.9426902392719, 112.07017679453892], [473.6699077422622, 90.02809786707984], [515.0573097607281, 202.92982320546108], [462.3300922577378, 224.97190213292018]], '쭉', 0.04823187942766172)]
[([[251, 127], [311, 127], [311, 169], [251, 169]], '자지', 0.9999872716754757), ([[232, 169], [339, 169], [339, 225], [232, 225]], '맛있어? ', 0.8737455842151414), ([[868, 194], [898, 194], [898, 270], [868, 270]], '올', 0.9615207168872217), ([[907, 343], [1005, 343], [1005, 379], [907, 379]], '맛있어오', 0.9259663820266724), ([[583, 395], [627, 395], [627, 469], [583, 469]], '@', 0.6704131902016606), ([[673, 430], [703, 430], [703, 489], [673, 489]], '올', 0.14610408926252205), ([[920, 428], [992, 428], [992, 456], [920, 456]], '자지 .', 0.7078847289085388), ([[121, 501], [171, 501], [171, 537], [121, 537]], '아앗', 0.9191891467140583), ([[357, 489], [425, 489], [425, 555], [357, 555]], '넷', 0.057144682081766485), ([[101, 539], [201, 539], [201, 575], [101, 575]], '쌀 것 같아', 0.864525321345966), ([[95, 615], [199, 615], [199, 651], [95, 651]], '입에 쌀게?', 0.7763902344924768), ([[565, 609], [605, 609], [605, 679], [565, 679]], '군', 0.08649727379950267), ([[104, 652], [196, 652], [196, 684], [104, 684]], '전부 마서', 0.9756623020375944), ([[442.219428607749, 55.03817179904016], [500.18950547057983, 44.305452203390956], [518.780571392251, 172.96182820095984], [460.81049452942017, 182.69454779660904]], '?', 0.17788837967145898)]
[([[345, 53], [455, 53], [455, 181], [345, 181]], '이"', 0.22772250589299595), ([[357, 193], [467, 193], [467, 347], [357, 347]], '쇼', 0.006699513929931733), ([[694, 440], [722, 440], [722, 532], [694, 532]], ';', 0.2071010637161672), ([[842, 296], [935, 296], [935, 543], [842, 543]], '움', 0.012745058289569622), ([[496.2502366067374, 52.02814686960727], [605.9310344827586, 135.82758620689654], [552.7497633932626, 204.97185313039273], [442.0689655172414, 121.17241379310344]], '(', 0.9368773290584755), ([[379.4281473238831, 450.02339735137383], [430.42346542281325, 428.01282052358164], [490.5718526761169, 585.9766026486262], [438.57653457718675, 606.9871794764183]], '@', 0.07219475917514728), ([[630.3729298231972, 587.0494578861421], [659.7339884524115, 581.0679190049382], [674.6270701768028, 657.9505421138579], [644.2660115475885, 663.9320809950618]], '국', 0.009996555446230071)]
[([[104, 284], [164, 284], [164, 316], [104, 316]], '이번엔', 0.9888051511496), ([[115, 251], [135, 251], [135, 277], [115, 277]], '후', 0.9999672177140475), ([[305, 141], [369, 141], [369, 401], [305, 401]], '9', 0.4168778914137796), ([[104, 318], [164, 318], [164, 348], [104, 348]], '보지도', 0.9999028878295189), ([[103, 349], [165, 349], [165, 385], [103, 385]], '사용할', 0.8739147000214752), ([[104, 388], [166, 388], [166, 418], [104, 418]], '거니까', 0.9946929655100833), ([[105, 419], [167, 419], [167, 455], [105, 455]], '수영복', 0.9996231209936868), ([[118, 454], [160, 454], [160, 486], [118, 486]], '벗어', 0.9925789503153432), ([[414, 514], [446, 514], [446, 582], [414, 582]], '훈', 0.04647767963325422), ([[791, 549], [833, 549], [833, 623], [791, 623]], '@', 0.28115755412727594)]
[([[911, 215], [977, 215], [977, 251], [911, 251]], '전화도', 0.9998411524007915), ([[901, 253], [987, 253], [987, 289], [901, 289]], '안 받아  ', 0.4506743871618299), ([[193, 291], [305, 291], [305, 327], [193, 327]], '아직 부실에', 0.9910917641155707), ([[924, 294], [970, 294], [970, 324], [924, 324]], '먼저', 0.9998728874712458), ([[197, 329], [299, 329], [299, 365], [197, 365]], '있는 건가?', 0.5592532155956128), ([[899, 329], [989, 329], [989, 365], [899, 365]], '돌아간 건', 0.9987374773790071), ([[206, 368], [296, 368], [296, 400], [206, 400]], '잠깐 보러', 0.9988995152017891), ([[903, 367], [991, 367], [991, 403], [903, 403]], '아니켓고', 0.7790641188621521), ([[211, 403], [293, 403], [293, 439], [211, 439]], '가불까', 0.721883554938169)]
[([[257, 361], [499, 361], [499, 421], [257, 421]], '문이 열려 있다 .', 0.6818594902652614), ([[513, 361], [861, 361], [861, 421], [513, 421]], '원가 이상한 소리가 나 -', 0.3825157894382516)]
[([[870, 228], [970, 228], [970, 260], [870, 260]], '문에서 방울', 0.8605658279491695), ([[872, 262], [966, 262], [966, 294], [872, 294]], '들여다보니', 0.9997643576164299), ([[853, 295], [991, 295], [991, 331], [853, 331]], '거기에는 한쌍의', 0.38029352778469167), ([[864, 332], [982, 332], [982, 364], [864, 364]], '남녀가 섞이고', 0.9878090975804765), ([[886, 366], [952, 366], [952, 398], [886, 398]], '있없다', 0.46290686625857497), ([[869, 397], [971, 397], [971, 433], [869, 433]], '정옥올 원히', 0.7691370621656042), ([[844, 432], [996, 432], [996, 464], [844, 464]], '드러내려 여자애의', 0.7026927005812896), ([[853, 467], [991, 467], [991, 503], [853, 503]], '성기에 폐니스홀', 0.4490613441249499), ([[860, 502], [984, 502], [984, 534], [860, 534]], '때려박고 있다.', 0.6835005716625673), ([[870, 536], [970, 536], [970, 568], [870, 568]], '달리 사람은', 0.8389528147980245), ([[850, 570], [990, 570], [990, 602], [850, 602]], '확인할 수 없다  .', 0.32252400039222495), ([[288, 494], [694, 494], [694, 786], [288, 786]], '~', 0.3947564849808174)]
[([[578, 32], [628, 32], [628, 120], [578, 120]], '양', 0.47279820911904835), ([[509, 105], [551, 105], [551, 159], [509, 159]], '@', 0.7766665287491037), ([[375, 159], [413, 159], [413, 265], [375, 265]], '8', 0.910908036752037), ([[832, 262], [880, 262], [880, 372], [832, 372]], '%', 0.19041590305357037), ([[560, 514], [710, 514], [710, 634], [560, 634]], '대수-', 0.06307970078200643), ([[168, 608], [224, 608], [224, 666], [168, 666]], '(%', 0.4795924522582182), ([[300, 494], [496, 494], [496, 754], [300, 754]], '~', 0.5097216778703775), ([[739, 659], [899, 659], [899, 745], [739, 745]], '중4고', 0.017308580118492928)]
[([[581, 81], [625, 81], [625, 125], [581, 125]], '@', 0.9801616248280567), ([[868, 178], [900, 178], [900, 224], [868, 224]], '잎', 0.011286226130389432), ([[484, 540], [684, 540], [684, 734], [484, 734]], '인', 0.015514525044668659), ([[678, 690], [876, 690], [876, 764], [678, 764]], '나-걸', 0.010999232020659316), ([[146.89099974438227, 491.0341958589926], [372.89267181180855, 541.7840818008497], [334.10900025561773, 688.9658041410074], [108.10732818819145, 639.2159181991503]], '(4', 0.028992989008962623)]
[([[570, 516], [754, 516], [754, 614], [570, 614]], '(;', 0.17253246581807752), ([[244, 562], [434, 562], [434, 664], [244, 664]], '(사', 0.09071792114661696)]
[([[185, 301], [897, 301], [897, 369], [185, 369]], '부실에는 아까 전의 두 사람밖에 없없다 .', 0.6815080986371979), ([[341, 375], [731, 375], [731, 443], [341, 443]], '그러면 그녀는 어디에:', 0.48499505423487577), ([[339, 449], [757, 449], [757, 517], [339, 517]], '역시 먼저 돌아간 걸까 :', 0.4884368021749948)]
[([[825, 131], [967, 131], [967, 167], [825, 167]], '부장이 내 방에서', 0.9770598656408889), ([[825, 165], [967, 165], [967, 201], [825, 201]], '하자고 말하니까', 0.8546014412253173), ([[848, 202], [950, 202], [950, 234], [848, 234]], '학교름 쉬고', 0.2914218112128298), ([[850, 236], [952, 236], [952, 268], [850, 268]], '내 침대에서', 0.9046133029239083), ([[830, 270], [970, 270], [970, 302], [830, 302]], '씩스틀 햇습니다.', 0.34125519297046597), ([[854, 304], [950, 304], [950, 336], [854, 336]], '남친에계도', 0.48956664220574975), ([[857, 337], [941, 337], [941, 373], [857, 373]], '들인 적이', 0.8554693681594939), ([[858, 372], [936, 372], [936, 404], [858, 404]], '없엎는데', 0.7212709188461304), ([[839, 405], [959, 405], [959, 441], [839, 441]], '라고 생각하여', 0.7701952504907013), ([[825, 439], [981, 439], [981, 475], [825, 475]], '남친한데서 전화가 |', 0.5300980802802688), ([[485, 413], [647, 413], [647, 583], [485, 583]], '히', 0.567427591366382), ([[850, 476], [940, 476], [940, 508], [850, 508]], '걸려 와서 ', 0.6294859880432878)]
[([[877, 137], [895, 137], [895, 167], [877, 167]], '듯', 0.028197759746763973), ([[854, 172], [918, 172], [918, 200], [854, 200]], '하아 ', 0.5358785390853882), ([[876, 208], [904, 208], [904, 234], [876, 234]], '여', 0.9997869843446985), ([[856, 240], [934, 240], [934, 270], [856, 270]], '여보세요', 0.9992257356643677), ([[858, 274], [936, 274], [936, 304], [858, 304]], '""00군?', 0.6455639276466277), ([[485, 413], [645, 413], [645, 583], [485, 583]], '인', 0.0692572274333294)]
[([[844, 162], [938, 162], [938, 190], [844, 190]], '왜 그래 ?', 0.4679346050114786), ([[877, 199], [897, 199], [897, 223], [877, 223]], '오', 0.999545268267358), ([[868, 232], [920, 232], [920, 262], [868, 262]], '오늘?', 0.9999955951683134), ([[876, 264], [920, 264], [920, 296], [876, 296]], '우우', 0.38971795481224536), ([[213, 427], [227, 427], [227, 449], [213, 449]], '응', 0.8539304822452465), ([[192, 454], [258, 454], [258, 482], [192, 482]], '괜찮아 .', 0.3059155201772978), ([[206, 486], [248, 486], [248, 514], [206, 514]], '감기', 0.9999919078146757), ([[176, 516], [264, 516], [264, 546], [176, 546]], '걸러버럿로어', 0.17416495330121798), ([[200, 548], [256, 548], [256, 574], [200, 574]], '응아" \'', 0.24523225849021243), ([[292, 670], [346, 670], [346, 798], [292, 798]], '죽', 0.4880088071502975), ([[380, 742], [428, 742], [428, 850], [380, 850]], '줄', 0.03536648533796005), ([[500, 756], [554, 756], [554, 849], [500, 849]], '%', 0.6078450649734215), ([[597.2736737481338, 649.0441247346969], [639.9123431055236, 638.0697698140963], [664.7263262518662, 742.9558752653031], [622.0876568944764, 753.9302301859037]], '죽', 0.27630675758283374)]
[([[837, 173], [917, 173], [917, 209], [837, 209]], '혼자야  ', 0.3705911106390765), ([[856, 212], [902, 212], [902, 244], [856, 244]], '혼자', 0.9996575318874399), ([[827, 249], [921, 249], [921, 285], [827, 285]], '집에 있어:', 0.9057643977111243), ([[426, 302], [458, 302], [458, 342], [426, 342]], '양', 0.1889098227681254), ([[209, 625], [273, 625], [273, 711], [209, 711]], '차', 0.13888332487921673), ([[300, 664], [354, 664], [354, 820], [300, 820]], '준', 0.03182735572019113), ([[675, 649], [739, 649], [739, 773], [675, 773]], '국', 0.12542481695965169), ([[249.26190718873656, 231.05477816453487], [288.5289302729676, 217.02805543410443], [316.73809281126347, 307.94522183546513], [277.4710697270324, 320.97194456589557]], '!', 0.025516672722556644), ([[897.1964926239916, 567.0540454175381], [943.737228220667, 552.0454643715356], [974.8035073760084, 652.9459545824619], [929.262771779333, 668.9545356284644]], '축', 0.10380763579850427)]
[([[835, 135], [855, 135], [855, 163], [835, 163]], '옷', 0.6923255947918392), ([[822, 172], [894, 172], [894, 202], [822, 202]], '미안해', 0.9922821521759033), ([[834, 208], [882, 208], [882, 240], [834, 240]], '걱정', 0.9914890601143764), ([[830, 246], [900, 246], [900, 276], [830, 276]], '끼처서', 0.6879907322047002), ([[688, 316], [724, 316], [724, 346], [688, 346]], '@', 0.5183364426067705), ([[690, 344], [720, 344], [720, 374], [690, 374]], '@', 0.9287276779591735), ([[168, 362], [228, 362], [228, 392], [168, 392]], '내일은', 0.9311090393574246), ([[160, 424], [250, 424], [250, 452], [160, 452]], '갈   거니까', 0.4091859838767319), ([[168, 490], [226, 490], [226, 514], [168, 514]], '제대로', 0.9999897450052484), ([[160, 518], [184, 518], [184, 546], [160, 546]], '갈', 0.8838761248746927), ([[190, 520], [250, 520], [250, 544], [190, 544]], '거니까', 0.9347491357973969), ([[176, 550], [230, 550], [230, 574], [176, 574]], '아앗이', 0.21020907300748065), ([[539, 583], [603, 583], [603, 623], [539, 623]], '기내', 0.420680294412034), ([[176.99099080900552, 391.1747742652155], [229.82897100074868, 398.0015396467946], [226.00900919099448, 424.8252257347845], [173.17102899925132, 417.9984603532054]], '학교 ', 0.7031149838096371), ([[83.04996825095951, 695.0647682320044], [139.25454389720318, 683.3730073324634], [157.95003174904048, 781.9352317679956], [101.74545610279682, 793.6269926675366]], '채', 0.09711235335650859), ([[584.1821112670282, 747.0479457697398], [631.5410125526857, 725.0209380703538], [682.8178887329718, 845.9520542302602], [635.4589874473143, 867.9790619296462]], ';', 0.06684120799303006), ([[144.0881332010206, 787.2054127246948], [194.63223701872667, 739.0222343340812], [289.9118667989794, 850.7945872753052], [239.36776298127333, 898.9777656659188]], '줄', 0.24608662519278202)]
[([[665, 351], [753, 351], [753, 413], [665, 413]], '@어늘', 0.15652741725999877), ([[157, 785], [287, 785], [287, 845], [157, 845]], '(_', 0.7739371155587881), ([[357, 825], [395, 825], [395, 871], [357, 871]], '(', 0.7749271198515686), ([[232.44221053482664, 335.0155685733968], [302.4440061362072, 312.00986193533794], [368.55778946517336, 533.9844314266032], [298.5559938637928, 556.9901380646621]], '유', 0.05331590622219906)]
[([[360, 289], [740, 289], [740, 340], [360, 340]], '그녀름 추궁하다, 그 전화에서의', 0.32920286791514), ([[280, 338], [820, 338], [820, 390], [280, 390]], '그녀의 목소리 부실에서의 씩스하는 누군가 "', 0.2889455268767803), ([[430, 390], [667, 390], [667, 438], [430, 438]], '거의 알고 있없지만', 0.685471819199219), ([[302, 440], [810, 440], [810, 488], [302, 488]], '그녀의 입에서 듣기까지는 믿기지 않사없다', 0.256685632360411)]
[([[935, 157], [1019, 157], [1019, 193], [935, 193]], '부장과의', 0.9995527863502502), ([[937, 193], [1015, 193], [1015, 229], [937, 229]], '일이지?', 0.9968011379241943), ([[177, 245], [243, 245], [243, 281], [177, 281]], '처음엔', 0.8915145158536961), ([[950, 234], [996, 234], [996, 266], [950, 266]], '역시', 0.9983236416174027), ([[168, 284], [252, 284], [252, 316], [168, 316]], '싫엎는데', 0.16571861505508423), ([[929, 269], [1023, 269], [1023, 305], [929, 305]], '눈치 채고', 0.8226840855672639), ([[151, 319], [269, 319], [269, 355], [151, 355]], '이젠 그 사람', 0.8059741612160747), ([[938, 308], [1022, 308], [1022, 340], [938, 340]], '있엇구나', 0.1968357900334916), ([[179, 357], [247, 357], [247, 393], [179, 393]], '없이는', 0.9714225844461102), ([[182, 396], [246, 396], [246, 428], [182, 428]], '안 돼', 0.6766505837440491), ([[740, 492], [786, 492], [786, 522], [740, 522]], '그래', 0.9999951952626506), ([[729, 525], [817, 525], [817, 561], [729, 561]], '부장하고;', 0.6836734074670882), ([[717, 563], [821, 563], [821, 599], [717, 599]], '부실이튼지', 0.5935746126514703), ([[735, 601], [801, 601], [801, 637], [735, 637]], '부장의', 0.9998123840030909), ([[719, 639], [825, 639], [825, 675], [719, 675]], '집에서든지', 0.9138846687475887), ([[709, 675], [841, 675], [841, 711], [709, 711]], '내 방에서든지', 0.9316785333866159)]
[([[165, 284], [953, 284], [953, 347], [165, 347]], '미안합니다, 라고 한마디틀 중얼거리고 그녀느 떠낫다.', 0.2650861187784685), ([[153, 347], [981, 347], [981, 409], [153, 409]], '이전 모든 게 늦어버린 소중한 사람올 잃어버리고 말앉다', 0.3606574318951341)]
[([[789, 197], [907, 197], [907, 233], [789, 233]], '이젠 안 되요', 0.8112204765252723), ([[779, 235], [927, 235], [927, 271], [779, 271]], '선배의 자지에서', 0.9687837355293419), ([[795, 273], [905, 273], [905, 309], [795, 309]], '떨어지는 건', 0.646995841657096), ([[818, 312], [882, 312], [882, 344], [818, 344]], '절대로', 0.9999733645730599), ([[795, 347], [903, 347], [903, 383], [795, 383]], '불가능해요', 0.9993805983632756), ([[773, 385], [921, 385], [921, 421], [773, 421]], '그렇게해서 저논', 0.3755195852514704), ([[793, 420], [905, 420], [905, 459], [793, 459]], '선배의 것이', 0.9816249578222502), ([[809, 459], [897, 459], [897, 495], [809, 495]], '목습니다', 0.3526935875415802)]
[([[832, 190], [880, 190], [880, 222], [832, 222]], '역시', 0.9973874745913496), ([[820, 228], [892, 228], [892, 260], [820, 260]], '굉장해', 0.96307373046875), ([[820, 266], [888, 266], [888, 294], [820, 294]], '선배계', 0.7196276583476502), ([[829, 301], [879, 301], [879, 337], [829, 337]], '자궁', 0.8886066368556751), ([[830, 340], [880, 340], [880, 370], [830, 370]], '안에', 0.9855093320667863), ([[826, 378], [900, 378], [900, 410], [826, 410]], '닿아아', 0.6730909088167741), ([[172.23794641453858, 621.0264283693555], [249.19599250414197, 597.0652113907018], [301.76205358546144, 786.9735716306445], [225.80400749585803, 810.9347886092982]], '7', 0.40929760832183604), ([[1023.1911248646676, 777.0658616744723], [1074.986134963049, 814.6279003758918], [1050.8088751353323, 847.9341383255277], [998.0138650369511, 810.3720996241082]], '번세', 0.04882752375612075)]
[([[114, 106], [138, 106], [138, 134], [114, 134]], '내', 0.9999973773973494), ([[98, 142], [164, 142], [164, 174], [98, 174]], '자지가', 0.9999725386698679), ([[102, 180], [160, 180], [160, 212], [102, 212]], '좋아?', 0.9858226791907827), ([[705, 151], [765, 151], [765, 251], [705, 251]], '7"', 0.6107677179769765), ([[699, 335], [779, 335], [779, 371], [699, 371]], "좋아해요'", 0.9615038498020795), ([[718, 370], [776, 370], [776, 396], [718, 396]], '선배의', 0.9720586538314819), ([[724, 402], [782, 402], [782, 426], [724, 426]], '자 지만', 0.6640300702420239), ([[726, 432], [782, 432], [782, 458], [726, 458]], '있다면', 0.9947726778633591), ([[714, 464], [790, 464], [790, 490], [714, 490]], '아무것도', 0.9982246160507202), ([[732, 494], [774, 494], [774, 524], [732, 524]], '필요', 0.9944264248879379), ([[716, 526], [788, 526], [788, 552], [716, 552]], '없어요"', 0.7067807912826538), ([[93, 470], [186, 470], [186, 690], [93, 690]], '좀', 0.24703863316571617), ([[692, 714], [770, 714], [770, 846], [692, 846]], '동', 0.4545289208198291), ([[314.1961581007969, 381.03236044988154], [450.9411466108838, 442.9166699206088], [411.8038418992031, 524.9676395501184], [275.0588533891162, 462.0833300793912]], '셈어', 0.09121950223580579), ([[548.2917949420224, 622.022821601347], [622.872860826299, 599.0346858696199], [679.7082050579776, 798.977178398653], [605.127139173701, 821.9653141303801]], '축', 0.13210601273405675)]
[([[732, 80], [836, 80], [836, 318], [732, 318]], '강', 0.11522339016109129), ([[684, 205], [776, 205], [776, 468], [684, 468]], '8', 0.11066661450081483), ([[115, 461], [179, 461], [179, 503], [115, 503]], '자아', 0.9995619537627194), ([[105, 513], [193, 513], [193, 555], [105, 555]], '싸주마', 0.9825611258984926), ([[123, 561], [183, 561], [183, 603], [123, 603]], '가라', 0.9999340829652656), ([[795.1626153221722, 449.0351223338498], [861.5228441020074, 413.01367765165793], [948.8373846778278, 587.9648776661502], [881.4771558979926, 623.986322348342]], '8', 0.010217981356495154), ([[272.31215814362656, 455.0475386341112], [345.95310564621735, 501.31681301431485], [323.68784185637344, 536.9524613658888], [249.04689435378262, 490.68318698568515]], '-', 0.07622660749877586), ([[176.17800506347322, 701.0680303808393], [217.07203647421304, 690.1162782841405], [236.82199493652678, 770.9319696191607], [196.92796352578696, 781.8837217158595]], '유', 0.13412271828969224), ([[157.75135413321084, 790.131364426091], [200.6029922357712, 764.030376865865], [247.24864586678916, 848.868635573909], [204.3970077642288, 874.969623134135]], '통', 0.24199888584917062)]
[([[726, 134], [794, 134], [794, 164], [726, 164]], '하아 `', 0.48713773388791737), ([[726, 172], [788, 172], [788, 200], [726, 200]], '하아 ', 0.7610479593276978), ([[742, 205], [796, 205], [796, 244], [742, 244]], '굉장', 0.8530803972449603), ([[733, 243], [803, 243], [803, 281], [733, 281]], '햇어요', 0.4688545141258208), ([[358, 342], [398, 342], [398, 372], [358, 372]], '그럼', 0.9997949195949379), ([[696, 346], [722, 346], [722, 376], [696, 376]], '(', 0.2455329777087769), ([[334, 368], [418, 368], [418, 394], [334, 394]], '마지막으로', 0.997153992775719), ([[346, 392], [416, 392], [416, 422], [346, 422]], '남친에게', 0.5615692138671875), ([[350, 418], [406, 418], [406, 446], [350, 446]], '이별의', 0.9977253882947142), ([[342, 442], [412, 442], [412, 472], [342, 472]], '비디오틀', 0.2992723882198334), ([[350, 468], [406, 468], [406, 494], [350, 494]], '보내자', 0.9999121103342856), ([[358, 492], [398, 492], [398, 522], [358, 522]], '분명', 0.999715773485739), ([[350, 515], [409, 515], [409, 546], [350, 546]], '기뻐해', 0.9967214604210799), ([[352, 542], [416, 542], [416, 570], [352, 570]], '줄 거야', 0.9925663695457645), ([[70, 570], [122, 570], [122, 598], [70, 598]], '아하', 0.9993655803016933), ([[74, 644], [120, 644], [120, 674], [74, 674]], '멋저', 0.30382027907399006), ([[211, 681], [244, 681], [244, 792], [211, 792]], '#', 0.30634001065942584), ([[824.00019994002, 481.100979706098], [858.6279009320807, 466.0395826365625], [887.99980005998, 539.899020293902], [853.3720990679193, 554.9604173634375]], ';', 0.022167043988839064)]
[([[129, 356], [919, 356], [919, 417], [129, 417]], '그후 남친의 집에 1장의 디스크가 전해끗다. 거기에는', 0.411378467061164)]
[([[834, 196], [864, 196], [864, 226], [834, 226]], '아', 0.8498905510019803), ([[819, 231], [867, 231], [867, 267], [819, 267]], '안녕', 0.9971555996736069), ([[814, 270], [874, 270], [874, 302], [814, 302]], '00군', 0.998386629088746), ([[132, 470], [194, 470], [194, 502], [132, 502]], '있잡아', 0.7026760458944357), ([[98, 504], [222, 504], [222, 536], [98, 536]], '선배가 말이야', 0.9987970180532391), ([[116, 538], [208, 538], [208, 570], [116, 570]], '00군에게', 0.46427717280487246), ([[106, 572], [224, 572], [224, 604], [106, 604]], '이별의 비디오', 0.9873696922090679), ([[100, 606], [236, 606], [236, 638], [100, 638]], '보내면 어떠나고', 0.9800984784720839), ([[126, 642], [186, 642], [186, 672], [126, 672]], '말해서', 0.6235145414977091), ([[124, 676], [200, 676], [200, 708], [124, 708]], '비디오틀', 0.3885502219200134), ([[116, 710], [184, 710], [184, 740], [116, 740]], '보탤게 .', 0.1730117261839759)]
[([[391, 79], [435, 79], [435, 135], [391, 135]], '@', 0.5461954764998609), ([[910, 102], [978, 102], [978, 130], [910, 130]], '아; 야;', 0.25231229318072435), ([[933, 137], [969, 137], [969, 155], [933, 155]], '아 ', 0.6929855532019034), ([[914, 162], [984, 162], [984, 192], [914, 192]], '굉장해"', 0.14769065380096436), ([[910, 194], [1002, 194], [1002, 222], [910, 222]], '00군예제', 0.5519946275579531), ([[55, 277], [99, 277], [99, 349], [55, 349]], '옷', 0.6985629220256584), ([[629, 289], [721, 289], [721, 315], [629, 315]], "'보여진다고", 0.7196505995524972), ([[646, 320], [720, 320], [720, 346], [646, 346]], '생각되니', 0.8715389370918274), ([[783, 225], [851, 225], [851, 347], [783, 347]], '국', 0.08593081155210314), ([[664, 352], [706, 352], [706, 382], [664, 382]], '엄청', 0.645043907067239), ([[646, 382], [720, 382], [720, 406], [646, 406]], '느껴버리', 0.5282676219940186), ([[90, 522], [166, 522], [166, 548], [90, 548]], '내   보지', 0.6420350143894631), ([[100, 556], [158, 556], [158, 586], [100, 586]], '보여?', 0.47533776296560054), ([[70, 590], [134, 590], [134, 620], [70, 620]], '선배의', 0.9899536502237797), ([[142, 590], [186, 590], [186, 616], [142, 616]], '자지', 0.9999591178017129), ([[85, 621], [171, 621], [171, 657], [85, 657]], '프육쪽육', 0.4056248068809509), ([[93, 657], [174, 657], [174, 688], [93, 688]], '들어가는', 0.7382723689079285), ([[110, 692], [156, 692], [156, 724], [110, 724]], '모습', 0.9999779994159619), ([[443.27571403165985, 601.0328543482584], [523.8499905641687, 673.4580375677526], [476.72428596834015, 726.9671456517416], [396.1500094358313, 654.5419624322474]], '(초 .', 0.031720515340566635)]
[([[512, 120], [562, 120], [562, 208], [512, 208]], '양', 0.5600633542202651), ([[868, 144], [912, 144], [912, 172], [868, 172]], '선배', 0.9958664678359318), ([[923, 147], [943, 147], [943, 169], [923, 169]], '거', 0.9999873638552259), ([[880, 178], [948, 178], [948, 208], [880, 208]], '굉장해', 0.993893069523671), ([[20, 218], [68, 218], [68, 288], [20, 288]], '@', 0.3182181878141286), ([[357, 227], [401, 227], [401, 297], [357, 297]], '약', 0.020753292410585766), ([[88, 260], [136, 260], [136, 318], [88, 318]], '잇', 0.06295839248213397), ([[650, 328], [696, 328], [696, 358], [650, 358]], '가장', 0.9999595392651772), ([[640, 360], [706, 360], [706, 392], [640, 392]], '깊숙하', 0.7191031285997049), ([[640, 396], [704, 396], [704, 424], [640, 424]], '곳까지', 0.8929979993669582), ([[63, 423], [137, 423], [137, 463], [63, 463]], '00군', 0.9949483369238786), ([[628, 428], [718, 428], [718, 458], [628, 458]], "닿아버리'", 0.5724621679325452), ([[74, 470], [132, 470], [132, 502], [74, 502]], '보다', 0.9999935936850367), ([[640, 466], [668, 466], [668, 490], [640, 490]], '나', 0.961569695781467), ([[674, 466], [718, 466], [718, 490], [674, 490]], '이거', 0.9995942342585791), ([[650, 498], [696, 498], [696, 528], [650, 528]], '정말', 0.9998908414074379), ([[62, 512], [118, 512], [118, 544], [62, 544]], '선배', 0.9985401768666635), ([[128, 514], [158, 514], [158, 542], [128, 542]], '게', 0.9945710076627938), ([[649, 529], [707, 529], [707, 565], [649, 565]], '좋아)', 0.1172779602700289), ([[61, 597], [141, 597], [141, 633], [61, 633]], '선배의', 0.991140824104342), ([[73, 551], [147, 551], [147, 595], [73, 595]], '좋아"', 0.28793037198053045), ([[772, 458], [920, 458], [920, 668], [772, 668]], '직', 0.10921228935741567), ([[62, 644], [144, 644], [144, 676], [62, 676]], '자 지가', 0.9834768627565028), ([[61, 683], [159, 683], [159, 725], [61, 725]], '좋아아이', 0.27422627806663513), ([[205, 564], [345, 564], [345, 757], [205, 757]], '결', 0.02675496903003376), ([[177, 725], [293, 725], [293, 845], [177, 845]], '다', 0.40999008917061985), ([[378.402977685874, 54.029776858740064], [427.92861275786805, 50.31841106465905], [436.597022314126, 165.97022314125994], [387.07138724213195, 170.68158893534095]], '하', 0.05126819606461197), ([[748.4605030840761, 219.36571048585856], [802.7064747254357, 173.0277709869665], [878.5394969159239, 270.6342895141414], [824.2935252745643, 317.97222901303354]], '호', 0.22164016427368338), ([[382.1354220598544, 612.1344122129954], [468.98919891429625, 569.1530903451701], [526.8645779401456, 706.8655877870046], [441.01080108570375, 749.8469096548299]], '통', 0.06244594283037608)]
[([[335, 37], [423, 37], [423, 147], [335, 147]], '액', 0.04334325357400837), ([[737, 93], [803, 93], [803, 129], [737, 129]], '00군', 0.9101121428651171), ([[738, 128], [808, 128], [808, 160], [738, 160]], '아잡아', 0.3590374023527529), ([[548, 90], [626, 90], [626, 260], [548, 260]], '8', 0.3135992683414912), ([[725, 203], [819, 203], [819, 239], [725, 239]], '지금부터', 0.9999641180038452), ([[749, 173], [791, 173], [791, 193], [749, 193]], '나: ', 0.39084064960479736), ([[733, 239], [825, 239], [825, 275], [733, 275]], '질내사점', 0.45750874280929565), ([[726, 278], [820, 278], [820, 310], [726, 310]], '당하니까', 0.9915273189544678), ([[28, 270], [100, 270], [100, 414], [28, 414]], '안', 0.3158634027657037), ([[403, 287], [465, 287], [465, 385], [403, 385]], '의', 0.06670800885758243), ([[744, 318], [810, 318], [810, 346], [744, 346]], '제대로', 0.9999899514815137), ([[750, 354], [800, 354], [800, 386], [750, 386]], '화직', 0.3111189936731022), ([[154, 518], [210, 518], [210, 616], [154, 616]], '안', 0.5081364762473619), ([[335, 707], [399, 707], [399, 781], [335, 781]], ')', 0.031162437056542425), ([[98, 758], [152, 758], [152, 818], [98, 818]], '47', 0.008024287612949812), ([[982.7873218748183, 264.1492874992733], [1016.7071067811866, 249.05025253169416], [1044.2126781251816, 313.8507125007267], [1011.2928932188134, 328.9497474683058]], '흙', 0.06926450593599398), ([[94.25579159246475, 413.04633273971797], [141.9521834867571, 407.3264667416122], [153.74420840753524, 504.95366726028203], [106.04781651324289, 511.6735332583878]], '7', 0.09114197212062436)]
[([[405, 53], [473, 53], [473, 167], [405, 167]], '애', 0.18622639644070293), ([[597, 73], [701, 73], [701, 157], [597, 157]], '@5', 0.01419527371265123), ([[37, 277], [99, 277], [99, 407], [37, 407]], '양', 0.977365582040207), ([[603, 165], [687, 165], [687, 479], [603, 479]], '여', 0.00881723566281517), ([[69, 461], [161, 461], [161, 655], [69, 655]], '약', 0.03619025812917531)]
[([[506, 54], [536, 54], [536, 132], [506, 132]], '흉', 0.009692774654686043), ([[935, 83], [979, 83], [979, 103], [935, 103]], '싸; ;', 0.1444556564092636), ([[904, 114], [984, 114], [984, 146], [904, 146]], "싸져다 '", 0.2417697948826168), ([[379, 119], [419, 119], [419, 201], [379, 201]], '향', 0.015750854301050055), ([[917, 151], [983, 151], [983, 189], [917, 189]], '00군', 0.9943706172072941), ([[915, 189], [982, 189], [982, 218], [915, 218]], '제대로', 0.9999936680552679), ([[29, 201], [73, 201], [73, 281], [29, 281]], '$', 0.42210712867842304), ([[909, 225], [995, 225], [995, 261], [909, 261]], '화점어?', 0.18239933252334595), ([[886, 264], [934, 264], [934, 290], [886, 290]], '아직', 0.6259211803191159), ([[945, 263], [1015, 263], [1015, 299], [945, 299]], '끝나지', 0.5196434808414077), ([[922, 300], [992, 300], [992, 332], [922, 332]], '않아 ;', 0.3024800044507883), ([[602, 322], [676, 322], [676, 350], [602, 350]], '이제부터', 0.9983530640602112), ([[592, 354], [680, 354], [680, 382], [592, 382]], '몇  번이고', 0.8670275518537522), ([[614, 386], [674, 386], [674, 412], [614, 412]], '하지만', 0.9988714157310635), ([[591, 410], [686, 410], [686, 449], [591, 449]], '00군예제', 0.7762467600486597), ([[586, 448], [660, 448], [660, 474], [586, 474]], '보여주 논', 0.6605475750043378), ([[668, 448], [692, 448], [692, 474], [668, 474]], '건', 0.9379426649718486), ([[588, 478], [696, 478], [696, 502], [588, 502]], '여기까 지야 ', 0.8831230496968685), ([[150, 596], [230, 596], [230, 628], [150, 628]], '그러면', 0.8908669595994594), ([[149, 637], [205, 637], [205, 675], [149, 675]], '안녕', 0.8971316742508365), ([[146, 684], [252, 684], [252, 714], [146, 714]], '바이바이', 0.9974269270896912), ([[594.2844582472001, 139.06452035960038], [628.7339884524115, 129.06791900493815], [647.7155417527999, 201.93547964039962], [613.2660115475885, 211.93208099506185]], '4', 0.1056279367412607), ([[68.16445884946232, 385.0703072118277], [103.59808441289246, 373.0358993729926], [128.8355411505377, 453.9296927881723], [93.40191558710754, 465.9641006270074]], '둑', 0.03557665037192326), ([[783.492431559933, 594.0258292873436], [823.1275913636343, 589.1288053090996], [836.507568440067, 701.9741707126564], [795.8724086363657, 706.8711946909004]], '탑', 0.0024193401628803124)]
[([[177, 55], [261, 55], [261, 151], [177, 151]], '어', 0.9999904632795733), ([[388, 150], [708, 150], [708, 200], [388, 200]], '스,가긋:들4:다8', 0.00014855535804315757), ([[65, 337], [85, 337], [85, 425], [65, 425]], '"', 0.09467857974563287), ([[69, 161], [177, 161], [177, 541], [69, 541]], '불', 0.12587412694873823), ([[82, 281], [108, 281], [108, 372], [82, 372]], '{', 0.08958394205225151), ([[169, 136], [269, 136], [269, 475], [169, 475]], '월', 0.12275248888285262), ([[366, 380], [440, 380], [440, 434], [366, 434]], '겨우', 0.9976854060788686), ([[367, 273], [667, 273], [667, 389], [367, 389]], '역젯엘리베이터', 0.017371216055232893), ([[440, 280], [472, 280], [472, 316], [440, 316]], '자', 0.9999777079870888), ([[439, 379], [883, 379], [883, 439], [439, 439]], '두 번 박히고 양양 좋아한다는', 0.5357598122356378), ([[365, 432], [810, 432], [810, 488], [365, 488]], '시점에서 이 여자는 빗치 확정', 0.6816971030253542), ([[46, 600], [194, 600], [194, 626], [46, 626]], '-7:어-신-7이어꼴', 0.00014063979704146033), ([[104, 642], [212, 642], [212, 668], [104, 668]], '팀 인텍스는', 0.6438032980564375), ([[42, 666], [276, 666], [276, 694], [42, 694]], '신입 역식자루 환영합니다.', 0.6789935581253906), ([[76, 690], [242, 690], [242, 720], [76, 720]], '관심있으신 분들은', 0.9030241002188365), ([[72, 714], [244, 714], [244, 744], [72, 744]], '팀 인텍스에 쪽지름', 0.6356820896902785), ([[106, 738], [210, 738], [210, 768], [106, 768]], '넣어주세요.', 0.7050340800627256), ([[60, 780], [262, 780], [262, 810], [60, 810]], '본 작품의 모든 권리논', 0.6176144535543905), ([[62, 804], [258, 804], [258, 832], [62, 832]], '원작자에게 있으며 팀', 0.33744764130019006), ([[62, 828], [258, 828], [258, 858], [62, 858]], '인텍스는 작품의 수정', 0.8811722130307377), ([[60, 852], [262, 852], [262, 882], [60, 882]], '배포 등의 권리틀 주장', 0.4674290641730398), ([[92, 878], [230, 878], [230, 906], [92, 906]], '하지 않습니다', 0.7740893922672866), ([[440, 1064], [472, 1064], [472, 1104], [440, 1104]], '자', 0.9999890327754315), ([[357, 1054], [606, 1054], [606, 1175], [357, 1175]], '식플로리스', 0.3580275050574974), ([[1090, 1734], [1268, 1734], [1268, 1790], [1090, 1790]], '시7규이좋다', 0.003471018117094691)]
