818114
38
[([[1363, 79], [2193, 79], [2193, 831], [1363, 831]], "1'", 0.0016960144239037593), ([[1588, 763], [1985, 763], [1985, 835], [1588, 835]], '~청프?| 086', 0.008147448135569089), ([[1525, 835], [2057, 835], [2057, 886], [1525, 886]], '서요치모] )끈발 처예 납,', 4.659978533404535e-07), ([[922, 1921], [1662, 1921], [1662, 2106], [922, 2106]], '어떤역식자들의', 0.981428774123962), ([[972, 2080], [1606, 2080], [1606, 2302], [972, 2302]], '번역목록', 0.6304836273193359), ([[1158, 2248], [1279, 2248], [1279, 2290], [1158, 2290]], '7.^씨', 0.021669330075383186), ([[1299, 2251], [1437, 2251], [1437, 2290], [1299, 2290]], '1.,', 0.008616167032366465), ([[1845, 2951], [2091, 2951], [2091, 3000], [1845, 3000]], '플삶예|망', 0.0002144048048802178)]
[]
[]
[]
[([[1150, 942], [1596, 942], [1596, 993], [1150, 993]], '속미수사한-듯학켜니_', 0.0014131920403440633), ([[1147, 1009], [1415, 1009], [1415, 1060], [1147, 1060]], '요함스틱  농당', 0.01805692073802101), ([[1150, 1076], [1758, 1076], [1758, 1124], [1150, 1124]], '빚해 0 55자 0635]듯내 <-)', 0.0022761526158848284), ([[1150, 1140], [1568, 1140], [1568, 1191], [1150, 1191]], '속미 3산3깨<손:내', 0.0035013113409038633), ([[1145, 1207], [1458, 1207], [1458, 1260], [1145, 1260]], "차 '55하+-듯카 !", 0.059208204636335776), ([[1428, 1445], [1790, 1445], [1790, 1764], [1428, 1764]], '(탑', 0.24327423967992629)]
[]
[([[1373, 433], [1436, 433], [1436, 500], [1373, 500]], '3 .', 0.22440661489963531), ([[637, 1338], [786, 1338], [786, 1401], [637, 1401]], '~실출:', 0.023555010557174683), ([[601, 1458], [1018, 1458], [1018, 1514], [601, 1514]], '3골*한색화(5칭;', 1.5839072288285582e-05), ([[1038, 1453], [1374, 1453], [1374, 1516], [1038, 1516]], '7<(요#물<흐 .', 0.01110093562184372), ([[605, 1511], [1632, 1511], [1632, 1575], [605, 1575]], '눈@ 뚫 [후어<. -추~.+ +어악서~)1? |##2~]', 1.9253306950185e-05), ([[605, 1568], [1417, 1568], [1417, 1634], [605, 1634]], '초근~지<넘한마하굶+갇-따한0:화', 8.597809283882161e-05), ([[603, 1618], [1399, 1618], [1399, 1699], [603, 1699]], '물구등-#유손 (**- 17+5+1 !', 0.0010641611761639284), ([[602, 1684], [1487, 1684], [1487, 1753], [602, 1753]], '주늘하*30(당#륙습버하 (흐12소/.부하년', 0.0001677251987802781), ([[602, 1744], [1142, 1744], [1142, 1812], [602, 1812]], '##+-3습-피<프<빠숨', 0.002007650010871454), ([[624, 1804], [1115, 1804], [1115, 1871], [624, 1871]], '(6하0-팔아(단사 ! )', 0.00021700644973317526), ([[605, 1864], [1268, 1864], [1268, 1924], [605, 1924]], "그= 1 병'곳-0록(스손:산87", 0.0021039282646945047), ([[607, 1920], [1391, 1920], [1391, 1985], [607, 1985]], '논-소산하3(-<하/색노퓨").화 !', 9.850732569090515e-05), ([[608, 2045], [674, 2045], [674, 2098], [608, 2098]], '@', 0.0433825683613529), ([[691, 2041], [1146, 2041], [1146, 2101], [691, 2101]], '숙미당쫓#돕*초초*<합', 0.000581582428145335), ([[603, 2096], [1465, 2096], [1465, 2159], [603, 2159]], "0+버#   #통내(흐-'(0)*]닷초존학 (쫓)", 0.0003528794019382978), ([[605, 2154], [1486, 2154], [1486, 2220], [605, 2220]], '01-6히0 낯습0저(0한*-47+34', 0.0031316409144335425), ([[601, 2203], [1660, 2203], [1660, 2280], [601, 2280]], "{--2웨조슬뽑(< 5010물1-6-<(:신:(*가'", 0.00014892717389168605), ([[605, 2269], [1534, 2269], [1534, 2337], [605, 2337]], '(싫스6시|<#}한737-# 21+ 손#0운화0', 0.00014327559208550375), ([[605, 2328], [1494, 2328], [1494, 2395], [605, 2395]], "유포:(*료0 | (흐가 허/하하습0 #(-싣(:'", 2.8568648523000182e-05), ([[603, 2391], [869, 2391], [869, 2451], [603, 2451]], '##00)한합 !', 0.011258372531182519), ([[607, 2508], [1446, 2508], [1446, 2568], [607, 2568]], '리 ::소 함출하<3숲0 0쨌내*3~', 0.0014399024128465211), ([[606, 2629], [832, 2629], [832, 2685], [606, 2685]], '73< (패#물', 0.012300747037662015), ([[1241.3795634330097, 504.4138690299029], [1372.2139243409954, 437.6641297062738], [1406.6204365669903, 506.5861309700971], [1275.7860756590046, 573.3358702937262]], '12 .', 0.5769981097861533), ([[1077.156525837708, 548.3417559346025], [1236.5192901069092, 510.54886421394616], [1253.843474162292, 612.6582440653975], [1094.4807098930908, 651.4511357860539]], '오히/_', 0.06954349507887564), ([[1283.025477771711, 920.6585988749353], [1567.788326060933, 775.8434109824775], [1631.974522228289, 934.3414011250647], [1347.211673939067, 1078.1565890175225]], '중습', 0.033841417329721325)]
[([[481, 118], [537, 118], [537, 205], [481, 205]], '옷', 0.3722719418745015), ([[1711, 478], [1836, 478], [1836, 538], [1711, 538]], '폐이트', 0.8183243321605035), ([[1677, 624], [1876, 624], [1876, 692], [1677, 692]], '기분 좋아?', 0.8175936373019289), ([[148, 1510], [268, 1510], [268, 1575], [148, 1575]], '으응', 0.6037718056825135), ([[143, 1584], [268, 1584], [268, 1649], [143, 1649]], '어쩐지', 0.9997842351279964), ([[141, 1658], [270, 1658], [270, 1723], [141, 1723]], '애달프', 0.46363846475286535), ([[114, 1730], [292, 1730], [292, 1795], [114, 1795]], '느낌이야 ', 0.7593529375736985), ([[762, 2171], [848, 2171], [848, 2227], [762, 2227]], '키스', 0.9999277610659024), ([[1211, 2202], [1386, 2202], [1386, 2267], [1211, 2267]], "'아래 쪽도", 0.9548376949391912), ([[771, 2243], [858, 2243], [858, 2299], [771, 2299]], '하고', 0.9827481676198974), ([[761, 2314], [852, 2314], [852, 2379], [761, 2379]], '싶어:', 0.9982606378933953), ([[1166, 2324], [1222, 2324], [1222, 2355], [1166, 2355]], '{4', 0.02657953314603959), ([[1357, 2877], [1479, 2877], [1479, 2942], [1357, 2942]], '1575', 0.4515560567378998), ([[491.13593527016354, 1899.6271870540327], [592.1208580992057, 1850.3415082816875], [617.8640647298364, 1904.3728129459673], [516.8791419007943, 1953.6584917183125]], '83', 0.009608408749896588), ([[1158.9729724270167, 2763.5243227956466], [1287.5233821048284, 2731.7995576033313], [1302.0270275729833, 2808.4756772043534], [1173.4766178951716, 2840.2004423966687]], '(용맛', 0.034507567869792456)]
[([[0, 0], [941, 0], [941, 262], [0, 262]], '_따떼', 0.06394464666092191), ([[45, 951], [173, 951], [173, 1016], [45, 1016]], '언제나', 0.9999725386698679), ([[1013, 969], [1191, 969], [1191, 1044], [1013, 1044]], '결혼하고', 0.9998696446418762), ([[1622, 981], [1700, 981], [1700, 1037], [1622, 1037]], '미안', 0.9987625400210567), ([[38, 1023], [178, 1023], [178, 1089], [38, 1089]], '한 발짝', 0.74384895028113), ([[1055, 1052], [1149, 1052], [1149, 1120], [1055, 1120]], '나서', 0.999805708557065), ([[1609, 1045], [1725, 1045], [1725, 1106], [1609, 1106]], '일이야', 0.9919241978755005), ([[62, 1096], [151, 1096], [151, 1161], [62, 1161]], '앞인', 0.9996094896383226), ([[1027, 1131], [1164, 1131], [1164, 1203], [1027, 1203]], '며칠이', 0.9533585729091392), ([[29, 1166], [197, 1166], [197, 1238], [29, 1238]], '부근에서', 0.8924317359924316), ([[9, 1240], [219, 1240], [219, 1306], [9, 1306]], '나노하 씨의', 0.8244305288005361), ([[1013, 1213], [1193, 1213], [1193, 1285], [1013, 1285]], '지낫지만', 0.19173413515090942), ([[1, 1311], [225, 1311], [225, 1384], [1, 1384]], '호출이 온다', 0.9482047730916022), ([[25, 1827], [162, 1827], [162, 1984], [25, 1984]], '1캐', 0.004322699971300969), ([[977, 2372], [1254, 2372], [1254, 2444], [977, 2444]], '그게 원인으로', 0.9898116273802806), ([[729, 2418], [829, 2418], [829, 2484], [729, 2484]], '하아', 0.9999824669560387), ([[979, 2451], [1254, 2451], [1254, 2526], [979, 2526]], '나와 폐이트는', 0.8739501207898235), ([[977, 2531], [1254, 2531], [1254, 2605], [977, 2605]], '아직 첫날밤올', 0.5570656601288186), ([[1054, 2615], [1191, 2615], [1191, 2687], [1054, 2687]], '끝내지', 0.9890124876877685), ([[1003, 2694], [1258, 2694], [1258, 2767], [1003, 2767]], '못하고 있다-', 0.9261790190293684)]
[([[1018, 170], [1071, 170], [1071, 229], [1018, 229]], '응;', 0.43324678614310363), ([[995, 234], [1115, 234], [1115, 294], [995, 294]], '괜찮아', 0.9964920318289009), ([[1729, 233], [1909, 233], [1909, 305], [1729, 305]], '미드질더', 0.9189562201499939), ([[110, 295], [255, 295], [255, 351], [110, 351]], '일이라면', 0.9896597266197205), ([[1201, 330], [1350, 330], [1350, 390], [1201, 390]], '폐이트장', 0.9248619079589844), ([[85, 361], [289, 361], [289, 421], [85, 421]], '어절 수 없지', 0.9921226954512131), ([[1209, 395], [1342, 395], [1342, 451], [1209, 451]], '미안해~', 0.9991041421890259), ([[1206, 459], [1355, 459], [1355, 519], [1206, 519]], '불러내서', 0.9993265271186829), ([[1051, 538], [1141, 538], [1141, 670], [1051, 670]], '젊', 0.009975437424305567), ([[544, 967], [638, 967], [638, 1023], [544, 1023]], '역시:', 0.9982288479884338), ([[54, 1041], [206, 1041], [206, 1106], [54, 1106]], '(이대로는:', 0.922240856726477), ([[756, 1019], [885, 1019], [885, 1086], [756, 1086]], '아까 한', 0.8801486329134115), ([[66, 1105], [225, 1105], [225, 1165], [66, 1165]], '안 되풀지', 0.3711369846325658), ([[744, 1084], [881, 1084], [881, 1151], [744, 1151]], '여움이:', 0.23606210947036743), ([[765, 1151], [888, 1151], [888, 1216], [765, 1216]], '아직오 ', 0.07560285180807114), ([[274, 1522], [324, 1522], [324, 1737], [274, 1737]], '흙', 0.07989253530960028), ([[1859, 1907], [1898, 1907], [1898, 1996], [1859, 1996]], '폐', 0.6944821614512229), ([[1861, 1993], [1901, 1993], [1901, 2123], [1861, 2123]], '특', 0.1433683594536328), ([[290, 2782], [339, 2782], [339, 2842], [290, 2842]], '저', 0.9999960660973137), ([[116, 2840], [373, 2840], [373, 2929], [116, 2929]], '나노하 저기', 0.26746935604502176), ([[1178.5006631638032, 1039.4002652655213], [1275.7821688891897, 990.109736975852], [1304.4993368361968, 1048.5997347344787], [1207.2178311108103, 1096.890263024148]], '45', 0.813747950946496), ([[79.11353977381626, 1626.0327869465195], [247.907334520564, 1692.5115831849296], [207.88646022618374, 1784.9672130534805], [40.092665479435986, 1718.4884168150704]], '나뉴나*', 0.011393644846975803)]
[([[914, 107], [1051, 107], [1051, 172], [914, 172]], '어서 와', 0.9834301227847835), ([[921, 179], [1046, 179], [1046, 246], [921, 246]], '오늘은', 0.9995709540699709), ([[1589, 167], [1778, 167], [1778, 258], [1589, 258]], '다음 날', 0.9305036548269563), ([[955, 254], [1006, 254], [1006, 312], [955, 312]], '꽤', 0.9993442180366543), ([[43, 304], [97, 304], [97, 365], [43, 365]], '응;', 0.35802419201285224), ([[914, 323], [1067, 323], [1067, 398], [914, 398]], '늦없네?', 0.8139538764953613), ([[6, 375], [170, 375], [170, 440], [6, 440]], '나노하틀', 0.10300497710704803), ([[9, 449], [174, 449], [174, 514], [9, 514]], '재우는데', 0.6453136801719666), ([[1184, 445], [1278, 445], [1278, 512], [1184, 512]], '다녀', 0.9991642297470507), ([[30, 524], [155, 524], [155, 586], [30, 586]], '시간이', 0.9999486563420961), ([[1181, 525], [1277, 525], [1277, 597], [1181, 597]], '앞어', 0.3204736159820453), ([[30, 595], [155, 595], [155, 660], [30, 660]], '걸러서', 0.6516841552803446), ([[806, 820], [907, 820], [907, 881], [806, 881]], '그래!', 0.8651340951207283), ([[777, 890], [943, 890], [943, 955], [777, 955]], '나노하가', 0.6941519029469949), ([[1050, 890], [1175, 890], [1175, 955], [1050, 955]], '나노하', 0.9255042146547415), ([[0, 953], [104, 953], [104, 1004], [0, 1004]], '언제나', 0.999971437465754), ([[794, 964], [921, 964], [921, 1029], [794, 1029]], '에리어', 0.995161623145902), ([[1081, 964], [1154, 964], [1154, 1024], [1081, 1024]], '씨?', 0.9999847428749291), ([[3, 1010], [106, 1010], [106, 1062], [3, 1062]], '하려고', 0.9999167904156904), ([[32, 1071], [72, 1071], [72, 1120], [32, 1120]], '할', 0.9806957421754738), ([[753, 1036], [964, 1036], [964, 1103], [753, 1103]], '서치틀 하고', 0.385351854903705), ([[5, 1128], [109, 1128], [109, 1179], [5, 1179]], '때마다', 0.9993248522360549), ([[756, 1110], [974, 1110], [974, 1177], [756, 1177]], '있엎으니까:', 0.2736814635257146), ([[5, 1185], [106, 1185], [106, 1239], [5, 1239]], '불방던', 0.055556642352510205), ([[1140, 1150], [1272, 1150], [1272, 1231], [1140, 1231]], '@니쪽', 0.005692402653473558), ([[12, 1245], [97, 1245], [97, 1294], [12, 1294]], '거야!', 0.7765331072890692), ([[1596, 1548], [1762, 1548], [1762, 1611], [1596, 1611]], '그러니까', 0.999651312828064), ([[368, 1617], [534, 1617], [534, 1685], [368, 1685]], '그러니까', 0.9975659847259521), ([[1559, 1615], [1812, 1615], [1812, 1691], [1559, 1691]], '오늘은 사정올', 0.8162783465467168), ([[1560, 1692], [1809, 1692], [1809, 1759], [1560, 1759]], '설명하고 먼저', 0.9995537500681831), ([[1558, 1766], [1809, 1766], [1809, 1833], [1558, 1833]], '자주기로 햇어', 0.6883168397927527), ([[0, 2736], [33, 2736], [33, 2785], [0, 2785]], '응', 0.9985766710726693), ([[665, 2774], [759, 2774], [759, 2841], [665, 2841]], '그건', 0.9804198176035893), ([[1560.8969246481358, 537.171240353628], [1735.9136407679234, 510.59049783134776], [1745.1030753518642, 623.828759646372], [1571.0863592320766, 650.4095021686522]], '@@은', 0.039733789576030555)]
[([[836, 229], [941, 229], [941, 305], [836, 305]], '언지', 0.02767358029171033), ([[79, 280], [110, 280], [110, 333], [79, 333]], '응', 0.7062176285358532), ([[792, 315], [988, 315], [988, 394], [792, 394]], '두근두근', 0.9942988753318787), ([[809, 404], [986, 404], [986, 480], [809, 480]], '거리네?', 0.9934073686599731), ([[805, 810], [845, 810], [845, 862], [805, 862]], '으', 0.9415517603494017), ([[785, 950], [867, 950], [867, 1016], [785, 1016]], '으응', 0.9987026294605553), ([[1868, 1527], [1916, 1527], [1916, 1567], [1868, 1567]], '아', 0.9893915975003189), ([[1873, 1645], [1911, 1645], [1911, 1702], [1873, 1702]], '후', 0.9998962906071398), ([[112, 2089], [152, 2089], [152, 2154], [112, 2154]], '옷', 0.8221697708421658), ([[1127, 2269], [1254, 2269], [1254, 2362], [1127, 2362]], "159'", 0.3286939422964842), ([[414, 2362], [454, 2362], [454, 2429], [414, 2429]], '응', 0.9699005032588417), ([[380, 2480], [423, 2480], [423, 2645], [380, 2645]], '응', 0.26420580239232905), ([[1066, 2887], [1128, 2887], [1128, 2939], [1066, 2939]], '아', 0.9961764476511838), ([[1075, 2939], [1120, 2939], [1120, 3009], [1075, 3009]], '@', 0.18651029276171371), ([[1143, 2882], [1192, 2882], [1192, 3010], [1143, 3010]], '올', 0.7143676784771493), ([[307.11147218176524, 2879.0714327993014], [543.2116613899948, 2842.9689192378323], [562.8885278182347, 3060.9285672006986], [326.7883386100052, 3097.0310807621677]], "'", 0.7435050259762335)]
[([[744, 99], [783, 99], [783, 160], [744, 160]], '응', 0.9602566983276439), ([[1723, 193], [1824, 193], [1824, 262], [1723, 262]], '양0', 0.9118288842850188), ([[744, 285], [783, 285], [783, 351], [744, 351]], '옷', 0.46305846999363), ([[1722, 280], [1822, 280], [1822, 352], [1722, 352]], '으응', 0.9972098399757477), ([[405, 938], [537, 938], [537, 1000], [405, 1000]], '응하아', 0.5217472198815031), ([[53, 974], [161, 974], [161, 1090], [53, 1090]], '03', 0.4184936906314243), ([[1728, 1145], [1790, 1145], [1790, 1265], [1728, 1265]], '양', 0.7036478587800197), ([[10, 1335], [123, 1335], [123, 1391], [10, 1391]], '집무관', 0.9998982077568319), ([[21, 1398], [100, 1398], [100, 1458], [21, 1458]], '복인', 0.9975504618708791), ([[19, 1464], [99, 1464], [99, 1520], [19, 1520]], '채로', 0.998182016469198), ([[0, 1530], [136, 1530], [136, 1590], [0, 1590]], '괜찮지?', 0.942857563495636), ([[28, 1821], [65, 1821], [65, 1874], [28, 1874]], '응', 0.9993426688247133), ([[0, 1881], [117, 1881], [117, 1946], [0, 1946]], '괜찮야', 0.9437806078590264), ([[398, 2107], [503, 2107], [503, 2172], [398, 2172]], '오랑', 0.001356093015959108), ([[1648, 2424], [1718, 2424], [1718, 2477], [1648, 2477]], '웃0', 0.7912069805630604), ([[1626, 2481], [1725, 2481], [1725, 2534], [1626, 2534]], '일에서', 0.8804410420181307), ([[1624, 2541], [1727, 2541], [1727, 2594], [1624, 2594]], '돌아온', 0.9921648295427149), ([[1617, 2598], [1744, 2598], [1744, 2651], [1617, 2651]], '후니까:', 0.4658181369304657), ([[1650, 2660], [1720, 2660], [1720, 2711], [1650, 2711]], '조금', 0.9999780837091168), ([[1595, 2717], [1770, 2717], [1770, 2768], [1595, 2768]], '냄새날 거야', 0.9969910212245318), ([[680.9613785480575, 2044.2339277566473], [810.0087851817495, 2025.3540341591463], [817.0386214519425, 2104.766072243353], [687.9912148182505, 2123.645965840854]], '<3추', 0.07808090724925293)]
[([[784, 85], [902, 85], [902, 146], [784, 146]], '괜찮아', 0.9865128112538438), ([[565, 125], [676, 125], [676, 181], [565, 181]], '이쪽도', 0.9946235703790922), ([[768, 150], [917, 150], [917, 210], [768, 210]], '폐이트의', 0.7303098440170288), ([[128, 145], [170, 145], [170, 280], [128, 280]], '형', 0.21307148369320217), ([[558, 192], [700, 192], [700, 248], [558, 248]], '할 거지?', 0.9950014249346644), ([[801, 217], [885, 217], [885, 280], [801, 280]], '중은', 0.8482921978593878), ([[123, 301], [160, 301], [160, 345], [123, 345]], '9', 0.9118981493476817), ([[768, 282], [928, 282], [928, 342], [768, 342]], '향기가 나', 0.9859290187369513), ([[900, 321], [1124, 321], [1124, 483], [900, 483]], "'요째", 0.012514995304951398), ([[424, 503], [535, 503], [535, 559], [424, 559]], '아래틀', 0.2040859405342307), ([[889, 492], [929, 492], [929, 548], [889, 548]], '옷', 0.34027295644136757), ([[424, 570], [537, 570], [537, 626], [424, 626]], '그렇게', 0.8162209391593933), ([[785, 505], [839, 505], [839, 669], [785, 669]], '줄', 0.21403578558054992), ([[968, 619], [1008, 619], [1008, 658], [968, 658]], '{', 0.019562838209119526), ([[430, 634], [545, 634], [545, 694], [430, 694]], '만지면', 0.9996009603298157), ([[967, 661], [1000, 661], [1000, 691], [967, 691]], '{(', 0.11529923433057951), ([[169, 753], [213, 753], [213, 833], [169, 833]], '사', 0.15051043092582006), ([[1732, 904], [1908, 904], [1908, 964], [1732, 964]], '네: 네가', 0.8999379627669896), ([[1731, 982], [1913, 982], [1913, 1054], [1731, 1054]], '이렇게나', 0.7975000736619736), ([[1731, 1060], [1912, 1060], [1912, 1135], [1731, 1135]], '아햇다니', 0.40195250511169434), ([[1732, 1144], [1910, 1144], [1910, 1213], [1732, 1213]], '생각지도', 0.7049261507981986), ([[1739, 1221], [1882, 1221], [1882, 1296], [1739, 1296]], '못쨌어:', 0.1989835798740387), ([[1780, 1306], [1874, 1306], [1874, 1367], [1780, 1367]], '앗0', 0.26490591539956343), ([[52, 1906], [265, 1906], [265, 2023], [52, 2023]], '외물@', 5.6500742431784255e-05), ([[129, 2237], [215, 2237], [215, 2303], [129, 2303]], '듣기', 0.8117802300039554), ([[128, 2306], [216, 2306], [216, 2378], [128, 2378]], '중은', 0.5061108774353611), ([[133, 2381], [222, 2381], [222, 2449], [133, 2449]], '말만', 0.9998367270131272), ([[138, 2453], [227, 2453], [227, 2513], [138, 2513]], '하고', 0.999634132528163), ([[132, 2600], [183, 2600], [183, 2675], [132, 2675]], '양', 0.9900681851804762), ([[953, 2631], [1100, 2631], [1100, 2687], [953, 2687]], '폐이트의', 0.729822039604187), ([[1287, 2586], [1422, 2586], [1422, 2691], [1287, 2691]], '(3폭', 0.043112398719482796), ([[935, 2695], [1130, 2695], [1130, 2757], [935, 2757]], '알몸올 보고', 0.7928392840496468), ([[966, 2762], [1115, 2762], [1115, 2824], [966, 2824]], '흥분하지', 0.9991743564605713), ([[959, 2826], [1120, 2826], [1120, 2887], [959, 2887]], '않울 리가', 0.497917260811262), ([[971, 2893], [1106, 2893], [1106, 2954], [971, 2954]], '없잡아?', 0.9844498634338379), ([[386.9513950274219, 935.0459033126093], [597.6219151911622, 974.0115075222726], [574.0486049725781, 1072.9540966873906], [364.3780848088378, 1033.9884924777275]], '&림니', 0.0003748273847867923)]
[([[1689, 108], [1839, 108], [1839, 182], [1689, 182]], '가볍게', 0.9700884180919523), ([[1241, 127], [1338, 127], [1338, 239], [1241, 239]], '84', 0.41447753515368246), ([[1705, 190], [1842, 190], [1842, 275], [1705, 275]], '갚어?', 0.1950413993290593), ([[778, 260], [859, 260], [859, 313], [778, 313]], '시사', 0.005556194409437433), ([[50, 1033], [99, 1033], [99, 1081], [50, 1081]], '1', 0.5279709343640526), ([[1708, 1002], [1810, 1002], [1810, 1074], [1708, 1074]], '아후', 0.7351944142887592), ([[34, 1095], [147, 1095], [147, 1150], [34, 1150]], '그치만', 0.9986176987607907), ([[1200, 1031], [1376, 1031], [1376, 1188], [1200, 1188]], '<5:', 0.5310293004037296), ([[1707, 1090], [1813, 1090], [1813, 1141], [1707, 1141]], '아아', 0.8320282569790748), ([[50, 1161], [130, 1161], [130, 1215], [50, 1215]], '네가', 0.9990826706841668), ([[1478, 1175], [1571, 1175], [1571, 1240], [1478, 1240]], '792', 0.5560092942774352), ([[1723, 1177], [1796, 1177], [1796, 1221], [1723, 1221]], '아1', 0.9413411412537745), ([[0, 1225], [152, 1225], [152, 1285], [0, 1285]], '격렬하게:', 0.31212916974639265), ([[1575, 1270], [1614, 1270], [1614, 1307], [1575, 1307]], '7', 0.9895037729074296), ([[1762, 1683], [1873, 1683], [1873, 1804], [1762, 1804]], '50', 0.7078782484045171), ([[1629, 1977], [1775, 1977], [1775, 2033], [1629, 2033]], '폐이트의', 0.7920851111412048), ([[1646, 2039], [1763, 2039], [1763, 2101], [1646, 2101]], '목소리', 0.9999699233103628), ([[1664, 2107], [1745, 2107], [1745, 2167], [1664, 2167]], '엄청', 0.9584696296744901), ([[1653, 2175], [1737, 2175], [1737, 2228], [1653, 2228]], '야해:', 0.9002904022265273), ([[868, 2275], [962, 2275], [962, 2331], [868, 2331]], '아앗', 0.5853426110646677), ([[865, 2345], [980, 2345], [980, 2406], [865, 2406]], '안 돼!', 0.8226430695348442), ([[20, 2381], [124, 2381], [124, 2490], [20, 2490]], '9', 0.15889750799882396), ([[850, 2417], [1013, 2417], [1013, 2484], [850, 2484]], '이상하게', 0.9965835809707642), ([[855, 2491], [1018, 2491], [1018, 2556], [855, 2556]], '돼버려9', 0.6838073134422302), ([[599, 2714], [674, 2714], [674, 2762], [599, 2762]], '아', 0.9655928190223657), ([[585, 2783], [716, 2783], [716, 2855], [585, 2855]], '음-옷', 0.21244055032730103), ([[1660, 2804], [1871, 2804], [1871, 2996], [1660, 2996]], '(5', 0.04102233752840694), ([[836.9309852784941, 213.44816761268697], [920.8548087581355, 196.81559276501855], [928.0690147215059, 244.55183238731303], [844.1451912418645, 260.18440723498145]], '스.', 0.036379381080926664), ([[1071.3093088240148, 2365.4660647072415], [1201.178774322078, 2337.918391211749], [1212.6906911759852, 2408.5339352927585], [1081.821225677922, 2436.081608788251]], '0용>', 0.01226186127624707)]
[([[436, 33], [483, 33], [483, 66], [436, 66]], "'77", 0.6198526919792585), ([[98, 105], [280, 105], [280, 258], [98, 258]], '앗~', 0.5078895813943872), ([[333, 371], [366, 371], [366, 402], [333, 402]], '~', 0.5491799336829537), ([[1780, 1610], [1836, 1610], [1836, 1654], [1780, 1654]], '아', 0.9998134461632482), ([[1752, 1685], [1859, 1685], [1859, 1736], [1752, 1736]], '아아', 0.9995985327288444), ([[1731, 1755], [1887, 1755], [1887, 1827], [1731, 1827]], '후아아', 0.978731095790863), ([[1755, 1848], [1816, 1848], [1816, 1897], [1755, 1897]], '아', 0.9992942863484622), ([[1787, 2233], [1874, 2233], [1874, 2301], [1787, 2301]], '정말', 0.9999942680334141), ([[678, 2291], [772, 2291], [772, 2356], [678, 2356]], '으응', 0.9252962846059076), ([[851, 2277], [902, 2277], [902, 2333], [851, 2333]], '미', 0.9999970197699817), ([[1802, 2315], [1893, 2315], [1893, 2380], [1802, 2380]], '너무', 0.9999517000532567), ([[849, 2352], [947, 2352], [947, 2424], [849, 2424]], '미안', 0.9994227212846808), ([[1807, 2394], [1900, 2394], [1900, 2461], [1807, 2461]], '걱해', 0.2942950672554758), ([[666, 2753], [760, 2753], [760, 2821], [666, 2821]], '기분', 0.9987267283780352), ([[637, 2837], [769, 2837], [769, 2905], [637, 2905]], '중앙--', 0.32930029560438917), ([[670, 2925], [729, 2925], [729, 2970], [670, 2970]], '아', 0.999674108358036), ([[1227.0194193243092, 330.0970966215454], [1306.809854130428, 346.63423895061925], [1295.9805806756908, 389.9029033784546], [1216.190145869572, 372.36576104938075]], '{바', 0.17785390836733875), ([[82.99470123870957, 356.1687373083864], [341.9022347034123, 337.98589205623654], [342.0052987612904, 438.8312626916136], [83.09776529658768, 457.01410794376346]], '우아아', 0.6176104454828751), ([[1191.0544243046713, 1174.3265458280287], [1702.5314711835924, 1078.571858906606], [1722.9455756953287, 1281.6734541719713], [1210.4685288164076, 1376.428141093394]], '73337', 0.30417598491187275)]
[([[1068, 167], [1157, 167], [1157, 227], [1068, 227]], '이젠', 0.44209583035088396), ([[1068, 238], [1197, 238], [1197, 306], [1068, 306]], '괜찮아', 0.9983171306782205), ([[1254, 305], [1367, 305], [1367, 365], [1254, 365]], '마음의', 0.9999368184442653), ([[1424, 286], [1551, 286], [1551, 351], [1424, 351]], '괜찮아', 0.999525119052803), ([[1627, 286], [1752, 286], [1752, 351], [1627, 351]], '미안해', 0.9991100703303145), ([[1258, 359], [1369, 359], [1369, 415], [1258, 415]], '준비가', 0.9998928394417755), ([[1426, 360], [1551, 360], [1551, 425], [1426, 425]], '느퉁이', 0.03969506934071225), ([[1606, 358], [1788, 358], [1788, 425], [1606, 425]], '나만하고-', 0.9997404731356492), ([[1253, 409], [1376, 409], [1376, 465], [1253, 465]], '되고 난', 0.9515774846076965), ([[1273, 454], [1350, 454], [1350, 514], [1273, 514]], '후에', 0.8521075514116753), ([[1449, 433], [1538, 433], [1538, 489], [1449, 489]], '해도', 0.9999859229816177), ([[11, 489], [103, 489], [103, 550], [11, 550]], '이::', 0.23918732192078282), ([[1255, 507], [1352, 507], [1352, 561], [1255, 561]], "해도:'", 0.5405499935150146), ([[0, 559], [126, 559], [126, 628], [0, 628]], '있잡아', 0.22188964935748487), ([[1252, 556], [1389, 556], [1389, 619], [1252, 619]], '알앞지?', 0.32371270656585693), ([[767, 607], [795, 607], [795, 668], [767, 668]], '3', 0.9378026034393407), ([[626, 783], [801, 783], [801, 848], [626, 848]], '나는 네가', 0.9789075367647321), ([[616, 858], [805, 858], [805, 923], [616, 923]], '좀 더 기분', 0.5728161016735218), ([[618, 929], [817, 929], [817, 997], [618, 997]], '좋아져으면', 0.4478503941220258), ([[640, 1003], [805, 1003], [805, 1066], [640, 1066]], '하니까9', 0.1008763238787651), ([[21, 1446], [198, 1446], [198, 1515], [21, 1515]], '상낭하게', 0.6975283026695251), ([[21, 1523], [205, 1523], [205, 1600], [21, 1600]], '해끗으면', 0.14878857135772705), ([[69, 1603], [183, 1603], [183, 1670], [69, 1670]], '"해어', 0.47631240023148297), ([[1496, 2058], [1661, 2058], [1661, 2123], [1496, 2123]], '남자하고', 0.9997445344924927), ([[1539, 2129], [1628, 2129], [1628, 2190], [1539, 2190]], '셈스', 0.21497984099651352), ([[1520, 2199], [1664, 2199], [1664, 2265], [1520, 2265]], "'하는 건", 0.7208515487792517), ([[1484, 2273], [1685, 2273], [1685, 2340], [1484, 2340]], '처음이니까', 0.9383050274189179), ([[1590, 2350], [1639, 2350], [1639, 2404], [1590, 2404]], '1', 0.38042666475002207), ([[54, 2904], [101, 2904], [101, 2948], [54, 2948]], '!2', 0.7133254713222154)]
[([[1115, 208], [1279, 208], [1279, 276], [1115, 276]], '약속할게', 0.6477158665657043), ([[949, 378], [1097, 378], [1097, 478], [949, 478]], '69?0', 0.01626567542552948), ([[1185, 553], [1227, 553], [1227, 612], [1185, 612]], '응', 0.6096776573423455), ([[1412, 546], [1563, 546], [1563, 627], [1412, 627]], '알앉어', 0.8525286181694728), ([[1793, 970], [1854, 970], [1854, 1019], [1793, 1019]], '그 ', 0.5406759913424959), ([[1751, 1036], [1917, 1036], [1917, 1101], [1751, 1101]], '그렇게나', 0.9622479677200317), ([[1796, 1112], [1880, 1112], [1880, 1168], [1796, 1168]], '크게', 0.9793548014533567), ([[1763, 1183], [1920, 1183], [1920, 1248], [1763, 1248]], '되는구나', 0.8997678160667419), ([[90, 1888], [216, 1888], [216, 1953], [90, 1953]], '남자는', 0.6439220650614668), ([[1169, 2192], [1225, 2192], [1225, 2240], [1169, 2240]], '', 0.0), ([[1161, 2236], [1217, 2236], [1217, 2278], [1161, 2278]], '원6', 0.016756178436583412), ([[183, 2295], [232, 2295], [232, 2360], [183, 2360]], '으', 0.34353009760729947), ([[95, 2366], [189, 2366], [189, 2433], [95, 2433]], '으응', 0.9843850550122393), ([[1375, 2974], [1401, 2974], [1401, 3009], [1375, 3009]], '3', 0.9999389657750726), ([[935.2433885949595, 1041.0190941801984], [1039.5426630593415, 1015.2170752363864], [1094.7566114050405, 1268.9809058198016], [991.4573369406585, 1294.7829247636137]], '읽', 0.0019545987043701474), ([[478.92941402497684, 2772.0212334294156], [852.758932271189, 2856.9081888153332], [792.0705859750232, 3077.9787665705844], [419.241067728811, 2993.0918111846668]], '[:1', 0.2805122338559928)]
[([[385, 152], [522, 152], [522, 220], [385, 220]], '폐이트', 0.8439074215630844), ([[1044, 174], [1176, 174], [1176, 252], [1044, 252]], '[아파-', 0.6754999160766602), ([[1681, 159], [1789, 159], [1789, 231], [1681, 231]], '그럼:', 0.6699992236149137), ([[393, 228], [544, 228], [544, 302], [393, 302]], '힘흘 빼', 0.29561687256321967), ([[1669, 245], [1844, 245], [1844, 321], [1669, 321]], '넣는다?', 0.2216612994670868), ([[386, 309], [563, 309], [563, 381], [386, 381]], '심호흡해', 0.9870290756225586), ([[1804, 533], [1850, 533], [1850, 572], [1804, 572]], '>', 0.3443775872117527), ([[1816, 569], [1860, 569], [1860, 606], [1816, 606]], '>"', 0.46781062109084515), ([[4, 684], [41, 684], [41, 737], [4, 737]], '0', 0.1383993506549439), ([[1292, 777], [1336, 777], [1336, 836], [1292, 836]], '의', 0.42174961774323094), ([[1294, 887], [1333, 887], [1333, 955], [1294, 955]], '응', 0.6574801783065745), ([[1347, 827], [1508, 827], [1508, 953], [1347, 953]], '})', 0.03042652447130742), ([[435, 1055], [545, 1055], [545, 1118], [435, 1118]], '80}', 0.02695774652444837), ([[1717, 1762], [1791, 1762], [1791, 1894], [1717, 1894]], '야', 0.9052913376601737), ([[1553, 1754], [1646, 1754], [1646, 2034], [1553, 2034]], '양', 0.3373938605200557), ([[987, 2131], [1062, 2131], [1062, 2187], [987, 2187]], '기', 0.5153577001010632), ([[24, 2619], [75, 2619], [75, 2675], [24, 2675]], '조', 0.9998487291327116), ([[0, 2689], [89, 2689], [89, 2761], [0, 2761]], '조금:', 0.9615661825283354), ([[11, 2764], [105, 2764], [105, 2827], [11, 2827]], '아파', 0.9994065396702531), ([[1060, 2807], [1223, 2807], [1223, 2875], [1060, 2875]], '들어쨌어', 0.18847402930259705), ([[1065, 2881], [1194, 2881], [1194, 2942], [1065, 2942]], '폐이트', 0.8720231550946896), ([[1142.029349837601, 490.0790340093668], [1189.078897027594, 474.09779861375023], [1216.970650162399, 562.9209659906332], [1169.921102972406, 578.9022013862498]], '8', 0.0057992094616677314), ([[1678.96045745888, 2287.2101958026237], [1816.8349767908953, 2268.7860528899796], [1823.03954254112, 2354.7898041973763], [1685.1650232091047, 2373.2139471100204]], '씨', 0.1346486100545441), ([[1203.029349837601, 2366.0790340093668], [1289.7764339629516, 2388.3774061901822], [1274.970650162399, 2438.9209659906332], [1189.2235660370484, 2416.6225938098178]], '#(_', 0.036147436388486505), ([[885.5621678605213, 2924.273538586294], [1009.3759363613991, 2896.839389557601], [1023.4378321394787, 2989.726461413706], [900.6240636386009, 3017.160610442399]], '세,', 0.28660781210917163), ([[1558.5168349130363, 2930.023399604274], [1643.5708341801326, 3007.97330937296], [1612.4831650869637, 3042.976600395726], [1528.4291658198674, 2965.02669062704]], '-3~3', 0.2211170792579651)]
[([[1072, 233], [1117, 233], [1117, 280], [1072, 280]], '이', 0.9898973857521156), ([[1067, 297], [1144, 297], [1144, 353], [1067, 353]], '이젠', 0.5211859986487695), ([[1070, 360], [1152, 360], [1152, 423], [1070, 423]], '괜찮', 0.6903137033572029), ([[1281, 379], [1358, 379], [1358, 444], [1281, 444]], '아:', 0.36589734617346625), ([[1415, 384], [1530, 384], [1530, 444], [1415, 444]], "'싫다면", 0.6358687877655029), ([[1052, 424], [1170, 424], [1170, 486], [1052, 486]], '으니까', 0.9776578606173015), ([[1412, 446], [1539, 446], [1539, 509], [1412, 509]], '오늘은-', 0.8490154577501328), ([[1272, 462], [1392, 462], [1392, 539], [1272, 539]], '안 돼', 0.8642811179161072), ([[1804, 748], [1905, 748], [1905, 817], [1804, 817]], '역시', 0.9998616768453605), ([[516, 822], [767, 822], [767, 887], [516, 887]], '조금 아프지만', 0.9998691070083482), ([[1806, 831], [1915, 831], [1915, 906], [1806, 906]], '아프', 0.9998522363468539), ([[532, 891], [748, 891], [748, 958], [532, 958]], '지금은 너와', 0.9731426635448173), ([[1838, 922], [1920, 922], [1920, 987], [1838, 987]], "'지?", 0.9365492591990487), ([[528, 967], [767, 967], [767, 1035], [528, 1035]], '이어젯다는게', 0.3664325413314877), ([[523, 1039], [786, 1039], [786, 1102], [523, 1102]], '더 기뻐   니까-', 0.473298372932579), ([[124, 1135], [234, 1135], [234, 1200], [124, 1200]], '내안', 0.9999747962776184), ([[143, 1214], [239, 1214], [239, 1283], [143, 1283]], '기분', 0.9993192276998919), ([[137, 1294], [259, 1294], [259, 1366], [137, 1366]], '좋아?', 0.9898203104277589), ([[1695, 1416], [1789, 1416], [1789, 1471], [1695, 1471]], '아아:', 0.7451514550798641), ([[1679, 1482], [1823, 1482], [1823, 1538], [1679, 1538]], '폐이트의', 0.9055790901184082), ([[1640, 1547], [1875, 1547], [1875, 1603], [1640, 1603]], '보지가 내 거에', 0.6964999816122729), ([[1662, 1614], [1842, 1614], [1842, 1670], [1662, 1670]], '읽혀들어서', 0.816819305971894), ([[277, 1649], [389, 1649], [389, 1709], [277, 1709]], '다행이', 0.9982135723680621), ([[1668, 1678], [1824, 1678], [1824, 1740], [1668, 1740]], '엄청 기분', 0.9898122332909194), ([[311, 1717], [388, 1717], [388, 1768], [311, 1768]], '다아', 0.09957910239849355), ([[1711, 1744], [1795, 1744], [1795, 1807], [1711, 1807]], '좋아', 0.9877715279133344), ([[1335, 2004], [1473, 2004], [1473, 2081], [1335, 2081]], '히다?', 0.023693834957021005), ([[1697, 2230], [1920, 2230], [1920, 2438], [1697, 2438]], '넷', 0.07330912154380886), ([[1663, 2631], [1795, 2631], [1795, 2696], [1663, 2696]], '천천히:', 0.9922268390655518), ([[1678, 2705], [1802, 2705], [1802, 2770], [1678, 2770]], '조금씩', 0.9999668950005018), ([[1654, 2775], [1841, 2775], [1841, 2842], [1654, 2842]], '움직일게?', 0.9960806059407407), ([[282.872167983868, 2817.126211064491], [567.0140567619977, 2785.0713495606146], [573.1278320161321, 2936.873788935509], [288.9859432380023, 2968.9286504393854]], '카국:', 0.0032637025851305797)]
[([[1253, 117], [1291, 117], [1291, 145], [1253, 145]], '사', 0.21159811582984744), ([[397, 141], [448, 141], [448, 195], [397, 195]], "'웬:", 0.6823827233977625), ([[1709, 150], [1807, 150], [1807, 215], [1709, 215]], '은아', 0.40662164550728647), ([[417, 211], [456, 211], [456, 256], [417, 256]], '지', 0.999862437211064), ([[1528, 272], [1641, 272], [1641, 328], [1528, 328]], '안에서', 0.9124008247982787), ([[1511, 338], [1659, 338], [1659, 401], [1511, 401]], '꿈틀꿈틀', 0.29308921098709106), ([[603, 384], [666, 384], [666, 501], [603, 501]], '앗', 0.19561241074514957), ([[1534, 403], [1649, 403], [1649, 465], [1534, 465]], '움직여', 0.9993470808992458), ([[582, 658], [714, 658], [714, 726], [582, 726]], '조금;', 0.6643319950561439), ([[582, 734], [721, 734], [721, 809], [582, 809]], '느끼는', 0.7819522426035361), ([[1697, 687], [1762, 687], [1762, 874], [1697, 874]], '%', 0.17475869360608076), ([[589, 818], [711, 818], [711, 885], [589, 885]], '거야?', 0.9996512692610161), ([[572, 1068], [626, 1068], [626, 1108], [572, 1108]], '아', 0.9999228730768586), ([[1491, 1427], [1695, 1427], [1695, 1492], [1491, 1492]], '조금이지만', 0.9970133071897717), ([[1546, 1501], [1635, 1501], [1635, 1561], [1546, 1561]], '기분', 0.9990736536946249), ([[1506, 1573], [1678, 1573], [1678, 1640], [1506, 1640]], '좋아진 것', 0.9754107574056584), ([[1554, 1647], [1647, 1647], [1647, 1709], [1554, 1709]], '같아', 0.9993827730631871), ([[1682, 1723], [1877, 1723], [1877, 1862], [1682, 1862]], '세>', 0.12236865543874989), ([[1372, 2585], [1497, 2585], [1497, 2647], [1372, 2647]], '조금만', 0.9999375066936251), ([[1324, 2657], [1540, 2657], [1540, 2721], [1324, 2721]], '강하게 해도', 0.9987172353524152), ([[1027, 2698], [1078, 2698], [1078, 2749], [1027, 2749]], '오', 0.14731387831677356), ([[89, 2703], [256, 2703], [256, 2866], [89, 2866]], '1', 0.0713038912189754), ([[1358, 2726], [1504, 2726], [1504, 2795], [1358, 2795]], '좋 " 아 ', 0.13375911265689588), ([[15, 2770], [70, 2770], [70, 2938], [15, 2938]], '용', 0.016335990665883315), ([[1390, 2806], [1481, 2806], [1481, 2861], [1390, 2861]], '아양', 0.6710976034400871), ([[635.4195865806416, 244.01203659346262], [725.4372865332881, 204.0068309347809], [848.5804134193584, 512.9879634065373], [758.5627134667119, 551.9931690652191]], "'", 0.27147220795109206), ([[1382.8797271180808, 646.0261603269306], [1662.1308843154495, 707.714314273238], [1611.1202728819192, 907.9738396730694], [1331.8691156845505, 846.285685726762]], "3,'", 0.054921794936048755), ([[1273.113515585644, 807.0994685768342], [1351.9223227027637, 824.2155354594472], [1342.886484414356, 858.9005314231658], [1264.0776772972363, 841.7844645405528]], '사(`', 0.12189718557884163), ([[307.82415009609673, 1103.6372803075096], [514.9302862987253, 1043.1313924981612], [541.1758499039032, 1162.3627196924904], [334.06971370127474, 1222.8686075018388]], '주.물', 0.0038867067669661353), ([[864.7639320225002, 1690.5278640450003], [933.502338582412, 1674.4315795575426], [942.2360679774998, 1719.4721359549997], [873.497661417588, 1735.5684204424574]], '10;', 0.055615418494562995), ([[127.19634481478676, 2442.0775998515264], [384.0115938006921, 2414.412179572807], [391.80365518521324, 2599.9224001484736], [133.98840619930792, 2626.587820427193]], '움', 0.01341649149459384)]
[([[574, 160], [686, 160], [686, 246], [574, 246]], '후앗', 0.4036167127520722), ([[1732, 220], [1898, 220], [1898, 289], [1732, 289]], '폐이트!', 0.7041121125221252), ([[1743, 305], [1892, 305], [1892, 379], [1743, 379]], '이어저', 0.4915521798201302), ([[1736, 393], [1897, 393], [1897, 470], [1736, 470]], '앞는 게', 0.17112282642862), ([[206, 424], [507, 424], [507, 593], [206, 593]], '671', 0.20911794611346096), ([[1762, 479], [1892, 479], [1892, 554], [1762, 554]], '보여?', 0.999753952838137), ([[1152, 465], [1375, 465], [1375, 719], [1152, 719]], '주:', 0.0024187318913220777), ([[968, 722], [1046, 722], [1046, 764], [968, 764]], '1히', 0.009835833886470077), ([[813, 954], [969, 954], [969, 1019], [813, 1019]], '웃아아', 0.9483940125329879), ([[796, 1084], [900, 1084], [900, 1151], [796, 1151]], '보여', 0.9978987777055495), ([[109, 997], [177, 997], [177, 1407], [109, 1407]], '?', 0.0098980514239711), ([[796, 1199], [902, 1199], [902, 1268], [796, 1268]], '보여', 0.9988622633278766), ([[110, 2559], [178, 2559], [178, 2610], [110, 2610]], '아', 0.999568866478743), ([[105, 2640], [226, 2640], [226, 2707], [105, 2707]], '하아', 0.9996859361317767), ([[1852, 2694], [1891, 2694], [1891, 2743], [1852, 2743]], '양', 0.923449449879854), ([[109, 2728], [222, 2728], [222, 2793], [109, 2793]], '아앗', 0.41438935540233257), ([[942, 2775], [1095, 2775], [1095, 2841], [942, 2841]], '부끄러워', 0.9854304194450378)]
[([[1526, 154], [1689, 154], [1689, 230], [1526, 230]], '이런 거', 0.9387091630939993), ([[1513, 236], [1716, 236], [1716, 320], [1513, 320]], '처음이야', 0.9675573110580444), ([[1569, 331], [1677, 331], [1677, 405], [1569, 405]], '안에', 0.9908385729653286), ([[788, 324], [851, 324], [851, 497], [788, 497]], '%', 0.04314205043162134), ([[1518, 416], [1716, 416], [1716, 497], [1518, 497]], '이렇게나', 0.5157167315483093), ([[1502, 505], [1732, 505], [1732, 582], [1502, 582]], '당고 있어-', 0.8962806694831524), ([[930, 1714], [981, 1714], [981, 1768], [930, 1768]], '차', 0.9998643444294117), ([[1710, 1686], [1761, 1686], [1761, 1746], [1710, 1746]], '앗', 0.15613342312017497), ([[11, 1732], [103, 1732], [103, 1797], [11, 1797]], '이젠', 0.6274057930310236), ([[0, 1804], [119, 1804], [119, 1864], [0, 1864]], '아프지', 0.999862556711222), ([[924, 1785], [1013, 1785], [1013, 1850], [924, 1850]], '참지', 0.9996738832633203), ([[0, 1878], [93, 1878], [93, 1943], [0, 1943]], '압으:', 0.3271365003325367), ([[913, 1857], [1040, 1857], [1040, 1924], [913, 1924]], '않아도', 0.9966481938497501), ([[21, 1950], [110, 1950], [110, 2013], [21, 2013]], '니까', 0.9350621774164686), ([[958, 1935], [1002, 1935], [1002, 1989], [958, 1989]], '돼', 0.31464181154048276), ([[1706, 1833], [1859, 1833], [1859, 2360], [1706, 2360]], '{', 0.8096806983968605), ([[1124, 2375], [1292, 2375], [1292, 2443], [1124, 2443]], '폐이트의', 0.937426745891571), ([[1171, 2450], [1240, 2450], [1240, 2512], [1171, 2512]], '안-', 0.998138123135478), ([[1144, 2524], [1272, 2524], [1272, 2589], [1144, 2589]], '갑자기', 0.9983678438108907), ([[1147, 2596], [1272, 2596], [1272, 2660], [1147, 2660]], '조임이', 0.9950239940249629), ([[1125, 2667], [1305, 2667], [1305, 2735], [1125, 2735]], '강해적어!', 0.19721053500787872), ([[848, 2784], [994, 2784], [994, 2847], [848, 2847]], '움직여쥐', 0.8416242003440857), ([[863, 2903], [976, 2903], [976, 2958], [863, 2958]], '싸쥐어', 0.09135555137715964), ([[742, 2937], [787, 2937], [787, 2979], [742, 2979]], '0', 0.913830038713315), ([[-36.88107434665658, 2682.323272874711], [34.71320994977528, 2613.01957891409], [150.8810743466566, 2751.676727125289], [77.28679005022471, 2820.98042108591]], '9', 0.8752322302440554)]
[([[1803, 144], [1919, 144], [1919, 198], [1803, 198]], '폐이트', 0.7841851831650487), ([[778, 197], [860, 197], [860, 251], [778, 251]], '크으', 0.3556622052269478), ([[1810, 209], [1921, 209], [1921, 265], [1810, 265]], '폐이트', 0.8369069825744965), ([[751, 815], [813, 815], [813, 957], [751, 957]], '%', 0.6825826193222753), ([[721, 1252], [763, 1252], [763, 1306], [721, 1306]], '또', 0.9998267964028038), ([[1041, 1290], [1083, 1290], [1083, 1342], [1041, 1342]], '양', 0.9898357118016889), ([[695, 1319], [787, 1319], [787, 1387], [695, 1387]], '안에', 0.9934427859159322), ([[1025, 1354], [1158, 1354], [1158, 1414], [1025, 1414]], '하아아', 0.9937845527490378), ([[685, 1390], [812, 1390], [812, 1462], [685, 1462]], '당앉어', 0.7613940834999084), ([[1074, 1425], [1116, 1425], [1116, 1471], [1074, 1471]], '맛', 0.2145144049422676), ([[1027, 1483], [1140, 1483], [1140, 1543], [1027, 1543]], '안에서', 0.8104544813224958), ([[915, 1534], [995, 1534], [995, 1590], [915, 1590]], '꿈틀', 0.879131421897653), ([[1051, 1545], [1128, 1545], [1128, 1605], [1051, 1605]], '너의', 0.9998629411998214), ([[873, 1595], [1022, 1595], [1022, 1656], [873, 1656]], '[꿈플하고', 0.27985088910549033), ([[1051, 1615], [1133, 1615], [1133, 1675], [1051, 1675]], '것이', 0.9299695827850577), ([[885, 1663], [1013, 1663], [1013, 1725], [885, 1725]], '있는 게', 0.3445498326765227), ([[880, 1727], [1027, 1727], [1027, 1790], [880, 1790]], '알계  어', 0.06868155949214572), ([[1808, 2112], [1900, 2112], [1900, 2168], [1808, 2168]], '언지::', 0.08878230303525925), ([[1786, 2175], [1904, 2175], [1904, 2231], [1786, 2231]], '내 몸이', 0.9449096244731643), ([[1793, 2237], [1932, 2237], [1932, 2293], [1793, 2293]], '이상해애', 0.9949159622192383), ([[737, 2710], [817, 2710], [817, 2766], [737, 2766]], '원가', 0.9306187523323384), ([[687, 2775], [868, 2775], [868, 2831], [687, 2831]], '와버려어어', 0.9041177122973683), ([[747, 2844], [805, 2844], [805, 2893], [747, 2893]], '나:', 0.9702824502552863), ([[140, 2922], [379, 2922], [379, 3069], [140, 3069]], '351,', 0.29946503043174744), ([[694, 2907], [872, 2907], [872, 2963], [694, 2963]], '가버려어어', 0.9986178798518208), ([[964, 2855], [1217, 2855], [1217, 3052], [964, 3052]], ')', 0.04857810673455365)]
[([[0, 134], [109, 134], [109, 245], [0, 245]], '(5:', 0.17712697884543394), ([[272, 104], [420, 104], [420, 279], [272, 279]], '뼈', 0.0074407166253041), ([[1819, 141], [1847, 141], [1847, 231], [1819, 231]], '국', 0.23529194124292108), ([[1605, 222], [1744, 222], [1744, 278], [1605, 278]], '나 이젠', 0.767515835814539), ([[1073, 249], [1235, 249], [1235, 426], [1073, 426]], '"', 0.03191037846774236), ([[1587, 286], [1778, 286], [1778, 346], [1587, 346]], '그리 버티지', 0.9995657113749664), ([[1624, 354], [1744, 354], [1744, 409], [1624, 409]], '못해-!', 0.4668318516425198), ([[1631, 418], [1744, 418], [1744, 474], [1631, 474]], '폐이트', 0.8351623615922), ([[558, 480], [646, 480], [646, 656], [558, 656]], '앗', 0.10939443122119119), ([[358, 788], [409, 788], [409, 911], [358, 911]], '뿐', 0.41997321919149044), ([[364, 932], [408, 932], [408, 1012], [364, 1012]], '종', 0.33276169544805967), ([[499, 881], [553, 881], [553, 1049], [499, 1049]], '중', 0.04470387919720076), ([[353, 1040], [413, 1040], [413, 1198], [353, 1198]], '양', 0.10548858341269707), ([[1694, 1040], [1877, 1040], [1877, 1323], [1694, 1323]], '설', 0.03475865341423501), ([[1196, 2731], [1497, 2731], [1497, 2884], [1196, 2884]], '시리.', 0.039249944910132825), ([[1632, 2762], [1733, 2762], [1733, 2824], [1632, 2824]], '(싸다]', 0.06998482346534729), ([[1037.9719194937463, 1087.552263139369], [1090.7932954083012, 1076.1368722064913], [1097.0280805062537, 1111.447736860631], [1045.2067045916988, 1122.8631277935087]], '65+', 0.505119886653156)]
[([[207, 910], [527, 910], [527, 1073], [207, 1073]], '음맛0', 0.042049320708657516), ([[215, 1177], [592, 1177], [592, 1300], [215, 1300]], '아아아~', 0.9992575645446777), ([[1531, 2211], [1699, 2211], [1699, 2357], [1531, 2357]], '셋중', 0.004473170691231403), ([[1657, 2612], [1871, 2612], [1871, 2760], [1657, 2760]], '가+9', 0.02884978810687404), ([[1169, 2886], [1211, 2886], [1211, 2966], [1169, 2966]], '하', 0.9758355137027053), ([[1233, 2913], [1389, 2913], [1389, 3037], [1233, 3037]], '47', 0.609872647433095)]
[([[406, 131], [493, 131], [493, 194], [406, 194]], '잔뜩', 0.999583193114672), ([[389, 267], [510, 267], [510, 330], [389, 330]], '나뭇네', 0.18419328334993124), ([[1518, 379], [1679, 379], [1679, 460], [1518, 460]], '하아', 0.9997124863068396), ([[1516, 482], [1684, 482], [1684, 561], [1516, 561]], '하아', 0.9998503819662865), ([[506, 1033], [579, 1033], [579, 1077], [506, 1077]], '(', 0.7195970808948573), ([[1369, 947], [1611, 947], [1611, 1096], [1369, 1096]], '(3', 0.9705304423387687), ([[246, 1123], [277, 1123], [277, 1174], [246, 1174]], '응', 0.43908565476630557), ([[1488, 1158], [1577, 1158], [1577, 1223], [1488, 1223]], '안에', 0.9930094526118131), ([[1617, 1160], [1721, 1160], [1721, 1225], [1617, 1225]], '미안!', 0.48746431009531904), ([[11, 1199], [143, 1199], [143, 1264], [11, 1264]], '아직: ', 0.5088388323783875), ([[238, 1224], [290, 1224], [290, 1264], [238, 1264]], '아', 0.9998667284549043), ([[1506, 1231], [1557, 1231], [1557, 1291], [1506, 1291]], '쌀', 0.9997730383920498), ([[26, 1278], [122, 1278], [122, 1345], [26, 1345]], '빼지', 0.9961559305140962), ([[1474, 1300], [1603, 1300], [1603, 1373], [1474, 1373]], '생각은', 0.9986369663589848), ([[13, 1358], [147, 1358], [147, 1430], [13, 1430]], '말아쥐', 0.8746690244848617), ([[1412, 1448], [1491, 1448], [1491, 1513], [1412, 1513]], '03', 0.10409472781455543), ([[1664, 1662], [1772, 1662], [1772, 1734], [1664, 1734]], '겨우:', 0.8493459155421756), ([[1663, 1752], [1814, 1752], [1814, 1821], [1663, 1821]], '겨우야', 0.9992057958177619), ([[1052, 2562], [1155, 2562], [1155, 2636], [1052, 2636]], '너와', 0.9928068119531053), ([[1025, 2648], [1176, 2648], [1176, 2722], [1025, 2722]], '하나게', 0.9981942370556538), ([[989, 2733], [1227, 2733], [1227, 2814], [989, 2814]], '뒷으니까이', 0.08727463951096483), ([[377.46446609406723, 2770.464466094067], [453.1661889512863, 2742.130213503983], [468.53553390593277, 2787.535533905933], [392.8338110487137, 2815.869786496017]], '그 6', 0.10112408669449749), ([[361.31478714334185, 2838.2518297146735], [433.7916719124867, 2793.6890144103913], [459.68521285665815, 2837.7481702853265], [387.2083280875133, 2882.3109855896087]], '[그:', 0.34526410615106495)]
[([[544, 253], [681, 253], [681, 313], [544, 313]], '하지만:', 0.8348081111907959), ([[575, 322], [660, 322], [660, 382], [575, 382]], '미안', 0.998635220805706), ([[403, 394], [487, 394], [487, 454], [403, 454]], '안에', 0.995267498123943), ([[544, 389], [703, 389], [703, 456], [544, 456]], '처음인데', 0.9502554535865784), ([[375, 463], [535, 463], [535, 526], [375, 526]], '산다던가', 0.3440556526184082), ([[591, 469], [651, 469], [651, 517], [591, 517]], '그:', 0.3150076593875112), ([[1709, 944], [1860, 944], [1860, 1013], [1709, 1013]], '거기다', 0.6911209225654602), ([[504, 979], [600, 979], [600, 1047], [504, 1047]], '모르', 0.9868363397211797), ([[1684, 1026], [1880, 1026], [1880, 1105], [1684, 1105]], '상낭하게', 0.8830901384353638), ([[285, 1098], [479, 1098], [479, 1175], [285, 1175]], '기뻐어9', 0.26141026616096497), ([[500, 1067], [603, 1067], [603, 1143], [500, 1143]], '켓고', 0.4763559500989638), ([[1690, 1111], [1888, 1111], [1888, 1195], [1690, 1195]], '햇는지도', 0.6775374412536621), ([[514, 1492], [563, 1492], [563, 1555], [514, 1555]], '날', 0.9999523168526139), ([[448, 1569], [629, 1569], [629, 1641], [448, 1641]], '격렬하게', 0.2731585204601288), ([[448, 1650], [629, 1650], [629, 1722], [448, 1722]], '상낭하게', 0.7973275780677795), ([[445, 1729], [646, 1729], [646, 1801], [445, 1801]], '원해취서-', 0.8651938237429181), ([[1792, 2517], [1928, 2517], [1928, 2584], [1792, 2584]], '거기다', 0.9995551251283072), ([[1650, 2597], [1928, 2597], [1928, 2678], [1650, 2678]], '처음엔 있지?', 0.5052295523739623), ([[1602, 2685], [1837, 2685], [1837, 2757], [1602, 2757]], '안에 싸주길', 0.9655794533682557), ([[1617, 2764], [1839, 2764], [1839, 2838], [1617, 2838]], '원햇으니까', 0.3155964829272307)]
[([[178, 233], [222, 233], [222, 301], [178, 301]], '응', 0.9983614248420203), ([[1539, 224], [1707, 224], [1707, 284], [1539, 284]], '정말이야?', 0.9997293305758168), ([[1429, 618], [1585, 618], [1585, 680], [1429, 680]], '한 가지-', 0.8307998150077534), ([[1718, 634], [1764, 634], [1764, 678], [1718, 678]], '아', 0.9996948475018144), ([[14, 720], [107, 720], [107, 780], [14, 780]], '아아:', 0.9777369770008628), ([[1435, 686], [1569, 686], [1569, 762], [1435, 762]], '어리광', 0.9655518181243544), ([[1446, 766], [1571, 766], [1571, 828], [1446, 828]], '부려도', 0.7588749090027797), ([[0, 792], [162, 792], [162, 859], [0, 859]], '물론이야', 0.9972674250602722), ([[1453, 837], [1602, 837], [1602, 905], [1453, 905]], '괜찮아?', 0.9980096817016602), ([[1611, 1401], [1788, 1401], [1788, 1470], [1611, 1470]], '오늘밤은', 0.9919210076332092), ([[25, 1443], [218, 1443], [218, 1519], [25, 1519]], '날  파악', 0.5408099943616447), ([[1668, 1484], [1738, 1484], [1738, 1547], [1668, 1547]], '쭉-', 0.9594825451476893), ([[27, 1529], [223, 1529], [223, 1608], [27, 1608]], '안아주면', 0.9978955984115601), ([[102, 1620], [205, 1620], [205, 1688], [102, 1688]], '해0', 0.27886121647288925)]
[([[1178, 302], [1559, 302], [1559, 353], [1178, 353]], '<+.5-73~', 0.003079612953508684), ([[1140, 359], [1634, 359], [1634, 410], [1140, 410]], '속소1#0/-자0꾸7', 0.015871640091391866), ([[1137, 415], [1763, 415], [1763, 471], [1137, 471]], '#듯##(*처0한##옳0 따료0 :급.', 0.000729197305102901), ([[1137, 534], [1784, 534], [1784, 588], [1137, 588]], ':화 파그=초위터0217+5+/', 0.00347164678905609), ([[1137, 594], [1823, 594], [1823, 645], [1137, 645]], '묶맛 (디 쫓다다) |--0되 출0 듯-07', 0.0019545502159855244), ([[1137, 651], [1375, 651], [1375, 705], [1137, 705]], '훌숨가화(', 0.005109457390739912), ([[1145, 709], [1737, 709], [1737, 762], [1145, 762]], "루3+'논)-스습표3-[7한 + !", 0.0019960773860574913), ([[1140, 826], [1674, 826], [1674, 880], [1140, 880]], '*늘75--* ! 느8:] 그<', 0.02214352326689695), ([[1142, 886], [1492, 886], [1492, 939], [1142, 939]], '{굶#7부나빠', 0.00012340670160512204), ([[1511, 886], [1710, 886], [1710, 937], [1511, 937]], '-쇼055', 0.36362110040074896), ([[1142, 946], [1717, 946], [1717, 997], [1142, 997]], '기]>-7-자초]워< 히숲-', 0.027791070494630133), ([[1140, 1003], [1641, 1003], [1641, 1057], [1140, 1057]], "*중0터*10< <스'규즈(", 1.053079245462471e-05), ([[1140, 1121], [1751, 1121], [1751, 1172], [1140, 1172]], '끗소다#뜨[*#숲의-2*1촌5<501', 0.005255230019257735), ([[1140, 1178], [1703, 1178], [1703, 1231], [1140, 1231]], '#수-8<물< <()탑 뜻<답 !', 0.0011147963125443217)]
[([[1430, 318], [1926, 318], [1926, 369], [1430, 369]], '숙미0넣#맣0)1루+5+/', 0.0034313558968048045), ([[1427, 431], [1890, 431], [1890, 486], [1427, 486]], '퓨맛 (#쫓<리0(>-초', 0.0004625025389011385), ([[1430, 493], [1923, 493], [1923, 544], [1430, 544]], '류증논#히+출(- 뉴+-/<', 0.0011909220667822209), ([[1425, 610], [1923, 610], [1923, 661], [1425, 661]], '#긋페흐 하룻- 오따듯-01', 0.0010623123651966283), ([[1430, 667], [1924, 667], [1924, 723], [1430, 723]], '<느하*(하답 <트내<중', 0.002130062983561424), ([[1430, 844], [1926, 844], [1926, 895], [1430, 895]], '<@트다- (틈*0)듯(자)', 0.005359798371924257), ([[1427, 904], [1923, 904], [1923, 955], [1427, 955]], '8 *+057 13 310초', 0.02938590981949665), ([[1430, 961], [1890, 961], [1890, 1015], [1430, 1015]], '##)강+31-#010~', 0.006046730299725314)]
[([[1174, 359], [1596, 359], [1596, 410], [1174, 410]], '>*)|즐(*()(당#름0) :#하(', 4.68238999591858e-05), ([[1174, 414], [1687, 414], [1687, 470], [1174, 470]], '*5+하1-1-3자간화', 0.011312702669799227), ([[1174, 531], [1672, 531], [1672, 584], [1174, 584]], '못다디0{ =지(7히}0', 0.0025106838756305994), ([[1176, 591], [1636, 591], [1636, 644], [1176, 644]], '7)777+ ) 초워*0뻗', 0.0007803801816701444), ([[1171, 648], [1670, 648], [1670, 704], [1171, 704]], '늘0.#51-15금흐1-1', 0.0038841021616941953), ([[1173, 704], [1800, 704], [1800, 766], [1173, 766]], '구57+16779}-*0*{사', 0.0016889277315070472), ([[1174, 764], [1450, 764], [1450, 821], [1174, 821]], '83170 1#숨<부', 0.008917708640363366), ([[1172, 882], [1488, 882], [1488, 936], [1172, 936]], '**0|당#금버학손한', 0.0003656073410492223), ([[1511, 885], [1749, 885], [1749, 936], [1511, 936]], '한0#숲초37', 0.03138439220199963), ([[1176, 942], [1600, 942], [1600, 996], [1176, 996]], "온571{+7=안 트가'", 7.951796586448663e-05), ([[1174, 1000], [1708, 1000], [1708, 1053], [1174, 1053]], '난그1 < 충소: <#죄내', 0.003504293547929937), ([[1172, 1062], [1505, 1062], [1505, 1110], [1172, 1110]], '##하(-하디0 !', 0.006902543995441028)]
[([[1451, 243], [1922, 243], [1922, 288], [1451, 288]], '놀#0))17+5+473.', 0.03063972543394228), ([[1448, 355], [1940, 355], [1940, 406], [1448, 406]], '20123토:(01329<', 0.030115282426377076), ([[1448, 413], [1871, 413], [1871, 464], [1448, 464]], '틈구]하3+751"0지', 0.02263010526447782), ([[1447, 466], [1870, 466], [1870, 526], [1447, 526]], '묶이|웃##즈교 573~', 0.0006160346762716421), ([[1448, 528], [1876, 528], [1876, 583], [1448, 583]], "*사<춤*<#내뭇병'", 0.000916172133087025), ([[1484, 588], [1796, 588], [1796, 641], [1484, 641]], '살:*2 <구초히', 0.010210271008141675), ([[1448, 645], [1746, 645], [1746, 699], [1448, 699]], '빗록내: (디(속)', 0.011100272115964684), ([[1448, 762], [1940, 762], [1940, 816], [1448, 816]], '통째습0그습다률5#1내-', 0.0067491118598728495), ([[1450, 822], [1909, 822], [1909, 874], [1450, 874]], '6주료맑똑소 나디: 그손0', 0.002437395101340982), ([[1450, 940], [1837, 940], [1837, 991], [1450, 991]], '513,1통.0)어5다', 0.012900051076877176), ([[1450, 1000], [1700, 1000], [1700, 1051], [1450, 1051]], '11구느저지', 0.05835037312297736), ([[1448, 1060], [1758, 1060], [1758, 1108], [1448, 1108]], '*060갇0-', 0.009540539566290718), ([[1450, 1115], [1760, 1115], [1760, 1168], [1450, 1168]], '#름#--107', 0.022738125575830295), ([[1450, 1175], [1758, 1175], [1758, 1228], [1450, 1228]], '그1시+5+세소', 0.011369993478150184), ([[1450, 1232], [1835, 1232], [1835, 1286], [1450, 1286]], '꼴-100#흐름듯소논', 0.0007060007324946869), ([[1448, 1292], [1638, 1292], [1638, 1343], [1448, 1343]], '흉0.화 !', 0.05560905476305961)]
[([[1143, 365], [1679, 365], [1679, 416], [1143, 416]], '돌그=<##99+ 니#문단/', 0.007767839482182749), ([[1143, 480], [1640, 480], [1640, 534], [1143, 534]], '@미이로그=<1} 1$30)', 0.037657016243493865), ([[1146, 539], [1604, 539], [1604, 595], [1146, 595]], '기) 그- +#:운-버신<', 0.00789784893574985), ([[1143, 598], [1602, 598], [1602, 654], [1143, 654]], '0한#705. 71루 |#12', 0.0025944284529243683), ([[1145, 658], [1717, 658], [1717, 709], [1145, 709]], '초버내5+ 그 (#늘-스 하구:0', 0.0017763723840838737), ([[1140, 716], [1355, 716], [1355, 769], [1140, 769]], '#*스화-"', 0.02880160331094908), ([[1371, 716], [1772, 716], [1772, 772], [1371, 772]], '그= 1 (("하냄화야 !', 0.012979614375092314), ([[1145, 833], [1604, 833], [1604, 884], [1145, 884]], '504하1217+90후', 0.05980095986680052), ([[1142, 889], [1468, 889], [1468, 944], [1142, 944]], '쨌소## (.다 사', 0.00117551071326468), ([[1142, 949], [1641, 949], [1641, 1006], [1142, 1006]], '#워7 (7초- 튜+ 0 표출', 0.0018019382009715767)]
[([[209, 238], [332, 238], [332, 289], [209, 289]], "'똑출:", 0.01325489235833264), ([[173, 353], [481, 353], [481, 407], [173, 407]], '비초국#<내디~', 0.0003469999750288189), ([[173, 411], [923, 411], [923, 464], [173, 464]], '틈꾸:<음유사한]록하하비+따30한0운합 !', 3.754123864619994e-05), ([[171, 528], [673, 528], [673, 582], [171, 582]], '@출하<틈0델통<#내-', 0.00010509456949321405), ([[172, 583], [782, 583], [782, 643], [172, 643]], '숙미하 자구-자<고끼하소(', 0.016830587862013212), ([[173, 646], [844, 646], [844, 697], [173, 697]], '그15+ /##0디0소하:내소 !', 0.01113156046516029), ([[173, 761], [796, 761], [796, 815], [173, 815]], '특구름]돌0 |/[붐당#로봇+쓸커# (1떤', 0.00012016715057052515), ([[171, 821], [959, 821], [959, 875], [171, 875]], '주페-단요록5(0|류듯음하굶+논32한0운꽤 !', 0.0001805742475214337), ([[173, 939], [1081, 939], [1081, 992], [173, 992]], "다*한#버0(01중뽑춤뉴((:소치-# -<디0'0<", 3.5121002887225125e-05), ([[170, 996], [1232, 996], [1232, 1052], [170, 1052]], '하쉬하답-" @소}0*0)듯둥 7료50+*-틱뜻(3;7|(하', 4.715585811292822e-07), ([[171, 1054], [383, 1054], [383, 1108], [171, 1108]], '*+(.답.', 0.01039739340299738), ([[173, 1114], [671, 1114], [671, 1165], [173, 1165]], "'자묶#움0- 하훌-<부.", 0.00037464426852174346), ([[173, 1229], [891, 1229], [891, 1283], [173, 1283]], '53,11.숙소075(( 쓸0 지 료구움', 0.00442771745106589), ([[171, 1289], [544, 1289], [544, 1340], [171, 1340]], '##가(]:: 0디 !', 0.0033430366596357225), ([[171, 1349], [580, 1349], [580, 1400], [171, 1400]], '주-:*이어꼬.)늘묘-흐.', 7.460982667861301e-06), ([[171, 1407], [872, 1407], [872, 1458], [171, 1458]], '2010303(요-:*-/!주버시카어.', 4.0267165706509054e-05), ([[171, 1464], [726, 1464], [726, 1516], [171, 1516]], '{춤병 질하!*+5##0<:내소(속)', 0.00011320728416026603), ([[174, 1588], [226, 1588], [226, 1632], [174, 1632]], '발.', 0.046012661288083005), ([[243, 1582], [1043, 1582], [1043, 1633], [243, 1633]], '주#10)17+5+소+*구))-출<#00)원금', 8.88092178415666e-05), ([[173, 1639], [1009, 1639], [1009, 1693], [173, 1693]], '노50(습# 축축음요다출-.:[- (소+신하/=', 9.94711563775879e-06), ([[173, 1700], [385, 1700], [385, 1751], [173, 1751]], '흐하)#단사', 0.0004023766551848481), ([[171, 1754], [1376, 1754], [1376, 1811], [171, 1811]], '쏟표금0밥다사?<+)}-0주주출:그+<36-0*-+83?', 0.00015731542995390483), ([[171, 1872], [738, 1872], [738, 1926], [171, 1926]], '*미하그= 1 (술끼하 5파촌<답', 0.001823799535447217), ([[173, 1932], [995, 1932], [995, 1986], [173, 1986]], '9스5 니##산(이(하##버+5. 5(#로로이 .화 !', 8.694726809984439e-05), ([[171, 2050], [457, 2050], [457, 2104], [171, 2104]], '근*한(버다실', 0.0026920523896212132), ([[471, 2050], [697, 2050], [697, 2101], [471, 2101]], '료06소초 !', 0.06552160406761111), ([[171, 2108], [769, 2108], [769, 2161], [171, 2161]], '*속5*30< 3료개0 1 -내:합 !', 0.0005250518440316686), ([[171, 2225], [368, 2225], [368, 2276], [171, 2276]], '7}<(패#물', 0.02815654555278709)]
[([[711, 980], [872, 980], [872, 1047], [711, 1047]], '듯하사', 0.01368261983505875), ([[242, 1098], [1249, 1098], [1249, 1165], [242, 1165]], '주주# : 베어커. -초서.+ 작어물. ~7고{트32 ~', 0.00028926818358434745), ([[242, 1213], [707, 1213], [707, 1278], [242, 1278]], '수터어주하 : |7 14 애이', 0.0026317167813504514), ([[241, 1330], [801, 1330], [801, 1402], [241, 1402]], '#주터 : 2011812531타', 0.1205956644036303), ([[239, 1445], [705, 1445], [705, 1517], [239, 1517]], '수교습 : 하<(뀌쁨', 0.032496814057531256), ([[240, 1566], [1028, 1566], [1028, 1633], [240, 1633]], '초습부 : 미` 퓨;-고|;@의속히;| 네어씨', 4.711144201205466e-06), ([[247, 1684], [1074, 1684], [1074, 1749], [247, 1749]], '"묘 : 념++오:/ |4+하도`;7 #~. +02 네어싸/', 3.466161059088474e-05), ([[240, 1799], [800, 1799], [800, 1867], [240, 1867]], '태입아 : 그-> >빼&총', 0.0044829032471651), ([[242, 1939], [1024, 1939], [1024, 1981], [242, 1981]], '*근0*벼#뜨묘어-하. 18#초#이,05#|#(+교디시충다', 7.034207195513583e-05), ([[242, 1998], [995, 1998], [995, 2038], [242, 2038]], '**리| 소소츠움이-해 충소벼오디:7 * 70-+하3고9', 0.0009310609394210978), ([[268, 2056], [457, 2056], [457, 2093], [268, 2093]], '허"어<손+6', 0.010735634964613803)]
[([[844, 1160], [1453, 1160], [1453, 1407], [844, 1407]], '문승&', 0.011973200889008927), ([[689, 1335], [1507, 1335], [1507, 1864], [689, 1864]], '@|', 0.008558131478660814), ([[885, 1363], [1451, 1363], [1451, 1645], [885, 1645]], '개', 0.007983065688021762), ([[925, 1824], [1328, 1824], [1328, 1903], [925, 1903]], '에 7  829', 0.016025590763876423), ([[819, 1890], [1411, 1890], [1411, 1963], [819, 1963]], '@고@-@역@| 6, 어오(플엿 ', 6.102747483346947e-06)]
[([[177, 55], [261, 55], [261, 151], [177, 151]], '어', 0.9999932050820384), ([[388, 150], [708, 150], [708, 200], [388, 200]], '스,가긋:들4:다8', 0.00022978558516854728), ([[65, 337], [85, 337], [85, 425], [65, 425]], '"', 0.13099203973575868), ([[69, 161], [177, 161], [177, 541], [69, 541]], '불', 0.1417403643396007), ([[81, 281], [108, 281], [108, 372], [81, 372]], '{', 0.2604007778411557), ([[173, 139], [261, 139], [261, 473], [173, 473]], '뭐', 0.024385642154239884), ([[366, 378], [440, 378], [440, 434], [366, 434]], '원본', 0.981367807785741), ([[367, 273], [665, 273], [665, 389], [367, 389]], '역젯엘리베이터', 0.015454824888660635), ([[440, 280], [472, 280], [472, 316], [440, 316]], '자', 0.9999799729396273), ([[439, 377], [1129, 377], [1129, 437], [439, 437]], '상태가 잘리고 흐릿하고 안 보여서 대충 대사흘', 0.21509880109644133), ([[365, 432], [728, 432], [728, 488], [365, 488]], '창작한 부분이 있습니다.', 0.6713408665787526), ([[46, 600], [194, 600], [194, 626], [46, 626]], '-꼴7:어-신-7이어꼴', 9.493128300455314e-05), ([[104, 642], [212, 642], [212, 668], [104, 668]], '팀 인텍스는', 0.6608956129882693), ([[42, 666], [276, 666], [276, 694], [42, 694]], '신입 역식자루 환영합니다.', 0.5899221286945379), ([[76, 690], [242, 690], [242, 720], [76, 720]], '관심있으신 분들은', 0.9105260842225549), ([[72, 714], [244, 714], [244, 744], [72, 744]], '팀 인텍스에 쪽지름', 0.6431455352593931), ([[106, 738], [210, 738], [210, 768], [106, 768]], '넣어주세요.', 0.6102422858020874), ([[60, 780], [262, 780], [262, 810], [60, 810]], '본 작품의 모든 권리논', 0.614278456397127), ([[62, 804], [258, 804], [258, 832], [62, 832]], '원작자에게 있으며 팀', 0.340575622853964), ([[62, 828], [258, 828], [258, 858], [62, 858]], '인텍스는 작품의 수정', 0.8817549344767155), ([[60, 852], [262, 852], [262, 882], [60, 882]], '배포 등의 권리틀 주장', 0.4728533751473866), ([[92, 878], [230, 878], [230, 906], [92, 906]], '하지 않습니다.', 0.4628172213157224), ([[440, 1064], [472, 1064], [472, 1102], [440, 1102]], '자', 0.999990582488298), ([[357, 1054], [535, 1054], [535, 1175], [357, 1175]], '식직자', 0.5837694234756146), ([[525, 1105], [611, 1105], [611, 1165], [525, 1165]], '이름', 0.9998950559601342), ([[368, 1164], [588, 1164], [588, 1220], [368, 1220]], '식자 내용 입력', 0.9985841104124327)]
