820027
25
[([[42, 62], [763, 62], [763, 255], [42, 255]], '[도두:  셋모예:_', 0.00038012060681326843), ([[601, 265], [735, 265], [735, 305], [601, 305]], '@) 평균품령', 0.001893028983084195)]
[]
[([[451, 115], [497, 115], [497, 131], [451, 131]], '하아', 0.9991577570086957), ([[489, 137], [537, 137], [537, 157], [489, 157]], '하아', 0.9994243225944478), ([[325, 417], [387, 417], [387, 459], [325, 459]], '양림', 0.03812910190855689), ([[137, 537], [163, 537], [163, 557], [137, 557]], '셋', 0.3134883945597302), ([[174, 536], [278, 536], [278, 566], [174, 566]], '싶님 잠깐.', 0.384327542050529), ([[572, 948], [608, 948], [608, 978], [572, 978]], '오늘', 0.9999797695726516), ([[614, 946], [708, 946], [708, 974], [614, 974]], '아직 씻지', 0.7209636226816406), ([[633, 981], [651, 981], [651, 1003], [633, 1003]], '모', 0.9999896288186996), ([[666, 978], [730, 978], [730, 1010], [666, 1010]], '못해서', 0.9906634845665331), ([[542, 1106], [600, 1106], [600, 1158], [542, 1158]], '주', 0.09159159553702523)]
[([[393, 159], [464, 159], [464, 191], [393, 191]], '아갈리', 0.2632118554622805), ([[474, 162], [574, 162], [574, 190], [474, 190]], '잠깐 실레', 0.8254001844124079), ([[200, 752], [224, 752], [224, 776], [200, 776]], '그', 0.9999762774920704), ([[245, 753], [269, 753], [269, 771], [245, 771]], '따', 0.9797447013095315), ([[284, 752], [332, 752], [332, 780], [284, 780]], '땀이', 0.2269279308744319), ([[190, 784], [236, 784], [236, 814], [190, 814]], '많이', 0.9878082319498515), ([[243, 787], [287, 787], [287, 805], [243, 805]], '나서', 0.9999891261304003), ([[302, 784], [340, 784], [340, 816], [302, 816]], '흐/', 0.2965284579483544), ([[575, 919], [639, 919], [639, 939], [575, 939]], '어차피', 0.865874303112976), ([[646, 920], [762, 920], [762, 946], [646, 946]], '또 땀나니까', 0.556944254662415), ([[596, 952], [738, 952], [738, 982], [596, 982]], '걱정하지마시오', 0.9930812109539405)]
[([[128, 148], [184, 148], [184, 172], [128, 172]], '그리고', 0.998424750274341), ([[189, 149], [251, 149], [251, 167], [189, 167]], '여기서', 0.6014128923416138), ([[258, 148], [318, 148], [318, 176], [258, 176]], '멈추긴', 0.3887535797979247), ([[155, 175], [298, 175], [298, 215], [155, 215]], '힘들 것 같으니.', 0.40186139809715893), ([[758, 768], [808, 768], [808, 798], [758, 798]], '빨아', 0.9887511670346428), ([[24, 1136], [50, 1136], [50, 1170], [24, 1170]], '9', 0.30847347905606526), ([[725.1502814226758, 544.0912945443088], [755.5819759619793, 533.0425634585406], [777.8497185773242, 597.9087054556912], [747.4180240380207, 608.9574365414594]], '물', 0.14621463059292328)]
[([[362, 188], [408, 188], [408, 214], [362, 214]], '된따}.', 0.013385684229433537), ([[585, 202], [807, 202], [807, 241], [585, 241]], '아갈리 힘들면 무리하지', 0.5147661249646454), ([[627, 235], [764, 235], [764, 271], [627, 271]], '않아도 되니까_', 0.9338358816130885), ([[509, 813], [535, 813], [535, 831], [509, 831]], '아', 0.9989331231483902), ([[548, 814], [604, 814], [604, 838], [548, 838]], '아뇨,', 0.3324475285807856), ([[476, 841], [655, 841], [655, 877], [476, 877]], '열심히 해불테니까', 0.6360525630193891)]
[([[427, 99], [447, 99], [447, 121], [427, 121]], '그', 0.9999624494263095), ([[460, 98], [514, 98], [514, 126], [460, 126]], '그럼 .', 0.8452826801019172), ([[747, 695], [823, 695], [823, 735], [747, 735]], '84 ', 0.05323832885389057)]
[([[137, 137], [286, 137], [286, 167], [137, 167]], '굉장히 야한 냄새', 0.6161804216505894), ([[506, 470], [608, 470], [608, 498], [506, 498]], '움질거리니까', 0.3328124987882797), ([[616, 472], [698, 472], [698, 496], [616, 496]], '귀여워~0', 0.8898615104648544), ([[423, 643], [465, 643], [465, 679], [423, 679]], '굶움', 0.007513880323701015), ([[692, 660], [768, 660], [768, 684], [692, 684]], '자. 잠깐;', 0.3599078816192296), ([[706, 694], [768, 694], [768, 720], [706, 720]], '아갈리.', 0.7049734592437744)]
[([[530, 128], [730, 128], [730, 154], [530, 154]], '나보다 아갈리 느끼논 겉', 0.283247997964081), ([[564, 160], [702, 160], [702, 184], [564, 184]], '먼저   보고싶으니까', 0.6004873289581812), ([[105, 195], [191, 195], [191, 231], [105, 231]], '%려3]대꺼"', 3.2522278231684983e-05), ([[541, 206], [713, 206], [713, 243], [541, 243]], '(@`굽 @3뀌꿈 )', 0.0016530612769438682), ([[123, 711], [169, 711], [169, 727], [123, 727]], '그래도', 0.999991672117281), ([[75, 743], [99, 743], [99, 761], [75, 761]], '세 ,', 0.5476729273796082), ([[106, 740], [188, 740], [188, 766], [106, 766]], '센님 먼저', 0.7700040133285916), ([[625, 1013], [665, 1013], [665, 1027], [625, 1027]], '아아', 0.9942536573881819), ([[672, 1010], [730, 1010], [730, 1036], [672, 1036]], '이렇계', 0.991098203250304), ([[624, 1042], [724, 1042], [724, 1068], [624, 1068]], '젖어있으면서', 0.8648000509066031), ([[614, 1076], [734, 1076], [734, 1104], [614, 1104]], '참느건 안 중소.', 0.6227700788529001)]
[([[438, 116], [480, 116], [480, 142], [438, 142]], '아앗', 0.9006725978907237), ([[498, 116], [632, 116], [632, 142], [498, 142]], '거긴 민감하니까.', 0.38904523130693075), ([[238, 572], [276, 572], [276, 598], [238, 598]], '.옷.', 0.3097549945494063), ([[513, 995], [658, 995], [658, 1025], [513, 1025]], '아갈리 괜창소.?', 0.14239992209992391), ([[506, 1030], [664, 1030], [664, 1058], [506, 1058]], '많이 임들어보이논데 .', 0.569244378851483), ([[770, 1088], [800, 1088], [800, 1126], [770, 1126]], '8', 0.8233253486257333), ([[203.25721864729178, 570.1430466182295], [244.91057178138269, 577.4086325438577], [241.74278135270822, 598.8569533817705], [199.08942821861731, 591.5913674561423]], '흐옥:', 0.10344354128081035)]
[([[535, 127], [575, 127], [575, 143], [535, 143]], '하아', 0.9995788946637272), ([[586, 126], [698, 126], [698, 152], [586, 152]], '애태우지 말고', 0.9972028625470799), ([[355, 143], [427, 143], [427, 187], [355, 187]], '%황', 0.014001817585855596), ([[525, 161], [547, 161], [547, 175], [525, 175]], '빠', 0.9696506891007235), ([[556, 158], [670, 158], [670, 184], [556, 184]], "'빨리 넘어주요 ", 0.5457230437431894), ([[686, 158], [730, 158], [730, 186], [686, 186]], '흐웃.', 0.5295168777031953), ([[343, 278], [395, 278], [395, 309], [343, 309]], '8물?', 0.19765779573948358), ([[83, 344], [137, 344], [137, 375], [83, 375]], '없0', 0.001306121973567978), ([[587, 501], [621, 501], [621, 519], [587, 519]], '@5#', 0.09585036917098337), ([[275, 663], [293, 663], [293, 689], [275, 689]], '0', 0.9997571854187051), ([[602, 995], [738, 995], [738, 1050], [602, 1050]], '흐으움!', 0.9717654585838318), ([[604.2145699273442, 485.88582797093767], [674.4831254946143, 467.3165250883971], [680.7854300726558, 492.11417202906233], [610.5168745053857, 510.6834749116029]], '@_&', 0.024971779090566644), ([[170.5171823341929, 684.5378011352244], [279.8752295037781, 664.5025527472897], [286.4828176658071, 717.4621988647756], [178.12477049622188, 737.4974472527103]], '유@손늘', 0.003176723141223192)]
[([[87, 137], [157, 137], [157, 157], [87, 157]], '넘울태니까', 0.8327273484958377), ([[173, 137], [215, 137], [215, 153], [173, 153]], '아무면', 0.23269911524081585), ([[95, 169], [195, 169], [195, 189], [95, 189]], '바로 말얘 주시오', 0.36590167642494525), ([[598, 618], [694, 618], [694, 636], [598, 636]], '개 .. 괜찮아 요.', 0.27467675696938826), ([[698, 616], [788, 616], [788, 640], [698, 640]], '아파도 참을;', 0.3559663828241865), ([[441, 765], [457, 765], [457, 793], [441, 793]], '옷', 0.9455021972463875), ([[470, 758], [539, 758], [539, 790], [470, 790]], '흐아양.', 0.4544167220592499), ([[751, 1135], [801, 1135], [801, 1173], [751, 1173]], '[0', 0.3871488106759366)]
[([[428, 109], [568, 109], [568, 133], [428, 133]], '하아.. 센남께 안오로', 0.283135341453359), ([[444, 144], [546, 144], [546, 168], [444, 168]], '들어와 . 하양 ..', 0.3296176459002845), ([[160, 568], [198, 568], [198, 592], [160, 592]], '우옷;', 0.17736763318701024), ([[223, 571], [255, 571], [255, 585], [223, 585]], '자세', 0.9999655240519858), ([[167, 600], [256, 600], [256, 626], [167, 626]], '부끄러워 . 웃 ', 0.08467328429699032), ([[569, 911], [609, 911], [609, 929], [569, 929]], '하양 .', 0.4276186137964498), ([[617, 911], [719, 911], [719, 929], [617, 929]], '안쪽까지 담아요', 0.5463408447172313), ([[737, 911], [761, 911], [761, 931], [737, 931]], '옷.', 0.20704578325474055), ([[785, 1115], [827, 1115], [827, 1155], [785, 1155]], '00', 0.3143493721881051)]
[([[329, 131], [371, 131], [371, 151], [329, 151]], '우옷. !', 0.42775262940630604), ([[724, 166], [764, 166], [764, 190], [724, 190]], '타:', 0.0010542844715818404), ([[471, 239], [511, 239], [511, 259], [471, 259]], '좋과', 0.0024965869908045732), ([[77, 411], [169, 411], [169, 431], [77, 431]], '아양 . 자!에.', 0.49576353658993055), ([[177, 409], [231, 409], [231, 429], [177, 429]], '키스 ..0', 0.3658970031337908), ([[190, 604], [234, 604], [234, 628], [190, 628]], '원낫', 0.014741672621945234), ([[577, 633], [605, 633], [605, 647], [577, 647]], '이거', 0.9999221135123715), ([[611, 633], [699, 633], [699, 653], [611, 653]], '좋아옷.하양 .', 0.4492467528655351), ([[776, 1130], [824, 1130], [824, 1162], [776, 1162]], '02', 0.04920817338560448)]
[([[210, 135], [328, 135], [328, 165], [210, 165]], '하앗  아갈리', 0.2303117005681133), ([[573, 539], [611, 539], [611, 553], [573, 553]], '이제', 0.9999027264593935), ([[614, 536], [700, 536], [700, 560], [614, 560]], '진짜 한계.', 0.7675943893810669), ([[148, 564], [190, 564], [190, 596], [148, 596]], '원', 0.028734278970099503), ([[621, 859], [663, 859], [663, 905], [621, 905]], '땀', 0.03127361089198999), ([[800, 1154], [836, 1154], [836, 1184], [800, 1184]], '03', 0.9188297589075952), ([[713.2557915924648, 923.046332739718], [792.9946885017806, 970.747592063083], [766.7442084075352, 1014.953667260282], [686.0053114982194, 967.252407936917]], '들앉고', 0.00076908158824723)]
[([[553, 158], [714, 158], [714, 224], [553, 224]], '우우옷. !', 0.2933357906799129), ([[364, 366], [414, 366], [414, 396], [364, 396]], '사:', 0.15681870772184764), ([[58, 454], [112, 454], [112, 484], [58, 484]], '없*:', 0.0024809025246946156), ([[337.101167723432, 884.0677069746514], [423.9234467242759, 914.0446053670523], [405.898832276568, 961.9322930253486], [319.0765532757241, 930.9553946329477]], '쇼소?', 0.01221788318486638), ([[677.2802656784306, 1095.3885579247042], [791.6765801200722, 1085.4243228056832], [793.7197343215694, 1123.6114420752958], [679.3234198799278, 1133.5756771943168]], '에/날6#', 0.0004369592072670661)]
[([[48, 146], [157, 146], [157, 175], [48, 175]], '후아 . 후아양;', 0.19691671925754525), ([[616, 660], [754, 660], [754, 688], [616, 688]], '질내사정 중앙 !', 0.4004007437121521), ([[204, 780], [293, 780], [293, 831], [204, 831]], '대요', 0.00802825186163055), ([[104, 1010], [254, 1010], [254, 1036], [104, 1036]], '아직도 나오고 있어', 0.9164096711694304), ([[589, 981], [675, 981], [675, 1025], [589, 1025]], '와재', 0.050265788267071544), ([[122, 1044], [158, 1044], [158, 1070], [122, 1070]], '가득', 0.9811613393232933), ([[165, 1047], [229, 1047], [229, 1067], [165, 1067]], '차버려 .', 0.9195565529538551), ([[775, 1119], [825, 1119], [825, 1163], [775, 1163]], '0잘', 0.0637077457032393)]
[([[379, 109], [419, 109], [419, 125], [379, 125]], '하아', 0.997532941417042), ([[444, 106], [528, 106], [528, 132], [444, 132]], '고하없어요', 0.28496396853855227), ([[387, 145], [439, 145], [439, 165], [387, 165]], '센님 .', 0.19383907318115234), ([[489, 229], [699, 229], [699, 272], [489, 272]], '아직 멀없소이다.', 0.6026839211255726), ([[711, 239], [725, 239], [725, 263], [711, 263]], '!', 0.9965759074753464), ([[80, 402], [124, 402], [124, 430], [80, 430]], '@가?', 0.0002305533265126871), ([[145, 615], [167, 615], [167, 631], [145, 631]], '에', 0.9990990999769487), ([[176, 612], [238, 612], [238, 636], [176, 636]], '에에앗', 0.6858293685367562), ([[244, 612], [270, 612], [270, 636], [244, 636]], '!?', 0.9784658439538072), ([[388, 852], [534, 852], [534, 904], [388, 904]], '떼 타5 @@ %8', 0.010520027133824444), ([[763, 1117], [813, 1117], [813, 1161], [763, 1161]], '00', 0.9024549382433177)]
[([[642, 78], [720, 78], [720, 110], [642, 110]], '3시간', 0.999823602288525), ([[730, 78], [758, 78], [758, 108], [730, 108]], '후', 0.9992127776332929), ([[539, 247], [603, 247], [603, 291], [539, 291]], '8)', 0.07260068448942641), ([[111, 711], [189, 711], [189, 755], [111, 755]], '없:이}', 0.012194539420306683), ([[711, 719], [775, 719], [775, 763], [711, 763]], '0최', 0.031973639393831764)]
[([[458, 128], [586, 128], [586, 154], [458, 154]], '개 .. 괜찮9나요 ,', 0.2474635756687809), ([[592, 130], [658, 130], [658, 154], [592, 154]], '센님.. ?', 0.37485125783122086), ([[144, 302], [196, 302], [196, 334], [144, 334]], '입빛', 0.059967208802101844), ([[151, 492], [294, 492], [294, 522], [151, 522]], '남자하고 하느 건', 0.6657860021129357), ([[176, 528], [248, 528], [248, 556], [176, 556]], '처음이라', 0.9055008292198181), ([[488, 958], [654, 958], [654, 986], [488, 986]], '물론. 제일 기분중앞소', 0.2248132502597422), ([[781, 1133], [825, 1133], [825, 1175], [781, 1175]], '08', 0.8163784873947498), ([[521.0843474295577, 435.42530422886733], [561.5285829670158, 422.7102581215804], [566.9156525704423, 439.57469577113267], [526.4714170329842, 452.2897418784196]], '7에', 0.003945323156218549), ([[529.0582579729272, 450.41165159458546], [622.515330848902, 422.36503494821375], [630.9417420270728, 449.58834840541454], [537.484669151098, 477.63496505178625]], '@히3*,', 0.006472031318591217), ([[17.25628541884271, 923.5587995863798], [81.51010455068261, 913.3570224759169], [85.74371458115729, 942.4412004136202], [21.489895449317387, 952.6429775240831]], '8요00', 0.006033564452081919)]
[([[448, 114], [524, 114], [524, 140], [448, 140]], '잠깐만요', 0.9994858503341675), ([[418, 148], [528, 148], [528, 176], [418, 176]], '제일 중앉다 ,', 0.8289804982655611), ([[535, 151], [611, 151], [611, 169], [535, 169]], '라 구요?', 0.9720287139115549), ([[25, 209], [73, 209], [73, 253], [25, 253]], '떼', 0.7897154546046892), ([[521, 377], [543, 377], [543, 393], [521, 393]], '에', 0.9985082948247879), ([[722, 412], [754, 412], [754, 442], [722, 442]], '찌', 0.009371598719028151), ([[223, 551], [261, 551], [261, 567], [223, 567]], '내가', 0.9996882961389748), ([[264, 548], [392, 548], [392, 574], [264, 574]], '첫사랑이라 면서', 0.880610684427454), ([[212, 580], [278, 580], [278, 604], [212, 604]], '누구하 고', 0.28313783340576437), ([[283, 585], [317, 585], [317, 601], [283, 601]], '허리', 0.6953986999484282), ([[314, 581], [425, 581], [425, 610], [314, 610]], '틀 흔드거표...?', 0.1985543554163408), ([[290, 614], [392, 614], [392, 640], [290, 640]], '안 말하면 ..', 0.8923422885821692), ([[45, 805], [185, 805], [185, 937], [45, 937]], '닭', 0.003470666063925487), ([[560, 864], [690, 864], [690, 894], [560, 894]], '다시는 센덩이량', 0.15872102469792468), ([[544, 900], [634, 900], [634, 926], [544, 926]], '셈스 안 알', 0.33615564333813586), ([[641, 903], [693, 903], [693, 917], [641, 917]], '거니까', 0.6840918660163879), ([[615, 1047], [697, 1047], [697, 1067], [615, 1067]], '그  ,, 그건  !', 0.31402397407049965), ([[773, 1121], [811, 1121], [811, 1159], [773, 1159]], '(위', 0.18376764155228492), ([[233.5430712064641, 615.3775281716354], [287.46271560535644, 609.2868065354043], [289.4569287935359, 638.6224718283646], [236.53728439464354, 644.7131934645957]], '솔직히', 0.9964543332948703)]
[([[296, 278], [330, 278], [330, 308], [296, 308]], '셈', 0.017030600994607292), ([[620, 339], [683, 339], [683, 371], [620, 371]], '떠움에', 0.0008269703206720129), ([[637, 363], [732, 363], [732, 400], [637, 400]], '@30도롭어 ', 0.002989764825258299), ([[632, 853], [792, 853], [792, 882], [632, 882]], '사실 . 이렇리아하고', 0.28407745568244597), ([[662, 888], [768, 888], [768, 916], [662, 916]], '100일 정도.', 0.8751406679875664), ([[81, 915], [197, 915], [197, 935], [81, 935]], '이럴리야 언니.!?', 0.2253656161435475), ([[759, 1117], [809, 1117], [809, 1155], [759, 1155]], '언0', 0.1742406316344872), ([[325.2802656784306, 261.3885579247043], [420.6655956664539, 254.39893522614656], [421.7197343215694, 289.6114420752957], [326.3344043335461, 295.6010647738534]], '교제 760', 0.014523338932456066), ([[198.67405601994977, 443.22615944139545], [225.6181025719852, 465.29432307320695], [175.32594398005023, 524.7738405586045], [148.3818974280148, 501.70567692679305]], '탑', 0.06300670867881308), ([[153.8283504594315, 493.2382546543742], [178.3206256849991, 510.09876449903686], [114.17164954056851, 597.7617453456257], [90.6793743150009, 581.9012355009631]], '1', 0.9405173491504826), ([[453.6573935716709, 960.1259148573367], [517.5033938292552, 947.3468153957749], [523.3426064283291, 971.8740851426633], [459.4966061707448, 985.6531846042251]], '30근"분.', 0.00042162678354860976), ([[410.8905996075495, 973.3358994113244], [460.7483145522431, 969.0287141376427], [462.1094003924505, 991.6641005886756], [412.2516854477569, 995.9712858623573]], '없페에', 0.002070021789403987), ([[420.7701175612585, 1078.9931058051327], [468.1509847564433, 1065.9087648201246], [475.2298824387415, 1092.0068941948673], [427.8490152435567, 1105.0912351798754]], '3007', 0.11325731128454208), ([[353.0843474295577, 1100.4253042288674], [427.73324491374836, 1082.0020711102661], [433.9156525704423, 1104.5746957711326], [358.26675508625164, 1121.9979288897339]], '[00338', 0.5490612810027472)]
[([[166, 143], [368, 143], [368, 182], [166, 182]], '몇 달 전 이야기지만,', 0.7287955016543328), ([[158, 184], [384, 184], [384, 214], [158, 214]], '서로 오랜 짝사랑때 문에', 0.7889277276998771), ([[166, 216], [268, 216], [268, 248], [166, 248]], '임들어해서', 0.4870039601772998), ([[276, 216], [352, 216], [352, 242], [276, 242]], '그런거요', 0.9993849396705627), ([[71, 499], [103, 499], [103, 517], [71, 517]], '장매"', 0.012140989538595773), ([[491, 529], [539, 529], [539, 547], [491, 547]], '그래도', 0.999991672117281), ([[545, 531], [577, 531], [577, 549], [545, 549]], '서로', 0.9999784208817571), ([[581, 524], [670, 524], [670, 556], [581, 556]], '좋아하다느', 0.2912989944008419), ([[476, 560], [566, 560], [566, 588], [476, 588]], '감정같은계', 0.30245741163954043), ([[571, 563], [627, 563], [627, 579], [571, 579]], '아니라', 0.997995138168335), ([[461, 597], [483, 597], [483, 611], [461, 611]], '세', 0.9997433588678781), ([[489, 590], [670, 590], [670, 620], [489, 620]], '.셋스파 트너   같은거니까', 0.6008950815203644), ([[461, 629], [483, 629], [483, 643], [461, 643]], '아', 0.9976986789084208), ([[490, 626], [550, 626], [550, 652], [490, 652]], '아갈리', 0.4804224727277241), ([[580, 626], [676, 626], [676, 652], [580, 652]], '"괜찮소,?', 0.3759259154954149), ([[96, 718], [136, 718], [136, 748], [96, 748]], '없', 0.01563478041705957), ([[107, 871], [135, 871], [135, 891], [107, 891]], '아', 0.9994620808349772), ([[145, 859], [255, 859], [255, 897], [145, 897]], '아걀리..!?', 0.08841431053184935), ([[713, 885], [785, 885], [785, 953], [713, 953]], '떼', 0.5275929084294972), ([[39, 1087], [93, 1087], [93, 1131], [39, 1131]], '2', 0.1286869693303494), ([[306.41000317999044, 486.45600508798475], [373.70940201377516, 480.7119236327954], [375.58999682000956, 507.54399491201525], [307.29059798622484, 512.2880763672046]], '이내고', 0.04966754352439894), ([[339.41000317999044, 508.45600508798475], [403.5643625456652, 500.4430655972747], [406.58999682000956, 529.5439949120153], [342.4356374543348, 537.5569344027253]], '엔남량_[', 0.035698357923955266), ([[77.3358994113243, 517.5038491169864], [140.59304501312812, 510.4913192650891], [143.6641005886757, 537.4961508830136], [80.40695498687187, 545.508680734911]], '내배엔 .', 0.03295973839691217), ([[561.1055728090001, 626.2111456180002], [590.8011032727292, 630.1305018683377], [587.8944271909999, 649.7888543819998], [558.1988967272708, 645.8694981316623]], '꽤 ..', 0.5798814296722412), ([[365.2307692307692, 695.1538461538462], [406.84748422714324, 699.2339699545992], [403.7692307692308, 722.8461538461538], [362.15251577285676, 717.7660300454008]], '움', 0.09563655610080346)]
[([[513, 167], [681, 167], [681, 207], [513, 207]], '그럼 다음에논', 0.4617611575246396), ([[485, 213], [748, 213], [748, 255], [485, 255]], '셋이서 하면 되표~0', 0.30529493186421475), ([[523, 273], [685, 273], [685, 317], [523, 317]], '3[ 품어요60', 0.011074209114562101), ([[620.9594617776758, 801.1094703550758], [694.6467604302296, 813.1540266784019], [686.0405382223242, 857.8905296449242], [612.3532395697704, 845.8459733215981]], '종상#', 0.004279606838647252)]
[([[91, 175], [149, 175], [149, 217], [91, 217]], '71', 0.08786106546296812), ([[152.7390096630006, 137.8695048315003], [296.2651494611291, 84.38716994113466], [316.2609903369994, 139.1304951684997], [172.73485053887086, 192.61283005886534]], '핑권중령', 0.1276467889547348), ([[574.1964385806513, 95.02693485170425], [751.9742186159335, 174.2138139292569], [707.8035614193487, 267.97306514829575], [530.0257813840665, 188.7861860707431]], '[-18', 0.23384341597557068)]
