820031
42
[([[20.66327391235852, 64.2510599968492], [234.40583186903376, 35.29646365388378], [240.3367260876415, 131.7489400031508], [27.59416813096623, 160.7035363461162]], '8요저', 0.2506969978270995), ([[155.63283961763, 108.21733393520202], [400.9633979688852, 72.01402082912897], [409.36716038237, 187.78266606479798], [164.0366020311148, 222.98597917087102]], '이또-', 0.015837000890921583), ([[271.7716559418754, 184.42913985468846], [429.5109034610375, 169.62724989871995], [432.2283440581246, 220.57086014531154], [274.4890965389625, 236.37275010128005]], '어엉권증령', 0.11833424606711013)]
[([[67, 163], [332, 163], [332, 192], [67, 192]], '6우{청[오|9"형+],-|미명랗,949)9', 2.18635880353641e-09), ([[102, 200], [298, 200], [298, 230], [102, 230]], '@.|,: 0/권공령', 5.37341553635813e-05)]
[([[149, 187], [696, 187], [696, 255], [149, 255]], '톤 딱표에 반생하- 미물 사-움 6컨이면', 0.0004949000727938004), ([[82, 268], [752, 268], [752, 337], [82, 337]], '통장하-뭄 미 @물움 섭 [9쇠 @있움 입_미터 .', 0.0021482750457814262), ([[151, 925], [697, 925], [697, 993], [151, 993]], '사십 이레륙 @ 뱀 떠퇴집 {앗음 검임히', 0.0002456583485897499)]
[([[658, 118], [746, 118], [746, 142], [658, 142]], '잠깐 졸앞  .', 0.18217927682371957), ([[126, 130], [182, 130], [182, 154], [126, 154]], '으음  ?', 0.7303544173198631), ([[111, 493], [149, 493], [149, 511], [111, 511]], '"나?', 0.9191726000394997), ([[710, 1062], [784, 1062], [784, 1110], [710, 1110]], '%아', 0.008956613473016682)]
[([[416, 98], [554, 98], [554, 126], [416, 126]], '아아갈리. .!?', 0.4284605244152136), ([[158, 350], [192, 350], [192, 376], [158, 376]], '@', 0.1150542677575892), ([[514, 770], [548, 770], [548, 798], [514, 798]], '_행', 0.02327265440115594)]
[([[274, 488], [434, 488], [434, 514], [274, 514]], '소  손이묶여있어 .?', 0.19927975214328636), ([[320, 1056], [498, 1056], [498, 1080], [320, 1080]], '아 마침 일어나석네~0', 0.5809997598255731)]
[([[176, 116], [256, 116], [256, 140], [176, 140]], '그럼 바로', 0.9995958509696825), ([[154, 140], [300, 140], [300, 166], [154, 166]], '시작해도 되켓조~?', 0.6620529865649505), ([[511, 165], [613, 165], [613, 189], [511, 189]], '다들   무슨 ?', 0.7040748498729009), ([[642, 628], [770, 628], [770, 652], [642, 652]], '약 좀 많이 탓나?', 0.42475230766042443), ([[652, 654], [746, 654], [746, 678], [652, 678]], '셈님 깨는데', 0.11667947402238082), ([[642, 678], [770, 678], [770, 702], [642, 702]], '좀 오래걸로네요.', 0.4835609647508069), ([[516, 908], [552, 908], [552, 938], [516, 938]], '올빛', 0.21062655668786998), ([[338, 1042], [540, 1042], [540, 1066], [338, 1066]], '깔 때까지 아갈리장하고 좀', 0.5107637079771334), ([[356, 1066], [510, 1066], [510, 1090], [356, 1090]], '놀아주고 있엎는데  ', 0.3993709470269578)]
[([[75, 120], [234, 120], [234, 144], [75, 144]], '러 력스양 장난이 좀', 0.4836123171649279), ([[86, 146], [214, 146], [214, 170], [86, 170]], '심한 것 같소만 ', 0.7054560183506374), ([[354, 154], [402, 154], [402, 178], [354, 178]], '@훨} 명', 0.009146853148742877), ([[426, 338], [560, 338], [560, 362], [426, 362]], '장난 ..이라구요   ?', 0.6168044898739412), ([[107, 1045], [241, 1045], [241, 1087], [107, 1087]], '우울 . .!?', 0.2464417467681315), ([[364.28501414857493, 188.97100848914494], [432.80031850283103, 177.12887814379144], [435.71498585142507, 197.02899151085506], [367.19968149716897, 208.87112185620856]], '또3; 43 츰0"', 0.001697322573985584), ([[491.15028142267585, 555.0912945443088], [525.8864844143559, 545.0994685768342], [542.8497185773242, 608.9087054556912], [509.1135155856441, 618.9005314231658]], '륙', 0.021480007842461513)]
[([[82, 98], [224, 98], [224, 122], [82, 122]], '이래도 장난이라고', 0.998091081179644), ([[88, 122], [212, 122], [212, 146], [88, 146]], '생각하시나요~?', 0.9978247173206887), ([[336, 388], [364, 388], [364, 412], [336, 412]], '한대', 0.0024435442829588497), ([[669, 485], [773, 485], [773, 505], [669, 505]], '뭐  걱정마세요', 0.8468112319241695), ([[621, 509], [815, 509], [815, 529], [621, 529]], '저희도 아간리장이 부탁해서', 0.328082758129354), ([[656, 529], [784, 529], [784, 557], [656, 557]], '이러는 거니까~0', 0.32181289271873836), ([[506, 728], [558, 728], [558, 756], [506, 756]], '6맑; 다', 0.0036172482961240437), ([[328, 828], [510, 828], [510, 852], [328, 852]], '아갈리쌓이 왜 부탁해는지', 0.21814943365298506), ([[362, 854], [476, 854], [476, 878], [362, 878]], '궁금하신가요~?', 0.9980484018540825), ([[724, 1040], [760, 1040], [760, 1064], [724, 1064]], '랜', 0.011115989107125301), ([[589.0, 121.0], [648.6886588403659, 103.92835112053704], [654.0, 121.0], [593.3113411596341, 139.07164887946294]], '비진런60', 0.00039563356888762185), ([[506.43826238111393, 128.75060990489115], [544.6959966080102, 122.94000211999364], [546.561737618886, 139.24939009510885], [509.30400339198985, 145.05999788000636]], '화:]', 0.00240144466339291), ([[526.5134117075056, 132.6620705367551], [576.6402539086024, 121.85563680795184], [580.4865882924944, 144.3379294632449], [530.3597460913976, 154.14436319204816]], '"갈3평', 0.0005503115826286376), ([[491.2562854188427, 699.5587995863798], [551.5329882605488, 691.3925266808055], [554.7437145811573, 718.4412004136202], [494.4670117394512, 727.6074733191945]], '위럭 @6뼈', 0.0011253599413858094), ([[552.5857864376269, 722.5857864376269], [594.6985706505781, 716.9441317577488], [597.4142135623731, 735.4142135623731], [554.3014293494219, 742.0558682422512]], '콤미 0', 0.003452272852882743)]
[([[106, 130], [284, 130], [284, 154], [106, 154]], '얘길 들어보니까 자기로는', 0.5947039722918289), ([[90, 156], [308, 156], [308, 180], [90, 180]], '만족 못하는 것 같다고 하단데', 0.5190466721114951), ([[370, 576], [536, 576], [536, 600], [370, 600]], '석스하고도 만족 못해서', 0.36911567375994364), ([[393, 603], [507, 603], [507, 623], [393, 623]], '아갈리장 팬디로', 0.5686102603799711), ([[360, 626], [546, 626], [546, 650], [360, 650]], '손 운동까지 한다면서요~?', 0.7788598269960323), ([[380, 650], [522, 650], [522, 674], [380, 674]], '정말 변태 싶념이네-', 0.13907058006066841), ([[643, 701], [773, 701], [773, 721], [643, 721]], '그 .그건 아갈리가', 0.43823748946640195), ([[654, 724], [762, 724], [762, 748], [654, 748]], '힘들어활까보 .', 0.4304578019462788), ([[668, 748], [750, 748], [750, 772], [668, 772]], '자  잠깐  !', 0.2380226654450431)]
[([[614, 170], [716, 170], [716, 194], [614, 194]], '그럼 센남에기', 0.4880250983618207), ([[599, 197], [731, 197], [731, 217], [599, 217]], '선택권운 드럭께요.', 0.19977761781943582), ([[583, 597], [792, 597], [792, 623], [583, 623]], '그러니까, 우리량 셋스 하단가', 0.2953720294582616), ([[78, 610], [212, 610], [212, 634], [78, 634]], '우린 아갈리랑 하년', 0.61189681031953), ([[659, 625], [719, 625], [719, 645], [659, 645]], '아니면 ', 0.8809811366203418), ([[50, 634], [238, 634], [238, 658], [50, 658]], '싶남이랑 하단 상관 없어요', 0.1844681760956862), ([[134, 1012], [174, 1012], [174, 1038], [134, 1038]], '죄:}', 0.002355702920778438), ([[726, 1046], [764, 1046], [764, 1072], [726, 1072]], '8`}', 0.006209937723706387)]
[([[133, 173], [302, 173], [302, 199], [133, 199]], '그대로 묶어서 아갈리빵', 0.7809644377000405), ([[122, 200], [314, 200], [314, 224], [122, 224]], '망가지논 길 보고있거나 .0', 0.5734894522006169), ([[599, 355], [629, 355], [629, 375], [599, 375]], '환갑', 0.0003953892259578188), ([[323, 489], [339, 489], [339, 515], [323, 515]], '행', 0.03918285374578745), ([[82, 646], [248, 646], [248, 670], [82, 670]], '참고로 아갈리장 저렇게', 0.48543444792076246), ([[605, 645], [757, 645], [757, 665], [605, 665]], '게다가 센남에게 하나', 0.504336762433642), ([[86, 672], [242, 672], [242, 696], [86, 696]], '3시간동안 묶여있어서', 0.9208534740811345), ([[639, 669], [727, 669], [727, 689], [639, 689]], '알려주지면  ', 0.49217526078990753), ([[62, 696], [266, 696], [266, 720], [62, 720]], '손쉽계 망가드길 수 있거든요', 0.47129654686431954), ([[75, 723], [255, 723], [255, 743], [75, 743]], '한 두번 해본게 아니라시 ~', 0.6523292249329693), ([[347, 989], [365, 989], [365, 1011], [347, 1011]], '답', 0.05352139056018146), ([[303.52608763961797, 446.0569593224337], [322.399920023992, 442.04039188243917], [332.47391236038203, 490.9430406775663], [313.600079976008, 494.95960811756083]], '움', 0.08404704119676953), ([[365.42752122286237, 983.4565127337174], [440.54399491201525, 966.4100031799904], [446.57247877713763, 992.5434872662826], [371.45600508798475, 1009.5899968200096]], '민리어30', 0.009460208312967715)]
[([[136, 128], [180, 128], [180, 158], [136, 158]], '팬', 0.017361671760284025), ([[102, 296], [268, 296], [268, 320], [102, 320]], '아리장은 정기름 모아서', 0.9968294051212171), ([[62, 322], [310, 322], [310, 346], [62, 346]], '떼니스트 형제화 시길 수 있거든요~', 0.1765001432549512), ([[500, 670], [540, 670], [540, 696], [500, 696]], '움`?', 0.02138373165525329), ([[617, 743], [751, 743], [751, 763], [617, 763]], '물론 신제 남성처럼', 0.9226195097312923), ([[244, 768], [312, 768], [312, 794], [244, 794]], '으음  !', 0.400129113665725), ([[600, 766], [774, 766], [774, 790], [600, 790]], '사정도 가능하다구요 ~0', 0.768427622841203), ([[96, 1024], [252, 1024], [252, 1048], [96, 1048]], '아실지는 모르켓지만 .', 0.5507525492061361), ([[52, 1050], [290, 1050], [290, 1074], [52, 1074]], '이길리장 처녀름 메앗은 것노 비로', 0.30722182152685223), ([[102, 1074], [244, 1074], [244, 1098], [102, 1098]], '아리장이린 말씀~0', 0.49484800909332555)]
[([[61, 109], [175, 109], [175, 129], [61, 129]], '이길리장 입보지', 0.9031290954486684), ([[76, 132], [166, 132], [166, 156], [76, 156]], '최고야양 ~0', 0.5052920115833593), ([[423, 187], [465, 187], [465, 205], [423, 205]], '하아', 0.999547692419461), ([[374, 208], [512, 208], [512, 232], [374, 232]], '바로 쌀 것 같아0', 0.7037263821452572), ([[452, 458], [550, 458], [550, 482], [452, 482]], '어떡하실래요', 0.8569369978705506), ([[424, 484], [578, 484], [578, 508], [424, 508]], '아갈리장 신남 둘 중에', 0.4016344019928764), ([[456, 508], [546, 508], [546, 532], [456, 532]], '고르라구요 ~', 0.5723418036675383), ([[716, 514], [786, 514], [786, 538], [716, 538]], '아산다', 0.849624424186471), ([[80, 600], [126, 600], [126, 626], [80, 626]], '후욕', 0.7492005005128968), ([[76, 624], [120, 624], [120, 652], [76, 652]], '으흡', 0.14840921652790057), ([[66, 894], [194, 894], [194, 922], [66, 922]], '자  잠까안 . !', 0.5302642354474126)]
[([[566, 210], [712, 210], [712, 234], [566, 234]], '알켓소- 내가 할테니', 0.29464717551383), ([[549, 237], [725, 237], [725, 257], [549, 257]], '아찰리는 내버려 두시오 .', 0.14388724499085465), ([[647, 515], [773, 515], [773, 535], [647, 535]], '괜찮아요 쓰세요', 0.9987259253923643), ([[94, 552], [218, 552], [218, 576], [94, 576]], '아 참, 그리고보니', 0.7886699724019773), ([[386, 544], [526, 544], [526, 568], [386, 568]], '그런 것도 말햇소  ?', 0.5669576350101676), ([[77, 579], [241, 579], [241, 599], [77, 599]], '아길리에기 들어보니까', 0.6264838995901627), ([[386, 570], [520, 570], [520, 594], [386, 594]], "하지만 그 '비급'은", 0.9672411106466743), ([[417, 595], [489, 595], [489, 615], [417, 615]], '안 쓰는거.', 0.6388764798290464), ([[72, 602], [238, 602], [238, 626], [72, 626]], '싶님 가문대대로 내려온', 0.40975614586949033), ([[56, 626], [252, 626], [252, 650], [56, 650]], "'비급'이란 게 있다고 하당데-", 0.35570769038504524), ([[392, 860], [516, 860], [516, 884], [392, 884]], '아니 근데-이건', 0.7782931671091192), ([[321, 943], [357, 943], [357, 961], [321, 961]], '>섯', 0.006915443930674913), ([[316, 960], [390, 960], [390, 988], [316, 988]], '갑식민최되', 0.00010057770192448541), ([[468, 1060], [496, 1060], [496, 1086], [468, 1086]], '질#', 0.0011413445544171854), ([[652, 1086], [792, 1086], [792, 1116], [652, 1116]], '절대로 쓰세요', 0.9919605264500826)]
[([[96, 90], [200, 90], [200, 114], [96, 114]], '하아 알켓소  ', 0.3479713316979602), ([[494, 96], [630, 96], [630, 120], [494, 120]], '함름~ 그럼 오늘은', 0.2947761748141355), ([[50, 114], [246, 114], [246, 138], [50, 138]], '턱스양이 그렇게 원한다면 ', 0.39711874212894405), ([[490, 120], [642, 120], [642, 144], [490, 144]], '좀 위험한 날이니깐  ', 0.3729820551812487), ([[122, 322], [174, 322], [174, 348], [122, 348]], '건*3형', 0.00040009073563851416), ([[152, 732], [320, 732], [320, 758], [152, 758]], '관듬올 어디다 뒷더라  ', 0.24023383225790604), ([[399.6750472251236, 265.7450661151731], [491.379920789958, 248.86080962660884], [497.3249527748764, 286.2549338848269], [405.620079210042, 303.13919037339116]], '[8.8!', 0.010574837961209477)]
[([[90, 104], [196, 104], [196, 128], [90, 128]], '후응.여기다가', 0.5201405648243117), ([[96, 130], [190, 130], [190, 154], [96, 154]], '놔뒷엎는데', 0.3873470908583408), ([[354, 666], [444, 666], [444, 690], [354, 690]], '아; 찾있다 ~!', 0.6248422001195879), ([[79, 743], [127, 743], [127, 763], [79, 763]], '다락%', 0.009603324949993783), ([[707, 1087], [747, 1087], [747, 1105], [707, 1105]], '에- !?', 0.34240313194724475)]
[([[108, 118], [236, 118], [236, 146], [108, 146]], '자  잠깐만요.', 0.7904140315084071), ([[110, 152], [250, 152], [250, 182], [110, 182]], '근동은 끼고. !', 0.13411296537761996), ([[690, 516], [804, 516], [804, 540], [690, 540]], '내 알 바 아니오', 0.953115013129674), ([[370, 550], [502, 550], [502, 580], [370, 580]], '잠깐 기다려  ', 0.5550913598298344), ([[356, 582], [518, 582], [518, 612], [356, 612]], '오늘 위험해요..!', 0.33043328476432626), ([[726, 852], [782, 852], [782, 880], [726, 880]], '내 말', 0.6390141236129904), ([[700, 884], [814, 884], [814, 914], [700, 914]], '안 들려오?', 0.39824066049311607), ([[302, 1046], [370, 1046], [370, 1076], [302, 1076]], '적어도', 0.9992766100710762), ([[260, 1078], [422, 1078], [422, 1108], [260, 1108]], '큰동은 하고서  !', 0.15116734195093115)]
[([[105, 113], [195, 113], [195, 133], [105, 133]], '후후  텍스장', 0.3104177786979376), ([[89, 135], [209, 135], [209, 159], [89, 159]], '방심행군 . 센남은', 0.1485434076942495), ([[87, 163], [215, 163], [215, 183], [87, 183]], '스위치기 들어기면', 0.8898070875777156), ([[87, 187], [217, 187], [217, 207], [87, 207]], "'초$' 가 되내리지 ", 0.5526024755253763), ([[118, 348], [158, 348], [158, 374], [118, 374]], '83 뷰', 0.0029768270824546443), ([[74, 512], [110, 512], [110, 538], [74, 538]], '계획', 0.9713176560490927), ([[339, 531], [495, 531], [495, 555], [339, 555]], '게다가 사실 그 비급은', 0.8815613379296693), ([[330, 556], [502, 556], [502, 580], [330, 580]], '한 번 쓰게되면 스스로가', 0.9877365782590282), ([[362, 582], [468, 582], [468, 606], [362, 606]], '만속할 때 까지', 0.7956022079488385), ([[350, 606], [486, 606], [486, 630], [350, 630]], '사정해버리게 되지-', 0.6422691907685057), ([[619, 1012], [776, 1012], [776, 1036], [619, 1036]], '한 마디로 지금 센남은', 0.5607652914494184), ([[639, 1039], [751, 1039], [751, 1059], [639, 1059]], '씩스밖에 모르는', 0.8195641764420648), ([[645, 1063], [749, 1063], [749, 1083], [645, 1083]], '괴물이리고~0', 0.9056264159645029), ([[106.05825797292724, 333.41165159458546], [171.4534192579023, 314.2735197814762], [176.94174202707276, 336.58834840541454], [112.5465807420977, 355.7264802185238]], '@1]', 0.0023483895832914744), ([[155.3615361589619, 342.85307531127336], [197.6641005886757, 334.8905996075495], [201.6384638410381, 352.14692468872664], [158.3358994113243, 361.1094003924505]], '@', 0.5217275264726737), ([[102.42752122286237, 506.45651273371743], [155.25432067515158, 491.0205964803547], [161.57247877713763, 515.5434872662826], [109.74567932484842, 530.9794035196453]], '주모자', 0.9998384682633008)]
[([[86, 216], [328, 216], [328, 240], [86, 240]], '뭐   나랑 안 하느게 아깝긴 하지만 .', 0.2856123335128847), ([[100, 239], [314, 239], [314, 264], [100, 264]], '이런 플라이도 나쁘진 않지~0', 0.6371418311517087), ([[263, 481], [305, 481], [305, 501], [263, 501]], '후응 ', 0.44649024771767987), ([[376, 524], [510, 524], [510, 548], [376, 548]], '나도 하고 싶은데 ', 0.4851929050160688)]
[([[629, 151], [689, 151], [689, 171], [629, 171]], '아리쌍 ~', 0.9352278407020067), ([[609, 175], [709, 175], [709, 195], [609, 195]], '나 입 심심해 ~', 0.587368949414849), ([[84, 666], [178, 666], [178, 690], [84, 690]], '아갈리장 ~0', 0.6111447872957573), ([[438, 1062], [518, 1062], [518, 1090], [438, 1090]], '우웃  !?', 0.6660066916188453)]
[([[104, 200], [210, 200], [210, 226], [104, 226]], '아 안돼  !', 0.3647131328494801), ([[388, 630], [434, 630], [434, 660], [388, 660]], '8', 0.2253515247192519), ([[625, 773], [687, 773], [687, 817], [625, 817]], '필', 0.17826254906204841), ([[72, 826], [234, 826], [234, 850], [72, 850]], '오늘 위험헌 날이라고', 0.40351009752858186), ([[109, 853], [193, 853], [193, 873], [109, 873]], '말 햇는데  ', 0.4276957190362313), ([[631, 1051], [767, 1051], [767, 1071], [631, 1071]], '질내사장 .해버리면', 0.5967841445346406)]
[([[99, 119], [183, 119], [183, 137], [99, 137]], '하아하아  ', 0.7033305327752125), ([[612, 148], [730, 148], [730, 172], [612, 172]], '아기 생기버려 ', 0.31244613129935783), ([[338, 584], [418, 584], [418, 608], [338, 608]], '또 무슨 !?', 0.9505983480324915), ([[121, 1051], [175, 1051], [175, 1071], [121, 1071]], '우옷   !?', 0.4027358970056763)]
[([[305, 401], [375, 401], [375, 461], [305, 461]], '필', 0.384304816035538), ([[579, 379], [659, 379], [659, 441], [579, 441]], '필차', 0.05312387840117766), ([[600, 532], [754, 532], [754, 560], [600, 560]], '에  자   잠깐 ..!?', 0.42120586624796824), ([[564, 563], [790, 563], [790, 594], [564, 594]], '방금 사정햇논데, 또.!?', 0.49327932494315757), ([[117, 673], [169, 673], [169, 693], [117, 693]], '하아  ?', 0.5804326296843683), ([[59, 697], [227, 697], [227, 717], [59, 717]], '이제외서 약한 척인가-?', 0.5367825987928219), ([[372, 1050], [508, 1050], [508, 1074], [372, 1074]], '뭐, 좋아그럼 나도', 0.8907249888235872), ([[341, 1077], [539, 1077], [539, 1097], [341, 1097]], '네 년에계 소건올 내세우지', 0.36464023619907737)]
[([[79, 119], [239, 119], [239, 139], [79, 139]], '이번에 가지 안듣다면  .', 0.3369791044648657), ([[100, 142], [218, 142], [218, 166], [100, 166]], '여기서 끝내주지;', 0.8868929308072779), ([[401, 137], [525, 137], [525, 157], [401, 157]], '1그림 가버리면', 0.7331349234922633), ([[416, 160], [512, 160], [512, 184], [416, 184]], '어떻게 되는 ', 0.42263821376339583), ([[553, 633], [585, 633], [585, 653], [553, 653]], '음  ?', 0.5649266242980957), ([[512, 654], [624, 654], [624, 678], [512, 678]], '그거야 당연히.', 0.7149007130133729), ([[106, 1032], [254, 1032], [254, 1056], [106, 1056]], "'네 년이 원하는대로'", 0.40766047497830254), ([[89, 1059], [267, 1059], [267, 1079], [89, 1079]], '10번 연속 질내사정이지 ', 0.7151445683464334), ([[534, 1066], [668, 1066], [668, 1090], [534, 1090]], '으웃 . 위  원한다니', 0.40108773839359885), ([[526, 1090], [676, 1090], [676, 1114], [526, 1114]], '그렇지 않아  흐웃  .!', 0.45756097475930957)]
[([[81, 117], [223, 117], [223, 137], [81, 137]], '제길  말은 든없지만', 0.20815492022518867), ([[86, 140], [218, 140], [218, 164], [86, 164]], '이 정도 일출이야 ', 0.48453471058288816), ([[94, 164], [210, 164], [210, 188], [94, 188]], '완전히 주도권올', 0.7103571046265483), ([[106, 190], [198, 190], [198, 214], [106, 214]], '뱃겨버력어  ', 0.08051452706356854), ([[90, 456], [180, 456], [180, 480], [90, 480]], '흐웃  흐응 !', 0.524545003002221), ([[600, 458], [786, 458], [786, 482], [600, 482]], '어 .어쨌든 이번만 참으면 .', 0.46818855740144855), ([[626, 484], [758, 484], [758, 508], [626, 508]], '끝날 수 있으니끼 -', 0.7770308454824615), ([[90, 688], [194, 688], [194, 712], [90, 712]], '조금만 참으면', 0.6973902725595801), ([[372, 684], [448, 684], [448, 708], [372, 708]], '하양 .잇 !', 0.2904139915599463), ([[709, 729], [789, 729], [789, 749], [709, 749]], '하아하아:', 0.6881988879191995), ([[474, 918], [502, 918], [502, 942], [474, 942]], '웬', 0.02848629572696737), ([[682, 1054], [742, 1054], [742, 1078], [682, 1078]], '참으면', 0.9823304202138085)]
[([[107, 97], [149, 97], [149, 115], [107, 115]], '아우 ', 0.7602065288527577), ([[632, 150], [706, 150], [706, 178], [632, 178]], '잠시 후', 0.9962983770097891), ([[722, 452], [758, 452], [758, 482], [722, 482]], '꼼잎', 0.011105226602564886), ([[68, 700], [230, 700], [230, 724], [68, 724]], '하아  꽤나 쓸 만 하군', 0.6181002615465041), ([[351, 765], [415, 765], [415, 785], [351, 785]], '어이 너  ', 0.7825850215474031), ([[610, 1086], [726, 1086], [726, 1114], [610, 1114]], '네  네옛..!?', 0.4978308423891857), ([[86.51341170750567, 933.6620705367551], [159.83968651611752, 924.2154278093028], [162.48658829249433, 945.3379294632449], [88.16031348388248, 954.7845721906972]], '데#임식]하', 2.309947805742977e-06)]
[([[104, 114], [210, 114], [210, 138], [104, 138]], '멍 때리지 말고', 0.5477381321894226), ([[81, 141], [233, 141], [233, 161], [81, 161]], '빨리 깨끗하게 하라고', 0.6893717190385185), ([[106, 270], [144, 270], [144, 294], [106, 294]], '원', 0.6936951844734587), ([[397, 499], [577, 499], [577, 519], [397, 519]], '자자 네 년이 좋아하는 개', 0.6546149672828582), ([[432, 522], [542, 522], [542, 546], [432, 546]], '눈 앞에 있잡아:', 0.852974369060326), ([[185, 635], [229, 635], [229, 655], [185, 655]], '자지', 0.9989651988749296), ([[462, 1038], [520, 1038], [520, 1088], [462, 1088]], '돈준', 0.004499472843405709), ([[587, 1041], [762, 1041], [762, 1066], [587, 1066]], '좋아구석구석 활으라고', 0.45989243592185364)]
[([[122, 137], [230, 137], [230, 161], [122, 161]], "정말 '창너'같이", 0.5164714674080211), ([[122, 163], [236, 163], [236, 187], [122, 187]], '질 빨아대는군 ', 0.25737464438415253), ([[338, 688], [428, 688], [428, 712], [338, 712]], '미 미안해요_', 0.4935474840664847), ([[294, 714], [476, 714], [476, 738], [294, 738]], '돈이 너무 필요한 바람에 ', 0.6005502349816512), ([[702, 870], [748, 870], [748, 902], [702, 902]], '만빼', 0.00889634191609426), ([[562, 1042], [800, 1042], [800, 1066], [562, 1066]], '새 주는 긋이 그런 곳밖에 없어서', 0.42852503340872933), ([[590, 1066], [772, 1066], [772, 1090], [590, 1090]], '몸을 팔 수밖에 없없어요 .', 0.49494239041074495)]
[([[69, 116], [246, 116], [246, 140], [69, 140]], '미안해요  이런 더러문 몸', 0.3269769276645542), ([[104, 140], [216, 140], [216, 164], [104, 164]], '씨달라고 해서 .', 0.6951112011034507), ([[701, 279], [747, 279], [747, 295], [701, 295]], '이 지', 0.9862160314237737), ([[287, 385], [453, 385], [453, 405], [287, 405]], '나  나야발로 미인하오  ', 0.7310301528503721), ([[537, 383], [571, 383], [571, 399], [537, 399]], '0)미진', 0.0006052644457668066), ([[290, 408], [450, 408], [450, 432], [290, 432]], '흥분햇더니 몹쓸 소길 .', 0.3968244267874482), ([[390, 714], [570, 714], [570, 738], [390, 738]], '아뇨 제가 괜한 소길해서 .', 0.5976937533284156), ([[448, 1056], [614, 1056], [614, 1080], [448, 1080]], '결코 리분양이 더럽다고', 0.8358636376526184), ([[460, 1080], [602, 1080], [602, 1104], [460, 1104]], '생각하지 않으니깐 .', 0.6585302144753993), ([[608.7196312006711, 358.46355744080523], [654.6049246818923, 349.8065944673109], [658.2803687993289, 373.53644255919477], [612.3950753181077, 381.1934055326891]], '@138', 0.19468960165977478), ([[565.5134117075056, 371.6620705367551], [611.5497300415437, 360.73574654505643], [616.4865882924944, 383.3379294632449], [570.4502699584563, 394.26425345494357]], '스"체', 0.003501943904739056), ([[639.2968374460654, 854.0622896979661], [695.9928904631648, 887.7616184798111], [676.7031625539346, 917.9377103020339], [621.0071095368352, 884.2383815201889]], '꼴9', 0.015850416671814332)]
[([[93, 137], [243, 137], [243, 157], [93, 157]], '리분양이 기분 종노록', 0.433245034811082), ([[106, 160], [232, 160], [232, 184], [106, 184]], '부드컵게 할테니', 0.6845520948163006), ([[719, 351], [767, 351], [767, 369], [719, 369]], '웬 씨.', 0.4086921537115119), ([[610, 410], [650, 410], [650, 442], [610, 442]], '만', 0.055478264503165065), ([[495, 747], [549, 747], [549, 783], [495, 783]], '완병%', 0.0011399313664184872), ([[328, 792], [460, 792], [460, 816], [328, 816]], '잠깐 그거 반칙  !', 0.8898974238886993), ([[188, 852], [224, 852], [224, 878], [188, 878]], '계획', 0.986001473608445), ([[87, 959], [151, 959], [151, 979], [87, 979]], '싶 씨0', 0.44976551325434355), ([[610, 1078], [770, 1078], [770, 1102], [610, 1102]], '하앗 . 가슴 기분좋앗  !', 0.18350829509714037), ([[215.31671842700024, 846.6583592135001], [268.227179352646, 829.9901064378561], [275.68328157299976, 854.3416407864999], [222.77282064735405, 871.0098935621439]], '주모자', 0.9997776280724554)]
[([[621, 95], [721, 95], [721, 115], [621, 115]], '얼마듣지 안에', 0.6219571557434986), ([[593, 119], [747, 119], [747, 139], [593, 139]], '싸도 좋으니까 -아입어', 0.14304917795226582), ([[463, 449], [523, 449], [523, 469], [463, 469]], '그   그럼', 0.3187673063872872), ([[452, 472], [536, 472], [536, 496], [452, 496]], '사양않고..!', 0.16431482600112432), ([[62, 520], [168, 520], [168, 544], [62, 544]], '전 관찮으니까,', 0.49190311276936904), ([[24, 544], [206, 544], [206, 568], [24, 568]], '싶씨 편한대로 해주세요9', 0.4309998709771765), ([[678, 771], [766, 771], [766, 791], [678, 791]], '후아 신씨의', 0.32373586947484173), ([[668, 794], [764, 794], [764, 818], [668, 818]], '정액이 가득 ', 0.9135464430118887), ([[288, 836], [312, 836], [312, 872], [288, 872]], '1', 0.09642605331541265)]
[([[73, 135], [185, 135], [185, 155], [73, 155]], '수고햇소 리분 .', 0.8674017602883308), ([[506, 122], [546, 122], [546, 154], [506, 154]], '웬!', 0.4914325673004692), ([[194, 406], [242, 406], [242, 438], [194, 438]], '입:', 0.007855959041765009), ([[121, 581], [225, 581], [225, 601], [121, 601]], '난 아직 시작도', 0.9593925079670947), ([[71, 604], [281, 604], [281, 625], [71, 625]], '안 햇으니까   실 시간 없다고 !', 0.4825031528606595), ([[717, 697], [761, 697], [761, 717], [717, 717]], '웬님  ', 0.09288641065359116), ([[133, 1121], [167, 1121], [167, 1139], [133, 1139]], "056'", 0.8473909497261047)]
[([[375, 139], [451, 139], [451, 183], [375, 183]], '@어덧', 0.0031240359882556885), ([[650, 512], [760, 512], [760, 536], [650, 536]], '아갈리 짜응.0', 0.6150755573506134), ([[399, 977], [451, 977], [451, 1015], [399, 1015]], '온`?', 0.009588534920916703), ([[161, 1065], [275, 1065], [275, 1085], [161, 1085]], '하아  아리장 . 0', 0.38635333886002254)]
[([[351, 89], [449, 89], [449, 109], [351, 109]], '아갈리장 아날', 0.4470194855541426), ([[522, 84], [644, 84], [644, 108], [522, 108]], '아잇또 삶네~0', 0.2987228826181041), ([[361, 113], [441, 113], [441, 133], [361, 133]], '꽉 주여~0', 0.630664107798113), ([[64, 124], [148, 124], [148, 148], [64, 148]], '하앗 싶님', 0.039238115214157834), ([[63, 151], [149, 151], [149, 171], [63, 171]], '두개는   웃 ', 0.2668352891303362), ([[717, 592], [794, 592], [794, 632], [717, 632]], '(00', 0.04339870926856061), ([[210, 1088], [264, 1088], [264, 1120], [210, 1120]], '또교', 0.010792254870271198), ([[138.90111548841048, 1074.1539042094366], [190.6060922298731, 1081.269075729661], [184.09888451158952, 1116.8460957905634], [133.3939077701269, 1108.730924270339]], '및션', 0.031753911020647556)]
[([[96, 122], [186, 122], [186, 152], [96, 152]], '2시간 후', 0.9989400527040987), ([[627, 289], [756, 289], [756, 320], [627, 320]], '웃산다앗 .!', 0.3646769784359623), ([[89, 699], [217, 699], [217, 727], [89, 727]], '흐응   으웃.  !', 0.18519524390089792)]
[([[652, 106], [744, 106], [744, 130], [652, 130]], '에  잠깐만 !', 0.7108868959514785), ([[610, 130], [784, 130], [784, 154], [610, 154]], '어째서 계속 싸느거야 !?', 0.7057892021928733), ([[228, 184], [294, 184], [294, 234], [228, 234]], '필', 0.05323426184545377), ([[638, 312], [680, 312], [680, 338], [638, 338]], '없사', 0.00617798886832437), ([[109, 339], [165, 339], [165, 377], [109, 377]], ':광', 0.0533520878903421), ([[108, 508], [224, 508], [224, 532], [108, 532]], '싸.싸면서 체위', 0.5942378857678159), ([[108, 532], [230, 532], [230, 556], [108, 556]], '바꾸지 말라고 !', 0.942016597740084), ([[580, 1026], [698, 1026], [698, 1050], [580, 1050]], '턱스장한터 보다', 0.21022927913164038), ([[558, 1050], [704, 1050], [704, 1074], [558, 1074]], '더 많이 싸장 ..하양 .', 0.44343618091919035), ([[105, 1067], [245, 1067], [245, 1085], [105, 1085]], '그   그만 싸 . 하맛 !', 0.2349290279038099)]
[([[408, 118], [550, 118], [550, 142], [408, 142]], '후우   겨우 끝마군 .', 0.1505603509718755), ([[380, 142], [578, 142], [578, 166], [380, 166]], '이래서 비급은 아갈리한데만', 0.943950428426918), ([[426, 166], [536, 166], [536, 190], [426, 190]], '쓰고 싶엎든데-', 0.20253488416909465), ([[87, 633], [161, 633], [161, 653], [87, 653]], '그나저나 ', 0.7336770064830299), ([[572, 660], [780, 660], [780, 684], [572, 684]], '몇번올 해도 안 가단 아리넘이', 0.2755494067636113), ([[576, 686], [774, 686], [774, 710], [576, 710]], '마지막 사정으로 길 줄이야', 0.8508218618232934), ([[335, 1021], [394, 1021], [394, 1061], [335, 1061]], '움`아}', 0.005969046149402857)]
[([[612, 140], [710, 140], [710, 164], [612, 164]], '수고하여어요', 0.745720692582124), ([[632, 164], [692, 164], [692, 188], [632, 188]], '싶님~0', 0.09003062546253204), ([[396, 216], [448, 216], [448, 270], [396, 270]], '편', 0.03180478990214031), ([[341, 623], [473, 623], [473, 643], [341, 643]], '올라서 분는거요  ?', 0.4210118666995776), ([[721, 681], [789, 681], [789, 701], [721, 701]], '그그게 -', 0.502986532698178), ([[38, 906], [166, 906], [166, 930], [38, 930]], '에 왜 그러세요 ?', 0.8501673623681079), ([[644, 1056], [782, 1056], [782, 1080], [644, 1080]], '난 처음에 아갈리가', 0.8813336580312093), ([[646, 1082], [772, 1082], [772, 1106], [646, 1106]], '몹쓸 짓율 당한 줄', 0.4226528464001791), ([[660, 1106], [766, 1106], [766, 1130], [660, 1130]], '알앞단 말이오!', 0.7534009710603171)]
[([[474, 96], [560, 96], [560, 120], [474, 120]], '내가 얼마나', 0.9337505509444466), ([[99, 119], [217, 119], [217, 139], [99, 139]], '에 저   저논 단지', 0.2997581624428914), ([[481, 123], [559, 123], [559, 143], [481, 143]], '놀탓는데  !', 0.251450301164677), ([[103, 143], [213, 143], [213, 163], [103, 163]], '싶남올 위해서 .', 0.28157295607632177), ([[500, 572], [602, 572], [602, 596], [500, 596]], '죄 죄송해요', 0.9571943387337337), ([[53, 657], [233, 657], [233, 677], [53, 677]], '센넘이 좋아하실 줄 일고', 0.2659136241903962), ([[743, 653], [787, 653], [787, 673], [743, 673]], '하아 ', 0.8886042273814395), ([[44, 680], [242, 680], [242, 704], [44, 704]], '얘들이량 상의해서 한 건데;', 0.543927432144758), ([[389, 1063], [537, 1063], [537, 1083], [389, 1083]], '아  아니   그렇게까지', 0.38258175666386945), ([[394, 1086], [532, 1086], [532, 1110], [394, 1110]], '화난건 아니니까 .!', 0.6122229910416991)]
[([[186, 152], [328, 152], [328, 176], [186, 176]], '아아무튼 다음부터', 0.25277692836682497), ([[168, 176], [346, 176], [346, 200], [168, 200]], '귀듬이라노 좀 해주시오.', 0.7826500364282744), ([[513, 305], [631, 305], [631, 329], [513, 329]], '에 ? 귀듬해주면', 0.6275514767448789), ([[514, 330], [634, 330], [634, 354], [514, 354]], '해주실 건가요~?', 0.9982854269090795), ([[218, 504], [420, 504], [420, 528], [218, 528]], '흙름 .뭐 .해주기야 하켓지만 .', 0.4367392338891536), ([[239, 531], [399, 531], [399, 551], [239, 551]], '아갈리가 제일 먼저요 .', 0.5591338976658103), ([[493, 607], [537, 607], [537, 627], [493, 627]], '헤에 ~', 0.7146900813844564), ([[461, 631], [569, 631], [569, 651], [461, 651]], '저도 좋아요~0', 0.8359337511913879), ([[237.0, 868.0], [300.4361042283602, 836.8273991444612], [316.0, 868.0], [252.56389577163984, 899.1726008555388]], '[의]', 0.01354460837529397), ([[266.99099080900555, 892.1747742652154], [354.06159956162827, 841.8205947491358], [367.00900919099445, 869.8252257347846], [279.93840043837173, 920.1794052508642]], '대3다0', 0.00022009361418895423)]
[([[55, 113], [640, 113], [640, 181], [55, 181]], '@언해반망 들심-702', 0.001572560652188377), ([[76, 226], [724, 226], [724, 298], [76, 298]], '영권그이다오면어올소록 테이진순고 ', 0.0013483269232648944), ([[77, 287], [533, 287], [533, 355], [77, 355]], '급경하건 들어나뜨린다', 0.024822055875387113), ([[77, 343], [697, 343], [697, 411], [77, 411]], '다음편운요데이39로야 합미센', 0.0004841915112370624), ([[171, 987], [743, 987], [743, 1051], [171, 1051]], '운타나리8데죄항이어니제양', 0.001117660664879718), ([[497, 1045], [801, 1045], [801, 1111], [497, 1111]], '58이화연683', 0.001030596520017858), ([[30.630438198089927, 51.284796612168705], [301.3025511426785, 28.33086628236983], [301.3695618019101, 111.7152033878313], [31.697448857321483, 134.66913371763016]], '도이저요', 0.20350385667881796), ([[273.91611386505843, 183.37350743565779], [431.5891494426219, 171.81793480664763], [432.08388613494157, 221.62649256434221], [274.4108505573781, 233.18206519335237]], '어덧권증령', 0.0314327990149373), ([[100.54996302358565, 1002.2148779778327], [169.84644481414495, 995.8054949848627], [172.45003697641437, 1044.7851220221673], [103.15355518585505, 1051.1945050151373]], '@-', 0.03231479855843543)]
