820212
28
[([[144, 14], [324, 14], [324, 66], [144, 66]], '고어물이다', 0.9987846120969599), ([[10, 116], [134, 116], [134, 146], [10, 146]], '아 한마디 더', 0.4318130039136874), ([[9, 157], [425, 157], [425, 193], [9, 193]], '시발 새끼들아 다른 애들이 고어물 번역한거', 0.5521560234529186), ([[8, 202], [454, 202], [454, 234], [8, 234]], '찾아보도  셈네일 같은거 따로 달아주거 없더라', 0.2498384090524045), ([[9, 241], [427, 241], [427, 277], [9, 277]], '개새까들아 너들 심장 나빠질까보 달아줍다.', 0.35640676049666686)]
[([[64, 47], [276, 47], [276, 91], [64, 91]], '5$ _머', 0.0002487411666443553), ([[67, 98], [503, 98], [503, 140], [67, 140]], '파일 (5) 편집(트) 표시() 도움말(보)', 0.3605908728863721), ([[35, 149], [133, 149], [133, 185], [35, 185]], '검색(-)', 0.5710973462316972), ([[163, 151], [353, 151], [353, 187], [163, 187]], '카소다니 코코', 0.9811560012285483), ([[619, 149], [737, 149], [737, 185], [619, 185]], '검색개시', 0.9885690808296204), ([[29, 223], [278, 223], [278, 261], [29, 261]], '카소다니 코코| 구토물밥', 0.5502106415771099), ([[51, 1339], [171, 1339], [171, 1379], [51, 1379]], '[상세정보', 0.9980121881209544), ([[205, 1343], [319, 1343], [319, 1379], [205, 1379]], '조건설정', 0.9998973608016968), ([[365, 1343], [479, 1343], [479, 1375], [365, 1375]], '목록추가', 0.9900946617126465), ([[528, 1344], [630, 1344], [630, 1374], [528, 1374]], '목록삭제', 0.9732742309570312), ([[692, 1344], [768, 1344], [768, 1376], [692, 1376]], '키워드', 0.8296308388693836), ([[21, 1387], [1107, 1387], [1107, 1427], [21, 1427]], '(개인촬영) (동방) (예대제9)[02] -어감^어 -,젠{{ 차이.1 카소다니 코코(백보지 로리소녀 납치당해 엉엉 울미) 3요', 0.0008618406430592357), ([[28, 1448], [92, 1448], [92, 1478], [28, 1478]], '비고:', 0.9990639686584473), ([[26, 1466], [375, 1466], [375, 1508], [26, 1508]], '18제미만열함불가 / 구토주의', 0.5881179826833038), ([[391, 1469], [503, 1469], [503, 1507], [391, 1507]], '오물주의', 0.9997578859329224)]
[([[142, 662], [199, 662], [199, 785], [142, 785]], ';', 0.009388414696603897)]
[([[106, 1152], [898, 1152], [898, 1201], [106, 1201]], '이 책올 손에 넣어주신 여러분께 진심으로 감사드럽니다.', 0.4847480897766236), ([[104, 1186], [1020, 1186], [1020, 1234], [104, 1234]], '저논 당신이 이미이 책의 표지틀 보고 이 책이 고어물인 것흘 알고 있흘거라고 생각합니다.', 0.32447378169798463), ([[119, 1245], [239, 1245], [239, 1287], [119, 1287]], '이 책은', 0.996507235681084), ([[112, 1278], [1002, 1278], [1002, 1328], [112, 1328]], "'코코 장에게 어디까지 (육체적으로) 잔혹하게 대할 수 있는지_", 0.5649701363291516), ([[115, 1320], [365, 1320], [365, 1363], [115, 1363]], '에 대한 책입니다.', 0.9210360874595177), ([[106, 1378], [816, 1378], [816, 1426], [106, 1426]], '에로한 장면은 없으며 오로지 파괴에 대한 장면만 나음니다', 0.3382059578373555), ([[102, 1414], [600, 1414], [600, 1462], [102, 1462]], '그러니 교코장의 모습올 보미 즐겨주세요.', 0.3004785020879474)]
[([[265, 247], [392, 247], [392, 301], [265, 301]], '에 ?', 0.7492774266552842)]
[([[380, 148], [434, 148], [434, 180], [380, 180]], '저기', 0.9999624052181145), ([[264, 197], [370, 197], [370, 257], [264, 257]], '저거쪽비', 0.019922558218240738), ([[136, 388], [164, 388], [164, 426], [136, 426]], "''", 0.31414875804956965), ([[309, 667], [395, 667], [395, 703], [309, 703]], '우리가', 0.999620161646567), ([[515, 677], [615, 677], [615, 717], [515, 717]], '화 저건', 0.4350028937091974), ([[341, 699], [401, 699], [401, 735], [341, 735]], '위해', 0.9999861758616755), ([[515, 709], [613, 709], [613, 745], [515, 745]], '뭐문지', 0.6321639198474654), ([[297, 689], [427, 689], [427, 805], [297, 805]], '불어', 0.2241997658244247), ([[517, 739], [629, 739], [629, 779], [517, 779]], '날작하게', 0.5096264481544495), ([[508, 762], [610, 762], [610, 842], [508, 842]], '막뒤양', 0.01094294419850251), ([[167, 1273], [229, 1273], [229, 1315], [167, 1315]], '후후', 0.9995591724287995), ([[347, 1224], [392, 1224], [392, 1359], [347, 1359]], ';', 0.7581192195581856), ([[673.5430712064641, 590.3775281716354], [720.4, 585.2], [723.4569287935359, 613.6224718283646], [675.6, 618.8]], "'", 0.8963681517497122)]
[([[159, 359], [196, 359], [196, 450], [159, 450]], '칠', 0.24093872700747454), ([[179, 543], [221, 543], [221, 605], [179, 605]], '8', 0.04287501990008025), ([[515, 593], [559, 593], [559, 691], [515, 691]], '모', 0.17517740381453795), ([[353, 883], [393, 883], [393, 899], [353, 899]], '009', 0.6751154793400441), ([[891, 1063], [979, 1063], [979, 1105], [891, 1105]], '오중올', 0.1445496895745969), ([[893, 1097], [1011, 1097], [1011, 1135], [893, 1135]], '쌀 정도로', 0.7100924622333242), ([[191, 1119], [253, 1119], [253, 1155], [191, 1155]], '이제,', 0.9993432270086208), ([[891, 1125], [1023, 1125], [1023, 1165], [891, 1165]], '기쁨거야?', 0.9056876065323757), ([[173, 1145], [339, 1145], [339, 1187], [173, 1187]], '한번 씨불까? ', 0.28725318302008745), ([[401, 1181], [521, 1181], [521, 1221], [401, 1221]], '너름 위해', 0.8681437241733575), ([[428, 1216], [454, 1216], [454, 1244], [428, 1244]], '비', 0.9371636225027125), ([[451, 1211], [490, 1211], [490, 1276], [451, 1276]], '향', 0.05504428823146079), ([[399, 1211], [465, 1211], [465, 1343], [399, 1343]], '헬', 0.019383685309183107), ([[456, 1274], [484, 1274], [484, 1310], [456, 1310]], '걸', 0.5540459436020093), ([[946.9294245448556, 691.1459283614803], [1001.6177263700461, 699.2935252971481], [996.0705754551444, 734.8540716385197], [941.3822736299539, 727.7064747028519]], '40', 0.2592657951779392), ([[797.3824924789055, 1064.0479518649956], [846.859055284951, 1107.9475303768315], [822.6175075210945, 1135.9520481350044], [773.140944715049, 1092.0524696231685]], '*8<', 0.1727345981694155)]
[([[897, 609], [1039, 609], [1039, 651], [897, 651]], '싫어어어!', 0.7245769607985282), ([[293, 671], [371, 671], [371, 711], [293, 711]], '멈취신', 0.0636106387035778), ([[183, 1317], [287, 1317], [287, 1357], [183, 1357]], '아아아!!', 0.5962568165891818), ([[280.6702733784662, 329.14920286525125], [320.6774581282657, 307.03836847126166], [358.3297266215338, 384.85079713474875], [318.3225418717343, 406.96163152873834]], ' ', 0.024293934980326393), ([[846.0803025990715, 1079.0192321178097], [1007.6779503133428, 1054.3832815660242], [1044.9196974009285, 1361.9807678821903], [884.3220496866572, 1385.6167184339758]], '""', 0.03639734234019661)]
[([[161, 243], [257, 243], [257, 281], [161, 281]], '안돼있!', 0.022044191136956215), ([[484, 454], [589, 454], [589, 535], [484, 535]], '점깊장', 0.03855140154228316), ([[794, 488], [844, 488], [844, 520], [794, 520]], '준비', 0.9995543683119135), ([[791, 513], [849, 513], [849, 555], [791, 555]], '뒷어', 0.3844020557653345), ([[109, 699], [197, 699], [197, 735], [109, 735]], '카메라', 0.9993287061171864), ([[111, 729], [197, 729], [197, 767], [111, 767]], '보면서', 0.8807390970614055), ([[109, 757], [225, 757], [225, 797], [109, 797]], '인사하자', 0.9999358057975769), ([[466, 990], [588, 990], [588, 1066], [466, 1066]], '복문싶지', 0.10952045768499374), ([[186, 1062], [228, 1062], [228, 1092], [186, 1092]], '허?', 0.9948567408536969), ([[319, 1045], [383, 1045], [383, 1085], [319, 1085]], '싫어', 0.9991350034024853), ([[491, 1053], [571, 1053], [571, 1093], [491, 1093]], '않아!!', 0.4799787104129791), ([[773, 1053], [835, 1053], [835, 1091], [773, 1091]], '좋아', 0.9917589770942079), ([[184, 1088], [281, 1088], [281, 1126], [184, 1126]], '죽고싶지', 0.9682187438011169), ([[337, 1077], [413, 1077], [413, 1115], [337, 1115]], '어어필', 0.09591413951121848), ([[186, 1122], [272, 1122], [272, 1154], [186, 1154]], '않다고?', 0.9307489907469337), ([[120, 1240], [172, 1240], [172, 1272], [120, 1272]], '좋아', 0.9871572775462387), ([[120, 1269], [214, 1269], [214, 1301], [120, 1301]], '그렇다면', 0.9990875124931335), ([[120, 1300], [236, 1300], [236, 1332], [120, 1332]], '시키논대로', 0.6895575328843112), ([[120, 1330], [192, 1330], [192, 1360], [120, 1360]], '따라해', 0.9997773527786015), ([[119, 1359], [207, 1359], [207, 1395], [119, 1395]], '알앗지?', 0.23172181844711304), ([[469.388137237664, 870.0630587407871], [518.9791057083511, 899.6465467803652], [504.611862762336, 923.9369412592129], [454.020894291649, 893.3534532196348]], '93', 0.48395008251112703)]
[([[952, 140], [996, 140], [996, 164], [952, 164]], '어서,', 0.8453107334887402), ([[946, 164], [1044, 164], [1044, 190], [946, 190]], '근 목소리로', 0.9697886445526602), ([[787, 159], [827, 159], [827, 225], [787, 225]], '}', 0.17109200298657257), ([[946, 194], [1028, 194], [1028, 222], [946, 222]], '웃으면서.', 0.5587457756108642), ([[184, 474], [242, 474], [242, 500], [184, 500]], '하아 *', 0.998819003213052), ([[858, 470], [902, 470], [902, 500], [858, 500]], '하아', 0.9998755847701863), ([[822, 542], [926, 542], [926, 574], [822, 574]], '중은 아침.', 0.5735965158458818), ([[114, 576], [212, 576], [212, 608], [114, 608]], '지금부터.', 0.7496574803458246), ([[114, 606], [214, 606], [214, 638], [114, 638]], '둥개저서.', 0.2253245227892424), ([[115, 632], [316, 632], [316, 669], [115, 669]], '남작해 지깊습니다 ,', 0.5101934488779785), ([[798, 636], [945, 636], [945, 672], [798, 672]], '야마비코 요과', 0.9124179069668809), ([[800, 669], [992, 669], [992, 701], [800, 701]], '카소다니 코코에요', 0.6296811681522839), ([[166, 738], [208, 738], [208, 762], [166, 762]], '하아', 0.9999704130405446), ([[900, 804], [944, 804], [944, 828], [900, 828]], '하아', 0.9999814554370187), ([[240, 1302], [318, 1302], [318, 1332], [240, 1332]], '죽고싶지', 0.8951645493507385), ([[870, 1296], [946, 1296], [946, 1322], [870, 1322]], '죽고싶지', 0.9915739893913269), ([[240, 1334], [284, 1334], [284, 1360], [240, 1360]], '않아:', 0.4250442508329611), ([[870, 1328], [916, 1328], [916, 1354], [870, 1354]], '않아', 0.9998100915826695), ([[255, 1421], [285, 1421], [285, 1441], [255, 1441]], '훈쩍', 0.57760587104742), ([[1005, 1495], [1033, 1495], [1033, 1515], [1005, 1515]], '10', 0.9999989884757856), ([[212.28913145942698, 879.0854389836506], [236.49319696191608, 869.0408182285036], [257.710868540573, 925.9145610163494], [233.50680303808392, 934.9591817714964]], '중', 0.6917257280646574)]
[([[686, 166], [808, 166], [808, 198], [686, 198]], '하지만 나는', 0.9437593602207149), ([[686, 196], [794, 196], [794, 228], [686, 228]], '너가 좁더', 0.5229249827113704), ([[686, 226], [852, 226], [852, 258], [686, 258]], '커다란 목소리블', 0.5773720853875809), ([[686, 256], [856, 256], [856, 288], [686, 288]], '내주길 원하는데', 0.5891640058281892), ([[873, 247], [957, 247], [957, 283], [873, 283]], '잘햇어!', 0.571229100227356), ([[174, 524], [216, 524], [216, 554], [174, 554]], '에?', 0.9992801234491826), ([[156, 970], [184, 970], [184, 1002], [156, 1002]], '맘', 0.1318919278785211), ([[831, 957], [887, 957], [887, 993], [831, 993]], '잠깐.', 0.9878664025634781), ([[589, 1211], [813, 1211], [813, 1271], [589, 1271]], '싫어어어어', 0.8639957081028097), ([[592, 1270], [822, 1270], [822, 1324], [592, 1324]], '어어어어내!', 0.10618062399193635), ([[895.3921549027937, 544.0142183778642], [992.0319101112584, 591.7319422159958], [885.6078450972063, 804.9857816221358], [789.9680898887416, 758.2680577840042]], '문', 0.011333271042959281)]
[([[962, 1512], [994, 1512], [994, 1536], [962, 1536]], '12', 0.9999993256504904), ([[820.329040661032, 230.01185070720553], [1100.6908363458544, 417.5864041404278], [1009.670959338968, 550.9881492927944], [729.3091636541457, 363.4135958595722]], '=키 ', 0.20971398133831531)]
[([[469, 759], [651, 759], [651, 779], [469, 779]], '*카소다니 교코는 메아리 요괴', 0.6568059379722825), ([[925, 872], [992, 872], [992, 905], [925, 905]], '야-호-', 0.9988987445831299), ([[480, 912], [576, 912], [576, 944], [480, 944]], '틀리잡아', 0.39905405044555664), ([[480, 942], [616, 942], [616, 974], [480, 974]], '년 내 야-호에', 0.7996480643354685), ([[480, 972], [552, 972], [552, 1004], [480, 1004]], '맛취서', 0.47032136282629083), ([[480, 1002], [572, 1002], [572, 1034], [480, 1034]], '메아리블', 0.31639036536216736), ([[478, 1032], [596, 1032], [596, 1064], [478, 1064]], '들려쥐야지', 0.5322954535818096), ([[335, 1411], [377, 1411], [377, 1447], [335, 1447]], '응?', 0.9989283738968094), ([[96, 1492], [126, 1492], [126, 1516], [96, 1516]], '13', 0.999999915706304)]
[([[310, 186], [364, 186], [364, 216], [310, 216]], '이뤄,', 0.07444235502743768), ([[628, 196], [728, 196], [728, 228], [628, 228]], '이 녀석의', 0.9947719410364204), ([[310, 216], [362, 216], [362, 244], [310, 244]], '어서', 0.9999101441014425), ([[630, 226], [722, 226], [722, 258], [630, 258]], '골반-에', 0.5047135949134827), ([[308, 242], [383, 242], [383, 279], [308, 279]], '하라구', 0.9999095638206364), ([[630, 256], [700, 256], [700, 288], [630, 288]], '걸로어', 0.31848180036384116), ([[100, 418], [192, 418], [192, 450], [100, 450]], '도와주면', 0.9651954142179067), ([[100, 448], [188, 448], [188, 480], [100, 480]], '덧나나]!', 0.7273403828638467), ([[98, 508], [200, 508], [200, 540], [98, 540]], '이거 엄청', 0.9798319595943282), ([[97, 537], [203, 537], [203, 573], [97, 573]], '힘들다고!', 0.992569197571626), ([[900, 1038], [960, 1038], [960, 1070], [900, 1070]], '흐움!', 0.8454920914113668), ([[788, 1214], [856, 1214], [856, 1264], [788, 1264]], '후!', 0.23091737323795683), ([[1005, 1495], [1033, 1495], [1033, 1515], [1005, 1515]], '14', 0.8113387565523262)]
[([[86, 952], [138, 952], [138, 984], [86, 984]], '후후.', 0.9882775241459527), ([[360, 902], [386, 902], [386, 1008], [360, 1008]], '{', 0.4516857315283609), ([[84, 982], [216, 982], [216, 1014], [84, 1014]], '이 녀석올 화', 0.8529873440524186), ([[86, 1012], [214, 1012], [214, 1044], [86, 1044]], '웃고있장아 .', 0.731714228364351), ([[95, 1513], [125, 1513], [125, 1533], [95, 1533]], '15', 0.9606899052469305), ([[273.67644994586703, 918.026344669789], [293.3981198485802, 916.0400253608359], [299.32355005413297, 982.973655330211], [279.6018801514198, 983.9599746391641]], '}', 0.2206360161049128)]
[([[385, 185], [465, 185], [465, 221], [385, 221]], '계속 해', 0.7234737252222389), ([[566, 178], [614, 178], [614, 208], [566, 208]], '코코', 0.7330496348481397), ([[563, 208], [657, 208], [657, 240], [563, 240]], '박살나고', 0.9997239708900452), ([[563, 238], [657, 238], [657, 270], [563, 270]], '엎는데도', 0.3830721378326416), ([[130, 256], [182, 256], [182, 288], [130, 288]], '쫓까', 0.9176268346389171), ([[564, 268], [636, 268], [636, 300], [564, 300]], '기분이', 0.9990368490758604), ([[932, 280], [1012, 280], [1012, 312], [932, 312]], '이거 화', 0.7450901578389263), ([[564, 298], [628, 298], [628, 330], [564, 330]], '좋아?', 0.9883004068995785), ([[195, 761], [247, 761], [247, 803], [195, 803]], '0콜', 0.11670451615416857), ([[1005, 1495], [1033, 1495], [1033, 1515], [1005, 1515]], '16', 0.999999915706304), ([[625.5921763048569, 1104.0083194689942], [697.3461259972864, 1094.0910169644192], [731.4078236951431, 1368.9916805310058], [658.6538740027136, 1378.9089830355808]], '8', 0.7156836538002267)]
[([[423, 233], [447, 233], [447, 249], [423, 249]], "'4", 0.13717396290669284), ([[571, 719], [625, 719], [625, 862], [571, 862]], '벼', 0.00756638106092411), ([[126, 936], [250, 936], [250, 1074], [126, 1074]], '탓', 0.002482100172726112), ([[874.0428759335574, 502.0459097089972], [939.580415215046, 468.0168583012088], [1013.9571240664426, 625.9540902910028], [948.419584784954, 659.9831416987912]], '&', 0.007688321497008543), ([[917.763043819809, 1095.0284796612168], [931.221621103589, 1094.0248671442084], [935.236956180191, 1137.9715203387832], [921.778378896411, 1139.9751328557916]], '0', 0.3541036283277208), ([[248.40297768587402, 1250.02977685874], [291.4367941449011, 1231.015920214855], [342.597022314126, 1361.97022314126], [298.5632058550989, 1379.984079785145]], '[', 0.037597130661209954)]
[([[727, 301], [815, 301], [815, 387], [727, 387]], '0)', 0.8586297973751903), ([[223, 789], [283, 789], [283, 849], [223, 849]], '1', 0.026648085922380327), ([[387, 835], [533, 835], [533, 871], [387, 871]], '다른 구멍에서', 0.7603574144216881), ([[381, 865], [555, 865], [555, 901], [381, 901]], "'땅이 나오고 있어", 0.3341544755585227), ([[906, 918], [1002, 918], [1002, 950], [906, 950]], '재엎는데', 0.225936159491539), ([[1003, 1493], [1031, 1493], [1031, 1513], [1003, 1513]], '18', 0.9999997471189183)]
[([[97, 1493], [123, 1493], [123, 1513], [97, 1513]], '19', 0.9967441628853864), ([[137.6842412252398, 659.0270617733271], [372.24169421763787, 612.8682727211966], [425.3157587747602, 965.9729382266729], [190.7583057823621, 1012.1317272788034]], '5', 0.2075912597815801), ([[440.314855964253, 1216.0392468890013], [512.9593352359277, 1270.3026309830298], [479.685144035747, 1314.9607531109987], [407.0406647640723, 1260.6973690169702]], '5*', 0.3343274684802601)]
[([[594, 180], [646, 180], [646, 212], [594, 212]], '우엇', 0.07481228834420918), ([[530, 336], [580, 336], [580, 366], [530, 366]], '이거', 0.9999836470619405), ([[530, 366], [602, 366], [602, 398], [530, 398]], '아직도', 0.9998240152318688), ([[530, 396], [602, 396], [602, 428], [530, 428]], '움직여', 0.9998779733586949), ([[308, 678], [368, 678], [368, 710], [308, 710]], '어이!', 0.8211958140196531), ([[840, 676], [910, 676], [910, 706], [840, 706]], '그녀의', 0.9297593235969543), ([[151, 703], [253, 703], [253, 735], [151, 735]], '너도 물개', 0.5392763326170954), ([[840, 706], [912, 706], [912, 738], [840, 738]], '자궁도', 0.9111259468602622), ([[152, 734], [274, 734], [274, 764], [152, 764]], '버리기 전에', 0.814353923019825), ([[840, 736], [926, 736], [926, 768], [840, 768]], '나올까?', 0.9578946828842163), ([[152, 764], [252, 764], [252, 796], [152, 796]], '좀 닥치고', 0.8585029035926006), ([[840, 765], [934, 765], [934, 797], [840, 797]], '궁금한걸', 0.6752609610557556), ([[152, 794], [210, 794], [210, 826], [152, 826]], '있어!', 0.8823730575706673), ([[932, 1246], [984, 1246], [984, 1276], [932, 1276]], '83/', 0.010676995166358177), ([[1002, 1492], [1032, 1492], [1032, 1516], [1002, 1516]], '20', 0.999997724070939)]
[([[960, 184], [1038, 184], [1038, 212], [960, 212]], '안되켓어', 0.9335188865661621), ([[714, 198], [758, 198], [758, 226], [714, 226]], '젠장', 0.33445507444810224), ([[962, 214], [1038, 214], [1038, 242], [962, 242]], '움직이질', 0.9986481666564941), ([[960, 244], [1002, 244], [1002, 270], [960, 270]], '않아', 0.9998541750185242), ([[452, 400], [534, 400], [534, 426], [452, 426]], '기다려 화', 0.718524340585446), ([[228, 508], [278, 508], [278, 536], [228, 536]], '준비.', 0.9992850747935729), ([[900, 860], [1012, 860], [1012, 888], [900, 888]], '우리의 무게로', 0.9998641505385081), ([[636, 878], [678, 878], [678, 908], [636, 908]], '60', 0.44316349725688375), ([[898, 890], [1018, 890], [1018, 918], [898, 918]], '밟으면 되거야', 0.21230826267260053), ([[852, 1110], [896, 1110], [896, 1138], [852, 1138]], '좋아', 0.990552085533172), ([[95, 1495], [121, 1495], [121, 1515], [95, 1515]], '21', 0.9999629952675473)]
[([[1002, 1494], [1034, 1494], [1034, 1518], [1002, 1518]], '22', 0.9268958833673298), ([[119.29895251459561, 355.04109637406276], [168.70840743879762, 347.2483616227147], [184.7010474854044, 451.95890362593724], [135.29159256120238, 459.7516383772853]], '(""', 0.4239669442176819)]
[([[620, 240], [672, 240], [672, 272], [620, 272]], '존나', 0.9971488618082155), ([[620, 270], [696, 270], [696, 302], [620, 302]], '역겹다.', 0.8935249447822571), ([[886, 518], [928, 518], [928, 542], [886, 542]], '우와', 0.9947428655108409), ([[1008, 1494], [1038, 1494], [1038, 1518], [1008, 1518]], '23', 0.9999998314126102), ([[138.93439792036025, 1096.0406127567194], [241.0498839747744, 1070.5985657562012], [279.06560207963975, 1254.9593872432806], [177.9501160252256, 1279.4014342437988]], '품', 0.09953133093763089)]
[([[974, 158], [1022, 158], [1022, 184], [974, 184]], '[어이!', 0.2641056478023529), ([[110, 180], [210, 180], [210, 206], [110, 206]], '아마비코 요', 0.8465973884142522), ([[448, 196], [522, 196], [522, 220], [448, 220]], '종은 아침 .', 0.7091002581249738), ([[114, 212], [192, 212], [192, 236], [114, 236]], '카소다니', 0.9998886585235596), ([[115, 238], [192, 238], [192, 267], [115, 267]], '코코에요', 0.9556694030761719), ([[926, 258], [1036, 258], [1036, 286], [926, 286]], "뭐하고 있어?' ", 0.5770930599190189), ([[629, 269], [671, 269], [671, 313], [629, 313]], '(', 0.9677637998104274), ([[926, 288], [1008, 288], [1008, 316], [926, 316]], '빨리 녹화', 0.9545187729575826), ([[926, 318], [1004, 318], [1004, 348], [926, 348]], '영상이나', 0.9959490895271301), ([[131, 351], [157, 351], [157, 365], [131, 365]], '하아', 0.9988918863815928), ([[926, 348], [1004, 348], [1004, 376], [926, 376]], '확인해화', 0.9027075171470642), ([[787, 544], [831, 544], [831, 572], [787, 572]], '그래', 0.9999926664562352), ([[130, 832], [212, 832], [212, 858], [130, 858]], '풍개저서.', 0.23294983462001043), ([[606, 846], [646, 846], [646, 876], [606, 876]], '그럼', 0.9998980904412973), ([[130, 862], [190, 862], [190, 890], [130, 890]], '남작해', 0.5533816474744372), ([[604, 876], [688, 876], [688, 904], [604, 904]], '지금부터', 0.9999487996101379), ([[128, 892], [234, 892], [234, 918], [128, 918]], '지계습니다.', 0.6121827527800974), ([[154, 954], [212, 954], [212, 980], [154, 980]], '하아 *', 0.9999609755151436), ([[845, 1151], [887, 1151], [887, 1171], [845, 1171]], '훈쩍 *', 0.8369661392996911), ([[205, 1189], [266, 1189], [266, 1215], [205, 1215]], '죽고싶지', 0.6738043427467346), ([[231, 1225], [279, 1225], [279, 1243], [231, 1243]], '않아  ', 0.49537524580955505), ([[837, 1227], [895, 1227], [895, 1247], [837, 1247]], '죽고심지', 0.9942213892936707), ([[861, 1259], [905, 1259], [905, 1277], [861, 1277]], '않아 .', 0.7635007839764449), ([[231, 1285], [273, 1285], [273, 1303], [231, 1303]], '훈쩍 *', 0.388768115326273), ([[91, 1497], [119, 1497], [119, 1517], [91, 1517]], '24', 0.8505184818559874)]
[([[366, 140], [418, 140], [418, 166], [366, 166]], '이것은', 0.9995523034509288), ([[466, 150], [506, 150], [506, 174], [466, 174]], '오?', 0.9999351787623457), ([[122, 168], [224, 168], [224, 196], [122, 196]], '바로 그거야', 0.9834871661981045), ([[366, 168], [436, 168], [436, 192], [366, 192]], '손에 넘기', 0.9630283285591399), ([[124, 198], [206, 198], [206, 222], [124, 222]], '로리라고!', 0.9762282263383479), ([[366, 194], [444, 194], [444, 220], [366, 220]], '힘든 영상?', 0.9379968117666277), ([[122, 228], [200, 228], [200, 254], [122, 254]], '기대해라', 0.9997865557670593), ([[124, 258], [200, 258], [200, 286], [124, 286]], '동생이여', 0.9977188110351562), ([[522, 372], [596, 372], [596, 398], [522, 398]], '후혜헤헤', 0.11255108565092087), ([[520, 402], [602, 402], [602, 428], [520, 428]], '되다 뒷다', 0.16057218425297887), ([[498, 498], [550, 498], [550, 578], [498, 578]], '꼴', 0.043480389543507414), ([[930, 1040], [1012, 1040], [1012, 1066], [930, 1066]], '우오오오!', 0.8775592836963233), ([[928, 1070], [970, 1070], [970, 1096], [928, 1096]], '씨발', 0.9969441212831875), ([[928, 1100], [1018, 1100], [1018, 1128], [928, 1128]], '이게 뭐야!', 0.6187433460046265), ([[144, 1124], [200, 1124], [200, 1148], [144, 1148]], '그래도', 0.9999612513354031), ([[776, 1138], [886, 1138], [886, 1166], [776, 1166]], '고어 비디오?', 0.999562602526663), ([[142, 1154], [218, 1154], [218, 1180], [142, 1180]], '제목대로', 0.9997127652168274), ([[144, 1184], [282, 1184], [282, 1212], [144, 1212]], '로리논 맞앞네 형', 0.40913762770251794), ([[150, 1214], [262, 1214], [262, 1240], [150, 1240]], '그들이 그녀지', 0.6866142265307175), ([[776, 1228], [852, 1228], [852, 1254], [776, 1254]], '속앉다!!', 0.8792324377504589), ([[148, 1244], [268, 1244], [268, 1272], [148, 1272]], '죽여 버럿지만', 0.5569812239421326), ([[321, 1261], [357, 1261], [357, 1277], [321, 1277]], '미드]', 0.04581584584892923), ([[327, 1275], [491, 1275], [491, 1289], [327, 1289]], '포훌[너무리"사 미사렉', 0.0001782548909601248), ([[471, 1290], [648, 1290], [648, 1302], [471, 1302]], '헬기 | 왼습머 구 - 대 57 - 그9', 0.002235854785345367), ([[305, 1291], [473, 1291], [473, 1311], [305, 1311]], '{7시" #차 외처*9 [02개어4 #7각', 0.0003241385052960955), ([[303, 1309], [417, 1309], [417, 1329], [303, 1329]], '"93  취3511', 0.0003837023963363552), ([[341, 1317], [377, 1317], [377, 1329], [341, 1329]], '027 ] ;', 0.2711339011764961), ([[399, 1309], [429, 1309], [429, 1321], [399, 1321]], '7', 0.028367751522328177), ([[117, 1425], [269, 1425], [269, 1461], [117, 1461]], '7서드 드사)', 0.010350027892010538), ([[96, 1492], [126, 1492], [126, 1516], [96, 1516]], '25', 0.9627469599035965)]
[([[799, 227], [909, 227], [909, 361], [799, 361]], '8', 0.7242018302433486), ([[819, 345], [861, 345], [861, 385], [819, 385]], '8', 0.011849067504037303), ([[221, 931], [283, 931], [283, 991], [221, 991]], '83', 0.20280513378091644), ([[645, 1137], [1011, 1137], [1011, 1173], [645, 1173]], '1하0엇7 그 = 저9 7"##초 : (+=@', 0.008339021342562954), ([[742, 1170], [1008, 1170], [1008, 1200], [742, 1200]], "+*61해'? 7 ##초 : (+:귀", 0.010655702958419009), ([[776, 1202], [1008, 1202], [1008, 1230], [776, 1230]], '{교"+ (+:7"50', 0.043882885681960644), ([[730, 1266], [1008, 1266], [1008, 1294], [730, 1294]], '쇼` 주 +:(- 3*6 - 애소#형', 0.018355906654804733), ([[845, 1292], [1008, 1292], [1008, 1325], [845, 1325]], "+오( '초 +35 @", 0.07216462352401427), ([[778, 1390], [924, 1390], [924, 1418], [778, 1418]], '2012/5/27', 0.9992608990280825), ([[941, 1385], [1007, 1385], [1007, 1421], [941, 1421]], '1류 "춤', 0.030157628084218634), ([[428, 1455], [1005, 1455], [1005, 1482], [428, 1482]], '*+* 7어나실어산 $,신뉴금 0기1.20#{-구릇[속0 5 - 380 * #소', 2.0274666817282038e-05), ([[998, 1494], [1030, 1494], [1030, 1518], [998, 1518]], '26', 0.999999915706304)]
[([[243, 511], [283, 511], [283, 531], [243, 531]], '식제', 0.7193569071851085), ([[290, 558], [636, 558], [636, 588], [290, 588]], '이 파일올 정말 완전히 삭제 하시켓습니까?', 0.6822273517912972), ([[342, 620], [912, 620], [912, 652], [342, 652]], '(개인촬영(동방) (예대제9)[02] 가어`어산 $신뉴뉴 이.1 카소다니 코코_', 0.0052666833792469475), ([[342, 644], [524, 644], [524, 676], [342, 676]], '파일의 설명:동인지', 0.9919430991676672), ([[342, 670], [532, 670], [532, 702], [342, 702]], '작성일시2012/5/27', 0.9674373217068253), ([[342, 696], [460, 696], [460, 726], [342, 726]], '제작자명:02', 0.9993423250522647), ([[492, 696], [582, 696], [582, 726], [492, 726]], '하라사키', 0.8979261517524719), ([[342, 720], [500, 720], [500, 752], [342, 752]], '사이즈:28페이지', 0.9107408488353101), ([[690, 790], [718, 790], [718, 814], [690, 814]], '예', 0.9999371776910984), ([[830, 788], [928, 788], [928, 820], [830, 820]], '아니오()', 0.9799982109410084), ([[203.2025477771711, 506.1658598874935], [244.8631552389701, 511.27291502869457], [241.7974522228289, 532.8341401125065], [200.1368447610299, 528.7270849713054]], '파일', 0.9999858386882693)]
[([[290, 142], [866, 142], [866, 432], [290, 432]], '휴기다', 0.3949025840841489), ([[872, 334], [1044, 334], [1044, 504], [872, 504]], '극', 0.11796703958624732), ([[153, 633], [965, 633], [965, 795], [153, 795]], '하칸고마 귀뻐서 주어비])다', 0.006694963784516228), ([[94, 814], [1018, 814], [1018, 988], [94, 988]], '#친-   키되 #바]씨', 0.0003311157362285107), ([[462, 1070], [936, 1070], [936, 1220], [462, 1220]], '작업한 놈 나루이', 0.5452426317473847), ([[962, 1512], [994, 1512], [994, 1536], [962, 1536]], '12', 0.9703490349182182)]
