824235
80
[([[16, 536], [233, 536], [233, 581], [16, 581]], '밝아쥐 분탁이야]', 0.25103935981315195), ([[39, 569], [373, 569], [373, 655], [39, 655]], '헬로렉쇼', 0.001620924313510537), ([[130, 642], [268, 642], [268, 650], [130, 650]], '4-더녀니대 ( 음시% $', 0.0002125373751284087), ([[387.949163741603, -25.96930001858832], [695.411713139552, 32.43576451681646], [659.050836258397, 180.9693000185883], [351.58828686044797, 122.56423548318354]], '때 볕', 0.003750229487195611), ([[476.07767729723633, 196.21553545944727], [647.7577916958029, 167.6292332178832], [652.9223227027637, 199.78446454055273], [481.2422083041971, 228.3707667821168]], '자물예->트미멘0', 3.88088371517901e-05), ([[477.5125708376854, 221.11759917275958], [650.434425912565, 193.45696736142796], [656.4874291623146, 244.88240082724042], [483.56557408743504, 271.5430326385721]], '[물러물즌', 0.004157072312080819), ([[548.1579833204635, 249.2897482934367], [630.7835494468727, 240.3781697045107], [633.8420166795365, 291.7102517065633], [551.2164505531273, 300.6218302954893]], '[미', 0.08347565227112493)]
[([[3, 113], [19, 113], [19, 147], [3, 147]], '올', 0.8933473151589766), ([[3, 181], [19, 181], [19, 213], [3, 213]], '@', 0.06414905947852745), ([[25, 217], [91, 217], [91, 253], [25, 253]], '[묘고8체', 0.024031790494206107)]
[([[881, 164], [1004, 164], [1004, 219], [881, 219]], '어머나*', 0.11290169507265091), ([[882, 250], [1008, 250], [1008, 298], [882, 298]], '프로뉴서;', 0.12684999695400354), ([[862, 290], [1020, 290], [1020, 342], [862, 342]], "'나잡아보라'", 0.5666973546611893), ([[868, 334], [1018, 334], [1018, 382], [868, 382]], '라곧 햇지만', 0.7259218852387945), ([[893, 377], [989, 377], [989, 421], [893, 421]], '이건 좀', 0.9912941455841064), ([[854, 416], [994, 416], [994, 468], [854, 468]], '아외찮아요', 0.3628696986081105), ([[1009, 425], [1029, 425], [1029, 455], [1009, 455]], '2', 0.6232082297074157)]
[([[856, 298], [968, 298], [968, 354], [856, 354]], '까양}', 0.07318977609723588), ([[849, 348], [978, 348], [978, 410], [849, 410]], '안래요;', 0.1198917105793953), ([[793, 397], [945, 397], [945, 461], [793, 461]], '가버려요', 0.3914478123188019), ([[962, 400], [1030, 400], [1030, 456], [962, 456]], '2', 0.011082094119209407), ([[147, 452], [188, 452], [188, 587], [147, 587]], '{', 0.34144470959978435), ([[832, 669], [913, 669], [913, 898], [832, 898]], '"', 0.040539663679362015), ([[306, 1082], [356, 1082], [356, 1168], [306, 1168]], '9', 0.18911057309595947)]
[([[913, 271], [977, 271], [977, 315], [913, 315]], '차암', 0.894394490207927), ([[899, 313], [989, 313], [989, 357], [899, 357]], '[렇게', 0.20559692025759368), ([[872, 352], [1022, 352], [1022, 400], [872, 400]], '마구 하니까', 0.7635837871556159), ([[890, 394], [1006, 394], [1006, 442], [890, 442]], "다지마 '", 0.6258832555966478), ([[899, 439], [991, 439], [991, 483], [899, 483]], '아니지,', 0.4689619923787638), ([[892, 476], [1004, 476], [1004, 526], [892, 526]], '수영복이', 0.9885681867599487), ([[903, 521], [991, 521], [991, 565], [903, 565]], '벗겨저', 0.7801535362900047), ([[860, 562], [1036, 562], [1036, 612], [860, 612]], '버럿아요요', 0.2454272263517152), ([[864, 642], [1034, 642], [1034, 694], [864, 694]], '부끄러우니까', 0.516227818089387), ([[886, 686], [1008, 686], [1008, 734], [886, 734]], '너무 빠히', 0.8401696036676725), ([[850, 728], [1044, 728], [1044, 776], [850, 776]], '보지 마세요)', 0.7802539457465923), ([[511, 1009], [549, 1009], [549, 1167], [511, 1167]], '"', 0.08504805682768879)]
[([[3, 47], [19, 47], [19, 69], [3, 69]], '굶', 0.37190159739398965), ([[3, 67], [19, 67], [19, 89], [3, 89]], '땀', 0.19668853351584303), ([[3, 87], [19, 87], [19, 111], [3, 111]], '및', 0.15603875837852943), ([[5, 109], [19, 109], [19, 131], [5, 131]], '8', 0.2968943797696397), ([[25, 217], [91, 217], [91, 253], [25, 253]], '묘고8체', 0.03383733332157135)]
[([[854, 340], [942, 340], [942, 388], [854, 388]], '흥흐흐', 0.5273814181793541), ([[955, 343], [995, 343], [995, 387], [955, 387]], '응', 0.9988965457589281), ([[873, 385], [985, 385], [985, 429], [873, 429]], '프로둑서', 0.37118013120911175), ([[922, 424], [1020, 424], [1020, 472], [922, 472]], '아니지!', 0.7604806423187256), ([[64, 464], [154, 464], [154, 512], [64, 512]], '오늘은', 0.9995673753497871), ([[947, 467], [1013, 467], [1013, 511], [947, 511]], '어어;', 0.9743561864043835), ([[65, 509], [177, 509], [177, 553], [65, 553]], "'하루종일", 0.8888993884919959), ([[924, 508], [1022, 508], [1022, 556], [924, 556]], '주인남!', 0.5227720737457275), ([[66, 548], [226, 548], [226, 596], [66, 596]], '봉사해줄게 }', 0.5134591741708459), ([[67, 593], [179, 593], [179, 637], [67, 637]], '많이많이', 0.9645249247550964), ([[64, 632], [172, 632], [172, 680], [64, 680]], '맛화쥐?', 0.47198450565338135), ([[534, 1278], [566, 1278], [566, 1334], [534, 1334]], '7', 0.9978996826367279)]
[([[868, 380], [978, 380], [978, 436], [868, 436]], '까앗:?', 0.32628464698791504), ([[645, 1127], [711, 1127], [711, 1259], [645, 1259]], '새', 0.4825675153631579), ([[658, 1258], [738, 1258], [738, 1382], [658, 1382]], '1', 0.04200914667180289)]
[([[857, 305], [917, 305], [917, 347], [857, 347]], '흐흐', 0.5707101340277775), ([[936, 306], [966, 306], [966, 348], [936, 348]], '응', 0.999835855544692), ([[906, 344], [994, 344], [994, 392], [906, 392]], '오늘은', 0.9996381242134239), ([[856, 386], [994, 386], [994, 434], [856, 434]], '괜찮으니까', 0.9544051721113239), ([[847, 431], [993, 431], [993, 473], [847, 473]], '안에다 싸도', 0.993541185690036), ([[889, 473], [967, 473], [967, 513], [889, 513]], '0야', 0.8877465559827893), ([[901, 513], [989, 513], [989, 557], [901, 557]], '그 대신', 0.9984382390975952), ([[881, 555], [993, 555], [993, 599], [881, 599]], "'앞으로도", 0.9127877213652819), ([[882, 594], [994, 594], [994, 642], [882, 642]], '프로뉴스', 0.9673802852630615), ([[833, 637], [997, 637], [997, 681], [833, 681]], '해쥐야 돼?', 0.8027638668081515), ([[658, 1164], [709, 1164], [709, 1308], [658, 1308]], '"', 0.07831155564339554)]
[([[3, 155], [19, 155], [19, 213], [3, 213]], '육', 0.3526567803228353), ([[26, 220], [90, 220], [90, 252], [26, 252]], '[문고8궁', 0.015204726462443008)]
[([[947, 285], [1055, 285], [1055, 323], [947, 323]], '왜 그래?', 0.7492021293379579), ([[933, 321], [1051, 321], [1051, 365], [933, 365]], '내가 먼저', 0.9556246107700961), ([[880, 362], [1056, 362], [1056, 410], [880, 410]], '시작한 거니까', 0.8227099508249962), ([[904, 404], [1054, 404], [1054, 452], [904, 452]], '기죽지 말고', 0.8728181151138461), ([[956, 446], [1052, 446], [1052, 494], [956, 494]], '계속해.', 0.9289324283599854), ([[959, 531], [1019, 531], [1019, 575], [959, 575]], '이런', 0.9994523877771012), ([[840, 570], [988, 570], [988, 618], [840, 618]], '말하게 하지', 0.6550822916100554), ([[982, 528], [1056, 528], [1056, 618], [982, 618]], '탤러', 0.017097872023291934), ([[990, 618], [1020, 618], [1020, 658], [990, 658]], '좀', 0.9998517091417511), ([[356, 1213], [410, 1213], [410, 1348], [356, 1348]], '숫', 0.0041456532893585085)]
[([[862, 296], [1032, 296], [1032, 352], [862, 352]], '욕 으응  !', 0.9081842640620099), ([[367, 1133], [435, 1133], [435, 1321], [367, 1321]], '새', 0.030025147872445368), ([[546, 1242], [620, 1242], [620, 1328], [546, 1328]], '!', 0.006172540238004454), ([[411.5533722192733, 92.02501275153202], [445.7597501801198, 105.10452440118577], [412.4466277807267, 188.97498724846798], [379.2402498198802, 174.89547559881424]], '}', 0.3594025374863783), ([[375.728562357417, 242.0185052091441], [391.2609090251428, 241.01709140891492], [397.271437642583, 318.9814947908559], [380.7390909748572, 320.9829085910851]], "'", 0.1002616945729109), ([[139.4281473238831, 867.0233973513738], [191.86318254423455, 885.9651757189101], [149.5718526761169, 1002.9766026486262], [97.13681745576545, 984.0348242810899]], '>', 0.09882216756246098)]
[([[911, 299], [1025, 299], [1025, 343], [911, 343]], '신기하네', 0.992176353931427), ([[945, 340], [1057, 340], [1057, 384], [945, 384]], '당신이랑', 0.4681658446788788), ([[39, 371], [123, 371], [123, 415], [39, 415]], '아가씨', 0.9998868517103066), ([[909, 379], [1056, 379], [1056, 429], [909, 429]], '이렇게 있는', 0.37371968530612365), ([[39, 413], [207, 413], [207, 457], [39, 457]], '모시는 것처럼', 0.9113465522602937), ([[963, 425], [1055, 425], [1055, 469], [963, 469]], '시간이', 0.9998562937072829), ([[39, 455], [171, 455], [171, 499], [39, 499]], '안 해도 돼', 0.5545314191947124), ([[879, 467], [1037, 467], [1037, 511], [879, 511]], "'나쁘진 않아 .", 0.4197557553119836), ([[38, 494], [230, 494], [230, 542], [38, 542]], '프로뉴서한데는', 0.5993051662275489), ([[38, 536], [244, 536], [244, 584], [38, 584]], '내 다양한 모습올', 0.8216032102596924), ([[38, 578], [268, 578], [268, 626], [38, 626]], '보여주고 싶으니까.', 0.7272687748523302), ([[339, 1140], [413, 1140], [413, 1324], [339, 1324]], '{', 0.10671965015856788), ([[561, 1257], [627, 1257], [627, 1361], [561, 1361]], '"', 0.11585680846123125)]
[([[3, 95], [19, 95], [19, 137], [3, 137]], '3', 0.11636074302168709), ([[3, 135], [19, 135], [19, 213], [3, 213]], '@', 0.06251639235200912), ([[25, 217], [91, 217], [91, 253], [25, 253]], '[문고8체', 0.02672585549397763)]
[([[1032, 450], [1094, 450], [1094, 500], [1032, 500]], '뭐해', 0.8645094922021332), ([[926, 492], [1130, 492], [1130, 542], [926, 542]], '대프로유저니까', 0.07228824906796381), ([[1067, 537], [1127, 537], [1127, 581], [1067, 581]], '말고', 0.9711159964811716), ([[964, 528], [1074, 528], [1074, 630], [964, 630]], '데계', 0.00638117417614484), ([[1065, 579], [1127, 579], [1127, 621], [1065, 621]], '해도', 0.9999496770337476), ([[28, 618], [120, 618], [120, 668], [28, 668]], '오늘임', 0.30244408557448976), ([[986, 618], [1126, 618], [1126, 668], [986, 668]], '된다니까*', 0.6093244174771187), ([[32, 662], [102, 662], [102, 710], [32, 710]], '힘좀', 0.0031900661009116147), ([[26, 702], [182, 702], [182, 754], [26, 754]], '떠불젯미짜', 0.004807011594166985), ([[30, 744], [94, 744], [94, 792], [30, 792]], '말야', 0.9934424493902333), ([[769, 1227], [837, 1227], [837, 1329], [769, 1329]], '7', 0.9989276424545466)]
[([[766, 196], [868, 196], [868, 250], [766, 250]], '까앗]', 0.16414781715330157), ([[750.3864315883093, 1161.0171254307365], [832.2870679734433, 1147.2403847613007], [865.6135684116907, 1361.9828745692635], [783.7129320265567, 1375.7596152386993]], '"', 0.013630409851263181)]
[([[1067, 391], [1135, 391], [1135, 435], [1067, 435]], '하아', 0.9994209514168652), ([[1040, 430], [1110, 430], [1110, 478], [1040, 478]], '아양', 0.8415214264243508), ([[966, 512], [1138, 512], [1138, 564], [966, 564]], '프로표서 꺼가', 0.20958621144190265), ([[964, 556], [1136, 556], [1136, 608], [964, 608]], '엄청뜨거워서', 0.3228967772134123), ([[24, 580], [124, 580], [124, 628], [24, 628]], '에혜헤,', 0.16294033825397491), ([[1041, 596], [1141, 596], [1141, 647], [1041, 647]], '뭐활까,', 0.4443916082382202), ([[25, 625], [87, 625], [87, 667], [25, 667]], '어째', 0.9958296763518777), ([[938, 638], [1138, 638], [1138, 690], [938, 690]], '문잡안심되다 *', 0.2836608499789347), ([[24, 662], [178, 662], [178, 712], [24, 712]], "'붐0럽네@", 0.018289751277905487)]
[([[3, 135], [21, 135], [21, 213], [3, 213]], '@', 0.006486222578207246), ([[25, 217], [91, 217], [91, 253], [25, 253]], '[묘고8체', 0.03232586895647071)]
[([[1038, 300], [1100, 300], [1100, 350], [1038, 350]], '부우', 0.9217765393052526), ([[1019, 347], [1131, 347], [1131, 391], [1019, 391]], '언니랑만', 0.999377965927124), ([[1011, 387], [1127, 387], [1127, 431], [1011, 431]], '셋스하고;', 0.11551990649814553), ([[960, 428], [1132, 428], [1132, 476], [960, 476]], '난 내버려두면', 0.7834886320413452), ([[958, 470], [1130, 470], [1130, 518], [958, 518]], '아래쪽 입으로', 0.9691300752002096), ([[925, 513], [1135, 513], [1135, 557], [925, 557]], '깨물어버길 거야]', 0.5509294753070026)]
[([[948, 326], [1072, 326], [1072, 382], [948, 382]], '으극 ', 0.6336887410958763), ([[734.6075140414246, 418.0154283260925], [771.9979271025696, 423.4165201764579], [754.3924859585754, 554.9845716739076], [717.0020728974304, 549.5834798235421]], '{', 0.2861956276323241), ([[213.01941932430907, 1035.0970966215455], [279.67885329962104, 1050.2369538291282], [267.98058067569093, 1094.9029033784545], [201.32114670037896, 1079.7630461708718]], '0(', 0.1035317685234704), ([[632.6102195702928, 1115.009501191001], [691.2738595105969, 1109.102071034299], [713.3897804297072, 1335.990498808999], [653.7261404894031, 1341.897928965701]], '"', 0.07178506413518804), ([[431.4712122108943, 1183.0200011838044], [482.56363309430577, 1177.176873770302], [497.5287877891057, 1328.9799988161956], [446.43636690569423, 1334.823126229698]], '"', 0.6330506791734969)]
[([[1030, 276], [1090, 276], [1090, 326], [1030, 326]], '후후', 0.9987417270909862), ([[927, 321], [1095, 321], [1095, 365], [927, 365]], '나한데 걸리면', 0.9026992306226455), ([[908, 360], [1094, 360], [1094, 408], [908, 408]], '이정도름이야 }', 0.33043575508711137), ([[942, 402], [1098, 402], [1098, 452], [942, 452]], '에앗 에잇곳', 0.10093282301576269), ([[52, 438], [204, 438], [204, 486], [52, 486]], '나갈은 ) 틀', 0.49100347908593533), ([[53, 483], [263, 483], [263, 527], [53, 527]], '맘대로 할 수 잇는', 0.594189101643001), ([[952, 484], [1098, 484], [1098, 532], [952, 532]], '좁다 욕망에', 0.34679598220157787), ([[53, 523], [131, 523], [131, 567], [53, 567]], '[군은', 0.7217936224327329), ([[961, 528], [1097, 528], [1097, 572], [961, 572]], '솔직해저도', 0.7179094451399136), ([[50, 564], [260, 564], [260, 614], [50, 614]], '행복한 사람이네!', 0.3784896827402119), ([[997, 571], [1101, 571], [1101, 615], [997, 615]], '되는데?', 0.8433383107185364), ([[648.6583347379543, 1189.0116871741327], [689.6318366352422, 1184.0400824133494], [710.3416652620457, 1344.9883128258673], [668.3681633647578, 1350.9599175866506]], '"', 0.760536674357585), ([[445.5881808562937, 1206.0169883611538], [482.48280787926035, 1199.023364936855], [505.4118191437063, 1336.9830116388462], [468.51719212073965, 1342.976635063145]], '"', 0.6861063641646439)]
[([[3, 79], [19, 79], [19, 147], [3, 147]], '총', 0.09666696553904419), ([[5, 145], [19, 145], [19, 211], [5, 211]], '(', 0.002063227026730688), ([[26, 222], [90, 222], [90, 252], [26, 252]], '[묘 88', 0.006009728372798797)]
[([[53, 425], [173, 425], [173, 469], [53, 469]], '그래그래', 0.9999340176582336), ([[1059, 405], [1097, 405], [1097, 453], [1059, 453]], '움', 0.17496671454882406), ([[51, 462], [149, 462], [149, 512], [51, 512]], "'잘하네;", 0.7163428086728688), ([[1060, 448], [1092, 448], [1092, 494], [1060, 494]], '유', 0.5034178441047779), ([[1080, 416], [1132, 416], [1132, 500], [1080, 500]], '흙', 0.007765860304640493), ([[51, 507], [143, 507], [143, 551], [51, 551]], '카나코', 0.9923433145385474), ([[53, 591], [141, 591], [141, 635], [53, 635]], '최고급', 0.9997437670046213), ([[53, 631], [165, 631], [165, 675], [53, 675]], '과자라고', 0.9950116276741028), ([[50, 672], [166, 672], [166, 720], [50, 720]], '생각하고', 0.9998287558555603), ([[50, 712], [140, 712], [140, 762], [50, 762]], '마음껏', 0.9994381984647782), ([[53, 757], [141, 757], [141, 801], [53, 801]], '빨아보 ', 0.3572918176651001), ([[357, 819], [417, 819], [417, 937], [357, 937]], '꿀', 0.11421525261642618), ([[542, 928], [626, 928], [626, 1104], [542, 1104]], '%', 0.023640424138543503), ([[1035.8669156380993, 480.1079613181161], [1136.692099788303, 494.10263340389895], [1128.1330843619007, 543.8920386818838], [1026.307900211697, 530.897366596101]], '@음 ', 0.43527523484078495)]
[([[990, 306], [1136, 306], [1136, 432], [990, 432]], '상@', 0.0053921793129156894), ([[120, 412], [264, 412], [264, 468], [120, 468]], '으으은?', 0.4210432469844818), ([[287, 871], [327, 871], [327, 931], [287, 931]], '"', 0.012528244349461426), ([[290, 924], [344, 924], [344, 1006], [290, 1006]], '7', 0.9968090519490467), ([[458, 913], [542, 913], [542, 1100], [458, 1100]], '5', 0.029213574908990347), ([[366.91089529499095, 303.6204720935895], [421.9564906724231, 347.0494003588708], [301.08910470500905, 490.3795279064105], [246.04350932757688, 446.9505996411292]], "'", 0.038442749753077265), ([[1042.460503084076, 1038.3657104858585], [1092.700989005636, 991.0273407278568], [1175.539496915924, 1089.6342895141415], [1125.299010994364, 1136.9726592721431]], '8', 0.3439416169951528)]
[([[1030, 360], [1140, 360], [1140, 412], [1030, 412]], '맛있지?', 0.6481499075889587), ([[960, 400], [1136, 400], [1136, 452], [960, 452]], '충분히맛보고', 0.7061972958047276), ([[970, 444], [1142, 444], [1142, 496], [970, 496]], '삼켜야 된다?', 0.6609235111872384), ([[105, 629], [167, 629], [167, 669], [105, 669]], '에에', 0.9821678150639431), ([[50, 666], [240, 666], [240, 716], [50, 716]], '가아하이아아:', 0.30115479566179737), ([[280, 854], [378, 854], [378, 1020], [280, 1020]], '9', 0.001722839252767519)]
[([[3, 149], [19, 149], [19, 193], [3, 193]], '올', 0.04010169762990756), ([[26, 220], [90, 220], [90, 252], [26, 252]], '[문고8슈', 0.023823004937980757)]
[([[913, 283], [953, 283], [953, 327], [913, 327]], '자;', 0.7104138270793446), ([[888, 322], [984, 322], [984, 372], [888, 372]], '손올 꼭', 0.2888966101732689), ([[76, 382], [146, 382], [146, 430], [76, 430]], '후춧;', 0.33376555899430504), ([[860, 363], [1004, 363], [1004, 411], [860, 411]], '잡아주세요', 0.5956742267034935), ([[55, 427], [166, 427], [166, 471], [55, 471]], '남성분과', 0.8793376684188843), ([[18, 466], [198, 466], [198, 516], [18, 516]], '살울 맞대는 건', 0.5991600674169812), ([[42, 508], [178, 508], [178, 556], [42, 556]], '부끄럽지만', 0.8596527849786724), ([[51, 552], [164, 552], [164, 596], [51, 596]], '친애하는', 0.6528370976448059), ([[24, 592], [192, 592], [192, 640], [24, 640]], '(프로뉴서 남께', 0.15821255152164865), ([[50, 632], [138, 632], [138, 680], [50, 680]], '봉사할', 0.9735671428175653), ([[47, 677], [135, 677], [135, 721], [47, 721]], '있다는', 0.9598534592050852), ([[131, 633], [172, 633], [172, 722], [131, 722]], '숲', 0.7320965437104157), ([[19, 719], [195, 719], [195, 763], [19, 763]], '기뻐게 여기고', 0.7572979483437196), ([[48, 759], [169, 759], [169, 807], [48, 807]], '있답니다,', 0.3418346314218834)]
[([[900, 296], [982, 296], [982, 348], [900, 348]], '맛 ,', 0.15284998262376917), ([[898, 344], [982, 344], [982, 400], [898, 400]], '더는', 0.14391301356517539), ([[866, 394], [1022, 394], [1022, 450], [866, 450]], '안돼:  옛!', 0.35080115392240474), ([[310, 1200], [353, 1200], [353, 1339], [310, 1339]], '"', 0.734389326951046)]
[([[882, 298], [948, 298], [948, 346], [882, 346]], '후우;', 0.5745072653017411), ([[852, 342], [1008, 342], [1008, 390], [852, 390]], '어떠석나요?', 0.9025165861226502), ([[77, 369], [191, 369], [191, 413], [77, 413]], '모두에게,', 0.7030899983207919), ([[852, 382], [1006, 382], [1006, 430], [852, 430]], '제 몸올 통해', 0.4566318741679265), ([[93, 413], [179, 413], [179, 453], [93, 453]], '그리고', 0.9999979352348233), ([[832, 424], [1028, 424], [1028, 472], [832, 472]], '프로뉴서 남께서', 0.4115139613768458), ([[50, 450], [218, 450], [218, 498], [50, 498]], '프로뉴서 남께', 0.3614655096868595), ([[845, 469], [1009, 469], [1009, 513], [845, 513]], '기뻐하져다면', 0.5455584516399316), ([[50, 490], [220, 490], [220, 542], [50, 542]], '주님의 축복이', 0.886974730346158), ([[873, 509], [987, 509], [987, 553], [873, 553]], '무엇보다', 0.9966495037078857), ([[79, 537], [189, 537], [189, 581], [79, 581]], '함께하길', 0.9993045926094055), ([[856, 550], [1000, 550], [1000, 598], [856, 598]], '다행입니다', 0.8629940997799989), ([[62, 574], [208, 574], [208, 624], [62, 624]], '빌젯습니다)', 0.19831042922955816), ([[464, 1269], [524, 1269], [524, 1398], [464, 1398]], '4', 0.39317321753470935)]
[([[3, 111], [19, 111], [19, 213], [3, 213]], "'", 0.5842649964674287), ([[25, 217], [91, 217], [91, 253], [25, 253]], '[문고8체', 0.02273824577095557)]
[([[967, 279], [1051, 279], [1051, 323], [967, 323]], '여기선', 0.9998922200210559), ([[857, 321], [1053, 321], [1053, 365], [857, 365]], '아이돌이고 뭐고', 0.7888634773574833), ([[910, 360], [1054, 360], [1054, 408], [910, 408]], '다 치위농고', 0.3605776172404833), ([[840, 402], [1058, 402], [1058, 452], [840, 452]], '식스할 수 있젠다]', 0.04406322067715119), ([[985, 487], [1049, 487], [1049, 531], [985, 531]], '여기;', 0.5865306806625882), ([[901, 529], [1055, 529], [1055, 573], [901, 573]], '한번 만저화]', 0.5762537823328651), ([[931, 571], [1051, 571], [1051, 615], [931, 615]], '지금 엄청', 0.9864613928819063), ([[934, 610], [1056, 610], [1056, 658], [934, 658]], '두근거려]', 0.4547993446253435)]
[([[964, 318], [1016, 318], [1016, 376], [964, 376]], '위', 0.057209602258014636), ([[907, 367], [1015, 367], [1015, 427], [907, 427]], '앗; 가;', 0.30141439510959184), ([[345, 421], [361, 421], [361, 485], [345, 485]], '', 0.0), ([[818, 416], [1021, 416], [1021, 479], [818, 479]], '가버려; 엇써', 0.1599892091384074), ([[619, 1255], [687, 1255], [687, 1361], [619, 1361]], ';', 0.014859649883490145)]
[([[899, 323], [1029, 323], [1029, 365], [899, 365]], '아안되', 0.4370947308101882), ([[885, 363], [1029, 363], [1029, 407], [885, 407]], '가버럿네; .', 0.23891114108231232), ([[65, 447], [190, 447], [190, 499], [65, 499]], '중독훨것', 0.3040803074836731), ([[893, 441], [1032, 441], [1032, 492], [893, 492]], '프로뉴서랑', 0.15598953676597344), ([[65, 492], [165, 492], [165, 540], [65, 540]], '같아', 0.933513320346805), ([[885, 489], [1029, 489], [1029, 533], [885, 533]], '식스하능 거', 0.13187313196621803), ([[61, 528], [256, 528], [256, 583], [61, 583]], '과중에 또하자!', 0.22750960834219355), ([[851, 524], [1034, 524], [1034, 576], [851, 576]], '진짜 기분좋다!', 0.5074777585037198), ([[62, 574], [166, 574], [166, 624], [62, 624]], '알화채', 0.07132120823437559), ([[615, 1183], [659, 1183], [659, 1259], [615, 1259]], '권', 0.06688547279936419), ([[629, 1261], [665, 1261], [665, 1309], [629, 1309]], '7', 0.9993386170453142)]
[([[3, 59], [21, 59], [21, 95], [3, 95]], '8', 0.5300549704620074), ([[3, 91], [19, 91], [19, 213], [3, 213]], "'", 0.5031775772806668), ([[26, 220], [90, 220], [90, 252], [26, 252]], '[문고8궁', 0.016446059682366187)]
[([[973, 207], [1051, 207], [1051, 249], [973, 249]], '어라?', 0.5781408798705665), ([[107, 243], [251, 243], [251, 287], [107, 287]], '네가 손으로', 0.8012224967241797), ([[955, 249], [1049, 249], [1049, 293], [955, 293]], '이게 다', 0.8717676401138306), ([[83, 284], [252, 284], [252, 329], [83, 329]], '막고 있으니까', 0.9342966630632713), ([[965, 291], [1049, 291], [1049, 335], [965, 335]], '들어온', 0.9988501071929932), ([[127, 327], [249, 327], [249, 371], [127, 371]], '그런 거지,', 0.5831099315183086), ([[946, 330], [1050, 330], [1050, 378], [946, 378]], '건가요?', 0.9996306300163269), ([[60, 366], [254, 366], [254, 416], [60, 416]], '슬슬 진짜 간다?', 0.5472052711022878), ([[939, 375], [1049, 375], [1049, 419], [939, 419]], '얼굴이랑', 0.3657913960682774), ([[902, 414], [1048, 414], [1048, 462], [902, 462]], '안어울리게', 0.9374287387003363), ([[926, 454], [1050, 454], [1050, 504], [926, 504]], '패션여운', 0.13549348711967468), ([[962, 496], [1048, 496], [1048, 544], [962, 544]], '물건올', 0.8164211199511417), ([[29, 533], [83, 533], [83, 575], [29, 575]], '에?', 0.5646686253912804), ([[860, 538], [1054, 538], [1054, 588], [860, 588]], '맞교계세네요?', 0.19715277680891755), ([[28, 568], [94, 568], [94, 618], [28, 618]], "'저기", 0.37430955291768675), ([[27, 657], [65, 657], [65, 701], [27, 701]], '기', 0.9997875803277481), ([[24, 608], [126, 608], [126, 710], [24, 710]], '잔깐관', 0.0013882218308539612), ([[30, 696], [94, 696], [94, 748], [30, 748]], '주실', 0.3037212458398408), ([[84, 708], [118, 708], [118, 732], [84, 732]], '5', 0.14074288542984537)]
[([[911, 201], [951, 201], [951, 247], [911, 247]], '히', 0.9862544516292395), ([[883, 245], [995, 245], [995, 305], [883, 305]], '히의?', 0.4699368030185338), ([[663.6139767535833, 1100.0093187991745], [723.0316716776498, 1092.0668005477276], [751.3860232464167, 1322.9906812008255], [691.9683283223502, 1330.9331994522724]], ';', 0.16571878076101498)]
[([[939, 191], [977, 191], [977, 235], [939, 235]], '후;', 0.6411991303985589), ([[93, 233], [243, 233], [243, 277], [93, 277]], '무슨 소리야;', 0.6404638244187142), ([[898, 230], [984, 230], [984, 278], [898, 278]], '후후후', 0.9961251671706058), ([[109, 275], [247, 275], [247, 319], [109, 319]], '이제부터가', 0.9989984212653397), ([[872, 272], [1040, 272], [1040, 320], [872, 320]], '프로표서 남울', 0.1936673544701171), ([[67, 316], [249, 316], [249, 360], [67, 360]], '진짜 지목인데.', 0.3677451053933713), ([[911, 317], [999, 317], [999, 359], [911, 359]], '제물로', 0.6392387747764587), ([[858, 356], [1056, 356], [1056, 406], [858, 406]], '삼아버리다니: " ,', 0.5003611033681216), ([[890, 398], [1020, 398], [1020, 446], [890, 446]], '(제가 너문', 0.813005772404229), ([[862, 440], [1050, 440], [1050, 488], [862, 488]], '귀어움제죄조', 0.4800594460311444), ([[21, 483], [211, 483], [211, 545], [21, 545]], '히 히이익씩', 0.1086626700390303), ([[888, 520], [1021, 520], [1021, 574], [888, 574]], '단그래도', 0.06407878547906876), ([[882, 564], [1028, 564], [1028, 614], [882, 614]], '다음예]더', 0.012902905173972962), ([[896, 606], [1012, 606], [1012, 654], [896, 654]], '상광하켓', 0.4870849549770355), ([[896, 646], [1016, 646], [1016, 696], [896, 696]], '해준저도', 0.23188897967338562), ([[880, 690], [1038, 690], [1038, 738], [880, 738]], "'되는데요 ?", 0.5254273397587128), ([[685, 1135], [723, 1135], [723, 1273], [685, 1273]], '"', 0.18150598788061334)]
[([[5, 123], [19, 123], [19, 151], [5, 151]], '꼴', 0.36544258437760746), ([[3, 153], [19, 153], [19, 211], [3, 211]], '통', 0.04850347056367199), ([[25, 217], [91, 217], [91, 253], [25, 253]], '[지고8체', 0.022492857516716987)]
[([[914, 342], [1008, 342], [1008, 390], [914, 390]], '어떻나', 0.9821746293202211), ([[885, 385], [1013, 385], [1013, 429], [885, 429]], '프로뉴서?', 0.19427250883205174), ([[848, 424], [1014, 424], [1014, 472], [848, 472]], '내기분증나?', 0.9009800536029973), ([[870, 508], [1010, 508], [1010, 556], [870, 556]], '마지막까지', 0.986076581480962), ([[896, 550], [1010, 550], [1010, 598], [896, 598]], '해주면은', 0.9553864328728429), ([[888, 592], [1012, 592], [1012, 640], [888, 640]], '방금 벗은', 0.9839525422303715), ([[915, 635], [1011, 635], [1011, 679], [915, 679]], '이 빠스', 0.9108911752700806), ([[916, 672], [1012, 672], [1012, 722], [916, 722]], '주꾸마]', 0.3900945484638214), ([[858, 716], [1014, 716], [1014, 764], [858, 764]], '함 힘내바라!', 0.5792086137493301)]
[([[889, 287], [1025, 287], [1025, 347], [889, 347]], '아아양', 0.9180344443767019), ([[300.54836124782287, 256.02557898084115], [336.4432138171673, 265.8328709777461], [313.45163875217713, 351.97442101915885], [277.5567861828327, 342.1671290222539]], '}', 0.03146793433785522), ([[608.548742216893, 1161.0127372390045], [665.0626638893168, 1152.0708925181743], [692.451257783107, 1353.9872627609955], [636.9373361106832, 1361.9291074818257]], '"', 0.016724347298250564), ([[393.4904068309487, 1195.0185735839975], [443.5202959213469, 1183.0193630552628], [479.5095931690513, 1345.9814264160025], [430.4797040786531, 1357.9806369447372]], '~', 0.02364748131325478)]
[([[925, 318], [1046, 318], [1046, 370], [925, 370]], '큰일낫다;', 0.8592379709491462), ([[875, 364], [1045, 364], [1045, 409], [875, 409]], '프로둑서 꺼가', 0.2443190803024456), ([[39, 415], [81, 415], [81, 455], [39, 455]], '이;', 0.9505664324867533), ([[872, 404], [1048, 404], [1048, 452], [872, 452]], '너무 뜨거버가', 0.9899156624409826), ([[33, 452], [164, 452], [164, 504], [33, 504]], '있장아', 0.3807377792125469), ([[890, 446], [1046, 446], [1046, 496], [890, 496]], '문어 삶은 거', 0.5639682981383168), ([[865, 487], [1050, 487], [1050, 540], [865, 540]], '같다 아이가: ,', 0.8546067432877078), ([[38, 538], [136, 538], [136, 586], [38, 586]], '한번더', 0.16299418275704022), ([[900, 528], [1048, 528], [1048, 578], [900, 578]], '우리 속궁합', 0.9972383133757745), ([[34, 572], [212, 572], [212, 633], [34, 633]], '해출숙있나?', 0.43210615389325635), ([[927, 573], [1051, 573], [1051, 617], [927, 617]], '최곤갑네!', 0.5202737186344981), ([[611, 1261], [651, 1261], [651, 1325], [611, 1325]], '79', 0.6436037810874414)]
[([[5, 131], [19, 131], [19, 171], [5, 171]], '질', 0.6625283844593675), ([[2, 170], [20, 170], [20, 213], [2, 213]], '팀', 0.2063169156303113), ([[25, 217], [91, 217], [91, 253], [25, 253]], '묘고8*', 0.06101382523775101)]
[([[695, 0], [903, 0], [903, 201], [695, 201]], ' # {', 0.03222212940454483), ([[74, 280], [190, 280], [190, 328], [74, 328]], '(후후후;', 0.6380711867174114), ([[71, 325], [193, 325], [193, 369], [71, 369]], '록한걸: )', 0.33326825977153557), ([[941, 323], [1007, 323], [1007, 365], [941, 365]], '에이,', 0.3382942350583655), ([[858, 362], [1014, 362], [1014, 412], [858, 412]], '프로준서님', 0.06443863786783607), ([[888, 404], [1012, 404], [1012, 452], [888, 452]], '사양말고', 0.8520966172218323), ([[888, 448], [1010, 448], [1010, 496], [888, 496]], '딱되 짙리', 0.15060207899648465), ([[914, 488], [1014, 488], [1014, 538], [914, 538]], '%제왜', 0.04598068778932062), ([[920, 530], [1014, 530], [1014, 578], [920, 578]], '아무도', 0.14278297428655104), ([[830, 570], [1014, 570], [1014, 622], [830, 622]], '신경안 쓰자', 0.17929000500111583), ([[890, 612], [1016, 612], [1016, 662], [890, 662]], '괜찮아요', 0.7628188133239746), ([[349, 715], [695, 715], [695, 897], [349, 897]], '볕', 0.012718329559700037), ([[126.79734707610525, 19.04259377308406], [307.8255744351437, 47.681205455836015], [280.20265292389473, 193.95740622691594], [98.17442556485626, 165.31879454416398]], "'", 0.5795729217203558)]
[([[88, 14], [360, 14], [360, 232], [88, 232]], "차'", 0.009882034998992343), ([[695, 0], [903, 0], [903, 199], [695, 199]], '대', 0.039462889133975665), ([[819, 265], [987, 265], [987, 327], [819, 327]], '우표-쫓', 0.11342412986047022), ([[349, 712], [696, 712], [696, 899], [349, 899]], '좁어', 0.005877318169723658)]
[([[93, 22], [305, 22], [305, 190], [93, 190]], "'", 0.5473847909698293), ([[695, 0], [903, 0], [903, 203], [695, 203]], '대', 0.02922713110092534), ([[884, 370], [998, 370], [998, 418], [884, 418]], '타이브틀', 0.12735828757286072), ([[886, 414], [998, 414], [998, 462], [886, 462]], '즐기면선', 0.759208755483772), ([[911, 457], [999, 457], [999, 501], [911, 501]], '스립도', 0.09951031904616967), ([[904, 496], [1002, 496], [1002, 546], [904, 546]], '즐기', 0.8932333020963316), ([[826, 536], [1006, 536], [1006, 592], [826, 592]], '일적이터요', 0.06191290188029952), ([[909, 581], [997, 581], [997, 625], [909, 625]], '헤헤)', 0.23227751293418167), ([[792, 662], [998, 662], [998, 714], [792, 714]], '프로륭세웨터에', 0.055363852255316016), ([[824, 704], [1002, 704], [1002, 756], [824, 756]], '최교의순간을', 0.5786395459001652), ([[874, 746], [1002, 746], [1002, 796], [874, 796]], '명험할수', 0.2012704461812973), ([[349, 713], [691, 713], [691, 897], [349, 897]], "'", 0.012508174434945118), ([[876, 788], [1002, 788], [1002, 836], [876, 836]], ')없어왜', 0.052332259714603424), ([[878, 828], [1002, 828], [1002, 878], [878, 878]], '특화페요', 0.09395630688049723)]
[([[3, 57], [19, 57], [19, 117], [3, 117]], '8', 0.008561708007659485), ([[3, 117], [19, 117], [19, 201], [3, 201]], '#', 0.010818645981469699), ([[26, 220], [90, 220], [90, 252], [26, 252]], '[문고8궁', 0.021453454094205567)]
[([[912, 296], [1000, 296], [1000, 344], [912, 344]], '우후후', 0.9953292438652069), ([[915, 341], [1001, 341], [1001, 385], [915, 385]], '이멘트', 0.36500531187186097), ([[870, 380], [1044, 380], [1044, 428], [870, 428]], '시작할 때까진', 0.8796800244034739), ([[897, 425], [1017, 425], [1017, 469], [897, 469]], '시간이 좀', 0.8221600822073915), ([[901, 467], [1015, 467], [1015, 509], [901, 509]], '있으니까', 0.7284083962440491), ([[887, 507], [1031, 507], [1031, 551], [887, 551]], '그동안 양껏', 0.9970195394679232), ([[895, 549], [1023, 549], [1023, 593], [895, 593]], '즐겨올까?', 0.6135702737242871), ([[870, 630], [1048, 630], [1048, 678], [870, 678]], '프로뉴서; 절대', 0.5075711282661935), ([[887, 673], [1031, 673], [1031, 717], [887, 717]], '후회 안하게', 0.9867261448567536), ([[885, 715], [1031, 715], [1031, 759], [885, 759]], '해줄 테니까', 0.8650178662669946), ([[886, 753], [1026, 753], [1026, 805], [886, 805]], '잘 부탁해 ^', 0.7480455752663836)]
[([[697, 137], [735, 137], [735, 189], [697, 189]], '(', 0.28421690936525934), ([[918, 288], [1018, 288], [1018, 342], [918, 342]], '아양]', 0.25210955412959707), ([[662, 338], [714, 338], [714, 463], [662, 463]], '예', 0.03530259914522049), ([[366, 1266], [438, 1266], [438, 1380], [366, 1380]], '1', 0.03324755356316289)]
[([[900, 268], [964, 268], [964, 316], [900, 316]], '후우', 0.9912675929098284), ([[79, 329], [187, 329], [187, 371], [79, 371]], '왜 그래?', 0.9971939980169702), ([[866, 310], [1006, 310], [1006, 358], [866, 358]], '프로둑서가', 0.227778611934744), ([[49, 369], [217, 369], [217, 413], [49, 413]], '더 하고 싶어?', 0.9587000090281421), ([[834, 352], [1036, 352], [1036, 400], [834, 400]], '계속 쳐다보니까', 0.9888456372661615), ([[56, 408], [202, 408], [202, 456], [56, 456]], '그럼 솔직히', 0.9997977353975963), ([[862, 394], [1008, 394], [1008, 442], [862, 442]], '좀 달아올라', 0.9890012324161038), ([[29, 453], [227, 453], [227, 497], [29, 497]], '하고 싶다 그래 }', 0.3339049703383296), ([[887, 439], [981, 439], [981, 483], [887, 483]], '버럿네,', 0.19423118233680725), ([[62, 492], [200, 492], [200, 540], [62, 540]], '프로뉴서름', 0.13802990174794605), ([[63, 535], [199, 535], [199, 579], [63, 579]], '위해서라면', 0.9983595370241753), ([[43, 577], [221, 577], [221, 621], [43, 621]], '얼마듣지 할 수', 0.4722847642003937), ([[69, 619], [193, 619], [193, 663], [69, 663]], "'있으니까", 0.8214134593187323), ([[343.6437647500604, 1207.0127065008464], [385.68873562991917, 1202.0476628515337], [404.3562352499396, 1356.9872934991536], [363.31126437008083, 1362.9523371484663]], '"', 0.545561944989803)]
[([[3, 71], [19, 71], [19, 213], [3, 213]], "'", 0.991303479661898), ([[57, 145], [109, 145], [109, 181], [57, 181]], '(류구', 0.013326908547643177), ([[26, 220], [90, 220], [90, 252], [26, 252]], '[문고8궁', 0.025756152706456942)]
[([[965, 103], [1001, 103], [1001, 143], [965, 143]], '앗', 0.3808717054051982), ([[905, 185], [1031, 185], [1031, 229], [905, 229]], '저어; 이제', 0.8710809859802531), ([[861, 225], [1031, 225], [1031, 269], [861, 269]], '나가야 되는데', 0.8666240368979549), ([[58, 280], [176, 280], [176, 328], [58, 328]], '네네옛]', 0.2740860879421234), ([[845, 269], [1033, 269], [1033, 313], [845, 313]], '이래도 되나요?', 0.9973201217562466), ([[754, 340], [844, 340], [844, 388], [754, 388]], '긴장을', 0.7521465847161661), ([[752, 336], [884, 336], [884, 436], [752, 436]], '킬장월표', 0.013446083292365074), ([[756, 424], [876, 424], [876, 472], [756, 472]], '싶엇거든', 0.7581830024719238), ([[754, 508], [872, 508], [872, 556], [754, 556]], '그나저나', 0.9991171956062317), ([[756, 550], [916, 550], [916, 600], [756, 600]], '이 엉덩이 참', 0.6635813509084058), ([[757, 593], [877, 593], [877, 637], [757, 637]], '탄력 있고', 0.4426694550522734), ([[756, 634], [904, 634], [904, 682], [756, 682]], '좁짓한 데다', 0.24427897186865544), ([[754, 672], [902, 672], [902, 724], [754, 724]], '분드리운게', 0.5245354126188082), ([[752, 714], [912, 714], [912, 766], [752, 766]], '역시 최고야!', 0.7465140030065488), ([[470, 703], [726, 703], [726, 886], [470, 886]], '(유전', 0.01057603705900534), ([[752, 758], [872, 758], [872, 806], [752, 806]], '자신있게', 0.11828281730413437), ([[756, 800], [846, 800], [846, 848], [756, 848]], '나가자', 0.9889122204676228), ([[756, 838], [854, 838], [854, 888], [756, 888]], '우즈키] ', 0.6019148212975728), ([[908, 1192], [956, 1192], [956, 1256], [908, 1256]], '7', 0.9523609056067386)]
[([[245, 169], [289, 169], [289, 215], [245, 215]], '~', 0.5476690885399513), ([[880, 250], [982, 250], [982, 306], [880, 306]], '까앗]', 0.24635768900988245), ([[470, 703], [724, 703], [724, 887], [470, 887]], '(유컷', 0.025381513691458725), ([[696, 1171], [775, 1171], [775, 1388], [696, 1388]], '"', 0.07122084927368988), ([[899, 1253], [963, 1253], [963, 1371], [899, 1371]], '"', 0.07736879424192011)]
[([[977, 233], [1037, 233], [1037, 277], [977, 277]], '후우', 0.9878637507138082), ([[874, 314], [1046, 314], [1046, 362], [874, 362]], '자; 나가야지?', 0.919404331192289), ([[25, 359], [99, 359], [99, 403], [25, 403]], '네옛', 0.45010382782633346), ([[900, 356], [1044, 356], [1044, 404], [900, 404]], '팬 여러분의', 0.45172471676278747), ([[24, 398], [146, 398], [146, 452], [24, 452]], '시혜문화', 0.032570865005254745), ([[955, 401], [1043, 401], [1043, 443], [955, 443]], '기대에', 0.997129014592729), ([[26, 440], [124, 440], [124, 488], [26, 488]], '운춧키', 0.5707584224827081), ([[892, 438], [1048, 438], [1048, 488], [892, 488]], '부응하고 와!', 0.9072773578934324), ([[26, 482], [114, 482], [114, 530], [26, 530]], '힘차제', 0.45441369356456257), ([[26, 524], [188, 524], [188, 574], [26, 574]], '다녀올게요)', 0.5734393210223252), ([[470, 703], [724, 703], [724, 887], [470, 887]], '(유컷', 0.025381513691458725)]
[([[5, 119], [19, 119], [19, 149], [5, 149]], '골', 0.46440701606485746), ([[3, 149], [19, 149], [19, 213], [3, 213]], '@', 0.07526533196688945), ([[25, 217], [91, 217], [91, 253], [25, 253]], '묘고8체', 0.05811411142349243)]
[([[859, 329], [921, 329], [921, 373], [859, 373]], '으응', 0.9995829402644666), ([[859, 371], [949, 371], [949, 415], [859, 415]], '괜찮아;', 0.6907424926757812), ([[833, 411], [979, 411], [979, 455], [833, 455]], '안 아프니까', 0.9881509244473469), ([[844, 452], [966, 452], [966, 500], [844, 500]], '계속해쥐.', 0.9583693659068272), ([[633, 1279], [669, 1279], [669, 1345], [633, 1345]], '7', 0.022776051404760134)]
[([[120, 204], [169, 204], [169, 357], [120, 357]], '1', 0.1253197573552436), ([[871, 297], [915, 297], [915, 343], [871, 343]], '으', 0.9847161373036215), ([[860, 342], [960, 342], [960, 398], [860, 398]], '까앗]', 0.1632202686576695), ([[60, 1002], [134, 1002], [134, 1094], [60, 1094]], ')', 0.41677083473246057), ([[880.6431380083256, 1124.0070778098052], [948.360806475159, 1132.6510491774998], [915.3568619916744, 1393.9929221901948], [846.639193524841, 1385.3489508225002]], '', 0.0)]
[([[941, 207], [977, 207], [977, 251], [941, 251]], '응', 0.9993809227938897), ([[863, 249], [981, 249], [981, 293], [863, 293]], '수고햇어', 0.4619140028953552), ([[863, 333], [981, 333], [981, 377], [863, 377]], '굳이 신경', 0.9990965029375583), ([[821, 375], [979, 375], [979, 417], [821, 417]], '안 새취도 돼,', 0.27185182817493514), ([[847, 415], [983, 415], [983, 459], [847, 459]], '프로뉴서랑', 0.22804603324655953), ([[887, 457], [981, 457], [981, 501], [887, 501]], '하는 건', 0.4184515735697717), ([[838, 498], [984, 498], [984, 546], [838, 546]], '좋아하니까.', 0.8518521436384513), ([[796, 580], [980, 580], [980, 632], [796, 632]], '"이유같은건;', 0.6253449001617948), ([[830, 624], [986, 624], [986, 672], [830, 672]], "'필요없잡아?", 0.6643030769206508), ([[607, 1297], [669, 1297], [669, 1397], [607, 1397]], '때', 0.01743160881693484)]
[([[3, 109], [19, 109], [19, 211], [3, 211]], "'", 0.8233491455956745), ([[25, 217], [91, 217], [91, 253], [25, 253]], '묘고8체', 0.0455985963344574)]
[([[846, 214], [1026, 214], [1026, 262], [846, 262]], '역시 허구헌 날', 0.4403854119056792), ([[913, 257], [1025, 257], [1025, 301], [913, 301]], '사랑이나', 0.9962379336357117), ([[846, 296], [1024, 296], [1024, 344], [846, 344]], '빨고 있는 만큼', 0.6057015559082998), ([[912, 338], [1026, 338], [1026, 386], [912, 386]], '혀놀림은', 0.8039318919181824), ([[905, 379], [1026, 379], [1026, 429], [905, 429]], '죽이는결,', 0.07482606830437465), ([[863, 465], [1025, 465], [1025, 509], [863, 509]], '자; 쉬지 말고', 0.6571803817041159), ([[904, 504], [1024, 504], [1024, 552], [904, 552]], '계속해쥐', 0.8176110982894897)]
[([[893, 255], [1003, 255], [1003, 315], [893, 315]], '우움:?', 0.620136559009552), ([[233, 1095], [273, 1095], [273, 1187], [233, 1187]], '죽', 0.17885355280624537), ([[454, 1098], [508, 1098], [508, 1198], [454, 1198]], '^', 0.012830155265355414), ([[451, 1192], [505, 1192], [505, 1291], [451, 1291]], '1', 0.8724710480415219), ([[339.98198161801105, 259.349548530431], [476.24264068711926, 192.7573593128807], [495.01801838198895, 242.65045146956902], [358.75735931288074, 310.24264068711926]], '(스', 0.10910592980398642)]
[([[925, 267], [1045, 267], [1045, 311], [925, 311]], '정액 맛은', 0.9935758869484055), ([[969, 311], [1047, 311], [1047, 353], [969, 353]], '어때?', 0.9999289035811892), ([[925, 351], [1045, 351], [1045, 395], [925, 395]], '사양 말고', 0.9976260563272268), ([[50, 370], [116, 370], [116, 418], [50, 418]], '우우:', 0.5189181982927462), ([[918, 390], [1046, 390], [1046, 438], [918, 438]], '쭉쭉 마서.', 0.935746644750992), ([[49, 415], [111, 415], [111, 459], [49, 459]], '네혜', 0.3193522406243203), ([[38, 496], [162, 496], [162, 544], [38, 544]], '(틈올-화서', 0.5921163913468995), ([[27, 541], [173, 541], [173, 585], [27, 585]], '도망치자:  )', 0.28220907820006935), ([[432, 1074], [506, 1074], [506, 1204], [432, 1204]], '"', 0.25167087813157707)]
[([[3, 111], [19, 111], [19, 135], [3, 135]], '초', 0.8142787809302696), ([[3, 135], [19, 135], [19, 213], [3, 213]], '"', 0.03263756519267247), ([[25, 217], [91, 217], [91, 253], [25, 253]], '묘고8*', 0.04703280329704285)]
[([[907, 203], [967, 203], [967, 247], [907, 247]], '후후', 0.9985514674086843), ([[875, 245], [1005, 245], [1005, 287], [875, 287]], '어떠세요?', 0.9986713603638419), ([[896, 284], [982, 284], [982, 332], [896, 332]], '오늘은', 0.9990914896807551), ([[882, 326], [996, 326], [996, 374], [882, 374]], '평소량은', 0.2572770118713379), ([[854, 368], [1024, 368], [1024, 416], [854, 416]], '다른 분위기로', 0.9725382548091381), ([[883, 411], [993, 411], [993, 455], [883, 455]], '첫걸음의', 0.9969185590744019), ([[895, 453], [981, 453], [981, 497], [895, 497]], '성과흘', 0.22783401608467102), ([[855, 495], [1021, 495], [1021, 539], [855, 539]], '보여드컵게요', 0.5544192143859532), ([[864, 576], [1016, 576], [1016, 626], [864, 626]], '프로뉴서 님', 0.16588517453528595), ([[895, 621], [981, 621], [981, 663], [895, 663]], '저한례', 0.45486266985179), ([[866, 658], [1018, 658], [1018, 710], [866, 710]], "'맡계주세요", 0.2765805746632381)]
[([[798, 300], [930, 300], [930, 354], [798, 354]], '까아 %', 0.1319364458322525), ([[383.4765760774098, 1235.027472735393], [423.4257980013123, 1224.0181633846464], [453.5234239225902, 1339.972527264607], [413.5742019986877, 1350.9818366153536]], '7', 0.41469860548772886)]
[([[922, 254], [984, 254], [984, 302], [922, 302]], '후우;', 0.7991181026302324), ([[898, 296], [1012, 296], [1012, 344], [898, 344]], '익숙하지', 0.9950160980224609), ([[26, 342], [224, 342], [224, 390], [26, 390]], '바이올린 말고도', 0.953041317476557), ([[908, 338], [970, 338], [970, 386], [908, 386]], '않은', 0.9928627493222386), ([[57, 385], [193, 385], [193, 429], [57, 429]], '이렇계까지', 0.4408130867520577), ([[906, 336], [1008, 336], [1008, 434], [906, 434]], '양표력', 0.02452851990946209), ([[36, 424], [216, 424], [216, 472], [36, 472]], '열중할 만한 게', 0.9913723074112419), ([[883, 425], [997, 425], [997, 469], [883, 469]], '힘드데요:', 0.7032890662662362), ([[32, 466], [192, 466], [192, 516], [32, 516]], '있늘 줄이야', 0.37866689152017613), ([[909, 467], [999, 467], [999, 509], [909, 509]], '그래도', 0.9999254623389915), ([[870, 506], [1042, 506], [1042, 554], [870, 554]], '프로뉴서 남의', 0.45957792264428), ([[48, 548], [200, 548], [200, 598], [48, 598]], '프로규서 님', 0.1230847205569411), ([[911, 549], [1003, 549], [1003, 593], [911, 593]], '열기가', 0.9994379231834479), ([[36, 590], [214, 590], [214, 638], [36, 638]], '좀다 다양한 걸', 0.22145870262400622), ([[884, 590], [1028, 590], [1028, 638], [884, 638]], '전해적완세', 0.298312390503685), ([[38, 634], [206, 634], [206, 682], [38, 682]], '가르처주세요', 0.4706215555245638), ([[923, 633], [989, 633], [989, 677], [923, 677]], '전눕', 0.022583579443292683), ([[18, 674], [238, 674], [238, 728], [18, 728]], '전도힘다터괴까', 0.004404461750648859), ([[876, 671], [1030, 671], [1030, 721], [876, 721]], '리뻐달이다', 0.21191688986692422), ([[597.3720990679193, 1228.0395826365625], [634.1482440864996, 1223.133632204835], [647.6279009320807, 1316.9604173634375], [610.8517559135004, 1321.866367795165]], '7', 0.9991112538830329)]
[([[3, 67], [19, 67], [19, 117], [3, 117]], '위', 0.05463018111619622), ([[3, 115], [19, 115], [19, 215], [3, 215]], '@', 0.0072534581945343235), ([[25, 217], [91, 217], [91, 253], [25, 253]], '[묘고8*', 0.032018777493078014)]
[([[33, 307], [149, 307], [149, 369], [33, 369]], '그래겪', 0.0014127745126613878), ([[33, 359], [145, 359], [145, 419], [33, 419]], '괜문', 0.025162198386066148), ([[27, 407], [247, 407], [247, 471], [27, 471]], '퀴라리랑 같이', 0.10475100971028961), ([[924, 402], [994, 402], [994, 450], [924, 450]], '숲와', 0.8555848390259241), ([[29, 459], [281, 459], [281, 521], [29, 521]], '해피해피해지자', 0.9910837659636409), ([[986, 452], [1054, 452], [1054, 506], [986, 506]], '?빵', 0.03163422134137404), ([[31, 509], [203, 509], [203, 569], [31, 569]], "'마지막까지", 0.4439558460886337), ([[910, 500], [1058, 500], [1058, 556], [910, 556]], '너무-세체', 0.530550066518296), ([[31, 557], [203, 557], [203, 617], [31, 617]], '해줄 거장', 0.9238857311747786), ([[901, 547], [1067, 547], [1067, 611], [901, 611]], '하지마 @', 0.0383486735802781), ([[825, 597], [1065, 597], [1065, 659], [825, 659]], '사라 어봉', 0.0057211133825780984), ([[429, 1261], [465, 1261], [465, 1301], [429, 1301]], '7', 0.46462825361517446)]
[([[318, 190], [348, 190], [348, 240], [318, 240]], ')', 0.6981230021950893), ([[861, 343], [957, 343], [957, 411], [861, 411]], '우까', 0.9735440080237382), ([[714, 420], [746, 420], [746, 506], [714, 506]], '#', 0.015163745802711459), ([[376, 1166], [456, 1166], [456, 1360], [376, 1360]], '새', 0.0962861593648654), ([[580.5151340614445, 1158.0117616657576], [657.8948626470112, 1147.1811662836687], [688.4848659385555, 1383.9882383342424], [610.1051373529888, 1394.8188337163313]], '#', 0.015067123310130492)]
[([[929, 267], [1051, 267], [1051, 329], [929, 329]], '예해햇', 0.4889033613163914), ([[24, 302], [136, 302], [136, 358], [24, 358]], '또)야', 0.007308138482728076), ([[900, 316], [1052, 316], [1052, 379], [900, 379]], '수필습', 0.18568791466071358), ([[23, 349], [131, 349], [131, 413], [23, 413]], '어어_', 0.40885900093549576), ([[876, 366], [1051, 366], [1051, 428], [876, 428]], '수고해생심', 0.36571173339126106), ([[23, 395], [170, 395], [170, 460], [23, 460]], '앞의로도', 0.39000263810157776), ([[23, 449], [229, 449], [229, 511], [23, 511]], '[장이탕 같이', 0.23066536026529774), ([[900, 470], [1040, 470], [1040, 526], [900, 526]], "'있지있지", 0.7945635783631566), ([[26, 502], [166, 502], [166, 558], [26, 558]], "'해피해피_", 0.9214644678676038), ([[937, 519], [1047, 519], [1047, 579], [937, 579]], '리라리', 0.09211593876168198), ([[26, 551], [181, 551], [181, 607], [26, 607]], '하고 시페', 0.8815551180979935), ([[939, 566], [1053, 566], [1053, 627], [939, 627]], '몸으로', 0.7245420813560486), ([[929, 617], [1047, 617], [1047, 677], [929, 677]], '아프거', 0.7371247410774231), ([[26, 652], [168, 652], [168, 708], [26, 708]], '까-앗', 0.5830077686062225), ([[921, 667], [1053, 667], [1053, 727], [921, 727]], '@있어?', 0.046221110969781876), ([[27, 701], [199, 701], [199, 761], [27, 761]], '말해버럿냉;', 0.10753624802245478), ([[28, 750], [176, 750], [176, 806], [28, 806]], '부끄러!', 0.9365869760513306), ([[601, 1213], [661, 1213], [661, 1347], [601, 1347]], '셋', 0.6425873723379141)]
[([[1, 89], [19, 89], [19, 153], [1, 153]], '용', 0.10315958900847111), ([[3, 153], [19, 153], [19, 213], [3, 213]], '용', 0.28978900527363294), ([[26, 220], [90, 220], [90, 252], [26, 252]], '[문고8궁', 0.020086353045436194)]
[([[147, 243], [237, 243], [237, 287], [147, 287]], '괜찮아,', 0.49752193689346313), ([[872, 258], [1032, 258], [1032, 308], [872, 308]], '후아" 혹;",', 0.47045923255468997), ([[73, 281], [242, 281], [242, 333], [73, 333]], '기분증으니까', 0.7806163071851036), ([[153, 327], [239, 327], [239, 371], [153, 371]], '그대로', 0.9999958704702177), ([[892, 342], [1002, 342], [1002, 390], [892, 390]], '저; 저기,', 0.5957141401913827), ([[118, 366], [242, 366], [242, 416], [118, 416]], '계속해쥐.', 0.49360831169032593), ([[874, 384], [1024, 384], [1024, 434], [874, 434]], '프로둑서 님', 0.2126315845537678), ([[872, 426], [1028, 426], [1028, 474], [872, 474]], "'어떠신가요?", 0.9741339580248504), ([[17, 473], [121, 473], [121, 517], [17, 517]], '네네에;', 0.41596049070358276), ([[888, 468], [1012, 468], [1012, 516], [888, 516]], '이런 일은', 0.9895079874133088), ([[16, 512], [192, 512], [192, 564], [16, 564]], '프로뉴서 넘이', 0.15730176356302863), ([[858, 508], [1042, 508], [1042, 558], [858, 558]], '해본 적 없어서', 0.7905147996350264), ([[16, 554], [104, 554], [104, 602], [16, 602]], '마음에', 0.958735915563029), ([[903, 553], [993, 553], [993, 597], [903, 597]], '기대에', 0.9959073662757874), ([[16, 596], [170, 596], [170, 646], [16, 646]], '드신다면: %', 0.3567093055374645), ([[890, 592], [1012, 592], [1012, 640], [890, 640]], '부응할 수', 0.7846537761530346), ([[906, 634], [994, 634], [994, 682], [906, 682]], '있들지', 0.04620180829818968), ([[863, 674], [1004, 674], [1004, 725], [863, 725]], '모르켓네요', 0.39721046384401565)]
[([[881, 159], [1039, 159], [1039, 219], [881, 219]], '안되켓다,', 0.4715941097989302), ([[938, 210], [1038, 210], [1038, 266], [938, 266]], '산다', 0.3038046995175541), ([[840, 304], [908, 304], [908, 358], [840, 358]], '네?', 0.9842542881349583), ([[841, 401], [997, 401], [997, 463], [841, 463]], '맛, 까악)', 0.12442832737923776), ([[26.024285759686293, 899.0477147488002], [178.62900295721067, 935.3014259228199], [155.9757142403137, 1020.9522852511998], [2.370997042789332, 984.6985740771801]], '-~', 0.02418904871532739), ([[658.1447151510638, 1285.0458509048938], [720.334453144719, 1272.3481813589767], [741.8552848489362, 1393.9541490951062], [679.665546855281, 1405.6518186410233]], '술', 0.08876370686499513)]
[([[858, 325], [972, 325], [972, 373], [858, 373]], '프로뉴서', 0.18410934507846832), ([[960, 280], [1034, 280], [1034, 380], [960, 380]], '훈흘', 0.12447953112434194), ([[874, 368], [1028, 368], [1028, 418], [874, 418]], '가게 하다니,', 0.6528973154934733), ([[852, 410], [1032, 410], [1032, 458], [852, 458]], '웬지 제 자신이', 0.4292860051836562), ([[37, 463], [79, 463], [79, 505], [37, 505]], '아;', 0.42645700492860705), ([[858, 452], [1028, 452], [1028, 500], [858, 500]], '자랑스럽네요', 0.8357262229954274), ([[35, 500], [180, 500], [180, 552], [35, 552]], '알앗으니까', 0.1805694660411608), ([[38, 544], [222, 544], [222, 594], [38, 594]], '일단 멈취화  .', 0.32616528595774297), ([[826, 534], [1032, 534], [1032, 582], [826, 582]], "'제 용감한 모습올", 0.6798047276529412), ([[887, 579], [1029, 579], [1029, 623], [887, 623]], '그대로 눈에', 0.9533704897250321), ([[886, 616], [1034, 616], [1034, 666], [886, 666]], '새겨주세요', 0.9514143952424643), ([[810, 660], [1030, 660], [1030, 712], [810, 712]], '당신올 위해서라면', 0.6154646685243161), ([[882, 702], [1002, 702], [1002, 750], [882, 750]], '어떤 일이', 0.9458033375843281), ([[910, 744], [1000, 744], [1000, 792], [910, 792]], '도전할', 0.9990934853779331), ([[998, 704], [1030, 704], [1030, 788], [998, 788]], '듯', 0.13543382736486453), ([[936, 786], [1034, 786], [1034, 834], [936, 834]], "'있어요", 0.5104954838752747), ([[434, 1250], [488, 1250], [488, 1360], [434, 1360]], '#', 0.0906611476307404), ([[622, 1240], [676, 1240], [676, 1384], [622, 1384]], '속', 0.11873317511600678)]
[([[5, 105], [19, 105], [19, 145], [5, 145]], '물', 0.1858304148554204), ([[3, 165], [19, 165], [19, 213], [3, 213]], '톤', 0.14834342688936886), ([[25, 217], [91, 217], [91, 253], [25, 253]], '[묘고8체', 0.028518777053765387)]
[([[167, 73], [279, 73], [279, 117], [167, 117]], '타구미도', 0.49842265248298645), ([[193, 115], [277, 115], [277, 159], [193, 159]], '조임이', 0.9370836019515991), ([[100, 154], [280, 154], [280, 202], [100, 202]], '심상치 않은데.', 0.7647752219975438), ([[850, 162], [1032, 162], [1032, 212], [850, 212]], '혜넷 왜 그래?', 0.18229920518561346), ([[885, 207], [997, 207], [997, 251], [885, 251]], '움직임이', 0.9998366236686707), ([[160, 238], [280, 238], [280, 286], [160, 286]], '혹시 너도', 0.9997730600441322), ([[864, 246], [1018, 246], [1018, 294], [864, 294]], '시원참은데.', 0.3773083833491492), ([[104, 280], [256, 280], [256, 328], [104, 328]], '경험은 그닥:', 0.9449679545058409), ([[884, 330], [998, 330], [998, 378], [884, 378]], '프로뉴서', 0.19631674885749817), ([[868, 370], [1014, 370], [1014, 420], [868, 420]], '씩이나 돼서', 0.7373483175030169), ([[864, 412], [1018, 412], [1018, 460], [864, 460]], '별로 해본 적', 0.6049074791942942), ([[18, 402], [172, 402], [172, 524], [18, 524]], '시_네', 0.5155912702788829), ([[875, 457], [1011, 457], [1011, 501], [875, 501]], '없는 거나?', 0.7196363415404563), ([[892, 496], [986, 496], [986, 544], [892, 544]], '짜아식', 0.9984915660357512), ([[28, 512], [100, 512], [100, 568], [28, 568]], '닥치', 0.9866839427458369), ([[22, 557], [108, 557], [108, 620], [22, 620]], '허리', 0.9998223978000269), ([[19, 507], [153, 507], [153, 675], [19, 675]], '달교', 0.025343881919954972), ([[546, 1184], [620, 1184], [620, 1320], [546, 1320]], '쥐', 0.12300549274084549), ([[877.4354515597786, 1236.0319737260513], [946.7168624076387, 1299.3413231094019], [915.5645484402214, 1333.9680262739487], [846.2831375923613, 1270.6586768905981]], '외새', 0.02592751953255777)]
[([[847, 331], [983, 331], [983, 393], [847, 393]], '까아양', 0.4062381886960222), ([[566, 1240], [644, 1240], [644, 1396], [566, 1396]], '0', 0.43032757807465316), ([[876.4354515597786, 1236.0319737260513], [945.7110734513957, 1299.324951661726], [915.5645484402214, 1333.9680262739487], [846.2889265486043, 1270.675048338274]], '외새', 0.21637357411142813)]
[([[25, 177], [167, 177], [167, 221], [25, 221]], '그건 그렇고', 0.98876283353722), ([[22, 216], [170, 216], [170, 264], [22, 264]], '꽤나 귀여운', 0.5326757944192867), ([[829, 209], [895, 209], [895, 253], [829, 253]], '어라', 0.9683975489672826), ([[56, 256], [168, 256], [168, 308], [56, 308]], '목소리드', 0.7198579907417297), ([[833, 251], [923, 251], [923, 295], [833, 295]], '너 방금', 0.9425631055260568), ([[138, 276], [220, 276], [220, 330], [138, 330]], '떠들', 0.95399518575756), ([[834, 294], [866, 294], [866, 336], [834, 336]], '갖', 0.24060893525734173), ([[137, 271], [261, 271], [261, 387], [137, 387]], '더욱욱', 0.015171361553766863), ([[852, 306], [908, 306], [908, 360], [852, 360]], "'아;", 0.9814855912840554), ([[144, 374], [222, 374], [222, 430], [144, 430]], '진짜', 0.9984258411709263), ([[851, 353], [1019, 353], [1019, 415], [851, 415]], '아니거튼', 0.36690497398376465), ([[145, 423], [337, 423], [337, 487], [145, 487]], '죽여버림터', 0.05272042571555543), ([[847, 403], [1047, 403], [1047, 465], [847, 465]], '기분 탓이야', 0.9773849422786884), ([[143, 473], [269, 473], [269, 535], [143, 535]], '알앗내', 0.1293504062871478), ([[847, 453], [985, 453], [985, 513], [847, 513]], '기분 탓!', 0.8339011511939105), ([[144, 526], [220, 526], [220, 580], [144, 580]], '엉?', 0.9417115913498273), ([[565, 1269], [603, 1269], [603, 1331], [565, 1331]], '7', 0.47301594303013417), ([[876.4354515597786, 1236.0319737260513], [945.7110734513957, 1299.324951661726], [915.5645484402214, 1333.9680262739487], [846.2889265486043, 1270.675048338274]], '외새', 0.21637357411142813)]
[([[3, 87], [19, 87], [19, 143], [3, 143]], '콩', 0.3721253236310673), ([[5, 143], [19, 143], [19, 213], [5, 213]], "'", 0.2159066065130597), ([[26, 222], [90, 222], [90, 252], [26, 252]], "'묘 87", 0.00220446963293556)]
[]
[([[425, 35], [977, 35], [977, 191], [425, 191]], '역식자 후기', 0.8781681647932726), ([[417, 291], [983, 291], [983, 399], [417, 399]], '안녕 닮이라고 한다', 0.6727367095675676), ([[101, 378], [1293, 378], [1293, 488], [101, 488]], '파오후 시절엔 이도저도 다 하기 싫어든데', 0.3639291577242518), ([[406, 468], [994, 468], [994, 573], [406, 573]], '운동 좀 하다 보니까', 0.9611748485339368), ([[187, 555], [1213, 555], [1213, 663], [187, 663]], '사라져다 근성이 돌아오는 느낌이다', 0.5375100885640511), ([[217, 640], [1181, 640], [1181, 752], [217, 752]], '내가 연타석으로 조질수 있없다니', 0.5757468340719558), ([[313, 821], [1089, 821], [1089, 929], [313, 929]], '허나 아직도 세개가 남있다', 0.7856065795836168), ([[525, 1001], [623, 1001], [623, 1063], [525, 1063]], '생띄', 0.1261722694872161), ([[636, 1014], [828, 1014], [828, 1064], [636, 1064]], '까위토@7토엉', 0.0010869838932513628), ([[820, 1002], [908, 1002], [908, 1078], [820, 1078]], '02', 0.99774142381534), ([[1146, 1174], [1381, 1174], [1381, 1240], [1146, 1240]], '@피때스', 0.05122480168938637), ([[175, 1359], [357, 1359], [357, 1375], [175, 1375]], '메소}[눈오 거문디9', 0.004009642397767885), ([[967, 1342], [1104, 1342], [1104, 1373], [967, 1373]], '없이어물올 목포로 발장중인', 0.005842979286372384), ([[977, 1360], [1152, 1360], [1152, 1388], [977, 1388]], '"현스럽 아이들-다7신입 렉스 심해경', 0.007420458691975562), ([[1300, 1344], [1386, 1344], [1386, 1374], [1300, 1374]], '@답어전출닫', 0.00010215602237603058), ([[1357, 1369], [1385, 1369], [1385, 1385], [1357, 1385]], '(33', 0.6511349678039551), ([[41, 1349], [468, 1349], [468, 1441], [41, 1441]], '생띄 트@트& "', 0.011044395225015624), ([[675, 1393], [697, 1393], [697, 1405], [675, 1405]], "'형", 0.005239805114963511), ([[688, 1408], [734, 1408], [734, 1416], [688, 1416]], '화1음사-', 0.0006459254551212629), ([[626, 1526], [770, 1526], [770, 1628], [626, 1628]], '시팔', 0.9441069224651412), ([[1011, 1769], [1361, 1769], [1361, 1855], [1011, 1855]], '2015 06 14', 0.9958457735968979), ([[1280, 1858], [1352, 1858], [1352, 1948], [1280, 1948]], '닭', 0.9999445684485444), ([[3.460503084076049, 1014.3657104858586], [180.7956702744374, 990.5024979185938], [185.53949691592396, 1065.6342895141415], [9.204329725562596, 1089.497502081406]], '뼈)드', 0.0391586967532203), ([[486.1132466948843, 1333.0437916183316], [667.8997240193236, 1376.6602565992416], [645.8867533051157, 1451.9562083816684], [464.1002759806765, 1407.3397434007584]], '뼈*', 0.030982476095473912), ([[815.3615361589619, 1409.8530753112734], [920.897366596101, 1397.3675444679664], [922.6384638410381, 1419.1469246887266], [818.102633403899, 1431.6324555320336]], '(제-쪽:0166|', 0.00812395833446276)]
