825840
90
[([[1144, 50], [1514, 50], [1514, 100], [1144, 100]], '제나차 임신대전 발발!', 0.6551742364919513), ([[1241, 113], [1431, 113], [1431, 173], [1241, 173]], '임신해라', 0.9980474710464478), ([[1269, 169], [1403, 169], [1403, 233], [1269, 233]], '렌축-!', 0.13258813403041136), ([[1343, 1118], [1600, 1118], [1600, 1156], [1343, 1156]], "13설:-% 1::'볕몹", 2.5663468059424704e-06), ([[1040, 1154], [1178, 1154], [1178, 1200], [1040, 1200]], '역식:', 0.8914226139224426), ([[1193, 1157], [1319, 1157], [1319, 1199], [1193, 1199]], '느와아', 0.9769498998076868), ([[1354, 1152], [1589, 1152], [1589, 1195], [1354, 1195]], '1-할+)-1-검멋어) 피.[', 1.7457293871198563e-06)]
[([[1373.982685472117, 437.0649466825132], [1560.052607946988, 310.7974881754217], [1592.017314527883, 374.9350533174868], [1404.947392053012, 501.2025118245783]], '((귀', 0.011086484752919906)]
[([[1375.960492276429, 441.0602335772887], [1559.4062209712106, 307.80466993040324], [1593.039507723571, 372.9397664227113], [1409.5937790287894, 507.19533006959676]], '((이', 0.04268825666215077)]
[([[1375.960492276429, 441.0602335772887], [1559.4062209712106, 307.80466993040324], [1593.039507723571, 372.9397664227113], [1409.5937790287894, 507.19533006959676]], '((이', 0.04268825666215077)]
[([[1373.8836873886971, 437.069499109577], [1560.579328305566, 308.9380529838641], [1593.1163126113029, 374.930500890423], [1406.420671694434, 504.0619470161359]], '((_', 0.03341304537902459)]
[([[1373.8836873886971, 437.069499109577], [1560.579328305566, 308.9380529838641], [1593.1163126113029, 374.930500890423], [1406.420671694434, 504.0619470161359]], '((_', 0.03341304537902459)]
[([[1372.982685472117, 437.0649466825132], [1561.0564665790125, 309.8006334407998], [1593.017314527883, 374.9350533174868], [1404.9435334209875, 501.1993665592002]], '((귀', 0.018838413179448777)]
[]
[]
[]
[]
[]
[]
[]
[]
[]
[]
[]
[]
[]
[]
[]
[]
[]
[]
[]
[]
[]
[]
[]
[]
[]
[]
[]
[]
[]
[]
[]
[]
[]
[]
[]
[]
[]
[]
[([[1400, 420], [1452, 420], [1452, 476], [1400, 476]], '5', 0.13010765854858253), ([[1072, 646], [1526, 646], [1526, 696], [1072, 696]], "'오오--엔주장 팬티색은 흰색인가?", 0.28061282946209604), ([[1070, 702], [1528, 702], [1528, 750], [1070, 750]], "'보 보지마 바보! 너데들 적당히하", 0.24280162717738016), ([[1007, 759], [1508, 759], [1508, 810], [1007, 810]], '{이녀석 갑자기 힘이! 어이 합거면 빨리', 0.1992134257092021), ([[1112, 816], [1452, 816], [1452, 868], [1112, 868]], "'미안 미안크 그럼 실계  ]", 0.2261827570245937), ([[1116, 878], [1410, 878], [1410, 931], [1116, 931]], '가딪"? 그 그만: 잎', 0.06589499461113286), ([[1504.8674325266986, 758.129959864804], [1573.613344869165, 768.0720349800505], [1566.1325674733014, 810.870040135196], [1497.386655130835, 799.9279650199495]], '해외', 0.020511115922622246), ([[1126.0172500686406, 961.4552002196497], [1180.7441992482163, 910.0277300739023], [1265.9827499313594, 1012.5447997803503], [1211.2558007517837, 1063.9722699260979]], '소', 0.7310812957157395)]
[([[1111, 671], [1385, 671], [1385, 715], [1111, 715]], "'여;역쓰임엄청 좁아뇨]", 0.020960047780026702), ([[1025, 721], [1486, 721], [1486, 772], [1025, 772]], "'앗: 옷! 그 그런거 안들어가 ` 앗뇨]", 0.057900269700764916), ([[90, 734], [272, 734], [272, 854], [90, 854]], '\'"곧', 0.01066252374993317), ([[1034, 784], [1468, 784], [1468, 834], [1034, 834]], "'안족까지 단숨에 넣음께엔주장! ]", 0.10088529327817003), ([[1052, 847], [1450, 847], [1450, 899], [1052, 899]], "'무; 무리! 절대로 무리야앗! 놔;", 0.7442033866395038), ([[1063, 891], [1435, 891], [1435, 935], [1063, 935]], '놔취엇 . 이익 . 이이이이익진 _', 0.04791269153469261), ([[329, 1012], [547, 1012], [547, 1150], [329, 1150]], '해끗', 0.16220668598238705)]
[([[966, 688], [1544, 688], [1544, 740], [966, 740]], "'하앗 하앗! 엔주장의 좁은 로리 보지 최고야]]", 0.19823771201081167), ([[1048, 744], [1436, 744], [1436, 794], [1048, 794]], '{앗; 우앗! 이어 이용데[음이;', 0.0043098283602042604), ([[1052, 786], [1478, 786], [1478, 834], [1052, 834]], '이런 녀석에게 : 히극 @ @으음넷]', 0.3476051960796399), ([[1072, 840], [1514, 840], [1514, 888], [1072, 888]], '(울상인 얼굴도 퀴여워세엔주장하고', 0.5819360049225605), ([[1072, 880], [1420, 880], [1420, 928], [1072, 928]], '아이만들기도 순조롭켓네:]', 0.21270532308468854), ([[1058, 928], [1420, 928], [1420, 976], [1058, 976]], '[시; . 싫엇 . 아이만들기라넷:', 0.23058169877654608), ([[1068, 968], [1436, 968], [1436, 1016], [1068, 1016]], "네 네놈하고 . 앗'잇!아아앗 !", 0.05899269389662126), ([[466, 934], [594, 934], [594, 1102], [466, 1102]], '다', 0.12826794672222608), ([[112.55447627315611, 299.2595434028304], [233.80370466821407, 189.0140464890775], [402.4455237268439, 410.7404565971696], [280.1962953317859, 520.9859535109225]], '못', 0.0701434495354647), ([[86.354037289068, 576.0714288242821], [281.60087424157007, 559.7328895434991], [285.645962710932, 728.9285711757179], [91.3991257584299, 745.2671104565009]], '#(', 0.2543323383969948), ([[1013.0064985989292, 787.1253445358238], [1064.6438167208878, 796.3499697867678], [1056.9935014010707, 833.8746554641762], [1004.3561832791123, 823.6500302132322]], '의;', 0.3817550014891135), ([[979.037927696395, 833.0934312516142], [1077.7944838257706, 847.5812241740066], [1069.962072303605, 893.9065687483858], [970.2055161742293, 879.4187758259934]], "'@아아 ", 0.09201521158821638)]
[([[944, 658], [1565, 658], [1565, 710], [944, 710]], "'5아아-산다싸다} 엔주장의 자경에 아기찌중입]", 0.04648059758365801), ([[1159, 714], [1351, 714], [1351, 764], [1159, 764]], '7에_아:2]', 0.05083122575366119), ([[17, 711], [183, 711], [183, 845], [17, 845]], '새', 0.22776262219807197), ([[1005, 767], [1492, 767], [1492, 818], [1005, 818]], "'아아-엔주장의 좁은보지 너문 콩아서", 0.24855137016131526), ([[1111, 811], [1359, 811], [1359, 855], [1111, 855]], '사정인 멈추질-않데', 0.23542004071943745), ([[973, 869], [1522, 869], [1522, 922], [973, 922]], "'하워야' (이거 - ?이몸인 안에 점점 들어와서 .", 0.08319579835156803), ([[1056, 910], [1212, 910], [1212, 958], [1056, 958]], '[이몸은 지금', 0.6302343541750062), ([[1229, 915], [1291, 915], [1291, 957], [1229, 957]], '뭐릎', 0.36651496624762825), ([[1311, 915], [1399, 915], [1399, 957], [1311, 957]], '당화고', 0.9476784744366846), ([[1438.2484431729292, 125.14034767216089], [1502.6948122939637, 77.02196575537509], [1587.7515568270708, 208.85965232783911], [1523.3051877060363, 256.9780342446249]], '3', 0.4544669581051153), ([[394.1581526436684, 953.025333884896], [567.9562883116848, 1040.8945514208567], [511.8418473563316, 1146.9746661151041], [338.04371168831517, 1059.1054485791433]], '새중', 0.18613812102705435)]
[([[559, 185], [647, 185], [647, 273], [559, 273]], '새', 0.716833387883753), ([[894, 722], [1578, 722], [1578, 774], [894, 774]], '!자 엔주장 엔주장의 자동에 아기찌 들어간거듭켓어?]', 0.04338021413714473), ([[1112, 779], [1380, 779], [1380, 823], [1112, 823]], '5웃  히극: 훌쩍@', 0.18089196983013064), ([[960, 816], [1530, 816], [1530, 864], [960, 864]], '이상한거 . 잔뜩들어와서:  배가 @뜨거워어:. ]', 0.17275504428704352), ([[904, 873], [1534, 873], [1534, 924], [904, 924]], '[망아-모서버로다   엔주장이 나뿐거니깐 말야? _', 0.03267999158895161), ([[1091, 931], [1392, 931], [1392, 985], [1091, 985]], "'우 혹 . 히극하에 .?}", 0.2512421703771874), ([[894.914249429668, 173.0740208365765], [956.3574160200775, 163.73861186355342], [969.085750570332, 261.9259791634235], [906.6425839799225, 271.2613881364466]], '04', 0.011968761770459265), ([[1374.9286568319887, 434.0720605567174], [1560.0447410007557, 310.7910879990699], [1592.0713431680113, 375.9279394432826], [1406.9552589992443, 499.2089120009301]], '((여', 0.024749624766376103), ([[46.551428063319705, 521.0657086965167], [139.6369448958395, 451.01268311442897], [280.4485719366803, 662.9342913034833], [187.3630551041605, 733.987316885571]], '$', 0.012591958169318795), ([[413.3641784200732, 789.0405916765708], [502.99137186587495, 835.7063898902427], [480.6358215799268, 876.9594083234292], [391.00862813412505, 830.2936101097573]], '{<극', 0.00012083239866283988)]
[([[577, 169], [687, 169], [687, 277], [577, 277]], '기;', 0.00541004735093326), ([[897, 205], [961, 205], [961, 265], [897, 265]], '(군', 0.016399214996286417), ([[1234, 480], [1312, 480], [1312, 552], [1234, 552]], '뺨', 0.003475815758813783), ([[999, 635], [1099, 635], [1099, 725], [999, 725]], '새', 0.4732128156548221), ([[1122, 658], [1431, 658], [1431, 710], [1122, 710]], "'싫어 싫엇! 더는 싫없", 0.17433854645872313), ([[1006, 720], [1526, 720], [1526, 768], [1006, 768]], "'하앗하앗! 이 로리보지에 중독되거같애]", 0.1325036852453991), ([[990, 757], [1544, 757], [1544, 808], [990, 808]], '엔주장이 임신할때까지 계속 렉스함거니하%', 0.06682406643997599), ([[51, 779], [159, 779], [159, 889], [51, 889]], '1', 0.22141755555101472), ([[1130, 824], [1422, 824], [1422, 872], [1130, 872]], "'싫엇! 세스 이제 싫어?", 0.229842328742098), ([[1148, 866], [1403, 866], [1403, 914], [1148, 914]], '살려쥐 : 살려취엇 ]', 0.15073261512497818), ([[1076, 926], [1464, 926], [1464, 974], [1076, 974]], "'아아-산다산다 아기 씨산다]", 0.1365479159204563), ([[1090, 966], [1452, 966], [1452, 1014], [1090, 1014]], '또엔주장의 배안에 싸줄께:]', 0.5205665810781349), ([[1066, 1030], [1482, 1030], [1482, 1078], [1066, 1078]], "'싫어 : 아  아아아아아아아앗이]", 0.07884026486729093), ([[1371.8409027712044, 435.07495133827285], [1561.6928111377617, 309.0292108517202], [1593.1590972287956, 375.92504866172715], [1403.3071888622383, 502.9707891482798]], '((여', 0.022244430924856333), ([[118.98668897815618, 536.0244618478331], [323.87081207720905, 614.2065599736037], [255.0133110218438, 784.9755381521669], [50.12918792279095, 707.7934400263963]], '서"', 0.28278264015833504), ([[314.7859704959665, 992.2161816701522], [661.5600229849414, 906.640122470864], [695.2140295040335, 1113.7838183298477], [348.4399770150586, 1198.359877529136]], '(#; 허싹', 0.06493516728126042)]
[([[1021, 43], [1546, 43], [1546, 95], [1021, 95]], "'뭐: 뛰야 . 이거? 버 . 벗겨지지않아  옷]", 0.19782259472956615), ([[1114, 104], [1444, 104], [1444, 152], [1114, 152]], "'그야- 구속도구니깐 말야", 0.6989012695380659), ([[1092, 144], [1462, 144], [1462, 192], [1092, 192]], '간단하게 벗겨지면 곤란하지_', 0.5204071805985675), ([[1097, 207], [1464, 207], [1464, 258], [1097, 258]], '\'왜-어째서 . 이 - 이런결 " !', 0.042009792945859825), ([[1144, 271], [1414, 271], [1414, 324], [1144, 324]], "'어째서라니 그야 ?$", 0.11854149206088095)]
[([[1181, 31], [1368, 31], [1368, 81], [1181, 81]], "'이렇러고지'", 0.22468831679495388), ([[1198, 84], [1361, 84], [1361, 133], [1198, 133]], "'에:아?]", 0.320580166747623), ([[1074, 136], [1474, 136], [1474, 188], [1074, 188]], '[우옷] 좁지만 : 이대로단숨에:!', 0.16865216015985246), ([[1120, 198], [1443, 198], [1443, 250], [1120, 250]], '~\'히직\'? 아:"아  아아\'  !', 0.06300688329509402), ([[1209, 299], [1413, 299], [1413, 569], [1209, 569]], '', 0.0), ([[665.3578222865352, 75.01876109975159], [840.8283798726005, 188.06449248654002], [787.6421777134648, 267.9812389002484], [612.1716201273995, 154.93550751345998]], ')', 0.2886462537539991), ([[236.4449805264796, 566.0933383697808], [352.4900016155227, 556.1552108926386], [356.55501947352036, 674.9066616302192], [241.5099983844773, 684.8447891073614]], '자', 0.19315669089025622)]
[([[828, 64], [1556, 64], [1556, 112], [828, 112]], "'우옷; 저주밤있누니 뭐니 말하지만 보지논 끝내주는구만! ,", 0.11862930164008793), ([[1017, 130], [1376, 130], [1376, 180], [1017, 180]], '하7아 -아파 ! 그  그만   옷!', 0.03698731331878572), ([[1040, 172], [1352, 172], [1352, 220], [1040, 220]], '그만뒤주세 . 아아아앗! ', 0.5703277001383372), ([[945, 230], [1432, 230], [1432, 282], [945, 282]], '@오오 죄그망고 좁은 보지야, 하하하!', 0.25348278629308535), ([[1103, 297], [1291, 297], [1291, 341], [1103, 341]], "'그 그런 %", 0.3372416513311645), ([[992, 333], [1401, 333], [1401, 383], [992, 383]], "얘 이런거   싫어 : 싫어요 ' %@", 0.050554663813880456), ([[1425, 721], [1563, 721], [1563, 859], [1425, 859]], '거#', 0.017908520171709814), ([[1166, 1044], [1332, 1044], [1332, 1188], [1166, 1188]], '7441', 0.18547497689723969), ([[1400.3028490545244, 333.0135056067275], [1618.672037310625, 503.5796056818145], [1522.6971509454756, 626.9864943932724], [1304.327962689375, 456.4203943181855]], ')', 0.08383603066164724)]
[([[946, 48], [1530, 48], [1530, 97], [946, 97]], '(싫어요 싫어요 하지말고 일단 첫제험 기념의로', 0.6963926856495805), ([[1135, 91], [1327, 91], [1327, 135], [1135, 135]], '한발 싸주마앗!', 0.810554296195585), ([[1047, 148], [1456, 148], [1456, 204], [1047, 204]], "'부부탁이에요' 구것만큼은 | 옷", 0.41132249053126907), ([[1105, 187], [1399, 187], [1399, 247], [1105, 247]], "'구거만큼음 구만  웃_", 0.07103228147390463), ([[1076, 249], [1420, 249], [1420, 298], [1076, 298]], "''오온-{역시 처녀로리보재]", 0.06265322781093191), ([[1130, 290], [1367, 290], [1367, 335], [1130, 335]], '특농정액 산다앗%', 0.42284583124751685), ([[1097, 347], [1406, 347], [1406, 399], [1097, 399]], "'하 신 (싫어::'싫어", 0.030384860755699652), ([[1110, 388], [1392, 388], [1392, 436], [1110, 436]], '싫어어어어어어어엇', 0.924283031507848), ([[721, 967], [949, 967], [949, 1199], [721, 1199]], '바5', 0.012010278760857739), ([[1229.1847338820494, 435.02078408816874], [1529.946453174699, 534.6920890140625], [1481.8152661179506, 662.9792159118313], [1181.053546825301, 563.3079109859375]], '(리', 0.0077097053858588204), ([[698.2495977982361, 850.0148242953723], [837.7933275102364, 903.0770196186154], [746.7504022017639, 1140.9851757046276], [607.2066724897636, 1088.9229803813846]], '{', 0.06405825620736127)]
[([[1037, 43], [1435, 43], [1435, 87], [1037, 87]], '5후우: . 꽤 많이 싸버럿네 이거_', 0.12326003678199053), ([[1077, 103], [1404, 103], [1404, 153], [1077, 153]], '5아 아:"이:이런거: .', 0.16947694777288208), ([[1064, 145], [1415, 145], [1415, 193], [1064, 193]], '이러면 . 정말로 . 아기가   !', 0.30843973632614075), ([[663, 185], [733, 185], [733, 253], [663, 253]], '(&', 0.09211474971788165), ([[1031, 209], [1441, 209], [1441, 253], [1031, 253]], "'어이어이 이정도로 그러느거야?", 0.5252146901995035), ([[993, 251], [1476, 251], [1476, 295], [993, 295]], '아직 잔뜩 즐길게 남앉다고 미도리장?}', 0.5258188859386637), ([[1064, 243], [1507, 243], [1507, 404], [1064, 404]], '?로로하다오"뜨)', 0.00017305076509918776), ([[1156, 354], [1348, 354], [1348, 402], [1156, 402]], '용서해주세:   _', 0.2006758767798351), ([[39, 493], [175, 493], [175, 647], [39, 647]], '새?', 0.006899292452688723), ([[369, 539], [455, 539], [455, 625], [369, 625]], '(약', 0.19452276874166477), ([[869, 1081], [981, 1081], [981, 1200], [869, 1200]], '새,', 0.027193167748145414), ([[1266, 1054], [1344, 1054], [1344, 1166], [1266, 1166]], '1{', 0.024908847410327745), ([[1305.2560919562288, 638.0230804952854], [1449.947418840236, 737.8778667387623], [1389.7439080437712, 822.9769195047146], [1245.052581159764, 723.1221332612377]], '예데다', 0.0005513643944037065)]
[([[1069, 25], [1356, 25], [1356, 77], [1069, 77]], '{가   감사 .합니다:" ]', 0.10680901089919775), ([[986, 80], [1439, 80], [1439, 131], [986, 131]], '떠다시! 가르처준대로 한번 더 해화! _', 0.3147433899181103), ([[936, 152], [1496, 152], [1496, 200], [936, 200]], "'해길!  다 . 단단하고 뉴름한 자지랑 . 히원!", 0.0519565885197556), ([[940, 192], [1490, 192], [1490, 240], [940, 240]], '@용후한 자지밀크틀 . 주 . 주서서   으으웃!', 0.10900534595685551), ([[1060, 232], [1370, 232], [1370, 280], [1060, 280]], '가 . 감사 . 합니다   웃', 0.20791304881516534), ([[998, 296], [1424, 296], [1424, 348], [998, 348]], '(합격! 상으로 한발더 싸주마앗', 0.5710949158859704), ([[1065, 369], [1362, 369], [1362, 421], [1065, 421]], "{'아  아악아아아아앗!}", 0.14450014765163405), ([[289, 621], [377, 621], [377, 705], [289, 705]], '예', 0.008384234823337666), ([[831, 983], [919, 983], [919, 1083], [831, 1083]], '유', 0.11178684672410455), ([[1166.1075368557226, 376.02490971743487], [1345.807835279245, 462.5276845297863], [1282.8924631442774, 586.9750902825651], [1103.192164720755, 500.4723154702137]], '{이', 0.21299811263751398), ([[1282.4136366326827, 578.060003551413], [1407.6770671742302, 489.0109175988663], [1567.5863633673173, 751.939996448587], [1441.3229328257698, 840.9890824011337]], '#', 0.009193952014729945), ([[1249.1743749006155, 1037.0284360589242], [1397.9839798193052, 1116.3801389748635], [1348.8256250993845, 1205.9715639410758], [1200.0160201806948, 1126.6198610251365]], '사몹', 0.003110651725786832)]
[([[1050, 39], [1476, 39], [1476, 88], [1050, 88]], '0자 이번엔 허버지름 벌려봉까-? ', 0.01869473963508614), ([[1098, 98], [1426, 98], [1426, 146], [1098, 146]], '취싫어} 부 @ 분끄러워요:', 0.18201962789999632), ([[1085, 137], [1435, 137], [1435, 185], [1085, 185]], '사:빌하려늄 ; 건가요:?]', 0.010709591095045663), ([[1045, 192], [1488, 192], [1488, 242], [1045, 242]], '[괜찮아 괜찮야; 부끄럽지 않으리간', 0.08951066415098392), ([[976, 230], [1551, 230], [1551, 285], [976, 285]], '하전)향 관이업-청 기분증계 되게 되분이야]', 0.04887736718537711), ([[1143, 293], [1362, 293], [1362, 345], [1143, 345]], '{기분 ]중계:하요]', 0.0011523544993882362), ([[162, 718], [282, 718], [282, 840], [162, 840]], ',', 0.07781845961357536), ([[10, 852], [295, 852], [295, 1073], [10, 1073]], '거지', 0.0927222250719221)]
[([[1062, 48], [1446, 48], [1446, 102], [1062, 102]], '떠려음은 좀 아플지되 모르지만', 0.06741808857029911), ([[1156, 92], [1350, 92], [1350, 140], [1156, 140]], '참아보; 크웃', 0.15155770110452732), ([[1095, 138], [1408, 138], [1408, 194], [1095, 194]], '깥@@@@@으으으웃갑', 0.010252837198730219), ([[1100, 208], [1408, 208], [1408, 258], [1100, 258]], '따안쪽까지단숨에- 휴', 0.04380490193210952), ([[1050, 272], [1444, 272], [1444, 320], [1050, 320]], '5히익] 아파아앗] 긍:그만: ( 잎', 0.04998225973622564), ([[1136, 311], [1361, 311], [1361, 361], [1136, 361]], '임갑 하의이이블 ', 0.019492552304516905), ([[1339, 761], [1447, 761], [1447, 875], [1339, 875]], '1', 0.5213569932891602), ([[878.6314853417146, 269.10465472114447], [937.6412234498912, 232.0228717015234], [1005.3685146582854, 351.89534527885553], [946.3587765501088, 389.9771282984766]], '값', 0.01076728107025865), ([[1168.4528412583204, 403.03421243804104], [1381.714137013188, 271.00728635377936], [1605.5471587416796, 698.965787561959], [1392.285862986812, 830.9927136462206]], '학', 0.0028380129070661037), ([[89.0041067935323, 709.0451747288553], [207.57069841785963, 752.9569201524343], [172.9958932064677, 840.9548252711447], [54.42930158214038, 797.0430798475657]], '새', 0.46282398172684225), ([[1436.8835668880395, 797.0445861004943], [1601.72690752052, 829.166834053095], [1574.1164331119605, 949.9554138995057], [1408.27309247948, 917.833165946905]], '시터', 0.026947346843517156)]
[([[1020, 28], [1442, 28], [1442, 76], [1020, 76]], '따아아-워음인데 아저씨의 자지름', 0.23269711736448628), ([[926, 66], [1536, 66], [1536, 118], [926, 118]], '깜물증둥지않고있어 @얼마나 야한보지인거나?', 0.04604693771100428), ([[1062, 130], [1422, 130], [1422, 180], [1062, 180]], '따또이앗@ 이; 아파] 싫어앗', 0.02320354003345202), ([[1114, 171], [1370, 171], [1370, 221], [1114, 221]], '어어째서 이런짓 ]', 0.8143313389690637), ([[1029, 235], [1470, 235], [1470, 286], [1029, 286]], '@너가 묻이 모자라 공란해 보이길래', 0.11278688033441517), ([[1012, 278], [1486, 278], [1486, 326], [1012, 326]], "'이제분터늄아저찌가 계속 보살펴줄게", 0.2205998027308556), ([[1068, 316], [1432, 316], [1432, 366], [1068, 366]], '이권그결위한없걸음이야%]', 0.006177112845829535), ([[1092, 380], [1402, 380], [1402, 430], [1092, 430]], '"돕같음거 필요없어없', 0.03641636998636216), ([[1004, 422], [1490, 422], [1490, 472], [1004, 472]], '그 그만닷@ 5 @ 놔주세-아아이앗%', 0.017135692255249923), ([[1232, 442], [1426, 442], [1426, 656], [1232, 656]], '에;', 0.1781307050020538), ([[1365, 593], [1599, 593], [1599, 849], [1365, 849]], '때', 0.1423102215935126), ([[1179, 773], [1293, 773], [1293, 887], [1179, 887]], '#로', 0.17953946370531396), ([[1035, 963], [1159, 963], [1159, 1075], [1035, 1075]], '각;', 0.05167351981605699), ([[549, 997], [691, 997], [691, 1137], [549, 1137]], '7', 0.46911493424781625)]
[([[922, 67], [1448, 67], [1448, 118], [922, 118]], '따아아-뻔다갑 아전씨의 아기 임신해라앗]', 0.048019552770647525), ([[946, 129], [1436, 129], [1436, 179], [946, 179]], '@뭐문가 들어와 @싫어   무무서워 헤', 0.012813579924460224), ([[1094, 170], [1288, 170], [1288, 218], [1094, 218]], "그그만' 위]", 0.09915441539462821), ([[732, 222], [808, 222], [808, 312], [732, 312]], '(사,', 0.02357686066023542), ([[1002, 235], [1378, 235], [1378, 284], [1002, 284]], '떠아직데남아있다고 잔다앞', 0.06917032049979294), ([[1002, 276], [1384, 276], [1384, 326], [1002, 326]], '이정액으로임심활정이타앗]', 0.09108523048576421), ([[1047, 337], [1338, 337], [1338, 392], [1047, 392]], '(앗안간 @싫어 -실없', 0.007110718296682354), ([[1076, 376], [1310, 376], [1310, 432], [1076, 432]], '싫어언어어언없;', 0.29987226137263523), ([[481, 883], [707, 883], [707, 1065], [481, 1065]], '(0', 0.6623711788941394), ([[974, 1030], [1084, 1030], [1084, 1132], [974, 1132]], '꽤', 0.016026567035023698), ([[902.8363533994712, 286.0617219550298], [980.3550551354771, 260.25506094438583], [1021.1636466005288, 401.9382780449702], [943.6449448645229, 427.74493905561417]], '세', 0.026262827809425682), ([[1144.847006336964, 383.0221647610606], [1504.562554969324, 453.15493505450536], [1446.152993663036, 702.9778352389394], [1086.437445030676, 632.8450649454946]], '~:', 0.07568894628794699), ([[122.77112044651984, 769.4073697414274], [190.77705124612746, 705.0232441896716], [296.22887955348017, 833.5926302585726], [228.22294875387254, 897.9767558103284]], '값', 0.01265506415611789), ([[1423.212229311181, 752.025885529951], [1573.9983336804753, 841.8000277719921], [1520.787770688819, 927.974114470049], [1370.0016663195247, 839.1999722280079]], '새::', 0.07102767223246614)]
[([[1054, 32], [1351, 32], [1351, 86], [1054, 86]], '마움유 쓰부리기완료 ]', 0.01866987188048369), ([[1035, 91], [1376, 91], [1376, 146], [1035, 146]], '[]아-아아  흐 흐옥:" ]', 0.004778449661745361), ([[986, 162], [1430, 162], [1430, 212], [986, 212]], '못앞자 워음이엎관데 너문해버로네', 0.00960431091487465), ([[934, 203], [1480, 203], [1480, 254], [934, 254]], '다음엔상광하제해출테니관그렇게 울지마,', 0.07321834315748939), ([[1057, 270], [1370, 270], [1370, 322], [1057, 322]], '@히극 ? 웃다음이리 "@]', 0.02848469915817782), ([[1042, 342], [1362, 342], [1362, 394], [1042, 394]], '떠너로기늄 좋아질때까지', 0.05789921164405532), ([[1088, 386], [1314, 386], [1314, 434], [1088, 434]], '잔뜩렉사하자]', 0.2760780737717637), ([[904, 451], [1070, 451], [1070, 505], [904, 505]], '뜨극 -이제', 0.11132133643298787), ([[1060, 468], [1092, 468], [1092, 492], [1060, 492]], '5', 0.23713885930556344), ([[1081, 450], [1518, 450], [1518, 504], [1081, 504]], '"싫어어  집에  @흐음 @돌아가고@@]', 0.03898695690561064), ([[744, 1058], [818, 1058], [818, 1182], [744, 1182]], '7', 0.9989407484865751), ([[38.76940875114934, 651.0632648861487], [126.32963734854691, 631.8082959103599], [152.23059124885066, 771.9367351138513], [64.67036265145309, 791.1917040896401]], '70', 0.5033680705853679), ([[369.34108937006994, 672.027181377846], [463.66600496536455, 756.7125630345283], [417.65891062993006, 808.972818622154], [324.33399503463545, 724.2874369654717]], '"<', 0.007222513031529796), ([[1329.234300746846, 769.0367277671977], [1419.9972792713706, 830.7913753233555], [1380.765699253154, 888.9632722328023], [1289.0027207286294, 828.2086246766445]], '시다', 0.1058697073747216), ([[1060.4814867952693, 1062.1666905787124], [1101.6170575060796, 1028.0272501812992], [1171.5185132047307, 1120.8333094212876], [1130.3829424939204, 1154.9727498187008]], '값', 0.006773222532402201)]
[([[1084, 56], [1368, 56], [1368, 111], [1084, 111]], "'한앞하앗] 기분증지?", 0.09878922418155342), ([[1058, 100], [1392, 100], [1392, 148], [1058, 148]], '아저씨의 자지기분증지?]', 0.24190457583727712), ([[1101, 155], [1358, 155], [1358, 206], [1101, 206]], '563아여야 @아아 "]', 0.009973442708165714), ([[843, 159], [929, 159], [929, 255], [843, 255]], '}', 0.02977416852971615), ([[982, 212], [1478, 212], [1478, 262], [982, 262]], '[아직안되나 @ 장도기분증게 월때까지', 0.08408074645465005), ([[1029, 252], [1430, 252], [1430, 302], [1029, 302]], '아전찌 잔뜩 힘탤되니간; 흐위]', 0.048202291666313866), ([[994, 314], [1480, 314], [1480, 362], [994, 362]], '5 운하아-하아  눈 @ 눈가 @ 도와 $취 ~', 0.010071849340730934), ([[1390, 578], [1584, 578], [1584, 800], [1390, 800]], '해', 0.03626945918972524), ([[936, 1018], [1032, 1018], [1032, 1150], [936, 1150]], '0', 0.7497869044206631), ([[887.05190907372, 237.04504527406047], [963.1830289740818, 221.5201093597998], [986.94809092628, 361.9549547259395], [910.8169710259182, 377.4798906402002]], '꽤', 0.024119818334700227), ([[1247.2504778592393, 337.01338005870144], [1483.829293290919, 515.3278209264939], [1374.7495221407607, 658.9866199412985], [1138.170706709081, 481.672179073506]], '8"', 0.0019257107280569482), ([[173.15106852430958, 690.0300661927653], [284.99028252494935, 774.5171698312101], [222.84893147569042, 854.9699338072347], [112.00971747505062, 769.4828301687899]], '이', 0.0022306621367675916)]
[([[1012, 72], [1462, 72], [1462, 124], [1012, 124]], '때티미장의작교회여움엉덩이 ', 0.012572137331274894), ([[1142, 114], [1328, 114], [1328, 162], [1142, 162]], '모롯잠베에', 0.015668452301924648), ([[936, 170], [1544, 170], [1544, 222], [936, 222]], '(일방점@ 힘음-행산하눈건 매키집안습내타만', 0.014587275799978029), ([[1000, 210], [1480, 210], [1480, 260], [1000, 260]], '이이상 한다편반드리체언음접)야]', 0.0062674155454965855), ([[992, 273], [1486, 273], [1486, 328], [992, 328]], '@흙태나장한켓당하능컷3 괜찮켓데: ', 0.0009341887290946664), ([[1143, 315], [1330, 315], [1330, 366], [1143, 366]], '하지만미늄]', 0.08324323874610769), ([[1149, 369], [1330, 369], [1330, 422], [1149, 422]], '[뭐:@뭐름]]', 0.00399959357362843), ([[733, 505], [821, 505], [821, 593], [733, 593]], '뭄위', 0.004079309997903883), ([[26, 526], [146, 526], [146, 670], [26, 670]], '쥐', 0.22771000012266374), ([[909.2720052199187, 391.15042975353686], [970.6696345161239, 345.0224457097535], [1052.7279947800812, 467.84957024646314], [991.3303654838761, 513.9775542902464]], '(', 0.7532291212001496)]
[([[1080, 69], [1368, 69], [1368, 122], [1080, 122]], "'땅당하기 전에한다앞 ", 0.010634258790490866), ([[1135, 137], [1312, 137], [1312, 189], [1135, 189]], '위뼈:이앗}', 0.001283661250624272), ([[1011, 199], [1429, 199], [1429, 264], [1011, 264]], "''움요월 태나장인금람보치훨", 0.0007661122421426045), ([[894, 248], [1196, 248], [1196, 300], [894, 300]], '상상행실대로픽 조이는', 0.02654103293715143), ([[1182, 225], [1552, 225], [1552, 321], [1182, 321]], '육-딪말안#등자 워습황.', 0.00010978460252300292), ([[1094, 315], [1372, 315], [1372, 366], [1094, 366]], '따아아앗 귀아아악  ', 0.010562823658390149), ([[67, 657], [129, 657], [129, 729], [67, 729]], '감', 0.001567178233639277), ([[1436, 794], [1510, 794], [1510, 870], [1436, 870]], '"', 0.283971140081011), ([[739.0025413001692, 320.0355782023697], [865.5607435820261, 380.5205986861907], [812.9974586998308, 487.9644217976303], [686.4392564179739, 426.4794013138093]], '(새', 0.4319880055449995)]
[([[940, 62], [1496, 62], [1496, 112], [940, 112]], '떼하군 하앗0 테나장의말랑말랑한 로리보밟', 0.004075381891721329), ([[938, 102], [1500, 102], [1500, 154], [938, 154]], '너문미늄콩어제 -스톱운동이멈춘집안@물', 0.0025322704009182514), ([[1096, 164], [1340, 164], [1340, 212], [1096, 212]], '따 십없 싫어없', 0.06999935026390328), ([[1040, 202], [1396, 202], [1396, 254], [1040, 254]], '@아팎] 웨문기요 이권]', 0.045333071948124685), ([[1000, 268], [1434, 268], [1434, 318], [1000, 318]], '대눈동자 색인원쾌대로 물아외서', 0.04925711684474609), ([[968, 307], [1450, 307], [1450, 359], [968, 359]], '향상보리퀴여움 얼굴바바라보면  %', 0.026020263322883024), ([[1146, 351], [1277, 351], [1277, 393], [1146, 393]], '오오오옷', 0.22104433178901672), ([[1122, 414], [1298, 414], [1298, 462], [1122, 462]], '따아아아이앗', 0.08071139496821367), ([[1029, 450], [1390, 450], [1390, 503], [1029, 503]], '단단한계 훨로고있없 히금}', 0.04557986854490806), ([[965, 490], [1453, 490], [1453, 550], [965, 550]], "'배가 뜨거원,힘이 들어가지하하이블", 0.05141334536403033), ([[1473, 489], [1563, 489], [1563, 573], [1473, 573]], '77', 0.37360299516633766), ([[49, 561], [163, 561], [163, 713], [49, 713]], '대', 0.13580342584739302), ([[318, 792], [380, 792], [380, 842], [318, 842]], '3', 0.003329125861960769), ([[1376, 818], [1478, 818], [1478, 916], [1376, 916]], '#', 0.954190338897206), ([[1248, 922], [1322, 922], [1322, 1018], [1248, 1018]], '택', 0.018487941240927563), ([[535.4876471246652, 980.0109427171634], [754.2199703158134, 1153.7441491905536], [690.5123528753348, 1237.9890572828365], [470.7800296841866, 1063.2558508094464]], '"* 채:', 0.0053091226857756345)]
[([[1088, 72], [1352, 72], [1352, 122], [1088, 122]], '(아야-따실 적실없비', 0.0031597203877027557), ([[1042, 112], [1398, 112], [1398, 160], [1042, 160]], '론장보지에정액젠다앗', 0.00864216925013442), ([[1094, 170], [1342, 170], [1342, 220], [1094, 220]], '떼에:하아 @흉에:과', 0.0016310351930027933), ([[895, 233], [1564, 233], [1564, 282], [895, 282]], '건-적? 진금되나장의멘속에야기의찌가 물어률에', 0.013289623311823595), ([[1151, 293], [1304, 293], [1304, 343], [1151, 343]], '[아30-348', 0.0071183958947643325), ([[1059, 330], [1398, 330], [1398, 385], [1059, 385]], '친금 내안에물어온계@3', 0.001936494579652616), ([[1117, 372], [1336, 372], [1336, 426], [1117, 426]], '마@지금-뭄@]', 0.011097445906229691), ([[1424, 770], [1562, 770], [1562, 892], [1424, 892]], '씨', 0.5760398374700912), ([[1095, 943], [1211, 943], [1211, 1081], [1095, 1081]], '새', 0.06983881019138583), ([[624.4030548573301, 83.01620937487232], [800.6065805520734, 212.0844470520367], [744.5969451426699, 288.98379062512765], [568.3934194479266, 159.9155529479633]], '채젓', 0.010375895805353455), ([[820.1830676055473, 349.0334247876769], [953.9980782165673, 418.80395925065557], [914.8169323944527, 490.9665752123231], [781.0019217834327, 422.19604074934443]], '새>?', 0.004959734449658952), ([[1098.0095799450278, 381.03507722489275], [1263.5458423024293, 438.46303006547686], [1221.9904200549722, 549.9649227751072], [1056.4541576975707, 492.53696993452314]], "'*8", 0.021264980746548406), ([[72.38299538968353, 522.0173179363669], [207.3824419200262, 650.3661453279908], [141.61700461031646, 721.9826820636331], [6.617558079973808, 594.6338546720092]], '*밟-', 0.005820814752386557), ([[594.3732785189442, 903.0103391240079], [854.2109530857668, 1116.581403529695], [751.6267214810558, 1243.989660875992], [491.7890469142332, 1030.418596470305]], '{^', 0.0014682292323875536)]
[([[1029, 87], [1332, 87], [1332, 138], [1029, 138]], "'이만큼 따면임신활교", 0.047290687348491955), ([[906, 127], [1453, 127], [1453, 180], [906, 180]], '기대되-미량 티미장의행복안 신혼생활%', 0.015677849001082534), ([[1026, 189], [1335, 189], [1335, 242], [1026, 242]], '(3뷰그런  내전분문@', 0.003041400864431299), ([[958, 232], [1402, 232], [1402, 282], [958, 282]], '오빠에제중려고하 행관데  흐육 ;', 0.002712023585618046), ([[784, 298], [1590, 298], [1590, 348], [784, 348]], "'앞몹운눈업굴올 보미마음이아프편세봉둥에 자지 서버레", 0.001094768001890697), ([[1010, 340], [1362, 340], [1362, 388], [1010, 388]], '오늘분리내가 너의오빠다', 0.08793339488167952), ([[989, 378], [1382, 378], [1382, 430], [989, 430]], '그러즈관잔뜩 사랑음마눈자서]', 0.0016348650396086671), ([[1026, 442], [1354, 442], [1354, 492], [1026, 492]], '@운 @히극 @사 @싫어요', 0.03977177830417814), ([[960, 480], [1420, 480], [1420, 534], [960, 534]], "'당신관음사람하고  당신같음 ]올]", 0.04346542195045207), ([[1331, 883], [1419, 883], [1419, 973], [1331, 973]], '스백', 0.025730184910566112), ([[32.49602592903217, 529.1265529812898], [84.6648451696378, 491.0245902098896], [157.50397407096781, 605.8734470187102], [106.3351548303622, 643.9754097901103]], '6', 0.12523555996318692), ([[1466.96994823302, 640.3008291689657], [1508.6280869342736, 601.0282350295643], [1582.03005176698, 686.6991708310343], [1540.3719130657264, 725.9717649704357]], '%', 0.40735186951195956), ([[1379.4589874473143, 723.0209380703538], [1480.5061646694705, 818.4174002838743], [1436.5410125526857, 865.9790619296462], [1336.4938353305295, 771.5825997161257]], '하', 0.12293104173990432), ([[1190.346454084438, 821.0267398301415], [1286.8022586138568, 903.232300782798], [1238.653545915562, 958.9732601698585], [1143.1977413861432, 877.767699217202]], '다', 0.3852348259576708), ([[455.8106515844465, 979.1017791897896], [503.59110153680325, 949.0250018657215], [561.1893484155535, 1050.8982208102104], [513.4088984631967, 1080.9749981342786]], '$', 0.04758120068374527)]
[([[961, 87], [1360, 87], [1360, 139], [961, 139]], '@아간워알맞루품렉말랑보고량', 0.0019494339297989067), ([[934, 128], [1386, 128], [1386, 178], [934, 178]], '젠롭때맛다 퀴업제음들리늄단유-', 0.005026039435914949), ([[1002, 166], [1316, 166], [1316, 218], [1002, 218]], '곳지롭 질저레만물어', 0.00316185165917605), ([[935, 231], [1358, 231], [1358, 283], [935, 283]], '5여여야-하아아-이제 @@그만 "@원', 0.0014068684855728833), ([[916, 296], [1416, 296], [1416, 349], [916, 349]], '도전사발음사랑스리움 얼굴하고 목소랜', 0.018908827666047935), ([[842, 337], [1488, 337], [1488, 390], [842, 390]], '아야-떠퉁실앗} 티마장의컷하에입신습망아루%', 0.001060311084866567), ([[749, 337], [839, 337], [839, 441], [749, 441]], '새', 0.04738996372512383), ([[896, 413], [1438, 413], [1438, 467], [896, 467]], '총]아-"안에젠터지고있어다 또국 찌눈거야 ', 0.00022699751111408844), ([[1001, 453], [1340, 453], [1340, 504], [1001, 504]], '렌타로오빠`저 더늄] ]', 0.008479301788997208), ([[1347, 447], [1535, 447], [1535, 661], [1347, 661]], '해', 0.03299247217904977), ([[1538, 1010], [1566, 1010], [1566, 1070], [1538, 1070]], '0', 0.8957019297987614), ([[615, 1083], [709, 1083], [709, 1171], [615, 1171]], '셋', 0.6101069285773839), ([[-4.216457474031528, 412.09302641879503], [47.58239219320145, 376.0212269531401], [120.21645747403153, 492.90697358120497], [67.41760780679854, 528.9787730468599]], '(', 0.9150367118532046), ([[52.47083775143118, 563.1308589583009], [108.64122344989119, 522.0228717015234], [185.5291622485688, 638.8691410416991], [129.35877655010881, 679.9771282984766]], '터', 0.04772131173004035), ([[373.3400170126755, 861.024231372387], [479.749227687142, 952.8902571534551], [427.6599829873245, 1014.975768627613], [321.250772312858, 923.1097428465449]], ';""', 0.02936610749943075), ([[945.2366137146308, 926.0224331487251], [1082.8344959493147, 1036.9322200970548], [1014.7633862853692, 1121.977566851275], [877.1655040506853, 1012.0677799029452]], '(서앙', 0.012247411024310829), ([[1116.1830676055472, 1036.033424787677], [1241.9962998934952, 1104.7279918396328], [1200.8169323944528, 1177.966575212323], [1075.0037001065048, 1109.2720081603672]], '(선터', 0.03733780544081099)]
[([[1067, 93], [1518, 93], [1518, 142], [1067, 142]], "'정말로 이런 차림으로하눈제나  ?]", 0.16834517703878352), ([[1177, 161], [1340, 161], [1340, 212], [1177, 212]], '떠물론이지베]', 0.013346555223957815), ([[1074, 224], [1432, 224], [1432, 274], [1074, 274]], '@이런거 할려고 산게 아신데:', 0.1528348664703521), ([[1423, 243], [1453, 243], [1453, 261], [1423, 261]], '3', 0.34333923851369264), ([[1089, 269], [1445, 269], [1445, 313], [1089, 313]], '너무 더럽히면 안되다고 ?]', 0.3474490864880581), ([[1048, 344], [1478, 344], [1478, 392], [1048, 392]], '(노력해불께; 그럼 잘멈켓습내다:]', 0.029274239890157205), ([[1126, 418], [1388, 418], [1388, 468], [1126, 468]], '5앗; 이녀석-  웃0]', 0.12770431319346862), ([[1375, 511], [1465, 511], [1465, 615], [1375, 615]], '삶내', 0.0049640650519950065), ([[1316, 1106], [1380, 1106], [1380, 1154], [1316, 1154]], '개쥐', 0.016832746284264493), ([[1015.0064985989292, 94.12534453582381], [1077.6353181828813, 101.3313293586774], [1071.9935014010707, 140.8746554641762], [1009.3646818171186, 132.6686706413226]], "'저;", 0.8314571001073733), ([[889.8105265191808, 545.0789488938562], [941.5545001278089, 501.0170979294963], [1045.189473480819, 637.9210511061438], [993.4454998721911, 680.9829020705038]], '"', 0.053420162588162734)]
[([[1114, 110], [1304, 110], [1304, 158], [1114, 158]], ' 웃어웃어으웃', 0.35397541046205355), ([[1098, 176], [1348, 176], [1348, 224], [1098, 224]], '말소리내모된다고?', 0.04268949474554247), ([[1033, 214], [1414, 214], [1414, 264], [1033, 264]], '보지늄이렇계 솔직한데말야]', 0.24187944674236508), ([[988, 282], [1126, 282], [1126, 330], [988, 330]], "'웃어하앗", 0.7962918500741901), ([[1148, 282], [1472, 282], [1472, 330], [1148, 330]], '그 그런말 들어도 으웃어9', 0.475322980173814), ([[1083, 325], [1379, 325], [1379, 369], [1083, 369]], '부  부끄러운거다   웃]', 0.4503310721989112), ([[753, 351], [813, 351], [813, 419], [753, 419]], ';', 0.012374065650281096), ([[1016, 390], [1448, 390], [1448, 440], [1016, 440]], '(분끄런원하눈엔주장넘-귀여원직', 0.006315193590923048), ([[1445, 753], [1545, 753], [1545, 839], [1445, 839]], '(', 0.9767268083058731), ([[790, 838], [1120, 838], [1120, 1154], [790, 1154]], '낚', 0.021984358488901456), ([[1333.084128016332, 433.0190723919683], [1627.6746586060328, 543.2304941554726], [1555.915871983668, 716.9809276080317], [1262.3253413939672, 606.7695058445274]], '방%', 0.004007919712056089)]
[([[1194, 134], [1366, 134], [1366, 182], [1194, 182]], '큰/산다]', 0.03686025822347638), ([[1101, 187], [1415, 187], [1415, 231], [1101, 231]], '떼옛 베벌써 싸는게나:? ]', 0.07954277251387117), ([[1068, 245], [1448, 245], [1448, 296], [1068, 296]], '때미안; 이제 못잠객 @오오옷', 0.2016178049356029), ([[1094, 314], [1204, 314], [1204, 364], [1094, 364]], '[후외앗', 0.6466572880744934), ([[1216, 316], [1426, 316], [1426, 364], [1216, 364]], "'정말리나앉어)", 0.11472158131825705), ([[1120, 356], [1368, 356], [1368, 406], [1120, 406]], '이렇게 많은 정액월', 0.2563269139956148), ([[1098, 396], [1292, 396], [1292, 444], [1098, 444]], '이 몸의보지에', 0.650918371053182), ([[111, 539], [223, 539], [223, 647], [111, 647]], '세', 0.9574094267563602), ([[561, 601], [659, 601], [659, 693], [561, 693]], '{용7', 0.009379836298214674), ([[1333, 726], [1465, 726], [1465, 831], [1333, 831]], '아', 0.007531833407217414), ([[1140.8674325266986, 129.12995986480402], [1206.4578943404629, 136.73567271595536], [1200.1325674733014, 181.87004013519598], [1134.5421056595371, 173.26432728404464]], '떼크', 0.02865641472504305), ([[1307.1751792644711, 342.0189079654699], [1553.9666784882934, 459.9052561494588], [1484.8248207355289, 595.9810920345301], [1239.0333215117066, 479.0947438505412]], '(선신', 0.0005221231480127156), ([[807.3137385202368, 843.0102404279341], [1059.0879632153333, 1076.587365518129], [926.6862614797632, 1223.9897595720659], [673.9120367846666, 990.412634481871]], '(8', 0.23627568993427264), ([[381.28609323645895, 1017.7152330911474], [438.76114434259983, 964.0290091119424], [519.713906763541, 1061.2847669088526], [462.23885565740017, 1114.9709908880577]], '@', 0.009386194216433275)]
[([[936, 146], [1502, 146], [1502, 198], [936, 198]], '[특 " 나라눈높이이렇제빨리싸버리타니"]', 0.013117614335330312), ([[1067, 199], [1382, 199], [1382, 249], [1067, 249]], '[이렇게나 많이 삶구나)', 0.10532305435670905), ([[1053, 243], [1399, 243], [1399, 287], [1053, 287]], '그만큼 흥분햇다는 소리지?', 0.6826318349071718), ([[1129, 285], [1325, 285], [1325, 327], [1129, 327]], '나는 기쁘다9]', 0.3004083654008208), ([[1100, 330], [1350, 330], [1350, 382], [1100, 382]], '{천사가 여기있다]', 0.4575968446156334), ([[1070, 374], [1382, 374], [1382, 422], [1070, 422]], '엔주장 한번더 부탁해]', 0.5363087687620538), ([[1036, 428], [1288, 428], [1288, 476], [1036, 476]], '[[정말이지9 어절수', 0.36821197328181127), ([[1277, 423], [1427, 423], [1427, 539], [1277, 539]], "'언모3", 0.016343921422958374), ([[213, 979], [425, 979], [425, 1115], [213, 1115]], '영/', 0.0014315802613405386), ([[1299.2070176794539, 802.0526325959042], [1384.9280722025067, 837.0737387183583], [1361.7929823205461, 888.9473674040958], [1277.0719277974933, 853.9262612816417]], '시', 0.029129984296654365), ([[1387.0868184120002, 909.0598199312022], [1484.7593103096447, 938.1801856858649], [1464.9131815879998, 998.9401800687978], [1367.2406896903553, 969.8198143141351]], ';어', 0.0011194574560975438)]
[([[1037, 138], [1456, 138], [1456, 186], [1037, 186]], '[야 안돼 발기가 가라안질않]', 0.05450923396969541), ([[1002, 178], [1492, 178], [1492, 226], [1002, 226]], '오늘음계속아이만들기하자 엔주장] ', 0.13719528824113378), ([[1048, 236], [1460, 236], [1460, 284], [1048, 284]], '5하; 하자9 아이만들기하자아)', 0.1258883897634575), ([[1057, 281], [1151, 281], [1151, 323], [1057, 323]], '둘째움', 0.293729013002476), ([[1174, 276], [1454, 276], [1454, 326], [1174, 326]], '둘째도 만드는거다 ]', 0.09389804365444204), ([[960, 339], [1547, 339], [1547, 390], [960, 390]], '[눈명이문제명이튼 잔뜩 만들자] 운오오오옷고', 0.07656704162696393), ([[769, 377], [857, 377], [857, 463], [769, 463]], '1', 0.04270630571583944), ([[1064, 398], [1466, 398], [1466, 454], [1064, 454]], "'어; 어쩌지 기분렉년뷰 좋아서", 0.055027149478189145), ([[1092, 444], [1398, 444], [1398, 492], [1092, 492]], '허리가 멈추집 않듣다앗', 0.3148689481821865), ([[1058, 504], [1463, 504], [1463, 557], [1058, 557]], '(7너문귀여워! 좋아해{ 엔주장?]', 0.054301261149831775), ([[1076, 572], [1392, 572], [1392, 620], [1076, 620]], '{나도 좋다9 사랑하다앗_', 0.16111834623959567), ([[534, 626], [596, 626], [596, 682], [534, 682]], '양', 0.20722241203679914), ([[1298, 842], [1378, 842], [1378, 894], [1298, 894]], '#', 0.8803987500844848), ([[745.1276706870182, 880.0173013128572], [983.8974658248086, 1011.8784462176656], [889.8723293129818, 1175.9826986871428], [651.1025341751914, 1044.1215537823343]], ':', 0.04798681519560333), ([[1227.029349837601, 1038.0790340093668], [1309.6652010886746, 1058.0237670620902], [1294.970650162399, 1110.9209659906332], [1212.3347989113254, 1091.9762329379098]], '초#사', 0.028597307325855262), ([[1125.1686688158602, 1048.0288309483878], [1262.9980408340837, 1130.7831679367334], [1210.8313311841398, 1215.9711690516122], [1073.0019591659163, 1134.2168320632666]], '신', 0.012182400945054184)]
[([[1116, 76], [1482, 76], [1482, 126], [1116, 126]], '(및그램실레하켓습데계 @@0', 0.001759004967110972), ([[1078, 148], [1530, 148], [1530, 198], [1078, 198]], '용온 미도리]습습 봉사에눈히유과', 0.02779903749692941), ([[1205, 186], [1396, 186], [1396, 238], [1205, 238]], "잘분틱합'?]", 0.008390765145647192), ([[1150, 256], [1452, 256], [1452, 306], [1150, 306]], '떼네; 데에: 응 @옳 0]', 0.060876822140694814), ([[661, 281], [757, 281], [757, 373], [661, 373]], '#,', 0.10529336523092692), ([[1122, 328], [1482, 328], [1482, 378], [1122, 378]], '떠어의어이봉사라관행집이?', 0.030963825945040536), ([[1173, 366], [1430, 366], [1430, 418], [1173, 418]], '통사라늄계말야@', 0.09635843359007631), ([[1486, 690], [1568, 690], [1568, 768], [1486, 768]], '가', 0.06989891600420606), ([[492.26668556963944, 404.02692374709665], [616.9323837147101, 489.8390720333456], [567.7333144303606, 559.9730762529034], [443.06761628528983, 474.1609279666544]], '**', 0.053362064694759806)]
[([[481, 81], [545, 81], [545, 151], [481, 151]], '#', 0.006421718968079526), ([[1212, 86], [1343, 86], [1343, 138], [1212, 138]], '@흉노싸]', 0.019731675288884337), ([[1092, 151], [1466, 151], [1466, 205], [1092, 205]], '하이정로눈해워야 하발-다', 0.011395657684558778), ([[1028, 221], [1544, 221], [1544, 274], [1028, 274]], '하앗0)90) 격렬해없0 기타레 준제  %', 0.002672981456473761), ([[1072, 264], [1498, 264], [1498, 314], [1072, 314]], '이러면 전움직임숙하나아있0 ', 0.02463079828634637), ([[1032, 332], [1532, 332], [1532, 386], [1032, 386]], '봉사하눈 쪽인 기분증야진면 어떡하내}', 0.05354125912724922), ([[1097, 370], [1436, 370], [1436, 422], [1097, 422]], '자혀리률음데움직이병괴', 0.004652169534744663), ([[389, 433], [457, 433], [457, 505], [389, 505]], '1', 0.016630427552810412), ([[1201, 429], [1318, 429], [1318, 491], [1201, 491]], '소훈외앗 ', 0.0915153996814502), ([[1142, 1056], [1260, 1056], [1260, 1160], [1142, 1160]], '7', 0.2195365579089561), ([[1431.0881332010206, 722.2054127246948], [1482.6234983881047, 673.0216232112908], [1578.9118667989794, 785.7945872753052], [1527.3765016118953, 834.9783767887092]], '중', 0.05085179011771945), ([[968.287953291017, 959.028211466813], [1071.9457528644157, 1037.0133360811305], [1021.712046708983, 1102.971788533187], [918.0542471355843, 1023.9866639188693]], ')', 0.047492207172759926)]
[([[1130, 86], [1420, 86], [1420, 138], [1130, 138]], '떼미도리인에{타앗', 0.013411946524542041), ([[1152, 154], [1402, 154], [1402, 204], [1152, 204]], '떼에:없훈에에략]', 0.018116212906443146), ([[1156, 218], [1385, 218], [1385, 275], [1156, 275]], '@문심되따버로네', 0.06529941128195882), ([[1044, 255], [1495, 255], [1495, 317], [1044, 317]], '예문집 조인찮안 @음런롭리보진', 0.021563851587476306), ([[1088, 300], [1450, 300], [1450, 352], [1088, 352]], '텔`에진한계찮다 센타앗]}', 0.000584499945068358), ([[1106, 366], [1456, 366], [1456, 414], [1106, 414]], '`)0 잇0 안돼0 안돼없서', 0.01855206144794214), ([[1068, 404], [1472, 404], [1472, 455], [1068, 455]], '밀크0 밀크안돼에0잇어 마맛', 0.038295900135395196), ([[1093, 447], [1431, 447], [1431, 491], [1093, 491]], '나아아아아아아아아아앗다', 0.22136022425355745), ([[1449, 467], [1467, 467], [1467, 489], [1449, 489]], '.', 0.04476797267438237), ([[316, 588], [536, 588], [536, 738], [316, 738]], '예시', 0.0004019250252174398), ([[1455, 714], [1577, 714], [1577, 864], [1455, 864]], '7', 0.07931480753137521), ([[877.860333073146, 159.05919750220144], [960.6372297860186, 138.61873998573876], [989.139666926854, 276.94080249779853], [905.3627702139814, 296.3812600142613]], '씨', 0.4431333423816888), ([[273.01370080216515, 701.0110557765664], [769.6908072337783, 888.346597833162], [627.9862991978348, 1234.9889442234335], [131.30919276622177, 1047.653402166838]], '속다', 0.00036101807472237846), ([[1050.9954021565095, 1021.0360899754813], [1157.4697348881923, 997.7326916810803], [1193.0045978434905, 1187.9639100245188], [1085.5302651118077, 1211.2673083189197]], '"', 0.06056639501404093)]
[([[477, 63], [543, 63], [543, 133], [477, 133]], '뼈', 0.11619667976225401), ([[1176, 86], [1406, 86], [1406, 136], [1176, 136]], '@흉운하패쌍하만', 0.0041086488202328915), ([[1130, 126], [1447, 126], [1447, 176], [1130, 176]], '이정도면데늄문리켓로}', 0.4443578944726216), ([[876, 132], [972, 132], [972, 252], [876, 252]], '4', 0.07232447662141794), ([[1164, 189], [1434, 189], [1434, 240], [1164, 240]], '하아"하있0 하앗  ', 0.004075658494620841), ([[1066, 254], [1516, 254], [1516, 304], [1066, 304]], '때미도리한켓봉사늄아짚이름권기?', 0.024198885623649465), ([[1070, 294], [1512, 294], [1512, 344], [1070, 344]], '웬빛 어아 슬슬 몸욕탕에{어?_', 0.009147081077637677), ([[1175, 359], [1434, 359], [1434, 414], [1175, 414]], '따다 ~단재 -해요]', 0.012577478790094415), ([[1249, 431], [1338, 431], [1338, 483], [1249, 483]], '떼에?]', 0.0479595921933651), ([[336, 466], [424, 466], [424, 542], [336, 542]], '처', 0.004697097299457775), ([[1095, 487], [1490, 487], [1490, 540], [1095, 540]], '5자}@지하아집 -단단해요:0 ', 0.0010153988922200214), ([[422, 616], [504, 616], [504, 690], [422, 690]], '술', 0.4312586674661958), ([[1071, 589], [1218, 589], [1218, 703], [1071, 703]], '#', 0.046097247501401206), ([[428, 680], [524, 680], [524, 808], [428, 808]], '4', 0.09258137501868546), ([[1480.2747574101838, 757.0376711377645], [1534.1780501910287, 765.38360466124], [1518.7252425898162, 866.9623288622355], [1464.8219498089713, 858.61639533876]], '(', 0.09580263422554935), ([[928.862290888464, 868.0540543288726], [1067.95610452739, 896.1047192537194], [1044.137709111536, 996.9459456711274], [905.0438954726101, 968.8952807462806]], '{', 0.44394734832634697)]
[([[491, 69], [569, 69], [569, 135], [491, 135]], '벼', 0.5090339720957218), ([[1112, 90], [1432, 90], [1432, 138], [1112, 138]], '때도리 짧 잠깐만이원]', 0.08600524114905872), ([[1150, 162], [1400, 162], [1400, 212], [1150, 212]], '{육0 & 하앗)]', 0.0022551998982347395), ([[1052, 232], [1502, 232], [1502, 286], [1052, 286]], '때도리한되봉사문아직이름권-3', 0.016495820410907126), ([[1056, 270], [1498, 270], [1498, 322], [1056, 322]], '뭐없 어아 슬습 목욕탕에{어-_', 0.0023788132442421365), ([[1091, 339], [1477, 339], [1477, 392], [1091, 392]], '[봉사앗0 자지한튀 봉사앗0 ', 0.04204261324834194), ([[1172, 414], [1386, 414], [1386, 470], [1172, 470]], '{안름고있언권|', 0.010787646826011176), ([[410, 444], [490, 444], [490, 516], [410, 516]], '넷', 0.004721693701094376), ([[1131, 476], [1383, 476], [1383, 526], [1131, 526]], '도잔뜩봉사할튀골관', 0.02279740208830481), ([[1131, 508], [1424, 508], [1424, 573], [1131, 573]], '말국0 진합밀국 ', 0.006488504427181766), ([[1172, 556], [1374, 556], [1374, 604], [1172, 604]], '좀데 준제요0]', 0.04671325221870928), ([[1190, 620], [1352, 620], [1352, 670], [1190, 670]], '@출다고]', 0.0014979898743985494), ([[1298, 686], [1388, 686], [1388, 764], [1298, 764]], ')', 0.007822539173941101), ([[568, 914], [715, 914], [715, 1083], [568, 1083]], '{어', 0.6025940404888421), ([[367.9236451676887, 519.0386678308728], [529.6637427786189, 558.8111282708609], [494.0763548323113, 687.9613321691272], [332.33625722138106, 648.1888717291391]], '리7', 0.0060512400391696764), ([[1092.307224013217, 1002.0240257903232], [1216.9056288357417, 1093.629409846627], [1163.692775986783, 1165.975974209677], [1038.0943711642583, 1074.370590153373]], '"*', 0.15912402472699977)]
[([[625, 29], [737, 29], [737, 141], [625, 141]], '1', 0.1635986542542014), ([[994, 110], [1444, 110], [1444, 160], [994, 160]], "'아 옛오; 오늘도 하능건가요620", 0.06075386397565173), ([[845, 177], [1583, 177], [1583, 237], [845, 237]], '따당연화지} 사랑하눈 사람월안지않붐 말음 없다고 원자 ', 0.007145324803087744), ([[1102, 254], [1334, 254], [1334, 304], [1102, 304]], '따앗"양@으응어1', 0.0019913691610294218), ([[940, 321], [1510, 321], [1510, 373], [940, 373]], "'불록한 배가 되어서도 여전히 분드러움 보지", 0.3239281635626611), ([[1146, 364], [1306, 364], [1306, 412], [1146, 412]], "'정말 최고]", 0.9577351175460307), ([[30, 592], [130, 592], [130, 706], [30, 706]], '위;', 0.09362228952733341), ([[532, 954], [656, 954], [656, 1102], [532, 1102]], '새', 0.39203607088155934), ([[1209.5461990789988, 762.0964930924911], [1270.606809396776, 709.0167499183536], [1386.4538009210012, 858.9035069075089], [1325.393190603224, 911.9832500816464]], '%', 0.027815432518911942), ([[975.3578222865352, 935.0187610997516], [1120.7298510227447, 1049.577130414219], [1058.642177713465, 1127.9812389002484], [913.2701489772552, 1012.4228695857811]], '새', 0.008736234153401468)]
[([[1098, 110], [1374, 110], [1374, 160], [1098, 160]], "'웃어 웃9히으웃어]", 0.0937488746675676), ([[990, 169], [1490, 169], [1490, 220], [990, 220]], '떠예로하고귀여움 혈핏이늄목소리가', 0.09196011102514734), ([[1002, 210], [1472, 210], [1472, 261], [1002, 261]], '잔지름 다시 선게 만들없어 크으유]', 0.013935112014282238), ([[976, 274], [1508, 274], [1508, 324], [976, 324]], '\'크옷092 양0 조 좀더어 "상낭하계없', 0.03538145685024792), ([[1082, 313], [1397, 313], [1397, 363], [1082, 363]], '아기 놀라버려 - 아양버]', 0.35057157099198283), ([[946, 380], [1552, 380], [1552, 428], [946, 428]], '5난독하게 당하느게 중은거나 이 마조 로리 보지', 0.21828228777567554), ([[1040, 417], [1458, 417], [1458, 470], [1040, 470]], '지금도 과악하고 조이고있다고{', 0.07304249248212313), ([[992, 484], [1422, 484], [1422, 535], [992, 535]], '하애 이권 그런게 안디 < 웃 으으/', 0.024673109919933503), ([[374, 774], [470, 774], [470, 884], [374, 884]], '새', 0.031025859685450463), ([[488, 870], [712, 870], [712, 1104], [488, 1104]], '규', 0.010543826085485597)]
[([[1022, 106], [1432, 106], [1432, 163], [1022, 163]], '[1귀어움반/이 감울 순없에', 0.01788828367790669), ([[908, 153], [1544, 153], [1544, 205], [908, 205]], '관약히고 조이분 로리보지에 공점끊적1 특용정액', 0.03600530182116523), ([[1140, 196], [1316, 196], [1316, 244], [1140, 244]], '주입한다앗]]', 0.0730994102972476), ([[1061, 246], [1400, 246], [1400, 296], [1061, 296]], '@움앗성 앗0 앞근 아양근]', 0.0044135464192117495), ([[941, 314], [1524, 314], [1524, 367], [941, 367]], '다수정 당하면제리뻐하눈음란함도 경비하다게', 0.03097943077853711), ([[984, 356], [1486, 356], [1486, 410], [984, 410]], '이 보지논 명기야! 사정에멈주질않앗] ]', 0.07994389633539713), ([[1129, 411], [1183, 411], [1183, 455], [1129, 455]], "'", 0.1081013806343698), ([[1267, 413], [1335, 413], [1335, 455], [1267, 455]], '아양드', 0.508497993006855), ([[994, 452], [1324, 452], [1324, 500], [994, 500]], '배가 뜨거워~ 기분좋아앗:', 0.18451920058973875), ([[1345, 447], [1494, 447], [1494, 503], [1345, 503]], '[기분중은거', 0.2597175388830032), ([[1169, 493], [1265, 493], [1265, 537], [1169, 537]], '와버럿', 0.721410717830487), ([[1013, 528], [1436, 528], [1436, 580], [1013, 580]], '앗0잇0잇)아아아아아아앗니 ', 0.009503496181911332), ([[1404, 473], [1600, 473], [1600, 654], [1404, 654]], '무다', 0.46471794515901294), ([[865, 762], [992, 762], [992, 851], [865, 851]], '{"', 0.0011251731635096218), ([[366, 850], [440, 850], [440, 930], [366, 930]], '(', 0.12628568696972398), ([[1113, 997], [1203, 997], [1203, 1101], [1113, 1101]], '헤', 0.010374657025154), ([[694.2150280828492, 156.03085665218498], [827.9701652672857, 222.22811623737144], [786.7849719171508, 302.969143347815], [653.0298347327143, 235.77188376262856]], '새', 0.501691499681872), ([[1225.8836873886971, 728.069499109577], [1351.3931128844667, 749.7510530769806], [1335.1163126113029, 825.930500890423], [1210.6068871155333, 804.2489469230194]], '첫감:', 0.0007956243977509075), ([[421.12972068902064, 724.0344806816603], [561.8664986124554, 783.2914310357775], [522.8702793109793, 871.9655193183397], [381.1335013875446, 811.7085689642225]], '새사', 0.046980789051578806), ([[1360.1069609021406, 792.0332760886827], [1490.8346570258182, 856.0148317247015], [1443.8930390978594, 949.9667239113173], [1312.1653429741818, 885.9851682752985]], '>대', 0.012293225135378994), ([[444.08879925718884, 809.0122122931442], [913.6503507066852, 988.1364727494245], [803.9112007428112, 1249.987787706856], [334.3496492933148, 1071.8635272505755]], "'규니", 0.009047776810573047)]
[([[1014, 62], [1110, 62], [1110, 162], [1014, 162]], '사', 0.2826296747183257), ([[547, 121], [631, 121], [631, 209], [547, 209]], '짓', 0.003361210097951886), ([[1109, 135], [1370, 135], [1370, 186], [1109, 186]], '5아 ~하앗 하하앗]', 0.04458737366070381), ([[1050, 195], [1438, 195], [1438, 246], [1050, 246]], '영,유 이로리보지 좁아서없  9', 0.024723799280456704), ([[1032, 236], [1452, 236], [1452, 286], [1032, 286]], '아직답지팎지만  엄청에로해베', 0.011543892196558894), ([[1095, 293], [1382, 293], [1382, 344], [1095, 344]], '떼에;  야-@야 ;아앗 ?" ]', 0.05308946706259382), ([[1072, 358], [1396, 358], [1396, 406], [1072, 406]], "'좋아; 아저씨도 힘냄께", 0.09849129378900034), ([[1059, 427], [1286, 427], [1286, 477], [1059, 477]], "'기 : 기다려 쥐세", 0.10268116482971537), ([[1299, 431], [1413, 431], [1413, 475], [1299, 475]], "'히잇어 !", 0.5691019986276995), ([[222, 492], [296, 492], [296, 572], [222, 572]], '뉴', 0.006040385868981757), ([[1251.235372136918, 688.041886445954], [1334.9947274260478, 738.7283600999593], [1301.764627863082, 792.958113554046], [1218.0052725739522, 743.2716399000407]], '시다', 0.018063949836563762), ([[397.199210734348, 743.0291870605677], [516.9939745172354, 819.6359611087008], [463.800789265652, 901.9708129394323], [344.0060254827646, 825.3640388912992]], '새', 0.6920059442379944), ([[946.3425418378304, 913.0309434810015], [1041.937572779532, 980.067217105273], [1004.6574581621696, 1032.9690565189985], [909.062427220468, 965.932782894727]], '시대', 0.1050023707999446)]
[([[991, 117], [1463, 117], [1463, 169], [991, 169]], "'아저찌의자지늄어때? 기늄 중@`", 0.0383316287497984), ([[520, 184], [596, 184], [596, 258], [520, 258]], '벼', 0.1371653279289342), ([[1040, 184], [1474, 184], [1474, 234], [1040, 234]], '(횟0 한9 데앗어 엄청 @나요옷)', 0.005623008593738993), ([[932, 222], [1582, 222], [1582, 274], [932, 274]], '안쪽까지 훨레선없 머리가; 새하양계 되,요히앗  ', 0.011045851036781882), ([[1078, 294], [1380, 294], [1380, 344], [1078, 344]], '따아전찌의진지 종아!?,', 0.021648795466696215), ([[1112, 362], [1340, 362], [1340, 412], [1112, 412]], "'조 좋아 해요어", 0.19819656822589357), ([[1002, 404], [1286, 404], [1286, 452], [1002, 452]], '아저씨의 자지이 엄청-', 0.5213501274183878), ([[1275, 397], [1449, 397], [1449, 487], [1275, 487]], '"종의롭와', 0.016359820896289158), ([[210, 444], [294, 444], [294, 516], [210, 516]], '벼', 0.04542579312914441), ([[996, 472], [1467, 472], [1467, 524], [996, 524]], '뚜편필트 이제부터도 잔뜩 렉스학자! ]', 0.023982822354439177), ([[1090, 548], [1360, 548], [1360, 596], [1090, 596]], '때해 해요요- 셈스_', 0.11184241606228898), ([[1099, 587], [1349, 587], [1349, 635], [1099, 635]], '셈스잔뜩해요오0', 0.1998151952568851), ([[1022, 626], [1428, 626], [1428, 678], [1022, 678]], '잇0앗0 앗0 아아아아앗내자)]', 0.0011067643585825748), ([[1472, 742], [1574, 742], [1574, 856], [1472, 856]], '에', 0.06525100789482341), ([[1473.33005832891, 629.037519127298], [1550.939696961967, 685.1514718625762], [1518.66994167109, 729.962480872702], [1441.060303038033, 672.8485281374238]], "'*어", 0.06968769137389928), ([[512.0179903222748, 776.02097354123], [735.4280556832035, 880.9027146174537], [649.9820096777252, 1055.97902645877], [426.5719443167964, 951.0972853825463]], '{현:', 0.013832837481414673), ([[736.3416523540536, 969.0180728437753], [872.402754491682, 1098.2613919699404], [801.6583476459464, 1174.9819271562249], [666.597245508318, 1045.7386080300596]], '[,', 0.023500372459940747)]
[([[1036, 74], [1450, 74], [1450, 124], [1036, 124]], '@운월테나장만 모습음대체-]', 0.013961765414353386), ([[980, 142], [1522, 142], [1522, 192], [980, 192]], '떠에혜히서 오빠가 좋아할거리고생각해서)', 0.029633172277696677), ([[1042, 182], [1462, 182], [1462, 232], [1042, 232]], '스뤄트눈역스사 안들어화지만 -', 0.002785721184785478), ([[1173, 221], [1328, 221], [1328, 272], [1173, 272]], '어떤가요?]', 0.7437828268649166), ([[1054, 278], [1454, 278], [1454, 328], [1054, 328]], '[안그래도 사랑스러움티나장에', 0.30886366664992354), ([[1102, 320], [1406, 320], [1406, 368], [1102, 368]], '이키어움옷  최고야] ]', 0.10878865922303765), ([[1036, 382], [1458, 382], [1458, 435], [1036, 435]], "'오빠가 기뻐하니 저도 기뻐요7_", 0.2658915204175091), ([[1172, 446], [1372, 446], [1372, 496], [1172, 496]], '이제 못참없어)', 0.09035561441074144), ([[1027, 506], [1466, 506], [1466, 573], [1027, 573]], "'[쿠록어네 붓다오 잔뜩-드세요03", 0.02295884440311104), ([[360, 822], [674, 822], [674, 1138], [360, 1138]], '버쓸', 0.00030223319808097394), ([[1119.0298574998546, 446.1194299994187], [1180.6796930585622, 455.43160623733417], [1173.9701425001454, 493.8805700005813], [1112.3203069414378, 484.56839376266583]], '7의', 0.10606904940139106)]
[([[1042, 98], [1464, 98], [1464, 150], [1042, 150]], '@운오오요태나장 콩아해애애애:]', 0.005928562104344143), ([[1026, 154], [1487, 154], [1487, 208], [1026, 208]], '{90양0 그런 갑자기 격렬하게하하', 0.017158974530760002), ([[1038, 198], [1472, 198], [1472, 250], [1038, 250]], '뱃속의야기가 깜짝 불란다-오다1', 0.08116248890036488), ([[1010, 254], [1374, 254], [1374, 308], [1010, 308]], '{미안 테나장; 테과장인전뭐', 0.012376097302738469), ([[1144, 296], [1370, 296], [1370, 350], [1144, 350]], '참율 순가 없어자', 0.25500957167390426), ([[1359, 248], [1509, 248], [1509, 358], [1359, 358]], '( 양들제', 0.00045134699915573654), ([[1002, 358], [1300, 358], [1300, 408], [1002, 408]], '[앗0앗이앗0 안돼앗"', 0.03535600395669126), ([[1322, 360], [1480, 360], [1480, 408], [1322, 408]], '건기 안돼앗<', 0.1453096651319179), ([[1050, 398], [1418, 398], [1418, 454], [1050, 454]], '자지로 자궁 꾸육꾸육 안되옛-', 0.3896017079579361), ([[1163, 451], [1275, 451], [1275, 591], [1163, 591]], '"', 0.1985213839367228), ([[290, 614], [386, 614], [386, 692], [290, 692]], '얘', 0.11734379625301017), ([[1233, 767], [1305, 767], [1305, 831], [1233, 831]], '대', 0.10691570259763328), ([[179, 813], [319, 813], [319, 1019], [179, 1019]], '해', 0.03024666003572407), ([[849.9234480567936, 176.0646188713867], [961.203213582336, 197.2976646663793], [944.0765519432064, 276.9353811286133], [831.796786417664, 255.7023353336207]], '|', 0.12118268179170943)]
[([[1046, 98], [1490, 98], [1490, 146], [1046, 146]], '따@안되켓에 적탓] 쌀제 티나장표', 0.0110008542143742), ([[1016, 156], [1524, 156], [1524, 206], [1016, 206]], '@아앗 괜찮아요이 테사위 본지에 잔뜩!', 0.03615947673638908), ([[1068, 195], [1468, 195], [1468, 246], [1068, 246]], '오빠의 뜨거운거 싸주세요웃어]', 0.10484684041202348), ([[1002, 255], [1526, 255], [1526, 308], [1002, 308]], '따아아-산다 잔다앗] 가장 신한고심다야까', 0.006309027713305521), ([[1142, 317], [1370, 317], [1370, 369], [1142, 369]], "{'와앗 대단해앗든", 0.06866856246401748), ([[1151, 361], [1361, 361], [1361, 405], [1151, 405]], '[오빠 대단해요옷_', 0.4888295599738545), ([[1066, 398], [1474, 398], [1474, 452], [1066, 452]], '제 안에찬뜩 들어오고있어요자', 0.3045473143057864), ([[1084, 454], [1457, 454], [1457, 534], [1084, 534]], "'월사정인 멈주질 양앗%", 0.031059025102656387), ([[1187, 523], [1321, 523], [1321, 567], [1187, 567]], '{괜찮아요', 0.9284687336096922), ([[1086, 562], [1446, 562], [1446, 610], [1086, 610]], '제가 전부 받아드실테니관0', 0.09987931046595633), ([[1093, 600], [1440, 600], [1440, 652], [1093, 652]], '오빠꺼 전분 빠중세요오0@', 0.0814696639923042), ([[350, 702], [462, 702], [462, 802], [350, 802]], '새', 0.9022797218282363), ([[1011, 701], [1111, 701], [1111, 793], [1011, 793]], '순"', 0.02783593998159009), ([[833.9333401284623, 153.15337886069761], [911.6821157519877, 84.01662708425144], [1038.0666598715377, 247.84662113930239], [960.3178842480123, 316.98337291574853]], '개', 0.0408578761521492), ([[227.10649376268518, 797.0124767041292], [549.8844487317758, 988.2830294313775], [409.89350623731485, 1218.987523295871], [87.11555126822421, 1027.7169705686224]], '사', 0.7815453715545893), ([[780.0470742199867, 864.0413535298475], [907.6210457092415, 911.1375905180768], [871.9529257800133, 1000.9586464701525], [745.3789542907585, 954.8624094819232]], '{씨', 0.04298560632072694), ([[592.7844983136185, 999.0493292575081], [745.8097009157113, 1021.1954140116196], [722.2155016863815, 1151.9506707424919], [569.1902990842887, 1128.8045859883805]], '"!', 0.14512878295162104)]
[([[1047, 96], [1450, 96], [1450, 150], [1047, 150]], '하하요이앗명 *운멈최다 @]', 0.006029293150992552), ([[1096, 164], [1401, 164], [1401, 215], [1096, 215]], '@숨고하여어요 오빠  ', 0.08533172416913), ([[1110, 226], [1382, 226], [1382, 279], [1110, 279]], '@운유 미안젯결장"', 0.007275849317018101), ([[1102, 266], [1392, 266], [1392, 318], [1102, 318]], '나만 잔뜩 해버리서_', 0.15748679213731953), ([[1010, 328], [1496, 328], [1496, 378], [1010, 378]], '5오빠가 기분중앉다면 저도 괜찮아요9', 0.5551513848853616), ([[982, 368], [1522, 368], [1522, 416], [982, 416]], "'게다가; 오빠가 갈때의 얼굴; 귀어워어요9!", 0.3447557833926532), ([[1038, 413], [1430, 413], [1430, 489], [1038, 489]], '사크0흙; 다시 선라 내 아들!', 0.023368893472526193), ([[952, 475], [1552, 475], [1552, 527], [952, 527]], '이번엔운리가 티나장올 기분증계 해줄 차례다:', 0.16770071204174525), ([[1002, 542], [1513, 542], [1513, 597], [1002, 597]], '{궁록어 마치 어린아이 같데요오빠능어 ', 0.024129755337934808), ([[513, 887], [603, 887], [603, 997], [513, 997]], '새', 0.1976309361425912), ([[1148.9722839463795, 694.058870333502], [1269.460131062619, 720.9297911466302], [1249.0277160536205, 798.941129666498], [1128.539868937381, 772.0702088533698]], '시', 0.2511826999350184), ([[1384.173044069438, 831.0244447735015], [1553.995670433286, 926.6518489941968], [1494.826955930562, 1027.9755552264985], [1325.004329566714, 932.3481510058032]], '{서', 0.008890943419597919), ([[852.086474619004, 948.0523291853351], [950.7653125695068, 984.0764822075533], [924.913525380996, 1050.947670814665], [826.2346874304932, 1014.9235177924467]], '시 ', 0.024887716960250692)]
[([[1074, 57], [1403, 57], [1403, 117], [1074, 117]], '[오오오오오오오오오옷이', 0.003457647435582548), ([[1038, 130], [1434, 130], [1434, 182], [1038, 182]], '사양090 90 대 대단해요9', 0.040064422399505785), ([[992, 169], [1481, 169], [1481, 222], [992, 222]], '아직로이렇제단단하제없어 아아앗다]', 0.0354186237450288), ([[842, 220], [924, 220], [924, 292], [842, 292]], '(', 0.0736492758783811), ([[1028, 232], [1444, 232], [1444, 284], [1028, 284]], '{운오옷 종아해터나장} 사랑해', 0.14205864832158496), ([[976, 296], [1506, 296], [1506, 346], [976, 346]], '[앗서 앗 오빠한터 좋야한단 말 들으면 ', 0.16248017769171194), ([[905, 339], [1275, 339], [1275, 383], [905, 383]], '가; 가버로이 가버려9 가버릇', 0.11769666143957407), ([[1298, 336], [1580, 336], [1580, 384], [1298, 384]], '(또가버러여어어없이]', 0.30626308656662393), ([[1134, 396], [1344, 396], [1344, 444], [1134, 444]], '[하앗하앗 (계속_', 0.15011480683781472), ([[1100, 438], [1261, 438], [1261, 486], [1100, 486]], '계속 함께야', 0.8669610964607916), ([[1252, 436], [1402, 436], [1402, 510], [1252, 510]], "'티나장교 {", 0.08779698102232006), ([[1097, 507], [1397, 507], [1397, 551], [1097, 551]], '떼네; 네에금저논 계속9', 0.0665738641077771), ([[1123, 547], [1365, 547], [1365, 591], [1123, 591]], "'계속오빠와 함께서", 0.6572493878794278), ([[1096, 584], [1304, 584], [1304, 632], [1096, 632]], '아아아아아이앗', 0.6759125018636772), ([[1319, 593], [1395, 593], [1395, 631], [1319, 631]], '어추', 0.012049213793050932), ([[358, 606], [432, 606], [432, 660], [358, 660]], '잔)', 0.0015147636422117236), ([[1133, 702], [1226, 702], [1226, 768], [1133, 768]], '숙', 0.024001114979200544), ([[506, 960], [734, 960], [734, 1180], [506, 1180]], '가개', 0.043918504102756044), ([[198.24833642349947, 505.02571178309216], [334.9672141983053, 594.1513465203692], [282.75166357650056, 672.9742882169079], [145.03278580169464, 582.8486534796308]], '들', 0.019420801391334175), ([[874.4814867952695, 977.1666905787123], [945.9911657586741, 972.0920203373038], [947.5185132047305, 1035.8333094212876], [876.0088342413259, 1040.907979662696]], "'#사", 0.07280185790339835)]
[([[1144, 50], [1248, 50], [1248, 98], [1144, 98]], '제4사', 0.19063003492809338), ([[67, 36], [512, 36], [512, 164], [67, 164]], '역1식 후기', 0.3378728498176645), ([[567, 65], [776, 65], [776, 168], [567, 168]], '느와아', 0.9844077193524958), ([[69, 173], [1031, 173], [1031, 242], [69, 242]], '로리+ 보테하라는 역시 최고인거 같습니다 .', 0.5888025032667247), ([[65, 245], [673, 245], [673, 311], [65, 311]], '작가분이 월 좀 아시는 듯;', 0.7200307999635608), ([[64, 308], [1172, 308], [1172, 385], [64, 385]], '이런 동인지름 원있습니다만 없어서 시무록 하고', 0.30276510150173214), ([[63, 381], [638, 381], [638, 455], [63, 455]], '있엎는데 훌륭한 ((집이', 0.3050754107404603), ([[655, 387], [977, 387], [977, 451], [655, 451]], '나와있더군요.', 0.7317397951907281), ([[1271, 409], [1401, 409], [1401, 453], [1271, 453]], '역/식:', 0.9931259155273438), ([[1426, 408], [1555, 408], [1555, 450], [1426, 450]], '느와아', 0.9862858972654037), ([[63, 451], [722, 451], [722, 523], [63, 523]], '작품올 소개해주신 산카이님,', 0.8650549043271937), ([[745, 453], [1143, 453], [1143, 521], [745, 521]], '번역에 도움올 준', 0.9843455777387377), ([[69, 523], [767, 523], [767, 591], [69, 591]], '통수? 군에게 감사흘 드립니다 .', 0.38224978320626274), ([[67, 595], [661, 595], [661, 661], [67, 661]], '키사라도 임신타락 조교물', 0.8851588640570024), ([[679, 597], [1051, 597], [1051, 661], [679, 661]], '내주세요 작가님', 0.5361180476477952), ([[67, 666], [372, 666], [372, 728], [67, 728]], '빼애애애애액', 0.9774334195765426), ([[67, 807], [492, 807], [492, 873], [67, 873]], '그럼 즐감해주세요', 0.4135626183471666), ([[1344, 1122], [1596, 1122], [1596, 1152], [1344, 1152]], "'", 0.3684749696071812), ([[1041, 1152], [1322, 1152], [1322, 1200], [1041, 1200]], '역/ 식: 느와-야', 0.33708053796143383), ([[1354, 1152], [1543, 1152], [1543, 1193], [1354, 1193]], "'", 0.6059551903386797), ([[1263.1401328392153, 56.194278962352136], [1292.82501864903, 61.18188819181418], [1289.8598671607847, 80.80572103764786], [1260.17498135097, 75.81811180818582]], '이', 0.7289736236360547)]
