827337
19
[([[39, 1001], [89, 1001], [89, 1043], [39, 1043]], '18', 0.9646805980404906), ([[364, 1017], [783, 1017], [783, 1085], [364, 1085]], '소환사험곡의 여름', 0.6335662890200607)]
[([[158, 248], [208, 248], [208, 278], [158, 278]], '잠깐', 0.9997272364933361), ([[128, 270], [260, 270], [260, 300], [128, 300]], '무슨 일이지?', 0.7977778593426853), ([[590, 408], [640, 408], [640, 436], [590, 436]], '태양.', 0.8898406901047531), ([[590, 430], [640, 430], [640, 458], [590, 458]], '바다', 0.9996936061611369), ([[357, 955], [697, 955], [697, 999], [357, 999]], '무슨 일이 있없든거야?!', 0.3615988156619079)]
[([[132, 200], [210, 200], [210, 228], [132, 228]], '난 그저', 0.5910233301562592), ([[110, 220], [228, 220], [228, 252], [110, 252]], '게입 로딩올', 0.5073950053748643), ([[72, 244], [252, 244], [252, 272], [72, 272]], '기다리고 있엿든다', 0.25954980370841746), ([[502, 554], [668, 554], [668, 584], [502, 584]], '혹시 우리팀 모두', 0.18932908029194107), ([[470, 575], [698, 575], [698, 605], [470, 605]], '수영장파티 스스율 새서', 0.38521391287187756), ([[520, 598], [622, 598], [622, 628], [520, 628]], '이런 일이', 0.8781322194384176), ([[387, 962], [482, 962], [482, 992], [387, 992]], '잠시만요,', 0.9208526461352456), ([[366, 986], [504, 986], [504, 1014], [366, 1014]], '거기 계신 분~', 0.9871454148848487)]
[([[130, 142], [218, 142], [218, 170], [130, 170]], '심레지만', 0.6194843053817749), ([[72, 164], [274, 164], [274, 192], [72, 192]], '잡시 시간 되시나요?', 0.7448135151865751), ([[537, 700], [726, 700], [726, 743], [537, 743]], '레 . 레오나? !', 0.5786699172008126), ([[128, 908], [326, 908], [326, 938], [128, 938]], '동에 손이 안 당는데', 0.4184638326619632), ([[122, 930], [330, 930], [330, 960], [122, 960]], '잠깐 도와주_움 해요', 0.36416014769545557)]
[([[570, 124], [668, 124], [668, 230], [570, 230]], '문', 0.04776531901456793), ([[80, 444], [148, 444], [148, 474], [80, 474]], '당연히', 0.9986968338568762), ([[56, 466], [172, 466], [172, 496], [56, 496]], '해드려야조!', 0.6998664970649708), ([[170, 574], [222, 574], [222, 602], [170, 602]], '이거', 0.9998456617293876), ([[238, 572], [266, 572], [266, 598], [238, 598]], '부', 0.9998493251341642), ([[286, 572], [392, 572], [392, 602], [286, 602]], '부드러워]!', 0.5437171038156405), ([[420, 664], [444, 664], [444, 688], [420, 688]], '흐', 0.7656602565532609), ([[452, 664], [476, 664], [476, 692], [452, 692]], '용', 0.33145140487073377), ([[684.3263777378493, 423.11728193872995], [796.7591203150174, 408.8459816508222], [804.6736222621507, 517.88271806127], [692.2408796849826, 532.1540183491778]], '문질', 0.8678046749378014)]
[([[586, 132], [688, 132], [688, 160], [586, 160]], '다른 축도.', 0.49885668373257774), ([[10, 147], [131, 147], [131, 179], [10, 179]], '해주심래요?', 0.9970259876584512), ([[550, 448], [598, 448], [598, 478], [550, 478]], '아양', 0.8594949069029025), ([[3, 725], [207, 725], [207, 787], [3, 787]], '@국움 /어느권가 .', 0.03740752125676589), ([[3, 847], [33, 847], [33, 867], [3, 867]], '으응', 0.9993080188925518), ([[624, 996], [798, 996], [798, 1026], [624, 1026]], '그념게 우겨넣으면', 0.1965128830268621), ([[348, 1020], [452, 1020], [452, 1048], [348, 1048]], '이 변 태어', 0.6658739131087161), ([[638, 1018], [784, 1018], [784, 1046], [638, 1046]], '곤적하다구요~)', 0.7087888727207671)]
[([[267, 93], [395, 93], [395, 205], [267, 205]], '(출평', 0.034366429207064036), ([[0, 406], [187, 406], [187, 478], [0, 478]], '례포싸-', 0.0016126834088936448), ([[44, 528], [112, 528], [112, 556], [44, 556]], '히야으', 0.7032222619855673), ([[0, 592], [190, 592], [190, 624], [0, 624]], '이거 정망 죽이논겉', 0.19495392396548133), ([[726, 632], [766, 632], [766, 660], [726, 660]], '항 .', 0.42306047677993774), ([[716, 656], [764, 656], [764, 684], [716, 684]], "'아옷", 0.566002368927002), ([[10, 818], [328, 818], [328, 850], [10, 850]], '나무라데없는 . 완벽한 거유다. !', 0.2599648636325045), ([[262, 856], [414, 856], [414, 888], [262, 888]], '유두가 섞잡아?', 0.22397856124465904), ([[266, 946], [300, 946], [300, 974], [266, 974]], '양!', 0.9792266201709847), ([[14, 998], [60, 998], [60, 1028], [14, 1028]], '오옷', 0.9974765059525312), ([[528, 1030], [614, 1030], [614, 1060], [528, 1060]], '아무리도', 0.9834955930709839), ([[525, 1048], [737, 1048], [737, 1084], [525, 1084]], '이곳이학점인거 감군', 0.6544614806375438)]
[([[186, 50], [228, 50], [228, 76], [186, 76]], '하룻', 0.562099616202395), ([[324, 74], [398, 74], [398, 100], [324, 100]], '그 포도', 0.30240384500703676), ([[332, 96], [420, 96], [420, 126], [332, 126]], '밤라쥐요', 0.38784073784689976), ([[724, 622], [764, 622], [764, 648], [724, 648]], '릇어', 0.017681560053181156), ([[26, 722], [192, 722], [192, 746], [26, 746]], '부 분명 이런게 하는게', 0.17524203769020352), ([[38, 744], [174, 744], [174, 768], [38, 768]], '더 기분 종율거야 .', 0.4198151224780568), ([[732, 850], [770, 850], [770, 874], [732, 874]], '기분', 0.9997118963007056), ([[735, 873], [771, 873], [771, 893], [735, 893]], '좋아', 0.8722277136083448), ([[51, 1031], [139, 1031], [139, 1097], [51, 1097]], '축륭', 0.0031556779064812876)]
[([[56, 20], [108, 20], [108, 44], [56, 44]], '안족도', 0.5609987294069904), ([[14, 42], [140, 42], [140, 66], [14, 66]], '반라주서야켓는데.', 0.5172691676656704), ([[416, 50], [504, 50], [504, 74], [416, 74]], '그냥 가시진', 0.9534289737988862), ([[429, 75], [489, 75], [489, 95], [429, 95]], '암켓조?', 0.3788398802280426), ([[640, 488], [718, 488], [718, 518], [640, 518]], '남 갖고', 0.8310969534794761), ([[617, 509], [740, 509], [740, 541], [617, 541]], '노시는구만?', 0.48853395752721346), ([[6, 600], [144, 600], [144, 630], [6, 630]], '정0이지 당신', 0.5830967654399732), ([[719, 653], [749, 653], [749, 671], [719, 671]], '잠깐', 0.9997682844906951), ([[741, 673], [779, 673], [779, 693], [741, 693]], '밥라]', 0.1808331787693295), ([[750, 726], [786, 726], [786, 754], [750, 754]], '양!', 0.7859028102146073), ([[294, 748], [350, 748], [350, 778], [294, 778]], '하웃! 다', 0.12122590405047236), ([[18, 870], [74, 870], [74, 900], [18, 900]], '히양!', 0.6870977764629358)]
[([[22, 50], [96, 50], [96, 150], [22, 150]], '퍽', 0.9876592599664811), ([[328, 58], [404, 58], [404, 146], [328, 146]], '펼', 0.32833092844387934), ([[0, 149], [83, 149], [83, 241], [0, 241]], '퍽', 0.23539161272111997), ([[704, 216], [750, 216], [750, 246], [704, 246]], '흐양드', 0.6980958513899759), ([[704, 234], [750, 234], [750, 264], [704, 264]], '거기', 0.9987865550982202), ([[342, 404], [446, 404], [446, 434], [342, 434]], '거기 종아!', 0.41502391736978334), ([[26, 528], [56, 528], [56, 554], [26, 554]], '내.', 0.8154935309525754), ([[64, 526], [306, 526], [306, 556], [64, 556]], '내가 여명의 빗율 따먹다니', 0.474921176392096), ([[21, 573], [59, 573], [59, 593], [21, 593]], '효곡', 0.4224130383503388), ([[532, 800], [788, 800], [788, 826], [532, 826]], '협극에선 드센 전사인적 하디니만', 0.3273052410143506), ([[530, 824], [789, 824], [789, 852], [530, 852]], '고작 자지밖에 모르는 년이없구만', 0.5165689100990689), ([[321, 879], [355, 879], [355, 899], [321, 899]], '우용', 0.9017531146441414)]
[([[33, 53], [69, 53], [69, 73], [33, 73]], '김게', 0.40493603738429107), ([[25, 75], [75, 75], [75, 95], [25, 95]], '박느거', 0.557036128530521), ([[348, 64], [386, 64], [386, 88], [348, 88]], "'너무", 0.9991813654004535), ([[441, 74], [532, 74], [532, 103], [441, 103]], '경고하는데', 0.7322506621851022), ([[348, 86], [388, 86], [388, 110], [348, 110]], '풍아', 0.1888798119304389), ([[416, 97], [556, 97], [556, 124], [416, 124]], '안에다가 사정하면', 0.9942478750372572), ([[338, 354], [410, 354], [410, 378], [338, 378]], '리오나나', 0.6707905530929565), ([[336, 376], [398, 376], [398, 400], [336, 400]], '삼거 감.', 0.1900958288191045), ([[576, 410], [702, 410], [702, 442], [576, 442]], '죽여버린다', 0.9592643748836819), ([[336, 446], [396, 446], [396, 472], [336, 472]], '그만 뒤', 0.9988754150046927), ([[31, 471], [53, 471], [53, 491], [31, 491]], '나', 0.9997500337425471), ([[0, 492], [24, 492], [24, 516], [0, 516]], '칼', 0.24982526972286223), ([[30, 492], [96, 492], [96, 516], [30, 516]], '것 같아', 0.9911758260317702), ([[372, 516], [404, 516], [404, 540], [372, 540]], '용?', 0.9997167006393343), ([[473, 543], [501, 543], [501, 563], [473, 563]], '비?', 0.5333372062674363), ([[37, 705], [153, 705], [153, 741], [37, 741]], '아아아앗!', 0.7611484445318308), ([[768, 854], [798, 854], [798, 926], [768, 926]], "'", 0.24986695033746376)]
[([[386, 56], [490, 56], [490, 86], [386, 86]], '이거 혹시', 0.9425962616105793), ([[246, 100], [292, 100], [292, 128], [246, 128]], '끈적', 0.9581756767826579), ([[403, 353], [427, 353], [427, 369], [403, 369]], '아 .', 0.919901967048645), ([[359, 370], [468, 370], [468, 398], [359, 398]], '순간이다 보니.', 0.8367874612822371), ([[206, 650], [252, 650], [252, 678], [206, 678]], '죄송', 0.9724584446301442), ([[208, 680], [272, 680], [272, 710], [208, 710]], '합다]!', 0.5592994689941406), ([[415, 971], [567, 971], [567, 1007], [415, 1007]], '말귀 못 알아', 0.9949493159181394), ([[392, 1002], [588, 1002], [588, 1034], [392, 1034]], '처들나아아아아]', 0.43531066882785924)]
[([[90, 102], [228, 102], [228, 132], [90, 132]], '이념게 입논건', 0.16432452444848572), ([[50, 126], [248, 126], [248, 156], [50, 156]], '처음이라 긴장되논겉', 0.28492601033838494), ([[588, 122], [680, 122], [680, 152], [588, 152]], '카타리나,', 0.5939165427063027), ([[536, 146], [588, 146], [588, 176], [536, 176]], '그거.', 0.6818181276321411), ([[604, 146], [736, 146], [736, 176], [604, 176]], '숙옷 아니야?', 0.5927821651996182), ([[0, 1045], [281, 1045], [281, 1081], [0, 1081]], '한편} 그리 멀지 암은 곳', 0.3275483671376022)]
[([[710, 154], [752, 154], [752, 184], [710, 184]], "'반?", 0.17544271051883698), ([[376, 168], [450, 168], [450, 196], [376, 196]], '으아아!', 0.7685638666152954), ([[374, 192], [452, 192], [452, 222], [374, 222]], '나 그냥', 0.99879612913745), ([[376, 216], [452, 216], [452, 244], [376, 244]], '죽음래!', 0.7024343609809875), ([[330, 988], [470, 988], [470, 1018], [330, 1018]], '하지만 그전에.', 0.6209316445224909)]
[([[62, 24], [158, 24], [158, 48], [62, 48]], '수영장 파티논', 0.8749430815763477), ([[39, 49], [147, 49], [147, 69], [39, 69]], '원래 이런거야?', 0.6921126578242168), ([[662, 82], [770, 82], [770, 106], [662, 106]], '내 . 샌들알아..드', 0.10359694068183682), ([[30, 138], [118, 138], [118, 168], [30, 168]], '등정으로', 0.9222972393035889), ([[26, 162], [122, 162], [122, 192], [26, 192]], '죽을 수는', 0.5235599966023101), ([[46, 188], [102, 188], [102, 214], [46, 214]], '없지', 0.9990316028151891), ([[686, 470], [738, 470], [738, 498], [686, 498]], '으~음', 0.992773318780174), ([[96, 710], [192, 710], [192, 736], [96, 736]], '이건 바로', 0.995958169588678), ([[86, 732], [202, 732], [202, 762], [86, 762]], '수영장 파티', 0.9981049585781775), ([[298, 726], [390, 726], [390, 754], [298, 754]], '하 . 으옷 .', 0.591676732035538), ([[28, 756], [264, 756], [264, 786], [28, 786]], '특별 서비스 되시켓습다!', 0.7781653071820853), ([[630, 910], [768, 910], [768, 940], [630, 940]], '갑자기 넣으면', 0.635155064867045)]
[([[80, 78], [194, 78], [194, 104], [80, 104]], '베인씨의 몸/', 0.366973515403799), ([[54, 102], [222, 102], [222, 132], [54, 132]], '정말 가볍고 유연한', 0.8321648317111308), ([[527, 107], [557, 107], [557, 125], [527, 125]], '히곳', 0.1252022155819693), ([[650, 102], [770, 102], [770, 128], [650, 128]], '유두도 보지도', 0.9929045469529016), ([[84, 128], [190, 128], [190, 152], [84, 152]], '타입이세요', 0.997680982931155), ([[648, 126], [772, 126], [772, 154], [648, 154]], '냉행한게 정말', 0.14190598451430433), ([[649, 147], [772, 147], [772, 178], [649, 178]], '명기이십니다]', 0.8295580474198387), ([[166, 262], [200, 262], [200, 286], [166, 286]], '히양', 0.8134376874321453), ([[23, 606], [86, 606], [86, 632], [23, 632]], '_히아아양', 0.10145051826811075), ([[720, 644], [760, 644], [760, 668], [720, 668]], '김계!', 0.4726380093867557), ([[720, 668], [760, 668], [760, 692], [720, 692]], '김계!', 0.4726380093867557), ([[383, 685], [425, 685], [425, 705], [383, 705]], '안쪽 .', 0.5306621425929634), ([[362, 706], [432, 706], [432, 730], [362, 730]], '좁더 안쪽', 0.3982940145389197), ([[301, 953], [361, 953], [361, 973], [301, 973]], '아. 안쇄', 0.38495252012161185)]
[([[560, 22], [758, 22], [758, 46], [560, 46]], '긴6 잘아시는 카타리나도', 0.1611369334763187), ([[564, 46], [754, 46], [754, 70], [564, 70]], '자지 앞에선 저랑 못하는', 0.6222368207235756), ([[580, 70], [740, 70], [740, 94], [580, 94]], '음란한 년이/구만? !', 0.41852214317694836), ([[124, 392], [266, 392], [266, 418], [124, 418]], '그 . 그렇게 김계', 0.5679360277359626), ([[121, 415], [184, 415], [184, 443], [121, 443]], '찌르면', 0.969464470157861), ([[204, 416], [264, 416], [264, 442], [204, 442]], '흐아웃', 0.5473581540171836), ([[100, 558], [162, 558], [162, 584], [100, 584]], '네 년도', 0.9824170562506486), ([[30, 582], [236, 582], [236, 608], [30, 608]], '음탕하 자림이나 하고맙야!', 0.44334629975447004), ([[60, 606], [202, 606], [202, 632], [60, 632]], '거꾸로 선고박히눈', 0.4594188711351414), ([[76, 630], [188, 630], [188, 656], [76, 656]], '느낌은 어때? !', 0.9495236030948926), ([[347, 757], [383, 757], [383, 777], [347, 777]], '흐앗', 0.7474752434205757), ([[673, 867], [709, 867], [709, 887], [673, 887]], '하하옷', 0.33104680854798185), ([[92, 952], [138, 952], [138, 976], [92, 976]], '안쇄,', 0.11266430082271686), ([[68, 976], [168, 976], [168, 1002], [68, 1002]], '칼 거 같아', 0.6869647958908306), ([[248, 1006], [294, 1006], [294, 1032], [248, 1032]], '간다.', 0.8899489000199742)]
[([[366, 136], [472, 136], [472, 166], [366, 166]], '두 보 모두', 0.6978260742746405), ([[316, 160], [524, 160], [524, 190], [316, 190]], '질내사정올 반아라앗]', 0.5345142936367846), ([[34, 556], [140, 556], [140, 588], [34, 588]], '흐아아아옷', 0.8101039364709314), ([[676, 570], [800, 570], [800, 600], [676, 600]], '가버려어어엇', 0.4677383036062575), ([[405, 1001], [697, 1001], [697, 1045], [405, 1045]], '안에 전부 와버려엇(', 0.714316573847451)]
[([[127, 116], [302, 116], [302, 164], [127, 164]], '출루도 해쥐', 0.35303094260379236), ([[453, 863], [519, 863], [519, 903], [453, 903]], '꺼저', 0.8059108498444636), ([[657, 1015], [725, 1015], [725, 1055], [657, 1055]], '크,핸', 0.00042795704710333623), ([[12, 1064], [128, 1064], [128, 1094], [12, 1094]], '잦망게 돌게', 0.22957965181173806)]
