832817
29
[([[979, 35], [1121, 35], [1121, 97], [979, 97]], '[탤현관', 0.001439204323105514), ([[939, 81], [1163, 81], [1163, 119], [939, 119]], '5? 스히프이  @미덧', 2.709886741157602e-05), ([[313, 1409], [897, 1409], [897, 1619], [313, 1619]], '@뀌표표', 0.048773497343063354), ([[31, 1591], [382, 1591], [382, 1692], [31, 1692]], '엔계: 켜다오', 0.014366469107392444)]
[]
[([[1172, 1646], [1200, 1646], [1200, 1670], [1172, 1670]], '03', 0.9999996628252286)]
[([[22, 1646], [50, 1646], [50, 1670], [22, 1670]], '04', 0.9999991570631338)]
[([[566, 126], [594, 126], [594, 164], [566, 164]], "옷'", 0.5602409283204608), ([[87, 795], [175, 795], [175, 835], [87, 835]], '너희들"  ', 0.3806086399981735), ([[103, 831], [155, 831], [155, 871], [103, 871]], '무슨', 0.8101745836782247), ([[89, 867], [171, 867], [171, 909], [89, 909]], '짓이야?', 0.9845420718193054), ([[875, 1423], [945, 1423], [945, 1463], [875, 1463]], '이러는', 0.4876254615639669), ([[865, 1459], [955, 1459], [955, 1501], [865, 1501]], '시점에서', 0.711421549320221), ([[873, 1497], [949, 1497], [949, 1535], [873, 1535]], '월 할지', 0.5936848310790617), ([[104, 1532], [144, 1532], [144, 1564], [104, 1564]], '오"', 0.9990681760957935), ([[869, 1531], [951, 1531], [951, 1573], [869, 1573]], '알잡아?', 0.5312200784683228), ([[89, 1565], [167, 1565], [167, 1605], [89, 1605]], '오지마]', 0.3724230591969634), ([[1160, 1640], [1188, 1640], [1188, 1664], [1160, 1664]], '05', 0.9999366960204219), ([[765.2624143155141, 547.0340746075524], [825.8340510294687, 565.5260755772887], [793.7375856844859, 670.9659253924476], [733.1659489705313, 652.4739244227113]], '표', 0.47227309961641595), ([[802.4832384454459, 762.0111319343428], [895.1590942903869, 777.7011865964023], [853.5167615545541, 1017.9888680656572], [760.8409057096131, 1002.2988134035977]], '"', 0.5799886480008496)]
[([[701, 99], [811, 99], [811, 139], [701, 139]], '남들 시선은', 0.9961086492085826), ([[699, 135], [815, 135], [815, 173], [699, 173]], '신경 안 쓰고', 0.8576745581455836), ([[683, 167], [827, 167], [827, 207], [683, 207]], '항상 키요타카루', 0.4124907902463718), ([[725, 203], [789, 203], [789, 239], [725, 239]], '꺼안고', 0.6632331978474664), ([[191, 283], [237, 283], [237, 319], [191, 319]], '그결', 0.8352549538942364), ([[149, 315], [281, 315], [281, 355], [149, 355]], '보고 있는 쪽은', 0.4698037367450289), ([[183, 353], [247, 353], [247, 389], [183, 389]], '어떻계', 0.5330541213368737), ([[171, 383], [257, 383], [257, 423], [171, 423]], '생각활지', 0.6687353758283686), ([[670, 678], [758, 678], [758, 726], [670, 726]], '까악?]', 0.3920101821422577), ([[70, 968], [214, 968], [214, 1018], [70, 1018]], '그 그만해', 0.9919084600434183), ([[216, 1342], [302, 1342], [302, 1420], [216, 1420]], '딱', 0.014925327162984559), ([[1025, 1397], [1135, 1397], [1135, 1437], [1025, 1437]], '생각해본 적', 0.9807750499735598), ([[1053, 1433], [1113, 1433], [1113, 1471], [1053, 1471]], '있어?', 0.9254380749604773), ([[18, 1642], [48, 1642], [48, 1666], [18, 1666]], '06', 0.9999989884757856)]
[([[747, 51], [831, 51], [831, 87], [747, 87]], '가까이서', 0.9994775652885437), ([[749, 83], [857, 83], [857, 123], [749, 123]], '보니까 엄청', 0.6583953151539516), ([[561, 115], [625, 115], [625, 153], [561, 153]], '평소에', 0.9823957860875483), ([[749, 119], [825, 119], [825, 157], [749, 157]], '크잡아', 0.9616464240497229), ([[541, 149], [645, 149], [645, 185], [541, 185]], '키요타카가', 0.9618990566239213), ([[521, 181], [663, 181], [663, 221], [521, 221]], '만저주는 건가?', 0.6531422462126758), ([[29, 503], [93, 503], [93, 541], [29, 541]], '그렇지', 0.9974150175696322), ([[27, 537], [89, 537], [89, 575], [27, 575]], '않아', 0.9986920967703892), ([[169, 773], [233, 773], [233, 873], [169, 873]], '술', 0.017109316680789854), ([[572, 690], [636, 690], [636, 872], [572, 872]], '물', 0.088019130521233), ([[751, 683], [816, 683], [816, 820], [751, 820]], '국', 0.014880026579240868), ([[810, 922], [860, 922], [860, 988], [810, 988]], '9', 0.9999947547981378), ([[605, 1005], [681, 1005], [681, 1043], [605, 1043]], '무거워-', 0.7474732990256238), ([[477, 1043], [575, 1043], [575, 1083], [477, 1083]], '빗겨불까', 0.14079274237155914), ([[0, 1008], [75, 1008], [75, 1347], [0, 1347]], "'", 0.01172342319009445), ([[1045, 1591], [1109, 1591], [1109, 1627], [1045, 1627]], '그러면', 0.998332681751413), ([[1043, 1623], [1089, 1623], [1089, 1663], [1043, 1663]], '슬슬', 0.4772135322672074), ([[1157, 1641], [1183, 1641], [1183, 1661], [1157, 1661]], '07', 1.0)]
[([[539, 77], [637, 77], [637, 115], [539, 115]], '그 그만해.', 0.6785573306389936), ([[542, 109], [635, 109], [635, 150], [542, 150]], '부탁이야', 0.9226011037826538), ([[443, 319], [513, 319], [513, 357], [443, 357]], '으라맛', 0.6701307943974301), ([[979, 461], [1043, 461], [1043, 499], [979, 499]], '암전히', 0.691788911819458), ([[965, 493], [1055, 493], [1055, 533], [965, 533]], '있으라구', 0.8837569355964661), ([[122, 784], [202, 784], [202, 934], [122, 934]], '대', 0.005092270792439957), ([[1097, 988], [1189, 988], [1189, 1186], [1097, 1186]], '"', 0.01676886879522499), ([[22, 1646], [50, 1646], [50, 1670], [22, 1670]], '08', 0.9999994942378553), ([[400.6107541684356, 492.00842129086277], [468.4986211378771, 508.20497544212685], [411.3892458315644, 740.9915787091372], [343.5013788621229, 724.7950245578731]], '축', 0.1686655985680865), ([[831.402254978776, 1311.0127665033574], [941.5273231826429, 1326.1957886454009], [904.597745021224, 1572.9872334966426], [794.4726768173571, 1556.8042113545991]], '즉', 0.16467094296211204)]
[([[1015, 87], [1067, 87], [1067, 129], [1015, 129]], '우월', 0.03192916717782615), ([[1001, 125], [1097, 125], [1097, 167], [1001, 167]], '엄청 기분', 0.9569723320700683), ([[30, 148], [94, 148], [94, 196], [30, 196]], '싫어', 0.8388400861626037), ([[1019, 163], [1081, 163], [1081, 203], [1019, 203]], '좋아', 0.9973795570617155), ([[35, 193], [77, 193], [77, 233], [35, 233]], '뼈"', 0.32299599542199525), ([[37, 233], [85, 233], [85, 277], [37, 277]], '옛', 0.22160671673185917), ([[469, 395], [541, 395], [541, 433], [469, 433]], '싫어어니', 0.6567421065121596), ([[939, 439], [1009, 439], [1009, 479], [939, 479]], '안돼 "', 0.3929520547389984), ([[354, 600], [386, 600], [386, 652], [354, 652]], '7', 0.0058122052119019), ([[905, 590], [982, 590], [982, 783], [905, 783]], '4', 0.06340772794202199), ([[361, 1255], [423, 1255], [423, 1293], [361, 1293]], '절어-', 0.5044220685958862), ([[552, 1262], [586, 1262], [586, 1294], [552, 1294]], '자', 0.9998828207013197), ([[331, 1289], [450, 1289], [450, 1329], [331, 1329]], '사틀 누나의', 0.40108307505389174), ([[523, 1293], [619, 1293], [619, 1337], [523, 1337]], '움직인다]', 0.38424606154792446), ([[331, 1325], [453, 1325], [453, 1365], [331, 1365]], '보지 최고야', 0.9911958737514356), ([[1158, 1638], [1186, 1638], [1186, 1662], [1158, 1662]], '09', 0.999999915706304), ([[467.4930385159749, 65.01285876470574], [543.072622547379, 87.05498550051259], [486.5069614840251, 281.98714123529425], [410.9273774526211, 259.9450144994874]], '5', 0.03357764991197687)]
[([[91, 93], [207, 93], [207, 137], [91, 137]], '이왕가슴올', 0.8275212928317206), ([[89, 133], [235, 133], [235, 173], [89, 173]], '보면서 하는 건', 0.314447262873354), ([[86, 168], [226, 168], [226, 210], [86, 210]], '못참켓다니까', 0.644241657829234), ([[1155, 245], [1191, 245], [1191, 281], [1155, 281]], '얘', 0.9789873146820902), ([[1111, 443], [1181, 443], [1181, 485], [1111, 485]], '이쪽올', 0.889762904730088), ([[1107, 483], [1189, 483], [1189, 519], [1107, 519]], '보고 세', 0.9864383608071038), ([[169, 590], [223, 590], [223, 697], [169, 697]], '듣', 0.17184703780834898), ([[119, 720], [211, 720], [211, 903], [119, 903]], '쭉', 0.18172941937708575), ([[368, 896], [464, 896], [464, 1114], [368, 1114]], '쥐', 0.6609695225773891), ([[817, 1231], [901, 1231], [901, 1269], [817, 1269]], '아; 미안', 0.6703217340175812), ([[939, 1221], [981, 1221], [981, 1265], [939, 1265]], '응?', 0.9953186779186426), ([[815, 1267], [905, 1267], [905, 1309], [815, 1309]], '괜찮으면', 0.9648270010948181), ([[835, 1303], [905, 1303], [905, 1345], [835, 1345]], '엉덩이', 0.9760841512662293), ([[795, 1341], [905, 1341], [905, 1381], [795, 1381]], '안 씨불래?', 0.559262374655759), ([[105, 1583], [161, 1583], [161, 1625], [105, 1625]], '오월', 0.08959043174383503), ([[1093, 1573], [1173, 1573], [1173, 1615], [1093, 1615]], '얘 빨리', 0.9434017370331793), ([[103, 1621], [215, 1621], [215, 1663], [103, 1663]], '재방젠는데', 0.1356708923022094), ([[1091, 1611], [1175, 1611], [1175, 1651], [1091, 1651]], '바뀌쥐', 0.5381620723577251), ([[26, 1644], [56, 1644], [56, 1668], [26, 1668]], '10', 0.9999983141264758)]
[([[478, 12], [534, 12], [534, 110], [478, 110]], '+', 0.35459851857196156), ([[429, 49], [489, 49], [489, 225], [429, 225]], '쭉', 0.07569155010747863), ([[965, 125], [1035, 125], [1035, 167], [965, 167]], '그러면', 0.997695664801036), ([[967, 161], [1035, 161], [1035, 205], [967, 205]], '단숨에', 0.5990345581115085), ([[963, 199], [1039, 199], [1039, 239], [963, 239]], '간다앗', 0.39902648533781193), ([[377, 1077], [513, 1077], [513, 1117], [377, 1117]], '서로 마찰돼서', 0.7859164109424067), ([[383, 1037], [505, 1037], [505, 1079], [383, 1079]], '우오오 절어', 0.7805086335444555), ([[946, 911], [1107, 911], [1107, 1230], [946, 1230]], '껏', 0.005513402943561951), ([[387, 1111], [499, 1111], [499, 1153], [387, 1153]], '싸버려다구', 0.28564183778353436), ([[228, 1154], [284, 1154], [284, 1282], [228, 1282]], '추,', 0.04322031144659255), ([[419, 1331], [481, 1331], [481, 1405], [419, 1405]], '41', 0.3262773402862173), ([[932, 1274], [1084, 1274], [1084, 1558], [932, 1558]], '쥐', 0.007383472742818198), ([[1156, 1642], [1184, 1642], [1184, 1666], [1156, 1666]], '11', 0.999998651301114), ([[902.3892283525809, 284.0133292741014], [1010.9413867706709, 302.4702829107296], [967.6107716474191, 540.9866707258986], [860.0586132293291, 521.5297170892703]], '7', 0.7307876710189056), ([[866.1928392974111, 811.0362679870382], [930.7198800291744, 837.0514050015955], [848.8071607025889, 1039.9637320129618], [784.2801199708256, 1014.9485949984045]], '5', 0.077726155671062), ([[83.60248171160293, 1233.009882403219], [146.3723464385602, 1241.7455338240275], [116.39751828839707, 1449.990117596781], [53.62765356143978, 1441.2544661759725]], '묵', 0.10603331133785332)]
[([[116, 26], [215, 26], [215, 239], [116, 239]], '7', 0.9319797447358589), ([[654, 148], [710, 148], [710, 236], [654, 236]], '방', 0.011269558028963511), ([[1113, 133], [1179, 133], [1179, 223], [1113, 223]], '*', 0.00695591479271318), ([[441, 139], [531, 139], [531, 325], [441, 325]], '주', 0.20377693038640476), ([[1132, 216], [1158, 216], [1158, 242], [1132, 242]], '?', 0.16121001703343385), ([[89, 321], [153, 321], [153, 359], [89, 359]], '어때?', 0.9997299335637995), ([[89, 357], [189, 357], [189, 399], [89, 399]], '양구멍 다', 0.9162159944568986), ([[89, 393], [169, 393], [169, 433], [89, 433]], '막인 건', 0.6451956642326073), ([[628, 376], [689, 376], [689, 479], [628, 479]], '다', 0.0366689145008634), ([[89, 429], [193, 429], [193, 471], [89, 471]], '끝내주지?', 0.9987744280342084), ([[937, 475], [973, 475], [973, 519], [937, 519]], '9', 0.4887143046351698), ([[555, 629], [593, 629], [593, 713], [555, 713]], '9', 0.06798233883966365), ([[658, 742], [783, 742], [783, 1003], [658, 1003]], '죽', 0.08897287893832129), ([[512, 1140], [592, 1140], [592, 1270], [512, 1270]], '중', 0.34723104952414374), ([[111, 1311], [181, 1311], [181, 1347], [111, 1347]], '자지에', 0.9858040631461604), ([[109, 1345], [181, 1345], [181, 1385], [109, 1385]], '체중이', 0.9859957213571554), ([[111, 1381], [203, 1381], [203, 1421], [111, 1421]], '실리니까', 0.98320072889328), ([[467, 1363], [505, 1363], [505, 1435], [467, 1435]], '5', 0.8136528359550574), ([[111, 1417], [187, 1417], [187, 1459], [111, 1459]], '더더욱', 0.7401452944916792), ([[28, 1644], [56, 1644], [56, 1668], [28, 1668]], '12', 0.9999957010241584), ([[1069.5343161761903, 684.0098617580923], [1156.9623427659164, 703.7560577272614], [1103.4656838238097, 941.9901382419077], [1016.0376572340836, 922.2439422727386]], '조', 0.25832327116587805), ([[316.601985123916, 711.0198512391601], [349.8844336346979, 717.4716987265231], [332.398014876084, 818.9801487608399], [299.1155663653021, 812.5283012734769]], '5', 0.15895857596998386), ([[733.5180072341393, 969.0105649383756], [819.1251485653154, 981.2669196970617], [785.4819927658607, 1218.9894350616244], [699.8748514346846, 1207.7330803029383]], '국', 0.3428329366465199), ([[1056.513750109758, 982.0107524805272], [1138.1094291168693, 994.2586585061559], [1102.486249890242, 1229.9892475194729], [1020.8905708831307, 1217.7413414938442]], '죽', 0.04662001197218246), ([[258.3883137659961, 1127.0267769323555], [311.8320864545193, 1113.0496307916626], [346.6116862340039, 1254.9732230676445], [293.1679135454807, 1268.9503692083374]], '국', 0.27902681907054117)]
[([[851, 69], [899, 69], [899, 105], [851, 105]], '야!', 0.9972191889350067), ([[829, 103], [917, 103], [917, 141], [829, 141]], '망보는 거', 0.8389009101454858), ([[627, 141], [707, 141], [707, 177], [627, 177]], '아 미안', 0.9957653880119324), ([[831, 137], [915, 137], [915, 173], [831, 173]], '교대해쥐,', 0.43503227406062456), ([[811, 167], [937, 167], [937, 207], [811, 207]], '나도 하고싶어', 0.7926138787887559), ([[962, 185], [1022, 185], [1022, 334], [962, 334]], '#', 0.9955154979409464), ([[263, 357], [321, 357], [321, 395], [263, 395]], '추가?', 0.9989661747311419), ([[437, 347], [501, 347], [501, 383], [437, 383]], '그리고', 0.999789190423491), ([[433, 381], [503, 381], [503, 419], [433, 419]], '또 한명', 0.8574993014335632), ([[443, 415], [495, 415], [495, 451], [443, 451]], '추가', 0.9590135662617487), ([[200, 736], [258, 736], [258, 768], [200, 768]], "'히메노", 0.8006606101989746), ([[207, 765], [253, 765], [253, 805], [207, 805]], '장?', 0.9246613036729557), ([[61, 833], [137, 833], [137, 869], [61, 869]], '야; 원데', 0.7030511449330084), ([[953, 847], [1079, 847], [1079, 889], [953, 889]], '사흘 언니?', 0.5050853905736711), ([[61, 867], [137, 867], [137, 905], [61, 905]], '그년은?', 0.9441805481910706), ([[39, 1125], [107, 1125], [107, 1165], [39, 1165]], '사률을', 0.055205835586226194), ([[21, 1161], [129, 1161], [129, 1199], [21, 1199]], '골고오는 결', 0.7326700222492976), ([[25, 1195], [125, 1195], [125, 1233], [25, 1233]], '본 것 같아', 0.8647589891230264), ([[375, 1581], [491, 1581], [491, 1619], [375, 1619]], '이렇제 된 거', 0.43025958715578244), ([[377, 1613], [489, 1613], [489, 1653], [377, 1653]], '이년은 내가', 0.9792647907943693), ([[1158, 1638], [1186, 1638], [1186, 1662], [1158, 1662]], '13', 0.9999994942378553), ([[379, 1649], [487, 1649], [487, 1687], [379, 1687]], '강간해야지]', 0.48493301914587195)]
[([[1135, 67], [1193, 67], [1193, 109], [1135, 109]], '싫옛', 0.04577823298283595), ([[645, 183], [693, 183], [693, 219], [645, 219]], '이건', 0.9036706874345732), ([[859, 175], [943, 175], [943, 217], [859, 217]], '그만해', 0.9921123711727273), ([[793, 319], [863, 319], [863, 361], [793, 361]], '당신들', 0.9982366234288488), ([[763, 357], [893, 357], [893, 399], [763, 399]], '무슨짓하는지', 0.7788573610078027), ([[925, 355], [987, 355], [987, 395], [925, 395]], '서70', 0.1168115928334977), ([[761, 393], [897, 393], [897, 435], [761, 435]], '알고 있어요?', 0.5604765436197429), ([[153, 421], [201, 421], [201, 457], [153, 457]], '범죄', 0.9998654699101481), ([[137, 455], [215, 455], [215, 495], [137, 495]], '[라구잎', 0.15279732644557953), ([[213, 619], [280, 619], [280, 784], [213, 784]], '7', 0.9850890377865653), ([[934, 621], [1062, 621], [1062, 839], [934, 839]], '줄', 0.21816157997076946), ([[784, 794], [894, 794], [894, 1032], [784, 1032]], '줄', 0.24152498876626183), ([[979, 1091], [1071, 1091], [1071, 1350], [979, 1350]], '둑', 0.020901840087861112), ([[189, 1399], [303, 1399], [303, 1531], [189, 1531]], '대', 0.2563924761106797), ([[297, 1353], [385, 1353], [385, 1581], [297, 1581]], '!', 0.008009020877010331), ([[1100, 1498], [1184, 1498], [1184, 1552], [1100, 1552]], '닥체', 0.9479167677902995), ([[24, 1644], [52, 1644], [52, 1668], [24, 1668]], '14', 0.9999997471189183), ([[862.2647608449926, 626.0300823089092], [927.7720226252726, 617.437530113047], [942.7352391550074, 765.9699176910908], [877.2279773747274, 773.562469886953]], '시', 0.22746415074291892)]
[([[19, 59], [111, 59], [111, 101], [19, 101]], '재잘재잘', 0.8031286597251892), ([[21, 95], [159, 95], [159, 139], [21, 139]], '네년은 울면서', 0.546239364530294), ([[107, 59], [205, 59], [205, 101], [107, 101]], '시끄러워', 0.7882336378097534), ([[626, 26], [714, 26], [714, 167], [626, 167]], '짓', 0.22811062125823867), ([[21, 133], [171, 133], [171, 173], [21, 173]], '당하면 된다고', 0.9347097522633854), ([[430, 594], [460, 594], [460, 630], [430, 630]], '2', 0.6730284824564059), ([[989, 715], [1093, 715], [1093, 757], [989, 757]], '으랫 지궁', 0.18595556500440236), ([[943, 751], [1093, 751], [1093, 795], [943, 795]], '들어올려지면서', 0.895349699825641), ([[1031, 791], [1093, 791], [1093, 829], [1031, 829]], '가래', 0.967533973870785), ([[0, 843], [321, 843], [321, 1065], [0, 1065]], '실죄', 0.07558790945837368), ([[33, 1051], [173, 1051], [173, 1161], [33, 1161]], '', 0.0), ([[103, 1231], [175, 1231], [175, 1269], [103, 1269]], '거기다', 0.9985764800304687), ([[332, 1210], [408, 1210], [408, 1288], [332, 1288]], '스', 0.24310198490966073), ([[463, 1253], [547, 1253], [547, 1293], [463, 1293]], '아니자', 0.9995916005660881), ([[89, 1267], [189, 1267], [189, 1307], [89, 1307]], '혼자선 다', 0.7658658993029467), ([[93, 1303], [183, 1303], [183, 1345], [93, 1345]], '상대못할', 0.8061507940292358), ([[435, 1289], [573, 1289], [573, 1331], [435, 1331]], '들권 시점예에서', 0.48881780407077224), ([[99, 1341], [177, 1341], [177, 1381], [99, 1381]], '테니까', 0.9538591112606121), ([[441, 1323], [565, 1323], [565, 1367], [441, 1367]], '상관있잡아?', 0.7115393551519203), ([[645, 1507], [715, 1507], [715, 1543], [645, 1543]], '그만해', 0.9999342030972769), ([[645, 1545], [713, 1545], [713, 1581], [645, 1581]], '그애는', 0.7293616175158888), ([[641, 1577], [693, 1577], [693, 1619], [641, 1619]], '상관', 0.999911071307832), ([[643, 1613], [721, 1613], [721, 1655], [643, 1655]], '없잡아', 0.5596906679521387), ([[1156, 1628], [1184, 1628], [1184, 1652], [1156, 1652]], '15', 0.9975817125195018), ([[916.515888021631, -1.989341908977062], [1002.0016207556494, 17.781510519322637], [949.484111978369, 246.98934190897705], [864.9983792443506, 228.21848948067736]], '중', 0.22468979403591138), ([[970.4401749825663, 214.01205959553803], [1071.0535871131772, 240.79511221960436], [1009.5598250174337, 471.98794040446194], [908.9464128868229, 446.2048877803956]], '쥐', 0.05337164657906701)]
[([[489, 79], [599, 79], [599, 245], [489, 245]], '헌', 0.02593221404600854), ([[903, 13], [1017, 13], [1017, 201], [903, 201]], '전', 0.012745219786262973), ([[497, 502], [577, 502], [577, 673], [497, 673]], '"', 0.47103269733057473), ([[141, 571], [233, 571], [233, 779], [141, 779]], '삶', 0.0441993941630594), ([[517, 927], [579, 927], [579, 1005], [517, 1005]], '7', 0.999979853731535), ([[496, 1000], [570, 1000], [570, 1074], [496, 1074]], '16', 0.3245367525946212), ([[533, 1255], [585, 1255], [585, 1295], [533, 1295]], '우위', 0.7832351469526903), ([[529, 1293], [591, 1293], [591, 1333], [529, 1333]], '산대', 0.3862211701093877), ([[791, 1477], [877, 1477], [877, 1591], [791, 1591]], '짓', 0.16761349764673472), ([[81, 1585], [217, 1585], [217, 1625], [81, 1625]], '희 그만해에', 0.49694381758959183), ([[24, 1632], [54, 1632], [54, 1656], [24, 1656]], '16', 0.874127354046909), ([[647.5194032623757, 509.0128410064256], [719.6374188281721, 522.2867421531422], [683.4805967376243, 713.9871589935743], [612.3625811718279, 700.7132578468578]], '#', 0.04288223404818958), ([[1020.5460331569757, 936.0114565081191], [1089.9191629822117, 953.4633007520242], [1039.4539668430243, 1151.9885434918808], [971.0808370177883, 1135.5366992479758]], '7', 0.9778579137148746), ([[384.49412100450104, 1300.0106678066745], [473.1596006675988, 1325.3698329048495], [405.50587899549896, 1560.9893321933255], [316.8403993324012, 1535.6301670951505]], '몇', 0.08745769284621563)]
[([[416, 8], [508, 8], [508, 84], [416, 84]], '1', 0.8276801731199726), ([[576, 56], [702, 56], [702, 194], [576, 194]], '새', 0.41142688910003145), ([[5, 99], [69, 99], [69, 269], [5, 269]], '탓', 0.010291764624260902), ([[49, 445], [117, 445], [117, 597], [49, 597]], '축"', 0.02869938272838636), ([[648, 410], [720, 410], [720, 566], [648, 566]], '중', 0.08701797664031474), ([[786, 558], [873, 558], [873, 611], [786, 611]], '와', 0.31177944665081725), ([[762, 612], [848, 612], [848, 660], [762, 660]], '1 ~', 0.10182356089353561), ([[72, 613], [159, 613], [159, 737], [72, 737]], '군', 0.09050559638554834), ([[965, 935], [1027, 935], [1027, 973], [965, 973]], '""아?', 0.9789917469024658), ([[59, 1389], [149, 1389], [149, 1479], [59, 1479]], '{응', 0.0575617919801442), ([[273, 1473], [341, 1473], [341, 1511], [273, 1511]], '설마 "', 0.8326357007026672), ([[55, 1471], [139, 1471], [139, 1589], [55, 1589]], '*;', 0.17270054062608667), ([[273, 1509], [343, 1509], [343, 1547], [273, 1547]], '안에?', 0.9724207304847671), ([[1154, 1634], [1182, 1634], [1182, 1658], [1154, 1658]], '17', 0.9999997471189183), ([[892.6158283444885, 48.00922956536095], [953.8361914782542, 60.979769594794675], [907.3841716555115, 271.99077043463905], [846.1638085217458, 258.0202304052053]], '{', 0.34811030815126287), ([[559.3987921018664, 227.0139094003152], [658.2288670621314, 252.9359179815659], [601.6012078981336, 468.9860905996848], [502.7711329378686, 443.0640820184341]], '{', 0.020766204442011826), ([[858.5527919255533, 868.0111177036214], [925.4460846684857, 882.174890983465], [884.4472080744467, 1086.9888822963787], [816.5539153315143, 1073.825109016535]], '둑', 0.00400508277722289), ([[715.40945502204, 895.015863409944], [799.3116834661101, 881.2456464837484], [832.59054497796, 1102.9841365900559], [748.6883165338899, 1116.7543535162515]], '북', 0.21810609837760708)]
[([[417, 49], [499, 49], [499, 89], [417, 89]], '걱정 매', 0.9646146951515892), ([[202, 84], [226, 84], [226, 108], [202, 108]], '이', 0.43239580234286734), ([[399, 121], [449, 121], [449, 161], [399, 161]], '배틀', 0.39485020811073723), ([[413, 85], [505, 85], [505, 127], [413, 127]], '생겨방자', 0.1424949443028338), ([[445, 121], [517, 121], [517, 161], [445, 161]], '때리면', 0.9990567371086295), ([[1023, 0], [1113, 0], [1113, 217], [1023, 217]], '돈', 0.008616207304577517), ([[133, 85], [235, 85], [235, 292], [133, 292]], '쥐', 0.9318722597780074), ([[407, 157], [511, 157], [511, 199], [407, 199]], '그만이지', 0.9678981900215149), ([[400, 334], [472, 334], [472, 526], [400, 526]], '쥐', 0.9020288105064225), ([[551, 945], [667, 945], [667, 987], [551, 987]], '아기 생기면', 0.9872901099444009), ([[573, 983], [643, 983], [643, 1023], [573, 1023]], '어떡할', 0.989507177564898), ([[1097, 997], [1175, 997], [1175, 1039], [1097, 1039]], '싫어옛', 0.45301815962317343), ([[563, 1019], [653, 1019], [653, 1059], [563, 1059]], '거에요', 0.5708128817856716), ([[1095, 1035], [1177, 1035], [1177, 1075], [1095, 1075]], '빼쥐왜', 0.2672235880585975), ([[649, 1211], [699, 1211], [699, 1249], [649, 1249]], '네?', 0.9882700482095882), ([[484, 1192], [562, 1192], [562, 1328], [484, 1328]], '숲', 0.033429775242091786), ([[605, 1247], [741, 1247], [741, 1289], [605, 1289]], '말도 안 되뱀', 0.15660653052944323), ([[623, 1285], [719, 1285], [719, 1323], [623, 1323]], '그런 짓', 0.9970329329163109), ([[126, 1411], [238, 1411], [238, 1619], [126, 1619]], '국', 0.9810042390754461), ([[667.6024331283443, 25.005646117717266], [775.8169210057719, 40.26565941979678], [724.3975668716557, 404.9943538822827], [616.1830789942281, 389.7343405802032]], '물', 0.01065408249388966)]
[([[981, 47], [1107, 47], [1107, 288], [981, 288]], '줄', 0.3504419203764577), ([[35, 625], [125, 625], [125, 665], [35, 665]], '놀지말고', 0.970551609992981), ([[43, 663], [121, 663], [121, 701], [43, 701]], '입도씨', 0.8722539930931215), ([[563, 883], [629, 883], [629, 921], [563, 921]], '하메노', 0.6135308258940811), ([[995, 873], [1041, 873], [1041, 913], [995, 913]], '우으', 0.9983201872754776), ([[46, 1132], [70, 1132], [70, 1164], [46, 1164]], '뭐', 0.999992728246557), ([[11, 1163], [111, 1163], [111, 1201], [11, 1201]], '모처럼이니', 0.9182940626691555), ([[19, 1197], [103, 1197], [103, 1235], [19, 1235]], '사이증게', 0.6134194135665894), ([[19, 1231], [103, 1231], [103, 1267], [19, 1267]], '지내라구', 0.9989254474639893), ([[1015, 1271], [1063, 1271], [1063, 1311], [1015, 1311]], '불쌍', 0.9886803432486387), ([[1008, 1310], [1070, 1310], [1070, 1342], [1008, 1342]], '하게도', 0.6902674830196779), ([[1007, 1341], [1071, 1341], [1071, 1379], [1007, 1379]], '말이지', 0.9964731825380011), ([[569, 1393], [633, 1393], [633, 1431], [569, 1431]], '불동이', 0.2560299049790107), ([[569, 1427], [633, 1427], [633, 1463], [569, 1463]], '튀어서', 0.9952189177796052), ([[555, 1459], [645, 1459], [645, 1499], [555, 1499]], '이런 꼴을', 0.844572374776956), ([[559, 1495], [643, 1495], [643, 1531], [559, 1531]], '당하다니', 0.9997650980949402), ([[400, 1484], [478, 1484], [478, 1596], [400, 1596]], '5', 0.17689738820139667), ([[1158, 1634], [1188, 1634], [1188, 1658], [1158, 1658]], '19', 0.8458272303396798), ([[668.3615432634494, 41.01854413132971], [751.1608267412298, 32.46391086256733], [770.6384567365506, 234.98145586867028], [687.8391732587702, 243.53608913743267]], '조', 0.39833806779558145), ([[975.6075140414246, 1050.0154283260924], [1015.4558402040673, 1042.0208223863417], [1041.3924859585754, 1186.9845716739076], [1001.5441597959327, 1193.9791776136583]], '', 0.0), ([[769.4337414747616, 1484.0145846103758], [853.1017021584776, 1500.8474467622837], [814.5662585252384, 1699.9854153896242], [730.8982978415224, 1684.1525532377163]], '7', 0.46238736409236836)]
[([[205, 121], [301, 121], [301, 161], [205, 161]], "'안에 산다", 0.1570705207852872), ([[1060, 242], [1134, 242], [1134, 338], [1060, 338]], '꽃', 0.2558879182070086), ([[232, 322], [264, 322], [264, 410], [232, 410]], '4', 0.02625376323028039), ([[1076, 610], [1156, 610], [1156, 764], [1076, 764]], '낮', 0.24654695019661688), ([[587, 981], [675, 981], [675, 1069], [587, 1069]], '쥐', 0.03016550070111723), ([[954, 834], [1054, 834], [1054, 1090], [954, 1090]], '국', 0.05466270893445668), ([[298, 1226], [352, 1226], [352, 1360], [298, 1360]], '곁', 0.01608626762789811), ([[1095, 1519], [1177, 1519], [1177, 1563], [1095, 1563]], '시러옛', 0.38297953154446446), ([[135, 1466], [239, 1466], [239, 1693], [135, 1693]], '묵', 0.029146497460274867), ([[332, 1510], [410, 1510], [410, 1668], [332, 1668]], '"', 0.08590395844800813), ([[1066, 1599], [1176, 1599], [1176, 1641], [1066, 1641]], '그만해에', 0.9840129017829895), ([[1123, 1561], [1177, 1561], [1177, 1599], [1123, 1599]], '이제', 0.9984049460418682), ([[31, 1639], [57, 1639], [57, 1659], [31, 1659]], '20', 0.9999978083645809), ([[1085.577784616569, 38.01785847551535], [1127.103133018128, 42.463830745214565], [1113.422215383431, 165.98214152448466], [1071.896866981872, 161.53616925478545]], ';', 0.08089552386678989), ([[192.5127744628659, 1201.011876488751], [272.13084711233296, 1215.4166202513309], [234.4872255371341, 1425.988123511249], [154.869152887667, 1411.5833797486691]], '틀', 0.02404756662034746)]
[([[519, 61], [615, 61], [615, 103], [519, 103]], '후우 엄청', 0.9506090775805359), ([[519, 97], [607, 97], [607, 137], [519, 137]], '싸버로네,', 0.12498069211604179), ([[521, 133], [655, 133], [655, 171], [521, 171]], '다 안 들어가서', 0.676049124118878), ([[1011, 123], [1073, 123], [1073, 159], [1011, 159]], '(아아"', 0.8361745476722717), ([[521, 165], [609, 165], [609, 203], [521, 203]], '넘처 흘러', 0.9447033142914204), ([[573, 531], [617, 531], [617, 585], [573, 585]], '7', 0.032853152771167515), ([[69, 661], [153, 661], [153, 747], [69, 747]], '기', 0.7476626242371118), ([[57, 731], [141, 731], [141, 883], [57, 883]], '"', 0.3566241765840097), ([[605, 1115], [651, 1115], [651, 1153], [605, 1153]], '크옷', 0.26191703922283366), ([[55, 1439], [127, 1439], [127, 1475], [55, 1475]], '더 세게', 0.6811013995093224), ([[35, 1473], [149, 1473], [149, 1511], [35, 1511]], '조이란 말얘', 0.23329357071490175), ([[792, 1448], [866, 1448], [866, 1582], [792, 1582]], '"', 0.5252216719732274), ([[1155, 1635], [1181, 1635], [1181, 1655], [1155, 1655]], '21', 0.9999222963975709), ([[404.8009547200502, 65.00396347325906], [445.19143042510916, 60.00366590465144], [475.1990452799498, 325.99603652674097], [435.80856957489084, 330.9963340953486]], "'", 0.020221465259769644), ([[379.50277121121087, 611.0112437677598], [467.015566350325, 621.2100002969618], [439.49722878878913, 853.9887562322402], [352.984433649675, 843.7899997030382]], '국', 0.08753548058600646)]
[([[864, 84], [888, 84], [888, 116], [864, 116]], '앗', 0.11401295716042625), ([[545, 101], [627, 101], [627, 139], [545, 139]], '놀지말고', 0.9409119969672615), ([[539, 135], [635, 135], [635, 173], [539, 173]], '입으로 해', 0.9541817908094221), ([[670, 304], [784, 304], [784, 546], [670, 546]], '제', 0.020445324199652726), ([[713, 743], [781, 743], [781, 831], [713, 831]], '*', 0.010510363424037772), ([[1086, 1062], [1140, 1062], [1140, 1176], [1086, 1176]], '$', 0.4940864986915052), ([[1101, 1503], [1139, 1503], [1139, 1539], [1101, 1539]], '재', 0.986669679080606), ([[1073, 1539], [1167, 1539], [1167, 1583], [1073, 1583]], '질내사정', 0.9889023900032043), ([[1089, 1581], [1151, 1581], [1151, 1621], [1089, 1621]], '이대]', 0.25480747113542435), ([[30, 1632], [58, 1632], [58, 1656], [30, 1656]], '22', 0.9999715062910064), ([[361.51039181374534, 754.0119930004054], [438.79523934781787, 765.2247119934933], [406.48960818625466, 977.9880069995946], [329.20476065218213, 965.7752880065067]], '"', 0.6784916252514819), ([[368.45137696171133, 1044.015060703146], [443.9912818483394, 1063.9934688026738], [397.54862303828867, 1245.984939296854], [322.0087181516606, 1227.0065311973262]], '솟', 0.04555722560716924), ([[223.5431757796139, 1281.0061390016374], [353.2444519482764, 1304.1329555031082], [283.45682422038607, 1686.9938609983626], [153.75554805172362, 1663.8670444968918]], '묵', 0.29862214996146363)]
[([[16, 21], [94, 21], [94, 198], [16, 198]], '줄', 0.01294975247252328), ([[474, 69], [587, 69], [587, 113], [474, 113]], '카춧라기년', 0.6946343392118484), ([[487, 109], [577, 109], [577, 149], [487, 149]], '너한데도', 0.49853193759918213), ([[323, 59], [439, 59], [439, 277], [323, 277]], '줄', 0.852080917951529), ([[467, 145], [597, 145], [597, 187], [467, 187]], '질내사정햇지', 0.5493726625346768), ([[501, 181], [565, 181], [565, 223], [501, 223]], '않냐?', 0.6425124062974628), ([[17, 489], [81, 489], [81, 601], [17, 601]], '7', 0.9840971979423365), ([[138, 568], [240, 568], [240, 780], [138, 780]], '좀', 0.4880271282140747), ([[943, 1017], [1109, 1017], [1109, 1057], [943, 1057]], '좋아 나도 간대', 0.7193405207730486), ([[975, 1053], [1077, 1053], [1077, 1093], [975, 1093]], '임신해래', 0.9625533223152161), ([[34, 1152], [110, 1152], [110, 1342], [34, 1342]], '듯', 0.012856276344198003), ([[1012, 1236], [1088, 1236], [1088, 1262], [1012, 1262]], '=스', 0.2797916559482393), ([[36, 1334], [112, 1334], [112, 1406], [36, 1406]], "'7", 0.0232637763210874), ([[1152, 1640], [1182, 1640], [1182, 1664], [1152, 1664]], '23', 0.9999981455391691), ([[1036.2516257571808, -3.959880458218006], [1128.9973981455726, 50.80916186875711], [1096.7483742428192, 102.95988045821801], [1005.0026018544273, 48.19083813124289]], '스다', 0.27761991060064856), ([[421.53022382438826, 581.0138050146], [481.5854059299815, 574.1586679679292], [501.46977617561174, 766.9861949854], [441.4145940700185, 772.8413320320708]], '북', 0.021973595543763658), ([[930.2963160801232, 680.0225308499223], [1014.4962780636475, 670.5704247592887], [1031.7036839198768, 857.9774691500777], [948.5037219363525, 867.4295752407113]], '늘', 0.02390223182028728), ([[107.58172471839406, 1139.0109421213263], [170.46184854067818, 1147.7878155402539], [142.41827528160596, 1345.9890578786737], [79.53815145932182, 1337.2121844597461]], '{', 0.9814589855921874)]
[([[183, 99], [295, 99], [295, 422], [183, 422]], '7', 0.0664302562726995), ([[1033, 38], [1189, 38], [1189, 366], [1033, 366]], '독', 0.08531830835440601), ([[353, 367], [455, 367], [455, 457], [353, 457]], '4', 0.10464500483679107), ([[83, 653], [121, 653], [121, 695], [83, 695]], '국', 0.17931802392371665), ([[101, 747], [145, 747], [145, 787], [101, 787]], '소', 0.31183496278578104), ([[1103, 1105], [1181, 1105], [1181, 1363], [1103, 1363]], '#', 0.29155831094982787), ([[670, 1520], [694, 1520], [694, 1580], [670, 1580]], '2', 0.5875157566216593), ([[20, 1642], [48, 1642], [48, 1666], [20, 1666]], '24', 0.876378964395974), ([[718.498855151961, 0.0066102593222190364], [859.0809897645735, 22.310613405648738], [795.501144848039, 416.9933897406778], [655.9190102354265, 395.6893865943513]], '물', 0.12314956776258956), ([[1057.5244746689496, 357.0125712431458], [1126.9703755224257, 383.2654164107037], [1060.4755253310504, 563.9874287568541], [990.0296244775742, 537.7345835892963]], '못', 0.07273686328705153), ([[462.4369686427229, 962.0099094533294], [587.0720393901468, 978.1854359430375], [545.5630313572772, 1277.9900905466704], [421.9279606098533, 1260.8145640569626]], '목', 0.03374503130643891), ([[204.56030632656302, 1322.006445735799], [317.89079121861727, 1349.2432208632354], [235.43969367343698, 1692.993554264201], [122.10920878138272, 1665.7567791367646]], '닭', 0.019802783782446376)]
[([[198, 408], [236, 408], [236, 438], [198, 438]], '아', 0.9986959181792407), ([[171, 437], [261, 437], [261, 477], [171, 477]], '씻다 삶어', 0.3586861128577311), ([[927, 731], [997, 731], [997, 769], [927, 769]], '너희들', 0.8915009609167796), ([[895, 765], [1029, 765], [1029, 803], [895, 803]], '지금까지 한 건', 0.9044425446847256), ([[891, 797], [1037, 797], [1037, 837], [891, 837]], '다 찍어뒷으니까', 0.4562298025543343), ([[921, 831], [1005, 831], [1005, 869], [921, 869]], '다음예도', 0.6706430315971375), ([[919, 865], [1009, 865], [1009, 903], [919, 903]], '부탁학게]', 0.5511878427680876), ([[74, 1490], [136, 1490], [136, 1522], [74, 1522]], '그러면', 0.9978689159081752), ([[53, 1521], [159, 1521], [159, 1559], [53, 1559]], '뒷정리해뒤', 0.3345397994745291), ([[1160, 1640], [1188, 1640], [1188, 1664], [1160, 1664]], '25', 0.9999917392276855), ([[399.17960583409956, 338.04217659076573], [461.062734427983, 331.60948866291056], [471.82039416590044, 450.95782340923427], [408.937265572017, 457.39051133708944]], '조', 0.4439314627877735)]
[([[284, 157], [373, 157], [373, 195], [284, 195]], '하난7 손', 0.08106343378139799), ([[286, 223], [587, 223], [587, 261], [286, 261]], '-(5(히. 손7하푹난하난7화', 0.0017450431419734694), ([[284, 288], [749, 288], [749, 329], [284, 329]], '121스207-플탤#포-(+;미+ ;포+{호 .', 0.0006854081019014299), ([[284, 322], [565, 322], [565, 362], [284, 362]], '14-;03초기1+0653 ,', 0.09407602732420146), ([[286, 354], [677, 354], [677, 395], [286, 395]], '주숲 <#표가빠/ (  #금발-운내소-', 3.592564771577049e-05), ([[285, 391], [487, 391], [487, 427], [285, 427]], '앓사논카"운니#', 1.420686450231251e-05), ([[286, 418], [887, 418], [887, 462], [286, 462]], '#소@쓰활다(#꾸(시-운소솜스하이(: #후손소사디잡', 1.2640377611405932e-05), ([[290, 457], [657, 457], [657, 493], [290, 493]], '%+]1터토 < # :((하/청후7', 0.00019571088019593476), ([[288, 491], [722, 491], [722, 527], [288, 527]], '떼-습-논61-7+문틈다:7벼디+5', 0.001236220653384199), ([[287, 557], [661, 557], [661, 595], [287, 595]], '76. 꽃5+사버화다틈-7+5-쇼 ', 0.0026180311397767347), ([[287, 589], [825, 589], [825, 627], [287, 627]], '#름료속소의버운다사디내*. 없0.손국숲내(굵화 @', 0.00014128983669160213), ([[289, 655], [661, 655], [661, 693], [289, 693]], '*04 ^>(다 2 틱0##8디0', 0.0038137687039539532), ([[288, 688], [725, 688], [725, 728], [288, 728]], "#표-#7 )'-(-비다 5 논 겨다' 총화 .", 0.0023734861320783766), ([[355, 1047], [429, 1047], [429, 1089], [355, 1089]], '각사', 0.09232810615667301), ([[353, 1109], [500, 1109], [500, 1159], [353, 1159]], '#출-숲', 0.044241707772016525), ([[355, 1151], [639, 1151], [639, 1187], [355, 1187]], '3수주   #어#한_56 소', 0.017427790053582637), ([[355, 1195], [449, 1195], [449, 1231], [355, 1231]], '음수주 #', 0.014481201770032164), ([[461, 1193], [631, 1193], [631, 1229], [461, 1229]], '*한화7{', 0.0004751900556812103), ([[355, 1237], [445, 1237], [445, 1273], [355, 1273]], '8돈4주 벼', 0.020673594271736515), ([[463, 1235], [963, 1235], [963, 1271], [463, 1271]], '2014412터 30 터 [그=9,2-5"187]', 0.11288358039813777), ([[358, 1282], [422, 1282], [422, 1314], [358, 1314]], '터] 저', 0.01928400993347168), ([[434, 1278], [605, 1278], [605, 1318], [434, 1318]], '그-)9 버#', 0.08261285993748169), ([[358, 1328], [894, 1328], [894, 1358], [358, 1358]], '시살내_훌+명://미서;교:니니|산8서7.>@6.뉴02.<어교/', 2.101965088117965e-06), ([[355, 1369], [585, 1369], [585, 1405], [355, 1405]], '명쓰형__1975513', 0.0077717580821316775), ([[358, 1412], [848, 1412], [848, 1442], [358, 1442]], ' 새;_미서;검:니`어산8서마@;87.80-,@+.,서.;명', 6.515020637892006e-06), ([[357, 1447], [695, 1447], [695, 1483], [357, 1483]], '수# 0 **속 볶 0 # 스  # #숲', 0.004921458041143456), ([[356, 1488], [931, 1488], [931, 1528], [356, 1528]], '&대# # #: . #물 .내@6소<0시꾸 손찾내렉화 @', 0.0002620548791870278), ([[26, 1648], [56, 1648], [56, 1672], [26, 1672]], '26', 0.9784561314134554)]
[]
[([[496, 826], [686, 826], [686, 882], [496, 882]], '{워:', 0.004632106533333751), ([[462, 894], [719, 894], [719, 949], [462, 949]], '1@  예|`@진`훨', 7.895792710839661e-05), ([[462, 936], [720, 936], [720, 986], [462, 986]], '스@풍홍3영쇼', 7.158520675167864e-05), ([[701, 1619], [781, 1619], [781, 1663], [701, 1663]], '1 "', 0.32588809728622437)]
[([[276, 72], [913, 72], [913, 233], [276, 233]], '"어-+-~.명+', 0.00010611380785317316), ([[112, 494], [994, 494], [994, 566], [112, 566]], '이번 휴가의 마지막 번역 다들 보느라 고생망으섞습니다', 0.4615314554263794), ([[112, 554], [1096, 554], [1096, 629], [112, 629]], '언제나 식자름 편안하게 해주는 키리사와 토키토 씨 감사합니다', 0.4013755522944091), ([[112, 617], [888, 617], [888, 690], [112, 690]], '다음휴가는 포상휴가가 없다는 가정하에 후유코미', 0.5308497542877574), ([[113, 680], [923, 680], [923, 749], [113, 749]], '직전이나 직후준이 되켓네요 진짜 부대에 있는 동안', 0.16291541002628596), ([[113, 743], [953, 743], [953, 812], [113, 812]], '번역질하고싶어서 손이 근질근질거숨습니다 하고싶은', 0.32720746520941313), ([[115, 805], [1021, 805], [1021, 873], [115, 873]], '작품도 적당히 다 한 것 같으니 오늘 밤은 일찍 자야켓군요', 0.9321275625166847), ([[115, 929], [547, 929], [547, 997], [115, 997]], '다들 연말에 뵈요 바이바이', 0.9576745730961068), ([[118, 1049], [938, 1049], [938, 1124], [118, 1124]], '*제 번역작올 검색하려면 [명-라어서드:" 렌-나슷; |리빨"', 4.7940865427414056e-05), ([[971, 1061], [1011, 1061], [1011, 1111], [971, 1111]], '로', 0.9999463565391267), ([[825, 1257], [1031, 1257], [1031, 1317], [825, 1317]], '2015,7, 14', 0.29614248551738975)]
