834783
61
[([[754, 106], [860, 106], [860, 138], [754, 138]], '안녕하세요', 0.9996796420444444), ([[754, 148], [876, 148], [876, 174], [754, 174]], '야팔러입니다 .', 0.36799032277955107), ([[752, 180], [976, 180], [976, 206], [752, 206]], '2013년~2014년 8월까지', 0.8710764335435417), ([[754, 212], [922, 212], [922, 238], [754, 238]], '그동안 그런 야팔올', 0.4844076080436998), ([[754, 246], [794, 246], [794, 270], [754, 270]], '조금', 0.9999971340155042), ([[800, 244], [986, 244], [986, 270], [800, 270]], '모아서 제작햇습니다 .', 0.5359104924481308), ([[754, 276], [914, 276], [914, 302], [754, 302]], '부족한 그림이지만', 0.9538033388744875), ([[754, 308], [970, 308], [970, 336], [754, 336]], '좋아해 주신 분들올 위해', 0.5247250064253034), ([[790, 342], [972, 342], [972, 366], [790, 366]], '감사인사틀 드럽니다', 0.1424061186713877), ([[38, 550], [450, 550], [450, 670], [38, 670]], '@노히_', 0.09828764945268631), ([[155, 651], [349, 651], [349, 701], [155, 701]], '0사 동인', 0.22825774768920534), ([[390, 654], [468, 654], [468, 682], [390, 682]], '', 0.0), ([[410, 680], [470, 680], [470, 706], [410, 706]], '아달러', 0.14357834500915598), ([[149, 699], [195, 699], [195, 715], [149, 715]], '":', 0.05732297789842432), ([[203, 697], [363, 697], [363, 715], [203, 715]], "'854885.+감적6(칭@>", 0.0003248702267184429)]
[]
[([[6, 698], [30, 698], [30, 726], [6, 726]], '3', 0.9999883175237443)]
[([[6, 698], [30, 698], [30, 726], [6, 726]], '5', 0.9998726885310703)]
[([[322, 298], [348, 298], [348, 322], [322, 322]], '(양', 0.8495667200048379), ([[207, 345], [243, 345], [243, 363], [207, 363]], '9} ', 0.12703015048792624), ([[410, 680], [442, 680], [442, 708], [410, 708]], '움바', 0.026811416270033854), ([[228.7701175612585, 331.99310580513264], [328.48721638647703, 299.32257499516663], [337.2298824387415, 327.00689419486736], [237.51278361352297, 360.67742500483337]], "안도]-논데,]'", 0.1436089820153707), ([[192.3358994113243, 314.5038491169865], [243.35895501646726, 306.14653534420427], [247.6641005886757, 334.4961508830135], [196.64104498353274, 342.85346465579573]], '아앗,', 0.05867706859281374)]
[([[952, 698], [988, 698], [988, 726], [952, 726]], '70', 0.846585331183003)]
[([[10, 698], [44, 698], [44, 728], [10, 728]], '77', 0.9342468348515711), ([[950, 698], [988, 698], [988, 730], [950, 730]], '72', 0.9059486015782174)]
[([[7, 695], [49, 695], [49, 731], [7, 731]], '73', 0.36631627307962494), ([[950, 698], [988, 698], [988, 728], [950, 728]], '74', 0.8890851440885769), ([[621.3615361589619, 101.85307531127334], [656.6198842430861, 94.82698037569631], [659.6384638410381, 111.14692468872666], [624.3801157569139, 118.17301962430369]], "'{33", 0.054813485592603683)]
[([[866, 28], [926, 28], [926, 54], [866, 54]], '가버려"', 0.27248334884643555), ([[858, 58], [944, 58], [944, 90], [858, 90]], '만다다앗내', 0.26065606753849097), ([[8, 698], [48, 698], [48, 730], [8, 730]], '75', 0.8649533018048313), ([[952, 698], [986, 698], [986, 726], [952, 726]], '76', 0.9140779846808428)]
[([[8, 698], [46, 698], [46, 728], [8, 728]], '77', 0.4922481738371528), ([[950, 698], [986, 698], [986, 726], [950, 726]], '18', 0.6686514332171496)]
[([[20, 2017], [133, 2017], [133, 2109], [20, 2109]], '79', 0.965879092390503), ([[2748, 2021], [2861, 2021], [2861, 2108], [2748, 2108]], '20', 0.9991851458100531), ([[2214.849552516729, 1541.0441827174764], [2380.2529327557677, 1569.974348900557], [2353.150447483271, 1700.9558172825236], [2187.7470672442323, 1672.025651099443]], '셋르', 0.03988440279595587)]
[([[922, 130], [946, 130], [946, 154], [922, 154]], '뼈', 0.7402991710498554), ([[8, 696], [44, 696], [44, 728], [8, 728]], '27', 0.9718263523249241), ([[948, 696], [988, 696], [988, 728], [948, 728]], '22', 0.9999932565108979), ([[650.1265211443365, 23.137956343300964], [722.3307984829829, 0.11124950516899013], [730.8734788556635, 27.862043656699036], [659.6692015170171, 50.88875049483101]], '아방~]', 0.3995986580848694), ([[700.1686948591154, 33.850608457734616], [785.110044288096, 6.4845230022753455], [795.8313051408846, 39.149391542265384], [710.889955711904, 66.51547699772465]], '해계에 ~', 0.10515894879472144), ([[661.6573935716709, 50.125914857336724], [705.8963801824153, 34.67540493768437], [714.3426064283291, 61.874085142663276], [671.1036198175847, 77.32459506231562]], '드]]', 0.590947914323085), ([[731.0574282752855, 121.50337089551385], [778.5167929146719, 109.89102051717006], [786.9425717247145, 146.49662910448615], [739.4832070853281, 158.10897948282994]], '물쩍', 0.1908233536467664)]
[([[8, 696], [48, 696], [48, 728], [8, 728]], '23', 0.9999614779977833), ([[948, 696], [990, 696], [990, 728], [948, 728]], '24', 0.9969823565464876)]
[([[8, 696], [48, 696], [48, 728], [8, 728]], '25', 0.9969881676703581), ([[948, 696], [990, 696], [990, 728], [948, 728]], '26', 0.9990510691899221)]
[([[8, 696], [46, 696], [46, 728], [8, 728]], '27', 0.5267765342942152), ([[948, 698], [990, 698], [990, 728], [948, 728]], '28', 0.9961152628038198)]
[([[8, 698], [46, 698], [46, 728], [8, 728]], '29', 0.9992449534704593), ([[948, 698], [988, 698], [988, 728], [948, 728]], '30', 0.9993260541344344), ([[740.00992561958, 86.800992561958], [781.4819739028719, 71.65696115052228], [787.99007438042, 88.199007438042], [746.5180260971281, 103.34303884947772]], '{#. 7다', 0.027799311798066908), ([[755.1430466182295, 94.2572186472918], [803.6, 76.8], [808.8569533817705, 91.7427813527082], [760.4, 109.2]], ': #금거끼다 |', 0.0034266349141430395), ([[714.1430466182295, 96.2572186472918], [745.4142135623731, 85.58578643762691], [750.8569533817705, 101.7427813527082], [719.5857864376269, 111.41421356237309]], "']계7", 0.0028051952831447124), ([[728.1430466182295, 103.2572186472918], [761.4427746420619, 92.61493634362057], [766.8569533817705, 108.7427813527082], [733.5572253579381, 119.38506365637943]], '5자로', 0.009301230007362046), ([[525.0, 149.0], [578.0943004083887, 126.85199958113988], [587.0, 149.0], [534.9056995916113, 171.14800041886014]], '오요]]', 0.5597134232521057), ([[517.4275212228624, 171.45651273371743], [601.3625150030227, 141.15107521502566], [610.5724787771376, 168.54348726628257], [527.6374849969773, 198.84892478497434]], '보로권;;음', 0.2524735391403235), ([[526.4275212228624, 196.45651273371743], [594.2216809154107, 167.98403028046062], [604.5724787771376, 193.54348726628257], [535.7783190845893, 221.01596971953938]], '기모;]]]', 0.040224387536190544), ([[518.4275212228624, 359.45651273371743], [598.3564750166826, 330.14338332018946], [607.5724787771376, 356.54348726628257], [527.6435249833174, 385.85661667981054]], '포흐으웃]) |', 0.055507550530897024), ([[569.5423042384429, 364.27961296691], [613.9624557987947, 348.7309104826436], [622.4576957615571, 374.72038703309], [578.0375442012053, 390.2690895173564]], '출이}', 0.500206470489502), ([[528.6573935716709, 378.12591485733674], [576.2690895173564, 366.03754420120526], [582.3426064283291, 389.87408514266326], [534.7309104826436, 401.96245579879474]], "'왜} `", 0.17704933178028168), ([[804.01488842937, 512.701488842937], [896.6897315434746, 491.6713374303318], [901.98511157063, 514.298511157063], [808.3102684565254, 535.3286625696683]], "'@발 젊이이누나} ", 0.0012367068075910717), ([[872.438262381114, 513.7506099048911], [928.6641005886756, 501.8905996075495], [932.561737618886, 524.2493900951089], [877.3358994113244, 536.1094003924504]], "'의간:", 0.075483538210392), ([[820.5423042384429, 526.27961296691], [878.4061293310211, 512.2082015620055], [884.4576957615571, 536.72038703309], [826.5938706689789, 550.7917984379945]], "~룩있다다 '", 0.02154846793084426)]
[([[8, 696], [44, 696], [44, 728], [8, 728]], '37]', 0.7479590477489549), ([[948, 698], [988, 698], [988, 728], [948, 728]], '32', 0.9999968811346347)]
[([[8, 696], [48, 696], [48, 728], [8, 728]], '33', 0.9999876088490234), ([[948, 698], [990, 698], [990, 728], [948, 728]], '34', 0.9982468043997886)]
[([[80, 296], [120, 296], [120, 322], [80, 322]], '나)', 0.02614633651259056), ([[8, 698], [48, 698], [48, 728], [8, 728]], '35', 0.9976276203265535)]
[([[353, 395], [389, 395], [389, 413], [353, 413]], '탁립 ,,', 0.16538936411234037), ([[353, 411], [453, 411], [453, 429], [353, 429]], "이페의 '램현배웬관", 0.005019101278973644), ([[353, 427], [501, 427], [501, 447], [353, 447]], '#쫓 ] 밝실 히 물리싸다_', 0.006621085160416486), ([[8, 696], [46, 696], [46, 728], [8, 728]], '37', 0.9999899690647899), ([[948, 698], [990, 698], [990, 728], [948, 728]], '38', 0.6566680724797513)]
[([[69, 47], [131, 47], [131, 89], [69, 89]], '베', 0.6617089166563552), ([[322, 29], [387, 29], [387, 72], [322, 72]], '뼈퀴', 0.09988035139317188), ([[674, 52], [710, 52], [710, 80], [674, 80]], "불합 '", 0.06620146334171295), ([[690, 334], [828, 334], [828, 362], [690, 362]], '아이올마스럽 로', 0.290718373278036), ([[815, 395], [851, 395], [851, 415], [815, 415]], '일휘;', 0.11130092344238096), ([[817, 413], [855, 413], [855, 433], [817, 433]], '프로 ', 0.5262280702590942), ([[8, 698], [46, 698], [46, 728], [8, 728]], '39', 0.999925148017585), ([[948, 698], [988, 698], [988, 728], [948, 728]], '40', 0.38394001241868586), ([[777.2145699273442, 43.88582797093769], [840.4221733667737, 26.22995023197307], [846.7854300726558, 50.11417202906231], [783.5778266332263, 67.77004976802694]], '[리99', 0.10277184844017029), ([[703.0388386486181, 51.60776772972363], [757.6250765012594, 35.83418424909654], [762.9611613513819, 54.39223227027637], [708.3749234987406, 71.16581575090346]], '활@@ ~', 0.25819142987369464), ([[719.01488842937, 66.70148884293701], [781.3198033714892, 44.09776123537886], [789.98511157063, 66.29851115706299], [726.6801966285108, 88.90223876462115]], '{하지발코', 0.11434912649208981), ([[665.00992561958, 87.800992561958], [727.6399161673397, 67.85515286430997], [733.99007438042, 87.199007438042], [671.3600838326603, 107.14484713569003]], '{안외버닥 ', 0.010295209486072068), ([[353.16445884946233, 291.0703072118277], [451.89728521628325, 313.9917353966476], [439.83554115053767, 359.9296927881723], [340.10271478371675, 337.0082646033524]], '$판', 0.05633236459155355), ([[847.7805784783006, 406.4147520217908], [893.6959966080102, 400.94000211999366], [896.2194215216994, 422.5852479782092], [850.3040033919898, 428.05999788000634]], '표서.', 0.022978131234518615), ([[820.6546544120074, 430.5201198532081], [868.7804963259547, 425.08904839137205], [870.3453455879926, 444.4798801467919], [822.2195036740453, 448.91095160862795]], '크 그만', 0.09474220126867294)]
[([[8, 696], [44, 696], [44, 728], [8, 728]], '의기]', 0.211992253323666), ([[950, 696], [988, 696], [988, 728], [950, 728]], '42', 0.999528746469405)]
[([[8, 696], [48, 696], [48, 728], [8, 728]], '43', 0.9522872955830002), ([[950, 696], [990, 696], [990, 728], [950, 728]], '44', 0.9532481020957878)]
[([[8, 698], [48, 698], [48, 728], [8, 728]], '45', 0.8544362300314144), ([[950, 696], [990, 696], [990, 728], [950, 728]], '46', 0.8045365278528593)]
[([[564, 588], [596, 588], [596, 620], [564, 620]], '날', 0.9975244841163864), ([[503, 607], [577, 607], [577, 645], [503, 645]], '되우;; ', 0.06557136161050842), ([[8, 698], [46, 698], [46, 728], [8, 728]], '47', 0.9996131138545844), ([[948, 696], [990, 696], [990, 728], [948, 728]], '48', 0.9967458139764019), ([[574.7230723179239, 169.7061506225467], [673.1719334021269, 134.56302677641472], [684.2769276820761, 167.2938493774533], [584.8280665978731, 202.43697322358528]], '하려행는데.', 0.4643148220744541), ([[512.01488842937, 172.701488842937], [582.2777698070959, 146.0476258796321], [591.98511157063, 172.298511157063], [521.7222301929041, 197.9523741203679]], '미안해-~드', 0.43100033688189143), ([[841.3204595160191, 147.0779759188824], [899.990596177729, 168.76265109700563], [888.6795404839809, 195.9220240811176], [831.009403822271, 174.23734890299437]], '괴로운', 0.8998250086962548), ([[897.0521752792359, 170.11391864486748], [953.8805700005813, 186.02985749985467], [943.9478247207641, 218.88608135513252], [886.1194299994187, 202.97014250014533]], '모습 . =', 0.6958309313222013), ([[521.0268234150113, 190.3241410735102], [583.858041705974, 171.20150082956715], [592.9731765849887, 204.6758589264898], [530.141958294026, 223.79849917043285]], '조금만 -', 0.49472273605705847), ([[946.0789916602317, 190.14487414671834], [989.8193802704653, 199.9747708107399], [982.9210083397683, 226.85512585328166], [940.1806197295347, 218.0252291892601]], '좋아', 0.9657749597669503), ([[585.0198512391601, 580.601985123916], [662.8524975280537, 549.195849887676], [675.9801487608399, 582.398014876084], [598.1475024719463, 612.804150112324]], '속없어,', 0.8898018598556519), ([[570.4222912360003, 620.2111456180002], [635.4175459254969, 591.8132349163905], [650.5777087639997, 628.7888543819998], [586.5824540745031, 656.1867650836095]], '국럭!', 0.31172792845502156), ([[503.01985123916006, 651.601985123916], [577.6513547641309, 618.004951099778], [592.9801487608399, 651.398014876084], [518.3486452358691, 684.995048900222]], '활기]] ', 0.03578324817851964)]
[([[733, 313], [765, 313], [765, 331], [733, 331]], '70', 0.6220898234306144), ([[556, 610], [590, 610], [590, 638], [556, 638]], '듯님', 0.2560207542047751), ([[8, 696], [46, 696], [46, 728], [8, 728]], '49', 0.9364610417643214), ([[950, 698], [988, 698], [988, 728], [950, 728]], '50', 0.9870983682050526), ([[704.3053712883528, 299.1245024785526], [736.9402850002907, 309.5149287499273], [729.6946287116472, 329.8754975214474], [697.0597149997093, 319.4850712500727]], '하', 0.970360889209676), ([[698.4633436854001, 315.0483902697003], [805.9796346383512, 351.651033781094], [796.5366563145999, 375.9516097302997], [689.0203653616488, 339.348966218906]], '조급안 조금이연 ', 0.10245565941197608), ([[800.4356673520169, 353.08126899685743], [857.0, 372.0], [850.5643326479831, 390.91873100314257], [794.0, 372.0]], '되니까"', 0.722862958908081), ([[562.6583592135001, 637.3167184270003], [633.0837835410987, 598.8417956181478], [643.3416407864999, 622.6832815729997], [572.9162164589013, 661.1582043818522]], '정신차2 ', 0.47382580669386826), ([[531.6573935716709, 650.1259148573367], [569.7771713514326, 636.5830469620518], [578.3426064283291, 661.8740851426633], [541.2228286485674, 675.4169530379482]], "'제발", 0.7580036282750796), ([[555.2145699273442, 664.8858279709377], [608.9899225429475, 639.7549591823156], [619.7854300726558, 663.1141720290623], [566.0100774570525, 688.2450408176844]], '-@양!!!', 0.2938953712776492)]
[([[8, 698], [44, 698], [44, 730], [8, 730]], '57]', 0.6526098066753994), ([[950, 698], [988, 698], [988, 728], [950, 728]], '52', 0.9998887341330408), ([[309.21114561800016, 111.10557280900008], [364.78152373941646, 101.09105931662425], [367.78885438199984, 117.89442719099992], [312.21847626058354, 127.90894068337575]], '둘어가나계-', 0.012172292847256353)]
[([[8, 696], [48, 696], [48, 728], [8, 728]], '53', 0.9999635853170821), ([[950, 696], [990, 696], [990, 728], [950, 728]], '54', 0.9988040819981358), ([[181.1067444385465, 196.05002550306403], [242.77570978123475, 179.19956060386164], [272.8932555614535, 300.94997449693597], [211.22429021876525, 317.80043939613836]], '울', 0.9488099509064938)]
[([[8, 698], [48, 698], [48, 728], [8, 728]], '55', 0.9989030095550308)]
[([[950, 698], [990, 698], [990, 728], [950, 728]], '58', 0.9466629655738776)]
[([[8, 696], [46, 696], [46, 728], [8, 728]], '59', 0.9998863739872604)]
[]
[([[890, 112], [952, 112], [952, 142], [890, 142]], '묘토~', 0.0005235295018067129), ([[818, 160], [856, 160], [856, 186], [818, 186]], '.@', 0.0762333217010688), ([[801, 187], [879, 187], [879, 207], [801, 207]], '@@빠}블@ [전', 0.09267976622631166), ([[798, 204], [878, 204], [878, 232], [798, 232]], '뵙요음다고', 0.053548204015637466), ([[555, 321], [587, 321], [587, 335], [555, 335]], '건)0', 0.008046244006831916), ([[558, 330], [608, 330], [608, 362], [558, 362]], '필요없', 0.6341935843914717), ([[855, 559], [879, 559], [879, 577], [855, 577]], '[', 0.4797017943766413), ([[10, 696], [48, 696], [48, 728], [10, 728]], '63', 0.9847640799246616)]
[([[8, 698], [48, 698], [48, 728], [8, 728]], '65', 0.9576520215718252)]
[([[558, 174], [673, 174], [673, 230], [558, 230]], '잡되자다', 0.16482111811637878), ([[855, 255], [895, 255], [895, 269], [855, 269]], '00미', 0.05298522191021231), ([[855, 493], [885, 493], [885, 505], [855, 505]], '에청', 0.010349272880317553), ([[848, 712], [876, 712], [876, 720], [848, 720]], '포-', 0.001037074231302886), ([[829.1299778141514, 347.1289267866996], [884.8706417299284, 357.1285551891289], [878.8700221858486, 385.8710732133004], [823.1293582700716, 375.8714448108711]], '발기} ~', 0.11104366392797577)]
[([[950, 696], [990, 696], [990, 728], [950, 728]], '70', 0.9906780092384323)]
[([[950, 696], [988, 696], [988, 728], [950, 728]], '72', 0.9990792998441651)]
[([[950, 698], [986, 698], [986, 724], [950, 724]], '74', 0.9990690188027335)]
[([[8, 696], [48, 696], [48, 728], [8, 728]], '75', 0.9838236027582323), ([[950, 696], [990, 696], [990, 728], [950, 728]], '76', 0.9994802003479885)]
[([[8, 696], [46, 696], [46, 728], [8, 728]], '77', 0.9963267738884977), ([[950, 698], [990, 698], [990, 728], [950, 728]], '78', 0.9909131410153118)]
[]
[([[99, 225], [251, 225], [251, 297], [99, 297]], '뿌족!', 0.1583798641278065), ([[66, 430], [106, 430], [106, 454], [66, 454]], '움질!', 0.15582439528269798), ([[155, 671], [213, 671], [213, 707], [155, 707]], '울격!', 0.11655816359511216), ([[8, 698], [44, 698], [44, 728], [8, 728]], '87', 0.8916073472588489), ([[90.2682698535109, 615.1681762529056], [337.10236563875645, 510.47221542266595], [357.7317301464891, 581.8318237470944], [110.89763436124356, 686.527784577334]], "'품슈유 유 ! ", 0.09875676707327934), ([[379.0513167019495, 582.1539501058485], [423.89870481880376, 593.227012048319], [416.9486832980505, 617.8460498941515], [373.10129518119624, 606.772987951681]], '움질!', 0.4595520318862301), ([[270.02682341501134, 637.3241410735102], [332.73774363366533, 617.083707868487], [342.97317658498866, 651.6758589264898], [281.26225636633467, 671.916292131513]], '물척!', 0.27469370379673985)]
[]
[([[8, 698], [48, 698], [48, 728], [8, 728]], '85', 0.6117694871730136)]
[]
[([[718, 298], [760, 298], [760, 326], [718, 326]], '뉴때', 0.0037291405818581243)]
[([[8, 700], [40, 700], [40, 726], [8, 726]], '97', 0.8818077339026233), ([[825.4050955543422, 522.331719774987], [884.2153675968124, 516.6206279783588], [885.5949044456578, 552.668280225013], [827.7846324031876, 558.3793720216412]], '(()>', 0.0051708645187318325)]
[]
[([[663, 305], [725, 305], [725, 347], [663, 347]], '"0', 0.1753687780265754), ([[8, 698], [48, 698], [48, 728], [8, 728]], '95', 0.9804208232864993), ([[739.4434776426166, 423.1752481253187], [787.284525870998, 457.9170250444161], [716.5565223573834, 550.8247518746813], [668.715474129002, 516.082974955584]], '울', 0.4681834578553925), ([[258.07899166023174, 514.1448741467184], [304.910427500436, 525.272393124891], [298.92100833976826, 550.8551258532816], [251.089572499564, 538.727606875109]], '피웃]', 0.16043609224242494), ([[251.2172729245717, 536.1039098209152], [319.97550732592225, 552.6174347723814], [312.78272707542834, 578.8960901790848], [244.02449267407772, 562.3825652276186]], '패국숙]', 0.13192476332187653)]
[]
[([[936, 696], [992, 696], [992, 728], [936, 728]], '700', 0.5738892046919672)]
[([[8, 698], [62, 698], [62, 728], [8, 728]], '107', 0.49102392713955134), ([[936, 696], [990, 696], [990, 728], [936, 728]], '702', 0.8694635379373603)]
[([[8, 698], [64, 698], [64, 730], [8, 730]], '703', 0.5380485653877258), ([[936, 696], [992, 696], [992, 728], [936, 728]], '704', 0.6860925527386544)]
[([[8, 698], [64, 698], [64, 730], [8, 730]], '705', 0.4527241561742104), ([[936, 696], [990, 696], [990, 728], [936, 728]], '706', 0.8644352114353475)]
[([[8, 698], [64, 698], [64, 730], [8, 730]], '707', 0.4037577511813807), ([[936, 696], [992, 696], [992, 728], [936, 728]], '708', 0.8619244720985494)]
[([[31, 5], [113, 5], [113, 41], [31, 41]], '길라길', 0.9699905349737099), ([[29, 37], [197, 37], [197, 73], [29, 73]], '자루즈레 노는', 0.28206404114037825), ([[286, 428], [352, 428], [352, 478], [286, 478]], '살랍', 0.04569936585358248), ([[0, 472], [30, 472], [30, 508], [0, 508]], '8', 0.23976629764149848), ([[10, 698], [64, 698], [64, 728], [10, 728]], '709', 0.6918237195009492), ([[936, 696], [990, 696], [990, 728], [936, 728]], '770', 0.5771970853652025), ([[283.00649859892917, 304.12534453582384], [341.76841052687087, 315.65870133789343], [333.99350140107083, 350.87465546417616], [275.23158947312913, 339.34129866210657]], '문질', 0.9998421215559966), ([[153.88000423998727, 323.60800678397965], [212.82842712474618, 309.1715728752538], [220.11999576001273, 346.39199321602035], [161.17157287525382, 360.8284271247462]], '문질', 0.9998067200240126), ([[422.15046541746176, 360.0726994212783], [490.8468871869073, 383.77212191265016], [474.84953458253824, 427.9273005787217], [406.1531128130927, 405.22787808734984]], '살랍', 0.111080887556164)]
[([[8, 698], [64, 698], [64, 728], [8, 728]], '770', 0.5362393128471098), ([[936, 698], [988, 698], [988, 728], [936, 728]], '777', 0.8865900660588288)]
[([[8, 698], [64, 698], [64, 730], [8, 730]], '773', 0.312191903591156), ([[936, 696], [990, 696], [990, 728], [936, 728]], '114', 0.9967005466970847)]
[([[590, 204], [648, 204], [648, 252], [590, 252]], '영굶', 0.2069617634549887), ([[626, 276], [652, 276], [652, 306], [626, 306]], '2', 0.847162316802553), ([[118, 250], [348, 250], [348, 394], [118, 394]], '출잡', 0.07746008643975284), ([[8, 698], [64, 698], [64, 730], [8, 730]], '775', 0.7445249003713683), ([[936, 696], [992, 696], [992, 728], [936, 728]], '776', 0.7522017701275002), ([[634.5278640450005, 196.7639320225002], [770.2745162988219, 163.4060627588345], [780.4721359549995, 206.2360679774998], [644.7254837011781, 239.5939372411655]], '엔}인각타}', 0.006079579423550868), ([[498.63663603001845, 244.30029963302027], [591.6836753724151, 216.6190924664135], [604.3633639699816, 262.6997003669797], [511.31632462758483, 290.38090753358654]], '움되물움', 0.06633806973695755), ([[638.7990780016776, 260.1588936020131], [732.9440014508925, 236.9267521161876], [742.2009219983224, 279.8411063979869], [648.0559985491075, 303.07324788381237]], '3}애탕', 0.07568459957838058), ([[521.0938090314045, 297.9313326439663], [623.9267777381045, 271.90477519467055], [633.9061909685955, 320.0686673560337], [531.0732222618955, 345.09522480532945]], '샌진동행', 0.04347825050354004), ([[543.5125708376854, 357.1175991727596], [725.1449575542753, 303.91302546743486], [736.4874291623146, 352.8824008272404], [554.8550424457247, 406.08697453256514]], '어품동이', 0.009472777135670185)]
[([[909, 191], [974, 191], [974, 216], [909, 216]], '작계나야', 0.3396724462509155), ([[896, 210], [976, 210], [976, 236], [896, 236]], '축건드럽니다;', 0.12033581304108376), ([[881, 224], [991, 224], [991, 255], [881, 255]], '신사동행 안세!', 0.4265310483768138), ([[883, 249], [955, 249], [955, 309], [883, 309]], '임외', 0.04084330218178181), ([[523, 441], [615, 441], [615, 535], [523, 535]], '5', 0.5478203088094666), ([[8, 698], [62, 698], [62, 728], [8, 728]], '777', 0.5148433242548488), ([[936, 696], [992, 696], [992, 728], [936, 728]], '778', 0.7903703723580859)]
[([[0, 34], [191, 34], [191, 167], [0, 167]], '#1', 0.2917117633988245), ([[422, 84], [498, 84], [498, 160], [422, 160]], '탤료', 0.009836960618781523), ([[780, 118], [992, 118], [992, 146], [780, 146]], '친 근{내읽논마개', 0.0036537849899415135), ([[887, 145], [917, 145], [917, 163], [887, 163]], '타누', 0.28510305427466864), ([[923, 145], [989, 145], [989, 163], [923, 163]], ':꽃청타', 6.0539732658071443e-05), ([[165, 427], [245, 427], [245, 463], [165, 463]], '신사 `', 0.564315235281955), ([[284, 416], [344, 416], [344, 464], [284, 464]], "'동망", 0.6101490754699035), ([[8, 698], [62, 698], [62, 728], [8, 728]], '779', 0.6188482157877552), ([[936, 696], [992, 696], [992, 728], [936, 728]], '720', 0.8805971386264093)]
