837668
24
[([[807, 21], [899, 21], [899, 81], [807, 81]], '긴박', 0.992778465097411), ([[644, 63], [1063, 63], [1063, 240], [644, 240]], '(묶여]몇', 0.012332480532777173), ([[620, 172], [1136, 172], [1136, 294], [620, 294]], '무너무너두루마지 틈특이리', 0.03838406166272426), ([[951, 1519], [1031, 1519], [1031, 1561], [951, 1561]], '장', 0.03600742098641163), ([[578.2946006219569, 32.28462292319714], [762.7270469329791, -6.624648280574801], [778.7053993780431, 104.71537707680287], [593.2729530670209, 143.6246482805748]], '간박', 0.1448054863042937), ([[313.35289989173407, 504.05268933957785], [384.9996952032609, 538.9506210468733], [367.64710010826593, 572.9473106604221], [296.0003047967391, 538.0493789531267]], '헌역', 0.07439632776814482), ([[358.56408368276453, 562.2666175751878], [384.53567158400557, 538.0360302783587], [435.43591631723547, 595.7333824248122], [409.46432841599443, 619.9639697216413]], '식', 0.003971475119469103), ([[954.0421737147789, 1583.7126521144337], [1001.9548567763308, 1577.7029334473636], [1002.9578262852211, 1587.2873478855663], [955.0451432236692, 1592.2970665526364]], '"   감,선', 0.002745811529806209)]
[]
[([[448, 150], [474, 150], [474, 180], [448, 180]], '=', 0.8264178286392507), ([[104, 348], [176, 348], [176, 400], [104, 400]], '슬쩍', 0.9985496979929118), ([[37, 1075], [327, 1075], [327, 1329], [37, 1329]], '끼', 0.8808797860791664), ([[64, 1416], [326, 1416], [326, 1544], [64, 1544]], '털 썩', 0.9929274916648865), ([[39, 1553], [55, 1553], [55, 1577], [39, 1577]], '3', 0.7554168977366009), ([[293.5677632769263, 790.0234221477222], [325.36879284224295, 782.0170373037762], [351.4322367230737, 889.9765778522778], [318.63120715775705, 897.9829626962238]], '틀', 0.2852824800939402)]
[]
[]
[([[1047, 1545], [1063, 1545], [1063, 1567], [1047, 1567]], '6', 0.9980630726204254)]
[]
[([[1056, 1546], [1080, 1546], [1080, 1574], [1056, 1574]], '8', 1.0)]
[]
[([[1034, 1546], [1076, 1546], [1076, 1576], [1034, 1576]], '10', 0.9999607193631541)]
[([[36, 1552], [74, 1552], [74, 1578], [36, 1578]], '11', 0.9419560957379979)]
[([[1050, 1546], [1090, 1546], [1090, 1578], [1050, 1578]], '12', 0.991145262455455)]
[([[22, 1550], [64, 1550], [64, 1580], [22, 1580]], '13', 0.9999997471189183), ([[504.6180561664012, 408.0104278451413], [561.1622135830414, 402.0971556886024], [582.3819438335988, 604.9895721548587], [525.8377864169586, 611.9028443113975]], '3', 0.05151337287525681), ([[691.1715728752538, 550.1715728752538], [766.2372007032701, 533.6504188444007], [772.8284271247462, 565.8284271247462], [697.7627992967299, 583.3495811555993]], '[개자식', 0.7358165493916451)]
[([[1034, 1546], [1078, 1546], [1078, 1576], [1034, 1576]], '14', 0.9999807288805623)]
[([[892, 436], [942, 436], [942, 502], [892, 502]], '[', 0.202154855697537), ([[26, 1478], [68, 1478], [68, 1508], [26, 1508]], '15', 0.9999973868963923)]
[([[1047, 1547], [1067, 1547], [1067, 1573], [1047, 1573]], '6', 0.999240345447105)]
[([[0, 0], [143, 0], [143, 287], [0, 287]], '>', 0.09731412149471907), ([[34, 1558], [72, 1558], [72, 1588], [34, 1588]], '17', 0.9999989884757856)]
[([[857, 24], [947, 24], [947, 305], [857, 305]], '3', 0.13405898555888385), ([[1024, 1540], [1066, 1540], [1066, 1572], [1024, 1572]], '18', 0.9999997471189183)]
[([[38, 1552], [78, 1552], [78, 1582], [38, 1582]], '19', 0.9872890294919917)]
[([[92, 68], [264, 68], [264, 266], [92, 266]], '연', 0.9981640667037937), ([[754, 182], [812, 182], [812, 212], [754, 212]], '*이)', 0.10134055694610604), ([[790, 78], [992, 78], [992, 276], [790, 276]], '부', 0.9999972581882197), ([[846, 361], [1075, 361], [1075, 921], [846, 921]], '값', 0.002709566083142337), ([[844, 892], [1081, 892], [1081, 1432], [844, 1432]], '숲', 0.662201212914254), ([[1032, 1550], [1074, 1550], [1074, 1580], [1032, 1580]], '20', 0.8065601649901135), ([[122.33702473690565, 434.0553710535848], [378.259505980595, 415.92398051814723], [381.6629752630943, 633.9446289464153], [125.74049401940498, 652.0760194818528]], '매', 0.023668585797063324), ([[307.464899367183, 724.6903289242111], [401.86536685241293, 701.8284169416099], [411.535100632817, 750.3096710757889], [316.13463314758707, 772.1715830583901]], '잠깐만', 0.5511188161272619)]
[([[747, 89], [865, 89], [865, 133], [747, 133]], '도와주러', 0.9785492420196533), ([[759, 139], [853, 139], [853, 181], [759, 181]], '와다제', 0.8288505638572639), ([[244, 458], [296, 458], [296, 524], [244, 524]], '초', 0.6985886281477747), ([[456, 502], [496, 502], [496, 530], [456, 530]], '71', 0.9635452421721381), ([[685, 499], [725, 499], [725, 541], [685, 541]], '이', 0.915128852583976), ([[684, 544], [737, 544], [737, 669], [684, 669]], '장', 0.9432365973823522), ([[93, 1147], [523, 1147], [523, 1191], [93, 1191]], '처음인 분도 안녕하세요 1교-전입니다.', 0.10739316046023377), ([[93, 1202], [844, 1202], [844, 1245], [93, 1245]], '이번에 "긴박 무너무녀 두루마리" 틀 사주서서 정말로 감사합니다.', 0.5367331282330915), ([[93, 1259], [937, 1259], [937, 1301], [93, 1301]], '이번엔 명색뿐인 스토리성올 가진 긴박만화입니다 폭발엔딩, 편리하네요', 0.4291135003353656), ([[93, 1314], [492, 1314], [492, 1359], [93, 1359]], '농옥색이 꽤 짙은 내용이 되없으니', 0.3582591641274492), ([[95, 1370], [997, 1370], [997, 1415], [95, 1415]], '순수한 차의긴박매니아예컨 좀 부족한 만화일지도 모퉁니다; 옷이 적어서 죄송', 0.307955877274954), ([[97, 1426], [742, 1426], [742, 1469], [97, 1469]], '그럼, 다음 기회가 있다면 또 만나길 법니다. 감사합니다', 0.5205132663185758), ([[36, 1552], [74, 1552], [74, 1582], [36, 1582]], '21', 0.9995008492214806)]
[([[477, 1059], [559, 1059], [559, 1103], [477, 1103]], '못사', 0.21966226630113142), ([[347, 1111], [684, 1111], [684, 1161], [347, 1161]], '[똑# 즈 &시 모 #숲: [', 0.0015797817207938334), ([[296, 1202], [348, 1202], [348, 1230], [296, 1230]], '1묶사', 0.0026129049584708926), ([[384, 1198], [702, 1198], [702, 1230], [384, 1230]], '* 와?걱어;@]니/ 소"7 \' 지오맛 버', 6.505476457584594e-05), ([[296, 1244], [370, 1244], [370, 1276], [296, 1276]], '또(주놈', 0.031087227165699005), ([[384, 1244], [538, 1244], [538, 1274], [384, 1274]], '1-도/3올4주-다', 0.0007256026270629243), ([[552, 1244], [694, 1244], [694, 1274], [552, 1274]], '뷰 0 0 0 유로', 0.061789440780721704), ([[296, 1290], [368, 1290], [368, 1318], [296, 1318]], '34,터', 0.006925523746758699), ([[384, 1287], [716, 1287], [716, 1317], [384, 1317]], '2014/11/21 +승문"사[ `주매스', 0.0016853528396884262), ([[296, 1334], [348, 1334], [348, 1360], [296, 1360]], '더터]', 0.002516139801956729), ([[384, 1332], [592, 1332], [592, 1362], [384, 1362]], '(버니하 $74장궁어-_$', 0.001191205197174031), ([[296, 1378], [326, 1378], [326, 1402], [296, 1402]], '"', 0.12241829446853458), ([[384, 1376], [681, 1376], [681, 1405], [384, 1405]], '훌명://_-도^28 훌 [02. @아천/', 0.0007922648455311185), ([[294, 1422], [614, 1422], [614, 1450], [294, 1450]], '퍽리기/:=]도^28@메어[물리;. @0. ;명', 8.916758098041825e-06), ([[295, 1465], [527, 1465], [527, 1495], [295, 1495]], '*18뜻 수  0 )0 뼈', 0.03802187893819973), ([[540, 1466], [794, 1466], [794, 1498], [540, 1498]], '끝##다)박   #-주 # 대-', 0.0010843603271691218)]
[([[43, 1289], [307, 1289], [307, 1445], [43, 1445]], '[이', 0.07246682406801304), ([[69, 1429], [273, 1429], [273, 1469], [69, 1469]], '소검아-미아갚컨맥', 1.3985442007925377e-06), ([[87, 1457], [287, 1457], [287, 1547], [87, 1547]], '0품0터', 0.011181078851222992)]
[([[807, 21], [899, 21], [899, 81], [807, 81]], '신', 0.0066812484464995325), ([[409, 120], [561, 120], [561, 230], [409, 230]], '번역', 0.9997936552656709), ([[552, 59], [1069, 59], [1069, 248], [552, 248]], '후기 <', 0.4455259179362081), ([[699, 221], [915, 221], [915, 281], [699, 281]], '권', 0.008049945045096374), ([[913, 166], [1136, 166], [1136, 289], [913, 289]], "'", 0.6294069355103069), ([[339, 264], [805, 264], [805, 327], [339, 327]], '날로 먹어서 죄송합니다 ^~^', 0.7163314392663385), ([[0, 395], [1136, 395], [1136, 671], [0, 671]], '두방두방두방두', 0.26726047111167317), ([[0, 646], [1136, 646], [1136, 918], [0, 918]], '두방뚜방두방두', 0.322794310805964), ([[0, 898], [1136, 898], [1136, 1166], [0, 1166]], '두방두방두방두', 0.20569099788630413), ([[0, 1143], [1136, 1143], [1136, 1421], [0, 1421]], '방두방뚜방두', 0.41525583666936544), ([[0, 1400], [1136, 1400], [1136, 1600], [0, 1600]], '뜻바또바뜨바뜨', 0.05020016175337636), ([[580.055917498353, 37.401302994070655], [761.4781655041505, -3.0086168167644], [776.944082501647, 94.59869700592935], [594.5218344958495, 135.0086168167644]], "고녀'", 0.007133951323928604)]
