841947
111
[([[672, 200], [760, 200], [760, 224], [672, 224]], '내: 1))', 0.003569681283849807), ([[777, 196], [892, 196], [892, 226], [777, 226]], '@]8샌선)', 0.0008435135408477508), ([[1029, 239], [1097, 239], [1097, 485], [1029, 485]], '위', 0.03934538159479062), ([[7, 607], [591, 607], [591, 765], [7, 765]], '칠칠치 못한신부', 0.6504120930838095)]
[([[1117, 145], [1314, 145], [1314, 219], [1117, 219]], '다녀워어', 0.4266801178455353), ([[55, 193], [539, 193], [539, 261], [55, 261]], '어서와이 오늘은 빠르네', 0.458986786038828)]
[([[1123, 149], [1431, 149], [1431, 209], [1123, 209]], '여전하네 그 모습', 0.8388276913059765), ([[1120, 188], [1467, 188], [1467, 254], [1120, 254]], '어떻게 할 수 없어?', 0.6469007813932701), ([[483, 252], [749, 252], [749, 378], [483, 378]], '(제대럽으나만', 0.004700426708890089), ([[621, 261], [861, 261], [861, 321], [621, 321]], '식사만들면서', 0.5985474839400468), ([[1130, 284], [1460, 284], [1460, 340], [1130, 340]], '별로 상관없애아 ', 0.10078663887999481), ([[1129, 327], [1385, 327], [1385, 387], [1129, 387]], '어차피 집이고', 0.8102724600691822), ([[418, 456], [468, 456], [468, 482], [418, 482]], '000 ', 0.19043947756290436), ([[466, 444], [610, 444], [610, 500], [466, 500]], '뭐 맺나', 0.281958983505006), ([[379, 487], [511, 487], [511, 547], [379, 547]], '밥멩자', 0.0739666265264848)]
[([[438, 228], [810, 228], [810, 276], [438, 276]], '그녀늄 내 신부인 호노카', 0.4257062443454238), ([[436, 262], [1016, 262], [1016, 315], [436, 315]], '마사등은 야무지게 하는 좋은 신부지만', 0.4055118688124588), ([[438, 302], [933, 302], [933, 357], [438, 357]], '아무래로 칠칠치 못한 점이 있다@', 0.2839688265849601)]
[([[66, 90], [202, 90], [202, 146], [66, 146]], '점심 때', 0.6232603501587074), ([[66, 132], [228, 132], [228, 188], [66, 188]], '잔뜩바서', 0.663619875907898), ([[66, 178], [190, 178], [190, 234], [66, 234]], '질로어', 0.4376020329744512), ([[63, 242], [281, 242], [281, 298], [63, 298]], '응~자능건8', 0.30384198537527457), ([[354, 328], [400, 328], [400, 352], [354, 352]], '000', 0.6561645571143382), ([[52, 305], [367, 305], [367, 425], [52, 425]], "'점심에-짓음내 강든", 0.00667227257153464), ([[313, 357], [405, 357], [405, 417], [313, 417]], '없데<', 0.3111489390034354), ([[631, 351], [863, 351], [863, 415], [631, 415]], '제에~셈심해', 0.023871367012838124), ([[617, 445], [885, 445], [885, 505], [617, 505]], '소라로 보면?', 0.0688807946745226)]
[([[725, 195], [835, 195], [835, 307], [725, 307]], '젊야', 0.17781743695148872), ([[43, 267], [205, 267], [205, 332], [43, 332]], '당연화지', 0.8767305016517639), ([[43, 310], [208, 310], [208, 372], [43, 372]], '냄새좋다', 0.7538588047027588), ([[690, 322], [870, 322], [870, 442], [690, 442]], '인질묵유', 0.011759285815060139), ([[6, 411], [337, 411], [337, 475], [6, 475]], '목욕후에 안 할래?', 0.7837393786837936), ([[4, 448], [265, 448], [265, 523], [4, 523]], '오늘 더러운데:', 0.871632089189295)]
[([[571, 151], [811, 151], [811, 211], [571, 211]], '무슨 조리야8 ', 0.22303171123623114), ([[65, 183], [193, 183], [193, 243], [65, 243]], '후후후', 0.9889524234046653), ([[571, 194], [887, 194], [887, 259], [571, 259]], '예제 종음계락교?', 0.05146812074186879), ([[63, 229], [359, 229], [359, 291], [63, 291]], '잡짝해서 맛있에', 0.3177466625802216), ([[20, 342], [282, 342], [282, 398], [20, 398]], '어이; 사탕처럼', 0.4173061990518418), ([[19, 383], [169, 383], [169, 443], [19, 443]], '빨지마!', 0.8357940316200256), ([[605, 389], [873, 389], [873, 451], [605, 451]], '어절수 없구만:', 0.3767549190574906), ([[604, 438], [694, 438], [694, 492], [604, 492]], '정말', 0.9999880303160049), ([[24, 484], [111, 484], [111, 541], [24, 541]], '싫어', 0.9974460143444325), ([[151, 485], [371, 485], [371, 545], [151, 545]], '좁더 빨휘야', 0.19443071659013877)]
[([[41, 127], [293, 127], [293, 187], [41, 187]], '저기 말이지: ', 0.6789170471750006), ([[710, 158], [862, 158], [862, 210], [710, 210]], '웃어어에', 0.3045790195465088), ([[42, 222], [248, 222], [248, 278], [42, 278]], '아래입에도', 0.7541575008205271), ([[46, 268], [272, 268], [272, 324], [46, 324]], '필요하니까~', 0.9827569157573133), ([[301, 265], [393, 265], [393, 325], [301, 325]], '킬패', 0.0182021962684268), ([[43, 349], [263, 349], [263, 409], [43, 409]], '바라는 바야', 0.8616358578800841), ([[613, 351], [831, 351], [831, 411], [613, 411]], '갈 켓 되헤?', 0.03228761057801682), ([[616, 398], [852, 398], [852, 450], [616, 450]], '그체만 안소돼', 0.1014618555571729)]
[([[1192, 88], [1352, 88], [1352, 142], [1192, 142]], '옷  뛰야', 0.6045962998203533), ([[1187, 129], [1467, 129], [1467, 191], [1187, 191]], '준비완료-잖아?', 0.4272666202147287), ([[352, 196], [526, 196], [526, 248], [352, 248]], '너 말야: ', 0.6143380938895063), ([[1089, 244], [1251, 244], [1251, 300], [1089, 300]], '하루종일', 0.9897528886795044), ([[285, 275], [521, 275], [521, 335], [285, 335]], '돌아올때까지', 0.590809346615079), ([[1089, 285], [1411, 285], [1411, 349], [1089, 349]], '만지작거리니까 (', 0.42303471718649194), ([[284, 320], [484, 320], [484, 376], [284, 376]], '못참켓습길', 0.06343868004393848)]
[([[412, 142], [662, 142], [662, 196], [412, 196]], '일때문에 꽤냐', 0.49024479760689177), ([[1095, 121], [1425, 121], [1425, 183], [1095, 183]], '곤란한 녀석@으탓', 0.32236844231414546), ([[410, 185], [648, 185], [648, 239], [410, 239]], '쌍없으니까: :', 0.15333038360059492), ([[1010, 212], [1096, 212], [1096, 262], [1010, 262]], '아양', 0.8109595228314214), ([[1122, 205], [1331, 205], [1331, 270], [1122, 270]], "'갑자기@양(", 0.3393910645540695), ([[300, 322], [386, 322], [386, 376], [300, 376]], '아탓', 0.0729259255646572), ([[528, 324], [738, 324], [738, 380], [528, 380]], "'잔뜩 해쥐0", 0.5515000515560243)]
[([[1006, 158], [1202, 158], [1202, 210], [1006, 210]], '하아아양', 0.6206979155540466), ([[1002, 198], [1300, 198], [1300, 294], [1002, 294]], '평속하다 취럼해', 0.17029950065430968), ([[1046, 244], [1134, 244], [1134, 300], [1046, 300]], '후아', 0.9525163973591919), ([[745, 301], [1033, 301], [1033, 366], [745, 366]], '오늘은 철저하게', 0.8476039843134037), ([[745, 349], [1033, 349], [1033, 409], [745, 409]], '부어 줄 테니까 !', 0.5655693488451534), ([[477, 469], [521, 469], [521, 513], [477, 513]], '앗', 0.6325801296116005), ([[666, 466], [752, 466], [752, 522], [666, 522]], '좁다', 0.3870024355279961), ([[783, 467], [827, 467], [827, 517], [783, 517]], '안', 0.9999816418536653), ([[857, 463], [1075, 463], [1075, 523], [857, 523]], '안쪽이 좋아0', 0.30080509318497856), ([[408, 540], [742, 540], [742, 594], [408, 594]], '햇  하앗:  영차 !', 0.11005636690981872), ([[208, 630], [296, 630], [296, 682], [208, 682]], '아앗', 0.9729509263486691), ([[321, 625], [412, 625], [412, 686], [321, 686]], "'좋아", 0.9938618484385264), ([[440, 628], [602, 628], [602, 684], [440, 684]], '좋아아앗', 0.9196160435676575)]
[([[902, 230], [1158, 230], [1158, 286], [902, 286]], '호노카   크웃 !', 0.3836175373319732), ([[309, 273], [749, 273], [749, 333], [309, 333]], '하아:하아- 멈추지않아:', 0.21977074136714134), ([[910, 304], [1018, 304], [1018, 360], [910, 360]], '하앗 !', 0.3418321201199408), ([[1051, 307], [1093, 307], [1093, 355], [1051, 355]], '응', 0.9996220230662267), ([[394, 380], [490, 380], [490, 434], [394, 434]], "'아룻", 0.08496933223773115), ([[520, 380], [644, 380], [644, 432], [520, 432]], '하양', 0.7335992256639485)]
[([[611, 269], [842, 269], [842, 326], [611, 326]], '후우 후우:', 0.515528658682037), ([[680, 334], [830, 334], [830, 384], [680, 384]], "'하아", 0.9573401893580727), ([[632, 378], [810, 378], [810, 434], [632, 434]], "'잔뜩 삶네", 0.3336430468692011), ([[47, 411], [293, 411], [293, 473], [47, 473]], '기분종앉어  ', 0.5155268394522879), ([[23, 501], [407, 501], [407, 563], [23, 563]], '응어날아칼 것 갑없어', 0.0844050562318475)]
[([[686, 268], [806, 268], [806, 318], [686, 318]], '하아', 0.9951216616041744), ([[685, 309], [867, 309], [867, 365], [685, 365]], '후우. 앗 !', 0.3954928520171992), ([[139, 413], [407, 413], [407, 473], [139, 473]], '까아 0 ? 뛰야~?', 0.45431830695007863)]
[([[57, 225], [345, 225], [345, 339], [57, 339]], '자1력이날까 ,', 0.025343678181253056), ([[674, 272], [866, 272], [866, 328], [674, 328]], '정말~아직', 0.9995802760911472), ([[676, 316], [874, 316], [874, 372], [676, 372]], '건강하네 (', 0.38566265092020047), ([[45, 347], [251, 347], [251, 407], [45, 407]], '모처럼이고', 0.9890269091830057), ([[706, 394], [872, 394], [872, 450], [706, 450]], '그런가~', 0.4432707726955414)]
[([[93, 299], [347, 299], [347, 363], [93, 363]], '아야 다녀올게', 0.7863287856858432), ([[532, 356], [734, 356], [734, 412], [532, 412]], '대고오세요다', 0.21738433818675074)]
[([[112, 379], [347, 379], [347, 435], [112, 435]], '하하: 어쩌지', 0.614954244639842), ([[581, 361], [859, 361], [859, 423], [581, 423]], '잠깐 @@매 없어?', 0.0985575136813813)]
[([[102, 347], [391, 347], [391, 401], [102, 401]], '잠  잠깐  기다:', 0.332491000337561), ([[651, 309], [791, 309], [791, 423], [651, 423]], '쓰레지', 0.0017551290697123405), ([[784, 318], [868, 318], [868, 372], [784, 372]], '일이', 0.9974084477109437), ([[86, 420], [290, 420], [290, 476], [86, 476]], '못 기다려 ~', 0.5167131294762902), ([[655, 357], [827, 357], [827, 465], [655, 465]], '_래편야', 0.009513569064438343)]
[([[164, 316], [472, 316], [472, 372], [164, 372]], '아~아: 싸버로네', 0.09536718469700406), ([[636, 303], [799, 303], [799, 371], [636, 371]], '슬렉습쩍', 0.06140357211091163), ([[120, 382], [338, 382], [338, 432], [120, 432]], '특: 너말야:.', 0.4637780860613739), ([[616, 402], [852, 402], [852, 458], [616, 458]], '앗 @@종웃어앗', 0.014737340538749234), ([[100, 438], [224, 438], [224, 494], [100, 494]], '응주우', 0.5283006077265594)]
[([[158, 120], [358, 120], [358, 176], [158, 176]], '알앉다니까', 0.9400350823825105), ([[1183, 131], [1455, 131], [1455, 191], [1183, 191]], '괜찮아_제대로', 0.2614137219617231), ([[158, 164], [478, 164], [478, 220], [158, 220]], '응~오늘도 맛있어"', 0.6474837736719884), ([[1179, 171], [1350, 171], [1350, 240], [1179, 240]], '패끗하게', 0.11964569240808487), ([[1183, 219], [1423, 219], [1423, 281], [1183, 281]], '해출데니깐이', 0.043741269853768715), ([[145, 243], [471, 243], [471, 355], [145, 355]], '"갈: 선  하하', 0.008323822167200746), ([[1100, 292], [1484, 292], [1484, 355], [1100, 355]], '마능합 빨리 부탁해요', 0.22299773944858053)]
[([[1110, 70], [1466, 70], [1466, 192], [1110, 192]], '엷숙이품망있어 커', 0.008527026747956159), ([[109, 207], [413, 207], [413, 267], [109, 267]], '정말  ;안쌀꺼야?', 0.34165032148914454), ([[1057, 195], [1467, 195], [1467, 259], [1057, 259]], '네문 물이마_지마   옷', 0.15679438810863458), ([[107, 251], [481, 251], [481, 313], [107, 313]], '깨끗화제 해준다니까', 0.4034863145729993), ([[101, 331], [407, 331], [407, 391], [101, 391]], '우 ! 이제 못 참아', 0.4685584743904304)]
[([[139, 293], [547, 293], [547, 357], [139, 357]], '고마위 .  그럼 다녀올체', 0.37715110676913505), ([[1176, 288], [1262, 288], [1262, 340], [1176, 340]], '@@@춤', 0.05893171951174736), ([[1135, 327], [1447, 327], [1447, 389], [1135, 389]], '차야 패끗해적어', 0.11814794340936659), ([[37, 427], [203, 427], [203, 487], [37, 487]], '잘깎다와', 0.07147667557001114), ([[230, 430], [476, 430], [476, 486], [230, 486]], '일 열심히 해 !', 0.47436721057824927)]
[([[669, 273], [1164, 273], [1164, 337], [669, 337]], '하아  달림 올때까지 심심해', 0.533367306496964), ([[533, 339], [1157, 339], [1157, 401], [533, 401]], '바이브 안녕으면 가랑이가 허전하네', 0.9276036501629243)]
[([[506, 272], [666, 272], [666, 326], [506, 326]], '달림. 응', 0.5817938223493853), ([[706, 274], [780, 274], [780, 326], [706, 326]], '\'"양', 0.3450145704820626)]
[([[592, 274], [683, 274], [683, 327], [592, 327]], '하아', 0.9470000863075256), ([[706, 278], [834, 278], [834, 328], [706, 328]], "'@하아", 0.5686408877372742), ([[860, 276], [1088, 276], [1088, 330], [860, 330]], '@7모질럿고', 0.015415969178379337), ([[593, 319], [925, 319], [925, 379], [593, 379]], '밥이라도 만들까  ', 0.5808889630460279)]
[([[603, 331], [787, 331], [787, 391], [603, 391]], '냉블-빵볼', 0.008465696017744502), ([[323, 481], [639, 481], [639, 541], [323, 541]], '오늘은 카레~야-}', 0.20200373898642265)]
[([[95, 289], [259, 289], [259, 349], [95, 349]], '하눈렉에', 0.19718880951404572), ([[96, 334], [430, 334], [430, 390], [96, 390]], '엉덩예되~  하아', 0.12718353851664438), ([[594, 408], [760, 408], [760, 464], [594, 464]], '캐랑이룩', 0.01497141644358635), ([[594, 454], [720, 454], [720, 504], [594, 504]], '카레도', 0.5095561987423121), ([[595, 497], [758, 497], [758, 551], [595, 551]], '끈적 근셈', 0.10950635536525792)]
[([[108, 224], [234, 224], [234, 278], [108, 278]], '정말어', 0.2835467477189463), ([[107, 263], [399, 263], [399, 329], [107, 329]], '빨퀴 안올려나  .', 0.34957522925476625), ([[107, 311], [299, 311], [299, 371], [107, 371]], '못참픽어 -', 0.13488493094082132), ([[539, 321], [873, 321], [873, 381], [539, 381]], '저스밥동 마랑이도', 0.05879812007500179), ([[542, 366], [744, 366], [744, 420], [542, 420]], '문비오키이<', 0.15122151162759648)]
[([[272, 282], [394, 282], [394, 332], [272, 332]], '음나? 0', 0.022753129408897548), ([[609, 303], [783, 303], [783, 417], [609, 417]], '다년하언', 0.04271421208977699), ([[43, 385], [259, 385], [259, 447], [43, 447]], '오늘은 조금', 0.997063291377413), ([[44, 432], [206, 432], [206, 488], [44, 488]], '늦어적네-', 0.21336458913221978), ([[196, 446], [240, 446], [240, 472], [196, 472]], "'500", 0.1381705403327942)]
[([[634, 192], [750, 192], [750, 242], [634, 242]], '엿차 .', 0.26502174139022827), ([[631, 231], [785, 231], [785, 291], [631, 291]], '일어나~', 0.9994149208068848), ([[38, 438], [332, 438], [332, 513], [38, 513]], '정말로 하루냄일', 0.22311801408719686), ([[40, 492], [306, 492], [306, 544], [40, 544]], '만지는 거나고:', 0.5630701263106478), ([[39, 535], [279, 535], [279, 595], [39, 595]], '질칙 질척하네', 0.5073595270541912)]
[([[644, 172], [794, 172], [794, 220], [644, 220]], '어~이:', 0.5601610447186521), ([[644, 214], [796, 214], [796, 270], [644, 270]], '일어나~', 0.9994457960128784), ([[360, 318], [562, 318], [562, 374], [360, 374]], '하아&흩나', 0.1976549443144616), ([[52, 349], [201, 349], [201, 399], [52, 399]], '호노카~', 0.9475184101704157), ([[52, 394], [190, 394], [190, 448], [52, 448]], '먼저 밥', 0.9948703086603375), ([[51, 433], [281, 433], [281, 497], [51, 497]], '먹어버린다~', 0.18082659563172304)]
[([[615, 133], [795, 133], [795, 243], [615, 243]], '일업나-"', 0.16118194414170792), ([[420, 288], [504, 288], [504, 342], [420, 342]], '후냐', 0.10234830478307551), ([[43, 347], [211, 347], [211, 408], [43, 408]], '아침보다', 0.9939156174659729), ([[47, 393], [229, 393], [229, 453], [47, 453]], '많이나와 ', 0.6542023796096672), ([[46, 432], [287, 432], [287, 500], [46, 500]], '매일하는데목', 0.5948404157980013), ([[47, 479], [249, 479], [249, 541], [47, 541]], '신기하구만', 0.99943466052749)]
[([[648, 162], [760, 162], [760, 214], [648, 214]], '후나   ', 0.23388318453484977), ([[573, 209], [615, 209], [615, 261], [573, 261]], '앞', 0.30335683376415545), ([[633, 203], [791, 203], [791, 265], [633, 265]], '어서와 ~', 0.6536109621630563), ([[486, 292], [664, 292], [664, 346], [486, 346]], '다녀 앉어:', 0.5214976468562689), ([[484, 336], [696, 336], [696, 392], [484, 392]], '먼저 먹없어', 0.9951621553104416), ([[282, 372], [472, 372], [472, 428], [282, 428]], '옛? 뭐가 ~', 0.6804220472510449), ([[282, 418], [440, 418], [440, 470], [282, 470]], '앗  정말', 0.399144018562868), ([[117, 488], [331, 488], [331, 548], [117, 548]], '하하 밥떡자', 0.9842306257275188)]
[([[620, 90], [812, 90], [812, 142], [620, 142]], '차아자아 ~', 0.5943257269070196), ([[619, 133], [885, 133], [885, 189], [619, 189]], '빨리 등 셋겨쥐', 0.42211390524176), ([[616, 210], [776, 210], [776, 262], [616, 262]], '그래그래', 0.7265459541783104), ([[44, 298], [132, 298], [132, 352], [44, 352]], '정말_', 0.590889096450906), ([[150, 298], [272, 298], [272, 352], [150, 352]], '사람이', 0.9710252291867907), ([[42, 342], [242, 342], [242, 394], [42, 394]], '자능동안에', 0.8169995947225), ([[43, 384], [313, 384], [313, 446], [43, 446]], '혼자 즐기다니:', 0.7736650203350723), ([[45, 465], [206, 465], [206, 522], [45, 522]], '미안해: ', 0.4946390131365837)]
[([[624, 84], [764, 84], [764, 134], [624, 134]], '그럼 등', 0.8988595113487213), ([[622, 126], [866, 126], [866, 182], [622, 182]], '씻어드길게요', 0.3557538142457555), ([[77, 161], [239, 161], [239, 221], [77, 221]], '이상한게', 0.9888592958450317), ([[76, 204], [198, 204], [198, 260], [76, 260]], '당은것', 0.942329440683198), ([[614, 204], [778, 204], [778, 260], [614, 260]], '잘부탁해', 0.9928394556045532), ([[75, 248], [224, 248], [224, 304], [75, 304]], '같지만?', 0.9592628479003906), ([[618, 246], [776, 246], [776, 300], [618, 300]], '응  잠깐', 0.6681166967711949), ([[47, 324], [256, 324], [256, 392], [47, 392]], '신경쓰지마 ,', 0.8214331220325016), ([[616, 332], [764, 332], [764, 384], [616, 384]], '왜그래?', 0.9971434334385414), ([[48, 369], [251, 369], [251, 432], [48, 432]], '신경쓰지마', 0.9986460331445549), ([[48, 464], [132, 464], [132, 516], [48, 516]], '바보', 0.999909048312398)]
[([[666, 106], [856, 106], [856, 162], [666, 162]], '스옥스옥~', 0.10738378861690022), ([[669, 149], [713, 149], [713, 203], [669, 203]], '옷', 0.9732931988498059), ([[138, 238], [246, 238], [246, 288], [138, 288]], '"무리', 0.9413640282411717), ([[660, 220], [760, 220], [760, 272], [660, 272]], '옛? .', 0.28922624151870596), ([[658, 264], [870, 264], [870, 318], [658, 318]], '잠깐 그만해', 0.9520143797519377), ([[47, 319], [250, 319], [250, 404], [47, 404]], '까앗 ! ?', 0.9568426900842236), ([[52, 390], [150, 390], [150, 442], [52, 442]], '정말:', 0.7409827233861823)]
[([[74, 150], [154, 150], [154, 206], [74, 206]], '욕실', 0.6131454419086287), ([[684, 156], [882, 156], [882, 210], [684, 210]], '싸버로다 ', 0.19800686286553024), ([[70, 196], [196, 196], [196, 250], [70, 250]], '나가면', 0.9993715882301331), ([[69, 234], [186, 234], [186, 296], [69, 296]], '알지?', 0.9703731640413932), ([[756, 238], [808, 238], [808, 292], [756, 292]], '말', 0.9998821054876181), ([[39, 307], [289, 307], [289, 367], [39, 367]], '오늘은 끝까지', 0.9744205529010423), ([[719, 241], [763, 241], [763, 375], [719, 375]], '젖', 0.03910793349164998), ([[757, 285], [799, 285], [799, 335], [757, 335]], '굉', 0.17702471260111352), ([[753, 277], [845, 277], [845, 383], [753, 383]], '창마', 0.061340488290899435), ([[40, 354], [278, 354], [278, 410], [40, 410]], '봉사해드리조', 0.9935983548931715), ([[664, 388], [831, 388], [831, 448], [664, 448]], '미안미안', 0.9979106187820435), ([[31, 431], [197, 431], [197, 491], [31, 491]], '잘부탁해', 0.9980559349060059)]
[([[1238, 218], [1434, 218], [1434, 272], [1238, 272]], '흐움: 흐움', 0.7123867622791974), ([[133, 283], [175, 283], [175, 303], [133, 303]], '000', 0.3181551326188128), ([[169, 271], [213, 271], [213, 317], [169, 317]], '햇', 0.3618748597846775), ([[247, 283], [289, 283], [289, 303], [247, 303]], '009', 0.5245140359112345), ([[1247, 261], [1459, 261], [1459, 315], [1247, 315]], '\'"어떠세요?', 0.5556840622003859), ([[53, 267], [101, 267], [101, 412], [53, 412]], '움', 0.02286038000912094), ([[103, 315], [147, 315], [147, 361], [103, 361]], '데', 0.914083760858464), ([[1238, 308], [1396, 308], [1396, 362], [1238, 362]], '호노카씨', 0.9742698356571035), ([[103, 357], [147, 357], [147, 405], [103, 405]], '떼', 0.6182808184157729), ([[776, 368], [914, 368], [914, 422], [776, 422]], '꽤 종네', 0.6844521192348034), ([[629, 463], [837, 463], [837, 523], [629, 523]], '롯 하앗이', 0.00879938169346203)]
[([[1235, 209], [1397, 209], [1397, 269], [1235, 269]], '아아하앗', 0.9416630864143372), ([[1234, 254], [1436, 254], [1436, 310], [1234, 310]], '자궁당야서', 0.2934678817513574), ([[81, 285], [171, 285], [171, 345], [81, 345]], '하양다', 0.14304850059697893), ([[196, 288], [278, 288], [278, 342], [196, 342]], '끓에', 0.11694479260430725), ([[1234, 298], [1322, 298], [1322, 354], [1234, 354]], '아양', 0.7392924082422924), ([[81, 329], [209, 329], [209, 389], [81, 389]], '좋아아-', 0.10026857256889343), ([[234, 330], [316, 330], [316, 382], [234, 382]], '해양', 0.36336603166824744), ([[956, 334], [1182, 334], [1182, 388], [956, 388]], '자아 ! 자아 !', 0.7706482104473878), ([[932, 418], [1026, 418], [1026, 470], [932, 470]], '좀 더', 0.940406858921051), ([[854, 462], [1016, 462], [1016, 518], [854, 518]], '확확해쥐', 0.1666148602962494), ([[670, 510], [776, 510], [776, 566], [670, 566]], '좋아@', 0.6372029104809791), ([[665, 551], [869, 551], [869, 611], [665, 611]], '허리싸지지', 0.4964829505065271), ([[663, 593], [855, 593], [855, 703], [663, 703]], '망차고? ', 0.30717892915760175), ([[704, 640], [758, 640], [758, 696], [704, 696]], '차', 0.9999952316341023)]
[([[935, 217], [1139, 217], [1139, 277], [935, 277]], '하아  아양', 0.6023166577664428), ([[291, 247], [455, 247], [455, 307], [291, 307]], '하아아양', 0.9167723059654236), ([[936, 264], [1058, 264], [1058, 316], [936, 316]], '안돼에', 0.9389629526048513), ([[292, 292], [418, 292], [418, 348], [292, 348]], '응하앗(', 0.2421528697013855), ([[934, 306], [1058, 306], [1058, 362], [934, 362]], '가버럿', 0.574707532729479), ([[707, 399], [831, 399], [831, 513], [707, 513]], '계습?', 0.05402896719289598), ([[715, 451], [759, 451], [759, 499], [715, 499]], '흐', 0.5334214217930509), ([[800, 406], [950, 406], [950, 462], [800, 462]], '마버려 !', 0.9168200622673464)]
[([[1249, 133], [1335, 133], [1335, 175], [1249, 175]], '하아', 0.9642453069867256), ([[1405, 143], [1447, 143], [1447, 163], [1405, 163]], '000', 0.6558141561692072), ([[978, 244], [1142, 244], [1142, 292], [978, 292]], '호노카@', 0.7026225924491882), ([[977, 283], [1189, 283], [1189, 344], [977, 344]], '몇 번 갖어?', 0.7437249066684368), ([[774, 346], [936, 346], [936, 400], [774, 400]], '@하아', 0.944295495471286), ([[698, 390], [786, 390], [786, 442], [698, 442]], '하아디', 0.22697721528546805), ([[697, 433], [827, 433], [827, 493], [697, 493]], '몰라야', 0.4637735144873513), ([[141, 511], [365, 511], [365, 565], [141, 565]], '못 실 정도로', 0.644780734024058), ([[490, 494], [578, 494], [578, 548], [490, 548]], '하차', 0.6587513925252731), ([[139, 553], [355, 553], [355, 613], [139, 613]], '잔뜩 갖어애', 0.21147847812066273), ([[490, 532], [695, 532], [695, 596], [490, 596]], '모습는구나', 0.36858535097737316)]
[([[1159, 85], [1197, 85], [1197, 101], [1159, 101]], '96 0', 0.21773558855056763), ([[1075, 109], [1433, 109], [1433, 169], [1075, 169]], '달립도 잔뜩 가중 왜', 0.1063101536717039), ([[825, 211], [1257, 211], [1257, 273], [825, 273]], '아아:  잔뜩 싸죽테니되}@', 0.08060482727379706), ([[641, 343], [907, 343], [907, 403], [641, 403]], '안에 가득 싸쥐', 0.6072056233376479), ([[640, 388], [894, 388], [894, 444], [640, 444]], '아기 갖고싶어', 0.8795954730798735), ([[419, 457], [663, 457], [663, 519], [419, 519]], '아기말이지하 ', 0.4004643611262588), ([[421, 496], [532, 496], [532, 558], [421, 558]], '좋아 !', 0.5481581370919038)]
[([[1238, 126], [1390, 126], [1390, 182], [1238, 182]], '호노카!', 0.33556434512138367), ([[1227, 161], [1459, 161], [1459, 277], [1227, 277]], '도룻안안흑에', 0.014965625328664139), ([[133, 213], [219, 213], [219, 307], [133, 307]], "'", 0.0032426948227288893), ([[942, 304], [1206, 304], [1206, 358], [942, 358]], '자궁 가득 싸취', 0.4652483136248797), ([[692, 378], [1030, 378], [1030, 434], [692, 434]], '하아  하아  으웃 !', 0.2871505907519796), ([[422, 454], [506, 454], [506, 510], [422, 510]], '하양', 0.5276258953675289), ([[532, 454], [652, 454], [652, 508], [532, 508]], '1@@하이', 0.13613962169337684), ([[693, 473], [731, 473], [731, 489], [693, 489]], '060', 0.8718700334679689), ([[420, 500], [508, 500], [508, 552], [420, 552]], '하아', 0.9998350412202288), ([[544, 496], [686, 496], [686, 552], [544, 552]], '@아아입', 0.6671413779258728)]
[([[1226, 156], [1473, 156], [1473, 221], [1226, 221]], '하아 @하}이%', 0.032394557337647685), ([[1227, 203], [1392, 203], [1392, 259], [1227, 259]], '요도화} 06', 0.004375054230467428), ([[886, 276], [1140, 276], [1140, 328], [886, 328]], '하아이  하아:', 0.2986169069476611), ([[888, 320], [1142, 320], [1142, 376], [888, 376]], '달림 가득이야', 0.9932739277749135), ([[153, 367], [245, 367], [245, 471], [153, 471]], '하안', 0.0482070207654503), ([[199, 415], [239, 415], [239, 465], [199, 465]], '우', 0.999975204621478), ([[593, 448], [985, 448], [985, 502], [593, 502]], '호노카  하아 하아', 0.7990500404040346)]
[([[811, 241], [837, 241], [837, 257], [811, 257]], '0', 0.9954827892443063), ([[254, 252], [338, 252], [338, 302], [254, 302]], '하아', 0.999761541459298), ([[835, 281], [875, 281], [875, 301], [835, 301]], '000', 0.36879504712298405), ([[250, 335], [419, 335], [419, 400], [250, 400]], '지쳐다아', 0.2122594118118286), ([[256, 294], [340, 294], [340, 348], [256, 348]], '하아', 0.9979537099129817), ([[721, 227], [761, 227], [761, 407], [721, 407]], "'", 0.7098994074390816), ([[753, 309], [843, 309], [843, 369], [753, 369]], "'장향", 0.1349736813533987), ([[755, 357], [799, 357], [799, 405], [755, 405]], '액', 0.9995420503510246), ([[187, 443], [497, 443], [497, 506], [187, 506]], '아직 할 수 있지?', 0.47632152916900283), ([[190, 492], [276, 492], [276, 546], [190, 546]], '자지', 0.9985282965605812), ([[106, 578], [246, 578], [246, 634], [106, 634]], '뭐 일단', 0.7062368691419433), ([[104, 619], [323, 619], [323, 682], [104, 682]], '잠시만 쉬자', 0.9921233962413557)]
[([[724, 210], [816, 210], [816, 264], [724, 264]], '하아-', 0.3016459182232063), ([[842, 222], [886, 222], [886, 246], [842, 246]], "'000", 0.4787452816963196), ([[254, 258], [378, 258], [378, 314], [254, 314]], '이놈은', 0.9991941655527812), ([[689, 209], [733, 209], [733, 349], [689, 349]], '흙', 0.006932431030194586), ([[727, 255], [769, 255], [769, 307], [727, 307]], '꽤', 0.1874644293715102), ([[255, 297], [497, 297], [497, 359], [255, 359]], '솔직하구만 ', 0.9867879618444408), ([[727, 297], [771, 297], [771, 351], [727, 351]], '평', 0.029677055574438782), ([[202, 392], [324, 392], [324, 448], [202, 448]], '후후후', 0.9981247404395933), ([[198, 438], [402, 438], [402, 494], [198, 494]], '건강하다늄', 0.8166914302435001), ([[210, 484], [414, 484], [414, 538], [210, 538]], '증거라고0', 0.9658316576544611), ([[155, 570], [407, 570], [407, 630], [155, 630]], '잠깐 쉬고싶어', 0.9986857563302981), ([[100, 678], [188, 678], [188, 732], [100, 732]], '정말', 0.46674308097197265), ([[212, 674], [343, 674], [343, 735], [212, 735]], "'자지늄", 0.6354510188102722), ([[102, 722], [342, 722], [342, 778], [102, 778]], '못참켓는결로', 0.2394361681737497), ([[104, 766], [288, 766], [288, 820], [104, 820]], '보이블데 ?', 0.2475546984676481)]
[([[720, 142], [860, 142], [860, 194], [720, 194]], '짜-자?', 0.08808096498250961), ([[174, 168], [334, 168], [334, 218], [174, 218]], '그래그래', 0.9999861121177673), ([[720, 186], [882, 186], [882, 242], [720, 242]], '켓페혜? ', 0.0035060104821549557), ([[300, 212], [418, 212], [418, 264], [300, 264]], '가자~', 0.3831059928227948), ([[167, 205], [307, 205], [307, 315], [167, 315]], '힘차계', 0.13947326492984632), ([[722, 232], [882, 232], [882, 288], [722, 288]], '틈륭하켓', 0.05571763962507248), ([[722, 276], [844, 276], [844, 330], [722, 330]], '않의면', 0.5455831907785316), ([[165, 337], [365, 337], [365, 391], [165, 391]], '""너야말로', 0.5396567587078803), ([[124, 379], [443, 379], [443, 443], [124, 443]], '먼저 뻗지말라고?', 0.7446496036888277), ([[677, 369], [721, 369], [721, 467], [677, 467]], '합', 0.9800480920035284), ([[717, 373], [761, 373], [761, 423], [717, 423]], '수', 0.9920349811355642), ([[716, 412], [830, 412], [830, 466], [716, 466]], '구만" ', 0.40970733761787415), ([[157, 477], [351, 477], [351, 539], [157, 539]], '(체지않아~', 0.27495767393867293)]
[([[199, 313], [404, 313], [404, 382], [199, 382]], '"건강하게', 0.7580078100389186), ([[203, 361], [367, 361], [367, 421], [203, 421]], '태어나럼', 0.6889209790190882)]
[([[220, 102], [342, 102], [342, 152], [220, 152]], '호노카', 0.9766863017978076), ([[217, 139], [434, 139], [434, 204], [217, 204]], '아기 이름은', 0.7189384928431457), ([[218, 188], [468, 188], [468, 244], [218, 244]], '어떻게 할까 ', 0.7117068322785499), ([[188, 260], [316, 260], [316, 312], [188, 312]], '그렇네', 0.9994864416748), ([[188, 301], [362, 301], [362, 357], [188, 357]], '뭐 천천히', 0.999300989791962), ([[190, 348], [386, 348], [386, 404], [190, 404]], '생각하자(', 0.37433001120025794), ([[204, 440], [364, 440], [364, 494], [204, 494]], '그럴까: ', 0.5794988797095588), ([[100, 506], [188, 506], [188, 562], [100, 562]], '정말', 0.9999917392276855), ([[94, 543], [313, 543], [313, 606], [94, 606]], '야한 아빠네', 0.9941758717310517), ([[97, 591], [355, 591], [355, 651], [97, 651]], '이렇계 세우고', 0.2914049074775083)]
[([[288, 124], [372, 124], [372, 178], [288, 178]], '정말', 0.999982972715661), ([[286, 168], [410, 168], [410, 222], [286, 222]], '나한켓', 0.1510151691506874), ([[286, 214], [448, 214], [448, 266], [286, 266]], '참으라고', 0.9972206950187683), ([[286, 256], [486, 256], [486, 310], [286, 310]], '햇으면서: .', 0.39473350272355423), ([[216, 361], [338, 361], [338, 415], [216, 415]], '아내의', 0.9999382637679942), ([[218, 408], [390, 408], [390, 462], [218, 462]], '임신 배로', 0.6189804717855457), ([[218, 450], [300, 450], [300, 506], [218, 506]], '흥분', 0.999822566378655), ([[287, 446], [463, 446], [463, 544], [287, 544]], '하다니 "', 0.40181154924510615), ([[214, 496], [300, 496], [300, 550], [214, 550]], '정말', 0.9999863444483912)]
[([[322, 234], [436, 234], [436, 286], [322, 286]], '저기 ~', 0.5212842287010867), ([[322, 278], [470, 278], [470, 332], [322, 332]], '하자~~', 0.31306514143943787), ([[157, 379], [361, 379], [361, 439], [157, 439]], '옷   그럴까', 0.40886928048116356)]
[([[152, 254], [276, 254], [276, 304], [152, 304]], '하루도', 0.9996682683883135), ([[152, 298], [312, 298], [312, 352], [152, 352]], '안지낫나', 0.20641234517097473), ([[728, 276], [826, 276], [826, 382], [728, 382]], '만일', 0.2607944748009804), ([[789, 283], [829, 283], [829, 331], [789, 331]], '일', 0.9999009395337488), ([[154, 344], [240, 344], [240, 392], [154, 392]], '하아-', 0.9718089699745178), ([[536, 354], [614, 354], [614, 402], [536, 402]], '으음', 0.9933421662194956), ([[812, 326], [884, 326], [884, 376], [812, 376]], '지?', 0.9996051068703101), ([[529, 393], [787, 393], [787, 453], [529, 453]], '20시간만이네 (', 0.47778244932888303), ([[156, 452], [278, 452], [278, 502], [156, 502]], '자기도', 0.9999766681867418), ([[156, 496], [318, 496], [318, 552], [156, 552]], '못참켓지', 0.47150489687919617), ([[94, 592], [296, 592], [296, 648], [94, 648]], '그렇습니다', 0.9924710698540822)]
[([[138, 202], [270, 202], [270, 256], [138, 256]], '이런 거', 0.9998956677442182), ([[138, 244], [388, 244], [388, 300], [138, 300]], '시작한 시점에', 0.9205813078972889), ([[137, 284], [390, 284], [390, 352], [137, 352]], '벌써 놀랍켓지', 0.39578920765872866), ([[758, 274], [882, 274], [882, 330], [758, 330]], '천천히', 0.9972535418415633), ([[760, 320], [842, 320], [842, 376], [760, 376]], '갈게', 0.9405636910465546), ([[101, 383], [145, 383], [145, 421], [101, 421]], '그', 0.999990582488298), ([[140, 376], [292, 376], [292, 432], [140, 432]], '털려나~', 0.36097702383995056), ([[563, 373], [743, 373], [743, 435], [563, 435]], '아기 깜짝', 0.7616540468288273), ([[487, 415], [651, 415], [651, 475], [487, 475]], '놀랍테니', 0.2751223850038282)]
[([[224, 128], [348, 128], [348, 178], [224, 178]], '아기도', 0.9999007542666064), ([[221, 168], [456, 168], [456, 229], [221, 229]], '기뻐 할 거야 ', 0.26230401701780603), ([[226, 214], [306, 214], [306, 270], [226, 270]], '분명', 0.9994206985786808), ([[183, 301], [272, 301], [272, 403], [183, 403]], '없보', 0.011971320124949333), ([[682, 352], [776, 352], [776, 404], [682, 404]], '좀데', 0.9981677784544691), ([[719, 311], [763, 311], [763, 359], [719, 359]], '제', 0.24750485866861371), ([[681, 395], [847, 395], [847, 455], [681, 455]], '격렬하게_', 0.37681252279167504), ([[608, 470], [758, 470], [758, 526], [608, 526]], '괜찮아8', 0.5678889155387878), ([[27, 505], [289, 505], [289, 593], [27, 593]], '아아아양', 0.9105364680290222), ([[106, 580], [176, 580], [176, 632], [106, 632]], '내?', 0.4838856124637927), ([[18, 570], [248, 570], [248, 691], [18, 691]], "'앞직나까의", 0.07894325181747977), ([[27, 663], [157, 663], [157, 723], [27, 723]], '자지야', 0.9929526435603049), ([[276.37836349444325, 296.0322895466553], [325.8648144746967, 307.4105328112977], [303.62163650555675, 403.9677104533447], [254.1351855253033, 392.5894671887023]], '4', 0.06228329432001467)]
[([[770, 236], [858, 236], [858, 292], [770, 292]], '간닷', 0.04597990375935558), ([[768, 278], [854, 278], [854, 330], [768, 330]], '하앗', 0.31699216355373033), ([[498, 330], [662, 330], [662, 382], [498, 382]], '응: 하아', 0.5217974439219455), ([[493, 373], [739, 373], [739, 433], [493, 433]], '가아가아가야', 0.7379535419697533), ([[493, 413], [771, 413], [771, 477], [493, 477]], '가버려어어어엇', 0.938301346905088), ([[23, 624], [222, 624], [222, 681], [23, 681]], '임신보지로', 0.7660910346928758), ([[19, 666], [520, 666], [520, 756], [19, 756]], '가버려어어어어엇', 0.9547836832957428)]
[([[89, 355], [211, 355], [211, 409], [89, 409]], '참잖아', 0.7547108605264322), ([[634, 354], [852, 354], [852, 406], [634, 406]], '하아하아:', 0.48950553736943786), ([[49, 355], [139, 355], [139, 500], [49, 500]], '적로', 0.011578756461934757), ([[125, 397], [303, 397], [303, 457], [125, 457]], '치 못한건', 0.6622151167053422), ([[636, 398], [858, 398], [858, 452], [636, 452]], '어절 수 없는', 0.6111695156515417), ([[128, 446], [222, 446], [222, 498], [128, 498]], '할 때', 0.8872464832623052), ([[633, 441], [847, 441], [847, 501], [633, 501]], '녀석이야 년', 0.9478915502678164), ([[50, 486], [215, 486], [215, 546], [50, 546]], '뿐이라구', 0.6514031291007996)]
[]
[]
[]
[]
[]
[]
[]
[]
[]
[]
[]
[]
[]
[]
[]
[]
[]
[]
[]
[]
[]
[]
[]
[]
[]
[]
[]
[]
[]
[]
[]
[]
[]
[]
[]
[]
[]
[]
[]
[]
[]
[([[133, 215], [217, 215], [217, 307], [133, 307]], '사', 0.3584274003776535)]
[]
[]
[]
[]
[]
[]
[]
[([[255.5296973673979, 677.0370934146066], [280.2134162360939, 687.9749596137865], [254.4703026326021, 745.9629065853934], [228.78658376390612, 735.0250403862135]], '{', 0.051974242993463315)]
[]
[]
[]
[]
[]
