841950
16
[([[108, 1282], [818, 1282], [818, 1432], [108, 1432]], '행 복의 비오네', 0.29510510569543236), ([[61, 1413], [326, 1413], [326, 1475], [61, 1475]], '역식 : 9937(32', 0.0017089374415852547), ([[698, 1420], [961, 1420], [961, 1468], [698, 1468]], '00003 @@00줄9', 0.28002510389682955), ([[208.29000741997774, 780.0640118719643], [340.75773458720835, 717.8654151484583], [363.7099925800223, 775.9359881280357], [230.24226541279165, 837.1345848515417]], '모)', 0.025097363349000607)]
[([[820, 1175], [932, 1175], [932, 1207], [820, 1207]], '근(5*', 0.047106992453336716), ([[781, 1229], [965, 1229], [965, 1267], [781, 1267]], '속@한<33)0', 0.05025821672071099), ([[756, 1259], [987, 1259], [987, 1298], [756, 1298]], '(사3,[)3(#고*#(', 0.00019477983045575477), ([[769, 1291], [975, 1291], [975, 1327], [769, 1327]], '소[꾸표니]니소껏', 3.344264259259001e-05), ([[146.67504722512362, 121.74506611517306], [242.4907324686713, 106.04685207110059], [246.32495277487638, 142.25493388482693], [151.5092675313287, 156.9531479288994]], '근3', 0.7136624388411746)]
[([[8, 1454], [32, 1454], [32, 1484], [8, 1484]], '3', 0.998966841660863), ([[521, 1452], [1006, 1452], [1006, 1483], [521, 1483]], '@논승(33*.손439) 1마증-;->"1180) 똑늦!!', 0.0007893391358342115)]
[]
[([[0, 1466], [24, 1466], [24, 1496], [0, 1496]], '5', 0.9994859164216372)]
[]
[([[838, 110], [910, 110], [910, 140], [838, 140]], '사무라의', 0.30858251452445984), ([[830, 133], [920, 133], [920, 163], [830, 163]], '작고 귀여운', 0.9903477112004837), ([[848, 158], [902, 158], [902, 190], [848, 190]], '입술을', 0.4574779426131565), ([[171, 263], [255, 263], [255, 299], [171, 299]], '토모요는', 0.9668803215026855), ([[165, 287], [259, 287], [259, 329], [165, 329]], '오늘 밤도', 0.9905270332905957), ([[864, 428], [894, 428], [894, 640], [864, 640]], '{', 0.10891859715697194)]
[([[622, 88], [668, 88], [668, 118], [622, 118]], '아 ', 0.37587808515518534), ([[614, 118], [678, 118], [678, 150], [614, 150]], '토모요', 0.9638834145385002), ([[191, 259], [249, 259], [249, 301], [191, 301]], '깜짝', 0.9999013777989344), ([[179, 295], [259, 295], [259, 339], [179, 339]], '놀랍어', 0.4286059327820391), ([[768, 448], [804, 448], [804, 476], [768, 476]], "나'", 0.9815052089939447), ([[765, 477], [819, 477], [819, 517], [765, 517]], '괜지', 0.028182015863240272), ([[767, 513], [821, 513], [821, 555], [767, 555]], '잠이', 0.9878606429827532), ([[903, 499], [1007, 499], [1007, 541], [903, 541]], '놀래켜서', 0.9747924208641052), ([[753, 547], [833, 547], [833, 589], [753, 589]], '안외서', 0.5185322558160887), ([[901, 533], [983, 533], [983, 577], [901, 577]], '미안해', 0.9846319654580248), ([[1035, 1469], [1053, 1469], [1053, 1493], [1035, 1493]], '8', 0.8500555165922066), ([[118.95636389942891, 698.0683656356597], [173.02594085493214, 678.0660573885249], [210.0436361005711, 789.9316343643403], [155.97405914506786, 809.9339426114751]], '양', 0.2655762913090926)]
[([[891, 111], [993, 111], [993, 151], [891, 151]], '사루라"', 0.33367812633514404), ([[885, 145], [999, 145], [999, 189], [885, 189]], '정말 작다', 0.9992119629887399), ([[631, 581], [655, 581], [655, 601], [631, 601]], '?', 0.3273513845999929), ([[908, 752], [976, 752], [976, 784], [908, 784]], '여기도;', 0.7087602019309998), ([[798, 780], [868, 780], [868, 812], [798, 812]], '전부 다', 0.969824328794137), ([[907, 775], [977, 775], [977, 813], [907, 813]], "저기도'", 0.8045437335968018), ([[789, 807], [873, 807], [873, 845], [789, 845]], '귀여워요', 0.22192110121250153), ([[917, 807], [979, 807], [979, 843], [917, 843]], '전부  ', 0.5502752021280946), ([[619, 859], [684, 859], [684, 998], [619, 998]], '항', 0.022539389370195062), ([[1, 1467], [21, 1467], [21, 1493], [1, 1493]], '9', 0.9998345443505627), ([[631.272393124891, 600.089572499564], [655.527371915451, 592.0467172734745], [671.727606875109, 645.910427500436], [647.472628084549, 653.9532827265255]], '쓸', 0.02289144595419601), ([[837.5630697925246, 1252.0239351119737], [866.382849626577, 1246.0183638835988], [890.4369302074754, 1350.9760648880263], [862.617150373423, 1357.9816361164012]], ';', 0.025919569664898612)]
[([[710, 72], [738, 72], [738, 98], [710, 98]], '나', 0.98750386089865), ([[683, 97], [769, 97], [769, 133], [683, 133]], '남자애로', 0.8399248719215393), ([[972, 104], [1038, 104], [1038, 136], [972, 136]], '사루라', 0.7503181545162287), ([[673, 127], [779, 127], [779, 163], [673, 163]], '태어나는게', 0.6041837430187511), ([[971, 131], [1039, 131], [1039, 169], [971, 169]], '미안해', 0.996588136437908), ([[550, 156], [616, 156], [616, 188], [550, 188]], '그러면', 0.9997288323954827), ([[675, 155], [775, 155], [775, 193], [675, 193]], '좋앞-까?', 0.06391329646207371), ([[539, 185], [625, 185], [625, 221], [539, 221]], '사루라지', 0.1931055784225464), ([[523, 213], [643, 213], [643, 251], [523, 251]], '더 기분 쫓계', 0.24512962902390528), ([[533, 243], [607, 243], [607, 279], [533, 279]], '해출 수', 0.7884713736826998), ([[503, 269], [593, 269], [593, 309], [503, 309]], '있흘린데', 0.03725724667310715), ([[181, 341], [219, 341], [219, 383], [181, 383]], '옛', 0.9988698577930997), ([[143, 433], [223, 433], [223, 475], [143, 475]], '그런거', 0.9999357172454216), ([[151, 469], [217, 469], [217, 513], [151, 513]], '싫어]', 0.4856933649450922), ([[901, 755], [979, 755], [979, 797], [901, 797]], '토모요', 0.9104897975921631), ([[887, 789], [971, 789], [971, 833], [887, 833]], '뿐이야', 0.9373135429072232), ([[832, 972], [864, 972], [864, 1008], [832, 1008]], '내', 0.9999921322023653), ([[817, 1001], [877, 1001], [877, 1119], [817, 1119]], '쫓', 0.0060747379983028815), ([[849, 1075], [905, 1075], [905, 1117], [849, 1117]], '논건;', 0.49154235495248516), ([[20, 1172], [54, 1172], [54, 1204], [20, 1204]], '10', 0.9999799381590507), ([[790, 1232], [876, 1232], [876, 1308], [790, 1308]], '곳워', 0.0038869817819774306), ([[929, 1255], [1009, 1255], [1009, 1291], [929, 1291]], '고마원: ', 0.38911646636033664), ([[859.203970247832, 967.0397024783201], [922.6428033978249, 957.4491331490718], [939.796029752168, 1082.9602975216799], [875.3571966021751, 1092.550866850928]], '밟', 0.0025482695832229063)]
[([[141, 121], [191, 121], [191, 159], [141, 159]], '정말', 0.9999716774352768), ([[131, 151], [197, 151], [197, 189], [131, 189]], '좋아해', 0.998252174334021), ([[129, 181], [203, 181], [203, 217], [129, 217]], '사무라]', 0.23309095203876495), ([[946, 292], [974, 292], [974, 406], [946, 406]], '물', 0.3535029016404678), ([[905, 497], [977, 497], [977, 533], [905, 533]], '사루라', 0.33183288693316176), ([[887, 523], [993, 523], [993, 565], [887, 565]], '말광말랑해', 0.5739431281749644), ([[453, 1121], [547, 1121], [547, 1159], [453, 1159]], '정말 정말', 0.9388347699350561), ([[465, 1151], [539, 1151], [539, 1189], [465, 1189]], '좋아해]', 0.36974215507507324), ([[306, 1354], [754, 1354], [754, 1402], [306, 1402]], '사구라와 함께하는 매일이 정말 좋습니다', 0.5296110401477511)]
[([[884, 62], [978, 62], [978, 112], [884, 112]], '다음날', 0.9998796251442416), ([[146, 120], [184, 120], [184, 146], [146, 146]], '에또', 0.9138593478554887), ([[307, 95], [369, 95], [369, 179], [307, 179]], '표', 0.008515202464530525), ([[143, 139], [187, 139], [187, 197], [143, 197]], '신발', 0.25567271796470964), ([[648, 218], [730, 218], [730, 266], [648, 266]], '오늘은', 0.9992783993612097), ([[636, 256], [740, 256], [740, 300], [636, 300]], '사루라랑', 0.8545651435852051), ([[627, 291], [753, 291], [753, 335], [627, 335]], '도서관에서', 0.8377528081571787), ([[649, 327], [729, 327], [729, 369], [649, 369]], '숙제틀', 0.30570354814177353), ([[625, 361], [755, 361], [755, 405], [625, 405]], '해치워야지', 0.8843939028691238), ([[92, 540], [162, 540], [162, 570], [92, 570]], '이렇계나', 0.41679126024246216), ([[110, 514], [180, 514], [180, 546], [110, 546]], '신발장에', 0.9929477572441101), ([[158, 538], [198, 538], [198, 570], [158, 570]], '작은', 0.9914122091845152), ([[255, 483], [275, 483], [275, 601], [255, 601]], '9', 0.04538630580772551), ([[937, 547], [1025, 547], [1025, 591], [937, 591]], '사루라]', 0.268368661403656), ([[90, 564], [198, 564], [198, 594], [90, 594]], '장난감 신발이', 0.9231784490100762), ([[393, 553], [429, 553], [429, 623], [393, 623]], '흙', 0.039395822764138666), ([[110, 588], [180, 588], [180, 618], [110, 618]], '들어있어', 0.9250409007072449), ([[571, 655], [625, 655], [625, 697], [571, 697]], '빨리', 0.9999191633015553), ([[569, 689], [627, 689], [627, 731], [569, 731]], '가재', 0.6770784619123763), ([[228, 978], [268, 978], [268, 1008], [228, 1008]], '내가', 0.9997994711841768), ([[502, 974], [544, 974], [544, 1004], [502, 1004]], '어라', 0.962415362541095), ([[212, 1002], [280, 1002], [280, 1034], [212, 1034]], '유치원에', 0.9982980489730835), ([[485, 995], [563, 995], [563, 1031], [485, 1031]], '그리워라', 0.9229043126106262), ([[212, 1026], [280, 1026], [280, 1056], [212, 1056]], '올라가기', 0.9997487664222717), ([[208, 1050], [284, 1050], [284, 1080], [208, 1080]], '전에 신단', 0.39964064145216516), ([[131, 1077], [171, 1077], [171, 1097], [131, 1097]], '토모요', 0.9870789931720441), ([[207, 1069], [286, 1069], [286, 1110], [207, 1110]], '신발이야', 0.8453660011291504), ([[124, 1094], [178, 1094], [178, 1118], [124, 1118]], '이뤄제나', 0.266130656003952), ([[120, 1112], [182, 1112], [182, 1136], [120, 1136]], '작사없어?', 0.48324038077978), ([[325, 1389], [408, 1389], [408, 1428], [325, 1428]], '5635;', 0.09976745225053041), ([[1030, 1470], [1060, 1470], [1060, 1500], [1030, 1500]], '12', 0.9979974627494812), ([[271.2145699273442, 651.8858279709377], [309.5534080382173, 633.4334997629453], [320.7854300726558, 658.1141720290623], [283.4465919617827, 676.5665002370547]], '0료/', 0.007247018548856), ([[154.76304381980898, 1235.0284796612168], [168.20810764446486, 1232.0218940710151], [178.23695618019102, 1277.9715203387832], [163.79189235553514, 1280.9781059289849]], '출', 0.29869889393808435)]
[([[918, 72], [958, 72], [958, 100], [918, 100]], '어라', 0.9803213459485839), ([[157, 89], [173, 89], [173, 141], [157, 141]], '총', 0.02860572220765878), ([[877, 149], [965, 149], [965, 185], [877, 185]], '사루라도', 0.39278843998908997), ([[887, 179], [957, 179], [957, 215], [887, 215]], '옛날엔', 0.9419223673063), ([[89, 211], [179, 211], [179, 251], [89, 251]], '이렇게나', 0.4778122901916504), ([[855, 207], [989, 207], [989, 245], [855, 245]], '이거랑 비슷한', 0.9714949383466162), ([[77, 241], [187, 241], [187, 279], [77, 279]], '작은 신발을', 0.5566799911882723), ([[845, 233], [997, 233], [997, 275], [845, 275]], '사이즈의 신발올', 0.5272112596195593), ([[75, 267], [189, 267], [189, 309], [75, 309]], '신없흘 때도', 0.27912314690769363), ([[867, 263], [977, 263], [977, 303], [867, 303]], '신없든거야', 0.6640509401730302), ([[75, 295], [183, 295], [183, 337], [75, 337]], '있없흘까나', 0.25972607405375664), ([[895, 577], [961, 577], [961, 615], [895, 615]], '미래의', 0.9926714878901239), ([[903, 607], [951, 607], [951, 643], [903, 643]], '일은', 0.9984784722328186), ([[99, 647], [167, 647], [167, 683], [99, 683]], '과거의', 0.9996251856551632), ([[896, 638], [962, 638], [962, 670], [896, 670]], '예측이', 0.995087684145727), ([[110, 680], [156, 680], [156, 712], [110, 712]], '일도', 0.9986458375804267), ([[881, 665], [977, 665], [977, 701], [881, 701]], '잘 안되다', 0.5077055772932622), ([[100, 708], [164, 708], [164, 740], [100, 740]], '의외로', 0.9999958016447406), ([[873, 691], [981, 691], [981, 733], [873, 733]], '생각햇든데', 0.2713912079999069), ([[75, 735], [189, 735], [189, 773], [75, 773]], '알지 못하는', 0.6804189063232654), ([[99, 765], [167, 765], [167, 801], [99, 801]], '거구나', 0.9999408102914357), ([[687, 1115], [757, 1115], [757, 1151], [687, 1151]], '우리들은', 0.9974454641342163), ([[116, 1138], [204, 1138], [204, 1168], [116, 1168]], '어른이 되고', 0.9735394567765245), ([[686, 1142], [774, 1142], [774, 1172], [686, 1172]], '\'지금" 밖에', 0.9568532425141527), ([[924, 1140], [980, 1140], [980, 1172], [924, 1172]], '그렇네;', 0.8232067823410034), ([[132, 1164], [186, 1164], [186, 1190], [132, 1190]], '나이틀', 0.3419852821986616), ([[574, 1158], [650, 1158], [650, 1190], [574, 1190]], '알지 못할', 0.8043246825771707), ([[686, 1166], [758, 1166], [758, 1196], [686, 1196]], '살고있지', 0.9341894388198853), ([[126, 1188], [194, 1188], [194, 1214], [126, 1214]], '먹어가고', 0.9974576830863953), ([[584, 1184], [638, 1184], [638, 1214], [584, 1214]], '정도로', 0.999449485008068), ([[684, 1190], [756, 1190], [756, 1222], [684, 1222]], '않으니까', 0.7627241611480713), ([[118, 1210], [204, 1210], [204, 1242], [118, 1242]], '있는거구나', 0.8133323980697457), ([[590, 1208], [632, 1208], [632, 1236], [590, 1236]], '조금', 0.9999941837398596), ([[576, 1230], [648, 1230], [648, 1262], [576, 1262]], '뿐이지만', 0.992418646812439), ([[8, 1472], [38, 1472], [38, 1500], [8, 1500]], '13', 0.9918492905701832)]
[([[921, 99], [971, 99], [971, 139], [921, 139]], '분명', 0.999214894511116), ([[214, 146], [296, 146], [296, 176], [214, 176]], '"그 시절로', 0.9326233004092975), ([[891, 131], [1003, 131], [1003, 167], [891, 167]], '어른이 되고', 0.903289088319417), ([[202, 168], [319, 168], [319, 204], [202, 204]], '돌아가고 싶네"', 0.5930621727815291), ([[905, 161], [989, 161], [989, 197], [905, 197]], '무덤까지', 0.9581201672554016), ([[228, 196], [282, 196], [282, 226], [228, 226]], '같은거', 0.9218729871970592), ([[897, 187], [991, 187], [991, 227], [897, 227]], '가능 동안', 0.551462130986994), ([[795, 387], [864, 387], [864, 419], [795, 419]], '한번품은', 0.07818221119229672), ([[783, 411], [881, 411], [881, 447], [783, 447]], '생각하켓지?', 0.99397429831501), ([[684, 536], [710, 536], [710, 652], [684, 652]], '탑', 0.00673519147509799), ([[77, 839], [157, 839], [157, 883], [77, 883]], '최선올', 0.7197951367017054), ([[91, 805], [195, 805], [195, 847], [91, 847]], '하루하루', 0.9994005560874939), ([[155, 841], [213, 841], [213, 881], [155, 881]], '다해', 0.9999600450214031), ([[664, 765], [728, 765], [728, 891], [664, 891]], '떼', 0.00908983182945633), ([[81, 875], [207, 875], [207, 917], [81, 917]], '살아아켓어', 0.8064962185067299), ([[905, 1039], [1001, 1039], [1001, 1075], [905, 1075]], '그 시절도', 0.9687043507808728), ([[909, 1069], [979, 1069], [979, 1105], [909, 1105]], '지금도:', 0.5088390707969666), ([[87, 1127], [199, 1127], [199, 1165], [87, 1165]], '매일 열심히', 0.9952268674406006), ([[95, 1155], [189, 1155], [189, 1195], [95, 1195]], "사능 것'", 0.12828871090363994), ([[98, 1184], [185, 1184], [185, 1226], [98, 1226]], '자랑으로', 0.9887548685073853), ([[65, 1213], [199, 1213], [199, 1253], [65, 1253]], '여:수 있기틀', 0.17614239374225982), ([[1020, 1434], [1046, 1434], [1046, 1460], [1020, 1460]], '44', 0.31358456127644374)]
[([[100, 1460], [128, 1460], [128, 1486], [100, 1486]], '15', 0.9342189056632724)]
[([[703, 149], [965, 149], [965, 187], [703, 187]], '허()7 느3하=+!!', 0.02236559792830646), ([[789, 797], [805, 797], [805, 823], [789, 823]], '9', 0.9115521178400208), ([[49, 877], [337, 877], [337, 917], [49, 917]], '글0하병단년넣-*! !', 0.0007931384234116278), ([[47, 933], [367, 933], [367, 973], [47, 973]], '민개{7 * 0끼+##/시면 3', 0.00026880532734407394), ([[51, 989], [182, 989], [182, 1029], [51, 1029]], '료#이초^', 0.014556283324934378), ([[89, 1033], [251, 1033], [251, 1069], [89, 1069]], '출단 1 50 0', 0.46202600952131284), ([[58, 1098], [154, 1098], [154, 1130], [58, 1130]], '1-에리;|', 0.02718195372445302), ([[83, 1137], [327, 1137], [327, 1173], [83, 1173]], '2*3`신@유형+물3;|. 네)천', 9.159957263684465e-06), ([[476, 1228], [498, 1228], [498, 1236], [476, 1236]], "'(하", 0.0432199930946612), ([[1026, 1474], [1054, 1474], [1054, 1500], [1026, 1500]], '16', 0.999675484690943), ([[780.526087639618, 824.0569593224337], [796.3628370558376, 830.5362120511373], [782.473912360382, 868.9430406775663], [766.6371629441624, 862.4637879488627]], '3', 0.9949988822715774)]
