847043
33
[([[64, 242], [138, 242], [138, 322], [64, 322]], ',', 0.08022536491145704), ([[705, 1442], [833, 1442], [833, 1529], [705, 1529]], '[>', 0.05061658542727152), ([[0, 1459], [720, 1459], [720, 1600], [0, 1600]], '{)6>스탕벌질', 7.744462300797062e-05), ([[115, 1569], [403, 1569], [403, 1631], [115, 1631]], '식도} 8 _@전전분확', 0.0009239068175927311), ([[774, 1460], [1128, 1460], [1128, 1652], [774, 1652]], '@량', 0.009241553155696379), ([[95, 1627], [417, 1627], [417, 1691], [95, 1691]], '원& % 킬요정', 0.02277504634038265), ([[357.8222942473116, 1305.3515360591384], [1144.20972991932, 1203.70976657601], [1152.1777057526883, 1413.6484639408616], [365.79027008068, 1515.29023342399]], '닭짚고중3%33', 0.0017608751182865677), ([[839.1033793898918, 1435.6274346577618], [1081.5519183583415, 1408.5357829183229], [1084.8966206101084, 1470.3725653422382], [842.4480816416586, 1498.4642170816771]], '[습미미미질', 0.10804046621970255)]
[([[69, 247], [137, 247], [137, 319], [69, 319]], '모', 0.12875161509389077), ([[705, 1442], [833, 1442], [833, 1529], [705, 1529]], '[>', 0.04568296137474166), ([[690, 1530], [762, 1530], [762, 1618], [690, 1618]], '넷', 0.06286278706518633), ([[774, 1460], [1128, 1460], [1128, 1652], [774, 1652]], '@량', 0.016636444854064406), ([[377.89002531736605, 1304.3401519041963], [1144.1371185048333, 1203.5303776583594], [1152.109974682634, 1413.6598480958037], [386.8628814951667, 1513.4696223416406]], '뵈3소중내%33초', 9.713924099231643e-05), ([[838.9904649372536, 1436.6799763682325], [1081.5519183583415, 1408.5357829183229], [1085.0095350627464, 1470.3200236317675], [842.4480816416586, 1498.4642170816771]], '[료미미미질', 0.06665378854467008), ([[428.76000847997454, 1502.2160135679594], [709.4278135270821, 1462.0288745891671], [716.2399915200255, 1531.7839864320406], [434.5721864729179, 1571.9711254108329]], '카리미타문물', 0.003120724090308922)]
[([[717, 37], [1167, 37], [1167, 97], [717, 97]], '[눕어물-꾸-나@--:', 5.6718266191207655e-05), ([[808, 80], [1165, 80], [1165, 142], [808, 142]], '@`잦:리신-예-물-9', 5.522483052504477e-05), ([[852, 166], [1160, 166], [1160, 220], [852, 220]], '@--`-물--', 0.00021542515787136243), ([[1070, 208], [1164, 208], [1164, 258], [1070, 258]], '2014', 0.9918246269226074)]
[([[897, 947], [975, 947], [975, 1079], [897, 1079]], '둘', 0.8382957490949963), ([[223, 1065], [297, 1065], [297, 1103], [223, 1103]], '우응: ', 0.5677833557128906)]
[([[922, 48], [974, 48], [974, 124], [922, 124]], '금', 0.31005120648650575), ([[997, 507], [1091, 507], [1091, 549], [997, 549]], '후춧- .', 0.157204415041709), ([[885, 795], [1165, 795], [1165, 1077], [885, 1077]], '(', 0.220166469160902), ([[864, 1158], [944, 1158], [944, 1232], [864, 1232]], '"수', 0.013537058656346359), ([[963, 1145], [1045, 1145], [1045, 1209], [963, 1209]], "' :", 0.2588727791955415), ([[185.36422253405644, 1130.0958915394797], [284.1414468372639, 1095.6265779213352], [326.63577746594353, 1242.9041084605203], [227.8585531627361, 1277.3734220786648]], '4', 0.6845067741092556)]
[([[1953, 2743], [1972, 2743], [1972, 2768], [1953, 2768]], '5', 0.9878797093778459), ([[864.1649412979883, 2723.0803307970664], [1124.2759448464526, 2697.72997289546], [1130.8350587020118, 2878.9196692029336], [869.7240551535474, 2905.27002710454]], '(@=', 0.14182324645539066)]
[([[1444, 1641], [1569, 1641], [1569, 1719], [1444, 1719]], '1부', 0.001450476199528573)]
[([[228, 200], [256, 200], [256, 234], [228, 234]], '응', 0.9997857923791322), ([[164, 262], [240, 262], [240, 288], [164, 288]], '카에데 ', 0.36423730850219727), ([[1014, 798], [1069, 798], [1069, 831], [1014, 831]], '@엔', 0.0805466595180515), ([[172, 842], [232, 842], [232, 872], [172, 872]], '아냐', 0.9998666499756084), ([[972, 840], [1022, 840], [1022, 872], [972, 872]], '깨위', 0.3435709581631533), ([[159, 883], [263, 883], [263, 919], [159, 919]], '중은 아침', 0.4913996950097674), ([[942, 880], [1055, 880], [1055, 918], [942, 918]], '버럿나요?', 0.48007439695370746), ([[945, 1153], [999, 1153], [999, 1189], [945, 1189]], '종은', 0.6020838024618419), ([[913, 1195], [1035, 1195], [1035, 1231], [913, 1231]], '아침이에요', 0.750771927008459), ([[130, 1342], [231, 1342], [231, 1387], [130, 1387]], '여보0', 0.8783670076581994)]
[([[131, 157], [224, 157], [224, 185], [131, 185]], '그러시나요?', 0.9958761389891789), ([[1026, 580], [1098, 580], [1098, 610], [1026, 610]], '몇 번을', 0.4693281937410751), ([[1010, 614], [1119, 614], [1119, 650], [1010, 650]], '박올렌데도', 0.05632755516787757), ([[990, 654], [1142, 654], [1142, 686], [990, 686]], '눈에 보약이다  ', 0.5962073438333186), ([[1032, 694], [1100, 694], [1100, 724], [1032, 724]], '싶어서', 0.9999823118634976), ([[208, 816], [266, 816], [266, 848], [208, 848]], '어머', 0.999927845357817), ([[1042, 1190], [1182, 1190], [1182, 1218], [1042, 1218]], '간방에도 몇 번을', 0.2830672277929558), ([[179, 1223], [249, 1223], [249, 1265], [179, 1265]], '앗 .', 0.321469051099802), ([[1054, 1224], [1154, 1224], [1154, 1250], [1054, 1250]], '울리고 실컷', 0.6259058582869029), ([[1048, 1258], [1160, 1258], [1160, 1284], [1048, 1284]], '쳐다보석다고', 0.5959371525795202), ([[1050, 1292], [1164, 1292], [1164, 1318], [1050, 1318]], '생각하논데요', 0.4618050725083033), ([[246, 1424], [300, 1424], [300, 1478], [246, 1478]], '헤', 0.1924688472701206), ([[982, 1450], [1094, 1450], [1094, 1476], [982, 1476]], '그건 그것대로', 0.9439876663351292), ([[978, 1482], [1096, 1482], [1096, 1512], [978, 1512]], "'굉장히 중던데", 0.4202704438948983), ([[858, 1578], [930, 1578], [930, 1608], [858, 1608]], '정말: .', 0.9225529272185682), ([[1127.2619071887366, 14.05477816453486], [1161.5289302729675, 1.028055434104438], [1193.7380928112634, 90.94522183546513], [1159.4710697270325, 104.97194456589557]], '*', 0.003869711585285318)]
[([[216, 76], [264, 76], [264, 104], [216, 104]], '미안,', 0.5356494724817213), ([[194, 110], [286, 110], [286, 140], [194, 140]], '못 참젯어', 0.3094880703564949), ([[952, 132], [1022, 132], [1022, 156], [952, 156]], '?씨" ?', 0.35449199955333954), ([[104, 166], [190, 166], [190, 194], [104, 194]], '기껏 타맨', 0.2095549815077495), ([[98, 200], [200, 200], [200, 230], [98, 230]], '휴일이지만', 0.9956088293528319), ([[110, 236], [192, 236], [192, 264], [110, 264]], '오늘은"', 0.44635024666786194), ([[920, 470], [998, 470], [998, 496], [920, 496]], '\'"어절 수', 0.5567608291040171), ([[922, 504], [988, 504], [988, 530], [922, 530]], '없네요:', 0.8278478384017944), ([[104, 1044], [215, 1044], [215, 1083], [104, 1083]], "'의도'치는", 0.6504032705324739), ([[103, 1091], [205, 1091], [205, 1129], [103, 1129]], '않앗대도', 0.530530571937561), ([[108, 1139], [198, 1139], [198, 1171], [108, 1171]], "'이토'록", 0.8694151838331914), ([[99, 1183], [217, 1183], [217, 1219], [99, 1219]], '커울네요?', 0.20340182076401117), ([[940, 1486], [1052, 1486], [1052, 1516], [940, 1516]], '"역시 그건', 0.9984307968013462), ([[36, 1514], [150, 1514], [150, 1540], [36, 1540]], '매일 그런 멘트', 0.9541671836993174), ([[228, 1500], [338, 1500], [338, 1530], [228, 1530]], '요즘 채점이', 0.9825634093101971), ([[26, 1544], [151, 1544], [151, 1570], [26, 1570]], '날려대니까잡아:', 0.6140831536420018), ([[224, 1538], [328, 1538], [328, 1568], [224, 1568]], '엄격하네요', 0.9833947070658897), ([[932, 1526], [1066, 1526], [1066, 1558], [932, 1558]], '무리가 엇켓지', 0.38177289646494567), ([[113.04306493937207, 464.05743899678816], [164.5251804592127, 430.0172570199673], [244.95693506062793, 562.9425610032118], [193.4748195407873, 597.9827429800326]], '승', 0.015192378964244746), ([[493.3300583289099, 1102.037519127298], [540.3015827469119, 1092.1428776388964], [560.6699416710901, 1202.962480872702], [513.6984172530881, 1211.8571223611036]], '목', 0.018397723251667664)]
[([[188, 200], [216, 200], [216, 236], [188, 236]], '음', 0.9988009949567278), ([[937, 1], [1153, 1], [1153, 331], [937, 331]], '냉', 0.013303890085916648), ([[986, 516], [1080, 516], [1080, 546], [986, 546]], '[ 씨는:', 0.19938297775218908), ([[1119, 419], [1183, 419], [1183, 567], [1119, 567]], '댐', 0.35687851054308695), ([[953, 557], [1113, 557], [1113, 593], [953, 593]], '어젯밤 몇 번올', 0.7203355005749777), ([[971, 601], [1101, 601], [1101, 637], [971, 637]], '햇올 팀데"', 0.14044270838202397), ([[188, 954], [282, 954], [282, 982], [188, 982]], '당장이라도', 0.9942952898935788), ([[194, 986], [276, 986], [276, 1012], [194, 1012]], '날아갈 것', 0.9271259051079014), ([[168, 1020], [308, 1020], [308, 1046], [168, 1046]], '같아보이네요:  ?', 0.7402340511310771), ([[196, 1086], [262, 1086], [262, 1114], [196, 1114]], '정액이', 0.8153067337899726), ([[368, 1037], [425, 1037], [425, 1119], [368, 1119]], '딴', 0.012532933203302454), ([[705, 1051], [759, 1051], [759, 1141], [705, 1141]], '5', 0.15757917404961663), ([[243, 1329], [287, 1329], [287, 1381], [243, 1381]], '댐', 0.043129602957251656), ([[868, 1308], [994, 1308], [994, 1444], [868, 1444]], ': 0', 0.020457837730646133), ([[174, 1410], [246, 1410], [246, 1436], [174, 1436]], '카에데틀', 0.23815421760082245), ([[1038, 1406], [1132, 1406], [1132, 1432], [1038, 1432]], '웃   아침의', 0.6134303400725922), ([[156, 1439], [271, 1439], [271, 1466], [156, 1466]], '몇 번올 안아도', 0.5408419189546305), ([[1008, 1440], [1158, 1440], [1158, 1468], [1008, 1468]], '생리현상이관 것도', 0.6508595306271631), ([[154, 1474], [278, 1474], [278, 1498], [154, 1498]], '질리질 않듣다는', 0.3242361521486618), ([[1000, 1472], [1162, 1472], [1162, 1500], [1000, 1500]], '잇든지 모르켓논데-', 0.07048415431974962), ([[170, 1504], [258, 1504], [258, 1530], [170, 1530]], '무엇보다도', 0.9922654194705788), ([[74, 1544], [102, 1544], [102, 1568], [74, 1568]], '10', 0.9999932565108979), ([[150, 1536], [276, 1536], [276, 1564], [150, 1564]], '확실한 증거라고', 0.7844658802587974), ([[158, 1568], [274, 1568], [274, 1592], [158, 1592]], '생각하는   데?', 0.3287021937634211), ([[405.0675452416649, 963.048434319983], [473.3302957295212, 952.6388319982234], [487.9324547583351, 1076.951565680017], [419.6697042704788, 1087.3611680017766]], '올', 0.2764319709027383), ([[452.98198161801105, 1547.3495485304309], [489.62163650555675, 1513.0322895466554], [553.0180183819889, 1586.6504514695691], [516.3783634944433, 1620.9677104533446]], '*', 0.026825466234241313)]
[([[992, 108], [1030, 108], [1030, 132], [992, 132]], '하음', 0.9999589492163418), ([[894, 174], [1026, 174], [1026, 206], [894, 206]], '? 씨의 [ 씨도', 0.5000816085548906), ([[902, 218], [1022, 218], [1022, 250], [902, 250]], '몇 번올 화도', 0.2928914554683284), ([[90, 246], [212, 246], [212, 276], [90, 276]], '오늘도 굉장히', 0.6919566263107485), ([[85, 281], [217, 281], [217, 307], [85, 307]], '딱딱-- 해요   0', 0.5731138917648023), ([[249, 253], [309, 253], [309, 315], [249, 315]], '버', 0.010148131909664626), ([[910, 260], [1020, 260], [1020, 292], [910, 292]], '커다랑고: .', 0.4377240648833208), ([[284, 296], [314, 296], [314, 332], [284, 332]], '서', 0.007045166773753719), ([[628, 494], [678, 494], [678, 520], [628, 520]], '축축', 0.7931165774947887), ([[1020, 512], [1074, 512], [1074, 592], [1020, 592]], '댐', 0.7323553370652149), ([[347, 893], [387, 893], [387, 913], [347, 913]], '카:;', 0.1923595106916842), ([[326, 924], [412, 924], [412, 950], [326, 950]], '카에데: !', 0.6030164823856727), ([[272, 1070], [350, 1070], [350, 1096], [272, 1096]], '부분은:  !', 0.2820140794771442), ([[404, 1442], [482, 1442], [482, 1532], [404, 1532]], '넷', 0.04512820172877596), ([[57, 1549], [75, 1549], [75, 1575], [57, 1575]], '응', 0.999695681839686), ([[93, 1549], [115, 1549], [115, 1569], [93, 1569]], '0', 0.9853880480096713), ([[29.422792022930633, 894.0128205159393], [132.05530001537113, 911.0810833095446], [93.57720797706936, 1144.9871794840608], [-8.055300015371138, 1127.9189166904553]], '퍽', 0.2156739141920605), ([[1012.3410893700699, 1122.027181377846], [1070.835414579047, 1112.2133926949523], [1092.65891062993, 1258.972818622154], [1034.164585420953, 1267.7866073050477]], '8', 0.03654913934582371), ([[436.0578369393376, 1161.0494509237074], [507.0543817702552, 1154.964952491676], [514.9421630606624, 1273.9505490762926], [443.9456182297448, 1280.035047508324]], '넓', 0.23252945445495143), ([[967.1055728090001, 1233.0806504495004], [1004.5980844128925, 1219.0358993729926], [1030.894427191, 1297.9193495504996], [994.4019155871075, 1311.9641006270074]], '', 0.0), ([[402.2821863608303, 1245.0322686052164], [465.00769727026983, 1233.2560248146735], [488.7178136391697, 1371.9677313947836], [425.99230272973017, 1383.7439751853265]], '굶', 0.0016498832515226547), ([[963.3683524600331, 1285.0199688685227], [1035.4689670161538, 1257.0110025559238], [1106.631647539967, 1462.9800311314773], [1033.5310329838462, 1489.9889974440762]], ')', 0.014292483286702462)]
[([[840, 216], [938, 216], [938, 248], [840, 248]], '쌀 거라면', 0.9315879028304171), ([[837, 255], [948, 255], [948, 287], [837, 287]], '여기에   0', 0.6222236222360494), ([[158, 266], [234, 266], [234, 320], [158, 320]], '양"0', 0.3289688915743908), ([[392, 1118], [482, 1118], [482, 1148], [392, 1148]], '카에데도', 0.6032412052154541), ([[382, 1158], [492, 1158], [492, 1190], [382, 1190]], '어젯밤으론', 0.9277975168798951), ([[1071, 1185], [1158, 1185], [1158, 1212], [1071, 1212]], '정말로- 0', 0.7059698446990172), ([[382, 1196], [498, 1196], [498, 1228], [382, 1228]], '부족햇던 거', 0.6251338468216762), ([[406, 1238], [468, 1238], [468, 1266], [406, 1266]], '아냐?', 0.9997260106524128), ([[610, 1254], [688, 1254], [688, 1336], [610, 1336]], ')', 0.04379218058742773), ([[1030, 1298], [1100, 1298], [1100, 1322], [1030, 1322]], '생생하다', 0.9984048008918762), ([[1031, 1329], [1095, 1329], [1095, 1349], [1031, 1349]], '니까요:', 0.5903303623199463), ([[590, 1382], [634, 1382], [634, 1408], [590, 1408]], '아이', 0.7404781955264597), ([[152, 1486], [224, 1486], [224, 1510], [152, 1510]], '느맛없이', 0.5676435828208923), ([[122, 1518], [252, 1518], [252, 1542], [122, 1542]], '사정 화주지 않고', 0.5351425744651626), ([[69, 1553], [93, 1553], [93, 1573], [69, 1573]], '12', 0.9999710873843435), ([[156, 1548], [212, 1548], [212, 1572], [156, 1572]], '짜내려', 0.9817203897148377), ([[1025, 1495], [1179, 1495], [1179, 1609], [1025, 1609]], '태문', 0.08555761650726755), ([[130, 1580], [246, 1580], [246, 1606], [130, 1606]], '들고 있장아  !', 0.4348738869857329), ([[443, 1581], [487, 1581], [487, 1679], [443, 1679]], '꼭', 0.289006561700095), ([[601, 1547], [643, 1547], [643, 1697], [601, 1697]], '륙', 0.02319179524159498), ([[363.40077848228805, 1323.0451379831009], [399.21910290841515, 1318.1903034112026], [408.59922151771195, 1396.9548620168991], [372.78089709158485, 1400.8096965887974]], '뻔', 0.005324500627903961)]
[([[674, 66], [720, 66], [720, 96], [674, 96]], '앗0', 0.7125209237760161), ([[860, 66], [904, 66], [904, 94], [860, 94]], '(앗0', 0.0828152399564918), ([[794, 106], [836, 106], [836, 134], [794, 134]], '아9', 0.4871044779212835), ([[956, 158], [1057, 158], [1057, 196], [956, 196]], '저:  논0', 0.3138199435292101), ([[76, 216], [142, 216], [142, 244], [76, 244]], '? 씨와', 0.41427326746712523), ([[48, 254], [176, 254], [176, 286], [48, 286]], '야한 거 할 맨', 0.7948126924157433), ([[78, 294], [148, 294], [148, 324], [78, 324]], '언제나', 0.9999684779805031), ([[491, 291], [511, 291], [511, 331], [491, 331]], '병', 0.14034540706263332), ([[36, 328], [189, 328], [189, 365], [36, 365]], '그렇다  구요0', 0.76831994292663), ([[44, 472], [94, 472], [94, 504], [44, 504]], '양0', 0.5528969758078135), ([[682, 560], [732, 560], [732, 644], [682, 644]], '녹', 0.00742890878132485), ([[819, 633], [923, 633], [923, 725], [819, 725]], "'웬비", 0.011927977645011625), ([[334, 818], [374, 818], [374, 844], [334, 844]], "'아음", 0.8342387110549415), ([[335, 843], [353, 843], [353, 867], [335, 867]], '용', 0.9999331247066756), ([[1014, 850], [1054, 850], [1054, 874], [1014, 874]], '아아하', 0.22163169155858967), ([[474, 962], [516, 962], [516, 988], [474, 988]], '양0', 0.8677024636402494), ([[2, 984], [78, 984], [78, 1068], [2, 1068]], '', 0.0), ([[436, 1008], [482, 1008], [482, 1034], [436, 1034]], '아이', 0.5928821558097473), ([[280, 1452], [366, 1452], [366, 1482], [280, 1482]], '후춧" 0', 0.2404070957156368), ([[405, 1297], [617, 1297], [617, 1583], [405, 1583]], '챔:', 0.004621346605300452), ([[881, 1293], [973, 1293], [973, 1465], [881, 1465]], '대', 0.008110322388349411), ([[1019, 1419], [1075, 1419], [1075, 1439], [1019, 1439]], '아극: !', 0.6499778148872783), ([[1105, 1559], [1129, 1559], [1129, 1579], [1105, 1579]], '13', 0.9999989041821146), ([[932.0625747279902, 582.0630529871278], [983.4487101373107, 567.1515520781674], [1009.9374252720098, 669.9369470128722], [958.5512898626893, 684.8484479218326]], '핸', 0.07555419315066558), ([[959.3838574820758, 992.0135648431201], [1064.7332588382087, 979.5069359133317], [1092.6161425179241, 1246.98643515688], [987.2667411617914, 1259.4930640866683]], '"', 0.0031701706557064058), ([[574.2740592751774, 1255.0219780404257], [667.405061982384, 1240.4932388181503], [695.7259407248226, 1443.9780219595743], [602.594938017616, 1459.5067611818497]], '쇄', 0.06580246611100904)]
[([[237, 175], [361, 175], [361, 211], [237, 211]], '첫 한발-!', 0.6562110918207745), ([[268, 132], [320, 132], [320, 164], [268, 164]], '아침', 0.9999590335090263), ([[531, 49], [857, 49], [857, 277], [531, 277]], '권소', 0.028445781416577078), ([[1020, 171], [1134, 171], [1134, 201], [1020, 201]], '카에" 데!', 0.1542204358698366), ([[1032, 128], [1112, 128], [1112, 158], [1032, 158]], '간다', 0.9999404891685623), ([[133, 247], [153, 247], [153, 269], [133, 269]], '옛', 0.9870448366665515), ([[1007, 405], [1109, 405], [1109, 495], [1007, 495]], '잇', 0.7344042421255494), ([[182, 1462], [250, 1462], [250, 1490], [182, 1490]], '아이)', 0.13067956526052307), ([[239, 1555], [299, 1555], [299, 1659], [239, 1659]], '군', 0.040920411547817004), ([[940.2788897449072, -21.97998459167036], [1038.8968513984203, -6.32665182870355], [1005.7211102550928, 183.97998459167036], [906.1031486015796, 167.32665182870355]], '셈', 0.03368936631248065), ([[398.3508109797294, 1.0162195945880192], [494.77165849965104, -9.440843707804152], [515.6491890202706, 226.98378040541198], [420.22834150034896, 236.44084370780416]], '길', 0.17823605049489188), ([[991.3088020879675, 1584.0601719014148], [1024.4901062880106, 1572.0301390671143], [1049.6911979120325, 1648.9398280985852], [1017.5098937119894, 1660.9698609328857]], '양', 0.04975100260131016)]
[([[287, 83], [303, 83], [303, 105], [287, 105]], '음', 0.9994936630484972), ([[212, 148], [286, 148], [286, 172], [212, 172]], '오늘 처음', 0.6070848372544265), ([[220, 178], [278, 178], [278, 202], [220, 202]], '갖 짜번', 0.6566428860731964), ([[198, 206], [290, 206], [290, 232], [198, 232]], '아침 생크림:', 0.9311019633271571), ([[1003, 401], [1043, 401], [1043, 419], [1003, 419]], '우아 ', 0.6082299055623428), ([[676, 858], [706, 858], [706, 906], [676, 906]], '술', 0.06343039352805224), ([[68, 896], [144, 896], [144, 928], [68, 928]], '맛있엇', 0.9133573778952385), ([[46, 936], [165, 936], [165, 973], [46, 973]], '답니다   0', 0.676914432121458), ([[1106, 1550], [1132, 1550], [1132, 1574], [1106, 1574]], '15', 0.9999833098887841), ([[891.425944089434, 1038.020622843132], [950.2601432830352, 1026.0998709563564], [980.574055910566, 1192.979377156868], [921.7398567169648, 1204.9001290436436]], '톱', 0.02207129631525384)]
[([[963, 73], [1089, 73], [1089, 109], [963, 109]], '"사위하러', 0.8475847165802869), ([[138, 118], [266, 118], [266, 144], [138, 144]], '어젯밤에도 해서', 0.970587625479037), ([[977, 117], [1081, 117], [1081, 153], [977, 153]], '들어갈까', 0.9946241974830627), ([[140, 149], [267, 149], [267, 176], [140, 176]], '몸이 끈적곤적해', 0.6184055211965368), ([[217, 859], [266, 859], [266, 969], [217, 969]], '령', 0.0020862827209180423), ([[791, 905], [865, 905], [865, 971], [791, 971]], '용0', 0.18791800411937618), ([[139, 1145], [201, 1145], [201, 1241], [139, 1241]], '0', 0.26757179730361713), ([[801, 1323], [869, 1323], [869, 1407], [801, 1407]], '닭', 0.7608573236738359), ([[110, 1350], [508, 1350], [508, 1594], [110, 1594]], '박술수', 0.006036992631033771), ([[75, 1555], [97, 1555], [97, 1573], [75, 1573]], '16', 0.999992329282188), ([[192.1044022837932, 1292.028675627174], [299.8307174150885, 1282.2719705207214], [312.8955977162068, 1475.971324372826], [206.1692825849115, 1486.7280294792786]], '원', 0.009870260723970015)]
[([[979, 157], [1062, 157], [1062, 187], [979, 187]], '? 씨: 0', 0.31548086084251425), ([[178, 206], [230, 206], [230, 238], [178, 238]], '음음"', 0.9112858883145486), ([[957, 247], [1009, 247], [1009, 265], [957, 265]], '으용  .0', 0.655505696528962), ([[133, 279], [193, 279], [193, 323], [133, 323]], '23 ', 0.055701424702246996), ([[92, 427], [171, 427], [171, 604], [92, 604]], '"', 0.6850817957759006), ([[200, 442], [274, 442], [274, 528], [200, 528]], '댐', 0.21923858786829786), ([[309, 869], [425, 869], [425, 983], [309, 983]], '넷', 0.025403434352856635), ([[766, 878], [864, 878], [864, 1000], [766, 1000]], '밝', 0.006982052773892633), ([[928, 908], [1074, 908], [1074, 936], [928, 936]], '아까 걸로 완전히', 0.9108905915939184), ([[100, 954], [224, 954], [224, 980], [100, 980]], '도저히 참울 수', 0.5450016254985506), ([[932, 942], [1074, 942], [1074, 972], [932, 972]], '깨버려서 말이지', 0.9302940179702741), ([[94, 988], [232, 988], [232, 1014], [94, 1014]], '없젯어서-- 말야', 0.3006887975734284), ([[595, 931], [707, 931], [707, 1069], [595, 1069]], '시', 0.27831879433142603), ([[828, 980], [852, 980], [852, 1008], [828, 1008]], '4', 0.934618980821611), ([[290, 966], [388, 966], [388, 1088], [290, 1088]], '셈', 0.7640726396483757), ([[941, 1311], [1040, 1311], [1040, 1348], [941, 1348]], '정:  말이', 0.4578322744133045), ([[624, 1544], [766, 1544], [766, 1622], [624, 1622]], '셈`', 0.03253621801166014), ([[480.32012998543547, 920.0257158077485], [549.8287253128751, 912.4560949733568], [564.6798700145645, 1069.9742841922516], [495.1712746871249, 1077.5439050266432]], '법', 0.005078183729723129), ([[806.1218571837177, 1290.0429432739202], [870.4191907103256, 1276.3312332880002], [893.8781428162823, 1409.9570567260798], [829.5808092896744, 1422.6687667119998]], '#', 0.2532926621567846), ([[1009.1996125582294, 1421.0356606521698], [1079.098089277591, 1404.2479704420484], [1110.8003874417705, 1550.9643393478302], [1039.901910722409, 1567.7520295579516]], '봄', 0.09184077253144096), ([[845.1261395850491, 1581.0478702239475], [905.6307811764367, 1571.4449361086947], [921.8738604149509, 1687.9521297760525], [861.3692188235633, 1698.5550638913053]], '#', 0.7484400288793189)]
[([[1120, 40], [1176, 40], [1176, 88], [1120, 88]], '앗0', 0.2192626745191025), ([[969, 213], [1097, 213], [1097, 249], [969, 249]], '홍통도 없이', 0.18219369772875352), ([[935, 257], [1127, 257], [1127, 293], [935, 293]], '이렇게 해버리면  -', 0.28436620883028796), ([[1057, 699], [1189, 699], [1189, 867], [1057, 867]], '대', 0.041551098930856734), ([[165, 807], [255, 807], [255, 939], [165, 939]], '택', 0.27220114157557873), ([[110, 1126], [182, 1126], [182, 1228], [110, 1228]], '낡', 0.003325554451832302), ([[1069, 1167], [1133, 1167], [1133, 1233], [1069, 1233]], '아신', 0.03991126289695253), ([[206, 1316], [258, 1316], [258, 1346], [206, 1346]], '아기', 0.9306157752941578), ([[148, 1356], [323, 1356], [323, 1395], [148, 1395]], '생겨버려  요0', 0.40659233299740327), ([[75, 1557], [97, 1557], [97, 1575], [75, 1575]], '18', 0.9796496173545506), ([[355.85342867130987, 890.1049724473604], [572.0756130445972, 848.0920989647217], [596.1465713286901, 1035.8950275526395], [379.92438695540284, 1078.9079010352784]], '석색', 0.19407632621240156)]
[([[756, 107], [806, 107], [806, 209], [756, 209]], '탑', 0.03367167281123984), ([[930, 158], [1040, 158], [1040, 188], [930, 188]], '그건 오히려', 0.9606385223180551), ([[928, 196], [1040, 196], [1040, 226], [928, 226]], '기쁨 일이니', 0.9355556969462206), ([[916, 234], [1052, 234], [1052, 264], [916, 264]], '전면적으로 -', 0.6061618918046241), ([[116, 516], [282, 516], [282, 542], [116, 542]], "'카예데와의 아이라니", 0.5700974473692233), ([[1018, 422], [1094, 422], [1094, 562], [1018, 562]], '택', 0.23557432625803987), ([[144, 550], [262, 550], [262, 578], [144, 578]], '분명 귀여울 게', 0.5319140412270645), ([[126, 582], [278, 582], [278, 610], [126, 610]], '틀림없올 테니 "까!', 0.4596316028374513), ([[399, 619], [571, 619], [571, 783], [399, 783]], '1', 0.6015993961598021), ([[983, 655], [1045, 655], [1045, 771], [983, 771]], '총', 0.8216408569753639), ([[990, 784], [1110, 784], [1110, 910], [990, 910]], '#', 0.013826772687353106), ([[313, 947], [361, 947], [361, 985], [313, 985]], '480', 0.9471450967894247), ([[10, 1113], [203, 1113], [203, 1454], [10, 1454]], ';', 0.01219468665674217), ([[777, 1339], [821, 1339], [821, 1383], [777, 1383]], '%0', 0.13056029102341435), ([[877, 1305], [945, 1305], [945, 1343], [877, 1343]], '그럼:', 0.7479246243057135), ([[872, 1354], [1116, 1354], [1116, 1684], [872, 1684]], '씨', 0.5511631445541667), ([[784.3891668473663, 1489.0207526562833], [852.4381702846773, 1503.828786437788], [818.6108331526337, 1653.9792473437167], [750.5618297153227, 1638.171213562212]], '#', 0.35697494190432977)]
[([[723, 73], [767, 73], [767, 111], [723, 111]], '양0', 0.8222499789308595), ([[181, 177], [221, 177], [221, 215], [181, 215]], '앗0', 0.18030387780111473), ([[788, 212], [886, 212], [886, 242], [788, 242]], '좀 더 꼬욕', 0.8557517350842662), ([[772, 250], [900, 250], [900, 278], [772, 278]], '해주세요" 0', 0.352596807214794), ([[144, 568], [168, 568], [168, 598], [144, 598]], '응', 0.9997108191729609), ([[106, 812], [347, 812], [347, 1127], [106, 1127]], '별', 0.2556160263993803), ([[586, 970], [758, 970], [758, 1122], [586, 1122]], '색수', 0.0010623579854156257), ([[294, 1186], [372, 1186], [372, 1305], [294, 1305]], '봄', 0.009368712424800363), ([[1085, 1265], [1143, 1265], [1143, 1283], [1085, 1283]], '그리고: .', 0.43728968443769517), ([[1000, 1340], [1100, 1340], [1100, 1372], [1000, 1372]], '좀 더 많이', 0.7187245794058962), ([[986, 1378], [1112, 1378], [1112, 1408], [986, 1408]], '[씨의 아기씨', 0.3090627513786307), ([[158, 1450], [282, 1450], [282, 1480], [158, 1480]], '잔뜩 제 안에', 0.8836586079664351), ([[154, 1490], [284, 1490], [284, 1518], [154, 1518]], '싸주세:  요0', 0.45212131330726124), ([[75, 1553], [99, 1553], [99, 1573], [75, 1573]], '20', 0.9999981455391691)]
[([[1020, 54], [1064, 54], [1064, 84], [1020, 84]], '아이', 0.9201633339191305), ([[636, 66], [698, 66], [698, 122], [636, 122]], '사', 0.030420204901631998), ([[477, 53], [543, 53], [543, 191], [477, 191]], '탑', 0.023887812388087903), ([[604, 114], [650, 114], [650, 140], [604, 140]], '아이', 0.6790163780607645), ([[989, 167], [1013, 167], [1013, 187], [989, 187]], '으', 0.9920815252480999), ([[60, 294], [136, 294], [136, 384], [60, 384]], '대', 0.008237948344176849), ([[80, 534], [218, 534], [218, 564], [80, 564]], '? 씨와의 아기:', 0.3960570839913718), ([[932, 298], [1085, 298], [1085, 649], [932, 649]], '급', 0.4567801969735683), ([[96, 572], [200, 572], [200, 598], [96, 598]], '저도 갖고:', 0.9261285501798265), ([[101, 605], [206, 605], [206, 636], [101, 636]], '싶어""요0', 0.658532258980439), ([[276, 560], [468, 560], [468, 770], [276, 770]], '밥출', 0.00629231707870509), ([[276, 746], [308, 746], [308, 790], [276, 790]], '4', 0.2610242515351082), ([[672, 1108], [724, 1108], [724, 1218], [672, 1218]], '사', 0.7924553307782425), ([[1104, 1190], [1128, 1190], [1128, 1214], [1104, 1214]], '21', 0.9998055399792695), ([[603.1752602674111, 443.030961556568], [684.2164449125795, 422.22561500829397], [724.8247397325889, 597.969038443432], [643.7835550874205, 618.774384991706]], '#', 0.022131228490266608), ([[882.8693658811557, 1356.0206251436653], [1217.274138648261, 1433.2888598584186], [1148.1306341188442, 1691.9793748563347], [813.7258613517391, 1614.7111401415814]], '(사', 0.012182283427887524)]
[([[993, 0], [1200, 0], [1200, 211], [993, 211]], '"0', 0.009878101303967908), ([[461, 1001], [505, 1001], [505, 1069], [461, 1069]], '셈', 0.0393501109292258), ([[135, 989], [225, 989], [225, 1249], [135, 1249]], '국', 0.012239319601270948), ([[453, 1067], [493, 1067], [493, 1143], [453, 1143]], '봄', 0.21010420449642542), ([[594, 1038], [644, 1038], [644, 1124], [594, 1124]], '뿐', 0.27402881228158904), ([[194, 1242], [222, 1242], [222, 1272], [194, 1272]], '2', 0.9257096402564144), ([[76, 1524], [104, 1524], [104, 1548], [76, 1548]], '22', 1.0)]
[([[563, 831], [639, 831], [639, 875], [563, 875]], '으음"', 0.9841953615091332), ([[600, 1214], [652, 1214], [652, 1246], [600, 1246]], '푸하', 0.9925001401659018), ([[1102, 1546], [1130, 1546], [1130, 1570], [1102, 1570]], '23', 1.0)]
[([[966, 200], [1032, 200], [1032, 224], [966, 224]], '하루 종일', 0.9509121891733454), ([[971, 229], [1031, 229], [1031, 249], [971, 249]], '씩스하고', 0.8593745827674866), ([[962, 254], [1040, 254], [1040, 278], [962, 278]], '날이 저물면', 0.9412683148660106), ([[220, 272], [308, 272], [308, 302], [220, 302]], '그렇조" ', 0.6042497136046387), ([[963, 283], [1037, 283], [1037, 303], [963, 303]], '술판이라 .', 0.5215338138325749), ([[880, 316], [960, 316], [960, 340], [880, 340]], '가끔 잇는', 0.34816292304791546), ([[888, 346], [962, 346], [962, 372], [888, 372]], '휴일밖에', 0.9966349697326964), ([[884, 380], [964, 380], [964, 406], [884, 406]], '못 즐기는', 0.49206935374965816), ([[878, 414], [970, 414], [970, 438], [878, 438]], '일과구나: -', 0.5667503422446731), ([[299, 725], [419, 725], [419, 745], [299, 745]], '마치 제가 하루 종일', 0.7229335688563471), ([[960, 713], [1045, 713], [1045, 751], [960, 751]], '이런 말', 0.99799763050969), ([[308, 748], [416, 748], [416, 772], [308, 772]], '술 마시고 있있단', 0.6064076446398133), ([[329, 777], [397, 777], [397, 795], [329, 795]], '말투네요 .', 0.5635372420152304), ([[493, 779], [613, 779], [613, 799], [493, 799]], '키에데, 지금 와서는', 0.4167088500507041), ([[951, 757], [1059, 757], [1059, 796], [951, 796]], '하는 것도', 0.7036522403660815), ([[517, 805], [591, 805], [591, 825], [517, 825]], '낮이는 절대', 0.2526707220752253), ([[958, 804], [1056, 804], [1056, 836], [958, 836]], '뒷하지만', 0.8404350280761719), ([[517, 829], [591, 829], [591, 847], [517, 847]], '마시지 안네', 0.44422028131438696), ([[166, 884], [260, 884], [260, 912], [166, 912]], '결혼 전에는', 0.6719719988768842), ([[168, 916], [262, 916], [262, 942], [168, 942]], '쉬논 날이면', 0.7475443206199364), ([[152, 948], [278, 948], [278, 974], [152, 974]], '날마다 대낮부터', 0.9931758115946914), ([[158, 980], [274, 980], [274, 1004], [158, 1004]], '마시러 가능 데', 0.5160951788367631), ([[154, 1010], [282, 1010], [282, 1036], [154, 1036]], '끌려 돌아다니곧', 0.46370757085231373), ([[154, 1042], [282, 1042], [282, 1068], [154, 1068]], '햇으니까 말이지', 0.9626544302365965), ([[74, 1546], [100, 1546], [100, 1570], [74, 1570]], '24', 1.0), ([[293.6905540855465, 1461.0957677817164], [349.6234983881048, 1423.021623211291], [424.3094459144535, 1546.9042322182836], [368.3765016118952, 1584.978376788709]], '8', 0.009727592496255932)]
[([[140, 478], [276, 478], [276, 504], [140, 504]], '"이래배도 일단은', 0.5083539004640634), ([[140, 510], [280, 510], [280, 536], [140, 536]], '참고 잇는 거예요?', 0.39285896492214356), ([[254, 1248], [322, 1248], [322, 1272], [254, 1272]], '그럴게  ', 0.4778423008601744), ([[950, 1254], [1024, 1254], [1024, 1280], [950, 1280]], '하루 종일', 0.8092108536992485), ([[920, 1284], [1062, 1284], [1062, 1310], [920, 1310]], '마시는 거 아니나는', 0.5593563061231395), ([[182, 1308], [250, 1308], [250, 1332], [182, 1332]], '더는 혼자', 0.9835015888325956), ([[703, 1283], [763, 1283], [763, 1367], [703, 1367]], '지', 0.1197211873702253), ([[914, 1314], [1064, 1314], [1064, 1340], [914, 1340]], '말은 부정 못하지만 ', 0.9346474055029779), ([[154, 1336], [282, 1336], [282, 1360], [154, 1360]], '외1이로 마시논 건', 0.31697569653611846), ([[164, 1362], [272, 1362], [272, 1386], [164, 1386]], '즐겁지 양은걸요', 0.8690911735338714), ([[1102, 1548], [1130, 1548], [1130, 1572], [1102, 1572]], '25', 0.9999557460958712)]
[([[902, 290], [1062, 290], [1062, 316], [902, 316]], '예능 활동올 은퇴하고', 0.9718680406433102), ([[922, 320], [1046, 320], [1046, 346], [922, 346]], '전업주부가 되어', 0.9388436837378102), ([[186, 812], [298, 812], [298, 838], [186, 838]], '매일 가사 일에', 0.9723912525869681), ([[188, 842], [294, 842], [294, 868], [188, 868]], '남편 뒷바라지', 0.9792752047618211), ([[898, 1351], [1050, 1351], [1050, 1379], [898, 1379]], '? 씨가 돌아외서는', 0.29638464073706106), ([[202, 1396], [254, 1396], [254, 1420], [202, 1420]], '지금의', 0.9999800406272169), ([[896, 1388], [1054, 1388], [1054, 1416], [896, 1416]], '매일 늦도록 이렇게', 0.8987731273525328), ([[166, 1424], [296, 1424], [296, 1448], [166, 1448]], '제 즐거움이랍니다', 0.6693127840417374), ([[884, 1420], [1066, 1420], [1066, 1448], [884, 1448]], '둘이서 술올 마시는 게', 0.4573968796441098), ([[77, 1551], [103, 1551], [103, 1571], [77, 1571]], '26', 0.7858292609520497)]
[([[850, 194], [904, 194], [904, 218], [850, 218]], "'그런가", 0.5912983417510986), ([[564, 222], [774, 222], [774, 248], [564, 248]], '서방넘이 밖에서 여자애들올', 0.42794444529006864), ([[560, 254], [778, 254], [778, 280], [560, 280]], '골고 다니거나 하진 않울까가', 0.29059977807142656), ([[572, 284], [766, 284], [766, 310], [572, 310]], '조금 신경이야 쓰이지만요', 0.8654734823726318), ([[172, 788], [266, 788], [266, 814], [172, 814]], '내게 있어선', 0.9426705675745075), ([[968, 778], [1036, 778], [1036, 808], [968, 808]], '그런 거', 0.9925752804919541), ([[154, 820], [282, 820], [282, 846], [154, 846]], '카예데가 언제나', 0.7440084514933979), ([[956, 814], [1050, 814], [1050, 844], [956, 844]], '있올 리가?', 0.5503348809365216), ([[180, 852], [258, 852], [258, 876], [180, 876]], '최고라고!', 0.891660396175284), ([[280, 1066], [388, 1066], [388, 1090], [280, 1090]], '깜짝 놀컷잡아"', 0.31995300454010267), ([[150, 1112], [258, 1112], [258, 1136], [150, 1136]], '결혼하기 전에는', 0.6024432247873299), ([[167, 1139], [243, 1139], [243, 1159], [167, 1159]], '그런 기분도', 0.9998530209818701), ([[138, 1164], [270, 1164], [270, 1188], [138, 1188]], '품엇없다는 소리예요', 0.8287622645499316), ([[300, 1342], [358, 1342], [358, 1368], [300, 1368]], '아니:', 0.9104712661097795), ([[292, 1376], [376, 1376], [376, 1404], [292, 1404]], '그건  . 응', 0.8179193745601604), ([[136, 1386], [248, 1386], [248, 1418], [136, 1418]], '물론 지금은', 0.9995963541966274), ([[474, 1406], [514, 1406], [514, 1432], [474, 1432]], '네', 0.9998474179301411), ([[136, 1424], [248, 1424], [248, 1456], [136, 1456]], '그런 마음은', 0.9994617037713194), ([[137, 1463], [245, 1463], [245, 1493], [137, 1493]], '없으니까요', 0.9949862785602062), ([[1106, 1548], [1132, 1548], [1132, 1572], [1106, 1572]], '27', 0.9999996628252286)]
[([[1023, 57], [1053, 57], [1053, 75], [1023, 75]], '어름', 0.9726615322320835), ([[437, 67], [527, 67], [527, 87], [437, 87]], '저논 아이돌로서', 0.7437803821486769), ([[53, 95], [111, 95], [111, 109], [53, 109]], '이런 저리도', 0.6029376004305367), ([[433, 89], [537, 89], [537, 109], [433, 109]], '최고가 되기도 전에', 0.7645133181565862), ([[49, 113], [117, 113], [117, 129], [49, 129]], '" 씨의 최고인', 0.44100374964391265), ([[435, 111], [537, 111], [537, 131], [435, 131]], '어중간하게 관두고', 0.9950919336126576), ([[1113, 127], [1159, 127], [1159, 141], [1113, 141]], '""거기에', 0.30355296456528674), ([[37, 133], [127, 133], [127, 149], [37, 149]], '사람으로 잇고 싶고', 0.5958877991722457), ([[443, 133], [529, 133], [529, 153], [443, 153]], '말있습니다만"', 0.22976935684098512), ([[1097, 145], [1173, 145], [1173, 163], [1097, 163]], '깜짝 놀걀 일은', 0.7595563741288782), ([[1099, 167], [1175, 167], [1175, 185], [1099, 185]], '또 하나 있어요', 0.715149115201482), ([[825, 547], [873, 547], [873, 565], [825, 565]], '네  . 법?', 0.24922937236257242), ([[1113, 641], [1151, 641], [1151, 659], [1113, 659]], '"에?', 0.7358743821737344), ([[31, 653], [117, 653], [117, 673], [31, 673]], '제게도 ? 씨가', 0.41695891351118686), ([[34, 676], [110, 676], [110, 700], [34, 700]], '최고라는 건', 0.9114864861614099), ([[23, 701], [123, 701], [123, 721], [23, 721]], '앞으로도 바뀌지', 0.9100104524806938), ([[45, 727], [105, 727], [105, 747], [45, 747]], '않울 테니', 0.42548069992834864)]
[([[328, 220], [440, 220], [440, 246], [328, 246]], '앞으로도 줄곧', 0.7617989338410749), ([[318, 252], [458, 252], [458, 280], [318, 280]], "'저희들'의 인생의", 0.7395453289374249), ([[350, 284], [422, 284], [422, 310], [350, 310]], '프로뉴스', 0.8729131817817688), ([[96, 454], [230, 454], [230, 480], [96, 480]], '잘 부탁드컵니다이', 0.5766895557226992)]
[([[921, 251], [977, 251], [977, 291], [921, 291]], '응?', 0.9996079725256813), ([[684, 380], [822, 380], [822, 406], [684, 406]], '2개월, 이라는 것', 0.8560376572514332), ([[720, 414], [788, 414], [788, 440], [720, 440]], '같아요?', 0.9982865452766418), ([[396, 1024], [452, 1024], [452, 1056], [396, 1056]], '그런', 0.999948412647163), ([[375, 1069], [483, 1069], [483, 1105], [375, 1105]], '거립니다', 0.8000300526618958), ([[763, 1123], [943, 1123], [943, 1163], [763, 1163]], '술 줄엿던 것도', 0.5838401740887674), ([[811, 1175], [907, 1175], [907, 1213], [811, 1213]], '설마   !', 0.3562440897075321), ([[265, 1243], [407, 1243], [407, 1281], [265, 1281]], '힘내주세요', 0.9845984110380778), ([[277, 1291], [405, 1291], [405, 1327], [277, 1327]], '"애 아빠"?', 0.8831001884720813)]
[([[120, 120], [666, 120], [666, 152], [120, 152]], "9-71} <271 <'한사?=되#- ') - 즈", 0.001121532139798852), ([[119, 149], [343, 149], [343, 185], [119, 185]], '료#금지근단금 학', 0.0005719308737640503), ([[119, 178], [434, 178], [434, 214], [119, 214]], '5/  하습  < 1단 그 / 초#', 0.017350841497604443), ([[120, 212], [419, 212], [419, 244], [120, 244]], "하')+ 논32한쨌내 0", 0.0019252962998326474), ([[121, 271], [489, 271], [489, 307], [121, 307]], '  <슬미성) *]0) <디농61-75 ', 0.007682065413822251), ([[120, 304], [496, 304], [496, 336], [120, 336]], '통렉방 값 ( <학#탓난 히 <내 1@', 0.00015940031431297777), ([[120, 363], [458, 363], [458, 395], [120, 395]], '듯7/하(}|: 2 -트소처회단 닮초', 0.0006790745281542374), ([[119, 393], [383, 393], [383, 429], [119, 429]], '#손 ##(1*1) 허합/"', 0.019659387579219634), ([[120, 426], [535, 426], [535, 458], [120, 458]], '하77) 훔증든/"22++5040', 0.004838368629172124), ([[122, 456], [600, 456], [600, 488], [122, 488]], '-시2굵)? 5 #손 ## 3401301', 0.01646647178030165), ([[122, 486], [562, 486], [562, 518], [122, 518]], "탑찌 <*/ . ') 130(| 룩7노 옮니: 합", 0.0004510311883531679), ([[120, 518], [588, 518], [588, 550], [120, 550]], '1-히(앗7 2 5 푹문+) *01사17다', 0.001122537587152655), ([[120, 548], [588, 548], [588, 580], [120, 580]], '*+)히+) 2 5 그영지|#(}하+) 그1} 논*', 0.0007209227584681614), ([[119, 607], [511, 607], [511, 643], [119, 643]], '엽모한#회한 0헌동(#8+0) 한합/)', 0.00043294031414762614), ([[120, 639], [519, 639], [519, 671], [120, 671]], '하면+) 57-**#: ") :하내', 0.01443255033882427), ([[120, 670], [354, 670], [354, 702], [120, 702]], '표디 < `한 사초료순5', 0.007127257041623639), ([[120, 700], [522, 700], [522, 732], [120, 732]], '닷7#익 1 < 15+) 7(#:{ 히', 0.000444495768640698), ([[124, 731], [355, 731], [355, 763], [124, 763]], '설/"?지++-06', 0.058609903475217544), ([[119, 759], [641, 759], [641, 795], [119, 795]], '#한 1 ) + + 기상금1211< 단사최50<', 0.00623072550145621), ([[124, 792], [573, 792], [573, 824], [124, 824]], '도/1 ?스스초탓/#<) *내#:난 사', 0.0008008360535528715), ([[146, 822], [600, 822], [600, 854], [146, 854]], '0  < { #표2*뜨#굶한 101*95++=', 0.0031488896028132036), ([[120, 852], [382, 852], [382, 884], [120, 884]], '01<21하5/"*:', 0.02548811654523733), ([[144, 941], [345, 941], [345, 980], [144, 980]], '창죄상+(:학', 0.00039913282692282125), ([[122, 1036], [254, 1036], [254, 1068], [122, 1068]], '#다창+) 5', 0.07553576987997034), ([[123, 1065], [511, 1065], [511, 1101], [123, 1101]], '202^ - 지  한름< 9739', 0.03146272432957357), ([[122, 1098], [446, 1098], [446, 1130], [122, 1130]], '틈 10고9초쇼채3방하 0', 0.0011907808126436995), ([[121, 1187], [307, 1187], [307, 1223], [121, 1223]], '춥*하7속**', 0.013418926719940298), ([[122, 1220], [396, 1220], [396, 1252], [122, 1252]], '당3내 <침값) 내 .합 ', 0.004166576785307755), ([[126, 1284], [188, 1284], [188, 1310], [126, 1310]], '@(당익', 0.008475441485643387), ([[122, 1404], [236, 1404], [236, 1434], [122, 1434]], '20 14/12', 0.6293048921720695), ([[253, 1401], [365, 1401], [365, 1437], [253, 1437]], '훔} 쨌#', 0.02822677411467514), ([[380, 1404], [414, 1404], [414, 1434], [380, 1434]], '{국', 0.013910131061921547), ([[684, 1476], [821, 1476], [821, 1512], [684, 1512]], "4귀'- 나즈톤", 0.00041151243182388573), ([[693, 1518], [834, 1518], [834, 1558], [693, 1558]], '벼하#{~쿠64 "', 0.007571913489669103), ([[1095, 1553], [1121, 1553], [1121, 1573], [1095, 1573]], '33', 0.9999991570631338), ([[797.1055728090001, 1498.2111456180003], [836.897366596101, 1503.3675444679664], [833.8944271909999, 1521.7888543819997], [794.102633403899, 1517.6324555320336]], '#*@', 0.0011788849089798272), ([[704.170867717451, 1505.6221280326863], [797.8361189448788, 1499.0220279500418], [798.829132282549, 1523.3778719673137], [705.1638810551212, 1530.9779720499582]], '#소+각수', 0.008702654829750548)]
[([[128, 462], [165, 462], [165, 585], [128, 585]], '"', 0.15406209886411848), ([[143, 145], [263, 145], [263, 534], [143, 534]], '"', 0.05368312374219286), ([[934, 107], [1071, 107], [1071, 604], [934, 604]], "'", 0.09767171056660473), ([[113, 549], [133, 549], [133, 595], [113, 595]], '품', 0.018134396661695584), ([[861, 1074], [1089, 1074], [1089, 1110], [861, 1110]], '현미현스3)렉즈#-묘:', 3.986861150140821e-05), ([[867, 1145], [1091, 1145], [1091, 1181], [867, 1181]], '숲7 72014]32/30', 0.15415869780208744), ([[748, 1177], [1091, 1177], [1091, 1218], [748, 1218]], '@:이어--`-:-)`이] 훌전요#', 1.723872326242283e-05), ([[677, 1249], [969, 1249], [969, 1287], [677, 1287]], '타컨다"올하{방@기3', 9.657970762642307e-06), ([[981, 1250], [1091, 1250], [1091, 1286], [981, 1286]], '콩리으', 0.00800996073540949), ([[564, 1320], [1090, 1320], [1090, 1358], [564, 1358]], '#다축- 권{{롯돌국방출쓸시@트0많과 |[물', 3.8319327744554167e-07), ([[628, 1352], [1091, 1352], [1091, 1396], [628, 1396]], "{83예미지출: -신||@퍽-' ", 2.032507573556141e-05), ([[736, 1384], [1089, 1384], [1089, 1433], [736, 1433]], '30리마  [쓸찌스이시사손손속', 2.562427038319635e-05), ([[617, 1463], [1091, 1463], [1091, 1503], [617, 1503]], '서꾸봄/|나)다룹창따[/|위적--헌3탁--]물-안]', 2.5837343241858805e-10), ([[34, 1500], [62, 1500], [62, 1524], [34, 1524]], '34', 0.6159214941007122), ([[616, 1495], [1091, 1495], [1091, 1538], [616, 1538]], '{-``다라-]/위`리@`|+창스|물', 1.9125967355730182e-07), ([[849, 1535], [1091, 1535], [1091, 1571], [849, 1571]], '긴++@나그오_굽]-|', 2.463756499443194e-06)]
