847155
12
[([[14, 28], [564, 28], [564, 124], [14, 124]], '탄생, 어둠의 프리증권', 0.6369810580025987), ([[19, 193], [320, 193], [320, 281], [19, 281]], '팀 규규까까', 0.5464789231993898)]
[]
[([[15, 19], [233, 19], [233, 63], [15, 63]], '오래 기다리처습니다!', 0.27365490173550516), ([[17, 55], [417, 55], [417, 99], [17, 99]], '프리주소에 오신 일반 손남분들에 앞서서', 0.18787106916489815), ([[17, 90], [533, 90], [533, 133], [17, 133]], '심포니야 재단에 현력해주시고 계신 각계의 분들에계', 0.47627162224169867), ([[14, 123], [643, 123], [643, 171], [14, 171]], '평소의 감사들 담아 우리 재단이 자랑하는 새로운 프리증 스타름', 0.2871619873552991), ([[19, 161], [229, 161], [229, 205], [19, 205]], '소개해드리켓습니다]', 0.6642646306120976), ([[14, 192], [238, 192], [238, 242], [14, 242]], '그럼 등장하켓습니다]', 0.6507187383700581)]
[([[31, 31], [199, 31], [199, 71], [31, 71]], '현역 프리증 권: .', 0.28264282310652206), ([[24, 159], [404, 159], [404, 232], [24, 232]], '하루네 아이라입니다!', 0.7962846875911918)]
[([[19, 7], [361, 7], [361, 49], [19, 49]], '처음밤계습니다, 하루네아이라에요"', 0.4457595310383007), ([[21, 43], [597, 43], [597, 85], [21, 85]], '이번 프리터롬올 달퇴하고 심포니야 재단의 소속이 | 뱃답니다베', 0.11866183763577498), ([[19, 79], [637, 79], [637, 119], [19, 119]], '후후"" 저랑 아요치넘이 보여주는 밤의 프리증쇼" 즐겨주세요"', 0.2104535143492902)]
[([[9, 3], [603, 3], [603, 45], [9, 45]], '응"호"옷, 음음표 아요치남의" 이거"엄청 해피력키에요" 옷"', 0.11308348008711096), ([[5, 35], [406, 35], [406, 85], [5, 85]], '화주세요 "웃 "후"아뇨 이", 허리 놀림"', 0.1962917997227429), ([[9, 74], [565, 74], [565, 115], [9, 115]], '음칸""하게 회전해서" 보세요; 질꺼거리논 소리" " 둘리소?', 0.08237432947658774)]
[([[13, 15], [559, 15], [559, 57], [13, 57]], '맛"응1양1 아니 갑자기""옷 " 나빨라"" 요1 아요치니임베', 0.01772072210974227), ([[13, 51], [655, 51], [655, 91], [13, 91]], '안"달아서" 엇1 엄" 청 " 기부족다고" " 보지의 목소리가 들려요오', 0.344754371537513)]
[([[17, 11], [659, 11], [659, 53], [17, 53]], '학"예양버 아니안팎"" 이제"가"앗" 거자지" 꿈들나히아 아하 아;', 0.006411193323278467), ([[850, 50], [900, 50], [900, 132], [850, 132]], '날', 0.24184415149932548), ([[812, 124], [870, 124], [870, 172], [812, 172]], '>', 0.12957786692710727), ([[134, 284], [164, 284], [164, 324], [134, 324]], '우', 0.993121334514754), ([[179, 317], [201, 317], [201, 337], [179, 337]], '모', 0.908987047215092), ([[118, 322], [148, 322], [148, 364], [118, 364]], '우', 0.9988597307565215), ([[116, 386], [144, 386], [144, 412], [116, 412]], '?', 0.09864336339660795), ([[166, 428], [192, 428], [192, 454], [166, 454]], '', 0.0), ([[709, 411], [747, 411], [747, 453], [709, 453]], '요', 0.32320266667796105), ([[689, 447], [729, 447], [729, 493], [689, 493]], '요', 0.3671441229252572), ([[675, 491], [713, 491], [713, 535], [675, 535]], '호', 0.545980969994023), ([[629, 607], [665, 607], [665, 643], [629, 643]], '(', 0.26230805202546037), ([[240.5076486059249, 36.030416885269645], [274.38529600535037, 48.78902460818219], [225.4923513940751, 172.96958311473034], [191.61470399464963, 160.2109753918178]], '북', 0.23875330324064326), ([[305.0234977594407, 39.24800419936491], [365.7587440432824, 66.56926480637519], [231.97650224055928, 356.7519958006351], [171.24125595671765, 329.4307351936248]], '{', 0.8204393834717827), ([[924.6135624623673, 48.014955764538456], [961.8621178392251, 60.900209581650586], [919.3864375376327, 186.98504423546154], [882.1378821607749, 175.09979041834941]], '물', 0.20018409728753372), ([[159.3050105872225, 141.01859061133473], [259.38317608831363, 165.1669355109419], [132.6949894127775, 689.9814093886653], [31.61682391168635, 665.8330644890581]], "'", 0.9988766488934431), ([[875.4986114664539, 155.16290760108242], [930.8027589471009, 177.12300889993494], [813.5013885335461, 464.83709239891755], [758.1972410528991, 443.8769911000651]], ':', 0.2632173259087409), ([[804.8277238686812, 158.11563353690983], [851.1072593674181, 175.8672678597464], [756.1722761313188, 425.88436646309015], [709.8927406325819, 409.1327321402536]], ':', 0.17152054309260567), ([[105.75192897307085, 170.0043970405977], [158.05685947368414, 176.30901135066605], [124.24807102692915, 465.99560295940233], [70.94314052631586, 459.690988649334]], "'", 0.7358722883168447), ([[338.90361029734265, 203.59336673318182], [369.8574343255005, 225.20088066073424], [199.09638970265735, 444.4066332668182], [168.14256567449954, 422.79911933926576]], '{', 0.3567756837703975), ([[663.4019155871075, 521.0358993729926], [703.6808380855047, 535.6160036955844], [674.5980844128925, 613.9641006270074], [634.3191619144953, 599.3839963044156]], '호', 0.03199964524288035)]
[([[6, 12], [217, 12], [217, 54], [6, 54]], '하아" 아 하 " 아하"', 0.3736557725338984), ([[251, 13], [531, 13], [531, 53], [251, 53]], "어쨌 ' 응 ' '~나요 ' 여러분  ", 0.047578196341278745), ([[561, 13], [699, 13], [699, 53], [561, 53]], '이게: 새로운:', 0.5645986203434751), ([[709, 15], [839, 15], [839, 53], [709, 53]], "'프리소에요 ", 0.5163797533384075), ([[7, 47], [745, 47], [745, 92], [7, 92]], '리듬장도 미오장도  이 기분중은걸 알면 분명이 도망칠 수 없게 펼거에요  표', 0.11453375728487222), ([[7, 82], [656, 82], [656, 125], [7, 125]], '모든건 아요치님올 위해서: . 제가 프리주소의 미래들 열어보켓어요', 0.2890877365697696)]
[]
[]
[]
