847462
15
[([[6, 6], [565, 6], [565, 123], [6, 123]], '여동생은이제 정플관덩이 완전히', 0.08737010267014896), ([[12, 11], [172, 11], [172, 79], [12, 79]], '여동생은', 0.9994389414787292), ([[557, 15], [647, 15], [647, 77], [557, 77]], '없다', 0.9999887889567027), ([[394, 1050], [822, 1050], [822, 1169], [394, 1169]], '팀 규규까까', 0.7450372323320681)]
[([[18, 120], [410, 120], [410, 172], [18, 172]], '후에에!? 안장? 왜 있는거야?', 0.3803045016085222)]
[([[40, 46], [616, 46], [616, 100], [40, 100]], '[난 안돌아갈거야 이 사람이량 함께 있을거야 "', 0.24941633129078802)]
[([[50, 28], [692, 28], [692, 84], [50, 84]], '사람 날 잔뜩 귀어워해쥐서 영원히 함게 있을-야=', 0.27692233295423274)]
[([[38, 32], [630, 32], [630, 84], [38, 84]], "랑 이사람이 색 -세스하는거 안장하데 보어줄게'", 0.11206633539923691)]
[([[32, 32], [586, 32], [586, 106], [32, 106]], '옷" 으, 아이 들어 와" 아앗이', 0.16708412150058852)]
[([[60, 30], [723, 30], [723, 78], [60, 78]], '보아" 0전부 들어자어" 0 난 이제" 어른 여성 이야0', 0.07649785839382592)]
[([[13, 31], [534, 31], [534, 83], [13, 83]], '옛아이 안"방글방글 " 0 햇아; 아니아앗이', 0.11186593532948029), ([[13, 76], [271, 76], [271, 120], [13, 120]], '엄형  기분  룩아아이', 0.08226768951002635), ([[10, 114], [568, 114], [568, 166], [10, 166]], '어때? 이 허리 놀림" 기분좋아요?0 주인니임0', 0.7730032951445601)]
[([[42, 26], [648, 26], [648, 76], [42, 76]], '""하0 끝부분 부풀어서; 부들부들하고 있어0 이거', 0.40679978563869257), ([[661, 35], [769, 35], [769, 71], [661, 71]], '1제, 나"', 0.6007884795988453), ([[280, 106], [308, 106], [308, 148], [280, 148]], '응', 0.26828782239414295), ([[294, 188], [332, 188], [332, 214], [294, 214]], '5', 0.990924064668036), ([[305, 231], [339, 231], [339, 251], [305, 251]], '05', 0.0863152922206446), ([[330, 346], [368, 346], [368, 370], [330, 370]], '0', 0.003153914549221551), ([[392, 618], [430, 618], [430, 642], [392, 642]], '3', 0.10603113755047389), ([[398, 658], [440, 658], [440, 682], [398, 682]], '05', 0.7464002285809582), ([[421, 739], [455, 739], [455, 757], [421, 757]], ')5', 0.03372423103240697), ([[11, 752], [499, 752], [499, 797], [11, 797]], '앉여; 앉어 앉어 워어 사정 맞어어어엉내0', 0.012809198351869987), ([[10, 790], [548, 790], [548, 840], [10, 840]], '배 안쪽에 북북하고 으에 주인냄9 나도 가아!', 0.14045195119693785), ([[11, 839], [593, 839], [593, 879], [11, 879]], '가" 아아아아아아아아아아아아아아아악버 버어', 0.0931143132528642), ([[283.51341170750567, 156.6620705367551], [320.58721272258384, 149.78313691268573], [323.48658829249433, 168.3379294632449], [287.41278727741616, 175.21686308731427]], '95', 0.13573355600684714), ([[322.5857864376269, 312.5857864376269], [356.6464255718306, 307.8645340883927], [358.4142135623731, 325.4142135623731], [324.3535744281694, 330.1354659116073]], '9', 0.06429971997226858), ([[339.51341170750567, 390.6620705367551], [375.6128099917114, 383.817272672745], [378.48658829249433, 402.3379294632449], [342.3871900082886, 408.182727327255]], '25', 0.2039753587591035), ([[405.6546544120074, 701.5201198532081], [445.50232979689974, 692.6797707845426], [449.3453455879926, 715.4798801467919], [409.49767020310026, 724.3202292154574]], '95', 0.39203382577042317)]
[([[20, 43], [488, 43], [488, 92], [20, 92]], '흐야"하"" 야"   "이거" 기분 " 좋야" 0', 0.2695522871501942), ([[19, 87], [319, 87], [319, 131], [19, 131]], '어라? 안량 ? 가버로네"', 0.3110630735507404)]
[([[22, 32], [550, 32], [550, 84], [22, 84]], '뭐 아무런들 어때0 한번더하자0 주인니임 0', 0.1569027110651004)]
[]
[]
[]
[]
