851220
40
[([[878, 24], [1176, 24], [1176, 54], [878, 54]], '5하앗 하앗 -형형형 @아아앗.01', 0.030253316750158517), ([[886, 52], [1179, 52], [1179, 90], [886, 90]], '5의응660? 댐이6 자}6 잠깐만밀', 0.001312656072309322), ([[926, 90], [1176, 90], [1176, 120], [926, 120]], '아침분터 박아대지마 진짜', 0.6276211136129883), ([[908, 122], [1174, 122], [1174, 154], [908, 154]], '어제 잔뜩 행없잡아6 으웃6{', 0.08146795550887978), ([[892, 156], [1176, 156], [1176, 184], [892, 184]], '어6 억지로 하군.663형형 진짜@0]', 0.0024536788936471658)]
[([[903, 23], [1176, 23], [1176, 54], [903, 54]], '5하앗.. 하앗- 하앗) 하앗)', 0.15760290668990057), ([[882, 53], [1177, 53], [1177, 89], [882, 89]], '셈스으  하앗이 씩숙우 . 하앗9 !', 0.05666264173991375), ([[855, 87], [1176, 87], [1176, 120], [855, 120]], '5아앗,600 난족하게 하지마하 진짜6', 0.016243558814051467), ([[922, 120], [1176, 120], [1176, 152], [922, 152]], '뛰야.6.3 잡이 댐 괜거야66.3]', 0.023073106722619592)]
[([[882, 24], [1178, 24], [1178, 56], [882, 56]], '때내 말 틈고 있어? 메기 @양영]', 0.04284237763091008), ([[892, 58], [1178, 58], [1178, 88], [892, 88]], '5하앗~ 하앗이 아차이 씌뉴우9', 0.013798623253755457), ([[998, 90], [1176, 90], [1176, 118], [998, 118]], '기분조야. . 아하이 ]', 0.06849753976905892), ([[825, 119], [1177, 119], [1177, 155], [825, 155]], '[하지  형 으육6 못 뿌리치젊어6.(', 0.018361916660764623), ([[886, 154], [1176, 154], [1176, 186], [886, 186]], '얘가 이렇제 힘이 쨌없볕가666666]', 0.06600617205928845)]
[([[962, 24], [1176, 24], [1176, 54], [962, 54]], '5앗0 하아아아아아앗)', 0.3143064825418031), ([[862, 56], [1172, 56], [1172, 88], [862, 88]], '싸버려엇어 싸버려어어어어어어없어', 0.26080843921549896), ([[812, 90], [878, 90], [878, 116], [812, 116]], '아맛 ..', 0.07762194824922114), ([[901, 95], [963, 95], [963, 115], [901, 115]], '아 .', 0.4549483226944842), ([[966, 88], [1166, 88], [1166, 120], [966, 120]], '아아아아아아.-  앗0', 0.031134057071721382), ([[856, 121], [1176, 121], [1176, 154], [856, 154]], '5@웃! 왜 네 멋대로 따고 있습건데!', 0.06976796913260772), ([[806, 156], [1178, 156], [1178, 186], [806, 186]], '나 아직 하나모 6천. 이제 없어. 품어쥐이 ]', 0.004993076731247857)]
[([[918, 24], [1158, 24], [1158, 54], [918, 54]], "5 하아아앗 아아아앗 -.'", 0.22793880078492687), ([[850, 58], [1146, 58], [1146, 86], [850, 86]], '하앗 . 아아.565 앗0 아  아앗 .', 0.08570259196227419), ([[996, 90], [1178, 90], [1178, 120], [996, 120]], '아직로 따눈거야6?', 0.1411678903722502), ([[872, 122], [1178, 122], [1178, 154], [872, 154]], '너6 너 또 이상한 마술 솜거야6?', 0.16304977709662963), ([[876, 156], [1176, 156], [1176, 186], [876, 186]], '제발 물어쥐] @6형 데 이상 보지에', 0.043195120555651056), ([[984, 188], [1178, 188], [1178, 220], [984, 220]], '안 들어간단 말이야! ]', 0.3105295351396264), ([[941.0220279500418, 85.16388105512118], [999.8748632823196, 93.14258463509766], [995.9779720499582, 119.83611894487882], [937.1251367176804, 111.85741536490234]], '5아형형', 0.02302245981991291)]
[([[866, 24], [1176, 24], [1176, 54], [866, 54]], '[으그육66 댐야66 자지가 테다량6', 0.020838985821062958), ([[944, 56], [1176, 56], [1176, 88], [944, 88]], '아히앗6 흐기이이이이앗@', 0.07190877554870473), ([[948, 90], [1174, 90], [1174, 118], [948, 118]], '어6 어떻게66. 헤앗6형.미드', 0.0008440007517485704), ([[791, 119], [1177, 119], [1177, 155], [791, 155]], '그 몸. 어떻계 된거야6? 문 무건워60]', 0.03761173489993735), ([[1014, 156], [1156, 156], [1156, 182], [1014, 182]], '5후햇. 히잇. .', 0.05084449291921084), ([[980, 188], [1160, 188], [1160, 218], [980, 218]], '더. . 더 쌀래애.. 옛 (', 0.2044161031810099), ([[898, 220], [962, 220], [962, 250], [898, 250]], '쫓무울', 0.22146220716727974), ([[957, 233], [981, 233], [981, 247], [957, 247]], '550', 0.4432766938193664), ([[982, 220], [1148, 220], [1148, 250], [982, 250]], '더 쌀래애애애애앗<', 0.783055072513869)]
[([[830, 24], [1176, 24], [1176, 54], [830, 54]], '5하} 하지@ 마아;형 그권 차지6 로오6', 0.005047590911858874), ([[826, 56], [1178, 56], [1178, 88], [826, 88]], '움직이6 며언6 흐아아아아아아아아앗] ] ', 0.06825181380612032), ([[870, 88], [1174, 88], [1174, 120], [870, 120]], "'하아아아아아아아앗이 하아아앗9", 0.176684697471449), ([[868, 122], [1168, 122], [1168, 152], [868, 152]], '자지이어 좀 더어어 좀 더 보지앗~', 0.25826883508939324), ([[852, 156], [1176, 156], [1176, 184], [852, 184]], '오오오오옷9 오호오오오오오오웃9]', 0.26773039101792745)]
[([[850, 24], [1176, 24], [1176, 56], [850, 56]], '5후오오오오오오웃0 오호오오오옷0', 0.30637160387822476), ([[918, 56], [1174, 56], [1174, 88], [918, 88]], '나외앗) 나외아아아아아앗이', 0.1327764493834168), ([[775, 85], [1179, 85], [1179, 121], [775, 121]], '오오오오오옷어 오오오오오오오오오오오웃9,', 0.5043381841578445), ([[894, 122], [1174, 122], [1174, 152], [894, 152]], '건짓말이지6 아그6 아그올6.0', 0.042409958575685365), ([[966, 154], [1174, 154], [1174, 184], [966, 184]], '앗633 크혹66 @갑형형  앞]', 0.00010743111696666763), ([[874, 185], [1177, 185], [1177, 221], [874, 221]], '배 속이. 테저.666. 버려없6666.0', 0.0036155043785730014), ([[908, 220], [954, 220], [954, 248], [908, 248]], '흙. ', 0.6331374699971458), ([[951, 233], [995, 233], [995, 247], [951, 247]], '000070', 0.05488946467378179), ([[990, 220], [1176, 220], [1176, 250], [990, 250]], '아;형컨형형 옷. 고. 올항]', 0.0001750037060520263), ([[837.0220279500418, 119.16388105512118], [895.8788856316556, 127.1561886941699], [891.9779720499582, 153.83611894487882], [832.1211143683444, 145.84381130583012]], '0거.', 0.2706576987917672)]
[([[967, 37], [1013, 37], [1013, 51], [967, 51]], "00형00'", 0.08003078882047567), ([[1006, 24], [1176, 24], [1176, 54], [1006, 54]], '아아령형형형갑형형형여 앞}6형형형컨형', 2.7843814403365007e-07), ([[852, 58], [1176, 58], [1176, 86], [852, 86]], '66663666 눈66 가}6형66형 살이@ 려쥐66형형형6형형]', 2.0692190583128977e-06), ([[904, 87], [1160, 87], [1160, 120], [904, 120]], "'후으으으으으웃0 후으웃 <", 0.2419566161433788), ([[884, 122], [1146, 122], [1146, 152], [884, 152]], '좀 더  . 좀 더어어어어어. =', 0.5519635444162664)]
[([[12, 8], [269, 8], [269, 44], [12, 44]], '?분휴움이 엘프의6 보지이6(', 0.009419435518012328), ([[15, 39], [331, 39], [331, 75], [15, 75]], '부히앗0 분히이이이이이이이이있|@', 0.0050588926458318365), ([[15, 75], [304, 75], [304, 105], [15, 105]], '5이6606형.-6형형형쑤@약600몸 0.6이6형6잎60형', 6.130824285544689e-07), ([[16, 106], [248, 106], [248, 134], [16, 134]], '내려가버려어6어66이형.@-형형.드', 0.0003015641660198708), ([[254, 106], [292, 106], [292, 130], [254, 130]], '근으', 0.05449392322538831), ([[337, 119], [369, 119], [369, 133], [337, 133]], '700', 0.013386562555624804)]
[([[12, 9], [316, 9], [316, 41], [12, 41]], '하@올어;0 @@올0. 하이6형형 @이블이', 6.189012848259508e-05), ([[16, 42], [314, 42], [314, 72], [16, 72]], '아아.형형 @형형형 싫어없66 몸 안쪽이6.', 0.0005793882537657171), ([[16, 73], [279, 73], [279, 104], [16, 104]], '죄다 자66. 지6636@ 오오오오오육0', 0.0052709080843640664), ([[16, 106], [432, 106], [432, 136], [16, 136]], '@흔형 약휘나앗60 매속에-제6 잔고 냄새하 가앗 ,', 0.002740074812351991), ([[16, 136], [332, 136], [332, 168], [16, 168]], '앗6 아히이앗6 아히이이이이이앗쏘]', 0.007912884695775769), ([[16, 170], [70, 170], [70, 196], [16, 196]], '5부햇', 0.39341370015571947), ([[84, 165], [251, 165], [251, 201], [84, 201]], '부휴히이이어앗다!', 0.012347893116210552), ([[16, 202], [70, 202], [70, 228], [16, 228]], '5하앗', 0.4800177278054612), ([[90, 202], [172, 202], [172, 228], [90, 228]], '하앗666336', 0.029184150557877455), ([[16, 232], [360, 232], [360, 260], [16, 260]], '앗60 아양.6 앗;36 냄새나앗66 아파앗 .0', 0.00410852796113634), ([[17, 267], [39, 267], [39, 287], [17, 287]], '고', 0.2937580511260798), ([[62, 263], [388, 263], [388, 293], [62, 293]], '그치마안66 앗6 아하아아아아아양0 ', 0.04557613917898624)]
[([[12, 8], [257, 8], [257, 45], [12, 45]], '?붐휴운움어 붐름흉워운-이', 0.0010069577569982334), ([[16, 42], [348, 42], [348, 74], [16, 74]], '분휴어 분음운운운운우운운운운운-이 ', 0.004339328306869533), ([[14, 74], [276, 74], [276, 102], [14, 102]], '5으화으으으으으으으으으으음]', 0.18341130413053192), ([[16, 106], [366, 106], [366, 136], [16, 136]], '옷6 오오옷600 따문리-6. 당하고 있어없', 0.026439208345499822), ([[16, 138], [456, 138], [456, 168], [16, 168]], '이렇계66 약휘나늄6 중약한 괴물하테없@@ 히이이앗', 0.018976969606590975), ([[16, 168], [438, 168], [438, 198], [16, 198]], '오06 옷00 이런 오물올666 육60 %려지고 엎논데에 .', 0.005244875740101005), ([[16, 202], [152, 202], [152, 230], [16, 230]], '행복해애애애앗(', 0.462080700522171), ([[166, 200], [362, 200], [362, 230], [166, 230]], '앗6. 아아아아아아양)', 0.005876941572186628), ([[80, 230], [358, 230], [358, 262], [80, 262]], '행.. 불해66666 더 짜주600999003 드', 0.0046801856198004765), ([[17.02202795004179, 229.16388105512118], [79.88987397148601, 237.19462528663504], [75.97797204995821, 263.8361189448788], [13.11012602851399, 255.80537471336496]], '너문  ', 0.5791640877723694)]
[([[16, 12], [290, 12], [290, 40], [16, 40]], '5@}히형형 @@-형형형 올레나라베려666어6형', 1.8167079862189724e-05), ([[14, 44], [268, 44], [268, 72], [14, 72]], '붙물이6 @가66@6어6형형형형형형0]', 4.758099198371255e-06), ([[14, 74], [298, 74], [298, 104], [14, 104]], '5분유웃6 더; 더 뿐려출데에66(', 0.006756373122085492), ([[16, 106], [188, 106], [188, 136], [16, 136]], '부유우우우운운웃: ]', 0.0422143600071434), ([[13, 135], [212, 135], [212, 167], [13, 167]], '5아아형 흐으으으으원0', 0.03925708522703589), ([[16, 167], [334, 167], [334, 200], [16, 200]], '정말 감사합내다아아아아이@ 좀 더욱@', 0.07801935105593029), ([[16, 202], [262, 202], [262, 232], [16, 232]], '제 몸이 부서질때까지 저한테', 0.28530724760155557), ([[16, 232], [281, 232], [281, 262], [16, 262]], '운랑종의 쫓물 뿌려주세요오옷', 0.2770331291565977), ([[16, 264], [336, 264], [336, 294], [16, 294]], '아히이이앗@ 헤이이이이이이이이있0,', 0.0474051636867088)]
[([[14, 10], [434, 10], [434, 42], [14, 42]], '하이립순-}6. 마음 안에 이뤄계나 만음 오크가 . !]', 0.03189266907847381), ([[13, 41], [453, 41], [453, 74], [13, 74]], '5오크라니6@ 이미 몇천년전에 명종햇런거 아니야..?', 0.07999364263963789), ([[16, 74], [212, 74], [212, 104], [16, 104]], '거기다가 저 모습은 .]', 0.5565148980972827), ([[14, 106], [324, 106], [324, 136], [14, 136]], "'그래요 . 전해들은대로에요  믿을", 0.4198973960560266), ([[348, 106], [442, 106], [442, 132], [348, 132]], '없지만서도', 0.9559337773822841), ([[16, 138], [340, 138], [340, 168], [16, 168]], '주민들이 오크로 변이해버린거 같이요', 0.8205970258811048), ([[16, 168], [396, 168], [396, 198], [16, 198]], '죽여버려야 활지도 없젠어요6.. 마술부대 전원', 0.1777521786917258), ([[16, 200], [394, 200], [394, 232], [16, 232]], '봉인마술로 오크의 움직임올 멈추도록 해라! ]', 0.4467236304758499)]
[([[14, 12], [314, 12], [314, 42], [14, 42]], '처주민들은 말리 피난하도록 하세요0', 0.10154536130029114), ([[14, 44], [382, 44], [382, 74], [14, 74]], '어디블 가늄 건가요.6.? 그쪽에 있습 오크가 ;', 0.04134545333925976), ([[14, 74], [90, 74], [90, 102], [14, 102]], '5아아36<', 0.01051775918204797), ([[106, 74], [372, 74], [372, 106], [106, 106]], '종음 냄새6 이 약퀴6 좋아이히', 0.05602272809526216), ([[16, 106], [242, 106], [242, 134], [16, 134]], '아하아;형 살짝6 @아양66.', 0.010584050412456374), ([[258, 106], [374, 106], [374, 136], [258, 136]], '좀 데 이걸66', 0.09991402811478205), ([[15, 136], [280, 136], [280, 166], [15, 166]], '원해애6형형형. 하아. 아아아양6형형드', 0.0005429542746228301), ([[28, 170], [386, 170], [386, 198], [28, 198]], '무 . 무슨 짓올 . 자신의 의지로 오크에계 ', 0.2978953395815748)]
[([[16, 12], [314, 12], [314, 42], [16, 42]], '(정로으음6 @@형형 맛있어6 음물', 0.0021470541223757526), ([[309, 25], [333, 25], [333, 39], [309, 39]], "'000", 0.2175728996206194), ([[16, 44], [286, 44], [286, 72], [16, 72]], '마도 보지에 이걸6 원해앗6어066느', 0.009592025385476322), ([[14, 74], [354, 74], [354, 106], [14, 106]], '5아히앗6 좀 데6 파엽6. 함때까지있6', 0.0020627134449154104), ([[14, 106], [302, 106], [302, 136], [14, 136]], '더 %무울 데 따젊어에어어없이', 0.10619078323305035), ([[16, 138], [314, 138], [314, 168], [16, 168]], '더싸취터싸증되싸워에어어어에어없(', 0.029030363927855084), ([[14, 168], [374, 168], [374, 198], [14, 198]], "'아아. 어.. 엄청나 .6.. 나라여6 나. 도.] ", 0.0056350190165407625), ([[12, 199], [326, 199], [326, 232], [12, 232]], "'특 ! 엘프는 오크의 체취률 맡으면", 0.2658349807508126), ([[13, 231], [408, 231], [408, 262], [13, 262]], '매로되버린다는 말이 전해저 내려오긴 하지만 _', 0.6039706715049125), ([[440, 232], [502, 232], [502, 262], [440, 262]], '정도일', 0.9992813585727572), ([[16, 264], [88, 264], [88, 292], [16, 292]], '줄은. !', 0.5811250491129835), ([[18, 296], [482, 296], [482, 326], [18, 326]], '우리 엘프 종족에계 새겨진 홍촉한 체질전@따위에 지지', 0.0575921251838641), ([[16, 326], [108, 326], [108, 354], [16, 354]], '암울거야 .', 0.07309546521624273), ([[14, 356], [474, 356], [474, 388], [14, 388]], '마술부대는 오크에게 너무 접근하지 않로록 주의해라! !', 0.23546082573406596), ([[540, 764], [882, 764], [882, 794], [540, 794]], '@이졸이 피난은 끝낫다! 그쪽은 어떻나! _', 0.26841781552430766), ([[551, 792], [643, 792], [643, 828], [551, 828]], '@대장 향', 0.1815496841036504), ([[660, 794], [862, 794], [862, 824], [660, 824]], '지금 주민이 오크쪽으로', 0.5363618677559041), ([[560, 828], [834, 828], [834, 856], [560, 856]], '라드면 데려오면 끝입니다 | 금방', 0.05909424871748529), ([[428, 858], [882, 858], [882, 888], [428, 888]], "'잠깐] 멈렉리! 오랜에게 필요 이상으로 접근하지 마! _", 0.15591626189702473), ([[554, 890], [668, 890], [668, 918], [554, 918]], "'하지만 주민", 0.7231975670845855), ([[688, 892], [726, 892], [726, 916], [688, 916]], '이 .', 0.5319983534061461), ([[754, 890], [844, 890], [844, 916], [754, 916]], '아 . 아아', 0.8828278922642293), ([[486, 922], [550, 922], [550, 952], [486, 952]], '굉장해 .', 0.7386182530624735), ([[588, 922], [842, 922], [842, 952], [588, 952]], '어점 이렇계 커다란 .. 자지이._', 0.09836782957104191), ([[285.17239411139764, 48.17926704507479], [314.89736659610105, 55.367544467966326], [310.82760588860236, 73.8207329549252], [281.10263340389895, 66.63245553203367]], '~9', 0.31719969098467016), ([[443.2572186472918, 922.1430466182295], [486.9144228545972, 929.4212209974473], [483.7427813527082, 950.8569533817705], [440.0855771454028, 943.5787790025527]], '괴36', 0.21387478609273275)]
[([[28, 24], [146, 24], [146, 54], [28, 54]], '5이 분은 . ?]', 0.5457232043963853), ([[70, 56], [360, 56], [360, 88], [70, 88]], '여왕님. 이쪽은 아까 구출행없런하', 0.27658543341984265), ([[28, 87], [355, 87], [355, 117], [28, 117]], '연인이 오크화 되어버럿다는 분입니다', 0.4274326382624895), ([[41, 133], [115, 133], [115, 147], [41, 147]], '귀형형형형형형형]_', 0.0002156541128691922), ([[28, 152], [274, 152], [274, 180], [28, 180]], "'이제 몸은 좀 괜찮으신지요?", 0.7068577447224065), ([[28, 184], [374, 184], [374, 212], [28, 212]], '이런저런 이야기틀 나뉘보고 싶습니다만 ', 0.4592293854235384), ([[82, 212], [358, 212], [358, 244], [82, 244]], '공주님66 이제6형. 괜찮아요666666]', 0.0007070501865187546), ([[28.958056932529217, 53.18675371782889], [70.81736855636096, 60.969255406209406], [66.04194306747078, 85.81324628217111], [24.182631443639035, 78.0307445937906]], '5네;', 0.25079392190293437), ([[28.958056932529217, 211.18675371782888], [85.89784415450974, 219.22379174432774], [82.04194306747078, 243.81324628217112], [24.102155845490266, 235.77620825567226]], '0데3어형', 0.0028503218932122605)]
[([[28, 24], [346, 24], [346, 56], [28, 56]], '5%6 지금 나라에 있는 후타나리 엘프가', 0.10044188759522131), ([[26, 56], [462, 56], [462, 86], [26, 86]], '자례차례 오크화해서 사람들올 습격히고 외습니뒤6.', 0.060885296484497954), ([[28, 86], [406, 86], [406, 118], [28, 118]], '마술부대름 파견하고 있습니다만 그 장소예세', 0.27407005839972154), ([[28, 120], [354, 120], [354, 150], [28, 150]], '움직임올 막느것이 최선의 상태입니다 ]', 0.6154472679169638), ([[39, 163], [115, 163], [115, 179], [39, 179]], '0먼형형형형형형형]]', 0.00016962382874329053), ([[28, 184], [302, 184], [302, 210], [28, 210]], "'연인분이.. 오크화가 되기 전에", 0.5842600589814838), ([[28, 213], [310, 213], [310, 244], [28, 244]], '원가 이상한 모습올 보엿다던가. ..', 0.26285613817209613), ([[28, 246], [314, 246], [314, 276], [28, 276]], '마술에 걸런듯한 흔적이 있다던가.', 0.6844314524361551), ([[28, 278], [288, 278], [288, 306], [28, 306]], '짐작가는 점은 없으신지요. ? ', 0.8048772689834434), ([[28, 308], [284, 308], [284, 340], [28, 340]], '5없어요6 최문 몇일간동안 쭉', 0.7476041941695908), ([[28, 340], [224, 340], [224, 370], [28, 370]], '단물이서만 있없어요6.', 0.07403233927739887), ([[30, 372], [264, 372], [264, 402], [30, 402]], '그런데 그 날 아침 갑자기6', 0.4277757318589454), ([[28, 404], [360, 404], [360, 434], [28, 434]], '몸이 똑발하묶이 불어나세여 그렇메6@@9', 0.02985781652327389)]
[([[28, 26], [271, 26], [271, 54], [28, 54]], "'알걸습니다06 감사드컵니다", 0.13139876183301336), ([[32, 72], [72, 72], [72, 80], [32, 80]], '600000', 0.6986047561514319), ([[70, 58], [462, 58], [462, 86], [70, 86]], '역시. 고대로부터 전해지논 전춘가-진과로 30]', 0.1124227639304958), ([[26, 85], [266, 85], [266, 118], [26, 118]], '{제기6. 이제 마라로30666.3,', 0.0010466082000815432), ([[26, 118], [328, 118], [328, 150], [26, 150]], '5에에, 귀중한 정보에 감사드컵니다', 0.4738214093790727), ([[28, 150], [494, 150], [494, 182], [28, 182]], '무슨 일이 생긴다면 방 밖에 있는 병사루 불러주십요}', 0.0840499879176768), ([[54, 211], [486, 211], [486, 244], [54, 244]], '.저희논 국가의 공지름 결고 반드시 오크회현 일프굴', 0.09155724183250052), ([[28, 245], [508, 245], [508, 276], [28, 276]], '원래대로 돌려놓올 방법올 찾계습니다 .. . 당신의연인도  @', 0.19963390288634694), ([[28, 278], [232, 278], [232, 306], [28, 306]], '그러니 안심해주십시오 }', 0.5854314905428158), ([[82, 310], [194, 310], [194, 338], [82, 338]], '공주님666666]', 0.07209718757482081), ([[31.348018633361193, 183.10925403674744], [114.98266380848109, 193.73723732658684], [111.65198136663881, 215.89074596325256], [28.017336191518904, 205.26276267341316]], '(네형형형형형)', 0.0008996048254000578), ([[29.02202795004179, 305.1638810551212], [86.90122361178794, 314.2365201021611], [81.97797204995821, 339.8361189448788], [24.09877638821206, 330.7634798978389]], '-네어형', 0.001966784242540598)]
[([[610, 24], [820, 24], [820, 56], [610, 56]], '[성에 있는 병사들까지 .', 0.16372669571928763), ([[584, 56], [858, 56], [858, 88], [584, 88]], '후타나리 병사들은 성 안에서 그', 0.5357576131008627), ([[508, 87], [876, 87], [876, 119], [508, 119]], '(전중름 피하제 하기 위해 이렇게 지하실에서', 0.21568398707647463), ([[570, 120], [858, 120], [858, 150], [570, 150]], '근신신키고 외없습니다만: . 설마 .', 0.23826264229939187), ([[574, 149], [877, 149], [877, 182], [574, 182]], "'중되물음 지음 어떤 상태인지요?,", 0.028721551897536418), ([[540, 179], [879, 179], [879, 215], [540, 215]], '봉인마법으로 구속하고 있는 상태입니다', 0.6270933805695869), ([[622, 214], [878, 214], [878, 246], [622, 246]], '또한 퇴마술올 사용중입니다만', 0.562090342060582), ([[617, 243], [864, 243], [864, 276], [617, 276]], '오크화틀 막올 수 있논지는  ', 0.1396121177146873), ([[560, 278], [682, 278], [682, 306], [560, 306]], '그럼  습니까;', 0.27020933074751413), ([[715, 273], [877, 273], [877, 309], [715, 309]], '문현에도 오크화지', 0.4192312992401684), ([[476, 308], [520, 308], [520, 338], [476, 338]], '막을', 0.39461683022787175), ([[543, 305], [847, 305], [847, 342], [543, 342]], '잇는 마술은 발견하지 못해습니다.', 0.2320545959756464), ([[530.9909908090056, 53.17477426521549], [581.8226622356062, 59.98384159518177], [578.0090091909944, 86.82522573478451], [526.1773377643938, 80.01615840481823]], '떼네하', 0.214968806483806), ([[456.3784875685547, 533.1147582815233], [704.1462453416474, 449.54468403639976], [768.6215124314454, 706.8852417184767], [521.8537546583526, 790.4553159636002]], '시', 0.5048786064718094)]
[([[448, 24], [658, 24], [658, 56], [448, 56]], '5아하}아아}이}6형무 콩숨니임', 0.0007065052021615534), ([[678, 24], [876, 24], [876, 52], [678, 52]], '부 . 부탁드려요오옷 .', 0.8786719511316498), ([[546, 56], [858, 56], [858, 86], [546, 86]], '이뤄6 이 마술 제발 풀어주세요오오.', 0.4185959418194891), ([[668, 88], [876, 88], [876, 116], [668, 116]], '자지가 육씬거려서어 . _', 0.24113029421827464), ([[702, 120], [762, 120], [762, 146], [702, 146]], "'아아", 0.6842058698424219), ([[776, 120], [858, 120], [858, 150], [776, 150]], '공주니임.', 0.9912357045099541), ([[661, 147], [857, 147], [857, 183], [661, 183]], "'오늘도 아름다우세요오", 0.6745636302200904), ([[548, 184], [638, 184], [638, 212], [548, 212]], '훈이0  아앗.', 0.024964881796897466), ([[655, 179], [879, 179], [879, 215], [655, 215]], '공주님 존나 끌려어어엇! _', 0.47830942765403744), ([[540, 214], [608, 214], [608, 242], [540, 242]], '{네듬들', 0.7436403036117554), ([[630, 214], [878, 214], [878, 246], [630, 246]], '왕국 병사씩이나 되는 놈들이', 0.4595943046609059), ([[595, 241], [819, 241], [819, 279], [595, 279]], '공주님에계 뭐라 지걸이는;', 0.23156377923280058), ([[558, 278], [610, 278], [610, 304], [558, 304]], '[괜찮', 0.8032632334544683), ([[630, 276], [700, 276], [700, 306], [630, 306]], '습내다;', 0.6202800869941711), ([[732, 278], [874, 278], [874, 308], [732, 308]], '그녀들도 지금  ', 0.2781382978433899), ([[624, 308], [878, 308], [878, 340], [624, 340]], '특수한 .. 상태이지 않습니까_', 0.24653561335822408), ([[456.2184721482174, 533.1250408452131], [702.203456664048, 446.44529407174684], [769.7815278517826, 705.8749591547869], [523.796543335952, 792.5547059282532]], '시', 0.5627593995106714)]
[([[606, 26], [662, 26], [662, 52], [606, 52]], '{하아', 0.7907958626747131), ([[696, 26], [746, 26], [746, 54], [696, 54]], '하앗', 0.7414590415228899), ([[782, 26], [826, 26], [826, 56], [782, 56]], '으응', 0.9993197333612415), ([[632, 58], [878, 58], [878, 88], [632, 88]], "'공주님 . 무슨 일이십니까?", 0.5223753173742822), ([[554, 88], [878, 88], [878, 118], [554, 118]], '아까분터 얼굴이 북으십니 . 공주님? ,', 0.5327142379380962), ([[654, 120], [734, 120], [734, 150], [654, 150]], '아무래도', 0.987688422203064), ([[752, 120], [878, 120], [878, 150], [752, 150]], '정령의 가호름', 0.27858749691079016), ([[646, 152], [740, 152], [740, 182], [646, 182]], '받은 저도 .', 0.32531768882005824), ([[752, 152], [878, 152], [878, 182], [752, 182]], '저주의 예외는', 0.5226983481656543), ([[696, 182], [874, 182], [874, 214], [696, 214]], '아뇨 것 같습니다 .]', 0.17149183492334585), ([[710, 214], [876, 214], [876, 244], [710, 244]], "'고 . 공주니 . 임!", 0.7189408822758532), ([[620, 246], [878, 246], [878, 276], [620, 276]], '누가 의로마술사루 데려와라! ,', 0.15579792482999377), ([[534, 278], [604, 278], [604, 302], [534, 302]], '7아니요', 0.6711483393923827), ([[624, 276], [870, 276], [870, 308], [624, 308]], '의로마순사는 필요없습니다 .', 0.2369000222253588), ([[567, 303], [860, 303], [860, 342], [567, 342]], '그 대신 봉인마술사분올 제 방으로', 0.5214954573065461), ([[652, 342], [682, 342], [682, 366], [652, 366]], '앗;', 0.041567408376858433), ([[719, 343], [743, 343], [743, 363], [719, 363]], '빠', 0.9688381932095389), ([[764, 340], [828, 340], [828, 370], [764, 370]], '빨리앗', 0.46183718860102785), ([[455.35546783108697, 534.1167864912827], [704.2502237960294, 449.600546941971], [768.6445321689131, 706.8832135087173], [519.7497762039706, 791.3994530580289]], '시', 0.6439684780056645)]
[([[542, 24], [858, 24], [858, 56], [542, 56]], '0훔춧6이 공주님도 우리들이량 똑같은', 0.06296090801925859), ([[712, 58], [850, 58], [850, 86], [712, 86]], '후타나리니까안.', 0.517518292507996), ([[584, 86], [876, 86], [876, 118], [584, 118]], '@공주님은 우리같은 것들과는 달리', 0.7100384601498897), ([[548, 120], [874, 120], [874, 150], [548, 150]], '딸들이진차 한지 못하시는 높으신 분 .', 0.24762731601378338), ([[704, 150], [864, 150], [864, 180], [704, 180]], '우후후후후후후춧 .', 0.30238189477408833), ([[566, 184], [850, 184], [850, 214], [566, 214]], '분명- 쫓물이 잔뜩 쌓여계실꺼야아 .', 0.6829958484803321), ([[656, 213], [877, 213], [877, 245], [656, 245]], "'분명 정신이 나갈 정도로", 0.5913535137718727), ([[676, 246], [862, 246], [862, 274], [676, 274]], '쌍여계시켓지 . 아아', 0.47657079355106907), ([[716, 278], [876, 278], [876, 308], [716, 308]], '공주님의 자지에서', 0.8432224219676735), ([[636, 306], [858, 306], [858, 339], [636, 339]], '냄새가 새어나오고 있어어.', 0.8090091755618166), ([[548, 338], [876, 338], [876, 370], [548, 370]], '쫓물 )고 싶어서 발기하고 계서어 . !,', 0.14043121540404954), ([[558, 372], [714, 372], [714, 402], [558, 402]], '{@}아566695003 하앗', 0.001106344140564083), ([[774, 372], [816, 372], [816, 398], [774, 398]], '@혹', 0.0936839740472505), ([[446, 402], [874, 402], [874, 434], [446, 434]], '"5탁걀라} 어@@ @놈튿이 감시률 게올리 하지 마라!', 0.024366651458668863), ([[540, 434], [830, 434], [830, 466], [540, 466]], '용중임6 정신퍼리십시오 공주님 .', 0.13832042037743283), ([[591.7533654683871, 530.0457703700642], [713.9279546838242, 494.7299273930884], [764.2466345316129, 699.9542296299358], [641.0720453161758, 735.2700726069116]], '0', 0.19447465175230239)]
[([[663, 23], [876, 23], [876, 54], [663, 54]], '하하앗. 으응   크욕 . !', 0.08447255209235331), ([[665, 54], [876, 54], [876, 87], [665, 87]], "'공주님  승구하오다66", 0.13901638020828713), ([[722, 88], [876, 88], [876, 116], [722, 116]], '이러한 처사분 @@]', 0.21374431881048772), ([[658, 120], [718, 120], [718, 146], [658, 146]], '아니요', 0.9999858907826757), ([[740, 120], [878, 120], [878, 150], [740, 150]], '괜찮습니다 . 앗', 0.5478317617471948), ([[618, 150], [878, 150], [878, 182], [618, 182]], '한심한 공주여서 죄송합니다 .', 0.5061829631065086), ([[756, 182], [830, 182], [830, 210], [756, 210]], '흐으웃 .', 0.383944931334074), ([[607.2572186472918, 120.14304661822948], [658.9380290706541, 127.50599258983327], [655.7427813527082, 148.85695338177052], [604.0619709293459, 141.49400741016672]], '5아:', 0.1733396928088215)]
[([[710, 23], [876, 23], [876, 54], [710, 54]], '[저논 .. 더 이상 .', 0.19344525404874116), ([[558, 58], [684, 58], [684, 88], [558, 88]], '냉정한 판단이 .', 0.8649842205364165), ([[700, 58], [875, 58], [875, 84], [700, 84]], '물기 - 능합니다앗 ...', 0.18941988410971275), ([[616, 88], [876, 88], [876, 118], [616, 118]], '병사장 .. 대신들과 노력하여  ', 0.38369758576365215), ([[686, 119], [854, 119], [854, 148], [686, 148]], '부디 . 이 . 사태틀', 0.24823639212224854), ([[640, 152], [714, 152], [714, 178], [640, 178]], '아으옷 .', 0.6907840449167403), ([[721, 151], [865, 151], [865, 177], [721, 177]], '아아아아아앗 !', 0.5980580533166487), ([[678, 184], [862, 184], [862, 212], [678, 212]], '[공주님.. 이 병사장._', 0.6579521674261305), ([[624, 212], [876, 212], [876, 244], [624, 244]], '반드시 이 저주름 푸는 방법올', 0.5622084332384693), ([[626, 246], [876, 246], [876, 274], [626, 274]], '찾아내서 손에 넣젯습니다 . !', 0.2604831370850194), ([[608, 278], [848, 278], [848, 308], [608, 308]], '부디 그때까지 견디주십시오', 0.49915973272692604), ([[586, 310], [630, 310], [630, 334], [586, 334]], '아앗', 0.8744117143218568), ([[648, 310], [796, 310], [796, 338], [648, 338]], '부옷 . 부탁드컵.', 0.4404623742296613), ([[812, 310], [858, 310], [858, 338], [812, 338]], '히앗 .', 0.24717631936073303), ([[604, 340], [644, 340], [644, 366], [604, 366]], '후옷', 0.5027626658815986), ([[666, 340], [812, 340], [812, 370], [666, 370]], '후으옷 . 흐으응', 0.2818459563873731)]
[([[444, 24], [878, 24], [878, 56], [444, 56]], '5병사장넘 오크가-점점 마을에 늘어나고 있습니다!', 0.20758847148056572), ([[478, 56], [778, 56], [778, 86], [478, 86]], '이대로 되다간 마술부대만으론-멈출', 0.573830694770505), ([[801, 56], [876, 56], [876, 86], [801, 86]], '없게6.]', 0.011289500587065692), ([[678, 88], [876, 88], [876, 118], [678, 118]], '알앉다  . 금방 가마 @30', 0.09019748733442914), ([[610, 118], [852, 118], [852, 149], [610, 149]], '공주님 .. 실레하켓습니다 .._', 0.38638678004836363), ([[571, 155], [603, 155], [603, 173], [571, 173]], '0네', 0.24476926770565552), ([[636, 152], [664, 152], [664, 178], [636, 178]], '에', 0.9862027171204915), ([[716, 152], [816, 152], [816, 178], [716, 178]], '에히 . 히잇', 0.19862035155685925)]
[([[748, 26], [876, 26], [876, 52], [748, 52]], '아으으.3 앗..', 0.07673538920161149), ([[694, 56], [876, 56], [876, 85], [694, 85]], '자지 -자 . 지이. !', 0.2744721592123849), ([[626, 88], [876, 88], [876, 116], [626, 116]], '언젠가 .. 우리 엘프 안에서 ..', 0.3106394044111332), ([[693, 118], [854, 118], [854, 148], [693, 148]], '오크가 부활해서. .', 0.44248703752496915), ([[620, 150], [835, 150], [835, 180], [620, 180]], '엘프들올 멸망 . 시키다는', 0.2532410011909554), ([[618, 184], [868, 184], [868, 212], [618, 212]], '고대로분터 전해지논 전설이 .', 0.2506517069970047), ([[602, 214], [666, 214], [666, 244], [602, 244]], '현실이:', 0.16624775528907776), ([[706, 214], [868, 214], [868, 242], [706, 242]], '으흐으옷 ! 하앗 .', 0.5337237296339071), ([[608, 248], [698, 248], [698, 272], [608, 272]], '내 , 내 .', 0.43046044327445676), ([[730, 248], [786, 248], [786, 272], [730, 272]], '가아 ', 0.8240558995312582), ([[794, 246], [858, 246], [858, 274], [794, 274]], '이러언.', 0.7969669699668884), ([[628, 278], [830, 278], [830, 304], [628, 304]], '하앗 . . 아앗 . 자지앗 .', 0.15955047314217236), ([[692.9909908090056, 21.174774265215486], [750.8883651694953, 29.189230829615347], [746.0090091909944, 54.82522573478451], [688.1116348305047, 46.81076917038465]], '[하 .', 0.30166536569595337), ([[695.2307692307693, 247.15384615384616], [738.9058515600266, 253.3935926854461], [735.7692307692307, 274.84615384615387], [691.0941484399734, 268.6064073145539]], '애 .', 0.7574625015258789)]
[([[610, 26], [876, 26], [876, 52], [610, 52]], '~[견디야만 옷; . 반드시 . 잇!', 0.2185457458676226), ([[594, 56], [876, 56], [876, 84], [594, 84]], '대신들이 . 원가루 . . 발견해서.', 0.1534210467845761), ([[730, 88], [876, 88], [876, 114], [730, 114]], '아아 . 차지이:  ', 0.18349518292178238), ([[668, 122], [712, 122], [712, 146], [668, 146]], '싸고', 0.8563201140294658), ([[730, 120], [838, 120], [838, 150], [730, 150]], '싸고 싶어엇 .', 0.9036247106326663), ([[638, 152], [664, 152], [664, 178], [638, 178]], '안', 0.9999706747297665), ([[710, 152], [850, 152], [850, 180], [710, 180]], '싸면 안 돼 하요', 0.45343287056486276), ([[594, 180], [724, 180], [724, 212], [594, 212]], "'의아아6 9 그래 .", 0.15299690505736613), ([[740, 184], [838, 184], [838, 212], [740, 212]], '싸면 안 돼.', 0.5053707285807199), ([[654, 214], [834, 214], [834, 242], [654, 242]], "'이렇게. . 힘들 . 어도", 0.2473654526028141), ([[612, 246], [772, 246], [772, 276], [612, 276]], '백성들은 나보다 .', 0.6292727887205172), ([[794, 246], [874, 246], [874, 272], [794, 272]], '아아아 .', 0.6806645096807075), ([[576, 278], [842, 278], [842, 304], [576, 304]], '[차라리 . 오크가 되어버리논게 .', 0.40331753588318076), ([[650, 310], [754, 310], [754, 336], [650, 336]], '특 . 으으으', 0.5189224160400504), ([[794, 310], [874, 310], [874, 336], [794, 336]], '머리가 .', 0.7940259798667012), ([[556, 342], [594, 342], [594, 368], [556, 368]], '웃@', 0.0561469183277155), ([[602, 340], [836, 340], [836, 368], [602, 368]], '이상해저 . 버길꺼같아아 . .', 0.2169520323998749), ([[667.2307692307693, 152.15384615384616], [710.9017428629735, 158.3808279050784], [707.7692307692307, 179.84615384615384], [664.0982571370265, 173.6191720949216]], '왜 .', 0.3469400703907013)]
[([[26, 23], [246, 23], [246, 56], [26, 56]], '{하앗600 @앗@ 젠기잎6', 0.001576887360810353), ([[28, 56], [164, 56], [164, 86], [28, 86]], '명사.야 따이6형무)', 5.05059911818127e-05), ([[28, 88], [190, 88], [190, 118], [28, 118]], '5무슨 일이신가요?', 0.4162859305953658), ([[28, 120], [216, 120], [216, 150], [28, 150]], '뭐문지 말씀해주세요]', 0.7316995561302928), ([[28, 150], [264, 150], [264, 182], [28, 182]], '[몸이6어 몸이 띄기워요66666', 0.006098016634363861), ([[30, 182], [290, 182], [290, 214], [30, 214]], '@6형. 보지기}6 불타눈-워리업', 0.0012608736395168121), ([[283, 197], [327, 197], [327, 209], [283, 209]], '점0총기형)', 6.537465374398201e-06), ([[28, 214], [335, 214], [335, 244], [28, 244]], '옛6 아아아아아아아아아아아아-없 _', 0.007640382415529565)]
[([[26, 23], [272, 23], [272, 55], [26, 55]], '{하앗66 움고 하엇. 하앗66]', 0.002597306719890523), ([[100, 58], [192, 58], [192, 86], [100, 86]], '어떻게66미0', 0.013584703858788062), ([[28, 87], [268, 87], [268, 117], [28, 117]], '후타나리논 아니스올린데..0', 0.05583105845088612), ([[28, 120], [276, 120], [276, 150], [28, 150]], '당장 술사루 불러오깊습니다!', 0.45254383411756705), ([[52, 150], [310, 150], [310, 180], [52, 180]], '방에서 나가지 말고 대기해.@]', 0.40128814742118313), ([[29.02202795004179, 52.16388105512118], [102.93694125921282, 61.388137237664], [97.97797204995821, 86.83611894487882], [25.063058740787184, 77.611862762336]], '5아니', 0.9269029006650507)]
[([[26, 23], [200, 23], [200, 56], [26, 56]], '{하앗600 아아아앗:6형형', 0.0005143725994029243), ([[28, 58], [292, 58], [292, 86], [28, 86]], '나도660 똑같음60666. 아아아앗6', 0.007284011389871495), ([[28, 88], [334, 88], [334, 118], [28, 118]], '아햇6 @해하하하히하하하하히하)', 0.013280288867223504), ([[28, 120], [320, 120], [320, 150], [28, 150]], '5설마. 오크데제 따먹히기만 해도', 0.39398571817569095), ([[28, 152], [254, 152], [254, 180], [28, 180]], '오크가 되버린다논건가..?', 0.4521729563580156), ([[28, 182], [272, 182], [272, 212], [28, 212]], '빠 , 빨리 이 사실올 전.@366.! _', 0.08008396130124963)]
[([[28, 24], [120, 24], [120, 52], [28, 52]], '5하아앗636(', 0.26782694682225155), ([[136, 26], [256, 26], [256, 56], [136, 56]], '기다려어없! ~', 0.04619570157979207), ([[28, 56], [210, 56], [210, 88], [28, 88]], '하아뇨6 품어쥐없66{', 0.005079245223664637), ([[28, 88], [328, 88], [328, 116], [28, 116]], '육려0 @처형형 @구형형 약낙다6 안돼앗6.', 0.0006100639102914838), ([[28, 118], [306, 118], [306, 150], [28, 150]], '몸예 힘이6형형 물어가집 않아앗666말', 0.0029775932145842954), ([[27, 149], [354, 149], [354, 180], [27, 180]], "'후혜혜혜햇.@ 병사찌의.. 보오지이 .", 0.09482817033993954), ([[26, 184], [236, 184], [236, 210], [26, 210]], '따먹어드질게요오오옷 ..', 0.1529444116221621), ([[28, 214], [390, 214], [390, 244], [28, 244]], '제가 아다 떼는데 협력해주세요오오오웃어 ]', 0.5794779357836675)]
[([[551, 23], [874, 23], [874, 56], [551, 56]], '{예럴수가 . 퇴마술식이 듣지 않아  !', 0.12758870511545556), ([[580, 58], [828, 58], [828, 88], [580, 88]], '점제 오크화가 진행되고 있어', 0.6185902525257032), ([[568, 87], [874, 87], [874, 117], [568, 117]], '더하아아앗.. 자지앗 .. 자지자지앗! _', 0.07767652634088232), ([[610, 120], [858, 120], [858, 150], [610, 150]], '점점 몸이 커다래지고 있어  .', 0.5708732403770788), ([[508, 150], [686, 150], [686, 182], [508, 182]], ' 증나든 봉인마출로', 0.06514662554970639), ([[704, 152], [848, 152], [848, 182], [704, 182]], '풀려버길 정도로', 0.7356095152749293), ([[516, 180], [858, 180], [858, 213], [516, 213]], "'5후히요6' 자지도 점점 커다래지고 있어.", 0.08867212737097557), ([[464, 214], [530, 214], [530, 244], [464, 244]], '@하앗;', 0.28181034326553345), ([[548, 214], [848, 214], [848, 244], [548, 244]], "'분명 싸면 최고로 기분중올꺼야아 .", 0.4161744047354601), ([[537.1299778141514, 115.12892678669958], [611.9238380839865, 125.32830746719227], [607.8700221858486, 153.87107321330043], [532.0761619160135, 143.67169253280773]], '@점점09오', 0.24948898075597484)]
[([[464, 24], [564, 24], [564, 54], [464, 54]], '하큰임이야0', 0.07490672123692733), ([[588, 24], [878, 24], [878, 56], [588, 56]], '안예서 쫓물올 뒤집어 손 병사들이', 0.6121989224884908), ([[518, 58], [866, 58], [866, 86], [518, 86]], '자례차례 오크로 변해가고 잇 . 까아아앗!', 0.19661171728581106), ([[558, 90], [624, 90], [624, 114], [558, 114]], '이쪽도', 0.9587122360382075), ([[638, 88], [876, 88], [876, 118], [638, 118]], '구속당하 병사들의 오크화가', 0.6462135093244396), ([[596, 120], [866, 120], [866, 150], [596, 150]], '멈추질 않아 .. 어  . 어떡하지 ', 0.25042235563587295), ([[502.95805693252925, 87.18675371782889], [557.8866181374731, 95.18303260260195], [554.0419430674708, 119.81324628217111], [499.1133818625269, 111.81696739739805]], "'위형형", 0.002421653363853693)]
[([[622, 24], [876, 24], [876, 54], [622, 54]], "'이럴수가.. 이대로 가다간: ..", 0.19657043424442128), ([[556, 56], [876, 56], [876, 88], [556, 88]], '이런 감옥꼼은 간단히 파괴당해버려 .', 0.26050979633763033), ([[674, 88], [878, 88], [878, 118], [674, 118]], '이제 마술사도 없다구 ,', 0.7523430438603401), ([[610, 120], [829, 120], [829, 148], [610, 148]], '5후후춧 .. 무서워하지마 .', 0.13009750216747476), ([[648, 152], [858, 152], [858, 180], [648, 180]], "'맞아아 . 아아아아아앗 .", 0.6109877208727181), ([[678, 184], [840, 184], [840, 212], [678, 212]], '그치만 귀여워어엇 .', 0.4476337448470354), ([[538, 214], [830, 214], [830, 244], [538, 244]], '벌벌 떠느 엘프으 . 존나 끌려어어.', 0.3609783548602451), ([[550, 243], [842, 243], [842, 276], [550, 276]], '하아아아앗... 이제 쌀거같아아아앗.', 0.251507812660756), ([[574, 278], [850, 278], [850, 308], [574, 308]], '우리들의 쫓물 뒤집어서쥐어어엇 `', 0.2478070718086711), ([[524, 306], [858, 306], [858, 338], [524, 338]], "'시. 싫어어. . 오크가 되고 싶지 않아", 0.3783584701053599), ([[598, 340], [878, 340], [878, 370], [598, 370]], '싫어어어언어어어어어어어어엇 ,', 0.49766514173551757)]
[([[0, 629], [257, 629], [257, 835], [0, 835]], '79', 0.019314931875813728), ([[200, 1040], [883, 1040], [883, 1133], [200, 1133]], "'싸버려어어어어어엇~ !", 0.6203568534891597)]
[([[806, 26], [878, 26], [878, 56], [806, 56]], '공중님!', 0.7875367999076843), ([[716, 55], [876, 55], [876, 86], [716, 86]], '오크가 성 안에603]', 0.1726556522757019), ([[688, 88], [876, 88], [876, 114], [688, 114]], "'오호오오오오오오옷!", 0.9331643567378106), ([[614, 120], [878, 120], [878, 150], [614, 150]], '보지이앗 ! 엘프 보지 냄새애앗 !', 0.7218176445715909), ([[554, 150], [878, 150], [878, 180], [554, 180]], '데 아까이 와아앗! 내 자지쪽으로옷!', 0.4716755388765027), ([[692, 184], [876, 184], [876, 210], [692, 210]], "'보지앗' 박게 해취엇'", 0.20005159493844413), ([[638, 214], [878, 214], [878, 244], [638, 244]], '짜부리게 해주어어어어어엇!', 0.2885361911804177), ([[618, 246], [868, 246], [868, 276], [618, 276]], '오호오오오오옷~ 오오오웃9', 0.33658617760068493), ([[749.0513167019495, 20.15395010584846], [808.9189486262015, 30.307368122596234], [803.9486832980505, 55.84604989415154], [744.0810513737985, 45.69263187740377]], '5고669', 0.0317834724962193)]
[([[642, 24], [878, 24], [878, 56], [642, 56]], '공주님  정신차리십시오! ,', 0.35849623742023695), ([[640, 58], [766, 58], [766, 84], [640, 84]], "'하아아아아앗", 0.9179946319597774), ([[786, 58], [878, 58], [878, 88], [786, 88]], '고용주우?', 0.9991986825102787), ([[528, 88], [878, 88], [878, 116], [528, 116]], '공주되다 자지이이이이이이이이이이이앗!', 0.2199530899924118), ([[556, 120], [878, 120], [878, 150], [556, 150]], '의지앗! 박고싶어어어어어어어어어엇!', 0.18409210970399137), ([[584, 152], [878, 152], [878, 182], [584, 182]], '(좋아아앗 ! 뭐든 중으니까아아아앗!', 0.5222778459820375), ([[612, 184], [878, 184], [878, 212], [612, 212]], '보지앗} 구머엉 ! 씹구녀어어영!', 0.20549011233141307), ([[592, 214], [878, 214], [878, 244], [592, 244]], '데려오세요오옷 ! 명령이야아아앗 !', 0.37031040029150764), ([[620, 246], [878, 246], [878, 276], [620, 276]], '아아아아아앗! 이 마술도오옷!', 0.9117390743283295), ([[602, 276], [876, 276], [876, 306], [602, 306]], '풀어엇! 풀도록 하세요오오오옷!', 0.8380173591773332), ([[579, 305], [879, 305], [879, 341], [579, 341]], '@고으음- { 흐아아아아아아아앗! ,', 0.24866012277750693), ([[587.0513167019495, 20.15395010584846], [644.9356493549602, 31.381968556850474], [639.9486832980505, 55.84604989415154], [582.0643506450398, 44.618031443149526]], '고:', 0.3325368051987856)]
[([[18, 24], [352, 24], [352, 56], [18, 56]], '5병사장님] 이제.6 이쪽까지_오크들이; ', 0.03537752447472139), ([[603, 23], [876, 23], [876, 53], [603, 53]], '~도하아아앗 .. 하아아아아아앗 . . !', 0.16525086207492684), ([[16, 56], [366, 56], [366, 86], [16, 86]], '파아아아아앗] 조. 쫓물올 맞아버로언6', 0.09383134121218238), ([[630, 56], [874, 56], [874, 86], [630, 86]], '힘이 넘처흘러엇 . 당신도 곧', 0.5981086427775382), ([[64, 88], [144, 88], [144, 114], [64, 114]], '아아아앗', 0.878354549407959), ([[164, 90], [208, 90], [208, 116], [164, 116]], '몸이', 0.9624815456220676), ([[644, 88], [854, 88], [854, 118], [644, 118]], '오크로 만들어줄게에에 ', 0.5668301414262379), ([[73, 118], [298, 118], [298, 148], [73, 148]], '아아아아 . 공주님 .. 어째', 0.8013255844232906), ([[316, 120], [362, 120], [362, 150], [316, 150]], '@렵', 0.40611153320202537), ([[355, 133], [379, 133], [379, 147], [355, 147]], '600', 0.2783344421149679), ([[592, 120], [878, 120], [878, 150], [592, 150]], '(이쪽으로 오세요오 . 빨리이이앗!', 0.4084088263604571), ([[60, 152], [104, 152], [104, 178], [60, 178]], '이제.', 0.9980266205785336), ([[124, 152], [338, 152], [338, 182], [124, 182]], '이 나라는 곧장이야 . |형]]', 0.0308010490592773), ([[505, 146], [879, 146], [879, 184], [505, 184]], '보진물 데가까이 여기다가 들이대애애애앗!', 0.4988272297169682), ([[543, 185], [579, 185], [579, 203], [543, 203]], '부요', 0.10145001757250034), ([[560, 186], [596, 186], [596, 210], [560, 210]], '흙육', 0.18144839439616983), ([[618, 182], [878, 182], [878, 214], [618, 214]], '휴우우옷; 부휴휴우우우웃하 ,', 0.1831649926196107), ([[21.23076923076923, 89.15384615384616], [64.90174286297344, 95.38082790507842], [61.76923076923077, 116.84615384615384], [18.09825713702656, 110.61917209492158]], '아69', 0.05334550159749808), ([[21.257218647291793, 120.14304661822948], [74.9424216881962, 127.5235569444047], [71.7427813527082, 148.85695338177052], [18.057578311803788, 141.4764430555953]], '하아.', 0.12799472536187956)]
[([[948, 14], [1040, 14], [1040, 46], [948, 46]], "'부휴휴춧", 0.28927884078793215), ([[1058, 14], [1190, 14], [1190, 44], [1058, 44]], '이제 이 마을에', 0.5193225019823624), ([[915, 43], [1187, 43], [1187, 79], [915, 79]], '있는 엘프는 이 애로 끝이네에  ', 0.32957765372991), ([[992, 77], [1176, 77], [1176, 108], [992, 108]], '아직 더 박고 싶어어;', 0.3600179097851389), ([[960, 110], [1170, 110], [1170, 140], [960, 140]], "'다음 마을로 가도록 해요", 0.7497136443565592), ([[914, 142], [974, 142], [974, 168], [914, 168]], '부히횟', 0.20336066005207315), ([[994, 142], [1186, 142], [1186, 170], [994, 170]], '이 지치지 압는 체력 @', 0.15671665122809791), ([[1030, 169], [1153, 169], [1153, 207], [1030, 207]], '환상적이에요', 0.9948999362008781), ([[1020, 204], [1186, 204], [1186, 234], [1020, 234]], '빨리 모든 엘프흘.', 0.32369005896369013), ([[900, 236], [1164, 236], [1164, 266], [900, 266]], '약소종속올 진화시켜취켓어요 @', 0.16039364488460203), ([[948, 266], [1168, 266], [1168, 298], [948, 298]], '엘프 공주로서 말이에요오', 0.8445421872206049), ([[1024, 295], [1163, 295], [1163, 331], [1024, 331]], '부휴휴휴휴휴%', 0.28009712760392186)]
