853995
23
[([[13, 11], [349, 11], [349, 143], [13, 143]], '-.어-히', 0.001405583768591168), ([[137, 895], [211, 895], [211, 911], [137, 911]], '1#숙팀7여응 퍽>', 7.332404406633255e-06), ([[25, 891], [121, 891], [121, 929], [25, 929]], '묘스물', 0.055556618988575945), ([[51, 923], [117, 923], [117, 937], [51, 937]], "4괴신-7 이내'", 0.0018451843627972238), ([[124, 906], [264, 906], [264, 938], [124, 938]], '스스스쪽-:렁가', 0.0001684003534674895), ([[19, 935], [57, 935], [57, 955], [19, 955]], '역자', 0.9972238213117185), ([[66, 934], [106, 934], [106, 960], [66, 960]], '푸딩', 0.7625988245342655), ([[124, 934], [166, 934], [166, 958], [124, 958]], '식자', 0.9999265809793179), ([[174, 934], [248, 934], [248, 958], [174, 958]], '굉코코야', 0.27124063957618494)]
[]
[([[252, 424], [434, 424], [434, 502], [252, 502]], '-.어히', 0.002111350651830435)]
[]
[([[385, 109], [421, 109], [421, 123], [385, 123]], '한라면', 0.24760436524755403), ([[385, 151], [421, 151], [421, 167], [385, 167]], '털지는', 0.564839357193773), ([[379, 179], [423, 179], [423, 195], [379, 195]], '있켓지?', 0.10295890226449328), ([[597, 619], [623, 619], [623, 633], [597, 633]], '나른', 0.28517362277483976), ([[64, 600], [92, 600], [92, 668], [64, 668]], '유', 0.649378514692728), ([[566, 632], [630, 632], [630, 664], [566, 664]], '그런 거라고', 0.9384393930623635), ([[559, 663], [599, 663], [599, 677], [559, 677]], '데로한', 0.3413250093193539), ([[555, 677], [581, 677], [581, 693], [555, 693]], '모습', 0.9999567576072741), ([[559, 691], [597, 691], [597, 709], [559, 709]], '어슬럽', 0.5071129822632756), ([[559, 707], [597, 707], [597, 723], [559, 723]], '어슬럽', 0.24040756343557135), ([[577, 721], [601, 721], [601, 735], [577, 735]], '다니', 0.9868339046739923), ([[565, 735], [605, 735], [605, 749], [565, 749]], '파맡야', 0.27603375505428046)]
[([[435, 111], [459, 111], [459, 127], [435, 127]], '한기', 0.9965985074683149), ([[421, 219], [443, 219], [443, 233], [421, 233]], '약 ,', 0.2935822308063507), ([[399, 233], [451, 233], [451, 247], [399, 247]], '10 초내로', 0.36116923783446436), ([[409, 247], [445, 247], [445, 261], [409, 261]], '보지루', 0.6115977958411938), ([[395, 261], [447, 261], [447, 277], [395, 277]], '육씬 거리', 0.4557129559131484), ([[407, 275], [443, 275], [443, 291], [407, 291]], '만드는', 0.9899876041438465), ([[397, 291], [455, 291], [455, 305], [397, 305]], '녀석이지 ', 0.3873408618390641), ([[591, 727], [615, 727], [615, 743], [591, 743]], '단해', 0.998695804273617), ([[567, 741], [615, 741], [615, 757], [567, 757]], '효과밥군', 0.825592041015625), ([[579, 757], [615, 757], [615, 771], [579, 771]], '이잡마', 0.30585707913741356)]
[([[577, 113], [625, 113], [625, 129], [577, 129]], '압듣다면', 0.11500364542007446), ([[573, 127], [621, 127], [621, 143], [573, 143]], '풀이 주도', 0.2924770601268689), ([[589, 143], [613, 143], [613, 155], [589, 155]], '카지', 0.11097739354287464), ([[341, 583], [379, 583], [379, 599], [341, 599]], '학같은', 0.23650309050991833), ([[344, 594], [376, 594], [376, 630], [344, 630]], '러핸', 0.005367210150640829), ([[335, 627], [371, 627], [371, 643], [335, 643]], '군하기', 0.20090106912980843), ([[55.3688575474865, 256.01812132626503], [136.20373638683114, 234.06606115295048], [190.6311424525135, 451.98187867373497], [109.79626361316886, 473.93393884704955]], '물', 0.02441024888299581)]
[([[79, 361], [103, 361], [103, 375], [79, 375]], '화 ', 0.43535257553929574), ([[69, 375], [105, 375], [105, 391], [69, 391]], '터말로', 0.2488122962893057), ([[69, 391], [107, 391], [107, 405], [69, 405]], '보지가', 0.9995525787364797), ([[55, 403], [117, 403], [117, 421], [55, 421]], '심상치 암게', 0.28787410974618427), ([[61, 419], [111, 419], [111, 435], [61, 435]], '되버럿는', 0.2821239233016968), ([[63, 789], [85, 789], [85, 805], [63, 805]], '용래', 0.5068686722717155), ([[73, 803], [99, 803], [99, 817], [73, 817]], '디고', 0.6485671078140999), ([[61, 819], [87, 819], [87, 835], [61, 835]], '외군', 0.5907937866181345), ([[61, 847], [99, 847], [99, 863], [61, 863]], '하지만', 0.8842438292498495)]
[([[591, 103], [619, 103], [619, 117], [591, 117]], '그0개', 0.8346520494074585), ([[589, 117], [623, 117], [623, 131], [589, 131]], '추가 ~', 0.8318252763546463), ([[61, 211], [109, 211], [109, 227], [61, 227]], '넘없다간', 0.6739919308561919), ([[63, 225], [87, 225], [87, 241], [63, 241]], '점말', 0.26669098511610456), ([[215, 451], [243, 451], [243, 467], [215, 467]], '13분', 0.4364206575755838), ([[516, 850], [544, 850], [544, 874], [516, 874]], '0', 0.9890065024261254), ([[569, 855], [595, 855], [595, 869], [569, 869]], '버리', 0.999950435665923)]
[([[362, 44], [386, 44], [386, 76], [362, 76]], '요', 0.09707024950911602), ([[577, 169], [613, 169], [613, 185], [577, 185]], '되는군', 0.6835164560353103), ([[531, 183], [555, 183], [555, 199], [531, 199]], '업계', 0.14044554060748582), ([[519, 197], [557, 197], [557, 211], [519, 211]], '되눈군', 0.2292332076817012), ([[249, 675], [273, 675], [273, 687], [249, 687]], '느끼', 0.2772867883939695), ([[247, 687], [277, 687], [277, 703], [247, 703]], '않아.', 0.8634032915772292), ([[33.17239411139763, 694.1792670450748], [58.92304789528165, 702.4505577442053], [52.82760588860237, 719.8207329549252], [27.076952104718355, 711.5494422557947]], ';벼', 0.006598688813007861)]
[([[133, 101], [193, 101], [193, 119], [133, 119]], '누가 너희들', 0.9169949386513137), ([[147, 117], [173, 117], [173, 133], [147, 133]], '가튼', 0.9577395829378468), ([[135, 131], [191, 131], [191, 147], [135, 147]], '너석들에계', 0.9951037404662678), ([[575, 129], [599, 129], [599, 145], [575, 145]], '나능', 0.16847304562180795), ([[143, 145], [177, 145], [177, 161], [143, 161]], '가버리', 0.9990537779862081), ([[575, 141], [599, 141], [599, 157], [575, 157]], '지지', 0.9993375158330261), ([[141, 161], [185, 161], [185, 173], [141, 173]], '까라아 -', 0.29192919302377035), ([[575, 157], [599, 157], [599, 171], [575, 171]], '아니', 0.9907337433229473), ([[85, 215], [121, 215], [121, 231], [85, 231]], '까불지', 0.7766965798928084), ([[88, 232], [116, 232], [116, 240], [88, 240]], '마아_', 0.2888317108154297), ([[571, 429], [621, 429], [621, 445], [571, 445]], '까고핑네', 0.2749922531875649), ([[221, 425], [237, 425], [237, 463], [221, 463]], '호', 0.0025146364936171756), ([[571, 457], [597, 457], [597, 471], [571, 471]], '가버', 0.9168754723707699), ([[279, 473], [323, 473], [323, 487], [279, 487]], '그만두어', 0.9961655735969543), ([[279, 487], [323, 487], [323, 503], [279, 503]], '그런결로', 0.9170349760879968), ([[277, 501], [313, 501], [313, 517], [277, 517]], '찌르지', 0.8887913419046896), ([[277, 515], [309, 515], [309, 529], [277, 529]], '마아-', 0.9940972476566892), ([[277, 657], [311, 657], [311, 673], [277, 673]], '들료오', 0.3339053279004429), ([[277, 671], [325, 671], [325, 685], [277, 685]], '나 스스로', 0.8879597470906773), ([[275, 687], [311, 687], [311, 701], [275, 701]], '이런거', 0.9965818073918201), ([[275, 699], [333, 699], [333, 715], [275, 715]], '하리가아 .', 0.2244581721733865), ([[571, 743], [622, 743], [622, 864], [571, 864]], '숲', 0.8191257153477096)]
[([[143, 93], [187, 93], [187, 109], [143, 109]], '들려어 ', 0.6049834489822388), ([[571, 113], [613, 113], [613, 129], [571, 129]], '은기나?', 0.5246684220771838), ([[105, 127], [129, 127], [129, 139], [105, 139]], '나;_', 0.5416070618250765), ([[577, 129], [603, 129], [603, 145], [577, 145]], '스스', 0.9998514777365001), ([[577, 141], [613, 141], [613, 159], [577, 159]], '어리클', 0.0910031251286364), ([[95, 153], [141, 153], [141, 169], [95, 169]], '아무거도', 0.9978793263435364), ([[577, 155], [613, 155], [613, 173], [577, 173]], '흔들고', 0.21657679379860192), ([[105, 169], [131, 169], [131, 183], [105, 183]], '하고', 0.9972666921516239), ([[589, 171], [615, 171], [615, 187], [589, 187]], '말야', 0.7059615233503125), ([[91, 183], [145, 183], [145, 199], [91, 199]], '있지아나.', 0.1631270570200384), ([[41, 241], [101, 241], [101, 259], [41, 259]], '너희들 같온', 0.4657713568427548), ([[53, 257], [87, 257], [87, 271], [53, 271]], '하차는', 0.945111852795211), ([[47, 271], [95, 271], [95, 287], [47, 287]], '것드레게', 0.6543772220611572), ([[49, 285], [95, 285], [95, 301], [49, 301]], '구라거나', 0.9581491947174072), ([[57, 299], [83, 299], [83, 313], [57, 313]], '하지', 0.9974989115623232), ([[49, 315], [91, 315], [91, 329], [49, 329]], '아니아-', 0.8417708873748779), ([[527, 523], [615, 523], [615, 621], [527, 621]], '푹탕', 0.014532759871222505), ([[52, 586], [168, 586], [168, 686], [52, 686]], '4', 0.01621573843800661), ([[493.4419223361707, 726.0194894072413], [554.7457110507714, 717.1927922451613], [576.5580776638293, 884.9805105927587], [515.2542889492286, 893.8072077548387]], '평', 0.01930426329372481)]
[([[587, 89], [611, 89], [611, 103], [587, 103]], '모두', 0.9811698057051352), ([[585, 103], [611, 103], [611, 119], [585, 119]], '자지', 0.9983422614231942), ([[591, 117], [617, 117], [617, 133], [591, 133]], '맡아', 0.8308789911039074), ([[587, 131], [621, 131], [621, 147], [587, 147]], '묻다면', 0.4172084629535675), ([[173, 161], [231, 161], [231, 177], [173, 177]], '세스의 맛을', 0.9675993157358197), ([[581, 161], [627, 161], [627, 177], [581, 177]], '덩어주지', 0.7690377831459045), ([[177, 173], [225, 173], [225, 187], [177, 187]], '기억하게', 0.8792505860328674), ([[183, 189], [219, 189], [219, 205], [183, 205]], '만들고', 0.9926031430269615), ([[173, 203], [231, 203], [231, 219], [173, 219]], '이런 짓율 .', 0.647685068471692), ([[115, 215], [153, 215], [153, 231], [115, 231]], '비겁한', 0.6954922492837198), ([[111, 229], [147, 229], [147, 245], [111, 245]], '너석들', 0.9993225123806251), ([[98, 398], [137, 398], [137, 416], [98, 416]], '게대로', 0.7944097047989339), ([[99, 415], [137, 415], [137, 429], [99, 429]], '입으로', 0.5755912748396192), ([[89, 429], [149, 429], [149, 445], [89, 445]], '부탁한다구', 0.5140456896187147), ([[257, 581], [289, 581], [289, 595], [257, 595]], '무와 ~', 0.4338846494103414), ([[255, 595], [305, 595], [305, 611], [255, 611]], '가당치도', 0.8332602381706238), ([[255, 607], [281, 607], [281, 625], [255, 625]], '않은', 0.43997701064126715), ([[255, 623], [293, 623], [293, 641], [255, 641]], '밝림녀', 0.822021915140652), ([[257, 821], [301, 821], [301, 839], [257, 839]], '들러어 .', 0.651916358849999), ([[255, 851], [303, 851], [303, 867], [255, 867]], '아라드름', 0.272647887468338), ([[257, 865], [313, 865], [313, 879], [257, 879]], '위해서어 ,', 0.3072053408202083)]
[([[505, 109], [533, 109], [533, 178], [505, 178]], '%', 0.024158481511471486), ([[503, 175], [519, 175], [519, 199], [503, 199]], '쇼', 0.03345019576395658), ([[591, 231], [615, 231], [615, 247], [591, 247]], '단해', 0.9991005361917881), ([[81, 279], [105, 279], [105, 293], [81, 293]], '빨리', 0.9574744090454188), ([[75, 293], [111, 293], [111, 309], [75, 309]], '이쪽도', 0.2375594067621937), ([[75, 307], [111, 307], [111, 321], [75, 321]], '하라고', 0.7517371166372178), ([[492, 257], [528, 257], [528, 350], [492, 350]], '(', 0.09386492653362666), ([[557, 287], [605, 287], [605, 305], [557, 305]], '탑하는군', 0.11010943353176117), ([[75, 557], [97, 557], [97, 571], [75, 571]], '싫어', 0.1131922424315877), ([[583, 553], [613, 553], [613, 569], [583, 569]], '반탓:', 0.13660880310332768), ([[579, 739], [605, 739], [605, 755], [579, 755]], '밀어', 0.4532300041798561), ([[364.4913427360585, 232.0324733412566], [398.99133299993053, 228.12478918208973], [410.5086572639415, 317.9675266587434], [375.00866700006947, 321.8752108179103]], '$', 0.02946585314420802), ([[323.74883962716774, 554.015833054625], [343.86380987514815, 558.1961617313083], [328.25116037283226, 636.984166945375], [308.13619012485185, 632.8038382686917]], '중', 0.3365961633466128)]
[([[65, 191], [91, 191], [91, 205], [65, 205]], '뭐!?', 0.14449393406732958), ([[337, 303], [353, 303], [353, 361], [337, 361]], '"', 0.12024884621567722), ([[134, 370], [158, 370], [158, 394], [134, 394]], '4소', 0.5510049008285904), ([[585, 519], [619, 519], [619, 533], [585, 533]], '구메거', 0.18263431572584699), ([[585, 531], [621, 531], [621, 547], [585, 547]], '멈 대니', 0.129923477768898), ([[587, 561], [621, 561], [621, 577], [587, 577]], '거지?', 0.8020341333197318), ([[583.4700010599968, 545.152001695995], [609.9377487607237, 548.6526856441764], [607.5299989400032, 562.847998304005], [581.0622512392763, 559.3473143558236]], '피로', 0.20496853073766483), ([[334.9859597468732, 569.2761315696845], [352.44324220717795, 556.0497342884171], [379.0140402531268, 589.7238684303155], [361.55675779282205, 603.9502657115829]], '?', 0.9603035422703812)]
[([[593, 75], [617, 75], [617, 87], [593, 87]], '리! !', 0.9018155336380005), ([[459, 717], [479, 717], [479, 743], [459, 743]], '몸', 0.04377936529726867), ([[541, 801], [589, 801], [589, 817], [541, 817]], '원화다면', 0.1712374366917282), ([[557, 817], [585, 817], [585, 831], [557, 831]], '원해', 0.9876309307921123), ([[547, 831], [583, 831], [583, 845], [547, 845]], '보리고', 0.9998903617592058), ([[341.66502916445495, 393.018759563649], [363.3140543535541, 390.01648364123577], [376.33497083554505, 487.981240436351], [354.6859456464459, 490.98351635876423]], '"', 0.03183653849738821), ([[320.28445824720006, 677.0645203596004], [349.52865488036406, 667.0350883972694], [372.71554175279994, 739.9354796403996], [343.47134511963594, 749.9649116027306]], '물', 0.040119209761116714), ([[436.2365201021611, 779.0987763882121], [459.54626778054694, 771.0501539850466], [476.7634798978389, 822.9012236117879], [453.45373221945306, 830.9498460149534]], '콩', 0.34035731157760907)]
[([[589, 95], [623, 95], [623, 111], [589, 111]], '원해요', 0.999757187531419), ([[551, 105], [579, 105], [579, 121], [551, 121]], '좀더', 0.8978637242258171), ([[537, 119], [597, 119], [597, 137], [537, 137]], '깊온 곳까지', 0.6492896644812035), ([[541, 133], [589, 133], [589, 151], [541, 151]], '쓰컷4럽', 0.1755649447441101), ([[537, 149], [593, 149], [593, 165], [537, 165]], '해주세요9', 0.105585172120485), ([[103, 439], [139, 439], [139, 455], [103, 455]], '이녀석', 0.5428757114788432), ([[97, 455], [145, 455], [145, 471], [97, 471]], '자진해서', 0.9775922894477844), ([[101, 469], [139, 469], [139, 483], [101, 483]], '터부터', 0.4715092727942182), ([[91, 483], [151, 483], [151, 499], [91, 499]], '달려 드는데', 0.8974485327458611), ([[585, 659], [609, 659], [609, 673], [585, 673]], '오요', 0.5613919159480528), ([[303, 675], [353, 675], [353, 691], [303, 691]], '보지 멋저', 0.6712940900844447), ([[589, 673], [615, 673], [615, 689], [589, 689]], '매널', 0.48042673891964083), ([[303, 687], [353, 687], [353, 705], [303, 705]], '기분좋아', 0.7283890202700367), ([[63.68601123313968, 151.012342660874], [96.29119609660073, 146.01061347657006], [119.31398876686032, 285.98765733912603], [86.70880390339927, 290.98938652342997]], '"', 0.07481791443951025)]
[([[569, 95], [607, 95], [607, 111], [569, 111]], '사용해', 0.6193802952766418), ([[581, 111], [617, 111], [617, 127], [581, 127]], '빨리고', 0.5996207667380373)]
[([[129, 75], [155, 75], [155, 89], [129, 89]], '화화', 0.880636383263691), ([[117, 103], [165, 103], [165, 119], [117, 119]], '질내사점', 0.6972909824216911), ([[117, 117], [165, 117], [165, 133], [117, 133]], '담해버린', 0.6654722690582275), ([[105, 133], [175, 133], [175, 149], [105, 149]], '보지붕니다 =', 0.18745323806398007), ([[505, 303], [565, 303], [565, 319], [505, 319]], '아라드군 ~', 0.7353482568984863), ([[505, 317], [565, 317], [565, 333], [505, 333]], '계오리빵이', 0.291504428744912), ([[501, 331], [561, 331], [561, 347], [501, 347]], '합락되다 고', 0.507299226094354), ([[503, 485], [521, 485], [521, 561], [503, 561]], '유', 0.17994247810213526), ([[581, 779], [635, 779], [635, 797], [581, 797]], '미안해호', 0.5009999871253967), ([[103, 789], [145, 789], [145, 803], [103, 803]], '셋스에', 0.30272844433784485), ([[581, 797], [633, 797], [633, 813], [581, 813]], '아라드으', 0.8227928876876831), ([[97, 805], [149, 805], [149, 821], [97, 821]], '저버력어', 0.1905217170715332), ([[103, 821], [131, 821], [131, 837], [103, 837]], '요오', 0.9995225938845509)]
[([[56, 514], [128, 514], [128, 538], [56, 538]], '하논화 손', 0.01677759420374509), ([[59, 559], [135, 559], [135, 579], [59, 579]], '논58채73', 0.02184477882732996), ([[61, 595], [89, 595], [89, 611], [61, 611]], '손부', 0.049124109394582054), ([[59, 607], [306, 607], [306, 627], [59, 627]], '+(<8예2.6#7+83초3< 8용) *화', 0.0022095246813936356), ([[61, 627], [429, 627], [429, 643], [61, 643]], '{로3다]. "모;6끼  [ 속초 언9톱**이군[  가#오}-<0\'30)7하+;', 5.114732382722579e-06), ([[61, 643], [235, 643], [235, 659], [61, 659]], '*312823126048< 군0', 0.02598191770896115), ([[59, 675], [415, 675], [415, 693], [59, 693]], "'초꽂-#+#교<50가1< :*여30듯-*+<소< 다 손풍한스*#", 1.153571058711729e-05), ([[58, 688], [446, 688], [446, 712], [58, 712]], "913')77+-3+0 소기#다(('싶국준+-?<*50(백0디하", 0.0002673283041951943), ([[57, 705], [427, 705], [427, 725], [57, 725]], '존다어#다 { < #순통좀 {표-쇼껴순+-2<+ 52 <중도스하 (*다', 9.944353479774704e-05), ([[59, 739], [217, 739], [217, 757], [59, 757]], "8534타분#논0'373제<화_", 0.0015913996934249356), ([[61, 754], [265, 754], [265, 773], [61, 773]], '<규+#훈쫓내< <후47073', 0.0006368889593799399), ([[59, 771], [85, 771], [85, 787], [59, 787]], '초?', 0.5831018419613997), ([[95, 770], [267, 770], [267, 790], [95, 790]], '#온트#(< 중토#(732<', 0.010178154761444444), ([[61, 805], [177, 805], [177, 821], [61, 821]], '20스추한0 본*', 0.004643143983483699), ([[185, 805], [235, 805], [235, 819], [185, 819]], "0'3*)", 0.2281814675177849), ([[245, 805], [293, 805], [293, 821], [245, 821]], '7화2 1', 0.030423675767693975), ([[305, 803], [375, 803], [375, 821], [305, 821]], '주17)"!', 0.16475046335022572), ([[61, 869], [253, 869], [253, 885], [61, 885]], '7*1*0*73숲"내겨내+ 5', 0.012611379610816723), ([[59, 883], [129, 883], [129, 901], [59, 901]], '주그77"1', 0.5098439312807456)]
[([[320, 122], [368, 122], [368, 520], [320, 520]], '{', 0.22245240535117095), ([[321, 513], [365, 513], [365, 657], [321, 657]], '꽃', 0.022213645206964117), ([[240, 724], [266, 724], [266, 750], [240, 750]], '1', 0.2148509196811199), ([[278, 724], [354, 724], [354, 750], [278, 750]], '춥05', 0.015250009597897159), ([[242, 748], [268, 748], [268, 774], [242, 774]], '푹톱', 0.0270556153347158), ([[278, 748], [400, 748], [400, 772], [278, 772]], '4주:4-어7', 0.09530187350871289), ([[242, 770], [360, 770], [360, 796], [242, 796]], '1 손[-6먼리]', 0.004872710754172868), ([[242, 794], [442, 794], [442, 820], [242, 820]], '푹뒷수하다:2011485148', 0.0071395765663277875), ([[242, 819], [446, 819], [446, 844], [242, 844]], "'~째+서-++만://;커나칭라,~+/", 9.870750338065009e-06), ([[242, 842], [454, 842], [454, 866], [242, 866]], '디지하.랗 (#)긋타-폐타#', 8.742689025045482e-05), ([[242, 866], [402, 866], [402, 890], [242, 890]], '183* #료롭껑-', 0.004923001385025038)]
[([[227, 433], [452, 433], [452, 490], [227, 490]], '스-호-:어7', 0.012586166369467525), ([[281, 483], [393, 483], [393, 503], [281, 503]], '룹(+살/;커나*3,마안+', 9.239222725977446e-06)]
[([[15, 9], [209, 9], [209, 89], [15, 89]], '역자 후기', 0.9963585390772566), ([[364, 36], [412, 36], [412, 64], [364, 64]], '역자', 0.9983912394022698), ([[422, 36], [470, 36], [470, 64], [422, 64]], '푸딩', 0.9621696465934488), ([[38, 96], [164, 96], [164, 128], [38, 128]], '처녀작입니다.', 0.8366817160425577), ([[37, 121], [209, 121], [209, 157], [37, 157]], '이제부터 처녀상실', 0.9853572022263283), ([[17, 378], [206, 378], [206, 454], [17, 454]], '식자 후기', 0.9983554845248097), ([[362, 400], [410, 400], [410, 426], [362, 426]], '식자', 0.9998897456245891), ([[424, 400], [510, 400], [510, 428], [424, 428]], '림고코아', 0.35097894072532654), ([[38, 464], [314, 464], [314, 496], [38, 496]], '뭐지 이 죄 지은 듯한 느낌은?.', 0.7760950690053641), ([[38, 830], [616, 830], [616, 862], [38, 862]], '번역팀 아르카나에서 함께 작업하실 역자, 식자남올 모집합니다.', 0.5154541064056738), ([[37, 855], [279, 855], [279, 891], [37, 891]], '만약 관심이있으신 분들은', 0.8971040532905129), ([[36, 884], [524, 884], [524, 916], [36, 916]], '+@하어`하*<하,히@9가히지 <|값 로 연락주시기 바람니다.', 4.015723071909109e-05), ([[72, 910], [572, 910], [572, 940], [72, 940]], '2차 배포는 얼마듣지 환영합니다, 다만 표지의 역, 식자이름과', 0.2960063059795712), ([[74, 934], [604, 934], [604, 964], [74, 964]], '후기 폐이지는 그대로 남겨주시고 배포해 주시면 감사하켓습니다.', 0.4746744911161821), ([[617, 971], [691, 971], [691, 985], [617, 985]], '11.10.11 17*54', 0.6444093299919021), ([[18.147035781551683, 759.2175502825171], [154.87493757853125, 747.9091280524442], [156.8529642184483, 816.7824497174829], [20.125062421468748, 828.0908719475558]], '팀정보', 0.9968442609404521)]
