855272
15
[([[1842, 57], [1958, 57], [1958, 99], [1842, 99]], '0토묘', 0.009042352882041329), ([[51, 49], [594, 49], [594, 159], [51, 159]], '[] 갚즌', 0.00015357825069510587), ([[1809, 83], [1990, 83], [1990, 242], [1809, 242]], '70', 0.5753626450230565), ([[1808, 226], [1998, 226], [1998, 266], [1808, 266]], '46. 어사나', 0.004510216245620368), ([[3, 372], [277, 372], [277, 493], [3, 493]], '역지용6', 0.008833220228552818), ([[17, 489], [417, 489], [417, 617], [17, 617]], '심차용관류콩', 0.011638355163777247), ([[7, 2434], [982, 2434], [982, 2595], [7, 2595]], '오무소 주구요의로', 0.0322818353700783), ([[279, 2566], [989, 2566], [989, 2718], [279, 2718]], '법어_다눈 어', 0.0569198222860467), ([[444, 2687], [1029, 2687], [1029, 2840], [444, 2840]], '사인가9?', 0.12737272563251298), ([[106, 2830], [514, 2830], [514, 2880], [106, 2880]], '"648형 +형', 0.004321360927040399), ([[558, 2828], [940, 2828], [940, 2880], [558, 2880]], '결-서하풀', 0.00042155112838198895)]
[([[14, 52], [620, 52], [620, 215], [14, 215]], '[문 권여다}', 0.010124306462881844), ([[16, 2311], [910, 2311], [910, 2488], [16, 2488]], '눈이국청3숫육', 0.0001701858397330977), ([[271, 2424], [1015, 2424], [1015, 2586], [271, 2586]], '{:36어 5', 0.007643321009612163), ([[385, 2554], [971, 2554], [971, 2693], [385, 2693]], '"하히?0', 0.0002273746682555768), ([[117, 2689], [505, 2689], [505, 2742], [117, 2742]], '진형3 +홍명형', 2.1048466399823418e-05), ([[542, 2687], [904, 2687], [904, 2742], [542, 2742]], '64,-서}하7', 8.197010016825707e-05)]
[([[51, 350], [144, 350], [144, 517], [51, 517]], '출톱', 0.009380221051884753), ([[55, 530], [95, 530], [95, 610], [55, 610]], '앞', 0.1730943183592979), ([[100, 532], [140, 532], [140, 693], [100, 693]], '영', 0.000971042109267909), ([[55, 633], [97, 633], [97, 754], [55, 754]], '쭉', 0.14112043727664414), ([[100, 710], [138, 710], [138, 869], [100, 869]], '물', 0.044063048620021306), ([[55, 773], [95, 773], [95, 981], [55, 981]], '품', 0.007833613744668233), ([[100, 888], [140, 888], [140, 1121], [100, 1121]], '푹', 0.0040424778437122555), ([[100, 1146], [138, 1146], [138, 1265], [100, 1265]], '볶', 0.003415059416270516), ([[120, 2512], [162, 2512], [162, 2581], [120, 2581]], '@', 0.2999780842492896)]
[([[86, 1886], [185, 1886], [185, 2060], [86, 2060]], '꿀', 0.01611381203833062), ([[87, 2065], [182, 2065], [182, 2158], [87, 2158]], '올어', 0.09568214896587468), ([[83, 2162], [191, 2162], [191, 2355], [83, 2355]], '십', 0.002873315257125031)]
[([[1911, 2303], [1949, 2303], [1949, 2383], [1911, 2383]], '빨', 0.9262229750807514), ([[1857, 2303], [1899, 2303], [1899, 2464], [1857, 2464]], '줄', 0.8652155628455525), ([[1911, 2404], [1951, 2404], [1951, 2487], [1911, 2487]], '젖', 0.84847400113064), ([[1855, 2476], [1956, 2476], [1956, 2633], [1855, 2633]], '훌륭', 0.01744537085059392), ([[1860, 2620], [1897, 2620], [1897, 2700], [1860, 2700]], '들', 0.0498165940408859)]
[([[89, 170], [182, 170], [182, 342], [89, 342]], '콜쩍', 0.005507569225027235), ([[91, 353], [136, 353], [136, 474], [91, 474]], '춤', 0.34419782269310417), ([[141, 276], [180, 276], [180, 477], [141, 477]], '"', 0.025924852577774438), ([[92, 490], [184, 490], [184, 621], [92, 621]], '인설', 0.12102097687219221), ([[138, 597], [180, 597], [180, 732], [138, 732]], '닭', 0.03446705893787172), ([[143, 746], [180, 746], [180, 867], [143, 867]], '평', 0.012180035981979254)]
[([[1857, 2210], [1958, 2210], [1958, 2381], [1857, 2381]], '출출', 0.044879141941348975), ([[1862, 2393], [1902, 2393], [1902, 2475], [1862, 2475]], '화', 0.9936641993998627), ([[1914, 2316], [1953, 2316], [1953, 2475], [1914, 2475]], '곁', 0.003952639186479756), ([[1857, 2488], [1961, 2488], [1961, 2660], [1857, 2660]], ']빛', 0.004551151495013592), ([[1914, 2634], [1953, 2634], [1953, 2793], [1914, 2793]], '@', 0.18109387955004141)]
[([[1873, 916], [1976, 916], [1976, 1092], [1873, 1092]], '꿀플', 0.03544601937559848), ([[1875, 1060], [1979, 1060], [1979, 1193], [1875, 1193]], '꿀햇', 0.10206037939255473), ([[1882, 1207], [1920, 1207], [1920, 1290], [1882, 1290]], '올', 0.9998476563305445), ([[1934, 1205], [1974, 1205], [1974, 1337], [1934, 1337]], '뜻', 0.37392899999037255), ([[738, 1716], [805, 1716], [805, 1866], [738, 1866]], '?', 0.2901793072851433)]
[([[1885, 2016], [1943, 2016], [1943, 2042], [1885, 2042]], '8', 0.4524015457722186)]
[([[790, 835], [915, 835], [915, 866], [790, 866]], '~ 주다 :', 0.005344016594609576), ([[1164, 1284], [1200, 1284], [1200, 1326], [1164, 1326]], '0', 0.9993668605020503), ([[87, 2097], [195, 2097], [195, 2342], [87, 2342]], '맵', 0.001998112685748357), ([[99, 2281], [132, 2281], [132, 2326], [99, 2326]], '두', 0.999932886296083), ([[91, 2325], [194, 2325], [194, 2523], [91, 2523]], '7뜩', 0.0004836070784102231), ([[147, 2550], [190, 2550], [190, 2710], [147, 2710]], '}', 0.009421062050565476), ([[1527.0212231316566, 324.01996672558613], [1714.3080366983556, 366.48175936996523], [1654.9787768683434, 616.9800332744138], [1467.6919633016444, 575.5182406300348]], '극', 0.009869745545147746)]
[]
[([[666, 374], [721, 374], [721, 440], [666, 440]], '다', 0.0012525876890993187), ([[116, 1196], [200, 1196], [200, 1368], [116, 1368]], '출영', 0.007882921699447614), ([[120, 1383], [158, 1383], [158, 1463], [120, 1463]], '일', 0.7008217816703031), ([[120, 1484], [158, 1484], [158, 1566], [120, 1566]], '달', 0.9728252981678907), ([[159, 1380], [198, 1380], [198, 1542], [159, 1542]], ']', 0.0039654073174145155), ([[672, 1527], [736, 1527], [736, 1566], [672, 1566]], '2"_', 0.04237663433725587), ([[159, 1558], [196, 1558], [196, 1679], [159, 1679]], '틈', 0.0542356189987494), ([[118, 1585], [158, 1585], [158, 1778], [118, 1778]], '#', 0.17743334728436455)]
[([[602, 58], [904, 58], [904, 122], [602, 122]], '[.주^9크]', 0.0007282203557466613), ([[1229, 121], [1840, 121], [1840, 175], [1229, 175]], "이번에는   '가르처쥐 가루코 양_ 올 그려보만습니다", 0.2329629915057408), ([[1232, 177], [1436, 177], [1436, 221], [1232, 221]], '가루코 양 귀여워.', 0.7227370349145664), ([[1231, 229], [1264, 229], [1264, 260], [1231, 260]], '이', 0.999274266356057), ([[1262, 221], [1945, 221], [1945, 271], [1262, 271]], '머리카라을 매주 그리고 있는 스조키 렌지 선생님 굉장하다!', 0.27732113090242866), ([[1229, 315], [2013, 315], [2013, 366], [1229, 366]], '이번에는 프레임 없이 자동으로 해빛지만 역시 의성 정도는 잇는 편이', 0.3344774830301219), ([[1232, 368], [1366, 368], [1366, 412], [1232, 412]], '야발지도 ', 0.18548516965937537), ([[501, 307], [563, 307], [563, 621], [501, 621]], '@', 0.12751424456070382), ([[1226, 459], [1599, 459], [1599, 510], [1226, 510]], '다음에 할 수 있으면 가루코 양"', 0.2143386522033206), ([[1248, 777], [1967, 777], [1967, 817], [1248, 817]], '{촌------" ! ! 1*--4---! !', 0.1557059878141065), ([[1243, 827], [1287, 827], [1287, 864], [1243, 864]], '08', 0.1325272236534656), ([[1308, 827], [1355, 827], [1355, 864], [1308, 864]], '칭8', 0.07348022824958055), ([[1376, 827], [1573, 827], [1573, 864], [1376, 864]], '08 ! 08 ! 8 !', 0.277607574527494), ([[1594, 825], [1913, 825], [1913, 867], [1594, 867]], '(옆지70-7 91- ! )', 0.16686191422824315), ([[397, 1405], [855, 1405], [855, 1447], [397, 1447]], '6팀07-)+스)우""', 0.003409178243461283), ([[412, 1452], [855, 1452], [855, 1496], [412, 1496]], '[그= "스-[51- 한`#니*', 0.0024417386959037384), ([[399, 1500], [572, 1500], [572, 1539], [399, 1539]], '~-)(-0', 0.24330010634532934), ([[397, 1547], [867, 1547], [867, 1589], [397, 1589]], '#]#한우+ )17-5+ 간7. >', 0.019708444706035416), ([[415, 1596], [646, 1596], [646, 1638], [415, 1638]], '(소규710**6', 0.1267438257878433), ([[397, 1641], [869, 1641], [869, 1683], [397, 1683]], '1--편`떤?*나8 02)', 0.0012586886593511611), ([[211, 1964], [514, 1964], [514, 2044], [211, 2044]], '* 5빠록(다*', 0.015512486533414862), ([[266, 2109], [397, 2109], [397, 2181], [266, 2181]], '#소', 0.31436450760064355), ([[439, 2109], [1625, 2109], [1625, 2184], [439, 2184]], '4031하17 (간늦::511? (수십-하"?', 0.013575590424473025), ([[270, 2176], [402, 2176], [402, 2253], [270, 2253]], '일수주', 0.016148674249731047), ([[435, 2178], [849, 2178], [849, 2253], [435, 2253]], '#(주7-놀', 0.007389741645034094), ([[270, 2248], [451, 2248], [451, 2325], [270, 2325]], '높수70', 0.15342570841312408), ([[493, 2251], [875, 2251], [875, 2327], [493, 2327]], '2015385760', 0.13406426924362735), ([[271, 2326], [398, 2326], [398, 2394], [271, 2394]], ')]', 0.7389800982339249), ([[441, 2320], [849, 2320], [849, 2400], [441, 2400]], '군 야 > 낙5런4규', 0.02507226571167761), ([[890, 2326], [1010, 2326], [1010, 2392], [890, 2392]], '+앉', 0.10598925572944963), ([[394, 2412], [1036, 2412], [1036, 2463], [394, 2463]], '"시퍼{로+ 색#*(연(#어 니향(소" ', 0.00018335449222491238), ([[335, 2531], [636, 2531], [636, 2584], [335, 2584]], '#타뀌--그뿐', 0.006644519775378592), ([[664, 2529], [1043, 2529], [1043, 2584], [664, 2584]], '한65[3*소 . 쭉', 0.005802992685948371), ([[214, 2582], [1030, 2582], [1030, 2639], [214, 2639]], '#; 훌++ ://들들내. [쇄"하;+0산|.$하`신,히"_. ;0/', 9.7060220501212e-07), ([[1080, 2581], [1828, 2581], [1828, 2636], [1080, 2636]], '(~"??_내지5* -00)쨌+0)초(초)', 0.004249237705730856), ([[214, 2635], [373, 2635], [373, 2686], [214, 2686]], '[-페리1;', 0.001930809201149526), ([[385, 2637], [780, 2637], [780, 2688], [385, 2688]], '[갚"하;+0감@톤물히;|.;0프', 1.0906706360063487e-06), ([[216, 2687], [589, 2687], [589, 2740], [216, 2740]], '-감;++서<:@~형"하;+0산', 3.46541679761708e-05), ([[214, 2738], [566, 2738], [566, 2789], [214, 2789]], '익*;차 :1/-231479', 0.010958999624365029)]
[([[433, 779], [1166, 779], [1166, 905], [433, 905]], '수@연@@', 0.0011982563910535912), ([[1194, 807], [1408, 807], [1408, 900], [1194, 900]], '유@', 0.010594472327802765), ([[505, 880], [1492, 880], [1492, 1039], [505, 1039]], '@오제 0%@5', 0.0004193670821973974), ([[648, 1014], [1304, 1014], [1304, 1143], [648, 1143]], '8.6885', 0.003526724918522605), ([[566, 1250], [1373, 1250], [1373, 1377], [566, 1377]], '@선 요빌4더', 2.0555961668665028e-05), ([[311, 1606], [1649, 1606], [1649, 1759], [311, 1759]], '어997하~', 0.003964582272996378)]
[([[950, 428], [1119, 428], [1119, 532], [950, 532]], '후기', 0.9999758920877662), ([[431, 779], [1167, 779], [1167, 905], [431, 905]], '오@식갈@@@', 0.00038735866515747915), ([[1193, 804], [1412, 804], [1412, 901], [1193, 901]], '@', 0.17444109371074124), ([[504, 870], [1493, 870], [1493, 1041], [504, 1041]], '8292000', 0.006588691041604985), ([[638, 1010], [1306, 1010], [1306, 1144], [638, 1144]], '6836883', 0.025940369979138716), ([[567, 1245], [1379, 1245], [1379, 1386], [567, 1386]], '@더떤#?', 0.0019252228809585514), ([[199, 1379], [1877, 1379], [1877, 1503], [199, 1503]], '가루코 시리즈는 모르지만 그림체 취향직적이라', 0.6170002031430734), ([[770, 1501], [1281, 1501], [1281, 1623], [770, 1623]], '바로 잡아버림', 0.991405305176422), ([[311, 1606], [1649, 1606], [1649, 1756], [311, 1756]], '8 9우', 0.09324464770888666)]
