855818
78
[([[227, 0], [287, 0], [287, 37], [227, 37]], "'", 0.2526249287307678), ([[142, 302], [559, 302], [559, 420], [142, 420]], '술집의 튼면', 0.025023395539590862)]
[([[851, 107], [1165, 107], [1165, 151], [851, 151]], '에머 텔여움 용짜문이데', 0.03687500322522998), ([[868, 155], [1150, 155], [1150, 205], [868, 205]], '훨씬 @물 짧되 늄터6', 0.005424058426707197), ([[802, 250], [872, 250], [872, 282], [802, 282]], '하아', 0.9202766138963072), ([[595, 299], [665, 299], [665, 337], [595, 337]], '하아', 0.4225717297547988), ([[176, 360], [432, 360], [432, 409], [176, 409]], '@이늄 신령 씹체 마', 0.022568932748340275), ([[172, 412], [440, 412], [440, 460], [172, 460]], '사페보터} @깥음필픽', 0.0023487612223499097), ([[207, 462], [398, 462], [398, 514], [207, 514]], '괜습음페에80', 0.0024188139813632525)]
[([[849, 107], [1169, 107], [1169, 151], [849, 151]], '땀 햇웬 올테에하} 매타려', 0.007188480662116969), ([[897, 161], [1123, 161], [1123, 205], [897, 205]], "'떼 붐이  문섭대탕", 0.02969770983694857), ([[81, 419], [444, 419], [444, 463], [81, 463]], '만입움 웬해세 물에보눈권데', 0.07435428949070448), ([[142, 469], [384, 469], [384, 519], [142, 519]], '웬페 문이터물한터', 0.015574075231409294), ([[150, 522], [378, 522], [378, 570], [150, 570]], '소매밥음례 많아8', 0.08485672442765751)]
[([[879, 109], [1091, 109], [1091, 153], [879, 153]], '문@ 말통 어때공', 0.14012045690586114), ([[909, 163], [1053, 163], [1053, 207], [909, 207]], '테혜랗되0', 0.02854628557405067), ([[173, 623], [437, 623], [437, 667], [173, 667]], '손금만 터 매타련 표', 0.013614295854700644), ([[128, 676], [490, 676], [490, 725], [128, 725]], '보페물 제대로 엘에야되내해', 0.010667696719903062), ([[495, 953], [532, 953], [532, 1036], [495, 1036]], '술', 0.719493735745246), ([[822, 944], [854, 944], [854, 1022], [822, 1022]], '술', 0.3467417503967205), ([[152.65936159895017, 293.0145307077171], [186.46917974369566, 288.02761150337665], [204.34063840104983, 417.9854692922829], [170.53082025630434, 422.97238849662335]], '팀', 0.009615746931015468), ([[918.4933415398829, 403.02143017061843], [966.5516561085503, 398.20410806512075], [978.5066584601171, 532.9785698293816], [929.4483438914497, 536.7958919348793]], '줄', 0.319204320193478), ([[374.3446046887869, 501.03590266796056], [417.5066584601171, 487.02143017061843], [452.6553953112131, 603.9640973320394], [409.4933415398829, 616.9785698293816]], '꿀', 0.5731391987776533)]
[([[86, 236], [424, 236], [424, 285], [86, 285]], '크럼 마무래늄 용사-문예', 0.022725161654050693), ([[152, 290], [354, 290], [354, 338], [152, 338]], '뵙탕해몰하나이', 0.0320423920954044), ([[801, 477], [1135, 477], [1135, 521], [801, 521]], '책령숙 여쾌해 보델 싶에8', 0.04784435184426225), ([[768, 526], [1164, 526], [1164, 578], [768, 578]], '@퀴 제대원 햇닷물 입있문데8', 0.003339832195110633), ([[99, 673], [215, 673], [215, 783], [99, 783]], '칼 `', 0.12077514082193375), ([[606, 759], [662, 759], [662, 887], [606, 887]], '#', 0.04231481143870042), ([[311.51214287984317, 905.0238573744001], [352.0800773674167, 899.1180502992765], [365.48785712015683, 1016.9761426255999], [324.9199226325833, 1021.8819497007235]], '질', 0.03275874857741479)]
[([[127, 219], [337, 219], [337, 263], [127, 263]], '@ 냄새밥체 매0', 0.012152645792173665), ([[129, 271], [335, 271], [335, 316], [129, 316]], '눕@ 화3교야노', 0.001951973891807603), ([[517, 377], [589, 377], [589, 443], [517, 443]], '딴', 0.24109674202294684), ([[842, 396], [1115, 396], [1115, 449], [842, 449]], '훨씬 렌; 메해빠딩', 0.0012469656696024968), ([[542, 456], [624, 456], [624, 528], [542, 528]], '움', 0.17708490549285116), ([[818, 448], [1146, 448], [1146, 501], [818, 501]], '@ 해- 돼입 벌레터 마', 0.02361668649928017)]
[([[165, 317], [299, 317], [299, 403], [165, 403]], '움델', 0.10506253540505399), ([[959, 447], [1073, 447], [1073, 487], [959, 487]], '밑아앗@', 0.011081487871706486), ([[902, 508], [962, 508], [962, 536], [902, 536]], '@6', 0.5188357042763888), ([[965, 497], [1133, 497], [1133, 541], [965, 541]], '안팎하네하@', 0.0004893935853581062), ([[956, 562], [988, 562], [988, 590], [956, 590]], '현', 0.9832302059284217), ([[990, 552], [1082, 552], [1082, 600], [990, 600]], '빼퀴생', 0.030047678427096797), ([[224, 816], [280, 816], [280, 874], [224, 874]], '숲', 0.11647243398955709), ([[241, 877], [285, 877], [285, 925], [241, 925]], '명', 0.10231332477606347), ([[250, 928], [302, 928], [302, 980], [250, 980]], '틈', 0.5115955446055978), ([[473.45383724065573, 397.0299188899671], [513.7327433054473, 389.05398268823063], [535.5461627593443, 497.9700811100329], [496.2672566945527, 506.94601731176937]], '택', 0.012560269769876842)]
[([[48, 290], [516, 290], [516, 338], [48, 338]], '안 태@ 떼응 좋아물 내외 @닷문하@', 0.00037500270935818454), ([[98, 344], [462, 344], [462, 392], [98, 392]], '요중 마쓰웬 입원에3 @안해', 0.009309978521164892), ([[767, 386], [1152, 386], [1152, 441], [767, 441]], '렌]}: ~ @ 용균명 약해-){', 0.002593020981074806), ([[782, 442], [1132, 442], [1132, 492], [782, 492]], '폐컨터} @엷 또제문 입있문', 0.0004761221212697162), ([[590, 762], [652, 762], [652, 818], [590, 818]], '문', 0.42032077950047153), ([[620, 824], [680, 824], [680, 880], [620, 880]], '육', 0.11766780599495874), ([[400, 978], [450, 978], [450, 1026], [400, 1026]], '8', 0.0343304436128955), ([[503.1725097715042, 450.0490820806354], [551.5765468011888, 431.0237837056153], [592.8274902284958, 547.9509179193647], [544.4234531988112, 565.9762162943847]], '품', 0.40300617495916313)]
[([[552, 132], [842, 132], [842, 181], [552, 181]], '댐이009 이 테까련 망어', 0.009498786158366444), ([[583, 187], [809, 187], [809, 231], [583, 231]], '떼 보체량 대음레', 0.016395092268653672), ([[574, 236], [820, 236], [820, 284], [574, 284]], '엔정적 태물이_.@', 0.02664160736523153), ([[2, 547], [193, 547], [193, 598], [2, 598]], '콤몸이 |현멘', 0.009008603545067247), ([[9, 605], [185, 605], [185, 649], [9, 649]], '예텔뱃주이 @', 0.024362550894523986)]
[([[512, 215], [648, 215], [648, 263], [512, 263]], '@ @젠물', 0.15813434359239126), ([[538, 266], [620, 266], [620, 314], [538, 314]], '몸예', 0.1812570641461335), ([[563, 363], [639, 363], [639, 427], [563, 427]], '주', 0.03289284098354295), ([[25, 471], [147, 471], [147, 513], [25, 513]], '마족마원', 0.045827627182006836), ([[375, 407], [655, 407], [655, 519], [375, 519]], '국사톱   보', 0.46210521020815504), ([[17, 521], [159, 521], [159, 565], [17, 565]], '만터료없@', 0.17667977811817626), ([[404, 520], [456, 520], [456, 596], [404, 596]], '움', 0.3962362962114163), ([[65, 591], [127, 591], [127, 659], [65, 659]], '', 0.0), ([[781, 581], [825, 581], [825, 629], [781, 629]], '넷', 0.02889538530653013), ([[73, 675], [137, 675], [137, 751], [73, 751]], '움', 0.7258928244982741), ([[348, 592], [408, 592], [408, 773], [348, 773]], '@', 0.4265660213907587), ([[800, 644], [852, 644], [852, 708], [800, 708]], '댐', 0.05225821677243303), ([[1046, 852], [1120, 852], [1120, 930], [1046, 930]], '팬', 0.01014317734306136), ([[467.19601035230505, 316.04050248782], [526.5298221281347, 307.4105336155959], [541.803989647695, 430.95949751218], [482.4701778718653, 439.5894663844041]], '출', 0.143193527841877), ([[690.4300236000968, 718.0203304013542], [753.1049392463369, 711.2818894300981], [769.5699763999032, 873.9796695986458], [706.8950607536631, 880.7181105699019]], '팩', 0.5775037733104824), ([[984.5553403101275, 849.0198114734277], [1026.2709372372012, 854.54546926549], [1012.4446596898725, 970.9801885265723], [969.7290627627989, 965.45453073451]], '질', 0.3393767124395062)]
[([[532, 75], [631, 75], [631, 148], [532, 148]], '움필', 0.22752136828218764), ([[447, 237], [485, 237], [485, 283], [447, 283]], '운', 0.06339992351220847), ([[44, 358], [76, 358], [76, 434], [44, 434]], '기', 0.13720528673266674), ([[42, 626], [144, 626], [144, 750], [42, 750]], '울', 0.537681293577009), ([[317, 675], [401, 675], [401, 775], [317, 775]], '택', 0.036652064005182616), ([[990, 766], [1046, 766], [1046, 816], [990, 816]], ')치', 0.16775962694426846), ([[744, 758], [844, 758], [844, 870], [744, 870]], '푸', 0.4881996961957533), ([[995, 869], [1083, 869], [1083, 983], [995, 983]], '바', 0.061454739611438214), ([[676.0542968817191, 79.05609380644044], [816.795129565557, 110.20112394640994], [797.9457031182809, 178.94390619355954], [658.204870434443, 146.79887605359008]], '움멘입', 0.0921663311987221), ([[970.4088984631967, 90.02500186572148], [1096.8930123332439, 167.78082775058274], [1062.5911015368033, 221.9749981342785], [936.1069876667563, 144.21917224941726]], '품숨육', 0.17304933071136475), ([[700.4910134014407, 140.0658509254747], [761.9997633556166, 159.96923440991358], [754.5089865985593, 181.9341490745253], [693.0002366443834, 161.03076559008642]], "'@0형9", 0.0006404608344749102), ([[550.9400021199937, 173.30400339198982], [605.397865895602, 143.56962559519795], [613.0599978800063, 160.69599660801018], [559.602134104398, 190.43037440480205]], '9어30%)', 0.025857230963006687), ([[473.415793762163, 342.0342469783856], [511.3254388021259, 354.26617397656037], [485.584206237837, 436.9657530216144], [447.6745611978741, 425.73382602343963]], '@', 0.22433176754658746), ([[62.581594434462325, 416.0293204846825], [87.77959711414955, 423.5848324879399], [67.41840556553768, 492.9706795153175], [42.22040288585045, 485.4151675120601]], '용', 0.7199433715655346), ([[110.47134511963593, 547.0350883972694], [145.11110813425216, 543.1574177023779], [154.52865488036406, 629.9649116027306], [118.88889186574782, 633.8425822976221]], '푹', 0.13551789649632529), ([[807.4421259126165, 665.0390939795767], [840.4961389383568, 657.0308884931453], [861.5578740873835, 743.9609060204233], [828.5038610616432, 752.9691115068547]], '팩', 0.027291860566070136)]
[([[512, 262], [634, 262], [634, 310], [512, 310]], '@워원원)', 0.006828737797488599), ([[430, 314], [712, 314], [712, 364], [430, 364]], '엄령활 @인@   몸몸', 0.0011178730575509774), ([[450, 368], [694, 368], [694, 416], [450, 416]], '답닭 @페트번언3', 0.0005247505689878294), ([[72, 678], [332, 678], [332, 726], [72, 726]], '@흉 예 손 택에탕', 0.008603431556115154), ([[18, 728], [384, 728], [384, 779], [18, 779]], '빠뜩 인페터@@탈 {승 문_', 0.00030701351973638557), ([[136.4537322194531, 535.0501539850466], [158.532396583208, 532.0476189476647], [168.5462677805469, 594.9498460149534], [146.467603416792, 598.9523810523353]], '콜', 0.06794170527360066), ([[405.613848565688, 566.0106590389523], [456.08616008031584, 561.0847808219892], [474.386151434312, 760.9893409610477], [423.91383991968416, 765.9152191780108]], '월', 0.008993279801863763)]
[([[663, 117], [695, 117], [695, 133], [663, 133]], '060', 0.4229907400503708), ([[699, 99], [791, 99], [791, 141], [699, 141]], '쾌숙}60@', 0.011421061809040648), ([[548, 146], [850, 146], [850, 198], [548, 198]], '엔제하켓 패롭일야5', 0.004054631247043407), ([[532, 212], [596, 212], [596, 244], [532, 244]], '@체', 0.33781070678355024), ([[595, 197], [870, 197], [870, 249], [595, 249]], '"손해.음 되@관롭5', 0.00020490098228211905), ([[62, 304], [330, 304], [330, 352], [62, 352]], '@ 예탕람켓로 콤센', 0.0014683617044876011), ([[19, 354], [344, 354], [344, 408], [19, 408]], '@종 켓 @ 많지 만칭체', 0.006535706211808393), ([[803, 473], [854, 473], [854, 594], [803, 594]], '훔', 0.021033910330239047)]
[([[656, 86], [799, 86], [799, 135], [656, 135]], '양 @양0-', 0.10338508003787399), ([[507, 157], [545, 157], [545, 193], [507, 193]], '앞', 0.09704375123986697), ([[618, 138], [842, 138], [842, 186], [618, 186]], '@씬 용샌문인@', 0.043384620193408066), ([[563, 188], [896, 188], [896, 240], [563, 240]], '콤움놔움 반안태탕 @언@', 0.007858805212182825), ([[48, 276], [240, 276], [240, 326], [48, 326]], '@손문이 예래', 0.1398341461282818), ([[517, 237], [537, 237], [537, 307], [517, 307]], '흙', 0.36213873478263636), ([[24, 330], [238, 330], [238, 380], [24, 380]], '#련태움 없연원', 0.007772662897826061), ([[139, 451], [192, 451], [192, 560], [139, 560]], '출', 0.260550628313613), ([[436, 624], [511, 624], [511, 785], [436, 785]], '않', 0.00893617046764611), ([[835.5928717343913, 430.00753682856555], [910.3311751070424, 399.00498644618955], [1038.4071282656087, 721.9924631714345], [964.6688248929576, 752.9950135538104]], '#', 0.20654461404210256), ([[750.1911248646676, 489.06586167447233], [789.5234239225903, 472.02747273539296], [824.8088751353324, 559.9341383255277], [785.4765760774097, 576.972527264607]], '텔', 0.0400413298022928), ([[504.1777649698103, 766.0376381709324], [564.5511110815438, 739.016889370836], [626.8222350301897, 892.9623618290676], [566.4488889184562, 919.983110629164]], '혈', 0.026904486995626975), ([[689.2184013837282, 830.0437723151811], [741.315278837918, 817.1246788017922], [768.7815986162718, 932.9562276848189], [716.684721162082, 945.8753211982078]], '텔', 0.013498478595516339)]
[([[506, 76], [810, 76], [810, 129], [506, 129]], '앞0 텅선언뭄 름음-타`', 0.0025021371121777586), ([[549, 133], [771, 133], [771, 177], [549, 177]], '힘득. 싫어어없이', 0.007258620335311149), ([[547, 187], [771, 187], [771, 231], [547, 231]], '@아하아@@입', 0.0478106156016605), ([[46, 278], [332, 278], [332, 326], [46, 326]], '턱6 웬} @림터세운', 0.005166788741521225), ([[18, 330], [362, 330], [362, 381], [18, 381]], '뵙~에@0 @레원최예하안', 0.0025643458447122723), ([[1028, 829], [1093, 829], [1093, 964], [1028, 964]], '떨', 0.006340313153486932), ([[945.4176078067985, 589.0212269531401], [1006.857488584582, 580.2186289024268], [1026.5823921932015, 741.9787730468599], [966.142511415418, 750.7813710975732]], '팩', 0.6272245288726062), ([[580.1625217238557, 834.0439563766288], [634.5542207894265, 809.0192206322586], [688.8374782761443, 944.9560436233712], [634.4457792105735, 968.9807793677414]], '텔', 0.12011874906977837), ([[691.3718912928917, 959.0329672824715], [736.8627354699196, 948.0623500011417], [762.6281087071083, 1065.9670327175284], [718.1372645300804, 1076.9376499988584]], '말', 0.007881545909209697)]
[([[556, 66], [866, 66], [866, 114], [556, 114]], '무현날 생대되_햇붐데6', 0.0010868157576371976), ([[518, 120], [908, 120], [908, 168], [518, 168]], '떼문에6이 |몇번이올 명순애터6', 0.0007493008818956736), ([[554, 170], [866, 170], [866, 220], [554, 220]], "'@령숙 협렬으켓 핸흉데", 0.011990234354089415), ([[552, 222], [868, 222], [868, 272], [552, 272]], '@필 않울렉탕 @밥@', 0.012061335539770724), ([[94, 260], [260, 260], [260, 310], [94, 310]], '@탕 종@매', 0.01152491331508326), ([[22, 312], [336, 312], [336, 363], [22, 363]], '@문 @국탕 입태 싸훨)', 0.00020766345360647757), ([[986, 916], [1018, 916], [1018, 956], [986, 956]], '틈', 0.45227671237487144), ([[814.2557915924648, 613.046332739718], [859.6506850610525, 598.035386940352], [891.7442084075352, 704.953667260282], [846.3493149389475, 719.964613059648]], '꿀', 0.3492325544648942), ([[955.3034739668531, 713.03473966853], [1006.3511530220534, 702.1316388045622], [1029.696526033147, 826.96526033147], [979.6488469779466, 837.8683611954378]], '줄', 0.43817676630988345), ([[954.5939452479464, 810.020663429875], [988.355727751898, 803.0158491787422], [1012.4060547520536, 915.979336570125], [978.644272248102, 922.9841508212578]], '품', 0.007708223114467894), ([[690.3873671399867, 869.0376738338928], [730.7345179324785, 859.0542459213111], [754.6126328600133, 959.9623261661072], [714.2654820675215, 969.9457540786889]], '텔', 0.016465034123847255)]
[([[605, 62], [897, 62], [897, 104], [605, 104]], '&리 @ @쾌라데하이', 0.01432729544310438), ([[644, 108], [860, 108], [860, 158], [644, 158]], '여덩 땅잡운숙', 0.007285783952640575), ([[606, 160], [900, 160], [900, 212], [606, 212]], '씹 순 @움 @립@0', 0.01897283428107224), ([[28, 290], [372, 290], [372, 338], [28, 338]], '올래탕탕매 @외켓랜태문0', 0.004352943610870466), ([[58, 342], [340, 342], [340, 391], [58, 391]], '문@ 웬} @림@ ', 0.01208278312996008), ([[760, 908], [790, 908], [790, 938], [760, 938]], '8', 0.010452192627554757), ([[1042, 900], [1094, 900], [1094, 960], [1042, 960]], '틈', 0.16401399336445), ([[770, 934], [800, 934], [800, 972], [770, 972]], '움', 0.04946885653794286), ([[760, 968], [790, 968], [790, 998], [760, 998]], '8', 0.2764028898052153), ([[772, 992], [804, 992], [804, 1026], [772, 1026]], '정', 0.0031225896874334524), ([[930.3662497777024, 662.0287475547261], [985.2746248212761, 649.1170259651087], [1012.6337502222976, 785.9712524452739], [957.7253751787239, 797.8829740348913]], '푹', 0.7559082236189738)]
[([[242, 358], [560, 358], [560, 406], [242, 406]], '@ @생 매하애 @래 @0', 0.016172258939302266), ([[249, 412], [548, 412], [548, 460], [249, 460]], '@랜웬   @입방0 딴@웬', 0.004303822831924833), ([[824, 430], [1146, 430], [1146, 478], [824, 478]], '보여중렉엔탕 @표켓 @?', 0.002650946457812191), ([[206, 462], [592, 462], [592, 512], [206, 512]], "'말월때마매 문매3 @운숙@@", 0.006779674747756279), ([[770, 482], [1200, 482], [1200, 530], [770, 530]], '떼 렌맛 테문내없늄 원태 용@하', 0.005208001712550204), ([[236, 516], [600, 516], [600, 566], [236, 566]], '손면 울려적텔터@? 일없어8', 0.009460321524193157)]
[([[902, 434], [1130, 434], [1130, 482], [902, 482]], '@닭 패잡탕에탕', 0.00034089124549988394), ([[926, 486], [1102, 486], [1102, 534], [926, 534]], '냄쓰밥켓 @@', 0.0012674394001080183), ([[864, 538], [1164, 538], [1164, 586], [864, 586]], '만켓눈렉록 안팎터싫@', 0.004206830994787352), ([[240, 680], [340, 680], [340, 892], [240, 892]], '퍽', 0.015096750841824047), ([[557.2397140787303, 627.058141511747], [594.1418467176512, 619.132127151066], [609.7602859212697, 701.941858488253], [572.8581532823488, 709.867872848934]], '닭', 0.06575252388498232), ([[583.4038827981628, 688.0254287385048], [631.4039499930968, 660.0116651194239], [717.5961172018372, 818.9745712614952], [669.5960500069032, 846.9883348805761]], '움', 0.002085173792951825), ([[665.61617240734, 897.0122895545031], [712.8935380665799, 892.0669072379094], [733.38382759266, 1064.987710445497], [686.1064619334201, 1069.9330927620906]], '품', 0.005616247559515897)]
[([[434, 382], [682, 382], [682, 432], [434, 432]], '@매 @래움대로6어', 0.02143225583449628), ([[878, 414], [1138, 414], [1138, 462], [878, 462]], '때해 용어문 @쇄', 0.017489274784119463), ([[430, 434], [684, 434], [684, 486], [430, 486]], '반품 @물이 입 @', 0.014706217859486798), ([[920, 468], [1100, 468], [1100, 516], [920, 516]], '탄위똑터 데어', 0.000823691860857442), ([[872, 520], [1148, 520], [1148, 568], [872, 568]], '텅말이터 예랜 @문@', 0.011596742004430897), ([[174, 638], [298, 638], [298, 758], [174, 758]], '딸', 0.24541417331359927), ([[593, 647], [705, 647], [705, 783], [593, 783]], '수', 0.6094523294801526), ([[652, 852], [713, 852], [713, 1067], [652, 1067]], '@', 0.13768203937170043)]
[([[466, 294], [632, 294], [632, 342], [466, 342]], '@중예 @물', 0.10095544061487369), ([[446, 348], [652, 348], [652, 396], [446, 396]], '@> 텔 &탕', 0.005717456737285576), ([[412, 397], [680, 397], [680, 448], [412, 448]], '문젠움 용쓰-이어@', 0.009650579660914572), ([[866, 394], [1112, 394], [1112, 449], [866, 449]], '@렇 @@눈탕', 0.0032185830047723983), ([[792, 452], [1188, 452], [1188, 501], [792, 501]], '웬위해세 엉덩이예터 따탕이6', 0.007231203372083398), ([[829, 507], [1149, 507], [1149, 551], [829, 551]], '렌기터 @월국 몇몇 해6@', 0.007831857422870759), ([[510, 560], [614, 560], [614, 658], [510, 658]], '퀴', 0.006490572455644161), ([[722, 688], [844, 688], [844, 816], [722, 816]], '표', 0.23876769083848703), ([[669, 1073], [808, 1073], [808, 1157], [669, 1157]], '떼끔', 0.07321968773265146), ([[145.01005050633884, 967.0703535443719], [262.62360402573637, 986.7355199912013], [249.98994949366116, 1050.9296464556282], [132.37639597426366, 1031.2644800087987]], '떼돈', 0.07831275109887698)]
[([[502, 142], [842, 142], [842, 192], [502, 192]], '떼8 물 체명하성-닭요8', 0.08994814677437393), ([[459, 196], [884, 196], [884, 244], [459, 244]], '@뇨6 및 한고대 눈권 @내데요6@', 0.004216017772075534), ([[2, 406], [426, 406], [426, 455], [2, 455]], '@레늄 제대올 @외 @샌에요8', 0.025443672158891442), ([[75, 461], [357, 461], [357, 503], [75, 503]], '아무리 @월 @이외6', 0.07944587372361654), ([[123, 767], [163, 767], [163, 805], [123, 805]], '모', 0.8056879983175946), ([[118, 804], [166, 804], [166, 856], [118, 856]], '밑', 0.00553305540487159), ([[614.2465188815032, 794.047499163875], [658.7861426552283, 787.2720252780608], [671.7534811184968, 884.952500836125], [626.2138573447717, 891.7279747219392]], '맘', 0.06734584770843899)]
[([[616, 252], [678, 252], [678, 379], [616, 379]], '출', 0.01299652322842798), ([[16, 394], [314, 394], [314, 444], [16, 444]], '되명밥운센 음이어젠', 0.0044517201619221), ([[65, 449], [265, 449], [265, 493], [65, 493]], '방심해없에 @66', 0.09831269855943167), ([[508, 658], [804, 658], [804, 706], [508, 706]], '제 몸엔 대안제 마운픽', 0.0037805623241971204), ([[523, 713], [793, 713], [793, 757], [523, 757]], '말해켓 많아줌세요6@', 0.10081482259603815), ([[477, 762], [832, 762], [832, 812], [477, 812]], '@렵 몸애력} 엔휴 없볕눈례', 0.008829094230670081), ([[550, 814], [766, 814], [766, 862], [550, 862]], '@월 @@예판요', 0.029189934033810493), ([[180.34645408443782, 952.0267398301415], [240.72403277019262, 940.1879765100647], [265.6535459155622, 1089.9732601698586], [205.27596722980738, 1100.8120234899354]], '흙', 0.026982125959867043)]
[([[611, 177], [832, 177], [832, 218], [611, 218]], '해앗} 데레움데판', 0.01632824681967173), ([[601, 229], [843, 229], [843, 271], [601, 271]], '활체 많아줌세요6', 0.03354652810345141), ([[614, 392], [677, 392], [677, 559], [614, 559]], '솜', 0.03467287904170835), ([[145, 613], [189, 613], [189, 667], [145, 667]], '몸', 0.3872010964571473), ([[38, 738], [273, 738], [273, 783], [38, 783]], '당연애 쓰톱해초@', 0.07826681208640217), ([[17, 791], [293, 791], [293, 835], [17, 835]], '땀 올료 )아 내판요@', 0.02144118952054305)]
[([[445, 185], [605, 185], [605, 223], [445, 223]], '떼 @켜6', 0.04166629875451908), ([[403, 231], [645, 231], [645, 275], [403, 275]], '임정@례 렌터래@', 0.0013450973971741802), ([[52, 632], [296, 632], [296, 683], [52, 683]], '폐자로 흥문하@@', 0.020967808611124714), ([[68, 688], [284, 688], [284, 736], [68, 736]], '당젠 @상해요6어', 0.01086769178475043), ([[596.3774764341784, 498.0277360627988], [649.0606049563826, 485.0808152845515], [678.6225235658216, 623.9722639372012], [625.9393950436174, 635.9191847154485]], '팩', 0.07947289649255485)]
[([[609, 127], [775, 127], [775, 169], [609, 169]], '운움6 품햇@', 0.01659955829382715), ([[509, 181], [871, 181], [871, 223], [509, 223]], '쌀쩐면 잡대보 말해중세요6', 0.021932054465215726), ([[564, 222], [617, 222], [617, 331], [564, 331]], '오', 0.09406181347821985), ([[32, 662], [344, 662], [344, 710], [32, 710]], '딱해 화관견 @@에요6', 0.03184039455476361), ([[46, 714], [330, 714], [330, 764], [46, 764]], '합짝 품렉움 문@에요', 0.012652462380557755)]
[([[327, 153], [565, 153], [565, 197], [327, 197]], '@@ 캠: @깝@0', 0.010490875305992752), ([[367, 205], [527, 205], [527, 247], [367, 247]], '괜정하세요0', 0.08513829598357729), ([[643, 197], [775, 197], [775, 289], [643, 289]], '텔적', 0.20093985385060592), ([[17, 429], [137, 429], [137, 469], [17, 469]], '깜제래되', 0.01267072930932045), ([[17, 483], [139, 483], [139, 521], [17, 521]], '하헤미입', 0.013018552213907242), ([[923.5082600965459, 414.017293370952], [980.5644932843727, 407.1770709542636], [998.4917399034541, 569.982706629048], [941.4355067156273, 577.8229290457364]], '봄', 0.01871518751653256), ([[759.1745897723519, 550.0570463609334], [846.897233121606, 581.8942687896989], [826.8254102276481, 633.9429536390666], [739.102766878394, 602.1057312103011]], '진', 0.4008819936495378)]
[([[332, 140], [774, 140], [774, 189], [332, 189]], '웬랜 떼입 패끓하례 햇원 있어요애', 0.012926587498924438), ([[398, 194], [710, 194], [710, 244], [398, 244]], '[맑픽 않아세  미령속 뇨.0', 0.00222358893629525), ([[433, 251], [679, 251], [679, 291], [433, 291]], '데려움 수 없어요생', 0.06275015792752556), ([[35, 449], [295, 449], [295, 493], [35, 493]], '실례많@ @요 렌국}@', 0.0008707445179568451), ([[582, 594], [658, 594], [658, 686], [582, 686]], '딸', 0.22768440239232834)]
[([[375, 45], [561, 45], [561, 89], [375, 89]], '동균명만 최몸', 0.014077377360157515), ([[351, 103], [589, 103], [589, 145], [351, 145]], '보체|많아줌세요6', 0.12188676453662015), ([[332, 150], [604, 150], [604, 198], [332, 198]], '@몸일로 왜습례스다', 0.009143453086368141), ([[385, 209], [553, 209], [553, 249], [385, 249]], '분교페없요임', 0.02954925897090759), ([[21, 433], [179, 433], [179, 473], [21, 473]], '데흉례 하체', 0.059548899298988586), ([[15, 485], [187, 485], [187, 527], [15, 527]], '않입실력요6', 0.0234833756344052), ([[587, 471], [629, 471], [629, 511], [587, 511]], '원', 0.022578815875423652), ([[862.1355265538526, 250.04684429544434], [987.8943127335945, 291.70391880493224], [963.8644734461474, 357.9531557045556], [838.1056872664055, 316.29608119506776]], '돈울', 0.051636130845464374), ([[750.1210468075817, 576.0778621224576], [849.9047622536503, 598.0287599497722], [837.8789531924183, 641.9221378775424], [739.0952377463497, 619.9712400502278]], '꼼례없', 0.011984065296202547)]
[([[504, 252], [752, 252], [752, 303], [504, 303]], '제권률 @@줌물면', 0.0028475982891259005), ([[227, 271], [313, 271], [313, 361], [227, 361]], '댐', 0.08180795797084617), ([[527, 303], [732, 303], [732, 357], [527, 357]], '캠짝하없어요이', 0.0357381405252703), ([[942, 323], [1061, 323], [1061, 368], [942, 368]], '과요해?', 0.001361859729513526), ([[903, 375], [1091, 375], [1091, 419], [903, 419]], '안번 짧눈데물', 0.04353589165386997), ([[842, 424], [1152, 424], [1152, 472], [842, 472]], '손몸로 잡아줌빛 입안에', 0.0018568924278253053)]
[([[486, 296], [808, 296], [808, 344], [486, 344]], '떠물어예텔번에요 웬되@', 0.004765064466302865), ([[906, 360], [968, 360], [968, 388], [906, 388]], '@어)', 0.10291668875536795), ([[967, 350], [1082, 350], [1082, 394], [967, 394]], '@파@생', 0.07270334661006927), ([[884, 400], [1100, 400], [1100, 448], [884, 448]], '웬습 텔 민만 좀', 0.026754747598992067), ([[895, 453], [1091, 453], [1091, 497], [895, 497]], '탑애탕해제요@', 0.02711802530849192), ([[665, 483], [727, 483], [727, 543], [665, 543]], '달', 0.034489138713386325), ([[694, 556], [750, 556], [750, 610], [694, 610]], '육', 0.5651489316528036), ([[250.30696306908126, 720.0300752944345], [306.69534501780504, 703.0302763343882], [348.6930369309187, 850.9699247055655], [292.30465498219496, 867.9697236656118]], '및', 0.01788791230083664)]
[([[959, 319], [1049, 319], [1049, 357], [959, 357]], '@입6)', 0.04737899452447891), ([[831, 367], [1169, 367], [1169, 411], [831, 411]], '현물램 엄정@터 사립해이@', 0.0029937674814449226), ([[862, 418], [1144, 418], [1144, 466], [862, 466]], '좀  싫아줌세요오6@', 0.023183993908129034), ([[248, 548], [333, 548], [333, 736], [248, 736]], '@', 0.006135728225455717), ([[513.3516449153894, 510.03513322158324], [557.2497518822069, 502.13159985746364], [575.6483550846106, 613.9648667784168], [531.7502481177931, 621.8684001425363]], '필', 0.025218194368339164), ([[607.7550617415361, 660.0075063870382], [641.228199162154, 654.0065146623041], [671.2449382584639, 830.9924936129618], [637.771800837846, 836.9934853376959]], '8', 0.23528517579794883)]
[([[307, 204], [423, 204], [423, 234], [307, 234]], '~퍼', 0.002653098292022975), ([[793, 237], [829, 237], [829, 279], [793, 279]], '옆', 0.5939569574350259), ([[299, 255], [383, 255], [383, 343], [299, 343]], '및', 0.10862386632590759), ([[1013, 285], [1177, 285], [1177, 325], [1013, 325]], '@5 폐매문6', 0.02466273134518702), ([[557, 321], [661, 321], [661, 407], [557, 407]], '가', 0.004928164999285833), ([[949, 315], [988, 315], [988, 394], [949, 394]], '돌', 0.10494415770183085), ([[1053, 339], [1137, 339], [1137, 377], [1053, 377]], '움혼6@', 0.014239882118999958), ([[605, 405], [707, 405], [707, 497], [605, 497]], '움', 0.17189099752137338), ([[764.3121581436266, 153.04753863411125], [802.0130280201797, 145.1036979024645], [818.6878418563734, 234.95246136588875], [781.9869719798203, 241.8963020975355]], '품', 0.39026253886915185)]
[([[261, 135], [348, 135], [348, 397], [261, 397]], '6', 0.160202152168055), ([[516, 244], [802, 244], [802, 294], [516, 294]], '용구명 좋@@물@요8', 0.014454502206406511), ([[951, 317], [1095, 317], [1095, 357], [951, 357]], '패장해@66어', 0.006273561958349092), ([[913, 367], [1127, 367], [1127, 411], [913, 411]], '탑컷해 손쾌령에', 0.033065783466800835), ([[888, 416], [1158, 416], [1158, 464], [888, 464]], '물어왕터에 방문되이@', 0.017993711089140572), ([[286, 619], [331, 619], [331, 709], [286, 709]], '텔', 0.029927105417194788), ([[532.9815420665362, 514.074486052446], [622.5889464582517, 536.6365735530184], [606.0184579334638, 595.925513947554], [517.4110535417483, 574.3634264469816]], '졸럽', 0.028608905517615347), ([[299.40077848228805, 552.045137983101], [331.9582708327353, 547.1164813620727], [344.59922151771195, 625.954862016899], [311.0417291672647, 631.8835186379273]], '텔', 0.005391155483004617)]
[([[842, 256], [868, 256], [868, 284], [842, 284]], '야', 0.5180039224242705), ([[432, 274], [462, 274], [462, 338], [432, 338]], '텔', 0.06840463470894065), ([[833, 318], [1043, 318], [1043, 359], [833, 359]], '@@ 9 명페없6@', 0.032880578231006784), ([[171, 340], [235, 340], [235, 463], [171, 463]], '품', 0.2040377380102223), ([[835, 367], [1035, 367], [1035, 411], [835, 411]], '@배 행되 왜문', 0.010244986326103454), ([[816, 416], [1060, 416], [1060, 464], [816, 464]], '텔로 넷터 장해@', 0.07888570737865012), ([[228, 684], [278, 684], [278, 744], [228, 744]], '몸', 0.24574443379430377), ([[592, 786], [644, 786], [644, 848], [592, 848]], '닿', 0.2309162067831494), ([[590, 848], [640, 848], [640, 914], [590, 914]], '국', 0.0583429176424497), ([[294, 996], [359, 996], [359, 1128], [294, 1128]], '썰', 0.16996980442656096), ([[458.3446046887869, 307.03590266796056], [506.02804704850746, 295.08872947108193], [532.6553953112132, 409.96409733203944], [483.97195295149254, 421.91127052891807]], '팔', 0.005345055656161224), ([[226.37747643417845, 928.0277360627988], [280.4631348003025, 919.1546193271562], [302.62252356582155, 1053.9722639372012], [249.5368651996975, 1063.845380672844]], '올', 0.010402154511759187), ([[577.4281473238831, 978.0233973513738], [629.8893034046616, 973.2597824482341], [641.5718526761169, 1113.976602648626], [589.1106965953384, 1118.740217551766]], '철', 0.0023311969628088264)]
[([[70, 92], [152, 92], [152, 146], [70, 146]], '움빛', 0.042186135523202585), ([[166, 159], [244, 159], [244, 328], [166, 328]], '활', 0.1247585056641789), ([[879, 211], [1035, 211], [1035, 253], [879, 253]], '스60. 손해락', 0.013658297615421892), ([[527, 260], [615, 260], [615, 300], [527, 300]], '유@6', 0.03223980651542407), ([[847, 263], [1059, 263], [1059, 307], [847, 307]], '에테에타켓 명', 0.07022801001439966), ([[459, 307], [676, 307], [676, 356], [459, 356]], '손바@ 울출@터', 0.01035293235294766), ([[855, 317], [1055, 317], [1055, 359], [855, 359]], '폐내붐데에요60', 0.014982911394870973), ([[500, 364], [640, 364], [640, 407], [500, 407]], '마세요$', 0.3196326792240143), ([[884, 370], [1025, 370], [1025, 412], [884, 412]], '때륙세요', 0.07879288494586945), ([[495, 415], [641, 415], [641, 459], [495, 459]], '@@@앗 ', 0.004258581986982116), ([[530, 688], [586, 688], [586, 756], [530, 756]], '틈', 0.5365242281923202), ([[417.4354515597786, 133.0319737260514], [456.12073846460714, 127.1272240669255], [469.5645484402214, 230.9680262739486], [430.87926153539286, 236.8727759330745]], '텔', 0.0017483420092168078), ([[289.41998520943423, 593.0859511911331], [303.8529331542446, 604.2472459060881], [283.58001479056577, 629.9140488088669], [268.1470668457554, 618.7527540939119]], '8', 0.2639073563263459)]
[([[884, 24], [944, 24], [944, 52], [884, 52]], '@이어형', 0.006390790920704603), ([[945, 11], [1066, 11], [1066, 55], [945, 55]], '안돼요0', 0.13641081750392914), ([[916, 64], [1035, 64], [1035, 113], [916, 113]], '응아지}이@', 0.03304650637668463), ([[204, 140], [234, 140], [234, 174], [204, 174]], '$', 0.15835129417795102), ([[435, 79], [480, 79], [480, 166], [435, 166]], '탑', 0.09644247128341021), ([[895, 117], [1053, 117], [1053, 161], [895, 161]], '웬따} 음아해', 0.04334369531367845), ([[445, 163], [483, 163], [483, 247], [445, 247]], '품', 0.498965981492816), ([[889, 177], [1061, 177], [1061, 215], [889, 215]], '@아예리에교', 0.0038379095137549865), ([[884, 220], [1064, 220], [1064, 268], [884, 268]], '움빛이터 미홍', 0.012861191815629787), ([[615, 283], [755, 283], [755, 327], [615, 327]], '{탕이야 ', 0.04201147908931785), ([[235, 295], [274, 295], [274, 370], [235, 370]], '밑', 0.25943979240209103), ([[144, 328], [220, 328], [220, 428], [144, 428]], '및', 0.8208006080284491), ([[476, 334], [554, 334], [554, 432], [476, 432]], '및', 0.5944081391908753), ([[163, 431], [227, 431], [227, 509], [163, 509]], '퍽', 0.9977653603655767), ([[497, 431], [561, 431], [561, 505], [497, 505]], '퍽', 0.9987413078097376), ([[204.4710697270324, 168.02805543410443], [243.25655862148628, 172.53816818024302], [233.5289302729676, 271.97194456589557], [194.74344137851372, 268.461831819757]], '숨', 0.18826217431923453), ([[189.3088020879675, 257.0601719014147], [219.1222679672513, 253.16066221729818], [227.6911979120325, 321.9398280985853], [197.8777320327487, 325.8393377827018]], '0', 0.30350083862572674), ([[416.3873671399868, 287.0376738338928], [456.31114873805865, 281.17497264394416], [468.6126328600132, 377.9623261661072], [428.68885126194135, 382.82502735605584]], '텔', 0.011174400857556999), ([[295.39177126298426, 613.0465132093975], [327.48421750124413, 605.0294164897979], [347.60822873701574, 685.9534867906025], [316.51578249875587, 694.9705835102021]], '물', 0.9978115623962367), ([[295.3315670795699, 685.0562457694622], [328.47285155914045, 672.0280469032202], [355.6684329204301, 751.9437542305378], [323.52714844085955, 763.9719530967798]], "물'", 0.40006324208114624), ([[509.5872948861759, 710.0285231804668], [535.6103393704573, 707.0627417796745], [543.412705113824, 787.9714768195332], [518.3896606295427, 789.9372582203255]], '몸', 0.05996964730579557), ([[183.42623413407864, 803.0164739329682], [259.78058076541055, 795.3943573558544], [275.57376586592136, 996.9835260670318], [199.21941923458942, 1004.6056426441456]], '썩', 0.1166841876970901), ([[570.4350784462906, 875.01774729602], [634.84155052521, 866.1904204604817], [658.5649215537094, 1051.9822527039798], [594.15844947479, 1060.8095795395182]], '혈', 0.006648727201126692), ([[106.13701426866952, 1018.4603271104721], [188.3354108468435, 1005.7920519746248], [192.8629857313305, 1044.539672889528], [110.66458915315648, 1057.2079480253753]], '(|내"', 0.12522563338279724)]
[([[223, 129], [266, 129], [266, 212], [223, 212]], '월', 0.6642985449166758), ([[411, 171], [449, 171], [449, 213], [411, 213]], '쓰', 0.6072293950107941), ([[861, 163], [898, 163], [898, 226], [861, 226]], '안', 0.011020892561647067), ([[415, 219], [457, 219], [457, 265], [415, 265]], '몸', 0.2680080613629343), ([[796, 306], [1042, 306], [1042, 354], [796, 354]], '@음운엔 동균명에', 0.03239605720865943), ([[762, 356], [1076, 356], [1076, 406], [762, 406]], '조어밥되 싶@_멘움요8', 0.0014826373918473382), ([[759, 413], [1079, 413], [1079, 457], [759, 457]], '책린  몸균명이 킬물여', 0.0159399935916789), ([[792, 462], [1048, 462], [1048, 512], [792, 512]], '훨때탕터 @뭄 예높', 0.0012832793047018905), ([[804, 517], [1036, 517], [1036, 565], [804, 565]], '명하면 @왜요8', 0.1895312341010664), ([[504, 594], [744, 594], [744, 645], [504, 645]], '당신이 웬하신터면', 0.2349093758645626), ([[318, 638], [344, 638], [344, 664], [318, 664]], '넷', 0.18745433892337715), ([[482, 648], [768, 648], [768, 696], [482, 696]], '박로 값` 입울헤요6 ', 0.004659893171778885), ([[202.21616227899645, 211.0618223576777], [237.51274635368776, 194.0263603692286], [277.7838377210035, 283.93817764232233], [242.48725364631224, 300.9736396307714]], '곰', 0.15286664625148294)]
[([[545, 0], [663, 0], [663, 85], [545, 85]], "'", 0.6012987469528106), ([[887, 101], [1065, 101], [1065, 143], [887, 143]], '에머 용사-생', 0.026878466485865078), ([[867, 153], [1079, 153], [1079, 197], [867, 197]], '씹욕에 싸로잡혀', 0.031134146584341764), ([[875, 207], [1075, 207], [1075, 249], [875, 249]], '예리씬페움요6', 0.02528102455721448), ([[117, 337], [465, 337], [465, 381], [117, 381]], '교회에 기분하보 폐션없죄3', 0.0010598301348836185), ([[141, 391], [441, 391], [441, 435], [141, 435]], '손럼 페례 맡계 중세요생', 0.006655813269606433)]
[([[542, 0], [662, 0], [662, 92], [542, 92]], "'", 0.16267917437588242), ([[847, 147], [1033, 147], [1033, 191], [847, 191]], '엄령 젊으세', 0.15938147914312512), ([[848, 198], [1034, 198], [1034, 246], [848, 246]], '살짝 훌육에요', 0.01261398406840061), ([[178, 262], [482, 262], [482, 310], [178, 310]], '앙 @령페 젊움 분압례', 0.0074141656644020415), ([[152, 314], [502, 314], [502, 364], [152, 364]], '테륙리늄 때륙 례의 없어젠', 0.01752452056013894), ([[206, 366], [448, 366], [448, 414], [206, 414]], '웬체 헤분좋아요이', 0.032796876098364576), ([[270, 524], [349, 524], [349, 692], [270, 692]], '숲', 0.3672537067296986), ([[874, 538], [950, 538], [950, 626], [874, 626]], '움', 0.6415463812760578), ([[887.5274537539646, 639.0139684420009], [946.6437235832836, 633.1706850375172], [964.4725462460354, 823.9860315579991], [905.3562764167164, 829.8293149624828]], '역', 0.6038634228144133)]
[([[542, 0], [664, 0], [664, 94], [542, 94]], "'", 0.32617937507712114), ([[828, 92], [864, 92], [864, 124], [828, 124]], '제', 0.056001906007602464), ([[862, 78], [1070, 78], [1070, 129], [862, 129]], '말통 메방랗죄용', 0.003239734960242243), ([[242, 135], [432, 135], [432, 183], [242, 183]], '마을 @예젠물', 0.04043601813151404), ([[833, 135], [1057, 135], [1057, 179], [833, 179]], '예군블 보째 대센', 0.018986504772388557), ([[184, 188], [489, 188], [489, 233], [184, 233]], '로와르레늄 믿 많아세', 0.02602200535458294), ([[861, 187], [1033, 187], [1033, 231], [861, 231]], '쏟 숲 없에요', 0.11446706763505565), ([[211, 241], [465, 241], [465, 285], [211, 285]], '여해만 @어없에요', 0.026523435270078458), ([[231, 293], [443, 293], [443, 337], [231, 337]], '용짜밥물 마음껏', 0.023281137901077054), ([[235, 345], [436, 345], [436, 393], [235, 393]], '사용해중세요이', 0.3611937762668057), ([[613, 544], [665, 544], [665, 649], [613, 649]], '술', 0.4842594210182405)]
[([[539, 0], [667, 0], [667, 101], [539, 101]], '', 0.0), ([[823, 161], [1141, 161], [1141, 204], [823, 204]], '에머6 빠체 좁다 메요6@', 0.003241370161216611), ([[181, 211], [461, 211], [461, 255], [181, 255]], '질팩 하외 박아중세요', 0.005087899888467409), ([[847, 211], [1113, 211], [1113, 255], [847, 255]], '옆씬 용짜냄이에요6', 0.016894799281414904), ([[591, 403], [632, 403], [632, 494], [591, 494]], '흙', 0.002006430743646384)]
[([[544, 0], [666, 0], [666, 96], [544, 96]], "'-", 0.27651722841224974), ([[863, 37], [1069, 37], [1069, 81], [863, 81]], '흉율@ 벌써훨터', 0.004817530640281693), ([[842, 80], [1087, 80], [1087, 137], [842, 137]], '뜻태하라하 잘물로', 0.0166966546549906), ([[859, 136], [1072, 136], [1072, 189], [859, 189]], '텔텔템엘베려요.', 0.003923040972660626), ([[869, 193], [1065, 193], [1065, 237], [869, 237]], '좀 테 협립하례', 0.030323304355253485), ([[844, 242], [1086, 242], [1086, 290], [844, 290]], '박으써로 팬령아요', 0.0069432216877520336), ([[273, 411], [339, 411], [339, 527], [273, 527]], '흙', 0.01419395237968879), ([[616, 504], [661, 504], [661, 593], [616, 593]], '댐', 0.01268650762254403), ([[71.40893555107444, 126.03505862902529], [111.39405097431978, 121.19826886623188], [121.59106444892556, 219.9649413709747], [81.60594902568022, 223.80173113376813]], '품', 0.4189411227844744), ([[365.46334368540005, 232.0483902697003], [388.56133632367, 228.0529843007326], [399.53665631459995, 292.9516097302997], [375.43866367633, 296.9470156992674]], '팔', 0.027606853674137177), ([[343.4816015659756, 262.04512892606107], [369.57143240506593, 257.0549252969677], [381.5183984340244, 324.95487107393893], [355.42856759493407, 329.9450747030323]], '딸', 0.48658722668450594), ([[89.40893555107444, 260.0350586290253], [127.29800530434586, 255.1714202678334], [137.59106444892555, 353.9649413709747], [99.70199469565414, 357.8285797321666]], '및', 0.020527663755501635), ([[188.3069948509526, 362.04015571819247], [235.52141182772786, 354.1960956201493], [252.6930051490474, 459.95984428180753], [205.47858817227214, 468.8039043798507]], '텔', 0.052609898727454585), ([[352.45383724065573, 561.0299188899671], [392.62567372012774, 551.0393012189872], [417.54616275934427, 661.9700811100329], [377.37432627987226, 671.9606987810128]], '팩', 0.01579308021320802)]
[([[816, 96], [1114, 96], [1114, 144], [816, 144]], '체 밥봉음 어젯진하요8', 0.009266427519736066), ([[744, 148], [1186, 148], [1186, 198], [744, 198]], '좀 더 결립하례 박@-로 팬없아요', 0.006797289621901046), ([[748, 200], [1178, 200], [1178, 250], [748, 250]], '[말동인 망하젠 통물로 박아줌세요', 0.007572991827530383), ([[182, 558], [258, 558], [258, 756], [182, 756]], '퍽', 0.2158255763639696), ([[54.52425509475464, 628.0102926888322], [141.15957459067965, 640.2851253202518], [106.47574490524535, 880.9897073111678], [19.840425409320332, 868.7148746797482]], '팩', 0.018918767631055156), ([[513.4600070198632, 771.0121558409611], [600.4360054072637, 759.2498562708458], [631.5399929801368, 1016.9878441590389], [544.5639945927363, 1028.7501437291542]], '적', 0.007076982571163626)]
[([[877, 35], [1101, 35], [1101, 79], [877, 79]], '용짜-- 햄내세요', 0.020913253981587276), ([[824, 86], [1147, 86], [1147, 137], [824, 137]], '앞으로 | 손몸만 데 듭세면', 0.041965043658871395), ([[855, 141], [1121, 141], [1121, 185], [855, 185]], '체 입예 문내이에요0', 0.0419231813318279), ([[810, 190], [1160, 190], [1160, 238], [810, 238]], '앞의로 초몸만 테 백으물면', 0.023863590197174073), ([[861, 247], [1113, 247], [1113, 291], [861, 291]], '넷 입예터켓 퍼켓물', 0.004734180604675542), ([[828, 294], [922, 294], [922, 346], [828, 346]], '물래집', 0.13664860291389472), ([[959, 299], [1147, 299], [1147, 343], [959, 343]], '왜운렉잡애요0', 0.014934045509728194), ([[59, 621], [148, 621], [148, 840], [59, 840]], '퍽', 0.0693375474234168), ([[473, 719], [588, 719], [588, 965], [473, 965]], '팩', 0.6126561495068614), ([[416.16756942214056, 397.0875762840607], [489.864939758405, 412.96934939775866], [480.83243057785944, 451.9124237159393], [407.135060241595, 435.03065060224134]], '꿈움', 0.03032550196478103), ([[551.0895536990885, 534.0835899750776], [623.9302281778035, 559.1676238141371], [609.9104463009115, 597.9164100249224], [537.0697718221965, 573.8323761858629]], '꾸움', 0.05863600361678041)]
[([[819, 133], [1137, 133], [1137, 177], [819, 177]], '앞 따없에요0 @빠없요생', 0.012425803894652605), ([[820, 184], [1136, 184], [1136, 233], [820, 233]], '운해}@@ 움 더메로 맞박물', 0.006163101433088471), ([[820, 234], [1132, 234], [1132, 282], [820, 282]], '염정어체 웬쇄 맛이에요', 0.014141877169814847), ([[640, 496], [734, 496], [734, 548], [640, 548]], '남염', 0.06821363858707367), ([[767, 360], [812, 360], [812, 581], [767, 581]], '8', 0.07807429746888861), ([[473, 685], [559, 685], [559, 797], [473, 797]], '옆', 0.25425068053722555), ([[444.01360607616783, 378.08163645700716], [534.8096639422562, 400.50073188586936], [520.9863939238321, 449.91836354299284], [430.1903360577439, 427.49926811413064]], '학용', 0.06031663637140196), ([[309.79134219632977, 501.0457169915528], [402.5988310810735, 434.0112101353373], [550.2086578036702, 664.9542830084472], [457.4011689189265, 732.9887898646626]], '흙', 0.7894701248410598)]
[([[806, 108], [1118, 108], [1118, 157], [806, 157]], '예상로 업롭 용사-넥압터', 0.007460730418791003), ([[66, 143], [404, 143], [404, 194], [66, 194]], '안심않 맵입이레 수송해요', 0.052836846661601954), ([[845, 163], [1081, 163], [1081, 205], [845, 205]], '보여중레모 싶어세', 0.01744348927058935), ([[800, 212], [1068, 212], [1068, 262], [800, 262]], '셈으로 텔월템 웬페려', 0.0013910931350200459), ([[270.3910845259201, 529.0232072895539], [333.3084076577437, 522.3402836811231], [347.6089154740799, 675.9767927104461], [284.6915923422563, 683.6597163188769]], '꽉', 0.10818748861133631), ([[790.4683854732101, 522.015714497251], [861.6532516302366, 533.2962834121639], [833.5316145267899, 708.984285502749], [762.3467483697634, 697.7037165878361]], '팔', 0.03564721510861646), ([[266.25259068131635, 700.0310881757961], [331.9938837346736, 679.0550463879374], [377.74740931868365, 837.9689118242039], [312.0061162653264, 858.9449536120626]], '막', 0.16451359337290583), ([[755.4940801759507, 715.0183064281198], [810.2931807772394, 741.4193627889274], [750.5059198240493, 866.9816935718802], [695.7068192227606, 840.5806372110726]], '말', 0.007753753828510845)]
[([[850, 52], [1078, 52], [1078, 101], [850, 101]], '옳율 빛딩 않아몽', 0.07328738189592404), ([[864, 106], [1064, 106], [1064, 154], [864, 154]], '발월 숨 있물록', 0.07962886306420028), ([[100, 143], [351, 143], [351, 188], [100, 188]], '보페해 품품 없에요', 0.24762546559475082), ([[869, 157], [1058, 157], [1058, 207], [869, 207]], '몇이쾌만 해도', 0.014334422926192714), ([[811, 213], [1089, 213], [1089, 257], [811, 257]], '보페 떼이터 텔있에요', 0.04082701756602521), ([[412, 326], [460, 326], [460, 384], [412, 384]], '옆', 0.5786543144518532), ([[321.7947389359874, 280.0810681263071], [427.08068428094043, 296.0373567468465], [412.2052610640126, 371.9189318736929], [306.91931571905957, 354.9626432531535]], '질맡', 0.037000692072016415), ([[331.3620382217369, 432.025477771711], [395.14115091028873, 423.29185672296046], [414.6379617782631, 572.974522228289], [350.85884908971127, 582.7081432770395]], '숲', 0.05328681551817738), ([[810.6273326976767, 544.0063145814618], [895.5495270807259, 565.5024872108382], [821.3726673023233, 860.9936854185382], [735.4504729192741, 839.4975127891618]], '움', 0.030805764915786682), ([[275.3464540844378, 587.0267398301415], [335.19690145665413, 572.0900425473294], [370.6535459155622, 724.9732601698585], [309.80309854334587, 739.9099574526706]], '쏟', 0.026544863141048092), ([[354.4710697270324, 817.0280554341044], [393.91044630091153, 810.0835899750776], [412.5289302729676, 920.9719445658956], [372.08955369908847, 927.9164100249224]], '텔', 0.0025855766638183675)]
[([[726, 80], [1174, 80], [1174, 129], [726, 129]], '체) 보되예 베예_씨문례  에떠세요8', 0.00876607089239476), ([[28, 102], [430, 102], [430, 153], [28, 153]], '용씨템 찰체로 좁다 떡페움세요', 0.0035518284670823606), ([[734, 132], [1164, 132], [1164, 180], [734, 180]], '켓제예 보켓잡이 좁내 달라-어젠', 0.0030284924576627495), ([[82, 156], [352, 156], [352, 204], [82, 204]], '화생 입울고잡아요@@@', 0.0035185886751261694), ([[788, 183], [1112, 183], [1112, 233], [788, 233]], '육음품움 @아싶늄 왜초8', 0.012467974890477284), ([[211, 407], [327, 407], [327, 547], [211, 547]], '및', 0.10247178152656833), ([[732, 354], [805, 354], [805, 531], [732, 531]], '팩', 0.5623959351037797), ([[242, 564], [344, 564], [344, 688], [242, 688]], '퍽', 0.9938069206109503), ([[785, 571], [821, 571], [821, 645], [785, 645]], '면', 0.02292918886525186), ([[771, 660], [900, 660], [900, 936], [771, 936]], '팩', 0.9832751245336482), ([[324.2989525145956, 797.0410963740627], [365.6024446116297, 785.0303215756694], [394.7010474854044, 893.9589036259373], [353.3975553883703, 905.9696784243306]], '필', 0.017372397682413387)]
[([[820, 58], [1096, 58], [1096, 106], [820, 106]], '훈닐0 답뜩 따정예요', 0.0008894000609733209), ([[38, 82], [410, 82], [410, 133], [38, 133]], '떼3 떼 보에 발원 싶으물면', 0.02463304710838075), ([[800, 112], [1110, 112], [1110, 161], [800, 161]], '웬말 힘숙례 테염태세세', 0.000754469446639791), ([[40, 134], [414, 134], [414, 182], [40, 182]], '좀 테 지분하쎄야 되문데요.@', 0.018936634730027848), ([[794, 164], [1118, 164], [1118, 212], [794, 212]], '자켓하까-령 박혀버합 눈출', 0.0029118289761545907), ([[137, 186], [310, 186], [310, 235], [137, 235]], '꼼란하예요.', 0.03205362507354269), ([[879, 219], [1033, 219], [1033, 263], [879, 263]], '입줍에요이0@', 0.011111018060882376), ([[324, 296], [378, 296], [378, 346], [324, 346]], '사', 0.03595778000794447), ([[749, 689], [834, 689], [834, 886], [749, 886]], '팩', 0.08860072637597582)]
[([[403, 25], [561, 25], [561, 67], [403, 67]], '떼 용균명6@', 0.12438403742523112), ([[346, 74], [614, 74], [614, 122], [346, 122]], '쉬험에터 출랍 스레움', 0.020686799853372972), ([[375, 128], [587, 128], [587, 172], [375, 172]], '떼 용균명이라로', 0.006444884378106057), ([[379, 176], [554, 176], [554, 229], [379, 229]], '팬젓으세터-면', 0.03222112722685095), ([[547, 199], [577, 199], [577, 217], [547, 217]], '000', 0.8945334806819004), ([[907, 292], [1082, 292], [1082, 345], [907, 345]], '용샌-인태늄', 0.01210347494974304), ([[858, 348], [1130, 348], [1130, 396], [858, 396]], '틈음대물래 붐권내늄', 0.003880527007047272), ([[888, 400], [1104, 400], [1104, 448], [888, 448]], '특변해 @번에만', 0.05250986008776309), ([[904, 454], [1084, 454], [1084, 502], [904, 502]], '[@혀올텔레요', 0.012418446001192645), ([[457.45051965799445, 508.0215996565295], [603.83911032987, 595.507830473483], [571.5494803420056, 648.9784003434705], [425.1608896701301, 562.492169526517]], '꿈운움', 0.1031344556056793), ([[59.354612526074845, 659.0298152816083], [109.7107309469646, 651.2122610813985], [126.64538747392515, 780.9701847183917], [75.2892690530354, 787.7877389186015]], '품', 0.5226755501306322), ([[30.200665291628532, 773.0457880371682], [77.53687549219316, 752.0206186014889], [127.79933470837148, 873.9542119628318], [80.46312450780684, 895.9793813985111]], '출', 0.5821138080622781), ([[505.3768986616567, 951.024302869206], [678.9463468062534, 1033.075028414087], [647.6231013383433, 1094.975697130794], [474.05365319374664, 1012.9249715859131]], '잔운움', 0.053321655183349394)]
[([[373, 89], [611, 89], [611, 133], [373, 133]], '판물 솜예중세요0', 0.009723773857170761), ([[334, 140], [650, 140], [650, 190], [334, 190]], '동균명 제엘페빨해훨없없', 0.0011241010713412137), ([[702, 388], [1122, 388], [1122, 436], [702, 436]], '제 동균명 물여터움 @예컨요6@', 0.000560728397465452), ([[676, 440], [1146, 440], [1146, 488], [676, 488]], '떼 몸에 신경 @훨 마물되 @@줌세요', 0.004335883550651043), ([[99, 451], [165, 451], [165, 577], [99, 577]], '과', 0.22216583507594123), ([[369, 851], [454, 851], [454, 1014], [369, 1014]], '팩', 0.8728514570611914), ([[1073.543237309502, 194.02616459266756], [1105.3526042891883, 181.01557153217104], [1147.456762690498, 288.97383540733244], [1115.6473957108117, 301.984428467829]], '숲', 0.0999018213316285), ([[852.5768557816259, 217.02244434728354], [884.3377723067447, 205.01428678041228], [928.4231442183741, 318.97755565271643], [896.6622276932553, 330.98571321958775]], '숲', 0.23140865768164076), ([[457.29751442363704, 522.0247048156457], [529.1148036888264, 507.22617754623474], [560.702485576363, 683.9752951843543], [487.8851963111736, 697.7738224537653]], '꽉', 0.9439861675328451), ([[426.37216262819203, 778.0219255831464], [491.05532409177215, 768.2378288719187], [513.6278373718079, 938.9780744168536], [448.94467590822785, 947.7621711280813]], '팩', 0.05451328916082332)]
[([[113, 159], [495, 159], [495, 203], [113, 203]], '@@60 떼 이제 못 참조에오요6', 0.011955928914452005), ([[125, 211], [485, 211], [485, 255], [125, 255]], '따 쌀레갑아요6 죄송해요생', 0.020931748971047336), ([[746, 348], [1082, 348], [1082, 396], [746, 396]], '@아@- @습@ 딸런워하', 0.00441085021431679), ([[694, 402], [1136, 402], [1136, 450], [694, 450]], ',령 많이 따정되터 왼흉 싸신물@', 0.0010607574310265494), ([[363, 427], [451, 427], [451, 527], [363, 527]], '뿐', 0.9545807085326032), ([[376, 534], [474, 534], [474, 630], [376, 630]], '움', 0.9661153045621553), ([[820, 570], [880, 570], [880, 600], [820, 600]], '죄60', 0.014311571119268635), ([[879, 558], [1010, 558], [1010, 606], [879, 606]], '@송해월', 0.018548600375652313), ([[734, 610], [1094, 610], [1094, 660], [734, 660]], '틈기 좀 @린 말울 햇페요.@', 0.003990012734133294), ([[45, 612], [114, 612], [114, 838], [45, 838]], '{', 0.7510992437407573), ([[444.7195433589471, 774.0078717892577], [482.07747178777566, 782.452021221356], [442.2804566410529, 961.9921282107423], [403.92252821222434, 953.547978778644]], '8', 0.0719613181420442), ([[93.78378896411031, 1014.2486714420854], [147.69759707978662, 964.0243617590515], [239.21621103588967, 1077.7513285579146], [184.30240292021338, 1126.9756382409485]], '8', 0.09750744412946233), ([[273.32586142007676, 989.0227490171361], [383.57826285221154, 1093.1265211443365], [324.67413857992324, 1156.977250982864], [214.4217371477885, 1053.8734788556635]], '%9', 0.5628941133245708)]
[([[270, 28], [536, 28], [536, 77], [270, 77]], '@권 동이 @내에요', 0.09740972218573676), ([[234, 78], [570, 78], [570, 133], [234, 133]], '용패관울 꼼란하례 만물늄', 0.004251357461341518), ([[249, 137], [557, 137], [557, 181], [249, 181]], '영혼에 떼 용균명에방.@', 0.016639806663146798), ([[292, 186], [512, 186], [512, 234], [292, 234]], '@@ 불아해요6', 0.045998393412268884), ([[830, 388], [1120, 388], [1120, 436], [830, 436]], '@@ 뭄 멈숙국언요이@', 0.006183227708120946), ([[905, 443], [1045, 443], [1045, 487], [905, 487]], '예송해요@', 0.2240522011157455), ([[395, 597], [437, 597], [437, 637], [395, 637]], '올', 0.0649919283489595), ([[394, 862], [474, 862], [474, 940], [394, 940]], '문', 0.9448473882969246), ([[6, 992], [58, 992], [58, 1050], [6, 1050]], '돈', 0.006334119839974728), ([[393, 1099], [457, 1099], [457, 1167], [393, 1167]], '움', 0.9783342155089692), ([[404.6251183033687, 641.0140734348037], [443.33040208628694, 632.0109284970671], [479.3748816966313, 783.9859265651963], [440.66959791371306, 792.9890715029329]], '물', 0.006408614289697079), ([[45.442125912616426, 701.0390939795767], [77.65759594922143, 694.0544243046714], [94.55787408738357, 779.9609060204233], [62.34240405077857, 785.9455756953286]], '탑', 0.005072398147515367), ([[40.38249247890556, 772.0479518649956], [70.61594168505958, 766.0477075208677], [87.61750752109444, 843.9520481350044], [57.38405831494042, 850.9522924791323]], '칼', 0.001953371895139902), ([[26.25579159246475, 890.046332739718], [68.80047207284923, 878.0536360302629], [95.74420840753525, 981.953667260282], [53.19952792715077, 993.9463639697371]], '평', 0.031212315210723318), ([[429.31383885229303, 936.0214216366883], [507.94641591173036, 974.5998716939159], [438.68616114770697, 1117.9785783633117], [360.05358408826964, 1080.400128306084]], '%', 0.9452531113254423)]
[([[679, 401], [719, 401], [719, 445], [679, 445]], '1금', 0.40967827010191266), ([[686, 440], [730, 440], [730, 470], [686, 470]], '사이', 0.11788554356558367), ([[141.29072266128932, 1093.0420703548302], [186.92543121071293, 1113.5736130708085], [152.70927733871068, 1188.9579296451698], [108.07456878928707, 1168.4263869291915]], '(', 0.18116873890392426)]
[([[765, 361], [821, 361], [821, 397], [765, 397]], "'영차", 0.9934630690886277), ([[642, 924], [686, 924], [686, 954], [642, 954]], '둘의', 0.9997247921723104), ([[180, 944], [214, 944], [214, 968], [180, 968]], '외출', 0.9985881197990732), ([[164, 974], [230, 974], [230, 998], [164, 998]], '[한건가 .', 0.23808512997055914), ([[632, 960], [698, 960], [698, 990], [632, 990]], '기척이', 0.5320798774641169), ([[636, 1002], [696, 1002], [696, 1030], [636, 1030]], '없어 .', 0.25929704308509827)]
[([[124, 158], [150, 158], [150, 184], [124, 184]], '쥐', 0.7826074011218545), ([[146, 168], [170, 168], [170, 196], [146, 196]], '퍽', 0.12121552992738671), ([[631, 559], [653, 559], [653, 579], [631, 579]], '아', 0.9999016547541864), ([[191.26190718873656, 359.05477816453487], [276.97194456589557, 391.4710697270324], [258.73809281126347, 435.94522183546513], [173.02805543410443, 402.5289302729676]], '규7"', 0.15388549228569118), ([[724.9909908090056, 689.1747742652154], [745.4631306408209, 671.0359638987467], [789.0090091909944, 722.8252257347846], [768.5368693591791, 740.9640361012533]], '8', 0.07319190718878676), ([[370.34240405077855, 679.0544243046714], [433.99416909311003, 714.78409896794], [415.65759594922145, 746.9455756953286], [352.00583090688997, 711.21590103206]], '4:*', 0.04128323235992828), ([[337.23034215711596, 966.0747450012914], [426.9334112396684, 986.2731740100613], [416.76965784288404, 1024.9252549987086], [327.0665887603316, 1004.7268259899387]], '6654)', 0.03530266402393274), ([[389.07899166023174, 1015.1448741467184], [430.9391447968477, 1028.3988112915538], [422.92100833976826, 1051.8551258532816], [381.0608552031523, 1038.6011887084462]], "{'{", 0.028724502402974438)]
[([[46, 198], [72, 198], [72, 240], [46, 240]], '8', 0.48814505747288095), ([[383, 596], [413, 596], [413, 647], [383, 647]], '물', 0.43926617070668783), ([[36, 819], [118, 819], [118, 845], [36, 845]], '뭐 싫어하진', 0.710114504629966), ([[462, 868], [522, 868], [522, 892], [462, 892]], '심심해서', 0.9791110754013062), ([[470, 892], [518, 892], [518, 916], [470, 916]], '축컷는', 0.16839868492449936), ([[477, 925], [521, 925], [521, 943], [477, 943]], '걸까  ', 0.4792928397655487), ([[514, 1046], [538, 1046], [538, 1082], [514, 1082]], '터', 0.011222554120565498), ([[106.00649859892918, 321.12534453582384], [137.57371628927558, 306.04135760399856], [164.9935014010708, 367.87465546417616], [133.42628371072442, 382.95864239600144]], '병', 0.003634606213998373), ([[43.28204184138226, 844.1333087875939], [106.96467713284495, 852.62577578422], [103.71795815861773, 873.8666912124061], [40.03532286715505, 865.37422421578]], '않으니까', 0.7451067566871643), ([[51.2025477771711, 874.1658598874935], [108.96376674326623, 881.6210274705977], [105.7974522228289, 900.8341401125065], [48.036233256733766, 893.3789725294023]], '권만에..,', 0.5367027265954777), ([[683.7196312006711, 981.4635574408053], [743.7755090628979, 974.07936567109], [746.2803687993289, 996.5364425591947], [686.2244909371021, 1003.92063432891]], '(비', 0.021570883149628732)]
[([[489, 337], [523, 337], [523, 357], [489, 357]], '뭐가', 0.7302854245527485), ([[476, 362], [534, 362], [534, 386], [476, 386]], '나올까 .', 0.4408446507345427), ([[485, 775], [515, 775], [515, 795], [485, 795]], '후롯', 0.20621598817851383), ([[479, 803], [523, 803], [523, 823], [479, 823]], '이거논', 0.4043367178163276), ([[471, 831], [517, 831], [517, 849], [471, 849]], '이거논', 0.8639248325246073), ([[469, 857], [529, 857], [529, 877], [469, 877]], '엄정나게', 0.782867431640625), ([[468, 884], [530, 884], [530, 908], [468, 908]], '악취나는', 0.20490333437919617), ([[471, 913], [529, 913], [529, 933], [471, 933]], '물건이네', 0.9947536587715149), ([[88, 1003], [132, 1003], [132, 1111], [88, 1111]], '톤', 0.22079470611566876), ([[100.1911248646676, 651.0658616744723], [192.99350497244728, 683.7452293381405], [177.8088751353324, 721.9341383255277], [85.00649502755273, 689.2547706618595]], '((33', 0.05808938667178154), ([[777.1745897723519, 1084.0570463609336], [845.9995645705571, 1125.9277160895113], [820.8254102276481, 1167.9429536390664], [751.0004354294429, 1127.0722839104887]], '끝,', 0.01229336894473297)]
[([[302, 70], [410, 70], [410, 96], [302, 96]], '추약한  약취야', 0.7116407917636198), ([[319, 103], [399, 103], [399, 123], [319, 123]], '정말이지  ', 0.9051070921376839), ([[424, 92], [462, 92], [462, 116], [424, 116]], '인간', 0.9998704430459218), ([[418, 120], [468, 120], [468, 146], [418, 146]], '남자의', 0.9998320676316421), ([[420, 150], [456, 150], [456, 174], [420, 174]], '남근', 0.9995527669411209), ([[84, 512], [132, 512], [132, 608], [84, 608]], '올', 0.03495376181919618), ([[697, 653], [759, 653], [759, 693], [697, 693]], '0?', 0.2699058811143898), ([[83, 917], [103, 917], [103, 969], [83, 969]], '#', 0.25982866443661123), ([[442, 1127], [541, 1127], [541, 1196], [442, 1196]], '6,', 0.2806522355740588), ([[336.4789396203098, 39.41419735452669], [390.56774662583734, 34.44865308022325], [392.5210603796902, 61.58580264547331], [337.43225337416266, 66.55134691977675]], '남근이', 0.918065335261686), ([[505.3970077642288, 790.030376865865], [653.9829847229197, 850.5484539831758], [631.6029922357712, 900.969623134135], [483.0170152770803, 839.4515460168242]], '0물중집}', 0.004736537612175985), ([[90.01690703318032, 1042.0538540019409], [254.78443661864554, 1076.0420231633138], [235.9830929668197, 1150.9461459980591], [71.21556338135446, 1116.9579768366862]], '83', 0.07346398434576894)]
[([[78, 778], [102, 778], [102, 804], [78, 804]], '꾸', 0.3277305785914564), ([[88, 814], [122, 814], [122, 842], [88, 842]], '하', 0.37627153073623276), ([[246, 851], [295, 851], [295, 938], [246, 938]], '총', 0.05428300537779851), ([[537, 801], [590, 801], [590, 972], [537, 972]], '#', 0.049536291470420935), ([[560, 979], [603, 979], [603, 1092], [560, 1092]], '3', 0.566295807003371), ([[68.81065158444648, 324.10177918978957], [114.57654680118883, 293.0237837056153], [181.18934841555352, 395.89822081021043], [135.4234531988112, 427.9762162943847]], '집', 0.38152373890634195), ([[721.6278957962323, 324.023166369859], [749.3639582898958, 319.0221594463074], [765.3721042037677, 409.976833630141], [737.6360417101042, 414.9778405536926]], '3', 0.9136493462911552), ([[740.6554922969639, 572.0074212895619], [800.305121343235, 557.0058208072434], [864.3445077030361, 819.9925787104381], [804.694878656765, 834.9941791927566]], '"', 0.9989120344740208)]
[([[669, 0], [707, 0], [707, 45], [669, 45]], '<', 0.9704009330389454), ([[278, 36], [380, 36], [380, 92], [278, 92]], '{"(국입"', 0.018863796885071754), ([[716, 86], [766, 86], [766, 148], [716, 148]], '(제', 0.03067857835065839), ([[104, 152], [160, 152], [160, 176], [104, 176]], '냄에계', 0.4464699537378211), ([[87, 189], [123, 189], [123, 209], [87, 209]], '자지', 0.9844063672117815), ([[759, 147], [801, 147], [801, 205], [759, 205]], '{터"', 0.056335710614669146), ([[99, 216], [166, 216], [166, 244], [99, 244]], '받다니.', 0.5523533821105957), ([[457, 395], [499, 395], [499, 507], [457, 507]], '#', 0.016751498988974767), ([[260, 610], [298, 610], [298, 634], [260, 634]], '알고', 0.9982504271682874), ([[695, 604], [754, 604], [754, 634], [695, 634]], '향송한', 0.22772568464279175), ([[242, 637], [323, 637], [323, 668], [242, 668]], '(잇논거야?', 0.28118462454857396), ([[700, 642], [758, 642], [758, 668], [700, 668]], '일이야', 0.9910248547103035), ([[260, 669], [317, 669], [317, 698], [260, 698]], '정말!!!', 0.9836232773594485), ([[614.5379965673018, -0.9732295212050142], [648.4765808824737, -7.971507353947688], [670.4620034326982, 92.97322952120501], [635.5234191175263, 99.97150735394769]], '@', 0.6543632763581151), ([[339.0748539593629, -13.938595304778442], [427.76132517308423, 15.187686036080516], [406.9251460406371, 74.93859530477845], [317.23867482691577, 44.812313963919486]], '죄음', 0.029317803675004642), ([[700.3170000317804, 5.033400324160141], [754.8532110091743, 11.155963302752294], [741.6829999682196, 120.96659967583986], [687.1467889908257, 113.8440366972477]], '?', 0.0039033950868108125), ([[110.78057847830061, 120.4147520217908], [166.78181229380397, 115.09162510511955], [168.2194215216994, 136.5852479782092], [112.21818770619603, 142.90837489488044]], '대요과', 0.5033631923718958), ([[126.47893962030982, 181.4141973545267], [183.60787035678385, 176.51709332653468], [184.52106037969017, 203.5858026454733], [127.39212964321614, 208.48290667346532]], '청소름', 0.2587460988535122), ([[696.5430712064641, 542.3775281716354], [737.3753467666904, 538.1675896371246], [739.4569287935359, 565.6224718283646], [697.6246532333096, 568.8324103628754]], '인간', 0.9998014941146756), ([[680.9819816180111, 579.7801797798122], [756.6912671009806, 569.6744505323528], [760.0180183819889, 595.2198202201878], [684.3087328990194, 605.3255494676472]], '따위에건', 0.1804656833410263)]
[([[86, 456], [119, 456], [119, 519], [86, 519]], '품', 0.012235991430956439), ([[671, 571], [719, 571], [719, 611], [671, 611]], '반', 0.04038878279221425), ([[668, 1154], [700, 1154], [700, 1188], [668, 1188]], '0', 0.9624611190980126), ([[302.5303870270217, 298.0221024864296], [345.1813675325968, 302.500929464019], [334.4696129729783, 413.9778975135704], [292.8186324674032, 410.499070535981]], '$', 0.3719279146360499), ([[247.60867808297888, 382.01277466957697], [295.1834825961884, 393.9141924377966], [253.39132191702112, 546.987225330423], [206.8165174038116, 535.0858075622034]], '"', 0.5179576783919551), ([[598.5290168497095, 1022.018513991311], [644.3938853444095, 1010.0129427649755], [684.4709831502905, 1160.981486008689], [638.6061146555905, 1173.9870572350246]], '{', 0.4453364445880972)]
[([[143, 153], [193, 153], [193, 169], [143, 169]], '화려다게', 0.44489336013793945), ([[149, 175], [189, 175], [189, 193], [149, 193]], '저절러', 0.3133288969999153), ([[145, 201], [193, 201], [193, 217], [145, 217]], '버로네 ', 0.19073529541492462), ([[270, 540], [304, 540], [304, 572], [270, 572]], '6', 0.7265471554850969), ([[716, 1010], [748, 1010], [748, 1034], [716, 1034]], '들이', 0.4325436967641951), ([[702, 1036], [764, 1036], [764, 1062], [702, 1062]], '[돌아오기', 0.6710038285481673), ([[101, 1065], [129, 1065], [129, 1079], [101, 1079]], '재미', 0.9988372822381765), ([[715, 1071], [749, 1071], [749, 1087], [715, 1087]], '전에 ', 0.2801503053671882), ([[95, 1085], [157, 1085], [157, 1103], [95, 1103]], '박아켓지 0', 0.6753652762160687), ([[219.26190718873656, 393.05477816453487], [259.07864046706356, 384.117732622765], [277.73809281126347, 469.94522183546513], [237.92135953293646, 479.882267377235]], '@', 0.10510189402471415), ([[106.65465441200737, 1038.5201198532081], [134.60835228293266, 1035.8112178778324], [136.34534558799263, 1052.4798801467919], [108.39164771706734, 1055.1887821221676]], '나도', 0.9720427766745232)]
[([[363, 69], [433, 69], [433, 89], [363, 89]], '오랜만이라', 0.6207583967166616), ([[367, 95], [425, 95], [425, 115], [367, 115]], '두근두근', 0.976569414138794), ([[377, 127], [419, 127], [419, 143], [377, 143]], '거리내', 0.27996351777225004), ([[178, 590], [208, 590], [208, 658], [178, 658]], '입', 0.21532934270624438), ([[382, 1040], [430, 1040], [430, 1142], [382, 1142]], '살', 0.26321188269864493), ([[228.09394602135887, 796.1039678918432], [291.80628217150786, 809.7702780676667], [282.9060539786411, 846.8960321081568], [219.19371782849217, 833.2297219323333]], '라$', 0.2720607460524958), ([[292.2828546384055, 808.0516970049982], [383.99975001874844, 847.9500024998125], [365.7171453615945, 886.9483029950018], [274.00024998125156, 847.0499975001875]], "'상55", 0.4598751412515408), ([[358.42275661783697, 1120.0560587509685], [381.3767405592484, 1106.0237495819374], [422.57724338216303, 1176.9439412490315], [398.6232594407516, 1190.9762504180626]], '3', 0.4240990863481784)]
[([[253, 7], [297, 7], [297, 25], [253, 25]], '오랜만', 0.8744058561325171), ([[255, 37], [299, 37], [299, 53], [255, 53]], '이라서', 0.9851581636562121), ([[703, 31], [731, 31], [731, 49], [703, 49]], '별로', 0.9994432855304085), ([[251, 63], [307, 63], [307, 81], [251, 81]], '그런지.', 0.6705119013786316), ([[707, 57], [751, 57], [751, 75], [707, 75]], '자지는', 0.7533102968528063), ([[690, 84], [749, 84], [749, 105], [690, 105]], '아니라고', 0.9999611973762512), ([[689, 107], [752, 107], [752, 134], [689, 134]], '생각햇없', 0.6504231095314026), ([[695, 141], [735, 141], [735, 159], [695, 159]], '눈데.', 0.653490190123505), ([[230, 514], [280, 514], [280, 614], [230, 614]], '콩', 0.005363530763445257), ([[722, 548], [772, 548], [772, 626], [722, 626]], '희"', 0.03141946729376103), ([[397, 761], [437, 761], [437, 781], [397, 781]], '공이 .', 0.5400638580322266), ([[387, 789], [429, 789], [429, 809], [387, 809]], '느거워', 0.1077309941478433), ([[601, 1149], [643, 1149], [643, 1189], [601, 1189]], '말', 0.04215562957757246), ([[234.48725364631224, 156.0263603692286], [274.4152273992687, 145.0172712087756], [306.51274635368776, 262.9736396307714], [266.5847726007313, 274.9827287912244]], '}', 0.2143813631705349), ([[548.5592446385145, 976.0194644152137], [586.8414823144601, 971.0713178724479], [603.4407553614855, 1098.9805355847861], [564.1585176855399, 1103.928682127552]], '8', 0.7328111162972881)]
[([[225, 91], [269, 91], [269, 131], [225, 131]], '_', 0.04510813460648766), ([[440, 382], [488, 382], [488, 488], [440, 488]], '#', 0.01607107988578904), ([[145, 567], [245, 567], [245, 635], [145, 635]], '신 `', 0.43244636058807373), ([[74, 886], [112, 886], [112, 912], [74, 912]], '나른', 0.14937210092848918), ([[54, 921], [125, 921], [125, 952], [54, 952]], '음란하게', 0.4516310691833496), ([[51, 952], [131, 952], [131, 988], [51, 988]], '만들다니', 0.9994400143623352), ([[133, 1087], [153, 1087], [153, 1111], [133, 1111]], '옛', 0.9014688017821335), ([[241.4654469694149, 39.02865681555857], [276.40192094960156, 23.016180224940776], [326.5345530305851, 141.97134318444142], [291.59807905039844, 156.98381977505923]], '~', 0.0057397321792542755), ([[274.64222912360003, 412.0322601798002], [290.3342164602151, 410.0281228847311], [297.35777087639997, 470.9677398201998], [281.6657835397849, 472.9718771152689]], '입', 0.006543362034548361), ([[281.18789204271775, 577.2079357836865], [326.6430735193625, 536.0258883599053], [405.81210795728225, 635.7920642163135], [360.3569264806375, 675.9741116400947]], '$', 0.40963027094500504), ([[678.4975691933033, 681.0210734003099], [725.6765094195839, 670.0382607399171], [755.5024308066967, 811.9789265996901], [708.3234905804161, 822.9617392600829]], '"', 0.9854721860932756), ([[717.0729607040108, 840.0866917312577], [798.8224917997718, 858.6795558167291], [787.9270392959892, 902.9133082687423], [705.1775082002282, 884.3204441832709]], '=;', 0.03458470632847095), ([[67.47893962030982, 991.4141973545267], [125.60787035678386, 986.5170933265347], [127.52106037969018, 1013.5858026454733], [69.39212964321614, 1018.4829066734653]], '건방진', 0.8096758452815331), ([[750.25097310286, 993.0564224788761], [821.9966571329325, 1032.8171954707464], [801.74902689714, 1068.9435775211239], [730.0033428670675, 1030.1828045292536]], ")'", 0.23579836983512895), ([[73.51341170750567, 1031.6620705367552], [131.7323711720972, 1022.0005550930208], [135.48658829249433, 1043.3379294632448], [76.2676288279028, 1053.999444906979]], '자지네', 0.9971656845551048), ([[676.5121428798432, 1053.0238573744], [714.3834824944237, 1039.0147275724921], [758.4878571201568, 1164.9761426256], [720.6165175055763, 1178.9852724275079]], '{', 0.024483467348560772), ([[88.5430712064641, 1058.3775281716353], [131.36805665212898, 1054.1581781594552], [132.4569287935359, 1081.6224718283647], [90.63194334787102, 1085.8418218405448]], '인간', 0.9996452262644692), ([[82.43826238111394, 1102.7506099048912], [136.78152373941646, 1095.0910593166243], [138.56173761888607, 1113.2493900951088], [84.21847626058353, 1121.9089406833757]], "주제에'", 0.8220090270042419)]
[([[304, 210], [334, 210], [334, 268], [304, 268]], '8', 0.51962651387473), ([[414, 100], [488, 100], [488, 250], [414, 250]], '해', 0.18246787628158145), ([[770, 180], [827, 180], [827, 301], [770, 301]], '#', 0.25111292207597913), ([[351, 491], [373, 491], [373, 509], [351, 509]], '하', 0.46976884213947656), ([[60, 876], [128, 876], [128, 900], [60, 900]], '가버려엇', 0.8661468625068665), ([[71, 909], [121, 909], [121, 929], [71, 929]], '자지로', 0.9962453437930818), ([[91, 943], [123, 943], [123, 961], [91, 961]], '려엇', 0.9286807153391577), ([[257.2516257571809, 6.040119541781994], [309.25107698450523, 0.37182887895681827], [320.7483742428191, 112.95988045821801], [268.74892301549477, 119.62817112104318]], '향', 0.023469628358782302), ([[612.1447151510638, 471.0458509048937], [667.1836771395313, 454.08805280418585], [701.8552848489362, 579.9541490951063], [645.8163228604687, 596.9119471958142]], '탑', 0.006558093918806129), ([[708.5086250343203, 685.2276001098248], [735.6052718765552, 660.0367706122473], [793.4913749656797, 726.7723998901752], [766.3947281234448, 751.9632293877527]], '술', 0.5163824120172791), ([[67.06850713433475, 940.230163555236], [94.8521847195391, 945.245406225373], [91.93149286566525, 962.769836444764], [64.1478152804609, 957.754593774627]], '버', 0.8049084604286669)]
[([[196, 46], [234, 46], [234, 72], [196, 72]], '배속', 0.9999295311965442), ([[188, 76], [250, 76], [250, 104], [188, 104]], '안 비원', 0.44155770619454277), ([[199, 115], [249, 115], [249, 135], [199, 135]], '엇네  ..', 0.19519144668164046), ([[161, 401], [210, 401], [210, 499], [161, 499]], '행', 0.020206156424112942), ([[505, 561], [533, 561], [533, 577], [505, 577]], '괜지', 0.03632605556316577), ([[513, 585], [543, 585], [543, 603], [513, 603]], '없어', 0.9914732525595771), ([[39, 871], [83, 871], [83, 889], [39, 889]], '이번에', 0.9973603892576586), ([[24, 892], [73, 892], [73, 918], [24, 918]], '(동구멍-', 0.3249286400273147), ([[439, 913], [475, 913], [475, 927], [439, 927]], '으니까', 0.9533440749871396), ([[45, 923], [87, 923], [87, 939], [45, 939]], '박히 고', 0.669108510017395), ([[43, 949], [97, 949], [97, 967], [43, 967]], '끝 내야지', 0.6417540683327515), ([[29.37982632705396, 351.03861061643164], [63.48316508696368, 339.02339960427406], [94.62017367294604, 440.96138938356836], [59.51683491303632, 451.97660039572594]], '"', 0.6141199977179248)]
[([[749, 31], [793, 31], [793, 49], [749, 49]], '애 초에', 0.5486415552693663), ([[422, 58], [456, 58], [456, 82], [422, 82]], '살짝', 0.7977373264058116), ([[427, 93], [491, 93], [491, 109], [427, 109]], '바나나가', 0.9973242878913879), ([[434, 116], [484, 116], [484, 140], [434, 140]], '되논것', 0.8066551901647641), ([[754, 108], [810, 108], [810, 132], [754, 132]], '아니덧구', 0.6325918436050415), ([[444, 144], [478, 144], [478, 168], [444, 168]], '참은', 0.21255623957535658), ([[432, 174], [490, 174], [490, 198], [432, 198]], '별 일도', 0.9964080871246649), ([[430, 204], [496, 204], [496, 228], [430, 228]], '아날거야', 0.8436564207077026), ([[765, 295], [803, 295], [803, 335], [765, 335]], '유', 0.6126088433057397), ([[137, 335], [177, 335], [177, 375], [137, 375]], '<', 0.017140649319060453), ([[345, 337], [393, 337], [393, 379], [345, 379]], '(군 ', 0.018493471406551717), ([[140, 394], [164, 394], [164, 418], [140, 418]], '9', 0.47093264227909515), ([[808, 502], [834, 502], [834, 550], [808, 550]], '9', 0.34627938233826683), ([[12, 770], [64, 770], [64, 838], [12, 838]], '신', 0.09079994860447105), ([[747.7805784783006, 56.4147520217908], [796.6937799777062, 49.93646373492871], [799.2194215216994, 72.5852479782092], [750.3062200222938, 79.06353626507129]], '깨끗한', 0.7932144561359242), ([[458.6546544120074, 62.520119853208115], [490.63561283860156, 58.849013187650776], [492.3453455879926, 76.47988014679188], [460.36438716139844, 80.15098681234923]], '초로', 0.29252269978345846), ([[754.2850141485749, 89.97100848914495], [798.6909778060619, 80.93201401722403], [801.7149858514251, 98.02899151085505], [757.3090221939381, 107.06798598277597]], '자지도', 0.9784824834547662), ([[25.57420199868772, 839.0181633846463], [69.36802133138383, 845.5963112083037], [51.42579800131228, 965.9818366153537], [7.631978668616169, 960.4036887916963]], '밭', 0.06275702561524188), ([[219.50097371075856, 958.0155793721369], [277.48244440711716, 951.1385523864999], [298.49902628924144, 1133.984420627863], [241.51755559288284, 1141.8614476135]], '3', 0.07753352966414528)]
[([[474, 22], [500, 22], [500, 48], [474, 48]], '하', 0.9999363432524575), ([[73, 39], [111, 39], [111, 103], [73, 103]], '틈', 0.0331677415567333), ([[476, 50], [506, 50], [506, 146], [476, 146]], '@', 0.08325882617654745), ([[365, 247], [425, 247], [425, 412], [365, 412]], '?', 0.07991352856430467), ([[756, 340], [780, 340], [780, 396], [756, 396]], '셋', 0.06087061188702969), ([[69, 723], [97, 723], [97, 743], [69, 743]], '지금', 0.8092925342884332), ([[291, 717], [341, 717], [341, 737], [291, 737]], '설마 이', 0.9647160977660723), ([[289, 745], [345, 745], [345, 763], [289, 763]], '정도까지', 0.9055225849151611), ([[55, 771], [119, 771], [119, 791], [55, 791]], '빼버로다간', 0.2999803538534605), ([[285, 771], [345, 771], [345, 791], [285, 791]], '플길만한', 0.08911954611539841), ([[57, 797], [93, 797], [93, 815], [57, 815]], '분명히', 0.9944090616825292), ([[97, 797], [123, 797], [123, 811], [97, 811]], '바고', 0.5574989804323605), ([[292, 799], [338, 799], [338, 819], [292, 819]], '여유가', 0.9994048894975581), ([[64, 818], [116, 818], [116, 839], [64, 839]], '#직부직', 0.9621361494064331), ([[276, 822], [352, 822], [352, 846], [276, 846]], "'없울줄이야", 0.22321726565181046), ([[57, 843], [127, 843], [127, 863], [57, 863]], '싸버밀거야"', 0.5015575376373376), ([[45.71702284143653, 92.01002206425507], [81.64028270982718, 98.35178500745337], [56.28297715856347, 240.98997793574492], [20.35971729017283, 234.64821499254663]], ';', 0.08569102948570251), ([[305.1401328392153, 688.1942789623521], [336.84438876365704, 693.2265466474987], [333.8598671607847, 712.8057210376479], [302.15561123634296, 707.7734533525013]], "팀히'", 0.10066525976884864), ([[64.65465441200737, 750.5201198532081], [104.75770686333139, 747.0458162741916], [106.34534558799263, 764.4798801467919], [66.24229313666861, 767.9541837258084]], '자지름', 0.40741127910241565), ([[561.4643284159944, 1113.0360302783588], [593.9478247207641, 1109.1139186448675], [603.5356715840056, 1194.9639697216412], [572.0521752792359, 1198.8860813551325]], '국', 0.4500308174238512)]
[([[201, 5], [228, 5], [228, 82], [201, 82]], '열', 0.10133142100966186), ([[204, 92], [230, 92], [230, 118], [204, 118]], '양', 0.9998625564121575), ([[739, 45], [777, 45], [777, 151], [739, 151]], '하', 0.035769630179246725), ([[754, 334], [812, 334], [812, 360], [754, 360]], '갑자기', 0.9972404698225451), ([[772, 400], [810, 400], [810, 424], [772, 424]], '바보', 0.9999896318910091), ([[752, 430], [808, 430], [808, 460], [752, 460]], '자지앗', 0.30712065884744943), ([[277, 545], [320, 545], [320, 636], [277, 636]], '"', 0.055812822481426716), ([[358, 518], [386, 518], [386, 588], [358, 588]], '흙', 0.2962685458833789), ([[386, 484], [416, 484], [416, 622], [386, 622]], '출', 0.07586526044998099), ([[718, 698], [748, 698], [748, 740], [718, 740]], '억', 0.6555917164462244), ([[229, 871], [263, 871], [263, 889], [229, 889]], '잠까', 0.9837990224887401), ([[543, 865], [561, 865], [561, 909], [543, 909]], '몇', 0.3233751005532248), ([[233, 905], [269, 905], [269, 925], [233, 925]], '자지', 0.9999776622433632), ([[543, 907], [561, 907], [561, 933], [543, 933]], '엇', 0.8840548923251532), ([[220, 934], [276, 934], [276, 960], [220, 960]], '빠 질것', 0.8444215655326843), ([[13, 959], [73, 959], [73, 979], [13, 979]], '싸버려', 0.9504209542486999), ([[220, 966], [280, 966], [280, 992], [220, 992]], '같아!!!', 0.985743356846311), ([[2, 994], [90, 994], [90, 1018], [2, 1018]], '싸버려!!!', 0.966160747384592), ([[218, 997], [276, 997], [276, 1026], [218, 1026]], '잠깐만', 0.9998795563198365), ([[477, 982], [510, 982], [510, 1051], [477, 1051]], '흙', 0.10759421145445458), ([[210, 1032], [286, 1032], [286, 1058], [210, 1058]], '잠깐만!! ', 0.6532290505255286), ([[386, 1168], [499, 1168], [499, 1200], [386, 1200]], '19너 1",', 0.03378913893938741), ([[34.497679254335445, 354.03166610925], [70.1575580051053, 351.1711542908056], [77.50232074566456, 440.96833389075], [41.842441994894706, 444.8288457091944]], '밑', 0.039682464292855935), ([[735.3358994113244, 367.5038491169865], [810.7297229979393, 360.7555674568218], [812.6641005886756, 387.4961508830135], [737.2702770020607, 394.2444325431782]], '싸느건데', 0.4750518202781677), ([[347.6232594407516, 588.0237495819375], [370.31735816378057, 580.0168332604627], [399.3767405592484, 672.9762504180625], [376.68264183621943, 679.9831667395373]], '7', 0.004462573235066769), ([[731.5483612478229, 595.0255789808411], [767.1562147856935, 602.630914397354], [749.4516387521771, 690.9744210191589], [714.8437852143065, 684.369085602646]], '흙', 0.589520551978385), ([[429.2365201021611, 729.0987763882121], [452.50132469032263, 719.0421843270966], [474.7634798978389, 772.9012236117879], [452.49867530967737, 783.9578156729034]], '뿐', 0.40539847044284727), ([[300.23034215711596, 1147.0747450012914], [393.93148874773726, 1166.2628458597992], [383.76965784288404, 1205.9252549987086], [290.06851125226274, 1185.7371541402008]], '시비너너', 0.013013821095228195)]
[([[620, 145], [677, 145], [677, 177], [620, 177]], '사 ', 0.025186013374780217), ([[257, 323], [301, 323], [301, 371], [257, 371]], '(', 0.8963208625893095), ([[577, 349], [617, 349], [617, 405], [577, 405]], '외', 0.007982688909380864), ([[435, 533], [491, 533], [491, 571], [435, 571]], '나무오', 0.07878875108053876), ([[614, 540], [662, 540], [662, 588], [614, 588]], '유', 0.0461063852106145), ([[717, 547], [775, 547], [775, 589], [717, 589]], '구', 0.9612753736141464), ([[270, 644], [298, 644], [298, 720], [270, 720]], '양', 0.06103134756588191), ([[713, 732], [835, 732], [835, 980], [713, 980]], '사', 0.034134106261840325), ([[778, 1057], [819, 1057], [819, 1150], [778, 1150]], '직', 0.01934808461672688), ([[784.4976792543355, 45.031666109250004], [848.8037993470085, 100.76261948952735], [822.5023207456645, 131.96833389075], [758.1962006529915, 76.23738051047265]], "'터사", 0.029864180075835214), ([[747.5038610616432, 355.0308884931453], [777.4060547520536, 346.02066342987496], [807.4961389383568, 442.9691115068547], [777.5939452479464, 451.97933657012504]], '불', 0.9885952875449675), ([[331.6076433315133, 384.4975796624806], [367.6699416710901, 351.037519127298], [425.3923566684867, 418.5024203375194], [389.3300583289099, 451.962480872702]], '3', 0.17966744204852692), ([[175.4765760774098, 887.027472735393], [215.56650392724342, 877.0321963303269], [241.5234239225902, 991.972527264607], [201.43349607275658, 1000.9678036696731]], '뭐', 0.2947388848146524), ([[771.5855756629621, 989.0215263644369], [804.8544878964939, 994.4558675755895], [788.4144243370379, 1092.9784736355632], [756.1455121035061, 1087.5441324244105]], '철', 0.05884757784772909)]
[([[66, 22], [104, 22], [104, 46], [66, 46]], '전 부', 0.819274887557115), ([[448, 42], [482, 42], [482, 66], [448, 66]], '사람', 0.9996566890351362), ([[56, 56], [112, 56], [112, 82], [56, 82]], '싸 질러', 0.5388325452804565), ([[435, 73], [481, 73], [481, 93], [435, 93]], '칸테논', 0.10958287590749236), ([[66, 90], [104, 90], [104, 116], [66, 116]], '줄게', 0.9259231517044388), ([[773, 87], [801, 87], [801, 105], [773, 105]], '뚱이', 0.13239104280062328), ([[430, 122], [498, 122], [498, 148], [430, 148]], '나름 안달', 0.7474696080969806), ([[434, 148], [500, 148], [500, 176], [434, 176]], '나게 만든', 0.5541791912116186), ([[449, 183], [493, 183], [493, 201], [449, 201]], '벌이야', 0.9992096496373774), ([[772, 582], [828, 582], [828, 736], [772, 736]], '쥐', 0.07026263749509898), ([[484, 776], [510, 776], [510, 804], [484, 804]], '+', 0.9544599323092804), ([[515, 785], [543, 785], [543, 799], [515, 799]], '', 0.0), ([[551, 777], [573, 777], [573, 797], [551, 797]], '그', 0.7268133351504286), ([[201, 803], [231, 803], [231, 819], [201, 819]], '진짜', 0.9870321568624761), ([[724, 788], [762, 788], [762, 814], [724, 814]], '', 0.0), ([[215, 849], [245, 849], [245, 867], [215, 867]], '구만', 0.9999227035548407), ([[67, 959], [107, 959], [107, 979], [67, 979]], '내가 .', 0.6777586936950684), ([[57, 985], [125, 985], [125, 1005], [57, 1005]], '내가 씹거', 0.4651418526108076), ([[385, 991], [441, 991], [441, 1009], [385, 1009]], '동 싸버길', 0.7682968028553174), ([[69, 1013], [105, 1013], [105, 1029], [69, 1029]], '아냐 ,', 0.8859728608900915), ([[383, 1013], [447, 1013], [447, 1031], [383, 1031]], '정도엎으면', 0.8208082042171956), ([[397, 1035], [435, 1035], [435, 1053], [397, 1053]], '화장실', 0.9993997968173309), ([[393, 1057], [433, 1057], [433, 1071], [393, 1071]], '가라구', 0.9998443183077905), ([[720, 1110], [786, 1110], [786, 1136], [720, 1136]], '1-+>', 0.41524790356977626), ([[421.51341170750567, 102.6620705367551], [496.8437733533457, 93.22508076453586], [499.48658829249433, 114.3379294632449], [424.1562266466543, 123.77491923546414]], '미안하지만', 0.9923137945799567), ([[388.34801863336116, 291.1092540367475], [407.4967507005354, 286.0626722679119], [417.65198136663884, 323.8907459632525], [397.5032492994646, 328.9373277320881]], "'", 0.4922122214275646), ([[320.07373871835836, 627.0719277974933], [366.2773381375378, 620.4489882897515], [375.92626128164164, 702.9280722025067], [329.7226618624622, 709.5510117102485]], '방', 0.013069453075331694), ([[187.44377642240653, 698.0520150387546], [309.99913637306895, 728.9280207270464], [301.55622357759347, 756.9479849612454], [179.00086362693108, 726.0719792729536]], '꾸르로로록', 0.6488804281853905), ([[414.52230268352616, 773.038276637862], [439.4017536880042, 767.027022708769], [457.47769731647384, 840.961723362138], [432.5982463119958, 846.972977291231]], '활', 0.0334655465955882), ([[194.71963120067105, 827.4635574408053], [242.71858576881942, 820.9770322804646], [244.28036879932895, 842.5364425591947], [197.28141423118058, 848.0229677195354]], '냄새나', 0.9992462610230419)]
[([[544, 278], [586, 278], [586, 304], [544, 304]], '부들', 0.9998527420871836), ([[794, 314], [844, 314], [844, 338], [794, 338]], '갈라진', 0.9878763659611218), ([[794, 342], [846, 342], [846, 368], [794, 368]], '복근올', 0.9873597987205073), ([[620, 374], [689, 374], [689, 403], [620, 403]], '초딩이관', 0.4339119791984558), ([[789, 372], [854, 372], [854, 400], [789, 400]], '가리도록', 0.9998174905776978), ([[799, 409], [847, 409], [847, 427], [799, 427]], '하세요', 0.37712483624016524), ([[564, 460], [604, 460], [604, 490], [564, 490]], '부들', 0.9988202862842659), ([[134, 580], [206, 580], [206, 610], [134, 610]], '굉장해애 !', 0.3646869317792483), ([[291, 607], [309, 607], [309, 631], [291, 631]], '틀', 0.3714747629501858), ([[118, 618], [180, 618], [180, 642], [118, 642]], '무치무지', 0.3451704978942871), ([[129, 649], [163, 649], [163, 669], [129, 669]], '힘내', 0.16132733465983293), ([[616.170867717451, 409.6221280326862], [697.7981092551311, 402.91806442134936], [698.829132282549, 427.3778719673138], [617.2018907448689, 434.08193557865064]], '권세하니까', 0.23791228204113116), ([[180.65465441200737, 616.5201198532081], [216.7052025048219, 612.9548758841414], [218.34534558799263, 630.4798801467919], [182.2947974951781, 634.0451241158586]], '귀어', 0.9323676966739182), ([[168.51341170750567, 645.6620705367551], [226.83469002219215, 639.2038137639544], [228.48658829249433, 657.3379294632449], [170.16530997780785, 663.7961862360456]], '스이카"', 0.8923414945602417)]
[([[677, 75], [709, 75], [709, 95], [677, 95]], '나랑', 0.57844403262071), ([[650, 99], [734, 99], [734, 126], [650, 126]], '자고 싶으면', 0.8139486482637667), ([[6, 126], [110, 126], [110, 152], [6, 152]], '쌀거같으니까', 0.8331948544441364), ([[646, 128], [740, 128], [740, 152], [646, 152]], '마입 당하라구', 0.352088574012647), ([[18, 158], [97, 158], [97, 184], [18, 184]], '얼른와서', 0.874665379524231), ([[28, 190], [88, 190], [88, 214], [28, 214]], '입 벌려', 0.5206882919048105)]
[([[35, 143], [57, 143], [57, 161], [35, 161]], '네', 0.9954618559604569), ([[682, 146], [734, 146], [734, 172], [682, 172]], '하이', 0.5986880889008631), ([[79, 169], [103, 169], [103, 189], [79, 189]], "요'", 0.5422396668151022), ([[147, 277], [177, 277], [177, 293], [147, 293]], '해서', 0.6572151946551854), ([[750, 310], [804, 310], [804, 334], [750, 334]], '악쥐나', 0.37187227816457274), ([[760, 348], [812, 348], [812, 376], [760, 376]], '해산물', 0.8575505325885419), ([[768, 390], [804, 390], [804, 414], [768, 414]], '같아', 0.39058371925649304), ([[187, 651], [223, 651], [223, 743], [187, 743]], '철', 0.4712369309701536), ([[58.78057847830061, 140.4147520217908], [88.50515338941375, 136.68299078426296], [90.21942152169939, 156.5852479782092], [61.494846610586244, 160.31700921573704]], '네!', 0.9677016115205432), ([[22.47893962030982, 171.4141973545267], [80.5985567581458, 165.50083263953127], [82.52106037969018, 193.5858026454733], [23.4014432418542, 198.49916736046873]], '잘뒷네', 0.20401955171904312), ([[125.17086771745092, 243.6221280326862], [183.5858026454733, 236.47893962030983], [185.82913228254907, 261.3778719673138], [127.41419735452669, 269.5210603796902]], '새활달콩', 0.5338058471679688), ([[130.51341170750567, 314.6620705367551], [185.7744336024692, 306.077294526716], [188.48658829249433, 326.3379294632449], [132.2255663975308, 333.922705473284]], '맛있어요', 0.5720124244689941), ([[462.4597040961579, 648.0292776846527], [501.3033292614538, 644.172854587208], [511.5402959038421, 749.9707223153473], [471.6966707385462, 753.827145412792]], '질', 0.6589219905710344)]
[([[85, 17], [131, 17], [131, 53], [85, 53]], '[', 0.2579846306191236), ([[533, 53], [607, 53], [607, 69], [533, 69]], '그러니까 .', 0.3296715101513639), ([[217, 63], [259, 63], [259, 79], [217, 79]], '감이다', 0.5998490502891831), ([[306, 260], [420, 260], [420, 290], [306, 290]], '뭐   돈만 잇으면', 0.4389703455436604), ([[308, 286], [415, 286], [415, 318], [308, 318]], '상관없으려나 "', 0.4330421226010359), ([[321, 419], [349, 419], [349, 435], [321, 435]], '드래', 0.8552271485485252), ([[355, 419], [381, 419], [381, 435], [355, 435]], '9 예', 0.9872816801071167), ([[387, 419], [487, 419], [487, 437], [387, 437]], '나오는 _사람이다', 0.19719889045901326), ([[546, 410], [582, 410], [582, 434], [546, 434]], '일단', 0.9990535972986877), ([[97, 419], [183, 419], [183, 459], [97, 459]], '전사 !', 0.9069294521703303), ([[524, 438], [611, 438], [611, 467], [524, 467]], '비밀이니까', 0.9553503600048086), ([[528, 468], [618, 468], [618, 494], [528, 494]], '조용히 말해', 0.5926103834783829), ([[41, 473], [137, 473], [137, 513], [41, 513]], '무투가 !', 0.7030705827906192), ([[29, 545], [93, 545], [93, 583], [29, 583]], '신관', 0.9998535849878993)]
