859759
36
[([[29, 3], [397, 3], [397, 21], [29, 21]], '예-40- (어제- [신8니--사- 2005   못[히다 버서5 #청-', 0.000111422387611661), ([[153, 65], [263, 65], [263, 83], [153, 83]], '깨신,이오,퓨:,5', 1.4271979875633903e-05), ([[122, 102], [294, 102], [294, 152], [122, 152]], '"때뻗네', 0.001809749286621809), ([[156, 166], [254, 166], [254, 178], [156, 178]], '합4음+어-덥', 1.364333340703068e-06), ([[25, 875], [181, 875], [181, 915], [25, 915]], '(예-장탁-', 0.001267597069640328), ([[24, 902], [176, 902], [176, 928], [24, 928]], ':@큰신@나-_]', 0.0003081889002890689), ([[25, 933], [89, 933], [89, 949], [25, 949]], '(예신.-시', 0.001803852171938664), ([[97, 933], [203, 933], [203, 949], [97, 949]], '4-신내불 (어어-$', 0.0010463453676106944), ([[317, 931], [527, 931], [527, 951], [317, 951]], '잘시미 / -1숫#_스|염#', 0.0007087305369250205)]
[([[0, 0], [301, 0], [301, 127], [0, 127]], ' 우%', 0.0014423889632190084), ([[451, 0], [675, 0], [675, 131], [451, 131]], '로', 0.004409511985449532), ([[68, 606], [168, 606], [168, 636], [68, 636]], '"한', 0.02861377231603837), ([[11, 809], [47, 809], [47, 823], [11, 823]], '그" &', 0.21999230868554823), ([[59, 809], [123, 809], [123, 823], [59, 823]], '0주?', 0.12680826136825576), ([[603, 809], [653, 809], [653, 825], [603, 825]], '#시끼)', 0.15862497687339783), ([[1, 821], [223, 821], [223, 953], [1, 953]], '";', 0.0338052084752861)]
[]
[([[395, 0], [463, 0], [463, 13], [395, 13]], '9916404', 0.003087890133594366), ([[469, 0], [519, 0], [519, 11], [469, 11]], '(우`6', 0.0008929637260735035), ([[523, 0], [619, 0], [619, 11], [523, 11]], '무니라이', 0.0014779992634430528), ([[625, 0], [667, 0], [667, 11], [625, 11]], '200', 0.3978751857988904)]
[([[162, 456], [282, 456], [282, 488], [162, 488]], '[ 0 $ [', 0.22304797143912147), ([[321, 459], [341, 459], [341, 483], [321, 483]], '^', 0.06410030716439508), ([[382, 456], [472, 456], [472, 488], [382, 488]], '3 [ 7', 0.36363154465487624), ([[229, 485], [411, 485], [411, 501], [229, 501]], '-6400 (어-( ?신8니-서:6', 0.0002982047660854396)]
[]
[]
[]
[]
[]
[]
[([[342, 72], [398, 72], [398, 102], [342, 102]], '5 욕', 0.03396978601813316), ([[142, 418], [212, 418], [212, 446], [142, 446]], '$ [ *', 0.14030826897451584), ([[232, 418], [356, 418], [356, 446], [232, 446]], '$  ^ 벼 [', 0.15701259573874948), ([[373, 418], [507, 418], [507, 448], [373, 448]], '좁 ^ 0 모 0', 0.024580248686180875), ([[219, 453], [407, 453], [407, 469], [219, 469]], '-령9톤천어 (령상- ? 3-되7그 2005', 3.79982304827192e-06)]
[]
[]
[([[55, 919], [85, 919], [85, 937], [55, 937]], '{교미', 0.034719479840482875)]
[([[372, 90], [556, 90], [556, 116], [372, 116]], '춤 속수 ## * {:묘0 버', 0.012969194637783819), ([[343, 133], [489, 133], [489, 149], [343, 149]], '8 +50 - 1 " +-= > 급', 0.16767757650512424), ([[391, 145], [551, 145], [551, 161], [391, 161]], '스*037 *24초<497', 0.013919103817350096), ([[343, 173], [427, 173], [427, 187], [343, 187]], '터7 3 (?)? 그', 0.0973185497148889), ([[377, 155], [578, 155], [578, 186], [377, 186]], '{모:로주;:[축#"다 하다"\'', 0.005806405716139844), ([[451, 173], [603, 173], [603, 187], [451, 187]], '+수수- 40++ =77', 0.04878587099047912), ([[343, 185], [545, 185], [545, 201], [343, 201]], '\'거서대} _ $ 406이수구스 + "8', 0.009830072080068048), ([[69, 731], [179, 731], [179, 745], [69, 745]], '구+ > + *요내나{', 0.08817425398238164), ([[69, 747], [227, 747], [227, 761], [69, 761]], '소히0171(5 $ < +내""', 0.007237643810858268), ([[69, 763], [225, 763], [225, 779], [69, 779]], "7'5스'소+-내규# 근 ;+내", 0.010265400809752986), ([[69, 779], [237, 779], [237, 795], [69, 795]], '" +-^,"+<7+7+내', 0.002127032596129935), ([[68, 795], [238, 795], [238, 811], [68, 811]], '57 #*버순0 =가* > *', 0.005147331732208084), ([[69, 811], [179, 811], [179, 827], [69, 827]], '7 (5뇨? > 7군', 0.039243772870810496), ([[69, 843], [155, 843], [155, 859], [69, 859]], '^^  9:+', 0.046135158790789096), ([[165, 843], [303, 843], [303, 859], [165, 859]], "'50'28 * + (내 (++", 0.0447421930422107)]
[([[125, 0], [330, 0], [330, 64], [125, 64]], '오3기선', 0.00581050431355834), ([[428, 66], [586, 66], [586, 90], [428, 90]], '모꼽히국 4그?체+류', 0.07805535574804726), ([[291, 79], [309, 79], [309, 131], [291, 131]], '품', 0.1845561603277588), ([[53, 75], [91, 75], [91, 195], [53, 195]], '#', 0.18502076878207507), ([[291, 141], [309, 141], [309, 179], [291, 179]], '포', 0.5901419241776154), ([[386, 88], [639, 88], [639, 174], [386, 174]], '언 7,', 0.014341960661113262), ([[309, 157], [327, 157], [327, 179], [309, 179]], '(', 0.9736575784033086), ([[309, 179], [327, 179], [327, 211], [309, 211]], '(?', 0.2415219869612993), ([[346, 145], [669, 145], [669, 254], [346, 254]], ' 츠', 0.009626620847061793), ([[410, 236], [602, 236], [602, 266], [410, 266]], '깨-8 @,.--히:', 0.0001767262354539387), ([[293, 277], [323, 277], [323, 293], [293, 293]], '토', 0.12375604404300944), ([[183, 289], [197, 289], [197, 327], [183, 327]], '출', 0.177930691698581), ([[293, 313], [307, 313], [307, 341], [293, 341]], '톤', 0.23850342431439575), ([[304, 290], [322, 290], [322, 341], [304, 341]], '?', 0.10501675269171429), ([[293, 337], [307, 337], [307, 363], [293, 363]], '5', 0.025857285365660232), ([[63, 397], [101, 397], [101, 411], [63, 411]], '370)', 0.4283127784729004), ([[75, 381], [99, 381], [99, 399], [75, 399]], '느_', 0.22677909664277376), ([[446, 308], [474, 308], [474, 448], [446, 448]], '{', 0.13684566855773994), ([[630, 317], [662, 317], [662, 410], [630, 410]], '복', 0.1818754251275756), ([[59, 403], [105, 403], [105, 439], [59, 439]], '#문', 0.5406906223858823), ([[295, 505], [319, 505], [319, 519], [295, 519]], '( 다', 0.13161850069089293), ([[293, 517], [307, 517], [307, 545], [293, 545]], '춤', 0.16958355758578936), ([[304, 542], [322, 542], [322, 579], [304, 579]], '축', 0.10987861264483456), ([[61, 577], [77, 577], [77, 615], [61, 615]], '꼭', 0.14580717246996588), ([[61, 613], [75, 613], [75, 651], [61, 651]], '톤', 0.5731695226861575), ([[75, 577], [89, 577], [89, 653], [75, 653]], '', 0.0), ([[196, 700], [226, 700], [226, 728], [196, 728]], ';;', 0.08835996422100018), ([[73, 715], [89, 715], [89, 743], [73, 743]], '숲', 0.013386686320616958), ([[74, 714], [104, 714], [104, 768], [74, 768]], '#%', 0.05416385960587377), ([[195, 723], [211, 723], [211, 763], [195, 763]], '푹', 0.3427151952564742), ([[290, 700], [320, 700], [320, 790], [290, 790]], '$', 0.1148962601664607), ([[306, 740], [314, 740], [314, 762], [306, 762]], '1', 0.16767399694106544), ([[229.4187618062809, 589.1862665287932], [257.9906211292435, 594.8633626028629], [255.5812381937191, 604.8137334712068], [227.00937887075654, 599.1366373971371]], '5`예', 0.001952154059162367)]
[([[226, 84], [448, 84], [448, 114], [226, 114]], '[끗올-"친# ^ 국]쇼', 0.001090959056370225), ([[115, 123], [537, 123], [537, 141], [115, 141]], '"스이-#다부끼교 #소부 1체<어사가 켓내표내 <부#로요 #내-하 )3화.', 7.314343095484395e-06), ([[113, 135], [561, 135], [561, 153], [113, 153]], '장주소고형 피내53구사가@#디하  [내 -3-10-금모카_33-77961;', 5.863096015304165e-05), ([[281, 159], [345, 159], [345, 175], [281, 175]], '그="22', 0.16794820187284623), ([[353, 159], [391, 159], [391, 175], [353, 175]], '스비', 0.02096849239892462), ([[153, 177], [203, 177], [203, 191], [153, 191]], '="77-', 0.5235099784806522), ([[368, 180], [392, 180], [392, 188], [368, 188]], '"?', 0.42395425479211224), ([[399, 177], [505, 177], [505, 191], [399, 191]], '반다(넓3 1-]45/사가)', 0.0007216819331332563), ([[217, 187], [267, 187], [267, 199], [217, 199]], '(1.다4:7)', 0.004130294866942886), ([[464, 190], [492, 190], [492, 198], [464, 198]], '@20.9', 0.28388319073437057), ([[146, 174], [254, 174], [254, 222], [146, 222]], '깊다?', 0.17535428695655697), ([[219, 197], [247, 197], [247, 209], [219, 209]], '1그7', 0.10475475341081619), ([[221, 205], [281, 205], [281, 217], [221, 217]], '?미: ] 드#)', 0.020718899993341217), ([[397, 197], [553, 197], [553, 209], [397, 209]], '"시>과싫3교녀리"서시씨#각 -+^보\'', 1.787537773479329e-07), ([[417, 205], [535, 205], [535, 217], [417, 217]], '기리 다5# 다:3고벼 - 드큰선', 1.5333984680153405e-05), ([[151, 215], [217, 215], [217, 229], [151, 229]], '122000-3', 0.35916042020429545), ([[226, 216], [258, 216], [258, 224], [226, 224]], '   -', 0.20989111052855758), ([[412, 216], [436, 216], [436, 224], [412, 224]], '대', 0.017757269631290207), ([[442, 218], [474, 218], [474, 224], [442, 224]], "'77", 0.0023434590263582793), ([[483, 215], [557, 215], [557, 227], [483, 227]], "-5 어3'쑤적3", 0.00024009632959825464), ([[153, 226], [271, 226], [271, 234], [153, 234]], "'5'+6면5굉가박 도", 5.51439441175459e-06), ([[404, 226], [564, 226], [564, 234], [404, 234]], "고_ -'  7대) 주모5음__ ; 9", 1.0772671861984605e-05), ([[157, 233], [295, 233], [295, 245], [157, 245]], "'그*] 둘63[5주물다 ]-", 0.0008976507313412301), ([[404, 236], [458, 236], [458, 244], [404, 244]], '스요7: 1" )', 0.017356905835302628), ([[257, 271], [415, 271], [415, 287], [257, 287]], '7)349)7)1-3=)', 0.02843503023068894), ([[153, 297], [237, 297], [237, 309], [153, 309]], '\')*14)그)8"댁', 0.00268816015163868), ([[367, 295], [395, 295], [395, 309], [367, 309]], '파*무', 0.00376513279665641), ([[399, 295], [507, 295], [507, 309], [399, 309]], '88( 씌{47*+7+주35}', 0.002337676551067727), ([[243, 305], [299, 305], [299, 319], [243, 319]], '{맑드 ? -8)', 0.031407146510757045), ([[398, 307], [484, 307], [484, 313], [398, 313]], '동 -무', 0.01388527322568852), ([[152, 304], [236, 304], [236, 328], [152, 328]], '#로3" 74357', 0.002272027193427916), ([[161, 315], [197, 315], [197, 327], [161, 327]], '4독커#', 0.01501265075057745), ([[400, 316], [478, 316], [478, 324], [400, 324]], "~ 하-다) 7 7하;'", 0.0015099874564641616), ([[483, 315], [543, 315], [543, 327], [483, 327]], "[+' 산7간 곁", 0.0015519561011785173), ([[154, 326], [184, 326], [184, 334], [154, 334]], '띄스:', 0.13995752866157124), ([[418, 326], [544, 326], [544, 334], [418, 334]], " 다도6-오 대 ')예쓰7쇼", 0.0004171955874018303), ([[402, 334], [444, 334], [444, 342], [402, 342]], "하다'-", 0.005279003642499447), ([[452, 334], [496, 334], [496, 342], [452, 342]], '77 - 15', 0.17480792945434045), ([[153, 343], [181, 343], [181, 355], [153, 355]], '세신 5', 0.020659178115668426), ([[177, 335], [247, 335], [247, 355], [177, 355]], '면기 # #', 0.008239970099243772), ([[244, 344], [268, 344], [268, 352], [244, 352]], '175', 0.09308934723321913), ([[401, 343], [547, 343], [547, 355], [401, 355]], '5{청두거\'" 1구트 그 9요서:-1 #', 0.0008493927584993096), ([[283, 385], [381, 385], [381, 401], [283, 401]], '그="가니시구', 0.018905916372224107), ([[158, 412], [214, 412], [214, 420], [158, 420]], '" 기', 0.04801885038614273), ([[365, 411], [393, 411], [393, 423], [365, 423]], "'-우", 0.0018418659495051995), ([[152, 422], [216, 422], [216, 430], [152, 430]], '1 거주"\' ) 그+;', 0.005848080117437712), ([[175, 429], [241, 429], [241, 443], [175, 443]], '(7]=38)', 0.12296236862357231), ([[415, 421], [513, 421], [513, 441], [415, 441]], "'스없$우다 (~가", 0.01863523777024534), ([[152, 440], [182, 440], [182, 448], [152, 448]], '거구7]', 0.07451731711626053), ([[445, 437], [549, 437], [549, 451], [445, 451]], "#시: #다# _꾸가채켜다' ,", 0.004225428422275652), ([[168, 450], [190, 450], [190, 458], [168, 458]], "0 0 '", 0.18148913831405003), ([[198, 450], [230, 450], [230, 458], [198, 458]], '돌니', 0.003932707238412497), ([[173, 457], [283, 457], [283, 471], [173, 471]], '+3431,3적5]규+ 33', 0.004121523814873744), ([[401, 455], [445, 455], [445, 469], [401, 469]], '383', 0.03177804852282878), ([[442, 446], [552, 446], [552, 470], [442, 470]], '눈3있 3시?눈구포-하@', 7.765524506313319e-05), ([[238, 518], [476, 518], [476, 548], [238, 548]], '[히스# 초름뒷탕하권-다', 0.000430083272101942), ([[97, 564], [566, 564], [566, 581], [97, 581]], '오디-하  빠이디스뽑하피 85이5뜯<습^ 국미놓다리.디디표요다요소손리손끓다 다뒤:니-니중', 3.2328901304869423e-07), ([[99, 577], [153, 577], [153, 593], [99, 593]], '디50?', 0.14283409714698792), ([[161, 577], [447, 577], [447, 593], [161, 593]], "=,프소#분7#하0< +^가*3.') | 0 0,~2", 0.00016751734596479964), ([[457, 577], [567, 577], [567, 593], [457, 593]], '0 ]그카<산큼합', 0.00012962195837809857), ([[97, 589], [133, 589], [133, 603], [97, 603]], '4사)', 0.22410765186705553), ([[140, 588], [363, 588], [363, 605], [140, 605]], '##형뉴니 1국형-교시0 #-삼^ 국-#입', 4.501563278485777e-06), ([[373, 589], [449, 589], [449, 605], [373, 605]], '-하친내 다3', 0.005741162754448566), ([[467, 589], [567, 589], [567, 605], [467, 605]], '@다= 3터7리', 0.004793468977522363), ([[99, 601], [165, 601], [165, 617], [99, 617]], '7형3,7', 0.004448728274264871), ([[173, 603], [233, 603], [233, 617], [173, 617]], '4사-리<', 0.04583638173660359), ([[230, 590], [518, 590], [518, 618], [230, 618]], '5내@문항  소름표싶습다들표 속능{하손훈로 #콤증체', 7.559382243631792e-07), ([[183, 625], [223, 625], [223, 643], [183, 643]], '오뉘다', 0.004952134063466786), ([[401, 627], [503, 627], [503, 643], [401, 643]], '-]덧(차 초#)', 0.02718362053783457), ([[95, 641], [181, 641], [181, 657], [95, 657]], '그= " \'107', 0.11793677954612623), ([[347, 643], [407, 643], [407, 657], [347, 657]], '감4/-4/', 0.005017003282138024), ([[99, 655], [255, 655], [255, 669], [99, 669]], "훌-: 최+)'대-하대3디처-)", 1.767313608955524e-06), ([[353, 657], [489, 657], [489, 671], [353, 671]], '7+구:/요_8금38 이,8', 0.0005992127357264736), ([[95, 667], [181, 667], [181, 683], [95, 683]], '*0)7"22', 0.11625555428112119), ([[439, 669], [499, 669], [499, 685], [439, 685]], '소름 (구#)', 0.007461733621980537), ([[99, 679], [265, 679], [265, 697], [99, 697]], '훌+데://> 서-76--`5디명', 4.751906145806907e-06), ([[343, 683], [437, 683], [437, 701], [343, 701]], '79315+이?', 0.008582296637751263), ([[93, 693], [157, 693], [157, 711], [93, 711]], '금화5', 0.12211233526014052), ([[353, 695], [547, 695], [547, 714], [353, 714]], '"(음-//감최 87?형그)-,새 ;명/~급3드리슷이:', 1.4334985241865606e-07), ([[99, 709], [259, 709], [259, 723], [99, 723]], '++명:/ 감감3/|미3못져<기음', 1.920498539629994e-06), ([[449, 711], [477, 711], [477, 727], [449, 727]], '자표', 0.09231969497510181), ([[343, 725], [401, 725], [401, 741], [343, 741]], "'오' [", 0.037351713125413445), ([[93, 733], [169, 733], [169, 749], [93, 749]], '소-/하하산뚜', 0.0042358213780883695), ([[353, 739], [489, 739], [489, 753], [353, 753]], '"++구:/커 -라3-갚<)7', 5.7727433105457895e-06), ([[99, 749], [293, 749], [293, 763], [99, 763]], '"오:/ 비% +3디337] 9룹기.싣표]-잖명', 1.1457423718899299e-07), ([[415, 753], [501, 753], [501, 769], [415, 769]], '미 벼 (히]})', 0.014873659728907133), ([[93, 759], [145, 759], [145, 775], [93, 775]], '75표국거하', 0.0007062867339495717), ([[349, 767], [421, 767], [421, 783], [349, 783]], '그"2 가루', 0.09807783582472855), ([[99, 775], [239, 775], [239, 789], [99, 789]], '훌명:/ 신신-7스-여신디),;)', 2.816269702468385e-06), ([[353, 781], [527, 781], [527, 795], [353, 795]], "'오;무비%,오!형퉁미-'절:밥밥7", 7.16473781032832e-08), ([[149, 799], [187, 799], [187, 815], [149, 815]], '129', 0.07642843494599202), ([[197, 797], [259, 797], [259, 815], [197, 815]], '7"핑', 0.10856877579497552), ([[437, 795], [489, 795], [489, 809], [437, 809]], '뜨 의]', 0.11264589428901672), ([[93, 811], [241, 811], [241, 829], [93, 829]], '그="77내-<<0료', 0.033311176931606415), ([[347, 805], [423, 805], [423, 823], [347, 823]], '따럽유건표', 0.0006490634032865827), ([[353, 819], [565, 819], [565, 833], [353, 833]], '"+ : 쁨문]다:) 7산다<]-스마/대-퍽니7383', 1.3794246831063514e-08), ([[99, 825], [247, 825], [247, 841], [99, 841]], "훌'(구://름조거+@후꼬싣형허라표)7", 1.6314314837661124e-08), ([[183.4929798734366, 719.1380657848422], [212.95782628522116, 723.7126521144337], [211.5070201265634, 737.8619342151578], [181.04217371477884, 733.2873478855663]], '-멋5', 0.30060262159240425)]
[([[290, 82], [372, 82], [372, 108], [290, 108]], '#우- 쫓금', 0.05007539459719826), ([[75, 119], [341, 119], [341, 135], [75, 135]], '-요근대하-손7내-,3)/느-2한나금다 .', 0.00028022364652215744), ([[75, 141], [293, 141], [293, 157], [75, 157]], "#하 ([독니아요규-도+'쓰하 =", 2.872186007125504e-06), ([[301, 143], [459, 143], [459, 159], [301, 159]], '5내<#내무-손나금디3', 0.0008431988376277314), ([[75, 153], [425, 153], [425, 171], [75, 171]], '둘{미스템 2 소7   준소*춤 다장+낫즐손리6<내#니중내 < (국)', 5.912546889724289e-06), ([[75, 165], [379, 165], [379, 183], [75, 183]], '"밥시비-0`_고나#하떤-[-묵}\'] ? <내.나금다맵', 2.670993624906134e-06), ([[75, 179], [143, 179], [143, 193], [75, 193]], '그법 나3/', 0.005999035542507712), ([[161, 178], [533, 178], [533, 195], [161, 195]], '조나-손워-소떤<슬#|근사즐소버계리상)나 다 그벼 <손근3따화', 5.470494172072622e-06), ([[75, 190], [259, 190], [259, 205], [75, 205]], '3[0들 근33,기073-손', 0.0011895815645253862), ([[266, 189], [427, 189], [427, 207], [266, 207]], '심현3손다다 소디손 규(쇼.', 0.002165499452527715), ([[75, 201], [409, 201], [409, 219], [75, 219]], "초별꿈묘3요념<.내고손금+' 손구똑속 모간내합 주손다", 2.1837829154087744e-06), ([[75, 223], [179, 223], [179, 239], [75, 239]], '손< 슬미교-3', 0.014546184239396954), ([[189, 223], [255, 223], [255, 237], [189, 237]], "6 바*0?')", 0.1393059768066151), ([[263, 223], [329, 223], [329, 237], [263, 237]], '*수*디9', 0.058419723820070754), ([[75, 235], [153, 235], [153, 249], [75, 249]], '행0기>', 0.0013647297164425254), ([[107, 247], [173, 247], [173, 261], [107, 261]], "'군첫소:^3", 0.0020850621345870654), ([[163, 235], [185, 235], [185, 249], [163, 249]], '다', 0.9066890313789742), ([[170, 234], [324, 234], [324, 260], [170, 260]], "'@화호]살##부잇3#하", 0.00019481508569577912), ([[181, 245], [273, 245], [273, 261], [181, 261]], '패스퇴존 31 *', 0.0773396461880001), ([[278, 234], [346, 234], [346, 262], [278, 262]], '3#하굶', 0.012744871899485588), ([[321, 247], [379, 247], [379, 263], [321, 263]], '*내-05', 0.02401720960769894), ([[343, 237], [379, 237], [379, 251], [343, 251]], '(얼07', 0.019737383350729942), ([[377, 231], [579, 231], [579, 267], [377, 267]], "'슬집로31다;-름름다#중류-밤_즌", 4.3967126249112e-06), ([[75, 259], [171, 259], [171, 273], [75, 273]], '버-하금내소 (로)', 0.051879782642128704), ([[75, 270], [415, 270], [415, 287], [75, 287]], '대보_2-2기05+17주-하+드 +라니드나3쑤+히+염+/7', 6.227337699067579e-06), ([[425, 270], [551, 270], [551, 286], [425, 286]], '<나]산되니운내디', 0.00029451701189963243), ([[75, 283], [185, 283], [185, 297], [75, 297]], '소별금1손5-8]', 0.007360486816744102), ([[193, 283], [523, 283], [523, 299], [193, 299]], '도거 -@-하얻 하 좌산이중<54 3논+ 두나7소계3금내 -', 6.780290505106761e-06), ([[77, 295], [163, 295], [163, 309], [77, 309]], "실',+금)", 0.0033044254930952644), ([[193, 295], [349, 295], [349, 311], [193, 311]], '5스다:-다*신금니', 0.002424969410357319), ([[357, 294], [475, 294], [475, 312], [357, 312]], '#새뇌해손딴 끊 ,', 0.0033539555442320713), ([[70, 304], [112, 304], [112, 334], [70, 334]], ';유품', 0.004923243114001459), ([[107, 307], [141, 307], [141, 321], [107, 321]], '끼꺼]', 0.11735410988330841), ([[136, 306], [206, 306], [206, 332], [136, 332]], "'국중당윗금*", 0.002736839660649019), ([[170, 306], [320, 306], [320, 334], [170, 334]], '싶금 ]튼등] 킬요,<', 0.0001173182606659348), ([[241, 306], [381, 306], [381, 323], [241, 323]], '6"나모니디하금니소 @)', 0.0006545109010728059), ([[109, 319], [141, 319], [141, 333], [109, 333]], '다니{', 0.008337567868162282), ([[75, 337], [271, 337], [271, 351], [75, 351]], '손< 우구0보59-4,스)-나해)망', 9.643043579680633e-05), ([[75, 349], [275, 349], [275, 363], [75, 363]], '#7그당이  ]345월:[.83,1', 0.0005827486474811357), ([[279, 349], [511, 349], [511, 365], [279, 365]], '더)]진0*디4 14고느*7-꿀 4 지히;내', 0.0006659758674736257), ([[75, 361], [229, 361], [229, 375], [75, 375]], '보델<쑤-감손 <느표- 다가)', 0.0013885941332392497), ([[237, 361], [325, 361], [325, 375], [237, 375]], '(어)귀 식와0>버', 1.5413614190506813e-05), ([[320, 358], [533, 358], [533, 379], [320, 379]], '(모_그미) #)가소4박<다싹? <칼다 .', 0.00017987201469665614), ([[107, 373], [457, 373], [457, 389], [107, 389]], "<화+'소내1}/3? `430하 353/엽쿠:내금다 {} (:)", 2.2137938708973073e-05), ([[75, 384], [497, 384], [497, 401], [75, 401]], '하거버 디리뉴%섯* 다::?다리이 )거0시리리손 -(3]-37니디리 망', 5.7570565231322484e-08), ([[75, 395], [457, 395], [457, 414], [75, 414]], '71?<<52019" 크그포간손년 다내익375*타-\'3/<하0<', 0.00038580070427997695), ([[75, 409], [121, 409], [121, 423], [75, 423]], '슬학이"', 0.07096512615680695), ([[141, 409], [393, 409], [393, 425], [141, 425]], '<실타 비표둘형<@구 &버따 다[쳐-더춤내 [금합 ,', 4.065486733245012e-06), ([[75, 429], [243, 429], [243, 445], [75, 445]], '-진디:-의교-형츠< %:"<', 0.00011377895235224426), ([[253, 431], [381, 431], [381, 445], [253, 445]], '<처#손 # 디하 (로)', 0.00922855918336352), ([[75, 441], [287, 441], [287, 457], [75, 457]], '슬#( 3년-근73이 굽고고-#늄 ? 손0', 0.00021730286194360937), ([[271, 491], [393, 491], [393, 527], [271, 527]], '0쌀 삼0', 0.06760882472169216), ([[75, 518], [406, 518], [406, 545], [75, 545]], '떨비이 싸+_스 ` [- @기."0소0140', 1.7059590422407783e-05), ([[415, 523], [583, 523], [583, 543], [415, 543]], '배_-소청 초 "소;우^', 7.500831769867154e-05), ([[79, 537], [449, 537], [449, 557], [79, 557]], '@하미시 <"신 )해3 5_ 논 준 "- #사3 3', 0.00016359400184259436), ([[77, 551], [265, 551], [265, 571], [77, 571]], '#규어{`현어', 0.0017128753578818144), ([[277, 553], [553, 553], [553, 573], [277, 573]], '0간머(한 :"소20 <1: "1-*3', 2.1555172406122723e-05), ([[79, 567], [157, 567], [157, 585], [79, 585]], '피 계씨하 뉴', 0.03554598626015111), ([[165, 567], [507, 567], [507, 587], [165, 587]], '05뜻.  _ # @현. 결히&초앙5 _ 논#  ;간 5.', 3.827548127041876e-06), ([[98, 606], [250, 606], [250, 654], [98, 654]], '@생똑 스출-{도', 0.01006433284009592), ([[225, 613], [293, 613], [293, 627], [225, 627]], '구"0)50)', 0.311471711948478), ([[236, 600], [484, 600], [484, 653], [236, 653]], '알 9중어:" ##끗# # 표', 1.0827183108207692e-05), ([[298, 598], [360, 598], [360, 630], [298, 630]], '#춧#하다', 0.028251085097462752), ([[483, 623], [545, 623], [545, 639], [483, 639]], '>료랑. 굳 0) 군', 0.0014065735762461608), ([[103, 633], [127, 633], [127, 647], [103, 647]], '54', 0.27106907752169457), ([[102, 644], [160, 644], [160, 670], [102, 670]], '숲으소포우', 0.010435064292121007), ([[125, 645], [203, 645], [203, 659], [125, 659]], '소< 377 ', 0.33501412037781403), ([[252, 644], [322, 644], [322, 668], [252, 668]], '# 대', 0.1169009125582064), ([[327, 645], [557, 645], [557, 661], [327, 661]], '-# 미[ = ##]어)413;3]511-81) , 표뉴', 0.000302233369377313), ([[205, 655], [257, 655], [257, 669], [205, 669]], '나]진 제요', 0.00989129923879761), ([[263, 655], [335, 655], [335, 669], [263, 669]], '거스.:', 0.001444002497009933), ([[343, 657], [389, 657], [389, 671], [343, 671]], '1녀 7', 0.04969214087669251), ([[103, 665], [149, 665], [149, 679], [103, 679]], '#미-람', 0.060043610632419586), ([[156, 664], [255, 664], [255, 681], [156, 681]], '수중  스 내스3) -', 0.018016108949249106), ([[208, 662], [406, 662], [406, 692], [208, 692]], '\'문격하꿈록_ _[중월다} " 극솜"', 2.118488901898779e-05), ([[402, 668], [466, 668], [466, 692], [402, 692]], '노; ) >', 0.20355477885547824), ([[413, 667], [437, 667], [437, 681], [413, 681]], '#', 0.15139474000608644), ([[127, 677], [213, 677], [213, 691], [127, 691]], '-구"소디7 거', 0.06509181977371721), ([[463, 676], [587, 676], [587, 691], [463, 691]], '+70소스손#--니초+ ,', 0.010554795828525601), ([[308, 702], [350, 702], [350, 728], [308, 728]], '및낙', 0.07068017974499435), ([[95, 733], [139, 733], [139, 751], [95, 751]], '{꿈귀', 0.04234044525350167), ([[172, 730], [481, 730], [481, 767], [172, 767]], "글분8구니'조?';1주소- 내요#록%(36)", 5.6649026366610324e-05), ([[93, 743], [169, 743], [169, 781], [93, 781]], '회출^', 0.007633308373344909), ([[177, 761], [285, 761], [285, 777], [177, 777]], '%[로 (-예꼬스--', 0.0007261515065573525), ([[95, 785], [139, 785], [139, 803], [95, 803]], '포;리', 0.02149576889668961), ([[97, 773], [139, 773], [139, 791], [97, 791]], '타설러', 0.0033217882737367524), ([[174, 772], [284, 772], [284, 804], [174, 804]], '208중{63;', 0.031988818481560426), ([[179, 787], [231, 787], [231, 803], [179, 803]], '2 0 0 5', 0.9975267123770086), ([[279, 771], [355, 771], [355, 809], [279, 809]], "'#필음출", 0.001737572058274695), ([[351, 775], [393, 775], [393, 791], [351, 791]], '(구-))', 0.02128653959562239), ([[361, 785], [405, 785], [405, 805], [361, 805]], '교목{;', 0.016082018613815308), ([[99, 813], [141, 813], [141, 831], [99, 831]], '1문#', 0.01297276647682135), ([[179, 811], [575, 811], [575, 831], [179, 831]], '주 102-0083*337{+32표324-4-3느구" )-13#25 찢 [로이', 0.0014449552330822431), ([[97, 827], [155, 827], [155, 843], [97, 843]], '주끗:-7톤', 0.0001967984152922878), ([[181, 828], [379, 828], [379, 846], [181, 846]], '사+오://>>추9.형</형 ;형/~오라83-처', 1.3146581759140497e-06), ([[95, 845], [293, 845], [293, 859], [95, 859]], "'2005 3454다) 네~'- 5니5--성5'.)", 1.576841781450913e-05), ([[305, 845], [375, 845], [375, 859], [305, 859]], '7-엉0 몽꾸항', 0.00022652567112954025), ([[122, 858], [160, 858], [160, 864], [122, 864]], "57:''5", 0.034166183589784634), ([[174, 856], [214, 856], [214, 864], [174, 864]], "'5 5", 0.4432094693183899), ([[224, 858], [290, 858], [290, 864], [224, 864]], '론', 0.0011755727007472516), ([[288, 854], [333, 854], [333, 868], [288, 868]], "-]+' @:", 0.00026595996182801986), ([[334, 858], [502, 858], [502, 866], [334, 866]], "혼디'(]섯 '응 7 7출'대어-훨-시", 2.987642303159707e-06), ([[506, 858], [556, 858], [556, 866], [506, 866]], '~675대', 0.005431473225227288), ([[96, 866], [214, 866], [214, 874], [96, 874]], '-->-)7 -면구80 &의 나우니', 3.077139296911069e-05), ([[231, 865], [535, 865], [535, 877], [231, 877]], "떼이모밥청오 편물 대 ]매형3 닦망 ']나즐더]-오6- -형,5 01 [5 0어-*", 8.00790622995549e-08)]
[([[89, 25], [109, 25], [109, 47], [89, 47]], '잘', 0.9996394244086595), ([[423, 37], [443, 37], [443, 63], [423, 63]], '쉬', 0.9431519666583519), ([[570, 44], [616, 44], [616, 68], [570, 68]], '기기', 0.9991623077481498), ([[78, 50], [122, 50], [122, 74], [78, 74]], '부탁', 0.9998793778504272), ([[329, 61], [383, 61], [383, 81], [329, 81]], '이라고', 0.9995041974568869), ([[64, 74], [130, 74], [130, 100], [64, 100]], '드러요', 0.8183705632822176), ([[329, 81], [383, 81], [383, 101], [329, 101]], '합니다', 0.919244396054814), ([[572, 68], [608, 68], [608, 92], [572, 92]], '스!', 0.9989677269200489), ([[423, 97], [443, 97], [443, 125], [423, 125]], '잇', 0.9396527889013129), ([[572, 92], [616, 92], [616, 120], [572, 120]], '의기', 0.9749571428054803), ([[70, 278], [130, 278], [130, 302], [70, 302]], '신물도', 0.7687036175622028), ([[336, 286], [392, 286], [392, 310], [336, 310]], '이렇게', 0.9037769236905062), ([[60, 300], [138, 300], [138, 324], [60, 324]], '안사오고', 0.9978910088539124), ([[318, 308], [376, 308], [376, 332], [318, 332]], '되서는', 0.5918328426889861), ([[406, 300], [470, 300], [470, 324], [406, 324]], '하하하', 0.9998357841267757), ([[71, 323], [131, 323], [131, 343], [71, 343]], '번번한', 0.13449439814189254), ([[326, 332], [364, 332], [364, 356], [326, 356]], '몇일', 0.9967097501896873), ([[419, 327], [459, 327], [459, 347], [419, 347]], '록 ?', 0.8649885654449463), ([[70, 344], [130, 344], [130, 368], [70, 368]], '식객들', 0.9851530120750396), ([[317, 355], [387, 355], [387, 375], [317, 375]], '신세지고', 0.8521728337349578), ([[406, 348], [468, 348], [468, 372], [406, 372]], '인사해', 0.9975007449227076), ([[70, 366], [134, 366], [134, 390], [70, 390]], '이구만', 0.9997135537018573), ([[326, 374], [382, 374], [382, 398], [326, 398]], '싶은데', 0.9617557648363744), ([[418, 372], [460, 372], [460, 396], [418, 396]], '아지', 0.9869837053353778), ([[516, 416], [546, 416], [546, 448], [516, 448]], '크', 0.9999125022955155), ([[28, 464], [110, 464], [110, 490], [28, 490]], '숙박료는', 0.6906670331954956), ([[513, 449], [549, 449], [549, 485], [513, 485]], '헤', 0.8870695335446932), ([[576, 460], [600, 460], [600, 484], [576, 484]], '뭐', 0.9999884367323411), ([[27, 491], [51, 491], [51, 511], [27, 511]], '이', 0.9681018075765593), ([[58, 490], [102, 490], [102, 514], [58, 514]], '야한', 0.9973157963505237), ([[513, 483], [549, 483], [549, 519], [513, 519]], '헤', 0.9495197971143767), ([[576, 486], [622, 486], [622, 512], [576, 512]], '좋아', 0.994671074666467), ([[38, 514], [100, 514], [100, 538], [38, 538]], '몸으로', 0.9841915841774446), ([[564, 512], [628, 512], [628, 538], [564, 538]], '그대신', 0.9999307618526357), ([[28, 536], [110, 536], [110, 562], [28, 562]], '대신지불', 0.9981003403663635), ([[14, 560], [118, 560], [118, 586], [14, 586]], '해주는걸로', 0.34860576097633267), ([[24, 714], [70, 714], [70, 740], [24, 740]], '너아', 0.9774366174766848), ([[306, 722], [330, 722], [330, 748], [306, 748]], '정', 0.9999459989208823), ([[545, 659], [655, 659], [655, 773], [545, 773]], '당', 0.9998949793733836), ([[27, 741], [47, 741], [47, 763], [27, 763]], '무', 0.999946714157435), ([[309, 747], [329, 747], [329, 771], [309, 771]], '말', 0.9999817610618642), ([[24, 762], [48, 762], [48, 788], [24, 788]], '해', 0.9998554043591277), ([[272, 778], [296, 778], [296, 802], [272, 802]], '자', 0.9999734165051031), ([[262, 802], [306, 802], [306, 826], [262, 826]], '이제', 0.9987698709214148), ([[250, 826], [312, 826], [312, 850], [250, 850]], '자아지', 0.9986783918637527), ([[264, 852], [288, 852], [288, 876], [264, 876]], '록', 0.840968575272516), ([[91, 915], [168, 915], [168, 945], [91, 945]], '한글번역', 0.915881335735321), ([[188, 918], [228, 918], [228, 942], [188, 942]], '서생', 0.5107877371227686), ([[234, 918], [278, 918], [278, 942], [234, 942]], '식자', 0.999881147955982), ([[287, 919], [325, 919], [325, 939], [287, 939]], '기위', 0.634825022064419), ([[338, 918], [544, 918], [544, 942], [338, 942]], '룹://명아*,아`감; <아<', 0.00011713945645631157), ([[429.1490996492694, 689.0241538271413], [518.5133976548067, 631.0087884796445], [671.8509003507306, 894.9758461728587], [582.4866023451933, 952.9912115203555]], '울', 0.03651099845921468)]
[([[54, 2], [144, 2], [144, 32], [54, 32]], '번역: 서생', 0.9847594613923711), ([[160, 2], [252, 2], [252, 32], [160, 32]], '식자: 키위', 0.6914675745469786), ([[301, 0], [402, 0], [402, 30], [301, 30]], '포르노키위', 0.8998000022686264), ([[441, 1], [616, 1], [616, 30], [441, 30]], '[아*미|`감.<어값', 1.283303300323161e-05), ([[382, 48], [408, 48], [408, 74], [382, 74]], '아', 0.999310254819509), ([[592, 58], [616, 58], [616, 86], [592, 86]], '몇', 0.9996511048467518), ([[383, 75], [405, 75], [405, 95], [383, 95]], '아', 0.9991358002324979), ([[592, 86], [618, 86], [618, 114], [592, 114]], '일', 0.9999631646687455), ([[594, 114], [618, 114], [618, 142], [594, 142]], '후', 0.9999945163801982), ([[351, 278], [428, 278], [428, 307], [351, 307]], '요몇일간', 0.835952877998352), ([[441, 293], [503, 293], [503, 307], [441, 307]], '3카자-1도다', 0.0005962049786479899), ([[60, 294], [118, 294], [118, 318], [60, 318]], '어어 ~', 0.5679287475752063), ([[362, 304], [422, 304], [422, 328], [362, 328]], '적들도', 0.9474164952998673), ([[60, 318], [122, 318], [122, 342], [60, 342]], '한가해', 0.9982596057514935), ([[351, 327], [427, 327], [427, 347], [351, 347]], '오지않고', 0.37020960450172424), ([[60, 342], [122, 342], [122, 366], [60, 366]], '보이네', 0.5379886031150818), ([[351, 349], [427, 349], [427, 369], [351, 369]], '한가하네', 0.9992509484291077), ([[175, 383], [371, 383], [371, 499], [175, 499]], '퍽떡', 0.0340162279124473), ([[410, 434], [456, 434], [456, 460], [410, 460]], '아양', 0.8242615746137024), ([[570, 450], [632, 450], [632, 474], [570, 474]], '하다면', 0.9994836888441518), ([[584, 426], [626, 426], [626, 450], [584, 450]], '심심', 0.999226355836274), ([[410, 460], [454, 460], [454, 486], [410, 486]], '록이', 0.2311395289732078), ([[582, 474], [626, 474], [626, 498], [582, 498]], '나랑', 0.9347558003710006), ([[410, 484], [454, 484], [454, 514], [410, 514]], '보고', 0.9999976397772992), ([[582, 498], [626, 498], [626, 522], [582, 522]], '한판', 0.9957015406984445), ([[159, 457], [342, 457], [342, 583], [159, 583]], '우냥', 0.06648798681833222), ([[326, 506], [380, 506], [380, 564], [326, 564]], '디', 0.9950950834550554), ([[410, 510], [454, 510], [454, 540], [410, 540]], '있장', 0.26345440636249823), ([[582, 522], [626, 522], [626, 546], [582, 546]], '어때', 0.9993686143121325), ([[143, 615], [197, 615], [197, 635], [143, 635]], '그렇게', 0.915444528549404), ([[335, 611], [385, 611], [385, 631], [335, 631]], '추접히', 0.6938096023842129), ([[132, 634], [202, 634], [202, 658], [132, 658]], '심심하면', 0.9967479109764099), ([[334, 630], [390, 630], [390, 654], [334, 654]], '남자는', 0.4343700078327385), ([[149, 657], [187, 657], [187, 677], [149, 677]], '가서', 0.9998920214816683), ([[222, 660], [266, 660], [266, 684], [222, 684]], '너무', 0.9998665656852048), ([[344, 652], [384, 652], [384, 676], [344, 676]], '미움', 0.8139305544443516), ([[143, 679], [195, 679], [195, 699], [143, 699]], '특이량', 0.3491498454120056), ([[345, 675], [383, 675], [383, 695], [345, 695]], '받는', 0.3188977704645198), ([[141, 696], [196, 696], [196, 722], [141, 722]], '놀아쥐', 0.7240809434540332), ([[234, 684], [272, 684], [272, 708], [234, 708]], '해 ~', 0.28056515361053713), ([[335, 695], [389, 695], [389, 715], [335, 715]], '기라구', 0.9321453760122106)]
[([[54, 2], [145, 2], [145, 31], [54, 31]], '번역: 서생', 0.9966377867512076), ([[158, 2], [250, 2], [250, 30], [158, 30]], '식자:키위', 0.9975589174012984), ([[301, 0], [402, 0], [402, 30], [301, 30]], '포르노키위', 0.924628470125049), ([[441, 1], [616, 1], [616, 30], [441, 30]], '[어*미|유감.<어값', 2.51365785268887e-05), ([[155, 267], [193, 267], [193, 287], [155, 287]], '대신', 0.9992953774246989), ([[145, 287], [199, 287], [199, 307], [145, 307]], '록한데', 0.5548561425448781), ([[620, 296], [662, 296], [662, 320], [620, 320]], '알지', 0.5143162334379867), ([[145, 309], [197, 309], [197, 329], [145, 329]], '손대지', 0.9987050226669576), ([[629, 321], [653, 321], [653, 341], [629, 341]], '!2', 0.5491431566856891), ([[144, 328], [198, 328], [198, 352], [144, 352]], '않기로', 0.8113282918930054), ([[154, 348], [194, 348], [194, 372], [154, 372]], '한거', 0.9981629762972356), ([[70, 358], [112, 358], [112, 386], [70, 386]], '웅웅', 0.10279600636937851), ([[144, 370], [200, 370], [200, 394], [144, 394]], '잊지마', 0.9807366208579473), ([[599, 371], [653, 371], [653, 391], [599, 391]], '이번엔', 0.9927795758217544), ([[68, 382], [114, 382], [114, 408], [68, 408]], '알아', 0.7838645501667574), ([[598, 390], [654, 390], [654, 414], [598, 414]], '어절수', 0.33298560972993935), ([[68, 406], [110, 406], [110, 430], [68, 430]], '안대', 0.9951637940613354), ([[609, 413], [645, 413], [645, 433], [609, 433]], '없이', 0.9999482440623205), ([[588, 432], [660, 432], [660, 456], [588, 456]], '한번하게', 0.9972929358482361), ([[598, 454], [654, 454], [654, 478], [598, 478]], '해주는', 0.9532164671932146), ([[607, 477], [647, 477], [647, 497], [607, 497]], '거야', 0.9454611426922481), ([[261, 679], [301, 679], [301, 699], [261, 699]], '가나', 0.18879204739431377), ([[63, 689], [83, 689], [83, 715], [63, 715]], '응', 0.999859814788806), ([[398, 688], [438, 688], [438, 712], [398, 712]], '이렇', 0.8807797567467588), ([[188, 700], [232, 700], [232, 726], [188, 726]], '속욕', 0.8477800722913159), ([[263, 701], [301, 701], [301, 721], [263, 721]], '오래', 0.7422467426216303), ([[400, 708], [438, 708], [438, 732], [400, 732]], '거나', 0.8673521094297834), ([[176, 726], [238, 726], [238, 750], [176, 750]], '더러위', 0.46102953312602685), ([[248, 720], [308, 720], [308, 746], [248, 746]], '창앗던', 0.057185527615197886), ([[400, 730], [440, 730], [440, 754], [400, 754]], '들이', 0.9999457152906813), ([[176, 748], [240, 748], [240, 774], [176, 774]], '지니까', 0.9864924072575703), ([[262, 744], [302, 744], [302, 768], [262, 768]], '모양', 0.9997241178771631), ([[386, 752], [444, 752], [444, 776], [386, 776]], '대다니', 0.9977863493496681), ([[261, 767], [301, 767], [301, 787], [261, 787]], '이네', 0.9845069726870148), ([[460, 812], [512, 812], [512, 860], [460, 860]], '탁', 0.996268898164999), ([[168, 844], [210, 844], [210, 868], [168, 868]], '벗겨', 0.33170820999714984), ([[168, 868], [192, 868], [192, 892], [168, 892]], '쥐', 0.9999616149771242), ([[562, 884], [588, 884], [588, 912], [562, 912]], '학', 0.9893956225261951), ([[563, 913], [583, 913], [583, 937], [563, 937]], '흐', 0.9738134426417133)]
[([[114, 6], [168, 6], [168, 30], [114, 30]], '그런건', 0.9980392811331488), ([[280, 6], [322, 6], [322, 30], [280, 30]], '아아', 0.8976908414505577), ([[125, 29], [161, 29], [161, 49], [125, 49]], '아무', 0.9999710873843435), ([[204, 34], [244, 34], [244, 58], [204, 58]], '성인', 0.9995864801690476), ([[278, 28], [320, 28], [320, 52], [278, 52]], '못참', 0.4398976137492323), ([[124, 48], [162, 48], [162, 72], [124, 72]], '대도', 0.5766753009562229), ([[192, 56], [248, 56], [248, 80], [192, 80]], '여자의', 0.9999536117467628), ([[278, 50], [320, 50], [320, 74], [278, 74]], '켓어', 0.8993243446908241), ([[124, 68], [162, 68], [162, 94], [124, 94]], '졸으', 0.4206532143603305), ([[204, 78], [244, 78], [244, 102], [204, 102]], '냄새', 0.9978083935964274), ([[124, 90], [162, 90], [162, 114], [124, 114]], '니까', 0.8120941150476917), ([[134, 154], [160, 154], [160, 210], [134, 210]], '자', 0.17039509237850226), ([[575, 229], [595, 229], [595, 255], [575, 255]], '으', 0.9521590748507016), ([[577, 283], [597, 283], [597, 309], [577, 309]], '응', 0.9998282267908998), ([[26, 308], [72, 308], [72, 336], [26, 336]], '빨리', 0.9999704973335122), ([[26, 336], [76, 336], [76, 366], [26, 366]], '끝내', 0.942975330531494), ([[567, 331], [607, 331], [607, 383], [567, 383]], '응응', 0.27669147904188846), ([[24, 366], [76, 366], [76, 396], [24, 396]], '자구', 0.9999822140762555), ([[22, 480], [66, 480], [66, 504], [22, 504]], '저런', 0.9999533859037634), ([[355, 475], [391, 475], [391, 495], [355, 495]], '마리', 0.9999587806309789), ([[526, 472], [556, 472], [556, 502], [526, 502]], '하', 0.6987791471729565), ([[277, 489], [297, 489], [297, 513], [277, 513]], '뭐', 0.9999679329581888), ([[10, 504], [74, 504], [74, 530], [10, 530]], '홍독한', 0.10589546717067827), ([[22, 528], [66, 528], [66, 552], [22, 552]], '자지', 0.9999369488968335), ([[276, 514], [324, 514], [324, 540], [276, 540]], '뭐야', 0.9567865220878046), ([[353, 493], [397, 493], [397, 563], [353, 563]], '홀꽃', 0.015586124247285999), ([[22, 552], [66, 552], [66, 576], [22, 576]], '라니', 0.9994089837633456), ([[276, 540], [324, 540], [324, 570], [276, 570]], '저거', 0.9999802753318743), ([[344, 556], [398, 556], [398, 580], [344, 580]], '있다니', 0.9971967819255557), ([[484, 546], [514, 546], [514, 572], [484, 572]], "'하", 0.9042792328388619), ([[212, 674], [248, 674], [248, 698], [212, 698]], '자 .', 0.9739214988649415), ([[212, 700], [258, 700], [258, 724], [212, 724]], '잠까', 0.5637548313728414), ([[212, 726], [258, 726], [258, 750], [212, 750]], '아안', 0.9283485592065603), ([[574, 818], [600, 818], [600, 844], [574, 844]], '아', 0.9909108926649743), ([[554, 846], [582, 846], [582, 872], [554, 872]], '아', 0.9995816191634646), ([[578, 868], [606, 868], [606, 896], [578, 896]], '싸', 0.8993377872686779), ([[178, 930], [256, 930], [256, 956], [178, 956]], '한글번역', 0.7005444169044495), ([[276, 932], [314, 932], [314, 956], [276, 956]], '서생', 0.9989546653737692), ([[373, 933], [411, 933], [411, 953], [373, 953]], '기위', 0.4715778801863649), ([[428, 932], [628, 932], [628, 958], [428, 958]], '룹((오://명아*,아트감.<)"', 1.2494105065097531e-05)]
[([[636, 28], [664, 28], [664, 54], [636, 54]], '아', 0.9993495807026456), ([[64, 54], [108, 54], [108, 80], [64, 80]], '록군', 0.2782061551500908), ([[134, 56], [158, 56], [158, 82], [134, 82]], '잇', 0.8656759071245688), ([[359, 13], [401, 13], [401, 91], [359, 91]], '푹', 0.9962924576690426), ([[48, 80], [116, 80], [116, 106], [48, 106]], '깨켓어', 0.2735712073597346), ([[435, 171], [453, 171], [453, 201], [435, 201]], '들', 0.9461294038776238), ([[418, 202], [460, 202], [460, 234], [418, 234]], '부들', 0.9624212806212705), ([[506, 320], [534, 320], [534, 346], [506, 346]], '아', 0.9989874543180122), ([[512, 370], [536, 370], [536, 398], [512, 398]], '양', 0.9899298839527546), ([[102, 460], [148, 460], [148, 484], [102, 484]], '아아', 0.8519173325993747), ([[387, 443], [429, 443], [429, 489], [387, 489]], '으약', 0.24346879795902543), ([[594, 452], [620, 452], [620, 478], [594, 478]], '아', 0.9915804023131756), ([[407, 469], [427, 469], [427, 493], [407, 493]], '약', 0.7084582170100475), ([[90, 482], [156, 482], [156, 508], [90, 508]], '좋아아', 0.5304287075996399), ([[386, 488], [428, 488], [428, 514], [386, 514]], '으약', 0.9682328820273196), ([[43, 522], [100, 522], [100, 548], [43, 548]], '앞쪽이', 0.9991467500447878), ([[170, 532], [200, 532], [200, 560], [170, 560]], '하', 0.9607642157566012), ([[443, 511], [479, 511], [479, 551], [443, 551]], '비', 0.062114440324505305), ([[55, 547], [91, 547], [91, 567], [55, 567]], '스처', 0.9835280642040862), ([[55, 569], [91, 569], [91, 589], [55, 589]], '저서', 0.9999725203653584), ([[383, 535], [424, 535], [424, 618], [383, 618]], '백', 0.6365260283573662), ([[443, 547], [481, 547], [481, 589], [443, 589]], '걱', 0.7702501020583128), ([[288, 780], [330, 780], [330, 804], [288, 804]], '우아', 0.9998651327486631), ([[289, 805], [327, 805], [327, 825], [289, 825]], '안에', 0.9778435804217771), ([[288, 824], [326, 824], [326, 848], [288, 848]], '들어', 0.9982442768891631), ([[274, 846], [336, 846], [336, 872], [274, 872]], '갚다가', 0.8671791387351492), ([[26, 826], [112, 826], [112, 929], [26, 929]], '지출', 0.06445044126910444), ([[286, 870], [328, 870], [328, 894], [286, 894]], '나뭇', 0.10521019055803064), ([[286, 890], [330, 890], [330, 914], [286, 914]], '다가:', 0.7716915032727979), ([[210, 932], [284, 932], [284, 956], [210, 956]], '한글반역', 0.8728184103965759), ([[304, 932], [346, 932], [346, 956], [304, 956]], '저생', 0.8199177821821315), ([[357, 933], [395, 933], [395, 953], [357, 953]], '식자', 0.9982563247066385), ([[405, 933], [441, 933], [441, 953], [405, 953]], '기위', 0.7475915867117302), ([[456, 932], [662, 932], [662, 956], [456, 956]], '룹오://명아*,기`;<아값', 7.083128318508897e-05), ([[110.47657607740979, 212.02747273539296], [149.37652750934194, 216.60089588696277], [136.5234239225902, 316.97252726460704], [97.62347249065806, 312.3991041130372]], '', 0.0), ([[557.2619071887366, 530.0547781645348], [627.9966571329325, 569.8171954707464], [606.7380928112634, 606.9452218354652], [536.0033428670675, 567.1828045292536]], "'계격 '", 0.0682857338698664), ([[204.23034215711596, 749.0747450012914], [272.94702727392587, 771.3511735988067], [260.76965784288404, 807.9252549987086], [192.05297272607416, 784.6488264011933]], '주주', 0.8612307322851446), ([[191.25097310286003, 770.0564224788761], [264.9649413709747, 802.4089355510745], [244.74902689713997, 845.9435775211239], [171.0350586290253, 813.5910644489255]], '붐분', 0.18095512046315923)]
[([[4, 4], [62, 4], [62, 28], [4, 28]], '확실히', 0.9942656696178624), ([[4, 26], [64, 26], [64, 50], [4, 50]], '굳들에', 0.11339573448236118), ([[221, 29], [263, 29], [263, 49], [221, 49]], '안돼!', 0.2852279512551431), ([[14, 48], [56, 48], [56, 72], [14, 72]], '사정', 0.9999350944702502), ([[210, 48], [262, 48], [262, 72], [210, 72]], '그냥은', 0.9812915793114496), ([[4, 70], [64, 70], [64, 94], [4, 94]], '해야해', 0.5275658201355397), ([[219, 71], [257, 71], [257, 91], [219, 91]], '안대', 0.2903294580307412), ([[573, 75], [611, 75], [611, 137], [573, 137]], '쭉', 0.9808710588024496), ([[432, 91], [484, 91], [484, 180], [432, 180]], '줄', 0.15098269275315435), ([[564, 236], [604, 236], [604, 260], [564, 260]], '마리', 0.9999681371312066), ([[362, 248], [404, 248], [404, 274], [362, 274]], '그냥', 0.998627384636046), ([[562, 258], [604, 258], [604, 284], [562, 284]], '장의', 0.9940745876428417), ([[348, 270], [412, 270], [412, 298], [348, 298]], '햇으면', 0.9583202349450785), ([[564, 280], [604, 280], [604, 304], [564, 304]], '보지', 0.9824118292834694), ([[362, 298], [404, 298], [404, 322], [362, 322]], '좁더', 0.44484430224427063), ([[564, 302], [604, 302], [604, 328], [564, 328]], '정말', 0.9999899690647899), ([[9, 299], [51, 299], [51, 389], [9, 389]], '품', 0.0914714243413215), ([[350, 320], [412, 320], [412, 346], [350, 346]], '좋앞을', 0.40735946979365506), ([[362, 346], [406, 346], [406, 370], [362, 370]], '테데', 0.17802681521913025), ([[556, 324], [616, 324], [616, 348], [556, 348]], '맛있는', 0.25976233067188215), ([[559, 347], [617, 347], [617, 367], [559, 367]], '보지야', 0.9996228457055332), ([[599, 399], [621, 399], [621, 419], [599, 419]], '아', 0.9978262091395642), ([[0, 436], [76, 436], [76, 460], [0, 460]], '어까서어', 0.8915358781814575), ([[10, 414], [52, 414], [52, 438], [10, 438]], '아아', 0.9971223315928626), ([[111, 383], [223, 383], [223, 495], [111, 495]], '?', 0.04685710109072283), ([[582, 420], [622, 420], [622, 446], [582, 446]], '자아', 0.9991944159157052), ([[10, 458], [52, 458], [52, 482], [10, 482]], '아양', 0.8753058511854378), ([[206, 402], [336, 402], [336, 522], [206, 522]], '초', 0.020644154018923055), ([[589, 469], [609, 469], [609, 493], [589, 493]], '잠', 0.9978276380958881), ([[586, 490], [610, 490], [610, 514], [586, 514]], '깐', 0.6666843327559526), ([[0, 508], [92, 508], [92, 614], [0, 614]], '첫', 0.4791275619055), ([[162, 530], [288, 530], [288, 652], [162, 652]], '꿀', 0.16672970850786228), ([[227, 669], [247, 669], [247, 715], [227, 715]], '왜', 0.9913881072987039), ([[581, 689], [603, 689], [603, 709], [581, 709]], '아', 0.9993365911586949), ([[580, 712], [620, 712], [620, 736], [580, 736]], '안돼', 0.5667538155115739), ([[229, 735], [249, 735], [249, 757], [229, 757]], '에', 0.9910365642608667), ([[580, 736], [622, 736], [622, 760], [580, 760]], '에옛', 0.9719425459528902), ([[12, 796], [129, 796], [129, 850], [12, 850]], '후으욕', 0.9188337738197008), ([[30, 848], [113, 848], [113, 901], [30, 901]], '으욕', 0.8661418346245179), ([[92, 932], [154, 932], [154, 959], [92, 959]], '한글번(', 0.6772972941398621), ([[186, 930], [228, 930], [228, 958], [186, 958]], '서생', 0.963907590546866), ([[234, 932], [324, 932], [324, 956], [234, 956]], '식자 : 키위', 0.5533744557443818), ([[338, 932], [498, 932], [498, 958], [338, 958]], "룹권:/ ,6*슬홍니감'", 2.3087692413123468e-05), ([[501, 939], [537, 939], [537, 953], [501, 953]], '(어', 0.004437207412753451), ([[607.4089355510745, -2.964941370974719], [647.1376264161538, 6.107019076253569], [627.5910644489255, 90.96494137097471], [586.8623735838462, 80.89298092374644]], '품', 0.7526620587106123), ([[235.36307024470153, 208.05103551714942], [268.5382690894811, 199.03638215927555], [289.63692975529847, 277.9489644828506], [256.4617309105189, 287.96361784072445]], '벼', 0.07938309245980069), ([[255.26066649625483, 721.0227972393284], [351.7985746324273, 748.840031590894], [305.7393335037452, 906.9772027606716], [210.2014253675727, 880.159968409106]], '$', 0.058866058161728185)]
[([[25, 0], [79, 0], [79, 19], [25, 19]], '그래도', 0.9998689573690298), ([[25, 19], [79, 19], [79, 39], [25, 39]], '나에게', 0.9575991130743234), ([[4, 38], [94, 38], [94, 62], [4, 62]], '다리벌리고', 0.9931292880257342), ([[576, 36], [616, 36], [616, 60], [576, 60]], '위험', 0.4747099852942858), ([[6, 60], [94, 60], [94, 84], [6, 84]], '있논장면은', 0.23001052930429103), ([[564, 60], [622, 60], [622, 84], [564, 84]], '햇다구', 0.6370823971460408), ([[17, 83], [89, 83], [89, 103], [17, 103]], '보이기가', 0.9993686676025391), ([[564, 82], [624, 82], [624, 106], [564, 106]], '마리장', 0.9963719200118545), ([[645, 83], [667, 83], [667, 101], [645, 101]], '하', 0.9811336498444234), ([[16, 102], [88, 102], [88, 126], [16, 126]], '싫어젠지', 0.27148500084877014), ([[37, 121], [55, 121], [55, 143], [37, 143]], '응', 0.9885369728422688), ([[147, 200], [240, 200], [240, 341], [147, 341]], '철', 0.43060179279842714), ([[555, 295], [577, 295], [577, 315], [555, 315]], '허1', 0.18645043092783806), ([[554, 318], [578, 318], [578, 344], [554, 344]], '잇', 0.10903437331967325), ([[380, 358], [422, 358], [422, 382], [380, 382]], '좋아', 0.6629017790453311), ([[458, 358], [498, 358], [498, 382], [458, 382]], '자기', 0.9997096205637154), ([[575, 365], [611, 365], [611, 385], [575, 385]], '이런', 0.9990621086119714), ([[449, 381], [505, 381], [505, 401], [449, 401]], '괜티라', 0.801468118380461), ([[562, 384], [616, 384], [616, 408], [562, 408]], '큰소리', 0.5041224463435657), ([[282, 400], [326, 400], [326, 426], [282, 426]], '차아', 0.374255082170745), ([[383, 407], [421, 407], [421, 427], [383, 427]], '쌀거', 0.35454699050445504), ([[448, 400], [498, 400], [498, 424], [448, 424]], '도 물', 0.7453944873277278), ([[573, 407], [611, 407], [611, 427], [573, 427]], '내면', 0.9989137956972527), ([[382, 426], [426, 426], [426, 452], [382, 452]], '같아', 0.9667924796976674), ([[458, 422], [498, 422], [498, 446], [458, 446]], '있으', 0.9603925042827145), ([[506, 404], [562, 404], [562, 474], [506, 474]], '꿀', 0.9879612667521229), ([[562, 426], [616, 426], [616, 450], [562, 450]], '못쓰지', 0.9526307043013563), ([[458, 442], [496, 442], [496, 466], [458, 466]], '라구', 0.9997175435064577), ([[579, 453], [611, 453], [611, 471], [579, 471]], '요~', 0.5148133515099467), ([[8, 478], [50, 478], [50, 502], [8, 502]], '그라', 0.9695402560605015), ([[10, 500], [50, 500], [50, 524], [10, 524]], '좁아', 0.42149535491306944), ([[20, 522], [44, 522], [44, 546], [20, 546]], '싸', 0.84178834767323), ([[582, 522], [614, 522], [614, 560], [582, 560]], '움', 0.7183622787025001), ([[9, 541], [53, 541], [53, 589], [9, 589]], '썩다', 0.1380375661492051), ([[547, 633], [615, 633], [615, 709], [547, 709]], '악', 0.6808484445586238), ([[15, 767], [79, 767], [79, 929], [15, 929]], '흙', 0.9077211430851548), ([[136, 932], [214, 932], [214, 959], [136, 959]], '한글번역', 0.8749476671218872), ([[277, 931], [370, 931], [370, 959], [277, 959]], '식작 실기위', 0.10522545276765664), ([[380, 934], [588, 934], [588, 959], [380, 959]], '"하구온기역어`감; 밥_물', 5.495617084642604e-07), ([[0.4620414449886888, 153.0160921313111], [72.33976126103086, 146.30945817331397], [89.53795855501131, 337.9839078686889], [18.66023873896915, 345.690541826686]], '축', 0.023516275996801284), ([[279.41000317999044, 363.45600508798475], [321.40823154386334, 359.2110279959872], [322.58999682000956, 384.54399491201525], [281.59176845613666, 388.7889720040128]], '아아', 0.994760876582135), ([[481.3935926854461, 623.0263158826302], [535.919658647773, 641.020345515059], [498.6064073145539, 751.9736841173698], [444.08034135222704, 733.979654484941]], '물', 0.23762072591623795)]
[([[406, 12], [472, 12], [472, 40], [406, 40]], '하아야', 0.5392895459220594), ([[110, 40], [138, 40], [138, 96], [110, 96]], '화', 0.7088377476981265), ([[312, 48], [368, 48], [368, 74], [312, 74]], '후 이', 0.8141986131668091), ([[408, 48], [468, 48], [468, 72], [408, 72]], '마리장', 0.9982063474233901), ([[420, 70], [460, 70], [460, 94], [420, 94]], '엄청', 0.9977072234035497), ([[158, 90], [188, 90], [188, 120], [158, 120]], '잇', 0.14515381048426335), ([[408, 92], [468, 92], [468, 116], [408, 116]], '중앉어', 0.7406591607819384), ([[24, 122], [84, 122], [84, 146], [24, 146]], '이렇게', 0.34048739807658607), ([[36, 144], [78, 144], [78, 168], [36, 168]], '잔뜩', 0.9996958818874495), ([[24, 166], [84, 166], [84, 190], [24, 190]], '싸버럿', 0.28703255333605426), ([[36, 188], [78, 188], [78, 212], [36, 212]], '잡아', 0.23051344953577962), ([[231, 427], [267, 427], [267, 463], [231, 463]], '압', 0.9664897060043245), ([[395, 425], [453, 425], [453, 461], [395, 461]], '압~', 0.7673660173316993), ([[568, 456], [594, 456], [594, 484], [568, 484]], '다', 0.999999046325911), ([[568, 484], [594, 484], [594, 514], [568, 514]], '음', 0.9985122258000025), ([[568, 514], [596, 514], [596, 544], [568, 544]], '날', 0.9999517208204658), ([[215, 595], [255, 595], [255, 615], [215, 615]], '마마', 0.9995624594600392), ([[77, 597], [103, 597], [103, 670], [77, 670]], '품', 0.32924496656159263), ([[214, 614], [254, 614], [254, 638], [214, 638]], '리리', 0.9999353473465431), ([[286, 622], [332, 622], [332, 648], [286, 648]], '닦0!', 0.03558815138225665), ([[570, 572], [621, 572], [621, 663], [570, 663]], '흙', 0.5696675568823508), ([[216, 646], [256, 646], [256, 670], [216, 670]], '장장', 0.8376448091724829), ([[279, 757], [313, 757], [313, 773], [279, 773]], '야호', 0.9303961578954487), ([[441, 749], [475, 749], [475, 769], [441, 769]], '테리', 0.9974848448652698), ([[588, 752], [612, 752], [612, 776], [588, 776]], '아', 0.9979179025772602), ([[274, 774], [324, 774], [324, 798], [274, 798]], '5 연승', 0.8813906311988831), ([[428, 766], [480, 766], [480, 790], [428, 790]], '치력은', 0.43448092380847186), ([[588, 776], [612, 776], [612, 804], [588, 804]], '차', 0.39312647785076005), ([[429, 787], [479, 787], [479, 807], [429, 807]], '안되는', 0.7447546730061316), ([[275, 803], [311, 803], [311, 823], [275, 823]], '아빠', 0.6867403659738831), ([[440, 804], [476, 804], [476, 828], [440, 828]], '모양', 0.9999615622905302), ([[439, 825], [475, 825], [475, 845], [439, 845]], '이네', 0.9966758127741293), ([[593, 805], [613, 805], [613, 843], [593, 843]], '차', 0.9999017739576175), ([[132, 904], [212, 904], [212, 934], [132, 934]], '한글번역', 0.9855653643608093), ([[228, 904], [368, 904], [368, 932], [228, 932]], '서생   식자 : 키위', 0.5675976034720721), ([[380, 906], [586, 906], [586, 932], [380, 932]], '룹권://명아*아*감;.아<', 0.0001345456256610962)]
[([[54, 10], [94, 10], [94, 36], [54, 36]], '으응', 0.9995034619449907), ([[54, 36], [98, 36], [98, 60], [54, 60]], '알아', 0.9999270867306613), ([[374, 34], [434, 34], [434, 58], [374, 58]], '한번만', 0.993135066969904), ([[54, 60], [98, 60], [98, 84], [54, 84]], '알아', 0.9999088797294993), ([[374, 56], [432, 56], [432, 80], [374, 80]], '이라고', 0.9369529485702515), ([[374, 78], [434, 78], [434, 102], [374, 102]], '안팎다', 0.3270627271911559), ([[7, 107], [86, 107], [86, 136], [7, 136]], '그러니까드', 0.40321152268952265), ([[18, 132], [76, 132], [76, 156], [18, 156]], '손으로', 0.9945929652003872), ([[26, 154], [68, 154], [68, 178], [26, 178]], '라도', 0.9992896466413688), ([[18, 176], [78, 176], [78, 200], [18, 200]], '한번만', 0.9590804409801452), ([[28, 198], [68, 198], [68, 222], [28, 222]], '해쥐', 0.9255720018116479), ([[33, 221], [53, 221], [53, 243], [33, 243]], '응', 0.994156815126189), ([[36, 280], [88, 280], [88, 304], [36, 304]], '나   꼭', 0.9339222925327163), ([[458, 290], [484, 290], [484, 314], [458, 314]], '아', 0.994094770914117), ([[23, 300], [104, 300], [104, 329], [23, 329]], '마리장이', 0.9701447486877441), ([[272, 306], [308, 306], [308, 338], [272, 338]], '탁', 0.9987970634131358), ([[458, 316], [504, 316], [504, 340], [458, 340]], '정말', 0.9999872716754757), ([[24, 324], [102, 324], [102, 348], [24, 348]], '싸거해짓', 0.396032452583313), ([[67, 349], [107, 349], [107, 369], [67, 369]], '해서', 0.998614240133833), ([[60, 436], [118, 436], [118, 460], [60, 460]], '입으로', 0.9969182862102316), ([[564, 430], [602, 430], [602, 454], [564, 454]], '어절', 0.7416059232006266), ([[60, 458], [118, 458], [118, 482], [60, 482]], '하주면', 0.9995232608823706), ([[509, 457], [545, 457], [545, 475], [509, 475]], '특이', 0.6694281102354557), ([[575, 453], [613, 453], [613, 473], [575, 473]], '없네', 0.627679216340691), ([[61, 483], [117, 483], [117, 503], [61, 503]], '더빨리', 0.9991239714391477), ([[150, 478], [190, 478], [190, 502], [150, 502]], '잠깐', 0.9636675655711519), ([[506, 476], [544, 476], [544, 500], [506, 500]], '의심', 0.9999529644410586), ([[565, 475], [619, 475], [619, 495], [565, 495]], '빨리싸', 0.9890958500255038), ([[49, 505], [125, 505], [125, 525], [49, 525]], '쌀수있지', 0.7184390425682068), ([[163, 501], [183, 501], [183, 523], [163, 523]], '만', 0.9999744893747362), ([[507, 499], [543, 499], [543, 519], [507, 519]], '하면', 0.9999313013281036), ([[575, 495], [613, 495], [613, 515], [575, 515]], '야돼', 0.3578137881860361), ([[60, 524], [122, 524], [122, 550], [60, 550]], '않들까', 0.23389057538642957), ([[497, 519], [549, 519], [549, 539], [497, 539]], '어쩌러', 0.4079807514518848), ([[223, 609], [259, 609], [259, 629], [223, 629]], '오오', 0.9999330714605809), ([[230, 628], [258, 628], [258, 652], [230, 652]], '기:', 0.5120780989846541), ([[220, 650], [260, 650], [260, 674], [220, 674]], '기분', 0.992252451042918), ([[220, 672], [260, 672], [260, 698], [220, 698]], '줄아', 0.42954823051568486), ([[121, 911], [198, 911], [198, 941], [121, 941]], '한글번역', 0.8134819865226746), ([[216, 914], [258, 914], [258, 938], [216, 938]], '서생', 0.9956555545445184), ([[264, 914], [356, 914], [356, 938], [264, 938]], '식자 : 키위', 0.8237032641501978), ([[368, 914], [574, 914], [574, 940], [368, 940]], '"(오://명아*아`담 <아<', 0.0002416677948478317), ([[458.1970684086417, 144.1094462711102], [521.9945054898935, 162.81851481879434], [513.8029315913583, 185.8905537288898], [450.0054945101064, 167.18148518120566]], "['영-감7", 0.0038788115316679625), ([[217.31215814362656, 178.04753863411125], [289.99460043039034, 220.76769300323767], [266.68784185637344, 259.9524613658888], [194.00539956960966, 217.23230699676233]], '(타탁', 0.06161428407163764)]
[([[422, 14], [466, 14], [466, 44], [422, 44]], '으움', 0.3879337548152191), ([[569, 5], [585, 5], [585, 35], [569, 35]], '후', 0.9752457421687701), ([[295, 29], [315, 29], [315, 55], [295, 55]], '응', 0.9998331139579477), ([[420, 40], [464, 40], [464, 70], [420, 70]], '우울', 0.39265138589833637), ([[545, 41], [561, 41], [561, 67], [545, 67]], '후', 0.9996120114036025), ([[440, 70], [464, 70], [464, 96], [440, 96]], '음', 0.9993114465015687), ([[80, 212], [128, 212], [128, 296], [80, 296]], '흘', 0.4462668996401966), ([[203, 211], [263, 211], [263, 335], [203, 335]], '댐', 0.00968352419434404), ([[71, 311], [93, 311], [93, 331], [71, 331]], '아', 0.999451831620096), ([[64, 334], [112, 334], [112, 362], [64, 362]], '아아', 0.9917698539658224), ([[133, 339], [179, 339], [179, 379], [133, 379]], '탁', 0.9989320508375421), ([[191, 341], [241, 341], [241, 381], [191, 381]], '탁', 0.9819724290281471), ([[269, 321], [313, 321], [313, 377], [269, 377]], '틈', 0.24571314390087284), ([[66, 360], [118, 360], [118, 390], [66, 390]], '아앗', 0.6094953531920296), ([[537, 353], [609, 353], [609, 393], [537, 393]], '만질', 0.9978810931006125), ([[617, 349], [659, 349], [659, 415], [617, 415]], '말딸', 0.15382691264013532), ([[54, 382], [119, 382], [119, 413], [54, 413]], '아아아', 0.9918850100301834), ([[244, 448], [290, 448], [290, 474], [244, 474]], '하아', 0.9631643352960292), ([[244, 478], [292, 478], [292, 506], [244, 506]], '아앗', 0.7290839270695922), ([[244, 506], [294, 506], [294, 534], [244, 534]], '아양', 0.8294580102657617), ([[248, 536], [290, 536], [290, 560], [248, 560]], '아아', 0.9994486794514437), ([[53, 551], [85, 551], [85, 571], [53, 571]], '마미', 0.9607671339415412), ([[53, 567], [91, 567], [91, 605], [53, 605]], '리리', 0.9997204935430285), ([[50, 598], [88, 598], [88, 622], [50, 622]], '짜장', 0.9987378510127783), ([[235, 591], [299, 591], [299, 669], [235, 669]], '국', 0.026437619847897942), ([[253, 681], [295, 681], [295, 727], [253, 727]], '국', 0.9740537920979229), ([[330, 792], [370, 792], [370, 818], [330, 818]], '아~', 0.9999722674863122), ([[316, 820], [366, 820], [366, 848], [316, 848]], '기분', 0.9986682508800664), ([[622, 816], [669, 816], [669, 848], [622, 848]], '움움', 0.3545886957332986), ([[316, 846], [382, 846], [382, 874], [316, 874]], '좋아~', 0.6899911165237427), ([[622, 846], [669, 846], [669, 878], [622, 878]], '움움', 0.44867076172498377), ([[330, 876], [380, 876], [380, 906], [330, 906]], '아0', 0.2025253611953413), ([[609, 879], [669, 879], [669, 919], [609, 919]], "'움움", 0.3902062370351313), ([[26, 904], [104, 904], [104, 932], [26, 932]], '한글번역', 0.981343686580658), ([[120, 904], [260, 904], [260, 930], [120, 930]], '서생  식자 : 기위', 0.9192944979469269), ([[270, 903], [478, 903], [478, 930], [270, 930]], '훌6 명기대밝|;감;-기<', 8.116851558476498e-06), ([[438.4180240380207, 123.04256345854058], [470.17995340238167, 127.64622553479745], [458.5819759619793, 198.9574365414594], [426.82004659761833, 194.35377446520255]], '풀', 0.7240031088841192), ([[480.2828546384055, 319.05169700499823], [520.1202064954937, 310.1271017446027], [537.7171453615945, 397.94830299500177], [497.8797935045064, 406.8728982553973]], '발', 0.24006589762672093), ([[300.2583685632087, 366.06935338500614], [333.5151543239092, 354.03331170589905], [358.7416314367913, 426.93064661499386], [325.4848456760908, 438.96668829410095]], '좁', 0.037787680235453536), ([[215.3859944401545, 482.0965827644789], [231.59965319348078, 480.09201256619747], [235.6140055598455, 516.9034172355211], [219.40034680651922, 518.9079874338025]], '@', 0.032240982241095395), ([[452.7596526541079, 852.0772212328633], [522.6084123285437, 825.1301970748455], [566.2403473458921, 951.9227787671367], [497.3915876714563, 979.8698029251545]], '동', 0.6877432126815428)]
[([[139, 9], [159, 9], [159, 31], [139, 31]], '5', 0.6809121857967035), ([[291, 25], [325, 25], [325, 45], [291, 45]], '뭐히', 0.8229920863853388), ([[582, 20], [626, 20], [626, 46], [582, 46]], '하아', 0.9999365274361579), ([[363, 39], [395, 39], [395, 59], [363, 59]], '이:', 0.8159437967320103), ([[288, 46], [328, 46], [328, 70], [288, 70]], '려구', 0.9976555864866005), ([[580, 48], [629, 48], [629, 76], [580, 76]], '하아', 0.9994928420099837), ([[350, 60], [410, 60], [410, 84], [350, 84]], '이렇게', 0.25740839506236), ([[571, 82], [632, 82], [632, 110], [571, 110]], '마리장', 0.9610504536194772), ([[564, 160], [604, 160], [604, 184], [564, 184]], '겨드', 0.5871005447325254), ([[556, 184], [612, 184], [612, 208], [556, 208]], '랑이틀', 0.5659511982635027), ([[14, 194], [78, 194], [78, 218], [14, 218]], '아아 ~', 0.8848173022270203), ([[142, 198], [174, 198], [174, 228], [142, 228]], '탁', 0.9995319199075006), ([[295, 185], [315, 185], [315, 229], [295, 229]], '왕', 0.8872160604497026), ([[313, 205], [333, 205], [333, 227], [313, 227]], '깐', 0.6309923458196778), ([[573, 207], [595, 207], [595, 227], [573, 227]], '좀', 0.9977209455043443), ([[14, 220], [86, 220], [86, 250], [14, 250]], '산다이', 0.8784150998624324), ([[294, 226], [332, 226], [332, 250], [294, 250]], '뭐 ?', 0.9602880477905273), ([[544, 226], [620, 226], [620, 252], [544, 252]], '보여줄라', 0.9844799041748047), ([[12, 235], [165, 235], [165, 276], [12, 276]], "싸아'탁 '탁", 0.1300940443856835), ([[294, 248], [332, 248], [332, 272], [294, 272]], '뭐 ?', 0.9765024185180664), ([[100, 310], [142, 310], [142, 334], [100, 334]], '하하', 0.9999254851849975), ([[100, 332], [142, 332], [142, 356], [100, 356]], '아아', 0.9989032623548486), ([[33, 385], [71, 385], [71, 405], [33, 405]], '마리', 0.9998199534108565), ([[30, 404], [70, 404], [70, 430], [30, 430]], '장은', 0.990374135928517), ([[30, 426], [70, 426], [70, 450], [30, 450]], '거드', 0.9927364078847999), ([[20, 450], [78, 450], [78, 474], [20, 474]], '랑이도', 0.7849695522792541), ([[20, 470], [78, 470], [78, 494], [20, 494]], '씩시해', 0.95684748015776), ([[552, 674], [632, 674], [632, 768], [552, 768]], '냉', 0.0453128510081946), ([[558, 796], [586, 796], [586, 828], [558, 828]], '아', 0.9994575521056426), ([[560, 824], [584, 824], [584, 850], [560, 850]], '아', 0.9994686355929758), ([[584, 788], [614, 788], [614, 874], [584, 874]], '%', 0.2183355868174317), ([[560, 876], [590, 876], [590, 908], [560, 908]], '앗', 0.2340703355163356), ([[166, 926], [212, 926], [212, 952], [166, 952]], '식자', 0.9981162082264603), ([[218, 928], [260, 928], [260, 952], [218, 952]], '키위', 0.9787235770792053), ([[270, 928], [314, 928], [314, 952], [270, 952]], '"진', 0.003417118457406332), ([[324, 928], [450, 928], [450, 954], [324, 954]], "'명어*화아*담.<", 0.00013827423550807737), ([[498.547491881197, 309.00853485171984], [589.1805821551742, 329.7140676541627], [530.452508118803, 597.9914651482801], [439.8194178448258, 578.2859323458373]], '대', 0.10706738472131239)]
[([[54, 2], [146, 2], [146, 32], [54, 32]], '번역: 서생', 0.9746401142666726), ([[158, 2], [250, 2], [250, 30], [158, 30]], '식자:키위', 0.9977542533986219), ([[302, 2], [402, 2], [402, 30], [302, 30]], '포르노키위', 0.9125182161136985), ([[441, 1], [616, 1], [616, 30], [441, 30]], '명아*탁아유감;.<어값', 1.5711928025776867e-05), ([[147, 31], [167, 31], [167, 53], [147, 53]], '응', 0.9941928301833549), ([[76, 48], [100, 48], [100, 72], [76, 72]], '응', 0.9984671987290348), ([[137, 53], [175, 53], [175, 73], [137, 73]], '록도', 0.21862255074092152), ([[54, 68], [114, 68], [114, 92], [54, 92]], '이다로', 0.9576226520591294), ([[124, 74], [186, 74], [186, 98], [124, 98]], '괜찮아', 0.9969588077896898), ([[371, 73], [409, 73], [409, 93], [371, 93]], '아직', 0.9961184623161965), ([[67, 93], [107, 93], [107, 113], [67, 113]], '다기', 0.9995895143758966), ([[358, 92], [420, 92], [420, 118], [358, 118]], '당분간', 0.6161861419677734), ([[68, 114], [108, 114], [108, 138], [68, 138]], '할께', 0.5311353303443123), ([[360, 116], [416, 116], [416, 140], [360, 140]], '움직일', 0.9974615964343548), ([[62, 146], [102, 146], [102, 170], [62, 170]], '그럼', 0.997792977794323), ([[358, 138], [416, 138], [416, 162], [358, 162]], '것갈진', 0.8184318033068048), ([[373, 161], [411, 161], [411, 181], [373, 181]], '않아', 0.9963197008530468), ([[118, 558], [156, 558], [156, 584], [118, 584]], '으응', 0.9997806748456132), ([[104, 580], [166, 580], [166, 606], [104, 606]], '걱정마', 0.9985888004302979), ([[118, 604], [158, 604], [158, 628], [118, 628]], '알고', 0.9998595695889662), ([[106, 626], [164, 626], [164, 650], [106, 650]], '있다구', 0.9990967197848384), ([[41, 649], [99, 649], [99, 669], [41, 669]], '하거만', 0.9992260972113355), ([[40, 668], [98, 668], [98, 692], [40, 692]], '해주면', 0.9996072231194549), ([[578, 674], [606, 674], [606, 702], [578, 702]], '항', 0.6204002048034454), ([[39, 693], [93, 693], [93, 713], [39, 713]], '확실히', 0.971664547920227), ([[50, 712], [90, 712], [90, 736], [50, 736]], '나도', 0.9999855015148964), ([[558, 704], [584, 704], [584, 732], [558, 732]], '항', 0.7433117928043345), ([[50, 734], [90, 734], [90, 760], [50, 760]], '환통', 0.18354263447253508), ([[38, 756], [98, 756], [98, 780], [38, 780]], '쓸거구', 0.9987880811061141), ([[616, 788], [656, 788], [656, 812], [616, 812]], '말한', 0.9850324523794918), ([[617, 811], [653, 811], [653, 831], [617, 831]], '대로', 0.9999902219451473), ([[544, 838], [582, 838], [582, 862], [544, 862]], '혹은', 0.9688023204610634), ([[606, 830], [662, 830], [662, 854], [606, 854]], '해줄다', 0.43261210921074533), ([[544, 858], [582, 858], [582, 882], [544, 882]], '절대', 0.9999938465656626), ([[617, 853], [655, 853], [655, 873], [617, 873]], '니까', 0.9399705243429826), ([[535, 881], [587, 881], [587, 901], [535, 901]], '손대면', 0.9989330743190152), ([[545, 903], [581, 903], [581, 923], [545, 923]], '안돼', 0.5156911322284561)]
[([[14, 10], [74, 10], [74, 34], [14, 34]], '이걸로', 0.46163476054164415), ([[136, 16], [182, 16], [182, 44], [136, 44]], '하차', 0.18877412348092362), ([[27, 33], [67, 33], [67, 53], [27, 53]], '연속', 0.9883868142421506), ([[123, 39], [184, 39], [184, 66], [123, 66]], '가버린', 0.9587146313623007), ([[310, 30], [348, 30], [348, 62], [310, 62]], '찌', 0.9969474757841823), ([[378, 24], [408, 24], [408, 52], [378, 52]], '아', 0.9972943512295842), ([[12, 54], [66, 54], [66, 78], [12, 78]], '5번째', 0.9887118275552607), ([[136, 64], [180, 64], [180, 88], [136, 88]], '거야', 0.997138418143212), ([[280, 44], [312, 44], [312, 76], [280, 76]], '릿', 0.044797936102761504), ([[380, 56], [426, 56], [426, 84], [380, 84]], '히익', 0.3298253382773733), ([[26, 76], [68, 76], [68, 100], [26, 100]], '네어', 0.1674508193049437), ([[1, 289], [19, 289], [19, 311], [1, 311]], '꿈', 0.9452215867359115), ([[35, 263], [55, 263], [55, 309], [35, 309]], '풀', 0.5111090499589501), ([[388, 314], [414, 314], [414, 338], [388, 338]], '가', 0.999831206769386), ([[187, 339], [227, 339], [227, 375], [187, 375]], '찌', 0.9707722878982992), ([[289, 335], [331, 335], [331, 373], [289, 373]], '찌', 0.9977595256491192), ([[390, 334], [414, 334], [414, 360], [390, 360]], '버', 0.9681749995426259), ([[555, 297], [621, 297], [621, 373], [555, 373]], '자', 0.6747665808434391), ([[372, 358], [396, 358], [396, 382], [372, 382]], '려', 0.8920711849214058), ([[191, 381], [233, 381], [233, 417], [191, 417]], '릿', 0.26784472917245594), ([[289, 375], [333, 375], [333, 415], [289, 415]], '횟', 0.19287955809776136), ([[279, 437], [315, 437], [315, 457], [279, 457]], '어이', 0.9983131100980768), ([[347, 447], [383, 447], [383, 465], [347, 465]], '아직', 0.9994507021740301), ([[278, 456], [314, 456], [314, 480], [278, 480]], '허리', 0.9997657558523602), ([[344, 464], [386, 464], [386, 488], [344, 488]], '한참', 0.9981756135676402), ([[604, 456], [628, 456], [628, 482], [604, 482]], '의', 0.6265473143736386), ([[210, 478], [320, 478], [320, 506], [210, 506]], '엉덩이 제대로', 0.9775976001393194), ([[332, 488], [392, 488], [392, 512], [332, 512]], '멀없어', 0.9537232190376657), ([[411, 459], [447, 459], [447, 503], [411, 503]], '뿌', 0.10566658697503417), ([[595, 487], [631, 487], [631, 507], [595, 507]], '또 ?', 0.997367799282074), ([[221, 505], [259, 505], [259, 525], [221, 525]], '하고', 0.9999508571283156), ([[276, 498], [314, 498], [314, 522], [276, 522]], '움직', 0.9972810106270478), ([[210, 524], [266, 524], [266, 548], [210, 548]], '항문이', 0.9556123328647774), ([[277, 521], [313, 521], [313, 541], [277, 541]], '여보', 0.8708511205547355), ([[580, 514], [620, 514], [620, 538], [580, 538]], '또오', 0.9999636696098811), ([[221, 547], [257, 547], [257, 567], [221, 567]], '바로', 0.9995193911735374), ([[223, 569], [257, 569], [257, 589], [223, 589]], '보여', 0.9995782203974035), ([[337, 831], [377, 831], [377, 851], [337, 851]], '확되', 0.05581007347683599), ([[328, 852], [386, 852], [386, 876], [328, 876]], '쓰서서', 0.3787867032275128), ([[12, 874], [90, 874], [90, 902], [12, 902]], '한글번역', 0.9886302351951599), ([[106, 874], [244, 874], [244, 900], [106, 900]], '서생  식자 : 키위', 0.7731665065917386), ([[337, 875], [375, 875], [375, 895], [337, 895]], '마구', 0.9999580219969492), ([[9, 897], [216, 897], [216, 925], [9, 925]], '룹(권:/오아*마반담.<기<', 1.2356776621766186e-05), ([[314, 896], [394, 896], [394, 920], [314, 920]], "'가버리게", 0.9903143185121085), ([[326, 918], [386, 918], [386, 942], [326, 942]], '해줄께', 0.34178106689390564), ([[118.388137237664, 334.0630587407872], [142.12132034355963, 341.87867965644034], [127.611862762336, 387.9369412592128], [103.87867965644035, 380.12132034355966]], '꿀', 0.3910910982661022), ([[101.25628541884271, 392.5587995863798], [134.84, 361.12], [152.7437145811573, 383.4412004136202], [119.16, 414.88]], '3?', 0.07778561076814264)]
[([[240, 12], [266, 12], [266, 36], [240, 36]], '가', 0.99946482191298), ([[274, 12], [316, 12], [316, 36], [274, 36]], '가 ~', 0.7023538947105408), ([[188, 22], [222, 22], [222, 54], [188, 54]], '아', 0.9995932992638359), ([[620, 28], [664, 28], [664, 52], [620, 52]], '듯차!', 0.3508692618187617), ([[240, 38], [310, 38], [310, 66], [240, 66]], '간다앗', 0.528798483609263), ([[393, 55], [413, 55], [413, 77], [393, 77]], '안', 0.9998779334127903), ([[254, 64], [298, 64], [298, 88], [254, 88]], '으옥', 0.5449074321871965), ([[629, 71], [659, 71], [659, 91], [629, 91]], '가!', 0.996807859013995), ([[620, 90], [658, 90], [658, 114], [620, 114]], '가화', 0.7571819195225413), ([[52, 186], [102, 186], [102, 248], [52, 248]], '{', 0.990635961920816), ([[49, 245], [69, 245], [69, 267], [49, 267]], '양', 0.9921801976279454), ([[111, 339], [161, 339], [161, 359], [111, 359]], '연하의', 0.999518030479194), ([[98, 358], [170, 358], [170, 382], [98, 382]], '남자에게', 0.6939789056777954), ([[98, 378], [170, 378], [170, 402], [98, 402]], '몇번이나', 0.5866870284080505), ([[412, 368], [460, 368], [460, 394], [412, 394]], '크욕', 0.3383527766840075), ([[530, 376], [566, 376], [566, 400], [530, 400]], '몸0', 0.9850301864811218), ([[602, 376], [642, 376], [642, 400], [602, 400]], '이것', 0.9993135811532456), ([[109, 401], [163, 401], [163, 421], [109, 421]], '가버리', 0.9992809891700745), ([[412, 394], [478, 394], [478, 420], [412, 420]], '분하다', 0.9999199563547754), ([[530, 398], [570, 398], [570, 422], [530, 422]], '라건', 0.18297747163448058), ([[602, 396], [642, 396], [642, 420], [602, 420]], '으로', 0.9848096463458961), ([[119, 423], [155, 423], [155, 443], [119, 443]], '다니', 0.9998241678760361), ([[518, 420], [578, 420], [578, 446], [518, 446]], '정직한', 0.9976505981561407), ([[589, 421], [641, 421], [641, 441], [589, 441]], '7번째', 0.9887198679068436), ([[518, 444], [576, 444], [576, 468], [518, 468]], '법이지', 0.9487143231504194), ([[88, 460], [126, 460], [126, 484], [88, 484]], '나의', 0.9997687059305996), ([[534, 470], [572, 470], [572, 494], [534, 494]], '응 ?', 0.787189913093389), ([[89, 485], [127, 485], [127, 505], [89, 505]], '몸이', 0.8485180084619172), ([[88, 506], [128, 506], [128, 530], [88, 530]], '증오', 0.9385402557046426), ([[76, 528], [136, 528], [136, 552], [76, 552]], '스럽다', 0.997497235998833), ([[144, 612], [188, 612], [188, 636], [144, 636]], '아~', 0.9999439451516483), ([[610, 610], [652, 610], [652, 636], [610, 636]], '싫아', 0.9985411037007939), ([[34, 636], [112, 636], [112, 662], [34, 662]], '내정액올', 0.4360418915748596), ([[144, 638], [188, 638], [188, 662], [144, 662]], '더는', 0.9032670480931707), ([[611, 635], [631, 635], [631, 659], [611, 659]], '어', 0.9998265580048873), ([[46, 658], [108, 658], [108, 682], [46, 682]], '전부다', 0.7490352183294857), ([[142, 664], [188, 664], [188, 690], [142, 690]], '못참', 0.9900067504783596), ([[633, 671], [653, 671], [653, 693], [633, 693]], '양', 0.9584917135833884), ([[33, 679], [114, 679], [114, 707], [33, 707]], "'4서넣어", 0.49123877342550143), ([[613, 677], [633, 677], [633, 699], [613, 699]], '엉', 0.9971444755408676), ([[142, 690], [188, 690], [188, 716], [142, 716]], '깊어', 0.6152830161904608), ([[34, 702], [114, 702], [114, 726], [34, 726]], '버밀꺼야', 0.2099374234676361), ([[597, 865], [656, 865], [656, 892], [597, 892]], '그런곳', 0.5684892448848342), ([[596, 888], [658, 888], [658, 914], [596, 914]], '활지마', 0.8463196745680551), ([[34, 912], [170, 912], [170, 938], [34, 938]], '한글번역 :  서생', 0.7943276926967837), ([[280, 912], [488, 912], [488, 938], [280, 938]], '진:/오하<아`담 <|끄', 4.51405059089262e-06), ([[621.202547777171, 46.16585988749353], [660.8666912124061, 51.28204184138226], [657.797452222829, 72.83414011250647], [618.1333087875939, 67.71795815861773]], "가화'", 0.42728716135025024), ([[173.5430712064641, 911.3775281716354], [266.76732296490394, 903.8415857356216], [268.4569287935359, 934.6224718283646], [175.23267703509606, 942.1584142643784]], '식자 /기위', 0.40301598299526936)]
[([[54, 2], [144, 2], [144, 32], [54, 32]], '번역: 서생', 0.9844014952339097), ([[159, 2], [251, 2], [251, 31], [159, 31]], '식자: 키위', 0.9878553654060532), ([[302, 2], [402, 2], [402, 30], [302, 30]], '포르노키위', 0.8067062511651084), ([[441, 1], [618, 1], [618, 30], [441, 30]], '[아*미아`담.<아값', 1.719137317730811e-05), ([[576, 734], [624, 734], [624, 786], [576, 786]], '안', 0.9999722244284079), ([[574, 790], [622, 790], [622, 842], [574, 842]], '에', 0.9958737825481343), ([[574, 842], [622, 842], [622, 898], [574, 898]], '에', 0.9991912093628486), ([[607, 730], [669, 730], [669, 950], [607, 950]], '류', 0.017829052703543846), ([[112.28940418390624, 259.0361610022811], [166.26673519381782, 245.11556959881622], [194.71059581609376, 370.9638389977189], [140.73326480618218, 383.88443040118375]], '숫', 0.03713211792317228), ([[4.95709998109205, 352.0495498014665], [81.28047969033891, 329.23898646121324], [120.04290001890794, 478.9504501985335], [44.719520309661085, 501.76101353878676]], '낮', 0.5972707378284703), ([[285.09672249564574, 595.0511579616823], [342.5619884610904, 568.0197638525166], [399.90327750435426, 698.9488420383177], [343.4380115389096, 725.9802361474834]], '댐', 0.019760159449911052), ([[283.3950493959811, 738.018315033688], [359.15842043801445, 725.2357170661251], [387.6049506040189, 922.981684966312], [312.84157956198555, 934.7642829338749]], '품', 0.9953948947180926), ([[-0.9324547583351033, 778.048434319983], [57.56848278597022, 747.0179719816705], [127.9324547583351, 891.951565680017], [69.43151721402978, 922.9820280183295]], '몸', 0.045137698767931056)]
[([[584, 8], [608, 8], [608, 32], [584, 32]], '아', 0.9977502377683187), ([[0, 16], [24, 16], [24, 40], [0, 40]], '하', 0.9465086111275447), ([[570, 22], [596, 22], [596, 46], [570, 46]], "야'", 0.6273601278263565), ([[589, 67], [611, 67], [611, 87], [589, 87]], '하', 0.9998275115967239), ([[359, 259], [399, 259], [399, 344], [359, 344]], '필', 0.17936459503936053), ([[54, 338], [78, 338], [78, 362], [54, 362]], '찌', 0.3563192662851442), ([[44, 382], [112, 382], [112, 414], [44, 414]], '깊   찌', 0.4880968238920139), ([[356, 392], [380, 392], [380, 416], [356, 416]], '바', 0.9997947321381986), ([[337, 419], [359, 419], [359, 439], [337, 439]], '에', 0.9774061237038865), ([[356, 434], [380, 434], [380, 460], [356, 460]], '밖', 0.9998459875283174), ([[28, 788], [54, 788], [54, 812], [28, 812]], '아', 0.997572466536667), ([[28, 812], [54, 812], [54, 838], [28, 838]], '아', 0.9997811437202131), ([[294, 818], [320, 818], [320, 874], [294, 874]], '평', 0.05752087441773157), ([[150, 920], [226, 920], [226, 946], [150, 946]], '한글민역', 0.2824530601501465), ([[244, 920], [384, 920], [384, 946], [244, 946]], '서생   식자 : 기위', 0.37963949614309633), ([[396, 920], [602, 920], [602, 948], [396, 948]], '"":기명어*아`담;.<아<', 2.6692098506106478e-05), ([[576.337410843551, 292.0366975919583], [621.3730884325639, 307.8919472300157], [590.662589156449, 393.9633024080417], [546.6269115674361, 378.1080527699843]], '푹', 0.5134241601442433), ([[315.50680303808394, 557.0408182285036], [343.2670672483695, 568.0352083847465], [320.49319696191606, 622.9591817714964], [293.7329327516305, 610.9647916152535]], '죽', 0.44620765269565155), ([[306.4816015659756, 760.045128926061], [330.6758011384372, 764.5116892186842], [318.5183984340244, 822.954871073939], [294.3241988615628, 818.4883107813158]], '떠', 0.16975087645437625)]
[([[54, 2], [146, 2], [146, 32], [54, 32]], '번역: 서생', 0.9824213481547338), ([[158, 2], [250, 2], [250, 30], [158, 30]], '식자:키위', 0.9961021539531524), ([[302, 2], [402, 2], [402, 30], [302, 30]], '포르노키위', 0.9129983718997041), ([[441, 1], [616, 1], [616, 30], [441, 30]], '[어*미|유감.<어값', 1.715053791759548e-05), ([[60, 36], [116, 36], [116, 62], [60, 62]], '담번에', 0.9699638709642544), ([[206, 46], [248, 46], [248, 70], [206, 70]], '뭐얼', 0.3073716551217914), ([[71, 61], [105, 61], [105, 81], [71, 81]], '오면', 0.999915960218413), ([[206, 68], [248, 68], [248, 92], [206, 92]], '또오', 0.9999092168953051), ([[592, 56], [620, 56], [620, 90], [592, 90]], '몇', 0.9996202352656525), ([[68, 80], [108, 80], [108, 104], [68, 104]], '부디', 0.5921679826643699), ([[206, 90], [248, 90], [248, 114], [206, 114]], '라구', 0.9905145110767548), ([[372, 86], [420, 86], [420, 110], [372, 110]], '아아', 0.41656836337881903), ([[592, 86], [616, 86], [616, 116], [592, 116]], '일', 0.9999572043229286), ([[48, 102], [126, 102], [126, 128], [48, 128]], '엉덩이에', 0.998436689376831), ([[364, 110], [422, 110], [422, 134], [364, 134]], '신세종', 0.3445677824082532), ([[69, 127], [109, 127], [109, 147], [69, 147]], '한번', 0.9999777465365097), ([[592, 114], [618, 114], [618, 144], [592, 144]], '후', 0.9999769927394517), ([[376, 132], [418, 132], [418, 156], [376, 156]], '젖네', 0.4030241840254453), ([[374, 154], [416, 154], [416, 178], [374, 178]], '렌수', 0.24004812605051418), ([[64, 256], [106, 256], [106, 286], [64, 286]], '너으', 0.9165100477223128), ([[248, 258], [274, 258], [274, 304], [248, 304]], '자', 0.9943172832737588), ([[376, 264], [414, 264], [414, 288], [376, 288]], '저질', 0.9900991184003883), ([[64, 284], [106, 284], [106, 312], [64, 312]], '무욕', 0.9798979927419573), ([[376, 286], [416, 286], [416, 310], [376, 310]], '적인', 0.997583397198732), ([[364, 308], [422, 308], [422, 332], [364, 332]], '다사는', 0.6789192626644379), ([[437, 311], [501, 311], [501, 325], [437, 325]], '소뜯스하', 0.010260752402245998), ([[374, 330], [418, 330], [418, 354], [374, 354]], '사양', 0.9972837901027851), ([[364, 352], [422, 352], [422, 376], [364, 376]], '하켓어', 0.8563742445011364), ([[78, 438], [122, 438], [122, 462], [78, 462]], '결국', 0.9384195209461593), ([[56, 460], [157, 460], [157, 486], [56, 486]], '나도모르게', 0.8767163260603312), ([[550, 460], [608, 460], [608, 484], [550, 484]], '그룹게', 0.873721316603954), ([[56, 486], [120, 486], [120, 512], [56, 512]], '끝까지', 0.9681803472508014), ([[127, 489], [151, 489], [151, 509], [127, 509]], '다', 0.9999899864447457), ([[559, 485], [597, 485], [597, 505], [559, 505]], '말은', 0.9985850864828442), ([[78, 510], [142, 510], [142, 534], [78, 534]], '허락해', 0.9994960765900683), ([[536, 504], [616, 504], [616, 530], [536, 530]], '햇다지만', 0.8742269277572632), ([[68, 534], [152, 534], [152, 560], [68, 560]], '버럿잡아', 0.32401061058044434), ([[538, 526], [614, 526], [614, 552], [538, 552]], '결국나도', 0.997992217540741), ([[538, 548], [616, 548], [616, 574], [538, 574]], '공범이네', 0.9264072775840759), ([[583, 629], [603, 629], [603, 651], [583, 651]], '뒤', 0.8463281967133298), ([[136, 642], [186, 642], [186, 672], [136, 672]], '렌수', 0.8045752829867131), ([[306, 646], [378, 646], [378, 676], [306, 676]], '그거면', 0.9990925219378494), ([[571, 653], [629, 653], [629, 673], [571, 673]], '이번엔', 0.9104183207443964), ([[136, 668], [184, 668], [184, 696], [136, 696]], '형아', 0.9147389964946748), ([[306, 674], [378, 674], [378, 702], [306, 702]], '된거지', 0.9539314012353117), ([[583, 675], [621, 675], [621, 695], [583, 695]], '목의', 0.5113852120099378), ([[320, 702], [376, 702], [376, 728], [320, 728]], '뭐 ! !', 0.9644561861821407), ([[570, 694], [628, 694], [628, 720], [570, 720]], '정조름', 0.6147034034286415), ([[581, 719], [621, 719], [621, 739], [581, 739]], '지컷', 0.5016195071492962), ([[92, 728], [116, 728], [116, 752], [92, 752]], '당', 0.6534135766607996), ([[573, 741], [629, 741], [629, 761], [573, 761]], '으니까', 0.9908569875930084), ([[93, 751], [115, 751], [115, 771], [93, 771]], '에', 0.9986611320739804), ([[74, 772], [98, 772], [98, 796], [74, 796]], '쥐', 0.9998530203471354), ([[74, 794], [114, 794], [114, 818], [74, 818]], '야또', 0.9971847410949808), ([[74, 818], [114, 818], [114, 842], [74, 842]], '대하', 0.49087410789639546), ([[313, 891], [383, 891], [383, 931], [313, 931]], '완결', 0.9066682529531132)]
