862124
17
[]
[([[480, 98], [898, 98], [898, 150], [480, 150]], '이건 대체 무슨 흉내인가요?', 0.8273148414838888), ([[682, 172], [897, 172], [897, 213], [682, 213]], '아라라기 선배', 0.9991102003176896)]
[]
[]
[([[310, 88], [896, 88], [896, 143], [310, 143]], '무릎도 제대로 묶지 않으면 안되다구요?', 0.8135796042870633), ([[391, 165], [679, 165], [679, 201], [391, 201]], '저에게 꽤나 차이고', 0.7504594929930286), ([[682, 160], [892, 160], [892, 210], [682, 210]], '싶은가 보네요', 0.9973227377655973)]
[]
[]
[]
[([[42, 85], [587, 85], [587, 241], [42, 241]], '묘어7어:', 0.000697334147769953), ([[766, 498], [800, 498], [800, 524], [766, 524]], '2,', 0.5451916743179508)]
[]
[]
[([[470, 90], [890, 90], [890, 138], [470, 138]], '이런거 누군가에게 보여지면', 0.5957270767517213), ([[328, 159], [898, 159], [898, 209], [328, 209]], '아라라기 선배의 인생은 파몇 이라구요', 0.7198070334319719), ([[650, 230], [896, 230], [896, 280], [650, 280]], '빨리 풀어주세요', 0.9974145462582744)]
[]
[([[54, 98], [224, 98], [224, 154], [54, 154]], '4시4내', 0.003964211791753769), ([[243, 91], [625, 91], [625, 155], [243, 155]], '9차장흡4다긋', 0.0006330987794994594), ([[56, 157], [837, 157], [837, 293], [56, 293]], '벼-::47어:', 0.002797143595899943), ([[766, 808], [800, 808], [800, 836], [766, 836]], '2,', 0.6233147996161162)]
[]
[]
[]
