862778
32
[([[571, 99], [667, 99], [667, 119], [571, 119]], '>,+7 왕!', 0.0010640553632037643), ([[560, 118], [683, 118], [683, 161], [560, 161]], '[~^어쏘.7', 2.690921380536114e-05)]
[([[67, 409], [119, 409], [119, 421], [67, 421]], "'미디^형술처진", 0.0001607931260377206), ([[127, 409], [161, 409], [161, 423], [127, 423]], '301거5', 0.01838670726794909)]
[([[249, 193], [311, 193], [311, 235], [249, 235]], '57,', 0.6026442808976132), ([[25, 601], [39, 601], [39, 627], [25, 627]], '8', 0.3130226186049754), ([[25, 625], [41, 625], [41, 689], [25, 689]], '(', 0.4048501148561492), ([[564, 738], [612, 738], [612, 764], [564, 764]], '737', 0.13558004410293675), ([[312.53675894538793, 255.05438757062927], [331.4467523126588, 252.05053536294346], [338.46324105461207, 300.9456124293707], [319.5532476873412, 303.94946463705656]], '콩', 0.016238926939227127), ([[290.54697301067944, 267.0519839459216], [311.37769478730024, 263.0359871060387], [321.45302698932056, 313.9480160540784], [301.62230521269976, 318.9640128939613]], '탑', 0.07736305795234344)]
[([[664, 710], [712, 710], [712, 758], [664, 758]], '스', 0.022336439499254235), ([[172, 954], [316, 954], [316, 1098], [172, 1098]], '0서', 0.0006448150446727296), ([[217.21553545944727, 26.07767729723632], [247.83001683342025, 18.087063499590236], [263.78446454055273, 83.92232270276368], [232.16998316657975, 91.91293650040977]], '출', 0.7461328131062714), ([[183.27164295927076, 35.06687198006216], [216.1930999725438, 30.18208008785988], [226.72835704072924, 96.93312801993784], [193.8069000274562, 101.81791991214011]], '8', 0.040191746118182436), ([[9.902627190595043, 346.08655130074874], [58.63375022229763, 322.02874755472607], [103.09737280940496, 422.91344869925126], [53.36624977770237, 445.97125244527393]], "'2", 0.018036656166843232), ([[291.9632031319513, 438.09025785212214], [388.70969087714457, 455.1562456542554], [378.0367968680487, 506.90974214787786], [281.29030912285543, 489.8437543457446]], '7고', 0.11866353909181243), ([[11.560531356861219, 879.7771158494086], [171.66387618740288, 847.5736296857397], [181.43946864313878, 915.2228841505914], [21.336123812597123, 947.4263703142603]], '시새각고', 0.0005077800014987588), ([[104.39956610455685, 966.1170495109866], [223.17221108924753, 957.636918721569], [224.60043389544313, 1055.8829504890134], [105.82778891075249, 1063.3630812784309]], '기새', 0.09784970085371401)]
[([[541, 519], [577, 519], [577, 539], [541, 539]], '오빠', 0.9628977463794013), ([[537, 545], [591, 545], [591, 565], [537, 565]], '뭐 하고', 0.999647386994116), ([[538, 570], [584, 570], [584, 594], [538, 594]], '있어?', 0.9737662302218145), ([[295, 841], [323, 841], [323, 859], [295, 859]], '저  ', 0.4441241307184847), ([[293, 865], [329, 865], [329, 885], [293, 885]], '그게_', 0.6574087577059924), ([[305, 1003], [325, 1003], [325, 1039], [305, 1039]], '5', 0.9717887681294002), ([[292.3351366892331, 951.0746014326256], [317.9486832980505, 948.1539501058485], [324.6648633107669, 1000.9253985673744], [299.0513167019495, 1004.8460498941515]], '국', 0.08827677310566528)]
[([[52, 100], [158, 100], [158, 124], [52, 124]], '어제 아키한데', 0.528079136139188), ([[49, 124], [158, 124], [158, 152], [49, 152]], '햇던거 말인데', 0.3387930774690879), ([[673, 151], [701, 151], [701, 169], [673, 169]], '저  .', 0.27912330627441406), ([[304, 282], [348, 282], [348, 306], [304, 306]], '으응', 0.9707329105541926), ([[499, 365], [549, 365], [549, 385], [499, 385]], '아야나', 0.5345746636715263), ([[20, 468], [104, 468], [104, 492], [20, 492]], '아아무에게도', 0.37026329159302057), ([[32, 494], [84, 494], [84, 518], [32, 518]], '말하지', 0.9911472859971969), ([[32, 522], [84, 522], [84, 546], [32, 546]], '말아주', 0.7150372460889998), ([[425, 1029], [509, 1029], [509, 1047], [425, 1047]], '2하거 ?씨 2.02', 0.044513715801540385), ([[339, 1055], [369, 1055], [369, 1075], [339, 1075]], '저 ', 0.8582460220353507), ([[338, 1080], [388, 1080], [388, 1104], [338, 1104]], '저기 ', 0.5387452503768105)]
[([[134, 52], [204, 52], [204, 76], [134, 76]], '아키장이', 0.9288958311080933), ([[339, 57], [373, 57], [373, 77], [339, 77]], '오빠', 0.9617083174401176), ([[134, 78], [212, 78], [212, 102], [134, 102]], '종은거야?', 0.6041349151851003), ([[499, 155], [533, 155], [533, 175], [499, 175]], '그게', 0.9998036856240686), ([[134, 514], [220, 514], [220, 538], [134, 538]], '아아나보다', 0.8168045092002257), ([[134, 540], [202, 540], [202, 564], [134, 564]], '아키장올', 0.4031553864479065), ([[134, 568], [242, 568], [242, 592], [134, 592]], '좋아하는거야?', 0.5520331521860693), ([[543, 887], [593, 887], [593, 907], [543, 907]], '그래서', 0.9999854090049941), ([[352, 966], [436, 966], [436, 990], [352, 990]], '아키장하고', 0.5323320084336357)]
[([[699, 63], [751, 63], [751, 83], [699, 83]], '그런거', 0.9997815510109774), ([[316, 92], [400, 92], [400, 116], [316, 116]], '아아나랑도', 0.8709256507732572), ([[444, 120], [488, 120], [488, 144], [444, 144]], "'아냐 :", 0.2706408019876322), ([[584, 346], [620, 346], [620, 370], [584, 370]], '그럼', 0.9999055080732732)]
[([[584, 750], [630, 750], [630, 774], [584, 774]], '아아아니', 0.8720318078994751)]
[([[424, 182], [492, 182], [492, 206], [424, 206]], '아키처럼', 0.735171377658844), ([[424, 208], [492, 208], [492, 234], [424, 234]], '해주기름', 0.4505307078361511), ([[424, 236], [518, 236], [518, 260], [424, 260]], '원하느거야?', 0.9205156900019081), ([[185, 443], [225, 443], [225, 463], [185, 463]], '으응', 0.9894353693745166), ([[215, 899], [249, 899], [249, 919], [215, 919]], '그럼', 0.9988793307218298), ([[212, 924], [248, 924], [248, 948], [212, 948]], '지금', 0.9999911491732849), ([[212, 952], [250, 952], [250, 976], [212, 976]], '잔뜩', 0.9996490190887369), ([[212, 978], [266, 978], [266, 1002], [212, 1002]], '해줄게', 0.8797198791772903), ([[415.74883962716774, 959.015833054625], [436.2310017163491, 956.0133852393975], [451.25116037283226, 1041.984166945375], [430.7689982836509, 1045.9866147606026]], '"', 0.03929234385420788)]
[([[210, 946], [236, 946], [236, 1028], [210, 1028]], '흙', 0.16101802120546438), ([[645.234300746846, 729.0367277671977], [698.5183887597947, 704.0168130991616], [759.765699253154, 848.9632722328023], [706.4816112402053, 873.9831869008384]], '못', 0.0892154616182248), ([[28.61363425706809, 853.0249837794242], [56.476626911887976, 848.0381041904104], [70.38636574293191, 935.9750162205758], [41.523373088112024, 940.9618958095896]], '뿐', 0.1461504108129299), ([[556.5362749548408, 961.0179469174461], [601.374269716931, 945.0116845291027], [651.4637250451592, 1101.9820530825539], [606.625730283069, 1116.9883154708973]], '북', 0.04865174851347498)]
[([[294, 966], [346, 966], [346, 990], [294, 990]], '오빠의', 0.9257103800773621), ([[293, 995], [331, 995], [331, 1015], [293, 1015]], '정액.', 0.7398577928543091)]
[([[520, 92], [574, 92], [574, 116], [520, 116]], '아아나', 0.630929081867845), ([[414, 544], [501, 544], [501, 564], [414, 564]], '3[3! ?초 8,00', 0.014472785589497349), ([[658, 632], [748, 632], [748, 656], [658, 656]], '아아나 너름', 0.5715814434149732), ([[658, 660], [744, 660], [744, 684], [658, 684]], '좋아하니까', 0.9980765505927315)]
[([[297, 607], [341, 607], [341, 627], [297, 627]], '아키?', 0.8928562522936118), ([[297, 635], [363, 635], [363, 655], [297, 655]], '언니한데', 0.8807579278945923), ([[296, 660], [356, 660], [356, 684], [296, 684]], '들없어?', 0.9956356883049011)]
[([[259, 111], [295, 111], [295, 131], [259, 131]], '그래', 0.9999959539049404), ([[344, 234], [396, 234], [396, 258], [344, 258]], '오빠의', 0.8297927975654602), ([[345, 263], [395, 263], [395, 283], [345, 283]], '아기틀', 0.7110849213316579), ([[342, 288], [438, 288], [438, 312], [342, 312]], '만드는거지?', 0.8380681021287284), ([[13, 355], [63, 355], [63, 375], [13, 375]], '아키도', 0.9749645045217896), ([[12, 380], [64, 380], [64, 404], [12, 404]], '만들고', 0.9995353734090688), ([[13, 409], [57, 409], [57, 429], [13, 429]], '싶어?', 0.9999602877832519), ([[56, 754], [110, 754], [110, 778], [56, 778]], '이리와', 0.9976195676935502)]
[([[405, 757], [461, 757], [461, 793], [405, 793]], '스 ;', 0.19123985364662163), ([[653, 953], [741, 953], [741, 973], [653, 973]], '오빠의 자지', 0.9477440515908869), ([[652, 978], [744, 978], [744, 1002], [652, 1002]], '엄청 커울어', 0.11622228629977063)]
[([[30, 54], [56, 54], [56, 150], [30, 150]], '국', 0.42695812647322384), ([[61, 239], [97, 239], [97, 283], [61, 283]], "쇼'", 0.05029559758390994), ([[40.42275661783697, 259.05605875096853], [64.81076917038466, 256.11163483050467], [71.57724338216303, 315.94394124903147], [47.18923082961535, 318.88836516949533]], '"', 0.9191493501269612)]
[([[54, 154], [166, 154], [166, 234], [54, 234]], '새규', 0.14831198976382676)]
[]
[([[140, 108], [186, 108], [186, 132], [140, 132]], '아키?', 0.7550802448472259), ([[314, 78], [364, 78], [364, 136], [314, 136]], '쌀', 0.558235355025559), ([[311, 181], [361, 181], [361, 201], [311, 201]], '(이걸로', 0.4849432110786438), ([[713, 189], [747, 189], [747, 207], [713, 207]], '아키', 0.916607911934859), ([[310, 206], [362, 206], [362, 230], [310, 230]], '아기틀', 0.6045513683290709), ([[311, 235], [397, 235], [397, 255], [311, 255]], '만드는거야', 0.9570703692212005), ([[553, 799], [587, 799], [587, 819], [553, 819]], '아기', 0.9999866816218473), ([[552, 824], [606, 824], [606, 848], [552, 848]], '만들자', 0.9991817094902825), ([[592, 846], [660, 846], [660, 870], [592, 870]], '아아나랑', 0.7893267273902893), ([[340.34240405077855, 21.054424304671425], [375.07057545514436, 15.145928361480237], [387.65759594922145, 88.94557569532857], [352.92942454485564, 94.85407163851977]], '#', 0.12512273638452953)]
[([[463, 103], [493, 103], [493, 121], [463, 121]], '고추', 0.9997627214888309), ([[44, 168], [80, 168], [80, 192], [44, 192]], "'들어", 0.9493047522857714), ([[45, 197], [79, 197], [79, 217], [45, 217]], '간다', 0.9925496801632877), ([[18, 530], [64, 530], [64, 562], [18, 562]], '스신', 0.2116216825870499), ([[254, 706], [282, 706], [282, 806], [254, 806]], '휴', 0.02782110902720647), ([[187, 783], [235, 783], [235, 904], [187, 904]], "'#", 0.11431191355315641), ([[242.17800506347322, 7.068030380839281], [297.99137186587495, 39.70638989024265], [276.8219949365268, 76.93196961916072], [220.00862813412502, 44.29361010975735]], '8', 0.06182339130774395), ([[267.289131459427, 109.0854389836506], [288.56654218095036, 103.05398065905806], [300.710868540573, 155.91456101634938], [279.43345781904964, 160.94601934094194]], '류', 0.06219768662358427), ([[136.34920862654403, 186.07143881944813], [161.44285568675807, 175.03286689872093], [187.65079137345597, 236.92856118055187], [163.55714431324193, 247.96713310127907]], '부', 0.4516390241369663)]
[]
[([[295, 15], [425, 15], [425, 99], [295, 99]], '@', 0.00916127017888102), ([[404, 116], [454, 116], [454, 198], [404, 198]], '새', 0.04429599880955948), ([[564, 98], [596, 98], [596, 182], [564, 182]], '$', 0.01024451341848831), ([[636, 60], [666, 60], [666, 144], [636, 144]], '#', 0.03129554991809247), ([[667, 785], [757, 785], [757, 869], [667, 869]], '엷"', 0.006554531143355687)]
[([[594, 64], [626, 64], [626, 96], [594, 96]], '(시', 0.05828785817530058), ([[530, 90], [574, 90], [574, 114], [530, 114]], '아키?', 0.5484645004469236), ([[165, 249], [215, 249], [215, 269], [165, 269]], '아키도', 0.9734851914404317), ([[162, 274], [198, 274], [198, 298], [162, 298]], '고추', 0.9999019678378197), ([[164, 300], [232, 300], [232, 324], [164, 324]], '넣고싶어', 0.6037593270036885), ([[355, 559], [397, 559], [397, 579], [355, 579]], '정말?', 0.9999945627862629), ([[703, 759], [753, 759], [753, 779], [703, 779]], '오빠의', 0.8396382927894592), ([[702, 784], [738, 784], [738, 808], [702, 808]], '고추', 0.9999772407776616), ([[452, 860], [504, 860], [504, 884], [452, 884]], '아키도', 0.9248425737783187), ([[452, 886], [504, 886], [504, 910], [452, 910]], '넣올래', 0.5914151497902176), ([[45, 927], [95, 927], [95, 947], [45, 947]], '아키도', 0.9466243305398079), ([[43, 950], [136, 950], [136, 978], [43, 978]], '발정한거야?', 0.9509738129726671)]
[([[274, 58], [310, 58], [310, 82], [274, 82]], '발정', 0.9988853136143407), ([[273, 83], [327, 83], [327, 110], [273, 110]], '하다니', 0.9999266323611606), ([[459, 87], [493, 87], [493, 107], [459, 107]], '엄청', 0.9696064987355374), ([[452, 112], [504, 112], [504, 136], [452, 136]], '젖없네', 0.6021870550626721), ([[683, 315], [745, 315], [745, 335], [683, 335]], '옛찌라니', 0.4504830539226532), ([[682, 340], [734, 340], [734, 364], [682, 364]], '(아키량', 0.16067348420619965), ([[453, 405], [473, 405], [473, 433], [453, 433]], '7', 0.13259338456226377), ([[443, 981], [477, 981], [477, 1001], [443, 1001]], '아직', 0.999913937220082), ([[442, 1006], [510, 1006], [510, 1030], [442, 1030]], '이렇게나', 0.8339155316352844), ([[443, 1035], [493, 1035], [493, 1055], [443, 1055]], '어린데', 0.9997050884931816), ([[407.89189448205514, 430.1243357210427], [440.6522725628569, 414.0427285222873], [473.10810551794486, 483.8756642789573], [441.3477274371431, 499.9572714777127]], '꼭', 0.5765082396265484)]
[([[65, 65], [101, 65], [101, 157], [65, 157]], '호', 0.04723254644041419), ([[708, 580], [760, 580], [760, 604], [708, 604]], '렇계내', 0.5354762150957988), ([[500, 620], [552, 620], [552, 644], [500, 644]], '만들고', 0.9996159635049918), ([[500, 648], [544, 648], [544, 672], [500, 672]], '싶어?', 0.9999670326509235), ([[36, 696], [88, 696], [88, 720], [36, 720]], '만들과', 0.556708860391179), ([[37, 725], [79, 725], [79, 745], [37, 745]], '싶어?', 0.9999744657774581), ([[419, 767], [490, 767], [490, 795], [419, 795]], '그렇게나', 0.9737010598182678), ([[422, 796], [526, 796], [526, 820], [422, 820]], '오빠의 아기틀', 0.7069976504845326)]
[([[27, 925], [183, 925], [183, 1013], [27, 1013]], '사"', 0.06686885292421973), ([[604, 944], [726, 944], [726, 1016], [604, 1016]], '아키', 0.6889921374550686), ([[181, 1005], [197, 1005], [197, 1039], [181, 1039]], '3', 0.11545597931430862), ([[21, 1015], [155, 1015], [155, 1107], [21, 1107]], '새채', 0.02582288429510508), ([[158, 1042], [182, 1042], [182, 1084], [158, 1084]], '호', 0.4991739089754823), ([[12.344808782648364, 658.0238803222826], [73.72595051441375, 640.0293257861729], [119.65519121735163, 812.9761196777174], [58.27404948558625, 830.9706742138271]], '부', 0.6131930675423725)]
[([[686, 38], [738, 38], [738, 176], [686, 176]], '품', 0.0671170842585278), ([[571, 357], [693, 357], [693, 421], [571, 421]], '새0규7', 0.0008673610282130539), ([[669, 233], [737, 233], [737, 414], [669, 414]], '별', 0.5411383949730322), ([[0, 326], [68, 326], [68, 540], [0, 540]], '"', 0.03355441721229391), ([[29, 667], [67, 667], [67, 763], [29, 763]], '호', 0.16584094924895965), ([[127, 737], [217, 737], [217, 777], [127, 777]], '4하', 0.027169148855531032), ([[213, 961], [251, 961], [251, 1031], [213, 1031]], '삶', 0.004152271248649919), ([[220, 1028], [248, 1028], [248, 1054], [220, 1054]], '그', 0.9912687038541321), ([[-9.265134946602782, 20.259919729608036], [113.92680461190912, -6.212446039204348], [127.26513494660279, 82.74008027039197], [3.073195388090875, 109.21244603920435]], '세', 0.09583719200001983), ([[179.62229443635306, 781.0142865598602], [216.33935175146323, 774.0115292534907], [244.37770556364694, 922.9857134401398], [207.66064824853677, 930.9884707465093]], '부', 0.010072948867696552), ([[72.16318886892465, 929.058640969365], [112.56885455576797, 912.0270271644363], [152.83681113107536, 1011.941359030635], [111.43114544423203, 1028.9729728355637]], '톤', 0.1766574569047954)]
[([[660, 104], [728, 104], [728, 128], [660, 128]], '오빠이젠', 0.8496955320958964), ([[114, 162], [150, 162], [150, 186], [114, 186]], '쌀게', 0.8567065091433737), ([[97, 361], [125, 361], [125, 377], [97, 377]], '아:', 0.5387009727365349), ([[95, 385], [173, 385], [173, 405], [95, 405]], '아키에게.', 0.6501256341065472), ([[539, 447], [595, 447], [595, 487], [539, 487]], '470', 0.622029439033535), ([[529, 971], [659, 971], [659, 1087], [529, 1087]], '@ 떠', 0.04283998906612396), ([[554.2070176794539, 895.0526325959042], [601.1279254047232, 889.3900148420933], [610.7929823205461, 981.9473674040958], [563.8720745952768, 987.6099851579067]], '호', 0.05420114394400244)]
[([[275, 73], [311, 73], [311, 91], [275, 91]], '오빠', 0.961089339094862), ([[274, 124], [342, 124], [342, 148], [274, 148]], '놀이공원', 0.9992222189903259), ([[365, 142], [424, 142], [424, 166], [365, 166]], '54/_리!', 0.0003496852216690666), ([[274, 152], [350, 152], [350, 176], [274, 176]], '가느거야?', 0.6339144642981649), ([[343, 729], [411, 729], [411, 749], [343, 749]], '오빠역시', 0.8660720426784633), ([[342, 754], [410, 754], [410, 778], [342, 778]], '아기장올', 0.21013115346431732), ([[341, 780], [451, 780], [451, 804], [341, 804]], '좋아하느거지?', 0.9642039456434305)]
[([[318, 86], [386, 86], [386, 110], [318, 110]], '아아나는', 0.4929163157939911), ([[561, 131], [613, 131], [613, 151], [561, 151]], '아야나', 0.6722057907911342), ([[560, 156], [598, 156], [598, 180], [560, 180]], '정말', 0.9999887046632835), ([[561, 185], [613, 185], [613, 205], [561, 205]], '그렇게', 0.9707165956497192), ([[560, 210], [622, 210], [622, 234], [560, 234]], '생각해?', 0.9998580813407898), ([[252, 232], [318, 232], [318, 258], [252, 258]], '상낭하고', 0.4164825677871704), ([[18, 288], [72, 288], [72, 312], [18, 312]], '[귀엽고', 0.27309587009671915), ([[296, 450], [348, 450], [348, 474], [296, 474]], '배려심', 0.9976258288186041), ([[296, 478], [334, 478], [334, 502], [296, 502]], '잇네', 0.222183775265948), ([[471, 613], [505, 613], [505, 633], [471, 633]], '오빠', 0.9191437457388325), ([[216, 730], [254, 730], [254, 754], [216, 754]], '나까', 0.46425076167535406), ([[274, 992], [344, 992], [344, 1016], [274, 1016]], '그런거야 ', 0.8713088775977702)]
[([[326, 991], [457, 991], [457, 1028], [326, 1028]], '{더;미;', 0.0073798331108233025)]
