864634
26
[([[331, 109], [423, 109], [423, 163], [331, 163]], '#7', 0.24462502123793567), ([[81, 203], [201, 203], [201, 239], [81, 239]], '최면-위치', 0.9988937034348753), ([[107, 235], [175, 235], [175, 247], [107, 247]], '미" 4어롬형 -7', 0.0006544998463375161), ([[282, 300], [384, 300], [384, 344], [282, 344]], '|-이)8)', 0.0058654497520594425)]
[([[428, 248], [468, 248], [468, 272], [428, 272]], '후미', 0.9976550810720322), ([[426, 272], [466, 272], [466, 300], [426, 300]], '장~', 0.7562999568704675), ([[708, 460], [748, 460], [748, 484], [708, 484]], '우리', 0.527780294418335), ([[696, 484], [758, 484], [758, 512], [696, 512]], '마실거', 0.9993900243866322), ([[262, 498], [308, 498], [308, 528], [262, 528]], '짐좀', 0.9486962417667095), ([[676, 508], [778, 508], [778, 536], [676, 536]], '사올테니까', 0.7185045954459782), ([[234, 522], [332, 522], [332, 550], [234, 550]], '맡아줄래?', 0.9784273207304811)]
[]
[]
[([[96, 84], [134, 84], [134, 108], [96, 108]], '하룻', 0.1421581801501616), ([[123, 107], [139, 107], [139, 147], [123, 147]], '통', 0.9941832023319108), ([[114, 674], [214, 674], [214, 700], [114, 700]], '알고있어: .', 0.799819301738892), ([[104, 696], [224, 696], [224, 726], [104, 726]], '대신 , 약속한', 0.7767973705628719), ([[108, 717], [217, 717], [217, 750], [108, 750]], '일흘 마치면', 0.8885268099100134), ([[100, 746], [226, 746], [226, 774], [100, 774]], "이 아이의 '꿈'", 0.698927217635759), ([[100, 768], [222, 768], [222, 796], [100, 796]], '은 받아갈게:', 0.753605468418577), ([[680, 946], [778, 946], [778, 976], [680, 976]], '좋아 , 그럼', 0.9578543115911107), ([[642, 970], [816, 970], [816, 1000], [642, 1000]], '바로 부탁할게 바크', 0.8396303976136107), ([[684, 1018], [766, 1018], [766, 1044], [684, 1044]], '말한대로', 0.9504479169845581), ([[675, 1041], [783, 1041], [783, 1069], [675, 1069]], '잠재우는 것', 0.8116499109839582), ([[688, 1066], [770, 1066], [770, 1092], [688, 1092]], '만으로도', 0.9997424483299255), ([[677, 1089], [783, 1089], [783, 1119], [677, 1119]], '괜찮으니까', 0.9379872476190447)]
[([[327, 51], [367, 51], [367, 71], [327, 71]], '오오', 0.9992366373518997), ([[320, 74], [380, 74], [380, 100], [320, 100]], '오늘의', 0.5481509566307068), ([[318, 98], [380, 98], [380, 124], [318, 124]], '팬티는', 0.5104845009804276), ([[318, 120], [380, 120], [380, 150], [318, 150]], '줄무늬', 0.9106544852256775), ([[328, 146], [372, 146], [372, 172], [328, 172]], '인가', 0.9996788561199732), ([[700, 506], [762, 506], [762, 530], [700, 530]], '자아~', 0.9995772856560394), ([[710, 530], [752, 530], [752, 558], [710, 558]], '옷올', 0.6205588448852719), ([[690, 552], [772, 552], [772, 582], [690, 582]], '벗올까요', 0.8019054532051086), ([[60, 760], [122, 760], [122, 786], [60, 786]], '오늘도', 0.9999493445925475), ([[704, 754], [748, 754], [748, 784], [704, 784]], '후춧', 0.31456729466105393), ([[68, 784], [112, 784], [112, 810], [68, 810]], '잔뜩', 0.9992872026337589), ([[36, 808], [146, 808], [146, 836], [36, 836]], '해출 테니까', 0.5906326472244383)]
[([[383, 63], [447, 63], [447, 83], [383, 83]], '오나라즈', 0.9269869327545166), ([[103, 77], [123, 77], [123, 101], [103, 101]], '부', 0.5442747895136222), ([[399, 87], [431, 87], [431, 103], [399, 103]], '모노', 0.9980434300377357), ([[778, 68], [824, 68], [824, 98], [778, 98]], '맞다', 0.9997220949925204), ([[380, 102], [448, 102], [448, 128], [380, 128]], '부탁할게', 0.7117491960525513), ([[778, 92], [822, 92], [822, 122], [778, 122]], '맞다', 0.9997009390624656), ([[780, 114], [820, 114], [820, 138], [780, 138]], '그거', 0.9999949423819248), ([[106, 124], [138, 124], [138, 148], [106, 148]], '이!', 0.9774844288634673), ([[768, 140], [832, 140], [832, 168], [768, 168]], '해볼까', 0.39497793987220925), ([[85, 353], [111, 353], [111, 367], [85, 367]], '역자', 0.9908041898296603), ([[125, 351], [195, 351], [195, 367], [125, 367]], '오나라스보노', 0.997848788120152), ([[220, 349], [313, 349], [313, 369], [220, 369]], '요괴이롭이라네요', 0.32116965419571986), ([[325, 349], [611, 349], [611, 369], [325, 369]], '둘러분은 이이 팔악근올 통제불능 상태로 만듣다논듯 . .', 0.1023601872259281), ([[716, 508], [754, 508], [754, 532], [716, 532]], '일단', 0.9999023892942288), ([[698, 528], [770, 528], [770, 552], [698, 552]], '이것부터', 0.9990250468254089), ([[707, 549], [763, 549], [763, 569], [707, 569]], '하고서', 0.9999637978666877), ([[690, 568], [778, 568], [778, 592], [690, 592]], '시작해야지', 0.9996448812247334), ([[339, 727], [375, 727], [375, 791], [339, 791]], '축', 0.05939016094581029), ([[529, 721], [571, 721], [571, 787], [529, 787]], '축', 0.8567638136867153), ([[253, 868], [329, 868], [329, 1039], [253, 1039]], '씨', 0.7335808651784106)]
[([[651, 59], [677, 59], [677, 75], [651, 75]], '나', 0.7186614813839789), ([[322, 426], [372, 426], [372, 486], [322, 486]], '맺다', 0.09926620719531998), ([[25, 471], [41, 471], [41, 501], [25, 501]], '철', 0.013998574117779994), ([[177, 527], [197, 527], [197, 561], [177, 561]], '참', 0.06954690532987584), ([[202, 690], [268, 690], [268, 718], [202, 718]], '괜찮아', 0.9989365151034532), ([[213, 717], [255, 717], [255, 737], [213, 737]], '싸도', 0.9915098286629352), ([[190, 738], [280, 738], [280, 766], [190, 766]], "괜찮다고!'", 0.9854625951525986), ([[386, 768], [432, 768], [432, 798], [386, 798]], '[으7 ', 0.14230462908744812)]
[([[669, 219], [719, 219], [719, 263], [669, 263]], '[97,', 0.3377355933189392), ([[152, 680], [232, 680], [232, 728], [152, 728]], '아앗_', 0.7689542174339294), ([[181, 727], [217, 727], [217, 763], [181, 763]], '! !', 0.5456615003529592), ([[714, 714], [805, 714], [805, 766], [714, 766]], '하앗!', 0.42736427753514045), ([[82, 904], [124, 904], [124, 932], [82, 932]], '산다', 0.24290661751299913), ([[406, 916], [454, 916], [454, 968], [406, 968]], '찢장', 0.45010929883458733), ([[432, 938], [472, 938], [472, 964], [432, 964]], '참아', 0.9997054905263866)]
[([[438, 72], [500, 72], [500, 100], [438, 100]], '받아쥐', 0.8202154703887422), ([[437, 95], [500, 95], [500, 126], [437, 126]], '후미장', 0.9862176114698941), ([[551, 557], [571, 557], [571, 589], [551, 589]], '보', 0.036098073889675675)]
[([[718, 136], [742, 136], [742, 204], [718, 204]], '읽', 0.04852242784843441), ([[108, 192], [152, 192], [152, 222], [108, 222]], '엄청', 0.9947397514567973), ([[88, 218], [170, 218], [170, 244], [88, 244]], '싸버로어', 0.6199027895927429), ([[761, 407], [793, 407], [793, 423], [761, 423]], '뭐어', 0.8783108802792635), ([[755, 427], [799, 427], [799, 443], [755, 443]], '그래도', 0.9999921321868896), ([[107, 741], [190, 741], [190, 771], [107, 771]], '더럽하다!', 0.6192693755202195), ([[108, 766], [190, 766], [190, 792], [108, 792]], '논 느낌이', 0.9005084705683858), ([[128, 786], [170, 786], [170, 812], [128, 812]], '중단', 0.9949284514543786), ([[112, 808], [170, 808], [170, 834], [112, 834]], '말이지', 0.9987838834328855), ([[742, 998], [822, 998], [822, 1026], [742, 1026]], '후미장도', 0.9982497096061707), ([[750, 1024], [814, 1024], [814, 1048], [750, 1048]], '제대로', 0.9935609698295593), ([[734, 1046], [816, 1046], [816, 1072], [734, 1072]], '느껴주서', 0.4468930959701538), ([[128, 1086], [154, 1086], [154, 1122], [128, 1122]], '옷', 0.7113359291847452), ([[567, 1109], [619, 1109], [619, 1151], [567, 1151]], '<5', 0.9837345106233669)]
[([[492, 342], [538, 342], [538, 366], [492, 366]], '지내', 0.12221021782436312), ([[722, 380], [762, 380], [762, 406], [722, 406]], '지', 0.16286152564561363), ([[521, 523], [559, 523], [559, 561], [521, 561]], '7구', 0.6117125525036781), ([[350, 608], [380, 608], [380, 638], [350, 638]], '14', 0.6953479053701569), ([[518, 634], [550, 634], [550, 658], [518, 658]], '74', 0.44719281890122875), ([[348, 926], [426, 926], [426, 976], [348, 976]], '1=5 ', 0.2977990210056305)]
[([[142, 82], [178, 82], [178, 114], [142, 114]], '11', 0.293582247099304), ([[355, 77], [391, 77], [391, 117], [355, 117]], '그1', 0.1506266286306876), ([[428, 1010], [504, 1010], [504, 1038], [428, 1038]], '진정해 ', 0.6876986026763916), ([[436, 1034], [500, 1034], [500, 1064], [436, 1064]], '진정해', 0.9994434288119846), ([[449, 1063], [487, 1063], [487, 1079], [449, 1079]], '라::', 0.6780230595881336), ([[780.3204595160191, 969.0779759188824], [803.8088897765599, 965.1111079408574], [811.6795404839809, 1017.9220240811176], [788.1911102234401, 1020.8888920591426]], '줄', 0.32933526357306064), ([[541.3351366892331, 1081.0746014326255], [568.1817578957375, 1079.2425649099457], [572.6648633107669, 1130.9253985673745], [544.8182421042625, 1133.7574350900543]], '출', 0.04793826875818841)]
[([[728, 32], [758, 32], [758, 70], [728, 70]], '후', 0.1943914679301919), ([[303, 29], [411, 29], [411, 295], [303, 295]], '%', 0.6029770372115308), ([[474, 166], [510, 166], [510, 198], [474, 198]], '세', 0.7094927824357775), ([[370, 182], [418, 182], [418, 304], [370, 304]], '우', 0.35210976788144777), ([[474, 234], [504, 234], [504, 274], [474, 274]], '오', 0.9999914169495696), ([[722, 384], [754, 384], [754, 450], [722, 450]], '옷', 0.02931083026871395), ([[457, 535], [499, 535], [499, 585], [457, 585]], '언', 0.35422260034480146), ([[452, 580], [504, 580], [504, 691], [452, 691]], '옷', 0.15423741284757853)]
[([[287, 59], [394, 59], [394, 123], [287, 123]], '+7', 0.02346900583884617), ([[575, 55], [683, 55], [683, 123], [575, 123]], '[7 ', 0.488532055848019), ([[744, 142], [820, 142], [820, 170], [744, 170]], '~젠장 ', 0.33940908312797546), ([[754, 166], [810, 166], [810, 190], [754, 190]], '또야', 0.9998177618910195), ([[116, 255], [157, 255], [157, 281], [116, 281]], '아직', 0.9998414472376718), ([[92, 278], [180, 278], [180, 304], [92, 304]], '십입하는데', 0.2577352450089021), ([[116, 300], [156, 300], [156, 324], [116, 324]], '전혀', 0.9999846585816098), ([[100, 320], [172, 320], [172, 344], [100, 344]], '익숙하지', 0.9990330338478088), ([[108, 342], [166, 342], [166, 372], [108, 372]], '않은걸', 0.6278827527232783), ([[754, 616], [828, 616], [828, 640], [754, 640]], '" 그래도', 0.29738273970375184), ([[103, 957], [203, 957], [203, 1025], [103, 1025]], '구유', 0.9685042695486381), ([[464, 1022], [526, 1022], [526, 1048], [464, 1048]], '이걸로', 0.7968970636372881), ([[474, 1046], [520, 1046], [520, 1074], [474, 1074]], '일단', 0.9999050866164791), ([[454, 1068], [536, 1068], [536, 1092], [454, 1092]], '매끄러워', 0.610533595085144), ([[452, 1092], [532, 1092], [532, 1120], [452, 1120]], '젖다고: .', 0.37509991446954283), ([[535, 1153], [641, 1153], [641, 1191], [535, 1191]], '올고 (@', 0.0311380455565835)]
[([[423, 135], [461, 135], [461, 179], [423, 179]], '&', 0.4489358848113625), ([[273, 169], [337, 169], [337, 211], [273, 211]], '|온/"', 0.005088284611701965), ([[585, 771], [705, 771], [705, 835], [585, 835]], '국 ', 0.17068550557367887), ([[734, 812], [760, 812], [760, 862], [734, 862]], '역', 0.1233641007917905), ([[402, 1064], [430, 1064], [430, 1122], [402, 1122]], '군', 0.85573783054366), ([[471, 1029], [610, 1029], [610, 1105], [471, 1105]], '7요', 0.05699504061953817), ([[30.191124864667596, 990.0658616744723], [91.99251076157044, 1023.7264377664893], [71.8088751353324, 1060.9341383255276], [9.007489238429562, 1028.2735622335108]], '*피;', 0.05885145509853694), ([[192.23034215711596, 1120.0747450012914], [257.9440640553752, 1142.3333976244437], [244.76965784288404, 1178.9252549987086], [179.05593594462482, 1155.6666023755563]], '수둥', 0.08333565278940741)]
[([[116, 92], [160, 92], [160, 116], [116, 116]], '아아', 0.9999388876166112), ([[758, 84], [800, 84], [800, 108], [758, 108]], '어이', 0.9998119459413503), ([[108, 116], [168, 116], [168, 142], [108, 142]], '조바심', 0.9932410717010498), ([[738, 108], [822, 108], [822, 138], [738, 138]], '일어날것', 0.9946959018707275), ([[117, 141], [161, 141], [161, 161], [117, 161]], '내지', 0.9999370331889749), ([[746, 132], [810, 132], [810, 160], [746, 160]], '같은데', 0.9229757590296609), ([[98, 162], [180, 162], [180, 190], [98, 190]], '말라니까', 0.9984669089317322), ([[734, 156], [824, 156], [824, 184], [734, 184]], '부탁할게 !', 0.7000457775131081), ([[211, 225], [271, 225], [271, 269], [211, 269]], '10/', 0.08786576713660481), ([[790, 342], [842, 342], [842, 392], [790, 392]], "'10,", 0.09195607155561447), ([[558, 528], [624, 528], [624, 584], [558, 584]], '+";', 0.09120858401591683), ([[535, 767], [601, 767], [601, 835], [535, 835]], '0', 0.5654699861834764), ([[665, 801], [733, 801], [733, 877], [665, 877]], '6;', 0.04889736447098683)]
[([[688, 92], [746, 92], [746, 120], [688, 120]], '참나 -', 0.4039263499242292), ([[688, 118], [750, 118], [750, 144], [688, 144]], '인간이', 0.9999107338403134), ([[731, 143], [751, 143], [751, 167], [731, 167]], '일', 0.9999804497720675), ([[677, 163], [742, 163], [742, 192], [677, 192]], '하고는', 0.9690873720466696), ([[304, 322], [346, 322], [346, 346], [304, 346]], '우리', 0.9999002820127035), ([[294, 346], [356, 346], [356, 374], [294, 374]], '요괴랑', 0.79877688984553), ([[290, 370], [360, 370], [360, 398], [290, 398]], '별 차이', 0.5812054852574224), ([[284, 394], [366, 394], [366, 422], [284, 422]], '없잡아 .', 0.3776210565097243), ([[188, 510], [287, 510], [287, 570], [188, 570]], '71어', 0.156360901293505), ([[32, 790], [200, 790], [200, 962], [32, 962]], '[', 0.8423982145766082), ([[684.9580569325292, 137.18675371782888], [727.7219318196013, 142.73861696164815], [724.0419430674708, 169.81324628217112], [681.2780681803987, 164.26138303835185]], '하는', 0.6636554883899669), ([[605.077056563362, 290.04744866461147], [709.8194299604672, 333.2062176351592], [677.922943436638, 404.95255133538853], [574.1805700395328, 360.7937823648408]], '오서들', 0.004795705443955759), ([[692.219428607749, 358.0381717990402], [800.9909451017955, 413.6194788046764], [768.780571392251, 475.9618282009598], [659.0090548982045, 420.3805211953236]], '[쪽하', 0.008319827290403271)]
[]
[([[37, 1017], [108, 1017], [108, 1047], [37, 1047]], '후미장!', 0.9499213695526123), ([[30, 1042], [114, 1042], [114, 1070], [30, 1070]], '안에다가', 0.9992475509643555), ([[39, 1069], [105, 1069], [105, 1089], [39, 1089]], '아기 씨', 0.9833185333805818), ([[38, 1092], [108, 1092], [108, 1118], [38, 1118]], '부럽게 !', 0.14506126354970522), ([[28, 1116], [116, 1116], [116, 1142], [28, 1142]], '내 아기틀', 0.6904713549428418), ([[38, 1140], [108, 1140], [108, 1166], [38, 1166]], '낳아쥐 !', 0.5649608465298058), ([[382, 1106], [548, 1106], [548, 1208], [382, 1208]], '자>', 0.046969955754883726), ([[486.3560570951135, 75.04163963237379], [589.9950249733954, 120.7770078136877], [570.6439429048866, 161.9583603676262], [468.0049750266046, 116.2229921863123]], ")? *'", 0.03120132087238503), ([[217.03792769639495, 84.09343125161422], [310.90088785329465, 104.00939500837661], [300.96207230360505, 144.90656874838578], [207.09911214670538, 124.99060499162339]], '4"9', 0.4238750876025829), ([[640.2619071887366, 102.05477816453487], [744.986829084794, 136.6373215211059], [729.7380928112634, 178.94522183546513], [625.013170915206, 145.3626784788941]], "433{3'", 0.13127994539576485), ([[100.15046541746177, 186.07269942127826], [188.92760617734078, 211.15223979744675], [175.84953458253824, 253.92730057872174], [86.07239382265924, 228.84776020255325]], '4"9', 0.2738338511554401), ([[121.06630297667976, 939.1712966694067], [322.72945796976643, 924.8679782137496], [322.93369702332024, 1016.8287033305933], [121.27054203023359, 1031.1320217862503]], '7>', 0.05098496013827259)]
[([[472, 23], [572, 23], [572, 289], [472, 289]], '콩', 0.2007143198348018), ([[782, 496], [814, 496], [814, 664], [782, 664]], '%', 0.049555237210544334), ([[402, 852], [598, 852], [598, 1118], [402, 1118]], '부', 0.08621481638038464), ([[498.5522011418966, 529.014337813587], [555.5829079503955, 523.1813195982966], [570.4477988581034, 698.985662186413], [513.4170920496045, 704.8186804017034]], '한', 0.0036650823504991714)]
[([[397, 165], [435, 165], [435, 253], [397, 253]], '#', 0.044549092309990934), ([[37, 847], [55, 847], [55, 869], [37, 869]], '거', 0.9635646283095554), ([[253, 951], [353, 951], [353, 1041], [253, 1041]], '[궁;', 0.10504024673419887)]
[([[528, 532], [676, 532], [676, 636], [528, 636]], '읽', 0.006115638145022473)]
[([[694, 76], [756, 76], [756, 104], [694, 104]], '어떻어', 0.6185858047621794), ([[129, 95], [194, 95], [194, 124], [129, 124]], '하하차', 0.11071059320526723), ([[703, 101], [745, 101], [745, 121], [703, 121]], '바크', 0.9999200062186713), ([[544, 112], [622, 112], [622, 138], [544, 138]], '그력저력', 0.45070773363113403), ([[110, 122], [214, 122], [214, 152], [110, 152]], '상관없잡아', 0.9216105298898022), ([[700, 124], [766, 124], [766, 152], [700, 152]], '늘 꿈의', 0.9996244618423398), ([[543, 139], [617, 139], [617, 159], [543, 159]], '이려나 -', 0.41595953345007797), ([[116, 146], [206, 146], [206, 174], [116, 174]], '맛 없는건', 0.41956780068723837), ([[702, 148], [748, 148], [748, 178], [702, 178]], '맛은', 0.9944527657613733), ([[112, 170], [208, 170], [208, 198], [112, 198]], '아니잡아?', 0.4701949303952805), ([[551, 159], [614, 159], [614, 189], [551, 189]], '여전히', 0.9997021555900574), ([[520, 184], [648, 184], [648, 214], [520, 214]], '음란한 꿈밖에', 0.5709502028932164), ([[538, 210], [628, 210], [628, 236], [538, 236]], '못 먹는게', 0.5048029770716166), ([[53, 239], [73, 239], [73, 267], [53, 267]], '흥', 0.6061400545355902), ([[530, 234], [638, 234], [638, 262], [530, 262]], '좀 그렇지만', 0.9997808806589953), ([[36, 262], [98, 262], [98, 292], [36, 292]], '다음엔', 0.9996386747908689), ([[40, 288], [92, 288], [92, 316], [40, 316]], '좀 더', 0.9848161935806274), ([[36, 312], [98, 312], [98, 342], [36, 342]], '맛있는', 0.9642207217113052), ([[40, 331], [90, 331], [90, 387], [40, 387]], '혹울', 0.0254385841430136), ([[36, 382], [98, 382], [98, 412], [36, 412]], '싶은걸', 0.325883134176613), ([[664, 718], [726, 718], [726, 746], [664, 746]], '흐으흥', 0.0884217768600397), ([[674, 744], [724, 744], [724, 770], [674, 770]], '그럼:', 0.953343322737276), ([[674, 766], [736, 766], [736, 794], [674, 794]], '다음엔', 0.9998013722055692), ([[651, 789], [756, 789], [756, 819], [651, 819]], '지금까지완', 0.9223340009640744), ([[672, 814], [736, 814], [736, 840], [672, 840]], '다르게', 0.9751535468710294), ([[662, 840], [746, 840], [746, 866], [662, 866]], '놀아볼까', 0.4041195809841156), ([[420, 1020], [446, 1020], [446, 1090], [420, 1090]], '품', 0.29211149777922074)]
[([[574, 118], [622, 118], [622, 312], [574, 312]], '품', 0.2393320903843268), ([[101, 405], [121, 405], [121, 445], [101, 445]], '꿈', 0.2769174874812421), ([[809, 427], [827, 427], [827, 453], [809, 453]], '행', 0.9992712872076623), ([[100, 448], [124, 448], [124, 516], [100, 516]], '역', 0.260504445680354), ([[698, 486], [750, 486], [750, 510], [698, 510]], '정말~', 0.9999898138306695), ([[806, 468], [830, 468], [830, 492], [806, 492]], '다', 0.9999966621426779), ([[188, 514], [252, 514], [252, 538], [188, 538]], '괜찮아?', 0.966358492189752), ([[690, 506], [758, 506], [758, 530], [690, 530]], '보달라고', 0.40612173165943033), ([[192, 532], [248, 532], [248, 560], [192, 560]], '후미장', 0.9771889438261926), ([[690, 524], [760, 524], [760, 550], [690, 550]], '말햇잡아', 0.3244399428367615), ([[396, 686], [478, 686], [478, 714], [396, 714]], '깜박하고', 0.3227851286105395), ([[390, 707], [482, 707], [482, 740], [390, 740]], '(자버린 것', 0.605151813887017), ([[800, 708], [844, 708], [844, 734], [800, 734]], '미안', 0.9998930329741906), ([[406, 736], [464, 736], [464, 762], [406, 762]], '같아:', 0.32361418247379004), ([[800, 732], [844, 732], [844, 758], [800, 758]], '미안', 0.999890757116437), ([[434, 986], [474, 986], [474, 1012], [434, 1012]], '오늘', 0.9999961224921389), ([[412, 1010], [494, 1010], [494, 1036], [412, 1036]], '치마입고', 0.9985025525093079), ([[406, 1034], [502, 1034], [502, 1064], [406, 1064]], '있엿던가?', 0.5101756093652101), ([[793, 1095], [841, 1095], [841, 1115], [793, 1115]], '그리고', 0.9999949757390659), ([[799, 1115], [835, 1115], [835, 1133], [799, 1133]], '보니', 0.9764266260055037), ([[90, 1132], [126, 1132], [126, 1156], [90, 1156]], '(에?', 0.3380862990187681), ([[790, 1131], [844, 1131], [844, 1158], [790, 1158]], '후미장', 0.9860374883967153)]
[([[93, 123], [211, 123], [211, 191], [93, 191]], '역자', 0.998827591779381), ([[241, 123], [467, 123], [467, 191], [241, 191]], '마이히메', 0.6933609247207642), ([[808, 10], [1116, 10], [1116, 184], [808, 184]], '후기', 0.9999602136068284), ([[1134, 128], [1252, 128], [1252, 196], [1134, 196]], '식자', 0.9944370285376536), ([[1285, 133], [1503, 133], [1503, 195], [1285, 195]], '모모로리', 0.9933888912200928), ([[19, 221], [197, 221], [197, 289], [19, 289]], '미사이8', 0.04411715641617775), ([[253, 221], [341, 221], [341, 281], [253, 281]], '일단', 0.9995282407770809), ([[1305, 217], [1562, 217], [1562, 282], [1305, 282]], '역자들 맘대로', 0.9236712994353378), ([[253, 265], [753, 265], [753, 334], [253, 334]], '간단한결로 생즌보고입니다', 0.5514510390612665), ([[1305, 269], [1617, 269], [1617, 331], [1305, 331]], '막 쓰여지고 있는', 0.24986414744094415), ([[255, 318], [721, 318], [721, 383], [255, 383]], '정말 간단한결로 고른지라', 0.6161696766925968), ([[1042, 324], [1098, 324], [1098, 354], [1042, 354]], '식터', 0.04750143931421913), ([[1305, 319], [1595, 319], [1595, 379], [1305, 379]], '모모로리입니다!', 0.8065708908333452), ([[83, 371], [119, 371], [119, 385], [83, 385]], '여자', 0.9999136000538101), ([[1047, 347], [1257, 347], [1257, 415], [1047, 415]], "입도 ' _ 문", 0.006529769795980398), ([[253, 364], [658, 364], [658, 433], [253, 433]], '금방 끝내지만 말이초!', 0.6869015256221954), ([[1301, 365], [1677, 365], [1677, 433], [1301, 433]], '딱히 생존보 고같은거', 0.4231043712060363), ([[1302, 419], [1641, 419], [1641, 481], [1302, 481]], '하고싶지 않은데.', 0.6150770223898655), ([[271, 468], [691, 468], [691, 532], [271, 532]], '요괴워치? 라는 게임이', 0.4665256575878199), ([[253, 515], [686, 515], [686, 584], [253, 584]], '원작이라는 것 같습니다', 0.38411391788428423), ([[1305, 515], [1715, 515], [1715, 584], [1305, 584]], '식질 할거 별로 없어서', 0.7710776113813642), ([[253, 569], [545, 569], [545, 631], [253, 631]], '잘 모르계지만.', 0.5139078294393788), ([[1304, 568], [1467, 568], [1467, 633], [1304, 633]], '편하네요', 0.9983373880386353)]
