864860
30
[([[106, 340], [359, 340], [359, 677], [106, 677]], '[', 0.007020481390625444), ([[196, 661], [300, 661], [300, 730], [196, 730]], '807', 0.0039623933283001265), ([[161, 798], [481, 798], [481, 997], [161, 997]], "'려5?", 0.0021326399873942137), ([[600, 1447], [875, 1447], [875, 1615], [600, 1615]], '333내하13?', 0.000168272037427787), ([[195, 1919], [1335, 1919], [1335, 2105], [195, 2105]], '@-@@)@오#님', 0.0027762712002590124), ([[1509, 2769], [1930, 2769], [1930, 2843], [1509, 2843]], '7-위어.-톤+)', 0.00607380999782853), ([[1508, 2854], [1890, 2854], [1890, 2923], [1508, 2923]], '5이: 4진신:5', 0.0007730258100837927), ([[643.2248576681687, 270.0166979015142], [808.6925510916145, 422.68735213603816], [703.7751423318313, 537.9833020984858], [538.3074489083855, 385.31264786396184]], '688;', 0.06105123087763786), ([[352.3521603440056, 353.0099951457814], [494.5472074951604, 304.00713064020925], [624.6478396559944, 718.9900048542186], [482.4527925048396, 767.9928693597907]], '{', 0.514537243862808), ([[238.81759014257753, 690.1596129695272], [319.69370142092333, 616.016049308056], [456.18240985742244, 787.8403870304728], [375.30629857907667, 861.983950691944]], '8', 0.6089216101463855), ([[83.68660133278574, 869.0054582509508], [151.28023788107538, 852.0043640174799], [231.31339866721424, 1173.9945417490492], [163.71976211892462, 1190.99563598252]], '{', 0.1354258649661375), ([[244.82590938685752, 1305.076911340117], [301.6149974716823, 1270.021036913439], [373.1740906131425, 1398.923088659883], [316.3850025283177, 1433.978963086561]], '3', 0.13596298408135343)]
[([[389, 827], [442, 827], [442, 887], [389, 887]], '응', 0.9998540931521802), ([[1767, 1243], [1817, 1243], [1817, 1300], [1767, 1300]], '응', 0.9997339425647169), ([[428, 1387], [529, 1387], [529, 1454], [428, 1454]], '응릇', 0.12958020657627203), ([[1804, 2038], [1871, 2038], [1871, 2093], [1804, 2093]], '꼬', 0.1844883614560331), ([[644, 2534], [809, 2534], [809, 2588], [644, 2588]], '하아 "', 0.917598544732893)]
[([[334, 1493], [1004, 1493], [1004, 1676], [334, 1676]], '(첫이*잠', 0.00266347778858612), ([[1072, 1493], [1380, 1493], [1380, 1676], [1072, 1676]], '이/', 0.011374935881596961), ([[1432, 1505], [1557, 1505], [1557, 1673], [1432, 1673]], '9', 0.9999936819176334), ([[1648, 1491], [1885, 1491], [1885, 1680], [1648, 1680]], '12', 0.6806855391839404)]
[([[1750, 2070], [1951, 2070], [1951, 2157], [1750, 2157]], '괜찮아,', 0.5345582365989685), ([[1025, 2122], [1325, 2122], [1325, 2196], [1025, 2196]], '부끄러워요!', 0.8371802161187943), ([[1721, 2176], [1979, 2176], [1979, 2250], [1721, 2250]], '오기우에?', 0.9883641517506291)]
[([[1293, 306], [1376, 306], [1376, 382], [1293, 382]], '하,', 0.8929071097868861), ([[884, 382], [1133, 382], [1133, 456], [884, 456]], '싫은 건...', 0.6962888908810887), ([[1216, 404], [1446, 404], [1446, 484], [1216, 484]], '하지만...', 0.9504946298316348), ([[897, 481], [1125, 481], [1125, 557], [897, 557]], '아니니까', 0.9991458058357239), ([[225, 884], [397, 884], [397, 958], [225, 958]], '그러니', 0.9999900203069368), ([[429, 1660], [505, 1660], [505, 1733], [429, 1733]], '꿀', 0.9982797159680992), ([[442, 1754], [514, 1754], [514, 1821], [442, 1821]], '퍽', 0.5947972486590949)]
[([[351, 1837], [450, 1837], [450, 1947], [351, 1947]], '품', 0.7872365831195225), ([[1643, 1889], [1698, 1889], [1698, 1927], [1643, 1927]], '아', 0.999903562009937), ([[368, 1933], [478, 1933], [478, 2038], [368, 2038]], '{', 0.006277159624319906)]
[([[1594, 553], [1661, 553], [1661, 617], [1594, 617]], '아', 0.9998776950087773), ([[535, 1320], [578, 1320], [578, 1371], [535, 1371]], '항', 0.21495699648358269), ([[269, 1337], [319, 1337], [319, 1416], [269, 1416]], '하', 0.859325438141699), ([[540, 1372], [586, 1372], [586, 1415], [540, 1415]], '짝', 0.9816631893637009), ([[1092, 1419], [1132, 1419], [1132, 1469], [1092, 1469]], '즉', 0.011714649442951475), ([[269, 1433], [321, 1433], [321, 1515], [269, 1515]], '잇', 0.22967569107528707), ([[1141, 1956], [1201, 1956], [1201, 2045], [1141, 2045]], '하', 0.9931613700402444), ([[1131, 2046], [1174, 2046], [1174, 2171], [1131, 2171]], "'", 0.5161755553821514), ([[1071, 2203], [1128, 2203], [1128, 2307], [1071, 2307]], '움', 0.9657704975512758), ([[438.32012998543547, 2633.0257158077484], [587.9449536120626, 2716.0061162653265], [549.6798700145645, 2782.9742841922516], [399.0550463879374, 2698.9938837346735]], '뜻 $ 3 0', 0.09992384909801001)]
[([[825, 288], [875, 288], [875, 336], [825, 336]], '사', 0.9999996423721633), ([[788, 357], [951, 357], [951, 412], [788, 412]], '사사하라', 0.9999926686286926), ([[367, 384], [476, 384], [476, 496], [367, 496]], '()', 0.14953139398233897), ([[825, 434], [909, 434], [909, 486], [825, 486]], '선배', 0.9999227035548407), ([[1859, 481], [2001, 481], [2001, 554], [1859, 554]], '하잇!', 0.3313318870585351), ([[274, 880], [424, 880], [424, 945], [274, 945]], '거기논', 0.48827345248172876), ([[1803, 1182], [1953, 1182], [1953, 1271], [1803, 1271]], '우와,', 0.7940877807003088), ([[1763, 1263], [1987, 1263], [1987, 1339], [1763, 1339]], '젖어앗네', 0.47678396105766296), ([[373, 1597], [551, 1597], [551, 1663], [373, 1663]], '자, 잠깐', 0.9806071829474603), ([[349, 1673], [573, 1673], [573, 1737], [349, 1737]], '기다려.. .!', 0.44573606522045334), ([[1803, 2123], [1872, 2123], [1872, 2192], [1803, 2192]], '음', 0.9951356344200271), ([[1768, 2221], [1969, 2221], [1969, 2294], [1768, 2294]], '여긴가?', 0.9930139328240142), ([[270, 2702], [393, 2702], [393, 2771], [270, 2771]], '안팎', 0.10655821017381806)]
[([[1733, 219], [1889, 219], [1889, 336], [1733, 336]], "'56?", 0.10099342465400696), ([[286, 857], [419, 857], [419, 1049], [286, 1049]], '옷', 0.9659426004596448), ([[274, 2112], [414, 2112], [414, 2167], [274, 2167]], '훨씬 더', 0.9069983488256871), ([[1204, 2154], [1335, 2154], [1335, 2217], [1204, 2217]], '혼자서', 0.8969112307575045), ([[254, 2186], [474, 2186], [474, 2243], [254, 2243]], '기분 좋아...', 0.2950898973282893), ([[1163, 2229], [1388, 2229], [1388, 2291], [1163, 2291]], '하능 것보다', 0.553601764155747), ([[176, 2841], [222, 2841], [222, 2879], [176, 2879]], '1"', 0.02352707113892853), ([[1814.2624143155142, 2077.0340746075526], [1875.2791046982452, 2060.1029188195303], [1910.7375856844858, 2200.9659253924474], [1849.7208953017548, 2217.8970811804697]], "'죽", 0.03587480670597461), ([[1683.095511646343, 2097.0455652987976], [1747.8419292931057, 2072.0394668090894], [1797.904488353657, 2213.9544347012024], [1732.1580707068943, 2238.9605331909106]], '(죽', 0.3187330352935066)]
[([[1668, 300], [1783, 300], [1783, 385], [1668, 385]], '1', 0.14027467608674105), ([[1205, 410], [1331, 410], [1331, 453], [1205, 453]], '오기우에', 0.9811014533042908), ([[273, 1085], [339, 1085], [339, 1146], [273, 1146]], '넷', 0.9998401467314899), ([[1391, 1113], [1453, 1113], [1453, 1168], [1391, 1168]], '그', 0.999903562009937), ([[243, 1186], [374, 1186], [374, 1255], [243, 1255]], '네에.', 0.8554819254659386), ([[1325, 1207], [1583, 1207], [1583, 1280], [1325, 1280]], '괜찮올까?', 0.3493255347958989), ([[1119, 2273], [1223, 2273], [1223, 2333], [1119, 2333]], '으음_', 0.8266382729265213), ([[1767, 2282], [1869, 2282], [1869, 2347], [1767, 2347]], '진짜', 0.9992613299709123), ([[1739, 2357], [1895, 2357], [1895, 2426], [1739, 2426]], '{렇게', 0.6262399639697065), ([[1722, 2433], [1917, 2433], [1917, 2500], [1722, 2500]], '되는구나', 0.8932002186775208), ([[623, 2680], [880, 2680], [880, 2761], [623, 2761]], '여기켓지?', 0.8261909560606324), ([[1476.8972608519762, 252.06781290100707], [1633.592303010386, 274.32187958117834], [1619.1027391480238, 350.9321870989929], [1462.407696989614, 327.67812041882166]], '사"-', 0.15973157321218284), ([[1488.4597040961578, 1451.0292776846527], [1529.1902602898233, 1446.1437380175212], [1542.5402959038422, 1552.9707223153473], [1501.8097397101767, 1557.8562619824788]], '#', 0.34497905502581716), ([[1457.3641784200731, 1679.0405916765708], [1497.589910332251, 1667.0349213702195], [1524.6358215799269, 1766.9594083234292], [1484.410089667749, 1777.9650786297805]], '4', 0.4255690878968075), ([[1787.364292747139, 2652.014440437056], [1885.6401747364307, 2620.014644219512], [1969.635707252861, 2899.985559562944], [1871.3598252635693, 2931.985355780488]], '#', 0.06057100111943847)]
[([[1781, 242], [1942, 242], [1942, 426], [1781, 426]], '', 0.0), ([[1589, 240], [1838, 240], [1838, 595], [1589, 595]], '하', 0.5544912042559105), ([[1778, 555], [1918, 555], [1918, 712], [1778, 712]], '5', 0.32627742188811126), ([[1873, 726], [1923, 726], [1923, 786], [1873, 786]], '0', 0.9992975038659466), ([[562, 1115], [616, 1115], [616, 1180], [562, 1180]], '앗', 0.33070135020867397), ([[938, 2415], [1142, 2415], [1142, 2491], [938, 2491]], '괜찮아?', 0.999549925327301), ([[914, 2516], [1170, 2516], [1170, 2592], [914, 2592]], '오기우에?', 0.9907354232485621), ([[1824, 2558], [1942, 2558], [1942, 2631], [1824, 2631]], '응웃', 0.8869026699307209), ([[235, 2686], [382, 2686], [382, 2764], [235, 2764]], '앗; 네_', 0.37445715955831693), ([[1009.2780881977964, 2664.0137196020432], [1218.5554010638118, 2840.9137925455143], [1114.7219118022037, 2964.9862803979568], [904.4445989361883, 2788.0862074544857]], '#*?', 0.11977325401464793)]
[([[1808, 324], [1922, 324], [1922, 391], [1808, 391]], '그럼', 0.9995475414206038), ([[254, 358], [404, 358], [404, 431], [254, 431]], '네에.', 0.8232533931732178), ([[1753, 424], [1977, 424], [1977, 498], [1753, 498]], '움직일게', 0.9791874885559082), ([[993, 1064], [1066, 1064], [1066, 1187], [993, 1187]], '(', 0.16547135408572533), ([[1290, 1123], [1347, 1123], [1347, 1185], [1290, 1185]], '응', 0.9997180899013394), ([[1666, 1120], [1899, 1120], [1899, 1399], [1666, 1399]], '9', 0.07080901403682915), ([[293, 1344], [388, 1344], [388, 1436], [293, 1436]], '18', 0.9153696746950747), ([[971, 1811], [1033, 1811], [1033, 1875], [971, 1875]], '아', 0.9998995090936411), ([[335, 2041], [429, 2041], [429, 2095], [335, 2095]], '아앗', 0.6167539806039167), ([[260, 2155], [320, 2155], [320, 2217], [260, 2217]], '앗', 0.3237576150162482), ([[269, 2611], [450, 2611], [450, 2910], [269, 2910]], '8', 0.18452008301805822), ([[830, 2523], [941, 2523], [941, 2799], [830, 2799]], '%', 0.042098760761494214)]
[([[1600, 411], [1694, 411], [1694, 466], [1600, 466]], "'하아", 0.9127011907153868), ([[1526, 495], [1620, 495], [1620, 550], [1526, 550]], '하잇', 0.2319337196718672), ([[1785, 370], [1837, 370], [1837, 560], [1785, 560]], '육', 0.11991781145701541), ([[1908, 461], [2002, 461], [2002, 515], [1908, 515]], '하아', 0.9999221135123715), ([[1066, 493], [1177, 493], [1177, 619], [1066, 619]], '#', 0.5527427858823017), ([[618, 500], [668, 500], [668, 729], [618, 729]], '유', 0.039191508450074686), ([[1858, 659], [1951, 659], [1951, 779], [1858, 779]], '#', 0.19258258744250245), ([[382, 899], [476, 899], [476, 953], [382, 953]], "'하잇", 0.25566386651631434), ([[1120, 1243], [1172, 1243], [1172, 1298], [1120, 1298]], '앗', 0.42356483233794506), ([[1704, 1222], [2006, 1222], [2006, 1324], [1704, 1324]], '벼사사하라', 0.3238165874778268), ([[1848, 1326], [1963, 1326], [1963, 1390], [1848, 1390]], '선배,', 0.9823796505498427), ([[1848, 1400], [1909, 1400], [1909, 1461], [1848, 1461]], '종', 0.25424689366986186), ([[363, 1675], [409, 1675], [409, 1718], [363, 1718]], '7', 0.8043449292793845), ([[1281, 1660], [1350, 1660], [1350, 1949], [1281, 1949]], '#', 0.04663420182646405), ([[1850, 1803], [1949, 1803], [1949, 1920], [1850, 1920]], '1호', 0.08450702037716076), ([[1083, 2141], [1133, 2141], [1133, 2196], [1083, 2196]], '양', 0.9816003551716221), ([[1863, 2139], [1923, 2139], [1923, 2194], [1863, 2194]], '나', 0.999917032055464), ([[1845, 2224], [1998, 2224], [1998, 2288], [1845, 2288]], '나도야', 0.999461941517741), ([[984, 2276], [1085, 2276], [1085, 2340], [984, 2340]], '안돼', 0.43489285515114545), ([[1291, 2364], [1358, 2364], [1358, 2431], [1291, 2431]], '177', 0.9477692879358854), ([[340, 2565], [439, 2565], [439, 2619], [340, 2619]], '이', 0.9114635716453314), ([[314, 2647], [420, 2647], [420, 2709], [314, 2709]], '이젠_', 0.7450142950930133), ([[1254, 2628], [1514, 2628], [1514, 2700], [1254, 2700]], '(나도 좋아해_', 0.8536315598950652), ([[1284, 2719], [1498, 2719], [1498, 2783], [1284, 2783]], '오기우에!', 0.9787235321591359), ([[1745, 2744], [1835, 2744], [1835, 2834], [1745, 2834]], '1하,', 0.25274556237143375), ([[172, 2909], [213, 2909], [213, 2940], [172, 2940]], '벼', 0.0802692146730557), ([[232.13744424563063, 347.02659677921645], [327.99737443944485, 317.14321482635125], [387.86255575436934, 536.9734032207836], [292.00262556055515, 566.8567851736487]], ':', 0.012247751672272378), ([[247.13653330406362, 1407.017759288746], [402.7213852858343, 1381.1046995539305], [444.8634666959364, 1691.982240711254], [289.2786147141657, 1716.8953004460695]], "'", 0.062274436390596044), ([[1052.2583780969333, 2590.014479281492], [1191.9890576263017, 2565.6667159515423], [1238.7416219030667, 2883.985520718508], [1099.0109423736983, 2907.3332840484577]], '올', 0.11963406828705558)]
[([[1095, 352], [1205, 352], [1205, 469], [1095, 469]], '흐', 0.798101175320344), ([[1113.4028641601506, 480.01189041977716], [1221.9601630226744, 469.53220442383], [1248.5971358398494, 760.9881095802228], [1139.0398369773256, 772.4677955761699]], '야', 0.2599827265875412)]
[([[1124, 307], [1186, 307], [1186, 369], [1124, 369]], '오', 0.999998569489037), ([[232, 857], [392, 857], [392, 931], [232, 931]], '어머-|', 0.7843441963195801), ([[1185, 1121], [1480, 1121], [1480, 1194], [1185, 1194]], '오기우에 양', 0.9444276937196845), ([[1182, 1221], [1485, 1221], [1485, 1299], [1182, 1299]], '안녕하세요-', 0.8248862514034828), ([[458, 1775], [513, 1775], [513, 1834], [458, 1834]], '여', 0.9999518400268812), ([[1387, 1784], [1452, 1784], [1452, 1848], [1387, 1848]], '아', 0.9997544439398212), ([[233, 1880], [438, 1880], [438, 1949], [233, 1949]], '오랜만~', 0.9702248043018871), ([[1281, 1881], [1558, 1881], [1558, 1957], [1281, 1957]], '안녕하세요', 0.9995851157395208), ([[1254, 1984], [1585, 1984], [1585, 2058], [1254, 2058]], '오랜만이네요', 0.9280003597680304), ([[895, 2224], [962, 2224], [962, 2288], [895, 2288]], '너', 0.9999583963906709), ([[1877, 2212], [1968, 2212], [1968, 2281], [1877, 2281]], '응?', 0.9996925947277071), ([[805, 2319], [1114, 2319], [1114, 2403], [805, 2403]], '이거 혹시...', 0.87921161118726), ([[1151, 2455], [1252, 2455], [1252, 2522], [1151, 2522]], '어머', 0.9995024505679108), ([[201, 2588], [381, 2588], [381, 2655], [201, 2655]], '어머나~', 0.9995958209037781), ([[179, 2905], [224, 2905], [224, 2943], [179, 2943]], '1.', 0.15854091715619814), ([[2049.2264990188737, 700.8397485283108], [2195.083940857721, 650.1153116163719], [2207.7735009811263, 694.1602514716892], [2060.916059142279, 744.8846883836281]], "'", 0.24625909683525382)]
[([[393, 300], [607, 300], [607, 366], [393, 366]], '죄송해요', 0.9944861531257629), ([[938, 306], [1000, 306], [1000, 360], [938, 360]], '아', 0.9998840127247242), ([[1825, 280], [1897, 280], [1897, 344], [1825, 344]], '음,', 0.6129191693789919), ([[451, 389], [547, 389], [547, 446], [451, 446]], '바로', 0.9999747119845447), ([[887, 385], [1098, 385], [1098, 458], [887, 458]], '나는 뒷어', 0.4591727519938051), ([[1454, 369], [1695, 369], [1695, 438], [1454, 438]], '자, 사키씨!', 0.9593023847683901), ([[1728, 360], [2000, 360], [2000, 434], [1728, 434]], '신작인가요? ', 0.8700245511697062), ([[371, 474], [632, 474], [632, 541], [371, 541]], '정리활게요!', 0.6559941208131046), ([[1493, 457], [1656, 457], [1656, 519], [1493, 519]], '보세요', 0.9998103192898179), ([[1808, 452], [1912, 452], [1912, 514], [1808, 514]], '종은', 0.3859523681405506), ([[1727, 535], [2002, 535], [2002, 611], [1727, 611]], '느낌이네요~', 0.8136658414443143), ([[320, 731], [382, 731], [382, 786], [320, 786]], '아', 0.9998276307957354), ([[282, 814], [433, 814], [433, 881], [282, 881]], '괜찮아', 0.9996788670540829), ([[282, 903], [433, 903], [433, 969], [282, 969]], '괜찮아', 0.9915952682495117), ([[450, 2325], [516, 2325], [516, 2475], [450, 2475]], '호', 0.9997983080530162), ([[560, 2566], [657, 2566], [657, 2692], [560, 2692]], ')', 0.9087099771861631), ([[647, 2626], [671, 2626], [671, 2654], [647, 2654]], '4', 0.3488580839277944), ([[2027, 2829], [2067, 2829], [2067, 2865], [2027, 2865]], '1"', 0.2973000572336732), ([[1724.9146451951456, 1382.0294715906768], [1980.7790702806667, 1439.1191192864733], [1937.0853548048544, 1605.9705284093232], [1681.2209297193333, 1548.8808807135267]], '#사', 0.3260650852288366)]
[([[329, 275], [423, 275], [423, 344], [329, 344]], '응?', 0.9995242795231337), ([[281, 377], [434, 377], [434, 451], [281, 451]], '아니.', 0.946166044264121), ([[1284, 381], [1456, 381], [1456, 445], [1284, 445]], '원가요?', 0.9319116473197937), ([[1571, 1212], [1740, 1212], [1740, 1285], [1571, 1285]], '즐거워', 0.9707532083335682), ([[1573, 1315], [1743, 1315], [1743, 1389], [1573, 1389]], '보여서', 0.9997364029309419), ([[638, 1748], [737, 1748], [737, 1805], [638, 1805]], '뭐가', 0.8849581838196219), ([[593, 1833], [787, 1833], [787, 1897], [593, 1897]], '말인가요', 0.9963794350624084), ([[191, 2876], [236, 2876], [236, 2914], [191, 2914]], '1{', 0.14602748294638038), ([[307.1725097715042, 1666.0490820806353], [406.97125244527393, 1709.3662497777025], [382.8274902284958, 1763.9509179193647], [283.02874755472607, 1720.6337502222975]], ';. ', 0.10689513015943099)]
[([[1695, 762], [1759, 762], [1759, 831], [1695, 831]], '잇', 0.28361398577107266), ([[1554, 897], [1669, 897], [1669, 970], [1554, 970]], '안돼', 0.6138029249813712), ([[1265, 891], [1436, 891], [1436, 1067], [1265, 1067]], '몇', 0.20808320443394734), ([[1249, 1066], [1450, 1066], [1450, 1135], [1249, 1135]], '##{+@)', 0.1921665817837735), ([[964, 1109], [1028, 1109], [1028, 1173], [964, 1173]], '잠', 0.9985770284459683), ([[967, 1210], [1082, 1210], [1082, 1279], [967, 1279]], '잠깐', 0.9999441980285968), ([[1247, 1151], [1937, 1151], [1937, 1266], [1247, 1266]], '장좁: 0간 9/12', 0.005675343795673508), ([[882, 1310], [1115, 1310], [1115, 1384], [882, 1384]], '코우사카', 0.9953733086585999), ([[1835, 1429], [1929, 1429], [1929, 1498], [1835, 1498]], '응?', 0.9997520169501456), ([[479, 1547], [546, 1547], [546, 1607], [479, 1607]], '나', 0.9998256044135054), ([[451, 1647], [574, 1647], [574, 1721], [451, 1721]], '이젠_', 0.44587759080328243), ([[1109, 1976], [1171, 1976], [1171, 2037], [1109, 2037]], '부', 0.9999969005608733), ([[1753, 1975], [1964, 1975], [1964, 2051], [1753, 2051]], '왜 그래,', 0.6298166522599322), ([[831, 2012], [945, 2012], [945, 2077], [831, 2077]], '잠깐 .', 0.9976106286048889), ([[1070, 2062], [1267, 2062], [1267, 2128], [1070, 2128]], '부탁이야', 0.9947706460952759), ([[1785, 2075], [1935, 2075], [1935, 2147], [1785, 2147]], '사키?', 0.9903988438657372), ([[755, 2099], [1060, 2099], [1060, 2165], [755, 2165]], '잠깐 멈취쥐 ..', 0.45128339579655674), ([[756, 2301], [813, 2301], [813, 2356], [756, 2356]], "'", 0.70274607326661), ([[179, 2873], [224, 2873], [224, 2911], [179, 2911]], "'", 0.7868364000983661), ([[685.0713356559264, 268.02697328193415], [773.4905668017911, 191.00752226160748], [992.9286643440736, 471.97302671806585], [904.5094331982089, 548.9924777383925]], '줄', 0.569719743455849)]
[([[909, 315], [1008, 315], [1008, 370], [909, 370]], '그게', 0.9994525563374542), ([[885, 388], [1036, 388], [1036, 452], [885, 452]], '아니라', 0.9999074990804777), ([[1101, 358], [1393, 358], [1393, 434], [1101, 434]], '전혀 힘들지', 0.9988725167367737), ([[1783, 370], [1950, 370], [1950, 444], [1783, 444]], '나라면', 0.9999529923209995), ([[1138, 461], [1364, 461], [1364, 535], [1138, 535]], '않으니까', 0.8696327209472656), ([[1780, 473], [1952, 473], [1952, 547], [1780, 547]], '괜찮아', 0.9996631067058899), ([[1644, 1166], [1754, 1166], [1754, 1259], [1644, 1259]], '아', 0.9994784081811758), ([[1642, 1273], [1756, 1273], [1756, 1401], [1642, 1401]], '양', 0.9679088708624342), ([[441, 1573], [648, 1573], [648, 1647], [441, 1647]], '안대에~', 0.9993410110473633), ([[312, 2807], [364, 2807], [364, 2850], [312, 2850]], '{_', 0.16561342645082489), ([[427, 2792], [473, 2792], [473, 2835], [427, 2835]], '3', 0.6586023113158923), ([[2000, 2856], [2043, 2856], [2043, 2894], [2000, 2894]], '71', 0.2969458584304611), ([[749.4660700223053, 1808.0589102899685], [856.6188985084325, 1712.0095781776306], [1066.5339299776947, 1977.9410897100315], [959.3811014915675, 2074.990421822369]], '죽', 0.27776871629692224), ([[346.2736737481338, 2593.0441247346967], [387.51977769818905, 2576.0225564708257], [427.7263262518662, 2686.9558752653033], [386.48022230181095, 2702.9774435291743]], '둘', 0.07037504820100882), ([[280.26912441760913, 2609.03345615194], [338.00603411802103, 2593.0635086245006], [375.73087558239087, 2733.96654384806], [317.99396588197897, 2750.9364913754994]], '꿈', 0.04767235321998542), ([[223.47906052624862, 2636.0194110517314], [269.3970868303409, 2615.0112717859993], [342.52093947375135, 2783.9805889482686], [296.6029131696591, 2804.9887282140007]], '푹', 0.23633190915453017), ([[381.1878904958928, 2685.04132685975], [439.2749195794598, 2675.330271132107], [457.8121095041072, 2798.95867314025], [399.7250804205402, 2808.669728867893]], '""', 0.020299199303610637), ([[223.436464432426, 2732.0265229837155], [267.43998865821635, 2717.016154248258], [309.56353556757404, 2849.9734770162845], [264.56001134178365, 2864.983845751742]], '꿀', 0.17845217318068762), ([[327.98268547211705, 2736.064946682513], [387.5305193394915, 2716.147770345218], [422.01731452788295, 2829.935053317487], [361.4694806605085, 2849.852229654782]], '#', 0.23113734932302155)]
[([[283, 382], [454, 382], [454, 437], [283, 437]], '}; 다}()', 0.027416459248989788), ([[283, 450], [1003, 450], [1003, 541], [283, 541]], ':4`4쪽0 0간 9/12', 0.0025931093548415478), ([[1259, 953], [1278, 953], [1278, 987], [1259, 987]], '1', 0.33766112389366754), ([[1065, 2841], [1107, 2841], [1107, 2879], [1065, 2879]], '15', 0.137284412201877), ([[367.76217425292276, 1213.0056593113777], [409.22601308581324, 1207.0051108035273], [440.23782574707724, 1432.9943406886223], [398.77398691418676, 1437.9948891964727]], '?', 0.09478905712356678), ([[416.52901684970954, 1229.018513991311], [458.39911406314263, 1218.0132890528603], [497.47098315029046, 1367.981486008689], [455.60088593685737, 1379.9867109471397]], '#', 0.8104636164113721), ([[480.2397140787303, 1240.058141511747], [519.9588770262333, 1229.0928058069237], [541.7602859212697, 1314.941858488253], [501.0411229737667, 1325.9071941930763]], '+', 0.06264907059193447)]
[([[295, 568], [383, 568], [383, 762], [295, 762]], '하', 0.8899052062929549), ([[1706, 1258], [1758, 1258], [1758, 1320], [1706, 1320]], '응', 0.9998298955783049), ([[1509, 1287], [1542, 1287], [1542, 1377], [1509, 1377]], '숫', 0.050045537627085857), ([[659, 1422], [723, 1422], [723, 1491], [659, 1491]], '앗', 0.47601281102757653), ([[853, 1535], [898, 1535], [898, 1622], [853, 1622]], '+', 0.9812676745547755)]
[([[974, 1382], [1469, 1382], [1469, 1562], [974, 1562]], '요4,:', 0.018750375136733055), ([[1137, 1641], [1289, 1641], [1289, 1806], [1137, 1806]], '&', 0.9123507073752677), ([[729, 1873], [1913, 1873], [1913, 2071], [729, 2071]], '답스:시어3시', 0.0003111115106123181), ([[1887, 2306], [2034, 2306], [2034, 2394], [1887, 2394]], '이건', 0.99763764431535), ([[1887, 2439], [2106, 2439], [2106, 2531], [1887, 2531]], '끊이다', 0.3854008470412594), ([[1745, 2490], [1835, 2490], [1835, 2576], [1745, 2576]], '1)', 0.1976990687461219)]
[([[213, 343], [591, 343], [591, 443], [213, 443]], '그래서-같이', 0.5972170978107206), ([[1535, 380], [1843, 380], [1843, 482], [1535, 482]], '확실히...', 0.9692054613001218), ([[215, 442], [528, 442], [528, 550], [215, 550]], '한잔 하러', 0.6511776239176714), ([[1535, 484], [1895, 484], [1895, 588], [1535, 588]], "'길거리에서", 0.9952847333081952), ([[213, 545], [519, 545], [519, 645], [213, 645]], '켓다가...', 0.14293505252687896), ([[1532, 577], [1987, 577], [1987, 689], [1532, 689]], '우연히 만나서', 0.7396664923339078), ([[1642, 1262], [1955, 1262], [1955, 1362], [1642, 1362]], '그리고: .', 0.5138507212461632), ([[1643, 1362], [1883, 1362], [1883, 1462], [1643, 1462]], '어라...', 0.514233395703809), ([[396, 1498], [462, 1498], [462, 1565], [396, 1565]], '왜', 0.9992345844638209), ([[1643, 1463], [1991, 1463], [1991, 1560], [1643, 1560]], '기억이:..?', 0.2746927664721558), ([[361, 1599], [507, 1599], [507, 1666], [361, 1666]], '그래?', 0.629077672958374), ([[1059.2111456180003, 2199.4222912360005], [1135.3578762802376, 2152.7688362085632], [1152.7888543819997, 2186.5777087639995], [1076.6421237197624, 2233.2311637914368]], '새/', 0.22531096044317167), ([[1695.0946425395748, 2235.041067935323], [1769.7449632348578, 2211.15342174616], [1812.9053574604252, 2364.958932064677], [1738.2550367651422, 2388.84657825384]], '지', 0.19275602149693682)]
[([[944, 1365], [1065, 1365], [1065, 1434], [944, 1434]], '우 ..', 0.3289797008037567), ([[241, 1408], [511, 1408], [511, 1500], [241, 1500]], '여여가:..', 0.1770133085179146), ([[947, 1469], [1065, 1469], [1065, 1538], [947, 1538]], '우왕', 0.10792713983039953), ([[1867, 1451], [1934, 1451], [1934, 1520], [1867, 1520]], '응', 0.9998642252282117), ([[1169, 1502], [1237, 1502], [1237, 1657], [1169, 1657]], "'", 0.10741566535585889), ([[1009, 2043], [1059, 2043], [1059, 2100], [1009, 2100]], '응', 0.9915320894043624), ([[1806, 2049], [2054, 2049], [2054, 2118], [1806, 2118]], '카스카베!', 0.5818043930267314), ([[243, 2556], [307, 2556], [307, 2739], [243, 2739]], '와', 0.04473160243769403), ([[1382, 2655], [1444, 2655], [1444, 2724], [1382, 2724]], '앗', 0.21884781798555597), ([[1438.4145714558117, 1626.02862884928], [1484.6574348033637, 1613.0361271409154], [1515.5854285441883, 1739.97137115072], [1469.3425651966363, 1751.9638728590846]], ' 중', 0.026240894045412605)]
[([[1782, 389], [1869, 389], [1869, 479], [1782, 479]], '반', 0.03385286356942374), ([[298, 654], [449, 654], [449, 745], [298, 745]], '아앗', 0.6764093962380923), ([[1708, 903], [1793, 903], [1793, 993], [1708, 993]], '양', 0.9927738790591469), ([[1090, 2168], [1466, 2168], [1466, 2256], [1090, 2256]], '잠시 이대로:.3', 0.08143475816354842), ([[1747, 2192], [1865, 2192], [1865, 2261], [1747, 2261]], '이젠', 0.7604704284987631), ([[253, 2254], [374, 2254], [374, 2315], [253, 2315]], '아양!', 0.6434705581273233), ([[1090, 2269], [1274, 2269], [1274, 2359], [1090, 2359]], '꿈에서', 0.10499646947611385), ([[1743, 2292], [1969, 2292], [1969, 2366], [1743, 2366]], '아무래도', 0.818675203825708), ([[1091, 2376], [1391, 2376], [1391, 2452], [1091, 2452]], '깨지 않기틀', 0.38291740952692127), ([[1746, 2395], [1891, 2395], [1891, 2469], [1746, 2469]], '좋아!-', 0.8682603240013123), ([[1097, 2483], [1235, 2483], [1235, 2552], [1097, 2552]], '반다!', 0.42858068084352446), ([[1519.402339698105, 1277.0048273126947], [1785.7455044891342, 1405.7041640702641], [1514.597660301895, 1969.9951726873053], [1248.2544955108658, 1841.2958359297359]], '총', 0.01730696658095443)]
[([[1828, 339], [1946, 339], [1946, 408], [1828, 408]], '아앗', 0.7025757373897508), ([[343, 353], [424, 353], [424, 749], [343, 749]], '"', 0.9188338262186022), ([[588, 1742], [619, 1742], [619, 1805], [588, 1805]], '구', 0.7317113456206812), ([[1649, 2239], [1904, 2239], [1904, 2330], [1649, 2330]], '사키요?', 0.9905948042869568), ([[1550, 2370], [1995, 2370], [1995, 2463], [1550, 2463]], '최근 미국으로', 0.9989877154582828), ([[252, 2486], [478, 2486], [478, 2562], [252, 2562]], '거기에서', 0.9372281450716194), ([[1631, 2500], [1916, 2500], [1916, 2593], [1631, 2593]], '떠낫어요', 0.9890749454498291), ([[193, 2586], [543, 2586], [543, 2665], [193, 2665]], '가게틀 번다고', 0.1428044058021991), ([[225, 2691], [508, 2691], [508, 2764], [225, 2764]], '하더라구요', 0.9758294850190484), ([[1590.5577794898145, 785.0400308166593], [1724.5880848033498, 654.0066516919411], [2032.4422205101855, 1016.9599691833407], [1898.4119151966502, 1147.993348308059]], '초', 0.012116760832769025)]
[([[619, 353], [842, 353], [842, 426], [619, 426]], '예전부터', 0.999905526638031), ([[584, 456], [879, 456], [879, 530], [584, 530]], '굽이없대요.', 0.6929177346656236), ([[135, 588], [423, 588], [423, 657], [135, 657]], '죄송해요...', 0.9114327713271492), ([[619, 557], [847, 557], [847, 631], [619, 631]], '외로위도', 0.637629508972168), ([[82, 687], [480, 687], [480, 763], [82, 763]], '모두에렌 비밀로', 0.36044467485379006), ([[569, 658], [894, 658], [894, 734], [569, 734]], '어절 수 없조.', 0.9437169717814494), ([[97, 791], [463, 791], [463, 864], [97, 864]], '하고 싶엇대요.', 0.7168085346144578), ([[107, 892], [453, 892], [453, 968], [107, 968]], '우울해지논 건', 0.6576217305592315), ([[136, 995], [426, 995], [426, 1069], [136, 1069]], '싫다면서. .', 0.5619657432890995), ([[1484, 1283], [1640, 1283], [1640, 1340], [1484, 1340]], '어.. 응', 0.43224986587253794), ([[388, 1375], [612, 1375], [612, 1442], [388, 1442]], '아니에요.', 0.9874114294465358), ([[1318, 1348], [1466, 1348], [1466, 1415], [1318, 1415]], '갑자기', 0.9996425288341211), ([[1756, 1381], [1979, 1381], [1979, 1457], [1756, 1457]], '마다라메', 0.8958920836448669), ([[418, 1464], [612, 1464], [612, 1530], [418, 1530]], '저야말로', 0.9999023079872131), ([[1296, 1434], [1488, 1434], [1488, 1503], [1296, 1503]], '전화해서', 0.9998608231544495), ([[1793, 1486], [1939, 1486], [1939, 1555], [1793, 1555]], '선배?', 0.9999254623389915), ([[1318, 1523], [1464, 1523], [1464, 1589], [1318, 1589]], '미안해', 0.9996020614792616), ([[366, 1552], [664, 1552], [664, 1619], [366, 1619]], '말하지 않아서', 0.9978859574771973), ([[1296, 1611], [1488, 1611], [1488, 1673], [1296, 1673]], '코우사카', 0.9959403276443481), ([[418, 1638], [615, 1638], [615, 1705], [418, 1705]], '죄송해요', 0.9842811226844788)]
[([[1690, 252], [1947, 252], [1947, 354], [1690, 354]], '나; 꽤나', 0.9309794264321508), ([[303, 347], [590, 347], [590, 440], [303, 440]], '마다라메', 0.9454310536384583), ([[1704, 383], [1922, 383], [1922, 480], [1704, 480]], '좋아해', 0.9934757218719169), ([[1516.3307853792637, 1944.0172363577167], [1612.6619661557056, 1932.526427782128], [1637.6692146207363, 2163.9827636422833], [1541.3380338442944, 2175.473572217872]], '켓', 0.021808022291921247)]
[([[413, 584], [974, 584], [974, 673], [413, 673]], '임갚+ @큰같3 0마++ ]', 0.000575747431699343), ([[393, 759], [588, 759], [588, 802], [393, 802]], '한{주: < #표물', 0.020091345378435925), ([[393, 798], [827, 798], [827, 842], [393, 842]], '#}: 2  (미+나#물] 미+} 디)물 ]', 0.0002580761956641553), ([[393, 838], [465, 838], [465, 879], [393, 879]], '묘내', 0.02283755478875333), ([[480, 835], [1010, 835], [1010, 883], [480, 883]], '훌+구:/ / 미+미물톤_ 4 이[따[7국.{디2_다권교}', 3.4240595440374763e-06), ([[393, 880], [500, 880], [500, 923], [393, 923]], ':하주터', 0.05676252767443657), ([[513, 880], [790, 880], [790, 920], [513, 920]], '2[ $ 12 ! 31 터', 0.1020440593122475), ([[392, 955], [833, 955], [833, 1003], [392, 1003]], '#1 } 끼--]훌#다부#/~0)', 0.015759537418610373), ([[425, 998], [770, 998], [770, 1041], [425, 1041]], '돼#; . 뉴:\'락#소선기"', 0.005221359305180317), ([[393, 1037], [856, 1037], [856, 1080], [393, 1080]], '":4771 법보\' ";다 {효 뉴소{다', 0.000499608189088878), ([[693, 2081], [928, 2081], [928, 2237], [693, 2237]], '[시', 0.16640117889955686), ([[1090, 2946], [1134, 2946], [1134, 2979], [1090, 2979]], '또', 0.5740876516869129)]
[([[1521, 347], [1853, 347], [1853, 808], [1521, 808]], '#', 0.0035659834418889785), ([[1329, 731], [1443, 731], [1443, 949], [1329, 949]], '{', 0.011805513589562777), ([[1445, 840], [1581, 840], [1581, 914], [1445, 914]], ':', 0.3071022887383066), ([[1587, 824], [1767, 824], [1767, 1016], [1587, 1016]], '하주', 0.001390576834781314), ([[1544, 1313], [1620, 1313], [1620, 1423], [1544, 1423]], '용;', 0.04389034905480444), ([[725, 1491], [1598, 1491], [1598, 1654], [725, 1654]], '@@3@@-@피꿈', 0.010087248281932625), ([[1970, 1490], [2105, 1490], [2105, 1645], [1970, 1645]], '8연?', 0.0024909457318860063), ([[1055, 2582], [1503, 2582], [1503, 2939], [1055, 2939]], '설다', 0.0007179280595797661), ([[1544, 2745], [1974, 2745], [1974, 2823], [1544, 2823]], '@#이 -마어', 0.002255273073092532), ([[1538, 2824], [2040, 2824], [2040, 2910], [1538, 2910]], '-: ,구내5어서다:', 0.0010941116834277565), ([[1871.5158659571928, 334.00689509746394], [1983.381926050285, 287.00429076230967], [2149.4841340428075, 718.9931049025361], [2037.618073949715, 765.9957092376903]], '{', 0.05817512540693315), ([[1513.2998294488004, 615.0163502043316], [1758.9722320735777, 744.0877134578824], [1695.7001705511996, 858.9836497956684], [1450.0277679264223, 728.9122865421176]], ':833888:', 0.055067944371648886), ([[1907.896170436093, 704.4469794827161], [2038.6230139558859, 662.2173075802383], [2064.103829563907, 759.5530205172839], [1933.3769860441141, 801.7826924197617]], ':안', 0.0016917920354399007), ([[1390.6194788046764, 982.0090548982045], [1449.32893969369, 965.0067654433318], [1513.3805211953236, 1207.9909451017954], [1453.67106030631, 1223.9932345566683]], '품', 0.006957442263673619)]
