868817
55
[([[209, 27], [255, 27], [255, 71], [209, 71]], '에', 0.9985442694926405), ([[279, 23], [429, 23], [429, 83], [279, 83]], '대하여', 0.9999666885248742), ([[445, 28], [540, 28], [540, 76], [445, 76]], '@+(', 0.013223727805083827), ([[7, 229], [365, 229], [365, 385], [7, 385]], '담정', 0.760618403315377)]
[]
[]
[([[954, 98], [996, 98], [996, 128], [954, 128]], '싫엇', 0.8311610050218677), ([[1158, 172], [1210, 172], [1210, 196], [1158, 196]], '아앗 0', 0.7505219421892173), ([[836, 186], [904, 186], [904, 210], [836, 210]], '아히 . 잇', 0.29575037176682206), ([[821, 219], [919, 219], [919, 239], [821, 239]], '부서저버러어', 0.6040121622466398), ([[121, 357], [157, 357], [157, 393], [121, 393]], '게', 0.00413907703779004), ([[622, 702], [646, 702], [646, 730], [622, 730]], '옷', 0.99920753449641), ([[378, 684], [427, 684], [427, 803], [378, 803]], '셈', 0.007950339139828344), ([[380, 796], [410, 796], [410, 824], [380, 824]], '5 ', 0.2561613650959352), ([[474, 854], [622, 854], [622, 882], [474, 882]], '동꾸멍   수실따마다', 0.32752223918657697), ([[466, 888], [516, 888], [516, 914], [466, 914]], '잘~도', 0.9997901539535526), ([[522, 888], [628, 888], [628, 914], [522, 914]], '조여대는구만', 0.744935168566376), ([[205.94525616909806, 210.0934345469491], [296.65328814167486, 225.98994199407116], [286.05474383090194, 277.9065654530509], [195.34671185832516, 262.01005800592884]], '{34', 0.01649175644881154)]
[([[748, 62], [772, 62], [772, 88], [748, 88]], '런', 0.2377857293663519), ([[1149, 101], [1193, 101], [1193, 119], [1149, 119]], '아하 0', 0.1413096058493581), ([[75, 66], [234, 66], [234, 214], [75, 214]], '내2', 0.009496757199257872), ([[646, 134], [724, 134], [724, 166], [646, 166]], '이쪽도', 0.9986401317548799), ([[892, 112], [964, 112], [964, 144], [892, 144]], '안대앗', 0.7279864514417548), ([[872, 162], [966, 162], [966, 186], [872, 186]], '가버려어', 0.7253476680738477), ([[586, 172], [622, 172], [622, 202], [586, 202]], '0', 0.998104517687409), ([[635, 181], [737, 181], [737, 217], [635, 217]], '산다앗!!', 0.4444055322094563), ([[31, 233], [197, 233], [197, 347], [31, 347]], '[고머', 0.24325310075284168), ([[0, 385], [143, 385], [143, 501], [0, 501]], '0고', 0.003156199750391905), ([[25, 639], [87, 639], [87, 713], [25, 713]], '끼7', 0.0517553502016027), ([[397, 701], [493, 701], [493, 763], [397, 763]], '뿐인', 0.0013873269225917), ([[517, 709], [631, 709], [631, 793], [517, 793]], '대우', 0.021240632490037978), ([[108, 806], [214, 806], [214, 830], [108, 830]], '보지람   동구멍', 0.40663419330165573), ([[74, 836], [248, 836], [248, 862], [74, 862]], '쓰.지면서  절정이라니', 0.4592888051681709), ([[1046, 832], [1122, 832], [1122, 858], [1046, 858]], '가버럿!', 0.8500414490699768), ([[78, 868], [244, 868], [244, 892], [78, 892]], '역시   진설 암토지구만', 0.28407627032990546), ([[1030, 874], [1098, 874], [1098, 898], [1030, 898]], '아아아', 0.9830189196466317), ([[343.168139040221, 141.02473587571257], [512.9825327442899, 233.3008733627855], [453.831860959779, 336.97526412428743], [285.0174672557102, 244.6991266372145]], '037', 0.45500844717025757), ([[773.9953585086708, 789.0633322185], [952.7738857191338, 813.1114288930918], [940.0046414913292, 883.9366677815], [760.2261142808662, 859.8885711069082]], '34 55.', 0.004703866006891997)]
[]
[]
[([[631, 91], [695, 91], [695, 107], [631, 107]], '어디어디,', 0.6033857484009743), ([[329, 115], [371, 115], [371, 131], [329, 131]], '네혜.', 0.30989629551478415), ([[615, 115], [659, 115], [659, 133], [615, 133]], '이데의', 0.2161988353255846), ([[663, 115], [707, 115], [707, 133], [663, 133]], '자지름', 0.7366310262411226), ([[618, 138], [704, 138], [704, 162], [618, 162]], '권하 논거나?', 0.529444839002475), ([[218, 154], [298, 154], [298, 208], [218, 208]], '해 와자', 0.6831784248352051), ([[273, 185], [335, 185], [335, 203], [273, 203]], '오 옷 0', 0.7898079108035934), ([[502, 162], [598, 162], [598, 190], [502, 190]], '물려 출테니', 0.7133922502945244), ([[1031, 83], [1221, 83], [1221, 241], [1031, 241]], '7', 0.296461354378895), ([[517, 199], [579, 199], [579, 226], [517, 226]], '제대로', 0.9999786641207165), ([[260, 212], [296, 212], [296, 236], [260, 236]], '덥썩', 0.45845681202581406), ([[492, 232], [590, 232], [590, 260], [492, 260]], '봉사해라 국', 0.5486662058942833), ([[56, 216], [214, 216], [214, 318], [56, 318]], '머외이', 0.06027352749726459), ([[697, 230], [957, 230], [957, 380], [697, 380]], '74', 0.3975872996524708), ([[1133, 209], [1267, 209], [1267, 343], [1133, 343]], '첫0', 0.007161014601580313), ([[0, 370], [56, 370], [56, 452], [0, 452]], '7', 0.9218448786302567), ([[1032, 494], [1106, 494], [1106, 600], [1032, 600]], '[약', 0.07033003911874355), ([[1029, 660], [1280, 660], [1280, 819], [1029, 819]], '짓', 0.007130312465520261), ([[740, 808], [812, 808], [812, 834], [740, 834]], '아랫입올', 0.443156361579895), ([[898, 804], [960, 804], [960, 830], [898, 830]], '암돼지', 0.972969090453731), ([[968, 802], [1030, 802], [1030, 830], [968, 830]], '본성이', 0.9780850855530853), ([[701, 839], [852, 839], [852, 869], [701, 869]], '푹푹 쑤서지면서도', 0.42991679217369705), ([[896, 842], [940, 842], [940, 870], [896, 870]], '제법', 0.9999576005336721), ([[948, 844], [1030, 844], [1030, 870], [948, 870]], '드러나기', 0.999833881855011), ([[702, 874], [852, 874], [852, 900], [702, 900]], '윗입이 비어앗으면', 0.49905911064669617), ([[910, 880], [1018, 880], [1018, 908], [910, 908]], '시작햇구만', 0.988411184433724), ([[688, 906], [864, 906], [864, 934], [688, 934]], '자지 콜라대지 암고는', 0.19795562750161436), ([[690, 940], [864, 940], [864, 964], [690, 964]], '못 배기는 모양이구만', 0.6952977443284314)]
[]
[([[258, 24], [436, 24], [436, 127], [258, 127]], '>컨용', 0.010918511292312857), ([[814, 124], [904, 124], [904, 150], [814, 150]], '하앗   하잇', 0.2438125175481637), ([[786, 160], [864, 160], [864, 186], [786, 186]], '야코땅의', 0.9481530785560608), ([[872, 160], [930, 160], [930, 186], [872, 186]], '목보지', 0.9985365001442059), ([[820, 196], [900, 196], [900, 222], [820, 222]], '최고야앗', 0.8274640440940857), ([[0, 210], [162, 210], [162, 288], [0, 288]], '입유:', 0.03755709929730792), ([[241, 431], [340, 431], [340, 493], [241, 493]], '> ', 0.0013536280966129283), ([[886, 284], [1270, 284], [1270, 532], [886, 532]], '37', 0.007081524631766731), ([[94, 604], [216, 604], [216, 628], [94, 628]], '목보지 안족에', 0.6061521055812453), ([[76, 638], [134, 638], [134, 664], [76, 664]], '힘차게', 0.7698075175285339), ([[140, 638], [232, 638], [232, 662], [140, 662]], '4서박으면', 0.31539990688290837), ([[76, 672], [152, 672], [152, 698], [76, 698]], '과약 과악', 0.2981773156346416), ([[160, 672], [234, 672], [234, 698], [160, 698]], '조여 와앗', 0.9161490932260361), ([[1081, 599], [1217, 599], [1217, 747], [1081, 747]], '생,', 0.041432417445521376), ([[47, 823], [83, 823], [83, 843], [47, 843]], '역시', 0.9901917409984693), ([[90, 820], [148, 820], [148, 844], [90, 844]], '평소에', 0.9963580928309638), ([[26, 852], [166, 852], [166, 882], [26, 882]], '대량의  음식물올', 0.8099895375067403), ([[36, 888], [156, 888], [156, 914], [36, 914]], '삼켜대고 있는', 0.37917413732916727), ([[56, 922], [134, 922], [134, 948], [56, 948]], '사람답네', 0.8838422298431396), ([[1128, 862], [1280, 862], [1280, 982], [1128, 982]], '물>', 0.012688001075714675), ([[361.7191341148329, 160.06325455981238], [445.6491890202706, 111.01621959458802], [538.2808658851671, 286.9367454401876], [454.3508109797294, 336.983780405412]], '꼴', 0.7634235970326699), ([[680.1711513259244, 156.0430527288738], [766.9876828256433, 208.55623984301982], [730.8288486740756, 267.95694727112624], [643.0123171743567, 215.44376015698018]], '다-', 0.01608084358325998), ([[275.1337038363516, 702.0375941180432], [415.9094651000669, 757.6574273090232], [381.8662961636484, 836.9624058819568], [241.09053489993312, 781.3425726909768]], '고스%', 0.0029464635758951457), ([[559.3748229186631, 756.0601094019524], [807.8686688058483, 740.8773935578945], [808.6251770813369, 934.9398905980476], [559.1313311941517, 949.1226064421055]], '낱등', 0.036185805011923346), ([[680.7147216997124, 911.2024415183897], [894.441159860714, 876.2551836198], [904.2852783002876, 992.7975584816103], [691.558840139286, 1026.7448163802]], '햇.', 0.014408767002097447)]
[([[12, 90], [44, 90], [44, 140], [12, 140]], '0', 0.20802991674544558), ([[369, 3], [525, 3], [525, 189], [369, 189]], '@', 0.6291598355701922), ([[882, 128], [1020, 128], [1020, 160], [882, 160]], '자  쫓물 잔뜩', 0.7409090842671714), ([[866, 170], [1036, 170], [1036, 198], [866, 198]], '흘려보내줄테니까', 0.5620222071638619), ([[345, 163], [455, 163], [455, 275], [345, 275]], '%@', 0.03654960414762378), ([[908, 210], [994, 210], [994, 238], [908, 238]], '말이야.', 0.9684848785400391), ([[7, 211], [135, 211], [135, 319], [7, 319]], "@오'", 0.06622406318135404), ([[170, 460], [208, 460], [208, 486], [170, 486]], '으음', 0.12888988279420352), ([[65, 697], [173, 697], [173, 733], [65, 733]], '잘 삼켜서', 0.8640708008129231), ([[69, 745], [165, 745], [165, 773], [69, 773]], '영양으로', 0.9987516403198242), ([[90, 790], [152, 790], [152, 822], [90, 822]], '삼아!', 0.9974872596556753), ([[234, 750], [300, 750], [300, 806], [234, 806]], '44', 0.01848390635819574), ([[1222, 768], [1270, 768], [1270, 818], [1222, 818]], '네', 0.05482801936569448), ([[1240, 812], [1266, 812], [1266, 844], [1240, 844]], '7', 0.9361383149490052), ([[1157, 811], [1221, 811], [1221, 873], [1157, 873]], '~4', 0.17280308197996017), ([[846, 842], [920, 842], [920, 928], [846, 928]], '곧', 0.004647373887075368), ([[1089, 963], [1171, 963], [1171, 1024], [1089, 1024]], '민;', 0.6702968924231578), ([[1033.8339885867424, 558.0295751588231], [1289.4591670427476, 602.4917896901063], [1247.1660114132576, 800.9704248411769], [991.5408329572525, 755.5082103098937]], '3#입', 0.029666359786300136)]
[]
[]
[([[162, 11], [336, 11], [336, 76], [162, 76]], '무고사6', 0.011047139763832092), ([[659, 93], [815, 93], [815, 181], [659, 181]], '설다', 0.23636797790707037), ([[612, 410], [724, 410], [724, 486], [612, 486]], "743'", 0.23899492621421814), ([[60, 788], [240, 788], [240, 888], [60, 888]], '닭"다', 0.08680585907832591), ([[10, 910], [98, 910], [98, 986], [10, 986]], '커교', 0.028703192601574522), ([[386, 1052], [456, 1052], [456, 1106], [386, 1106]], "'민고", 0.2824884003698938), ([[41, 1153], [193, 1153], [193, 1237], [41, 1237]], '아만', 0.006948633629485877), ([[778.063244397113, 230.03995944622193], [906.612402033615, 277.1057085362868], [870.936755602887, 368.9600405537781], [742.387597966385, 321.8942914637132]], '41규', 0.010985866271931441)]
[([[678, 0], [756, 0], [756, 92], [678, 92]], '1', 0.07822742823384576), ([[734, 76], [840, 76], [840, 174], [734, 174]], '{', 0.1308332056904158), ([[695, 525], [829, 525], [829, 661], [695, 661]], '@', 0.03369796041259954), ([[0, 706], [144, 706], [144, 862], [0, 862]], '[내', 0.11286165077084422), ([[707, 803], [841, 803], [841, 941], [707, 941]], '@', 0.7042735802289748), ([[-3.7370293165709385, 40.20930944228889], [238.25753799170292, -12.175289992380222], [258.73702931657095, 140.79069055771112], [15.74246200829709, 192.17528999238021]], '[고', 0.007008049850700945), ([[108.93989646603981, 322.6016583379314], [272.3296904945513, 264.74761108630787], [306.0601035339602, 382.3983416620686], [141.6703095054487, 441.25238891369213]], '(로', 0.07543197510803012)]
[]
[]
[([[685, 53], [767, 53], [767, 117], [685, 117]], '444', 0.4760665746028308), ([[54, 232], [187, 232], [187, 264], [54, 264]], '이만큼 해도', 0.9232137114830472), ([[790, 248], [812, 248], [812, 256], [790, 256]], '9', 0.114196338338445), ([[42, 278], [92, 278], [92, 308], [42, 308]], '아직', 0.9997369295077405), ([[102, 276], [200, 276], [200, 308], [102, 308]], '부족하게', 0.9991557002067566), ([[959, 295], [1037, 295], [1037, 313], [959, 313]], '어이어이;', 0.9644029984152882), ([[73, 319], [173, 319], [173, 355], [73, 355]], '보이논군', 0.803510308265686), ([[928, 321], [1064, 321], [1064, 348], [928, 348]], '역시   대식가라고', 0.597317747750664), ([[926, 356], [1070, 356], [1070, 382], [926, 382]], '소문난 년 답구만', 0.9832140543157859), ([[258, 398], [328, 398], [328, 424], [258, 424]], '더 많이', 0.8648795458912741), ([[798, 404], [842, 404], [842, 430], [798, 430]], '많이', 0.9981741813413064), ([[252, 430], [332, 430], [332, 462], [252, 462]], '원해애 0', 0.7238124741512809), ([[243, 607], [307, 607], [307, 667], [243, 667]], '나,', 0.008126351283683808), ([[902, 736], [994, 736], [994, 762], [902, 762]], '아랫입에서', 0.717666662349784), ([[880, 768], [1016, 768], [1016, 796], [880, 796]], '쫓물이 미친듯이', 0.7431523876134866), ([[876, 804], [1018, 804], [1018, 830], [876, 830]], '흘러넘치논데 = 7', 0.3214018427928905), ([[781, 977], [871, 977], [871, 1045], [781, 1045]], '규녀)', 0.007797734085398755), ([[23.010050506338835, 888.0703535443719], [108.74991162787008, 916.145628673662], [89.98994949366117, 971.9296464556281], [4.250088372129921, 944.854371326338]], '07-', 0.7911719084224579)]
[]
[]
[]
[]
[]
[([[782, 110], [868, 110], [868, 140], [782, 140]], "슬슬 쏘다'", 0.14388565605773163), ([[807, 151], [841, 151], [841, 169], [807, 169]], '야코', 0.8249544163477254), ([[418, 344], [468, 344], [468, 374], [418, 374]], '전부', 0.9998953088334614), ([[400, 392], [484, 392], [484, 418], [400, 418]], "마서라'", 0.5546966791152954), ([[0, 517], [275, 517], [275, 721], [0, 721]], '심다', 0.013022060835699312), ([[291, 585], [361, 585], [361, 647], [291, 647]], '책', 0.004408417667416453), ([[324, 704], [390, 704], [390, 734], [324, 734]], '좋~아', 0.6364625096321106), ([[524, 712], [630, 712], [630, 736], [524, 736]], '그래:.. 그렇게', 0.23734637056619215), ([[534, 742], [618, 742], [618, 766], [534, 766]], '마지막까지', 0.889581102234814), ([[315, 747], [401, 747], [401, 783], [315, 783]], '잘햇다;', 0.3789841830730438), ([[536, 774], [616, 774], [616, 798], [536, 798]], '전부 빨아', 0.9972144510175212), ([[332, 800], [380, 800], [380, 826], [332, 826]], '야코', 0.9994351946648425), ([[543, 813], [609, 813], [609, 829], [543, 829]], '마서라', 0.9972664074826968), ([[177, 827], [211, 827], [211, 841], [177, 841]], '다아 ,', 0.41459346388710866), ([[835, 783], [920, 783], [920, 983], [835, 983]], '쭉', 0.37495608228897837), ([[46, 998], [132, 998], [132, 1022], [46, 1022]], '좀은 앞돼지', 0.39057647781112326), ([[46, 1026], [96, 1026], [96, 1050], [46, 1050]], '얼굴이', 0.9034518315487565), ([[101, 1033], [131, 1033], [131, 1049], [101, 1049]], '되기', 0.9482443198642594), ([[37, 1057], [127, 1057], [127, 1077], [37, 1077]], '시작화 구만 7', 0.32523276229673), ([[537, 1099], [567, 1099], [567, 1113], [537, 1113]], '하아', 0.9635386550152217), ([[550.9808136618974, -9.962852832004824], [747.3207940110808, 35.69228054368035], [715.0191863381026, 154.9628528320048], [519.6792059889192, 109.30771945631965]], '구', 0.15348525483391828), ([[298.3540577585338, 17.018981895075044], [378.39724913906025, 50.89463534387209], [310.6459422414662, 208.98101810492494], [231.60275086093975, 175.1053646561279]], '산', 0.015944698986928074), ([[370.0100505063388, 1190.0703535443718], [477.721367076225, 1214.044693214189], [461.9899494936612, 1273.9296464556282], [354.278632923775, 1249.955306785811]], '센어+', 0.037999368258725956)]
[]
[([[675, 61], [719, 61], [719, 81], [675, 81]], '이상은', 0.9174262489109465), ([[421, 81], [447, 81], [447, 93], [421, 93]], '리이', 0.9988274232499065), ([[846, 88], [872, 88], [872, 96], [846, 96]], '하이 . .', 0.23653194147824239), ([[653, 87], [737, 87], [737, 105], [653, 105]], '못 참컷어어', 0.2505851454738299), ([[553, 105], [625, 105], [625, 167], [553, 167]], '벼7', 0.026319784650313833), ([[209, 333], [235, 333], [235, 347], [209, 347]], '하아', 0.507281620908816), ([[74, 374], [110, 374], [110, 398], [74, 398]], '빨리', 0.8353438294310462), ([[42, 404], [124, 404], [124, 431], [42, 431]], "'박아주어.", 0.18585041877966532), ([[363, 471], [407, 471], [407, 533], [363, 533]], '복', 0.9851870068546873), ([[698, 572], [896, 572], [896, 598], [698, 598]], '노예   주제에  주인념한터', 0.5649090648151596), ([[722, 608], [866, 608], [866, 634], [722, 634]], '재속하다니;  자기', 0.5489696236108874), ([[94, 652], [164, 652], [164, 676], [94, 676]], '여기다', 0.999722638326729), ([[716, 642], [874, 642], [874, 668], [716, 668]], '신분도 모르는거나', 0.8517294417453544), ([[71, 687], [187, 687], [187, 723], [71, 723]], '박아켓 으면', 0.23284988887776514), ([[90, 732], [172, 732], [172, 764], [90, 764]], '좋계나?', 0.2942594587802887), ([[534, 884], [584, 884], [584, 934], [534, 934]], '47', 0.9492766534290032), ([[454, 938], [502, 938], [502, 970], [454, 970]], '47', 0.9515548931504365), ([[769, 1043], [801, 1043], [801, 1059], [769, 1059]], '자.,', 0.38605855295198566), ([[748, 1070], [815, 1070], [815, 1090], [748, 1090]], '어떠나? 7', 0.6776422815054438), ([[157, 1127], [201, 1127], [201, 1143], [157, 1143]], '거기.', 0.9775459463652785), ([[61, 1151], [101, 1151], [101, 1169], [61, 1169]], '기본; ,', 0.24968984429621752), ([[157, 1157], [205, 1157], [205, 1171], [157, 1171]], '아냐  .', 0.597702438718841), ([[242, 1144], [266, 1144], [266, 1174], [242, 1174]], '{', 0.028194897267047603), ([[604, 1144], [630, 1144], [630, 1168], [604, 1168]], '잇', 0.23936673316359602), ([[67, 1181], [95, 1181], [95, 1193], [67, 1193]], "아 '", 0.2725817859172821), ([[146, 1180], [198, 1180], [198, 1204], [146, 1204]], '뼈쥐엇', 0.8077249119301395), ([[246.9594617776757, 407.1094703550758], [281.6358215799268, 391.0405916765707], [311.0405382223243, 463.8905296449242], [276.3641784200732, 478.9594083234293]], '낮', 0.07496315190636338), ([[672.1780050634732, 403.0680303808393], [741.9670446793557, 433.42687946007436], [724.8219949365268, 472.9319696191607], [654.0329553206443, 443.57312053992564]], '5마', 0.0495522003441409)]
[([[99.29521600345194, 517.9885648010356], [222.84218170659142, 465.9449751414705], [244.70478399654806, 519.0114351989644], [122.15781829340857, 571.0550248585295]], '스스', 0.3210971028609354)]
[([[732, 200], [904, 200], [904, 228], [732, 228]], '으~응? 월 해싶으면', 0.19965672913433719), ([[59, 253], [87, 253], [87, 269], [59, 269]], '빠 .', 0.5311920642852783), ([[748, 236], [882, 236], [882, 264], [748, 264]], '증계논데? 야코', 0.09974285415640545), ([[24, 280], [130, 280], [130, 306], [24, 306]], '빨리   여기다', 0.8443592830956659), ([[724, 272], [914, 272], [914, 300], [724, 300]], '자기 입으로 말해화라', 0.6755996995433531), ([[26, 314], [124, 314], [124, 344], [26, 344]], '박아쥐어 0', 0.600677050050417), ([[877, 596], [979, 596], [979, 636], [877, 636]], '어디에?', 0.9985524415969849), ([[124, 684], [184, 684], [184, 708], [124, 708]], '보지에', 0.9988049406371537), ([[809, 683], [891, 683], [891, 727], [809, 727]], '뭐 틀?', 0.6483957218740196), ([[132, 718], [190, 718], [190, 746], [132, 746]], '자지름', 0.24846721925366372), ([[18, 860], [126, 860], [126, 886], [18, 886]], "빨리   처박아'", 0.5367467965475629), ([[24, 896], [120, 896], [120, 922], [24, 922]], '주세요옷0', 0.9144382833662849), ([[612, 862], [804, 862], [804, 1074], [612, 1074]], '@%', 0.016353410379556895)]
[([[93, 227], [121, 227], [121, 245], [93, 245]], '빠 ,', 0.7391085843840743), ([[804, 242], [886, 242], [886, 268], [804, 268]], '자   그럼', 0.4824603056357086), ([[62, 256], [126, 256], [126, 284], [62, 284]], '빨리이', 0.9989545448398667), ([[776, 284], [884, 284], [884, 312], [776, 312]], '어절까나 ~', 0.6766281981118673), ([[146, 474], [192, 474], [192, 504], [146, 504]], '부탁', 0.999827708030808), ([[132, 522], [190, 522], [190, 546], [132, 546]], '이야;', 0.7571997840462542), ([[102, 642], [142, 642], [142, 670], [102, 670]], '빨리', 0.9999440294439623), ([[72, 675], [153, 675], [153, 707], [72, 707]], '박아쥐어', 0.6061430921383937), ([[710, 850], [768, 850], [768, 900], [710, 900]], "*8'", 0.013228913325050027), ([[361, 899], [429, 899], [429, 967], [361, 967]], '나내', 0.08549390982409795)]
[]
[]
[([[198, 6], [230, 6], [230, 50], [198, 50]], '거', 0.07109147419350226), ([[494, 22], [552, 22], [552, 46], [494, 46]], '제대로', 0.999958842455258), ([[230, 28], [256, 28], [256, 66], [230, 66]], '7', 0.9999855757279796), ([[305, 61], [351, 61], [351, 81], [305, 81]], '감사히', 0.9817381715399115), ([[484, 54], [564, 54], [564, 80], [484, 80]], '안쪽에다', 0.9262882471084595), ([[474, 90], [574, 90], [574, 118], [474, 118]], '싸줄데니깐', 0.4848355239214095), ([[494, 126], [556, 126], [556, 154], [494, 154]], '말이야', 0.9993937406615866), ([[0, 166], [64, 166], [64, 220], [0, 220]], '서7', 0.18659383255996378), ([[83, 199], [125, 199], [125, 217], [83, 217]], '하앗 0', 0.2462905589336264), ([[822, 94], [898, 94], [898, 256], [822, 256]], '축', 0.08694613114194372), ([[77, 423], [113, 423], [113, 439], [77, 439]], '굉장해', 0.24223682284355164), ([[12, 436], [78, 436], [78, 460], [12, 460]], '안격까지', 0.46290063858032227), ([[29, 467], [61, 467], [61, 487], [29, 487]], '달고', 0.3431264898997549), ([[661, 465], [681, 465], [681, 489], [661, 489]], '꿀', 0.9950896133001521), ([[25, 497], [65, 497], [65, 515], [25, 515]], '있어 .', 0.19118179353682802), ([[109, 601], [165, 601], [165, 617], [109, 617]], '아직이다', 0.9940401911735535), ([[42, 622], [110, 622], [110, 646], [42, 646]], '이런결로', 0.9533276557922363), ([[267, 553], [403, 553], [403, 715], [267, 715]], '구', 0.519849531765658), ([[42, 652], [110, 652], [110, 678], [42, 678]], '임신하지', 0.9998569488525391), ([[59, 693], [95, 693], [95, 709], [59, 709]], '마라', 0.788635017925102), ([[23, 859], [51, 859], [51, 873], [23, 873]], '하아', 0.995240140819566), ([[776, 972], [901, 972], [901, 1047], [776, 1047]], '도(', 0.03117374413751598), ([[487, 1029], [611, 1029], [611, 1095], [487, 1095]], '번거', 0.006935248980037201), ([[652, 1072], [708, 1072], [708, 1132], [652, 1132]], '@,', 0.7219901080965174), ([[16, 1170], [78, 1170], [78, 1222], [16, 1222]], '07', 0.5798949822061932), ([[241, 1199], [303, 1199], [303, 1259], [241, 1259]], "일'", 0.13464885779652863), ([[274, 1250], [302, 1250], [302, 1280], [274, 1280]], '씨', 0.3501343746620478), ([[651.4218059153723, 17.02092163213686], [710.2055851518251, 4.09136140402793], [741.5781940846277, 170.97907836786314], [682.7944148481749, 183.90863859597206]], '축', 0.31047537671157954), ([[301.2025477771711, 86.16585988749353], [360.9661205978885, 93.63343514276656], [357.7974522228289, 112.83414011250647], [298.0338794021115, 105.36656485723344]], '받아내라', 0.8166175484657288), ([[595.1725097715042, 304.0490820806354], [638.4849431907481, 274.01681805322625], [718.8274902284958, 401.9509179193646], [675.5150568092519, 431.98318194677375]], '뜻', 0.06925827840039123), ([[805.9666700642312, 501.0766894303488], [848.5538141069868, 471.02194225196564], [919.0333299357688, 581.9233105696512], [877.4461858930132, 610.9780577480343]], '올', 0.6134732392729916), ([[581.6102195702928, 500.0095011910008], [645.1884041688041, 507.6628289609447], [620.3897804297072, 720.9904988089992], [555.8115958311959, 713.3371710390553]], '곁', 0.0043727607177865835)]
[]
[([[615, 135], [663, 135], [663, 153], [615, 153]], '호오...', 0.22010503642545343), ([[576, 160], [700, 160], [700, 184], [576, 184]], '이게 소문으로만', 0.9272023677668045), ([[572, 190], [608, 190], [608, 216], [572, 216]], '듣', 0.3278102249311452), ([[666, 192], [702, 192], [702, 216], [666, 216]], '담점', 0.2570770759013029), ([[585, 227], [651, 227], [651, 243], [585, 243]], '카조리키', 0.2522452175617218), ([[657, 227], [689, 227], [689, 245], [657, 245]], '야코', 0.8331556236146841), ([[61, 229], [181, 229], [181, 267], [61, 267]], '꽤나 좋은', 0.49923154036901113), ([[606, 252], [670, 252], [670, 276], [606, 276]], '인가요~', 0.9484289994580243), ([[71, 277], [173, 277], [173, 315], [71, 315]], '물건이지', 0.9998733997344971), ([[69, 325], [175, 325], [175, 363], [69, 363]], '않습니까', 0.6720699667930603), ([[36, 722], [174, 722], [174, 750], [36, 750]], '이런 아이에제논', 0.5112871559759962), ([[34, 758], [76, 758], [76, 784], [34, 784]], '안마', 0.9993971847094181), ([[88, 760], [148, 760], [148, 784], [88, 784]], '5이외]', 0.6723201274871826), ([[52, 792], [158, 792], [158, 820], [52, 820]], '것을 받아야', 0.46590659993526856), ([[42, 828], [164, 828], [164, 854], [42, 854]], '하는데 말이지', 0.6035901458426906), ([[608.8375236125618, 195.37253305758654], [662.7815237394165, 191.09105931662424], [664.1624763874382, 212.62746694241346], [610.2184762605835, 217.90894068337576]], '여고생', 0.9997536087219129)]
[]
[]
[([[70, 172], [160, 172], [160, 202], [70, 202]], '볼륭이  좀', 0.5509518178872028), ([[40, 210], [190, 210], [190, 238], [40, 238]], '떨어지긴  하지만', 0.638751351742007), ([[44, 246], [186, 246], [186, 276], [44, 276]], '꽤나 비율 좋은', 0.5920722947218445), ([[42, 284], [190, 284], [190, 314], [42, 314]], '몸매지 않습니까', 0.8282636344673667), ([[42, 562], [152, 562], [152, 590], [42, 590]], '괜참습니다,', 0.3988638685848762), ([[26, 600], [98, 600], [98, 626], [26, 626]], '저논 이', 0.8228590990586053), ([[104, 602], [168, 602], [168, 626], [104, 626]], '정도가', 0.9168955856419287), ([[44, 638], [148, 638], [148, 666], [44, 666]], '취향입니다', 0.9402376995744204), ([[32, 674], [74, 674], [74, 700], [32, 700]], '반유', 0.989025738769632), ([[80, 678], [164, 678], [164, 702], [80, 702]], '하아하아', 0.9978615641593933)]
[([[566, 220], [696, 220], [696, 248], [566, 248]], '살짝   작으면서도', 0.8491102052282706), ([[558, 252], [706, 252], [706, 278], [558, 278]], '부드럽고 탄력있는', 0.46686145691447134), ([[566, 284], [698, 284], [698, 314], [566, 314]], '종은 가슴이군요', 0.6486918774555104), ([[68, 372], [128, 372], [128, 400], [68, 400]], '감도도', 0.9998473465679159), ([[52, 410], [144, 410], [144, 438], [52, 438]], '양호한 것', 0.9820804787461269), ([[66, 448], [128, 448], [128, 476], [66, 476]], '같군요', 0.6485816951802081), ([[10, 664], [82, 664], [82, 694], [10, 694]], '이쪽도', 0.9989623210373488), ([[88, 670], [136, 670], [136, 694], [88, 694]], '이미', 0.999949592741294), ([[27, 705], [121, 705], [121, 741], [27, 741]], '질 척질 척', 0.4456860051870517), ([[16, 754], [128, 754], [128, 780], [16, 780]], '거리네요 =', 0.40366498600016665)]
[]
[]
[]
[]
[]
[]
[([[294, 108], [340, 108], [340, 132], [294, 132]], '호오', 0.9442641602432497), ([[46, 154], [96, 154], [96, 178], [46, 178]], '이거', 0.9999007034689046), ([[106, 148], [180, 148], [180, 180], [106, 180]], '상당히', 0.9999220899231771), ([[280, 146], [356, 146], [356, 174], [280, 174]], '꽤나  잘', 0.7932518792908392), ([[268, 184], [370, 184], [370, 212], [268, 212]], '느끼논구만', 0.4169141202566381), ([[63, 189], [166, 189], [166, 233], [63, 233]], '조교반은', 0.6019966006278992), ([[68, 240], [164, 240], [164, 270], [68, 270]], '모양이 군', 0.998393609935472), ([[827, 239], [895, 239], [895, 305], [827, 305]], '@7', 0.3182168879407107), ([[809, 355], [843, 355], [843, 373], [809, 373]], '하맛', 0.47625107824726226), ([[726, 432], [776, 432], [776, 456], [726, 456]], '유두도', 0.9968743938145542), ([[716, 462], [786, 462], [786, 486], [716, 486]], '이렇게나', 0.3904264271259308), ([[706, 492], [742, 492], [742, 516], [706, 516]], '발딱', 0.9730507694059432), ([[747, 499], [781, 499], [781, 515], [747, 515]], '서서', 0.9820222535243683), ([[76, 658], [144, 658], [144, 710], [76, 710]], '옥 ', 0.005845248855419258), ([[127, 683], [169, 683], [169, 733], [127, 733]], '0', 0.6700089625767625), ([[362, 890], [414, 890], [414, 976], [362, 976]], '닭', 0.16701280762014736), ([[724, 992], [802, 992], [802, 1020], [724, 1020]], '까아앗!', 0.7670155763626099), ([[700, 1040], [748, 1040], [748, 1064], [700, 1064]], '하아', 0.9978029180303144), ([[754, 1034], [824, 1034], [824, 1064], [754, 1064]], '하앗 0', 0.4724723391640023), ([[1, 1141], [43, 1141], [43, 1195], [1, 1195]], '고', 0.028285741656696395), ([[334, 1130], [414, 1130], [414, 1204], [334, 1204]], '@', 0.700743843024739), ([[822, 1196], [870, 1196], [870, 1268], [822, 1268]], '섞', 0.10494794229519844), ([[547.4889246071228, 998.0118790531412], [630.4451947037724, 981.095349053354], [677.5110753928772, 1234.9881209468588], [594.5548052962276, 1251.9046509466461]], '}', 0.00855783402650806), ([[745.9639632360221, 1155.5603595596244], [780.8368111310754, 1124.058640969365], [825.0360367639779, 1175.4396404403756], [790.1631888689246, 1206.941359030635]], '%', 0.05663654106950222), ([[-3.658264565098154, 1241.2442560653724], [68.61178270989484, 1215.2088596705476], [84.65826456509815, 1263.7557439346276], [12.388217290105159, 1289.7911403294524]], '대9', 0.299573692214183)]
[]
[([[1107, 68], [1164, 68], [1164, 96], [1107, 96]], '후히감', 0.14982801176712623), ([[383, 105], [445, 105], [445, 165], [383, 165]], '배', 0.18150608945533353), ([[957, 121], [1101, 121], [1101, 159], [957, 159]], '예뿐 색이군', 0.5610553415698643), ([[406, 158], [434, 158], [434, 198], [406, 198]], '7', 0.6692589954994652), ([[959, 171], [1099, 171], [1099, 207], [959, 207]], '종은 보지틀', 0.38303053733756426), ([[959, 219], [1103, 219], [1103, 255], [959, 255]], '갖고 잇잡나', 0.5470982035869553), ([[97, 695], [289, 695], [289, 733], [97, 733]], '빨리   박아달라고', 0.6941395416986631), ([[97, 741], [289, 741], [289, 782], [97, 782]], '침을 늘어뜨리면', 0.2293096234453741), ([[899, 739], [911, 739], [911, 763], [899, 763]], '움', 0.09326303410703307), ([[107, 791], [285, 791], [285, 829], [107, 829]], '움질움질거리고', 0.7461496440038221), ([[153, 839], [233, 839], [233, 875], [153, 875]], '잇구만', 0.644978169035074)]
[([[1147, 89], [1199, 89], [1199, 109], [1147, 109]], '오으오', 0.9217072837129038), ([[30, 72], [120, 72], [120, 148], [30, 148]], '0', 0.29264328255010597), ([[950, 100], [1134, 100], [1134, 132], [950, 132]], '미꾸미 끈한   질벽이', 0.4475351587566346), ([[956, 140], [1128, 140], [1128, 172], [956, 172]], '빨아들이논것 처럼', 0.7752511669425981), ([[515, 173], [545, 173], [545, 191], [515, 191]], '아 .', 0.28547850014444), ([[952, 182], [1132, 182], [1132, 212], [952, 212]], '자지름   끌어당겨서', 0.36655751140227655), ([[982, 222], [1100, 222], [1100, 250], [982, 250]], '삼키고 있어', 0.61493702681577), ([[589, 251], [675, 251], [675, 343], [589, 343]], '내', 0.12625986801382183), ([[21, 327], [43, 327], [43, 347], [21, 347]], '하', 0.9839705481172132), ([[898, 305], [1221, 305], [1221, 494], [898, 494]], '%구', 0.009284110155886538), ([[54, 472], [136, 472], [136, 502], [54, 502]], '들어오고', 0.9999552369117737), ([[64, 514], [122, 514], [122, 540], [64, 540]], '있어 .', 0.36162427067756653), ([[284, 668], [324, 668], [324, 694], [284, 694]], '자 ,', 0.8956354102425346), ([[253, 717], [357, 717], [357, 755], [253, 755]], '잘  화라', 0.4783319522757387), ([[87, 785], [129, 785], [129, 805], [87, 805]], '자기', 0.999993087923841), ([[138, 782], [204, 782], [204, 806], [138, 806]], '보지가', 0.9996979997485892), ([[938, 763], [1083, 763], [1083, 835], [938, 835]], '4.766', 0.3787143381142239), ([[66, 818], [224, 818], [224, 846], [66, 846]], '자지들 삼켜가는', 0.3611585768437523), ([[76, 856], [140, 856], [140, 888], [76, 888]], '광경 올', 0.9385740160942078), ([[148, 858], [214, 858], [214, 886], [148, 886]], '말이다', 0.999704744379211), ([[679.0675452416649, 836.048434319983], [775.6417576694322, 874.4860341325289], [744.9324547583351, 949.951565680017], [648.3582423305678, 911.5139658674711]], '07', 0.10863130633379166)]
[]
[]
[]
[]
[]
[]
[]
