870542
12
[([[864, 28], [958, 28], [958, 84], [864, 84]], '0*', 0.09075090475016215), ([[848, 116], [968, 116], [968, 456], [848, 456]], '약', 0.28840260957032626), ([[1008, 368], [1112, 368], [1112, 472], [1008, 472]], '프', 0.9998173797067125), ([[988, 468], [1126, 468], [1126, 813], [988, 813]], '턱', 0.02231545684935754), ([[240, 1304], [272, 1304], [272, 1328], [240, 1328]], '모', 0.005941814012440594), ([[380, 1316], [532, 1316], [532, 1364], [380, 1364]], '-|;슷;감들감', 0.0009295240305067756), ([[380, 1370], [490, 1370], [490, 1420], [380, 1420]], '}8"슷교', 6.43531189932569e-05), ([[382, 1428], [506, 1428], [506, 1484], [382, 1484]], '[칸>줄리신', 4.6307912032660524e-05), ([[998, 1442], [1084, 1442], [1084, 1468], [998, 1468]], '퍽시이', 0.0003066965481021772), ([[1002, 1464], [1084, 1464], [1084, 1512], [1002, 1512]], '허18', 0.04274476404111469), ([[401, 1485], [563, 1485], [563, 1547], [401, 1547]], '역: 익명', 0.6060421217466399), ([[998, 1508], [1088, 1508], [1088, 1532], [998, 1532]], '표스히 (', 0.01890981472526453), ([[991, 1531], [1095, 1531], [1095, 1569], [991, 1569]], '담8 주@', 0.012201063625797535), ([[400, 1548], [608, 1548], [608, 1604], [400, 1604]], '식: 아스카', 0.6070866899855907), ([[984.1502814226758, 63.091294544308795], [1045.8698360907244, 80.98788902242589], [1034.8497185773242, 116.9087054556912], [973.1301639092754, 100.01211097757411]], '57', 0.1745902876583884), ([[898.1720950227738, 834.0214339395337], [1010.7700299316068, 802.2416075001921], [1073.8279049772261, 1058.9785660604662], [960.2299700683932, 1089.758392499808]], '탑', 0.35523363906250793)]
[([[864, 28], [958, 28], [958, 84], [864, 84]], '0*', 0.09075090475016215), ([[848, 116], [968, 116], [968, 456], [848, 456]], '약', 0.28840260957032626), ([[1008, 368], [1112, 368], [1112, 472], [1008, 472]], '프', 0.9998173797067125), ([[988, 468], [1126, 468], [1126, 813], [988, 813]], '턱', 0.02231545684935754), ([[998, 1442], [1084, 1442], [1084, 1468], [998, 1468]], '퍽시이', 0.0003066965481021772), ([[1002, 1464], [1084, 1464], [1084, 1512], [1002, 1512]], '허18', 0.04274476404111469), ([[998, 1508], [1088, 1508], [1088, 1532], [998, 1532]], '표스히 (', 0.01890981472526453), ([[991, 1531], [1095, 1531], [1095, 1569], [991, 1569]], '담8 주@', 0.012201063625797535), ([[984.1502814226758, 63.091294544308795], [1045.8698360907244, 80.98788902242589], [1034.8497185773242, 116.9087054556912], [973.1301639092754, 100.01211097757411]], '57', 0.1745902876583884), ([[898.1720950227738, 834.0214339395337], [1010.7700299316068, 802.2416075001921], [1073.8279049772261, 1058.9785660604662], [960.2299700683932, 1089.758392499808]], '탑', 0.35523363906250793)]
[([[303, 243], [387, 243], [387, 281], [303, 281]], '003', 0.9829630851745605), ([[461, 235], [599, 235], [599, 271], [461, 271]], '어서오세요', 0.9997641976759344), ([[305, 333], [385, 333], [385, 371], [305, 371]], '004', 0.8398449243358768), ([[461, 324], [599, 324], [599, 362], [461, 362]], '부끄러워요', 0.6980389346129091), ([[305, 425], [385, 425], [385, 461], [305, 461]], '505', 0.5896916787851458), ([[461, 417], [559, 417], [559, 455], [461, 455]], '첫 키스', 0.7313998881891864), ([[305, 515], [385, 515], [385, 553], [305, 553]], '[,06', 0.17436425387859344), ([[463, 509], [625, 509], [625, 547], [463, 547]], '일어나주세요', 0.9991270232342171), ([[305, 609], [387, 609], [387, 647], [305, 647]], '5,07', 0.3129735589027405), ([[459, 597], [627, 597], [627, 639], [459, 639]], '부탁드컵니다', 0.8042368269687328), ([[305, 699], [387, 699], [387, 735], [305, 735]], '508', 0.6764355572867836), ([[459, 693], [559, 693], [559, 731], [459, 731]], '(벌리기', 0.9997072815895081), ([[575, 691], [645, 691], [645, 731], [575, 731]], '활기)', 0.8631170392036438), ([[305, 789], [387, 789], [387, 827], [305, 827]], '0309', 0.1585230529308319), ([[463, 785], [573, 785], [573, 823], [463, 823]], '당고있어', 0.951474666595459), ([[303, 879], [387, 879], [387, 919], [303, 919]], '이 10', 0.0058313715271651745), ([[459, 873], [573, 873], [573, 915], [459, 915]], '들어맞어', 0.2891704738140106), ([[303, 971], [383, 971], [383, 1007], [303, 1007]], '01]', 0.0882313585423467), ([[461, 965], [665, 965], [665, 1007], [461, 1007]], '저논 괜찮으나깐', 0.4835996490485969), ([[305, 1061], [385, 1061], [385, 1099], [305, 1099]], '032', 0.40245907757048627), ([[461, 1058], [714, 1058], [714, 1096], [461, 1096]], '안에 사정하고있어9', 0.30421974394758394), ([[305, 1153], [387, 1153], [387, 1189], [305, 1189]], '033', 0.29973916137960505), ([[461, 1148], [596, 1148], [596, 1188], [461, 1188]], '에? 또?9', 0.45978859349882656), ([[303, 1241], [387, 1241], [387, 1277], [303, 1277]], '0.74', 0.5274190902709961), ([[461, 1243], [641, 1243], [641, 1281], [461, 1281]], '더는 안돼에어', 0.2198114589912274), ([[303, 1331], [385, 1331], [385, 1369], [303, 1369]], '0375', 0.5566418766975403), ([[461, 1331], [791, 1331], [791, 1373], [461, 1373]], '달라붙어서 이야기 판권장)', 0.5272532067452339)]
[]
[]
[]
[]
[([[75, 143], [207, 143], [207, 187], [75, 187]], '안 . 까지', 0.8090180147596323), ([[895, 117], [967, 117], [967, 185], [895, 185]], '하', 0.9997339425647169), ([[72, 184], [228, 184], [228, 232], [72, 232]], '들어 . 와분', 0.13738887626170865), ([[944, 168], [995, 168], [995, 279], [944, 279]], '오', 0.10786330695925361)]
[([[724, 46], [766, 46], [766, 72], [724, 72]], '아', 0.9987453583780734), ([[643, 159], [679, 159], [679, 197], [643, 197]], '앗', 0.3448844678974048)]
[([[792, 64], [862, 64], [862, 94], [792, 94]], '뒤에서', 0.9485004022897776), ([[142, 80], [188, 80], [188, 106], [142, 106]], '아이', 0.4757703552151802), ([[792, 92], [864, 92], [864, 124], [792, 124]], '하느거', 0.6488198608216189), ([[964, 94], [1006, 94], [1006, 122], [964, 122]], '에?', 0.985450159055066), ([[132, 108], [200, 108], [200, 136], [132, 136]], '안돼요', 0.9265863118022553), ([[792, 120], [842, 120], [842, 150], [792, 150]], '부끄', 0.9961986195032877), ([[944, 120], [1026, 120], [1026, 152], [944, 152]], '앗 방금', 0.5253397226333618), ([[130, 136], [202, 136], [202, 164], [130, 164]], '또: 또', 0.27243414521217346), ([[130, 162], [202, 162], [202, 192], [130, 192]], '가버려', 0.9994738474828914), ([[784, 148], [856, 148], [856, 180], [784, 180]], '러워요', 0.858515360754062), ([[930, 147], [1032, 147], [1032, 179], [930, 179]], '싸으면서 ;', 0.1564722788668761), ([[57, 513], [141, 513], [141, 645], [57, 645]], '넷', 0.139642374206276), ([[68, 631], [120, 631], [120, 723], [68, 723]], '(7', 0.12887878108125012)]
[([[964, 44], [1014, 44], [1014, 74], [964, 74]], '정말', 0.8917820959602141), ([[948, 70], [1052, 70], [1052, 102], [948, 102]], '몇_번이나', 0.3185476602950024), ([[940, 98], [1056, 98], [1056, 130], [940, 130]], '싸분거에요', 0.8827916186006564), ([[104, 412], [142, 412], [142, 438], [104, 438]], '우~', 0.977529310228099), ([[72, 438], [174, 438], [174, 470], [72, 470]], '저 굉장히', 0.964427680588338), ([[76, 466], [168, 466], [168, 498], [76, 498]], '행복해요', 0.9991989731788635), ([[320, 1220], [468, 1220], [468, 1252], [320, 1252]], '#도+*~~~~', 0.3583899449126767), ([[319, 1248], [778, 1248], [778, 1297], [319, 1297]], '^^다^디^디45명5명말명5명마', 0.0002310782636752347), ([[322, 1308], [372, 1308], [372, 1332], [322, 1332]], '못하속', 0.004930828047912802), ([[410, 1308], [568, 1308], [568, 1334], [410, 1334]], '201 4/1 2/30', 0.6937905203876142), ([[408, 1352], [460, 1352], [460, 1376], [408, 1376]], '그-', 0.994077027909523), ([[468, 1352], [622, 1352], [622, 1376], [468, 1376]], '("습어=디디 *4/신4)', 0.00010007165870020031), ([[407, 1378], [704, 1378], [704, 1409], [407, 1409]], "/감>감, [*'.미@답 굽~6애'권$권?응-148008", 1.0151419326758617e-06), ([[364, 1411], [598, 1411], [598, 1438], [364, 1438]], '"+오://:9훨넉+어 >괴6+2표어/', 8.453822638814689e-06), ([[406, 1454], [552, 1454], [552, 1478], [406, 1478]], '\'못음 17 >74 "', 0.009722504908596412), ([[365.2572186472918, 1379.1430466182294], [412.8932998121003, 1384.3554724043913], [409.7427813527082, 1407.8569533817706], [362.1067001878997, 1401.6445275956087]], "*'나9;/", 0.0008439274383491989)]
[([[20, 285], [365, 285], [365, 396], [20, 396]], '여자훈기', 0.07863301038742065), ([[38, 416], [508, 416], [508, 488], [38, 488]], '눈이 뽑일 것 같에빼', 0.09462185608038975), ([[20, 897], [365, 897], [365, 1006], [20, 1006]], '씩자후기]', 0.17343038188473964), ([[41, 1029], [945, 1029], [945, 1092], [41, 1092]], '신음소리 밀다가 단편하나에 이게 뭐하는짓이지싶어서', 0.7309141941728391), ([[42, 1081], [900, 1081], [900, 1138], [42, 1138]], '아무렇게나 밀다가 후반부가선 그냥 싸그리 무시함.', 0.7640861755260306), ([[41, 1129], [801, 1129], [801, 1190], [41, 1190]], '그나저나 상업지로 고통받다가 잠시 이런결로', 0.9253351399905346), ([[42, 1183], [392, 1183], [392, 1238], [42, 1238]], '한숨돌리니까 종네요', 0.49134859275795356), ([[737, 1285], [889, 1285], [889, 1333], [737, 1333]], '-|;;감댁감', 0.0003872415167844533), ([[735, 1338], [851, 1338], [851, 1391], [735, 1391]], "'8>슷교", 0.0002749324552967228), ([[739, 1397], [865, 1397], [865, 1459], [739, 1459]], '[_줄을', 0.0009576517622917891)]
