870616
11
[([[1088, 176], [1232, 176], [1232, 252], [1088, 252]], '&18', 0.056241219046529914), ([[77, 1387], [405, 1387], [405, 1475], [77, 1475]], '해안에서', 0.10347699373960495), ([[313, 1545], [725, 1545], [725, 1755], [313, 1755]], '문]', 0.021436810153628392), ([[771, 1645], [825, 1645], [825, 1681], [771, 1681]], '역식', 0.9993355774548238), ([[772, 1692], [850, 1692], [850, 1724], [772, 1724]], '2내꼴', 0.00016473866904389997)]
[([[1086, 174], [1233, 174], [1233, 252], [1086, 252]], '묘18', 0.0483020249276485), ([[81, 1353], [435, 1353], [435, 1489], [81, 1489]], '가똑쁨 (욕', 0.0004402895477675175), ([[447, 1507], [543, 1507], [543, 1593], [447, 1593]], '', 0.0), ([[63, 1474], [1117, 1474], [1117, 1806], [63, 1806]], '#수밟문 0307', 0.003526511724009684)]
[([[1125, 157], [1233, 157], [1233, 193], [1125, 193]], '바다에서', 0.9875778555870056), ([[1125, 193], [1259, 193], [1259, 231], [1125, 231]], '잠수하면서', 0.9978766893854683), ([[1127, 231], [1271, 231], [1271, 269], [1127, 269]], '놀고 있는데.', 0.6826742168129841), ([[130, 438], [186, 438], [186, 470], [130, 470]], '빠져', 0.9134923876994326), ([[131, 475], [211, 475], [211, 511], [131, 511]], '있다고', 0.9997689563209352), ([[129, 511], [189, 511], [189, 547], [129, 547]], '생각', 0.546352073190145), ([[128, 544], [211, 544], [211, 584], [128, 584]], '햇는지', 0.3476186034751696), ([[1023, 715], [1131, 715], [1131, 753], [1023, 753]], '플로질이', 0.7365805506706238), ([[1027, 751], [1193, 751], [1193, 791], [1027, 791]], '구해 짚습니다', 0.3552941889268734), ([[135, 1625], [353, 1625], [353, 1716], [135, 1716]], '5 5런', 0.11648840654469872), ([[1175, 1703], [1315, 1703], [1315, 1743], [1175, 1743]], '재방으니까', 0.578321944832127), ([[1175, 1741], [1269, 1741], [1269, 1777], [1175, 1777]], '빠진 척', 0.9798864191718021), ([[1175, 1777], [1277, 1777], [1277, 1817], [1175, 1817]], '해볼까 .', 0.33265529298566865), ([[955, 1795], [1137, 1795], [1137, 1909], [955, 1909]], '45', 0.07885730590600458), ([[111.21403420609101, 48.01471330263022], [345.92549765213334, 213.23264377938062], [243.78596579390899, 356.98528669736976], [8.074502347866655, 191.76735622061938]], '1모', 0.6681230841843238), ([[515.1530691543735, 1653.0256410471634], [710.9080055851657, 1735.3976952090823], [660.8469308456265, 1845.9743589528366], [466.09199441483423, 1763.6023047909177]], '항*', 0.0006491053784678717)]
[([[656, 286], [722, 286], [722, 340], [656, 340]], '프륭', 0.0625183231831992), ([[1197, 699], [1265, 699], [1265, 759], [1197, 759]], '풀로', 0.1554377460826783), ([[510, 1156], [636, 1156], [636, 1306], [510, 1306]], '1', 0.15278744512221465)]
[([[937, 153], [1081, 153], [1081, 269], [937, 269]], '플로', 0.285870622555807), ([[43, 563], [133, 563], [133, 679], [43, 679]], '시', 0.051250632563411225), ([[77, 807], [219, 807], [219, 923], [77, 923]], '플로', 0.32248945274567237), ([[73, 1043], [91, 1043], [91, 1065], [73, 1065]], '5', 0.9999957084701805), ([[105, 1135], [221, 1135], [221, 1225], [105, 1225]], '쿠-', 0.5296217554549716), ([[1181, 1369], [1241, 1369], [1241, 1405], [1181, 1405]], '고추', 0.9999924135756967), ([[1181, 1407], [1307, 1407], [1307, 1445], [1181, 1445]], '간지러워!', 0.8595688254437743), ([[919, 1691], [957, 1691], [957, 1735], [919, 1735]], '히', 0.05100861333185436), ([[970, 1750], [996, 1750], [996, 1786], [970, 1786]], '1', 0.5332977961666217), ([[1228, 1826], [1258, 1826], [1258, 1862], [1228, 1862]], '웃', 0.7612811127785335)]
[([[1124, 516], [1216, 516], [1216, 572], [1124, 572]], '우앗', 0.7270412837600461), ([[327, 1529], [387, 1529], [387, 1597], [327, 1597]], '봉', 0.9191760938680069)]
[([[80, 168], [164, 168], [164, 240], [80, 240]], '골로', 0.17109586268964858), ([[1101, 283], [1217, 283], [1217, 323], [1101, 323]], '이렇게나', 0.39559489488601685), ([[1101, 321], [1191, 321], [1191, 359], [1101, 359]], '깨끗한', 0.9129758012036292), ([[1102, 355], [1217, 355], [1217, 397], [1102, 397]], '플로제가', 0.4019508361816406), ([[1101, 393], [1189, 393], [1189, 433], [1101, 433]], '방귀클', 0.24513563012000839), ([[1100, 430], [1229, 430], [1229, 472], [1100, 472]], '뀌다니 . !', 0.12848584839307317), ([[591, 1481], [755, 1481], [755, 1641], [591, 1641]], '43', 0.9743985260415868), ([[447, 1635], [704, 1635], [704, 1842], [447, 1842]], '043', 0.033849346099054066), ([[1060, 1693], [1219, 1693], [1219, 1821], [1060, 1821]], '43', 0.3171661792200778), ([[936.127036057031, 325.0638451878109], [1039.9352207741233, 356.12070803346325], [1022.872963942969, 404.9361548121891], [920.0647792258768, 373.87929196653675]], '*하', 0.32008850582976883)]
[([[82, 112], [112, 112], [112, 162], [82, 162]], '풀', 0.5278248175687281), ([[109, 139], [133, 139], [133, 151], [109, 151]], '회4@', 0.003927334616612497), ([[242, 164], [346, 164], [346, 284], [242, 284]], '7', 0.33345570436318894), ([[1133, 253], [1239, 253], [1239, 315], [1133, 315]], '와앗', 0.94523154431637), ([[458, 307], [549, 307], [549, 372], [458, 372]], '[들켜', 0.7644708864698035), ([[459, 367], [605, 367], [605, 427], [459, 427]], '버럿다', 0.1716131826896254), ([[1170, 870], [1250, 870], [1250, 920], [1170, 920]], '로오', 0.9995961727837147), ([[1167, 947], [1253, 947], [1253, 1007], [1167, 1007]], '오용', 0.9934480020685347), ([[226, 918], [396, 918], [396, 1090], [226, 1090]], '스', 0.5543635629258006), ([[90, 1590], [176, 1590], [176, 1640], [90, 1640]], '우와', 0.994299604437836), ([[88, 1648], [178, 1648], [178, 1702], [88, 1702]], '아앗', 0.8578792213846987)]
[([[842, 232], [926, 232], [926, 304], [842, 304]], '풀로', 0.30911573970057227), ([[122, 914], [208, 914], [208, 986], [122, 986]], '풀로', 0.37278695020093644), ([[517, 947], [721, 947], [721, 1201], [517, 1201]], '=', 0.9237277266105117), ([[89, 1519], [219, 1519], [219, 1581], [89, 1581]], '으으웃', 0.49809948568134405), ([[1178, 1560], [1300, 1560], [1300, 1634], [1178, 1634]], '플로왕', 0.23346067002161336)]
[([[188, 216], [320, 216], [320, 268], [188, 268]], '저로 -', 0.49824997782707214), ([[1143, 1107], [1301, 1107], [1301, 1479], [1143, 1479]], '콩', 0.04204880515587406), ([[1167, 1619], [1209, 1619], [1209, 1657], [1167, 1657]], '그', 0.9999710323524234), ([[1208, 1612], [1329, 1612], [1329, 1669], [1208, 1669]], '이후론', 0.9949906360263069), ([[111, 1630], [292, 1630], [292, 1693], [111, 1693]], '트레이너기', 0.5995878069652587), ([[1166, 1668], [1368, 1668], [1368, 1722], [1166, 1722]], '그 플로질과', 0.8397590485822622), ([[111, 1687], [228, 1687], [228, 1741], [111, 1741]], '퇴기로', 0.5511710506321454), ([[111, 1735], [268, 1735], [268, 1798], [111, 1798]], '결정없다', 0.8256378769874573), ([[1166, 1722], [1294, 1722], [1294, 1772], [1166, 1772]], '만날 수', 0.5983018774058863), ([[1166, 1774], [1318, 1774], [1318, 1826], [1166, 1826]], '없없지만', 0.8339874387655398), ([[200, 1864], [434, 1864], [434, 1912], [200, 1912]], '한 여름의 추억', 0.9179840582473361)]
[([[474, 124], [698, 124], [698, 250], [474, 250]], '각사', 0.0953363154298214), ([[161, 349], [1052, 349], [1052, 454], [161, 454]], '짓하하뉴문훌유증5흉요 )0구-추<하', 0.00043266271112156593), ([[396, 354], [674, 354], [674, 406], [396, 406]], '2554@합', 0.011830436337550753), ([[167, 430], [919, 430], [919, 492], [167, 492]], '잘론 ) ! {럴트(7)#+ 310볼 즉미한', 0.00018723004647678204), ([[158, 508], [1075, 508], [1075, 621], [158, 621]], '깊문}스등존-   낫률 -유_득-물물듬+ 5', 5.467307428214831e-06), ([[163, 469], [743, 469], [743, 577], [163, 577]], '깊-램출껍납스활_', 0.00015104022063052615), ([[161, 591], [783, 591], [783, 701], [161, 701]], '@규중출주국 신_중부록부-$', 1.6261168034561487e-05), ([[564, 642], [958, 642], [958, 694], [564, 694]], '?)7)9-한조:', 0.006969561775847622), ([[416, 766], [998, 766], [998, 818], [416, 818]], '.귀다-0 -:하/)  :*(;', 0.006716415074890685), ([[130, 646], [1117, 646], [1117, 1066], [130, 1066]], '[ 도"', 0.009178120642900467), ([[244, 762], [1054, 762], [1054, 866], [244, 866]], '춧{등자염국국시 5름유하#,뇨', 4.229217744771851e-06), ([[252, 850], [400, 850], [400, 900], [252, 900]], '나3', 0.08945940984553935), ([[289, 884], [1033, 884], [1033, 946], [289, 946]], '+ 슬미에( 그러#내논내3*퍼초출맛 ', 0.0005581803201438916), ([[396, 928], [923, 928], [923, 984], [396, 984]], '[출려+) #뜨) 그 13) 합+) .', 0.0008977422804530642), ([[166, 1012], [1111, 1012], [1111, 1066], [166, 1066]], '틈치다 5#치+55  :소#/호(니)후서01하합/)', 4.506311578654158e-05), ([[166, 1050], [928, 1050], [928, 1106], [166, 1106]], '훌륭출금한 한히07) 푸:    1가창니-', 0.0016251039537711319), ([[148, 1437], [833, 1437], [833, 1489], [148, 1489]], '틈수 : #하여 |버숲   손 각 0 3 0|력;숲  )', 0.0005043551974863371), ([[147, 1486], [656, 1486], [656, 1542], [147, 1542]], '또{주: -   ~("-)7 >-)', 0.03309956778322163), ([[148, 1538], [406, 1538], [406, 1590], [148, 1590]], '쓸볶: < 5 5신', 0.09011741559950422), ([[441, 1541], [789, 1541], [789, 1585], [441, 1585]], '느 ) >7 :10527048', 0.03349788268069345), ([[149, 1587], [426, 1587], [426, 1640], [149, 1640]], '터사:201545,', 0.10651549654343163), ([[458, 1586], [1041, 1586], [1041, 1647], [458, 1647]], '##: 명..;8 ;5 _고8(@8교리_|천', 5.3623302610997294e-05), ([[148, 1638], [522, 1638], [522, 1686], [148, 1686]], '툼템: + > 그-지갑', 0.0190880037723665), ([[146, 1686], [1040, 1686], [1040, 1738], [146, 1738]], '훈품: *)-스 상+ 0 .  #주 |초 " | &7 " 7 내+0', 0.0019947532590865297), ([[262, 1736], [856, 1736], [856, 1788], [262, 1788]], '##국 |#빛 ( 0 3 5 0|력액쏟나 )', 0.008255223433316833)]
