872211
30
[([[613, 2482], [749, 2482], [749, 2534], [613, 2534]], '소00', 0.003801246091887416), ([[786, 2478], [988, 2478], [988, 2540], [786, 2540]], '어젠뱉', 0.001518361228298498), ([[1018, 2472], [1185, 2472], [1185, 2556], [1018, 2556]], '어미니', 0.018270504049944784)]
[]
[([[274, 206], [348, 206], [348, 254], [274, 254]], '역식', 0.9997420710309017), ([[278, 259], [382, 259], [382, 298], [278, 298]], '행이마', 0.0007045308117033398)]
[([[207, 1461], [680, 1461], [680, 1559], [207, 1559]], '표시) 출품 3', 0.36677261739099576)]
[([[360, 306], [590, 306], [590, 452], [360, 452]], '0터', 0.022942839433749394), ([[991, 1038], [1090, 1038], [1090, 1087], [991, 1087]], '-4두.', 0.0017104091821238399), ([[799, 1584], [996, 1584], [996, 1675], [799, 1675]], "'이7느", 0.010691064409911633), ([[1136, 1785], [1232, 1785], [1232, 1874], [1136, 1874]], '', 0.0), ([[230, 2435], [475, 2435], [475, 2584], [230, 2584]], '다녀', 0.9999801067454583), ([[228, 2607], [528, 2607], [528, 2766], [228, 2766]], '옷어!', 0.14156864594238022), ([[791.0216952074472, 299.0319366739425], [1103.7069059436556, 356.04925135525383], [1073.9783047925528, 481.9680633260575], [760.2930940563446, 424.95074864474617]], '(우검.', 0.0012635595630854368), ([[877.0320790335697, 440.02930405390094], [1288.848313911648, 507.80205865458896], [1258.9679209664303, 636.970695946099], [846.1516860883521, 569.197941345411]], '[라+~디', 0.00015780243729185056), ([[1023.9309852784941, 1075.448167612687], [1157.6319224211018, 1064.1171047068692], [1159.069014721506, 1106.551832387313], [1025.3680775788982, 1117.8828952931308]], '막:+.7.', 0.0007342527831262947)]
[([[1298, 255], [1382, 255], [1382, 461], [1298, 461]], '강', 0.056934497155263), ([[54, 504], [156, 504], [156, 725], [54, 725]], ';', 0.03893491163156626), ([[1267, 1187], [1336, 1187], [1336, 1291], [1267, 1291]], '<', 0.31369467152686425), ([[1285, 1283], [1365, 1283], [1365, 1398], [1285, 1398]], "{'", 0.2180901897523403)]
[([[1433, 458], [1536, 458], [1536, 572], [1433, 572]], '7', 0.4283105748681102), ([[303, 784], [418, 784], [418, 889], [303, 889]], '3', 0.047142714984922174), ([[11, 1098], [216, 1098], [216, 1219], [11, 1219]], '와악', 0.43430808832534984), ([[9, 1227], [215, 1227], [215, 1352], [9, 1352]], '까아', 0.9903561481570767), ([[440, 1159], [672, 1159], [672, 1387], [440, 1387]], '높', 0.04672736786846188), ([[1383, 1130], [1607, 1130], [1607, 1365], [1383, 1365]], '7', 0.004667254712000579), ([[11, 1363], [213, 1363], [213, 1488], [11, 1488]], '아앗', 0.9335271165955391), ([[87, 2042], [327, 2042], [327, 2265], [87, 2265]], '', 0.0), ([[248, 2502], [466, 2502], [466, 2566], [248, 2566]], '오래간만의', 0.9999282417239144), ([[265, 2567], [411, 2567], [411, 2624], [265, 2624]], '물이다!', 0.9330638647079468), ([[1744, 2522], [1878, 2522], [1878, 2654], [1744, 2654]], '물!', 0.9466117593807607), ([[112, 2713], [253, 2713], [253, 2777], [112, 2777]], '월급날', 0.9995660677409175), ([[113, 2778], [250, 2778], [250, 2830], [113, 2830]], '이니까', 0.999766409856133), ([[1397, 2790], [1598, 2790], [1598, 2875], [1397, 2875]], '물이다 ', 0.34494855999946594), ([[1418.9036866264137, 312.05018422790977], [1503.687702543349, 286.3048619059681], [1545.0963133735863, 444.94981577209023], [1461.312297456651, 470.6951380940319]], '국', 0.11155376458715693), ([[171.45395863495216, 784.0856277145693], [481.72293496348607, 613.9270393778284], [522.5460413650478, 721.9143722854307], [212.2770650365139, 893.0729606221716]], "그 가'", 0.07414300692245025), ([[998.1085937634382, 715.1121876128809], [1084.6688708370389, 638.0139869947708], [1234.8914062365618, 830.8878123871191], [1147.3311291629611, 908.9860130052292]], '5', 0.0180895396842351)]
[([[214, 55], [380, 55], [380, 155], [214, 155]], '7기', 0.015216688286935388), ([[1927, 162], [2057, 162], [2057, 217], [1927, 217]], '더해쥐', 0.9786957502365112), ([[1927, 223], [2017, 223], [2017, 278], [1927, 278]], '더어', 0.9977180899996348), ([[1116, 326], [1390, 326], [1390, 479], [1116, 479]], '은기', 0.14332173785855817), ([[1247, 591], [1419, 591], [1419, 648], [1247, 648]], '소원대로', 0.9566861281223252), ([[148, 619], [343, 619], [343, 676], [148, 676]], '받아라~~', 0.9990675215274016), ([[1261, 652], [1412, 652], [1412, 707], [1261, 707]], '해주지!', 0.9831725358963013), ([[152, 794], [198, 794], [198, 819], [152, 819]], '오라', 0.9377434652625245), ([[176, 830], [222, 830], [222, 855], [176, 855]], '오라', 0.9171228382038799), ([[1483, 1029], [1579, 1029], [1579, 1094], [1483, 1094]], '렌지', 0.9828011986964362), ([[402, 1604], [464, 1604], [464, 1645], [402, 1645]], '혜넷', 0.24159051562571035), ([[404, 1644], [492, 1644], [492, 1683], [404, 1683]], '나잡아', 0.9389836192131042), ([[404, 1679], [490, 1679], [490, 1716], [404, 1716]], '화라-!', 0.8959639326350917), ([[1409, 1901], [1478, 1901], [1478, 1956], [1409, 1956]], '[(-', 0.9102108930688), ([[1859, 2269], [1916, 2269], [1916, 2321], [1859, 2321]], "(]'", 0.061641214620736705), ([[1029, 2405], [1109, 2405], [1109, 2495], [1029, 2495]], '4', 0.549349475143174), ([[1088.8539644141306, 74.03867332913134], [1325.7374965548863, 110.57106523715287], [1297.1460355858694, 255.96132667086866], [1059.2625034451137, 219.42893476284715]], '2기', 0.11819479175781931)]
[([[875, 936], [917, 936], [917, 978], [875, 978]], '"', 0.0745475686274597), ([[255, 2350], [403, 2350], [403, 2496], [255, 2496]], '(9', 0.2736694352818942), ([[856, 2384], [936, 2384], [936, 2441], [856, 2441]], '앗-', 0.815042464657863), ([[852, 2441], [994, 2441], [994, 2501], [852, 2501]], '비켜요', 0.9941775037861654), ([[853, 2503], [946, 2503], [946, 2558], [853, 2558]], '비켜', 0.9560471177814651), ([[885, 2617], [1033, 2617], [1033, 2765], [885, 2765]], '1"', 0.8954140367122164), ([[933.3783634944433, 1000.0322895466553], [973.4099983144548, 975.0140246089594], [1052.6216365055568, 1107.9677104533446], [1012.5900016855452, 1132.9859753910407]], '5', 0.567905056461214)]
[([[1955, 542], [2005, 542], [2005, 592], [1955, 592]], '뭐', 0.9999797345234498), ([[1439, 574], [1536, 574], [1536, 622], [1439, 622]], '뛰냐', 0.39995998796422916), ([[783, 844], [875, 844], [875, 899], [783, 899]], '헤헤', 0.3516353930275359), ([[652, 969], [793, 969], [793, 1031], [652, 1031]], '미안요', 0.9996547791991073), ([[214, 2000], [321, 2000], [321, 2044], [214, 2044]], '보이고', 0.9998763203620911), ([[213, 2058], [301, 2058], [301, 2115], [213, 2115]], '있어', 0.8976935176205606), ([[1742, 2374], [1890, 2374], [1890, 2427], [1742, 2427]], '몸가짐올', 0.9455347061157227), ([[1739, 2426], [1818, 2426], [1818, 2479], [1739, 2479]], '신경', 0.9999886203698664), ([[1739, 2475], [1867, 2475], [1867, 2528], [1739, 2528]], '저 주면', 0.5999720831325691), ([[1739, 2529], [1895, 2529], [1895, 2582], [1739, 2582]], '(중켓지만', 0.39133643746584146), ([[1327, 2881], [1360, 2881], [1360, 2893], [1327, 2893]], '+내신', 0.007127053253898448), ([[491, 2961], [570, 2961], [570, 3000], [491, 3000]], '636 ', 0.21929693131913466), ([[1911.4538372406557, 660.0299188899671], [1997.8041179559045, 724.6141967434891], [1970.5461627593443, 760.9700811100329], [1884.1958820440955, 697.3858032565109]], '주주:""', 0.1358297545391632), ([[1467.2397140787302, 2585.0581415117467], [1529.972527264607, 2617.47657607741], [1507.7602859212698, 2659.9418584882533], [1444.027472735393, 2626.52342392259]], '(17:', 0.8419727087020874)]
[([[401, 45], [524, 45], [524, 97], [401, 97]], '너말야', 0.9997700452804565), ([[996, 38], [1147, 38], [1147, 90], [996, 90]], '말도안돼', 0.9713277220726013), ([[403, 96], [519, 96], [519, 149], [403, 149]], '빨리도', 0.9994490032650177), ([[1001, 92], [1112, 92], [1112, 137], [1001, 137]], '로코수', 0.5238725451956031), ([[412, 145], [499, 145], [499, 205], [412, 205]], '찾는', 0.7229594278608292), ([[713, 143], [763, 143], [763, 193], [713, 193]], '{4', 0.12520470382494442), ([[1008, 143], [1103, 143], [1103, 193], [1008, 193]], '잡아!', 0.9816548925537496), ([[1800, 138], [1883, 138], [1883, 191], [1800, 191]], '원가', 0.8824592250478881), ([[409, 205], [506, 205], [506, 249], [409, 249]], '구나 .', 0.971118688583374), ([[940, 197], [990, 197], [990, 245], [940, 245]], '{빵', 0.06683816708547245), ([[1800, 192], [1881, 192], [1881, 243], [1800, 243]], '없으', 0.9960963183843163), ([[1801, 245], [1903, 245], [1903, 294], [1801, 294]], '려나-', 0.9974770081169771), ([[90, 529], [199, 529], [199, 570], [90, 570]], '로코-!', 0.6737449765205383), ([[584, 551], [749, 551], [749, 604], [584, 604]], '완전 많이', 0.7186257107717041), ([[86, 582], [199, 582], [199, 626], [86, 626]], '나저거', 0.9997430443763733), ([[382, 560], [468, 560], [468, 663], [382, 663]], '4', 0.314996846967702), ([[584, 605], [735, 605], [735, 657], [584, 657]], '있는데!?', 0.45192495097995766), ([[1413, 598], [1520, 598], [1520, 650], [1413, 650]], "'어탓?", 0.7153324484825134), ([[86, 632], [199, 632], [199, 677], [86, 677]], '마시고', 0.9999231911200102), ([[96, 682], [177, 682], [177, 735], [96, 735]], '싶어', 0.8087164215665168), ([[437, 655], [504, 655], [504, 726], [437, 726]], '허', 0.07005450753128173), ([[1262, 805], [1329, 805], [1329, 849], [1262, 849]], '렌지', 0.900069341651502), ([[1806, 836], [1875, 836], [1875, 877], [1806, 877]], '그럼', 0.9999323128322639), ([[1250, 854], [1369, 854], [1369, 898], [1250, 898]], '상낭해!', 0.40676054473015233), ([[1360, 874], [1457, 874], [1457, 925], [1360, 925]], '정말? ', 0.9680705630110059), ([[1806, 882], [1889, 882], [1889, 926], [1806, 926]], '한 잔', 0.9943941235542297), ([[1806, 932], [1913, 932], [1913, 975], [1806, 975]], '뿐이야', 0.9828308410314073), ([[1249, 949], [1321, 949], [1321, 997], [1249, 997]], '무슨', 0.9998671557180733), ([[1247, 996], [1356, 996], [1356, 1046], [1247, 1046]], '공공이', 0.8474045736862287), ([[1247, 1048], [1356, 1048], [1356, 1096], [1247, 1096]], '있는거', 0.11551134756130393), ([[972, 1026], [1120, 1026], [1120, 1235], [972, 1235]], '1', 0.11610376466663652), ([[1260, 1098], [1350, 1098], [1350, 1142], [1260, 1142]], '아냐?', 0.9991338123387884), ([[1226, 1341], [1368, 1341], [1368, 1391], [1226, 1391]], '농담농담-', 0.9888114053305129), ([[1833, 1367], [1909, 1367], [1909, 1417], [1833, 1417]], '역시', 0.9994837401459991), ([[81, 1412], [232, 1412], [232, 1472], [81, 1472]], '잘 먹', 0.9516883492469788), ([[1226, 1439], [1384, 1439], [1384, 1487], [1226, 1487]], '미안해요-', 0.6275269955704914), ([[1817, 1418], [1893, 1418], [1893, 1466], [1817, 1466]], '안돼', 0.7996303636695995), ([[85, 1472], [243, 1472], [243, 1527], [85, 1527]], '습니다-', 0.8948193131366821), ([[467, 1873], [538, 1873], [538, 1921], [467, 1921]], '월급', 0.8526504482689421), ([[938, 1878], [1117, 1878], [1117, 1928], [938, 1928]], '(돈이 모이는', 0.303689763347854), ([[468, 1921], [591, 1921], [591, 1964], [468, 1964]], '몇 달 분', 0.8242050169712084), ([[939, 1928], [1116, 1928], [1116, 1971], [939, 1971]], '대로 이녀석', 0.9946809233953946), ([[465, 1970], [570, 1970], [570, 2009], [465, 2009]], '이지만', 0.9153621620393265), ([[938, 1971], [1117, 1971], [1117, 2019], [938, 2019]], "'위해 자가용", 0.8469386092003494), ([[464, 2011], [601, 2011], [601, 2059], [464, 2059]], '이녀석올', 0.8756336438043723), ([[939, 2022], [1071, 2022], [1071, 2065], [939, 2065]], '정수기틀', 0.3328538239002228), ([[463, 2055], [630, 2055], [630, 2105], [463, 2105]], '[위해서라면', 0.5878617147085948), ([[939, 2078], [1043, 2078], [1043, 2121], [939, 2121]], '사줄까', 0.8658578981319012), ([[468, 2104], [603, 2104], [603, 2149], [468, 2149]], '품돈이다', 0.2926502227783203), ([[940, 2121], [1150, 2121], [1150, 2169], [940, 2169]], '생각하고 있다', 0.6698489069604864), ([[7, 2803], [116, 2803], [116, 2919], [7, 2919]], '!?', 0.8529070905631769), ([[807.1780050634732, 154.06803038083928], [886.9137052616611, 180.0750672448638], [871.8219949365268, 223.93196961916072], [792.0862947383389, 197.9249327551362]], '((눈볕', 0.04577169939875603), ([[687.1210468075817, 166.0778621224576], [771.9541508402215, 192.32443397633344], [757.8789531924183, 231.9221378775424], [674.0458491597785, 205.67556602366656]], '화|쪽)', 0.0007459885091520846), ([[802.2844582472001, 192.06452035960038], [884.9738354073324, 218.54323730950202], [872.7155417527999, 254.93547964039962], [790.0261645926676, 229.45676269049798]], '맞|^~"', 0.0003488446954037217), ([[697.3351366892331, 199.07460143262563], [767.9957424140334, 221.84022707125155], [757.6648633107669, 248.92539856737437], [687.0042575859666, 226.15977292874845]], '비요', 0.008044976733741476), ([[915.1210468075817, 217.0778621224576], [998.9541508402215, 243.32443397633344], [984.8789531924183, 282.9221378775424], [901.0458491597785, 256.6755660236666]], '좁사덥 |', 9.774744063208325e-05), ([[812.349208626544, 223.07143881944813], [879.9973992192771, 246.87510836586347], [869.650791373456, 273.92856118055187], [802.0026007807229, 250.12489163413653]], '박1청', 0.003983919528107942), ([[925.3051384180819, 251.0815813559439], [987.9969971632357, 272.86580609716856], [977.6948615819181, 298.9184186440561], [915.0030028367643, 276.13419390283144]], '박전안', 0.00020256494206641128), ([[1760.0935066472473, 1835.0342877436647], [1872.9579703918675, 1905.99653395313], [1818.9064933527527, 1990.9657122563353], [1706.0420296081325, 1920.00346604687]], '그7', 0.77006897678076), ([[1223.0034542417552, 1844.0414509010614], [1352.4309317159616, 1889.3484523685122], [1314.9965457582448, 1987.9585490989386], [1185.5690682840384, 1942.6515476314878]], '17', 0.37770838071479895), ([[1759.1498374172081, 2700.0329026819845], [1858.9924631714343, 2777.5928717343913], [1801.8501625827919, 2850.9670973180155], [1702.0075368285657, 2773.4071282656087]], '애', 0.20237281889512815)]
[([[177, 79], [267, 79], [267, 117], [177, 117]], '더러운', 0.993956337323792), ([[179, 109], [274, 109], [274, 153], [179, 153]], '물이야.', 0.8289433717727661), ([[732, 104], [797, 104], [797, 145], [732, 145]], '알리', 0.9996652861384007), ([[1129, 111], [1254, 111], [1254, 150], [1129, 150]], '로코수개', 0.5823299884796143), ([[186, 154], [260, 154], [260, 190], [186, 190]], '가짜.', 0.8832884421351707), ([[1125, 153], [1227, 153], [1227, 197], [1125, 197]], "'아니야:", 0.7949832264414832), ([[1949, 172], [2025, 172], [2025, 213], [1949, 213]], '렌지.', 0.7425400421412003), ([[1330, 196], [1413, 196], [1413, 239], [1330, 239]], '이 물', 0.7617728114128113), ([[1117, 650], [1186, 650], [1186, 689], [1117, 689]], '안돼.', 0.8015913261400534), ([[578, 679], [708, 679], [708, 720], [578, 720]], '몸이 물에', 0.2618956487042939), ([[1117, 690], [1210, 690], [1210, 731], [1117, 731]], '기분이', 0.9992517665101149), ([[575, 718], [699, 718], [699, 762], [575, 762]], '민감하기', 0.9962719082832336), ([[1115, 731], [1246, 731], [1246, 779], [1115, 779]], '좁지않아.', 0.558418390163954), ([[575, 763], [696, 763], [696, 802], [575, 802]], '때문인지', 0.9996787309646606), ([[575, 803], [680, 803], [680, 846], [575, 846]], '질 나뿐', 0.8712922287620382), ([[578, 845], [708, 845], [708, 888], [578, 888]], '물올 주면', 0.49462935200349223), ([[1072, 857], [1139, 857], [1139, 898], [1072, 898]], '잘게', 0.6372267187763413), ([[1324, 750], [1438, 750], [1438, 967], [1324, 967]], '#', 0.20081853067768307), ([[578, 887], [699, 887], [699, 931], [578, 931]], '순식간에', 0.9983381032943726), ([[578, 929], [738, 929], [738, 973], [578, 973]], '볶이 아프다', 0.27673672212791023), ([[1911, 917], [2009, 917], [2009, 1086], [1911, 1086]], '}@', 0.04570386842508096), ([[1338, 1193], [1422, 1193], [1422, 1326], [1338, 1326]], '%', 0.04635966336411479), ([[161, 1330], [270, 1330], [270, 1371], [161, 1371]], '괜찮아?', 0.9218707084655762), ([[1293, 1677], [1388, 1677], [1388, 1718], [1293, 1718]], '렌지는', 0.39493296925079174), ([[189, 1719], [312, 1719], [312, 1760], [189, 1760]], '잘못없어', 0.720062792301178), ([[1302, 1719], [1369, 1719], [1369, 1756], [1302, 1756]], '바보', 0.9999618151687837), ([[1083, 1995], [1180, 1995], [1180, 2040], [1083, 2040]], '렌지논', 0.16588984132997173), ([[1093, 2038], [1160, 2038], [1160, 2074], [1093, 2074]], '바보', 0.9999872716754757), ([[1818, 2422], [1913, 2422], [1913, 2463], [1818, 2463]], '렌지논', 0.3631795228169973), ([[1827, 2462], [1894, 2462], [1894, 2499], [1827, 2499]], '바보', 0.6601577856870074), ([[823.2528254365918, 1102.0096269397616], [1249.965558182622, 1335.587045942311], [1126.7471745634082, 1547.9903730602384], [700.034441817378, 1314.412954057689]], '새0 >', 0.010438432770602487)]
[([[1351, 83], [1446, 83], [1446, 127], [1351, 127]], '괜찮아', 0.9961966400394234), ([[1766, 76], [1831, 76], [1831, 115], [1766, 115]], '이젠', 0.8912431089111509), ([[1349, 128], [1416, 128], [1416, 164], [1349, 164]], '지지', 0.9994018200471666), ([[1763, 111], [1866, 111], [1866, 162], [1763, 162]], '괜찮아', 0.9774157821627655), ([[1348, 164], [1445, 164], [1445, 212], [1348, 212]], '않앉어', 0.5782562545132711), ([[1766, 161], [1831, 161], [1831, 199], [1766, 199]], '진거', 0.9995919586000422), ([[1766, 200], [1833, 200], [1833, 242], [1766, 242]], '감네', 0.7900386931133584), ([[1339, 643], [1420, 643], [1420, 680], [1339, 680]], '그래?', 0.9749141931533813), ([[1794, 864], [1861, 864], [1861, 905], [1794, 905]], '함께', 0.9997316194181792), ([[1794, 906], [1887, 906], [1887, 947], [1794, 947]], '자주면', 0.9995805202727351), ([[1794, 948], [1892, 948], [1892, 989], [1794, 989]], '괜찮아', 0.9954097196618116), ([[1794, 990], [1887, 990], [1887, 1031], [1794, 1031]], '질지도', 0.9734526854598256), ([[1, 1375], [131, 1375], [131, 1411], [1, 1411]], "'해준다면", 0.3785581436939692), ([[0, 1403], [155, 1403], [155, 1439], [0, 1439]], '괜찮아질지도', 0.7723326459097396), ([[541, 1373], [569, 1373], [569, 1443], [541, 1443]], '뭐', 0.06629726792596191), ([[1043, 1415], [1073, 1415], [1073, 1445], [1043, 1445]], '부', 0.08228844820634151), ([[1033, 1446], [1089, 1446], [1089, 1478], [1033, 1478]], '해쥐', 0.9761710790141033), ([[516, 2339], [571, 2339], [571, 2394], [516, 2394]], '7', 0.6663341664574638), ([[43, 2558], [108, 2558], [108, 2597], [43, 2597]], '좀더', 0.6202549658165422), ([[1010, 2555], [1091, 2555], [1091, 2587], [1010, 2587]], '에헤헤', 0.6359762793136049), ([[1219, 2589], [1311, 2589], [1311, 2637], [1219, 2637]], '이러면', 0.894257128238678), ([[1220, 2631], [1338, 2631], [1338, 2672], [1220, 2672]], '(되느거야', 0.3823964167943347), ([[16.959461777675706, 2849.1094703550757], [52.612632860013235, 2832.0376738338928], [85.04053822232429, 2905.8905296449243], [49.387367139986765, 2922.9623261661072]], '죽', 0.004143688594583639)]
[([[1750, 245], [1812, 245], [1812, 342], [1750, 342]], '축', 0.831553536310853), ([[218, 429], [243, 429], [243, 463], [218, 463]], '옷', 0.29833161549527176), ([[1755, 736], [1818, 736], [1818, 768], [1755, 768]], '렌지.', 0.6207066230579279), ([[178, 996], [203, 996], [203, 1028], [178, 1028]], '침', 0.9997351344993746), ([[175, 1035], [270, 1035], [270, 1074], [175, 1074]], '마실래.', 0.9886674284934998), ([[1405, 1246], [1493, 1246], [1493, 1285], [1405, 1285]], '렌지의', 0.9450863743517243), ([[1047, 1302], [1120, 1302], [1120, 1341], [1047, 1341]], '발정기', 0.9974256130317186), ([[1273, 1291], [1356, 1291], [1356, 1321], [1273, 1321]], "'마신다니", 0.6877206016740913), ([[1403, 1286], [1531, 1286], [1531, 1327], [1403, 1327]], '침 마시면', 0.9982499801193001), ([[1855, 1293], [1953, 1293], [1953, 1331], [1855, 1331]], '너말야.', 0.6679617166519165), ([[454, 1307], [525, 1307], [525, 1348], [454, 1348]], '참앞', 0.17165040103057577), ([[927, 1314], [994, 1314], [994, 1355], [927, 1355]], '어절', 0.9478413367539332), ([[1050, 1336], [1148, 1336], [1148, 1366], [1050, 1366]], '인거나 너', 0.8650350354849775), ([[1405, 1328], [1477, 1328], [1477, 1367], [1405, 1367]], '좀더', 0.8678124379652361), ([[1855, 1332], [1945, 1332], [1945, 1371], [1855, 1371]], '적당히', 0.9997211930447596), ([[449, 1351], [544, 1351], [544, 1388], [449, 1388]], '으니까', 0.9937480370050424), ([[922, 1356], [1024, 1356], [1024, 1397], [922, 1397]], '수 없어', 0.9773048141374093), ([[1403, 1368], [1498, 1368], [1498, 1409], [1403, 1409]], '괜찮아', 0.9991813654004535), ([[1854, 1376], [1944, 1376], [1944, 1408], [1854, 1408]], '하라고', 0.9999702674365611), ([[1405, 1410], [1524, 1410], [1524, 1449], [1405, 1449]], '질거갈은', 0.7277608513832092), ([[1407, 1450], [1547, 1450], [1547, 1491], [1407, 1491]], '느낌이들어', 0.9940395889163081), ([[151, 1773], [216, 1773], [216, 1814], [151, 1814]], '조금', 0.9964231702349065), ([[142, 1815], [239, 1815], [239, 1856], [142, 1856]], '뿐이야', 0.9292739962187726), ([[780, 2060], [810, 2060], [810, 2097], [780, 2097]], '옷웃', 0.18367814217918496), ([[360, 2064], [436, 2064], [436, 2128], [360, 2128]], '0', 0.8086077383713928), ([[197, 2243], [229, 2243], [229, 2280], [197, 2280]], '웃', 0.8894246349752031), ([[183, 2391], [247, 2391], [247, 2441], [183, 2441]], '07', 0.9956616361000963), ([[1930, 2464], [2027, 2464], [2027, 2793], [1930, 2793]], '}', 0.9756493437603844), ([[1904, 2801], [1977, 2801], [1977, 2947], [1904, 2947]], '속', 0.006697674796271258), ([[159.9973506193548, 130.0843686541932], [206.10181774070048, 114.10203444683866], [233.0026493806452, 200.9156313458068], [186.89818225929952, 216.89796555316133]], '5', 0.25184164607452786), ([[516.521532469686, 903.0287194983941], [625.9344262295082, 958.2786885245902], [607.478467530314, 993.9712805016059], [498.0655737704918, 937.7213114754098]], '#', 0.20412328369022603), ([[1985.576855781626, 2791.0224443472835], [2018.8142685456432, 2787.0837560423824], [2029.423144218374, 2892.9775556527165], [1996.1857314543568, 2895.9162439576176]], '8', 0.9460920670893849)]
[([[1740, 156], [1777, 156], [1777, 197], [1740, 197]], '웃', 0.481734876856482), ([[0, 312], [123, 312], [123, 385], [0, 385]], '4주', 0.12904379756972856), ([[64, 529], [136, 529], [136, 565], [64, 565]], '하아', 0.9999801067454583), ([[894, 843], [952, 843], [952, 881], [894, 881]], ' :', 0.6945850352860267), ([[676, 1049], [807, 1049], [807, 1147], [676, 1147]], '겪', 0.08188638131072423), ([[1347, 1335], [1413, 1335], [1413, 1371], [1347, 1371]], '이제', 0.9999479068926604), ([[1347, 1375], [1413, 1375], [1413, 1418], [1347, 1418]], '돼지', 0.24208150294047534), ([[423, 1585], [592, 1585], [592, 1898], [423, 1898]], '[', 0.0033333671963626937), ([[1808, 1827], [1901, 1827], [1901, 1868], [1808, 1868]], '암전히', 0.8726037796143122), ([[1806, 1872], [1901, 1872], [1901, 1908], [1806, 1908]], '자라고', 0.9999236728936757), ([[374, 1885], [472, 1885], [472, 2042], [374, 2042]], ' ', 0.04798803602630053), ([[1074, 1833], [1223, 1833], [1223, 2060], [1074, 2060]], '철', 0.05575539202461588), ([[358, 2052], [426, 2052], [426, 2142], [358, 2142]], '용뉴', 0.0010896081635954375), ([[963, 2339], [1016, 2339], [1016, 2387], [963, 2387]], '다', 0.044214652061072224), ([[1055, 2344], [1098, 2344], [1098, 2373], [1055, 2373]], '어하다', 0.0007603222372147686), ([[68, 2630], [198, 2630], [198, 2685], [68, 2685]], '렌지이', 0.9599896050197549), ([[1198, 2572], [1271, 2572], [1271, 2771], [1198, 2771]], '{', 0.0032402701441863885), ([[1378, 2838], [1405, 2838], [1405, 2863], [1378, 2863]], '서', 0.9969427147016319), ([[1358, 2877], [1470, 2877], [1470, 2918], [1358, 2918]], '버럿티아', 0.046666182577610016), ([[1470.9733597974953, 46.03769324593529], [1715.6292862942817, 95.79960078919704], [1687.0266402025047, 209.9623067540647], [1441.3707137057183, 160.20039921080297]], '촌{', 0.0031534781489834735)]
[([[1793, 131], [1883, 131], [1883, 184], [1793, 184]], '잠깐', 0.999949339863946), ([[1780, 187], [1910, 187], [1910, 240], [1780, 240]], '이라도', 0.9993184520450036), ([[1784, 246], [1949, 246], [1949, 299], [1784, 299]], '중으니까', 0.9792812466621399), ([[1573, 436], [1698, 436], [1698, 491], [1573, 491]], '손으로', 0.9996995138488103), ([[1573, 495], [1703, 495], [1703, 547], [1573, 547]], '만저쥐', 0.34348547727999185), ([[186, 1243], [312, 1243], [312, 1280], [186, 1280]], '그러니까', 0.9999465942382812), ([[184, 1286], [312, 1286], [312, 1327], [184, 1327]], '말햇잡아', 0.5846596360206604), ([[198, 1597], [333, 1597], [333, 1638], [198, 1638]], '내 정액에', 0.9965033682481366), ([[198, 1642], [324, 1642], [324, 1681], [198, 1681]], '당게되면', 0.9346769452095032), ([[198, 1682], [295, 1682], [295, 1723], [198, 1723]], '미약과', 0.99993282659923), ([[198, 1726], [335, 1726], [335, 1767], [198, 1767]], '같이 크게', 0.982739039389352), ([[200, 1768], [356, 1768], [356, 1810], [200, 1810]], '욕정시린다', 0.3963124061163272), ([[1895, 1986], [1990, 1986], [1990, 2028], [1895, 2028]], '그렇게', 0.8704358250856749), ([[1668, 2036], [1763, 2036], [1763, 2077], [1668, 2077]], '손으로', 0.9994170018320662), ([[1893, 2031], [1957, 2031], [1957, 2070], [1893, 2070]], '되면', 0.9911607321793238), ([[190, 2058], [296, 2058], [296, 2108], [190, 2108]], '빨리앗', 0.1164647897630759), ([[1668, 2078], [1805, 2078], [1805, 2119], [1668, 2119]], '만지논 것', 0.5769965577890402), ([[1894, 2076], [1959, 2076], [1959, 2109], [1894, 2109]], '나도', 0.999754377003034), ([[1668, 2120], [1812, 2120], [1812, 2163], [1668, 2163]], '뿐이니까?', 0.9306556973118222), ([[1893, 2118], [1960, 2118], [1960, 2154], [1893, 2154]], '이제', 0.9999162130932887), ([[1482, 2160], [1519, 2160], [1519, 2208], [1482, 2208]], '용', 0.9987273691520535), ([[1330, 2263], [1428, 2263], [1428, 2304], [1330, 2304]], '간져쥐', 0.5084556859965772), ([[198, 2774], [333, 2774], [333, 2817], [198, 2817]], '힘쓸리게', 0.5255193710327148), ([[210, 2821], [314, 2821], [314, 2864], [210, 2864]], '된달까', 0.9874489826578473)]
[([[885, 95], [938, 95], [938, 138], [885, 138]], '클리', 0.48791244174752807), ([[885, 147], [999, 147], [999, 188], [885, 188]], '공격하자', 0.9988659024238586), ([[42, 153], [90, 153], [90, 240], [42, 240]], '3', 0.9944008507032756), ([[424, 119], [517, 119], [517, 344], [424, 344]], '#', 0.24738676395408277), ([[1086, 172], [1130, 172], [1130, 288], [1086, 288]], '속', 0.02485568185707976), ([[1744, 234], [1820, 234], [1820, 363], [1744, 363]], '북', 0.03313198329717992), ([[1070, 348], [1111, 348], [1111, 399], [1070, 399]], '거', 0.06080976780680292), ([[26, 419], [142, 419], [142, 587], [26, 587]], '(0', 0.06486365202904439), ([[1746, 515], [1813, 515], [1813, 545], [1746, 545]], '우와-', 0.38905302689983345), ([[1743, 559], [1849, 559], [1849, 600], [1743, 600]], '[끈적끈적', 0.8194402383288688), ([[249, 851], [322, 851], [322, 901], [249, 901]], '중앗', 0.2861021122210035), ([[387, 837], [439, 837], [439, 892], [387, 892]], '3', 0.08509485696105745), ([[577, 823], [629, 823], [629, 878], [577, 878]], '호', 0.06462922210790456), ([[934, 840], [1003, 840], [1003, 884], [934, 884]], '기분', 0.9994214570932902), ([[1104, 846], [1180, 846], [1180, 896], [1104, 896]], '항상', 0.9995933071382513), ([[113, 863], [186, 863], [186, 911], [113, 911]], '기분', 0.9996574476022001), ([[400, 889], [441, 889], [441, 928], [400, 928]], '2', 0.8226858798116723), ([[589, 873], [631, 873], [631, 912], [589, 912]], '2', 0.8890924487605076), ([[931, 881], [1004, 881], [1004, 932], [931, 932]], '중은', 0.28909507338732865), ([[113, 907], [189, 907], [189, 957], [113, 957]], '중앗', 0.1959685362167255), ([[1107, 897], [1212, 897], [1212, 938], [1107, 938]], '여기가', 0.9999441827157088), ([[934, 932], [1024, 932], [1024, 973], [934, 973]], '거지?', 0.7984618544578552), ([[48, 981], [127, 981], [127, 1024], [48, 1024]], '좀더', 0.8856594897987157), ([[1, 1166], [66, 1166], [66, 1207], [1, 1207]], '좁더', 0.1990192907803461), ([[291, 1231], [425, 1231], [425, 1377], [291, 1377]], "'표", 0.41192873125323914), ([[55, 1494], [103, 1494], [103, 1624], [55, 1624]], '축', 0.0381950964559119), ([[838, 1429], [1045, 1429], [1045, 1659], [838, 1659]], '7"1', 0.056341094389078014), ([[1038, 1474], [1091, 1474], [1091, 1562], [1038, 1562]], '3', 0.9773209164714594), ([[1935, 1943], [2003, 1943], [2003, 2122], [1935, 2122]], '물', 0.23287345254141556), ([[836, 2106], [905, 2106], [905, 2147], [836, 2147]], '렌지', 0.8962321228745486), ([[298, 2121], [371, 2121], [371, 2171], [298, 2171]], '갈거', 0.9985341103222147), ([[299, 2172], [375, 2172], [375, 2215], [299, 2215]], '같아.', 0.8981631425711589), ([[744, 2223], [790, 2223], [790, 2262], [744, 2262]], '나.', 0.4162635416305045), ([[130, 2284], [202, 2284], [202, 2325], [130, 2325]], '가애', 0.948291127579499), ([[27, 2558], [96, 2558], [96, 2597], [27, 2597]], '가버', 0.9710294907420522), ([[24, 2599], [130, 2599], [130, 2647], [24, 2647]], '려어어', 0.9914736876720056), ([[35, 2760], [355, 2760], [355, 2982], [35, 2982]], '콩료@', 0.0021116372361133524), ([[1200.445499872191, 77.01709792949629], [1266.4406473676293, 56.010793700364786], [1326.554500127809, 256.9829020705037], [1259.5593526323707, 277.9892062996352]], '#', 0.12234224931010917), ([[1816.3121581436267, 165.04753863411125], [1853.5988932207908, 161.262538605064], [1860.6878418563733, 246.95246136588875], [1823.4011067792092, 250.737461394936]], '$', 0.14314567024507596), ([[776.4497265149013, 194.038030907289], [812.2363442893502, 190.1958637250762], [820.5502734850987, 273.961969092711], [783.7636557106498, 277.8041362749238]], '3', 0.9955656919676734), ([[745.1314476955624, 442.02096729814264], [862.5898469827737, 393.0096670254019], [971.8685523044376, 684.9790327018574], [853.4101530172263, 733.9903329745981]], '술', 0.9298258206048473), ([[1596.8190515019785, 591.0876450632558], [1640.528643338059, 549.0174855953073], [1750.1809484980215, 673.9123549367442], [1706.471356661941, 715.9825144046927]], '2', 0.0503886560340947), ([[1162.3502489117013, 575.0192066077512], [1295.576763424049, 692.9780675931288], [1232.6497510882987, 765.9807933922488], [1099.423236575951, 649.0219324068712]], '예위', 0.00130976433264848), ([[685.3097315100374, 908.0265096304857], [787.6961144564112, 997.681036144957], [737.6902684899626, 1055.9734903695141], [635.3038855435888, 966.318963855043]], '애>', 0.004741509524761531), ([[814.0652700194609, 1275.054795165417], [936.7278559131723, 1306.9311251885995], [916.9347299805391, 1375.945204834583], [794.2721440868277, 1345.0688748114005]], '742', 0.8987991260034622), ([[1897.3252129460636, 1359.0253321826465], [1963.5520312593383, 1336.016945870768], [2018.6747870539364, 1509.9746678173535], [1951.4479687406617, 1532.983054129232]], '특', 0.04927026055596273), ([[1168.620125818301, 1495.010315056737], [1222.6348228024415, 1509.0176874709816], [1173.379874181699, 1692.989684943263], [1119.3651771975585, 1678.9823125290184]], '9', 0.05360967188029009), ([[443.72727923100865, 2052.136417617372], [685.0265990749886, 2009.1838181040714], [701.2727207689913, 2172.863582382628], [459.9734009250114, 2214.816181895929]], '둘', 0.16161824123857116), ([[644.0905245867245, 2862.0961934085726], [929.8186446701047, 2836.475244382839], [932.9094754132755, 2998.9038065914274], [647.1813553298953, 3024.524755617161]], '요물?0', 0.009476677514612675)]
[([[1232, 730], [1360, 730], [1360, 938], [1232, 938]], '넷', 0.4556269472858254), ([[247, 1250], [333, 1250], [333, 1289], [247, 1289]], '이걸로', 0.7909391996456525), ([[247, 1288], [347, 1288], [347, 1324], [247, 1324]], '된거지?', 0.9931154847145081), ([[191, 1281], [228, 1281], [228, 1362], [191, 1362]], '벼', 0.08726048718042367), ([[385, 1547], [491, 1547], [491, 1620], [385, 1620]], '교 (', 0.09316588938236237), ([[333, 2044], [395, 2044], [395, 2076], [333, 2076]], '렌지', 0.965631615909724), ([[173, 2069], [229, 2069], [229, 2097], [173, 2097]], '자지', 0.9999743748122707), ([[172, 2104], [235, 2104], [235, 2140], [172, 2140]], '발기', 0.9996770018335945), ([[172, 2139], [258, 2139], [258, 2180], [172, 2180]], '뒷는데', 0.44806060998602987), ([[1888, 1994], [2027, 1994], [2027, 2310], [1888, 2310]], '다,', 0.017325681426163593), ([[194, 2648], [264, 2648], [264, 2678], [194, 2678]], '어때?', 0.9999746034280192), ([[778, 2751], [838, 2751], [838, 2784], [778, 2784]], '내가', 0.9997922223597343), ([[777, 2786], [891, 2786], [891, 2824], [777, 2824]], '줄테니까', 0.7915549874305725), ([[836, 2750], [898, 2750], [898, 2789], [836, 2789]], '빨아', 0.9961736964780358), ([[1540, 2548], [1871, 2548], [1871, 2973], [1540, 2973]], '5', 0.8815720371502245), ([[1576.2594976178455, 695.0392776077462], [1687.9991041719952, 747.8880143332481], [1660.7405023821545, 802.9607223922538], [1549.0008958280048, 750.1119856667519]], "'", 0.030573945777448763)]
[([[1154, 1815], [1261, 1815], [1261, 1854], [1154, 1854]], '그거야:', 0.5894798636436462), ([[1695, 1807], [1889, 1807], [1889, 1861], [1695, 1861]], '후후 ..렌지의', 0.2766028805797698), ([[1185, 1862], [1226, 1862], [1226, 1899], [1185, 1899]], '뭐', 0.9999929666642835), ([[1696, 1860], [1906, 1860], [1906, 1903], [1696, 1903]], '자지 투명하고', 0.9996066114096619), ([[73, 1896], [146, 1896], [146, 1944], [73, 1944]], '전부', 0.9999801910386653), ([[1164, 1907], [1266, 1907], [1266, 1950], [1164, 1950]], '그렇지', 0.9990462081434974), ([[1695, 1903], [1895, 1903], [1895, 1951], [1695, 1951]], '끈적끈적한거', 0.9224426124906628), ([[75, 1943], [149, 1943], [149, 1991], [75, 1991]], '할아', 0.5324067544851138), ([[1697, 1950], [1864, 1950], [1864, 1998], [1697, 1998]], '엄청나오네', 0.9992067333824577), ([[76, 1991], [145, 1991], [145, 2035], [76, 2035]], '줄게', 0.9864692552335181), ([[42, 2597], [116, 2597], [116, 2647], [42, 2647]], '우웃', 0.5084346947970015), ([[993, 2685], [1078, 2685], [1078, 2936], [993, 2936]], '5', 0.04790144129582097), ([[176.91541525424563, 2489.2447440678316], [227.66977932339464, 2443.024957066512], [312.08458474575434, 2548.7552559321684], [261.3302206766054, 2594.975042933488]], '7', 0.05247265203889051)]
[([[1920, 0], [2068, 0], [2068, 139], [1920, 139]], '토', 0.027685553349417802), ([[1862, 130], [1903, 130], [1903, 174], [1862, 174]], '쇼', 0.2870129600887914), ([[1870, 171], [1905, 171], [1905, 201], [1870, 201]], '2', 0.8803565817975709), ([[1668, 224], [1709, 224], [1709, 265], [1668, 265]], '시', 0.23835112119485657), ([[1678, 267], [1710, 267], [1710, 292], [1678, 292]], ')', 0.1403202874872136), ([[1807, 337], [1926, 337], [1926, 451], [1807, 451]], '락', 0.0029094888384607054), ([[770, 936], [820, 936], [820, 978], [770, 978]], '위,', 0.5808298326684118), ([[922, 840], [1170, 840], [1170, 1029], [922, 1029]], '후', 0.004113044030526147), ([[561, 988], [645, 988], [645, 1031], [561, 1031]], '멈취!', 0.8467746660448178), ([[770, 981], [872, 981], [872, 1024], [770, 1024]], '위험해', 0.7977192997932434), ([[1968, 995], [2060, 995], [2060, 1034], [1968, 1034]], '이녀스', 0.9713562199409763), ([[768, 1030], [842, 1030], [842, 1074], [768, 1074]], '이건', 0.99874476054657), ([[540, 1222], [661, 1222], [661, 1352], [540, 1352]], '%', 0.005342650482532962), ([[188, 1409], [329, 1409], [329, 1548], [188, 1548]], '팀', 0.4605625348030493), ([[700, 1555], [933, 1555], [933, 1706], [700, 1706]], '세', 0.05734470575192163), ([[1473, 1572], [1622, 1572], [1622, 1774], [1473, 1774]], '기', 0.43929666852841365), ([[1932, 1693], [2035, 1693], [2035, 1737], [1932, 1737]], '완전히', 0.9998565690040488), ([[177, 1752], [249, 1752], [249, 1793], [177, 1793]], '이젠', 0.8181246837552006), ([[1932, 1740], [2002, 1740], [2002, 1784], [1932, 1784]], '나흘', 0.41445187519091664), ([[179, 1799], [284, 1799], [284, 1840], [179, 1840]], '무리야', 0.9721301446078708), ([[1925, 1787], [2025, 1787], [2025, 1826], [1925, 1826]], '느끼게', 0.9956596816684811), ([[1930, 1832], [2002, 1832], [2002, 1875], [1930, 1875]], '하는', 0.7258895477692681), ([[1922, 1875], [2024, 1875], [2024, 1923], [1922, 1923]], '부분올', 0.9158809992013394), ([[1923, 1923], [2056, 1923], [2056, 1967], [1923, 1967]], '공락하고', 0.8308910364939389), ([[1942, 1970], [2016, 1970], [2016, 2013], [1942, 2013]], '있어_', 0.9838408502245268), ([[1852, 2302], [2049, 2302], [2049, 2367], [1852, 2367]], '반싸야', 0.015127965048667308), ([[219, 2297], [511, 2297], [511, 2874], [219, 2874]], '몸', 0.08360318961919777), ([[217, 2837], [342, 2837], [342, 2965], [217, 2965]], '애', 0.5818377093942537), ([[728.2431769922308, -5.973933612652814], [840.9150566438503, 85.63561791951871], [780.7568230077692, 160.97393361265281], [667.0849433561497, 69.36438208048129]], '이웃', 0.01824432228274931), ([[1507.1874114593315, 2.0300547009762013], [1613.9609312104312, 86.07372412306216], [1556.8125885406685, 158.9699452990238], [1450.0390687895688, 75.92627587693784]], '시', 0.24238907814137534), ([[423.2211233270709, 237.03037858650757], [518.8871550422476, 319.50194620572006], [462.7788766729291, 384.96962141349246], [367.1128449577523, 302.49805379427994]], '리 못', 0.0988870766209607), ([[416.2013029324608, 799.0228013180644], [560.9495721008836, 906.8128023743928], [490.7986970675392, 1001.9771986819356], [345.0504278991163, 893.1871976256072]], '회소느', 0.06337583254566359), ([[374.348594696544, 1833.2732545434112], [444.71713837800803, 1767.0197953580544], [560.651405303456, 1906.7267454565888], [491.28286162199197, 1973.9802046419456]], '%', 0.3781192274382228)]
[([[703, 85], [796, 85], [796, 139], [703, 139]], '전부', 0.9999854172215584), ([[867, 12], [976, 12], [976, 130], [867, 130]], '국', 0.8823383512265082), ([[495, 131], [587, 131], [587, 186], [495, 186]], '푸반', 0.1118687372614868), ([[703, 146], [836, 146], [836, 203], [703, 203]], '삼키논', 0.49096967948589354), ([[706, 206], [814, 206], [814, 261], [706, 261]], '건가 ', 0.6546121080349756), ([[897, 315], [938, 315], [938, 394], [897, 394]], '소', 0.5486332325738239), ([[905, 398], [932, 398], [932, 428], [905, 428]], "'", 0.44190370940109247), ([[1788, 356], [1874, 356], [1874, 471], [1788, 471]], '7', 0.01703332357361398), ([[12, 570], [100, 570], [100, 620], [12, 620]], '[이화', 0.6074064935025765), ([[17, 628], [97, 628], [97, 676], [17, 676]], '무리', 0.9999975554836615), ([[13, 683], [99, 683], [99, 727], [13, 727]], '하지', 0.9999573476557309), ([[14, 736], [135, 736], [135, 791], [14, 791]], '말라고', 0.9928577549075557), ([[1314, 717], [1485, 717], [1485, 890], [1314, 890]], '커7', 0.07987472410032784), ([[1352, 974], [1474, 974], [1474, 1031], [1352, 1031]], '렌지의', 0.7874847981621904), ([[1349, 1030], [1437, 1030], [1437, 1086], [1349, 1086]], '정액', 0.9971945803375335), ([[1348, 1083], [1503, 1083], [1503, 1143], [1348, 1143]], '[맛있어서', 0.9268174805364711), ([[1792, 1077], [1868, 1077], [1868, 1120], [1792, 1120]], '무리', 0.9999981455391691), ([[1086, 1095], [1203, 1095], [1203, 1170], [1086, 1170]], '있지', 0.8772454852167184), ([[1378, 1142], [1501, 1142], [1501, 1194], [1378, 1194]], '좋아해', 0.9988471240389978), ([[1772, 1125], [1897, 1125], [1897, 1178], [1772, 1178]], "'하느거", 0.6526890410931574), ([[1067, 1171], [1259, 1171], [1259, 1249], [1067, 1249]], '나 좀더', 0.45198180419137723), ([[1772, 1181], [1902, 1181], [1902, 1232], [1772, 1232]], '아니얘', 0.8272525323277347), ([[1060, 1247], [1290, 1247], [1290, 1327], [1060, 1327]], '넷찌한거', 0.32268941498222137), ([[1064, 1326], [1316, 1326], [1316, 1407], [1064, 1407]], '(하고싶에', 0.42844605453327117), ([[1226, 1831], [1306, 1831], [1306, 1911], [1226, 1911]], '안7', 0.007103386259754332), ([[36, 2231], [166, 2231], [166, 2275], [36, 2275]], '이제 완전', 0.999831901045671), ([[46, 2275], [110, 2275], [110, 2313], [46, 2313]], '건강', 0.9999057609473747), ([[36, 2317], [138, 2317], [138, 2356], [36, 2356]], '하잡아.', 0.6717784404754639), ([[53, 2713], [181, 2713], [181, 2754], [53, 2754]], '내 정액은', 0.9987939658560829), ([[53, 2755], [202, 2755], [202, 2794], [53, 2794]], '만병통치약', 0.8067395517669801), ([[53, 2795], [188, 2795], [188, 2836], [53, 2836]], '같은건가?', 0.8299338439139), ([[1604.204983133637, -20.971232755811812], [1716.9362775232244, 65.817699727219], [1658.795016866363, 138.97123275581183], [1547.0637224767756, 52.18230027278101]], '4', 0.7340565332108326), ([[1261.3666779040848, 1982.0071633605519], [1415.4022573328941, 1855.0028896305685], [1887.6333220959152, 2479.992836639448], [1733.5977426671059, 2606.9971103694315]], '{', 0.25030652137659004)]
[([[709, 0], [922, 0], [922, 174], [709, 174]], '사', 0.19566078800039577), ([[1871, 1069], [1958, 1069], [1958, 1121], [1871, 1121]], '우옷', 0.3155046606769122), ([[250, 1138], [288, 1138], [288, 1195], [250, 1195]], '틀', 0.4355046032689103), ([[286, 1144], [329, 1144], [329, 1246], [286, 1246]], '어', 0.6546726656254442), ([[1760, 1164], [1889, 1164], [1889, 1218], [1760, 1218]], '렌지의', 0.9308583128662509), ([[250, 1197], [291, 1197], [291, 1245], [250, 1245]], '오', 0.9999983310706426), ([[1761, 1229], [1854, 1229], [1854, 1270], [1761, 1270]], '자지', 0.9992038545946141), ([[241, 1248], [328, 1248], [328, 1312], [241, 1312]], '있어', 0.9938152561995993), ([[1965, 1808], [2042, 1808], [2042, 1913], [1965, 1913]], '떼', 0.010290895416270596), ([[996.1780050634732, 100.06803038083928], [1079.9803632034634, 130.55730104858102], [1063.8219949365268, 169.93196961916072], [980.0196367965366, 139.44269895141898]], '7수1:', 0.1852719634771347), ([[1784.3149740684823, 582.0106675982842], [2030.3355070761775, 800.6337967050827], [1902.6850259315177, 946.9893324017158], [1657.6644929238225, 728.3662032949173]], '4"<슬', 0.1154332309961319), ([[1129.339181399545, 655.0438604965868], [1198.9595946226823, 702.365633245936], [1173.660818600455, 739.9561395034132], [1103.0404053773177, 692.634366754064]], '7수코', 0.09702022448451086), ([[1561.3434038380283, 2134.4010176862494], [1626.6212840055312, 2172.9042147250666], [1490.6565961619717, 2397.5989823137506], [1424.3787159944688, 2359.0957852749334]], '3', 0.8239567337775533), ([[183.10348465695708, 2431.0148881744085], [352.56949353064493, 2345.0060066474307], [552.8965153430429, 2785.9851118255915], [384.43050646935507, 2872.9939933525693]], '술', 0.5416786301136121), ([[1787.4329935491592, 2445.005358750525], [2003.3185803540248, 2542.953030877937], [1781.5670064508408, 3033.994641249475], [1565.6814196459752, 2936.046969122063]], '옳', 0.00605635990139769)]
[([[605, 223], [723, 223], [723, 278], [605, 278]], '좀다', 0.33619748018576756), ([[918, 587], [984, 587], [984, 647], [918, 647]], ']', 0.0035590754376113726), ([[893, 1055], [1007, 1055], [1007, 1237], [893, 1237]], '통', 0.0061741079281461), ([[671, 1207], [758, 1207], [758, 1260], [671, 1260]], '잔뜩', 0.9990335410206803), ([[673, 1263], [761, 1263], [761, 1316], [673, 1316]], '푹푹', 0.9872085027904639), ([[671, 1322], [756, 1322], [756, 1372], [671, 1372]], '해쥐', 0.9744469631109872), ([[362, 2328], [380, 2328], [380, 2361], [362, 2361]], ';', 0.011338804891030618), ([[122, 2529], [217, 2529], [217, 2579], [122, 2579]], '내가', 0.7517469869772501), ([[110, 2581], [241, 2581], [241, 2643], [110, 2643]], '조여출', 0.6401078154814093), ([[108, 2644], [240, 2644], [240, 2696], [108, 2696]], '테니까', 0.9980049463094411), ([[121, 2698], [219, 2698], [219, 2760], [121, 2760]], "'아앗", 0.8727889524178183), ([[1800, 2518], [1936, 2518], [1936, 2843], [1800, 2843]], '#', 0.08433236679646772), ([[1878, 2747], [1958, 2747], [1958, 2909], [1878, 2909]], '볶', 0.0037149492541568296), ([[1505.5079251874083, 64.00756859077354], [1621.1122039363058, 50.30560014977182], [1660.4920748125917, 420.99243140922647], [1544.8877960636942, 434.6943998502282]], '{', 0.05371917433366491), ([[982.3183180150093, 922.2912904420258], [1096.593010708833, 864.5228928624197], [1110.6816819849907, 903.7087095579742], [996.4069892911671, 961.4771071375803]], '하" 요하"', 0.00016756010833887067), ([[564.2693966631748, 1840.167955384478], [625.9146658746257, 1882.7153688498267], [538.7306033368252, 2005.832044615522], [477.0853341253743, 1963.2846311501733]], '(터', 0.23685956626721233), ([[1348.2504778592393, 2043.0133800587014], [1491.911387988309, 1997.0871667161489], [1597.7495221407607, 2364.9866199412986], [1454.088612011691, 2410.912833283851]], '%', 0.0014264062623590285), ([[1010.3912676121035, 2496.0071270368217], [1191.1144153679402, 2446.0861186301277], [1324.6087323878965, 2974.9928729631783], [1143.8855846320598, 3024.9138813698723]], '{', 0.05056197832612441), ([[688.2688964916127, 2670.014853693672], [825.3540116665008, 2657.15878461209], [846.7311035083873, 2951.985146306328], [709.6459883334992, 2963.84121538791]], '신', 0.019334129486870077)]
[([[1143, 90], [1184, 90], [1184, 176], [1143, 176]], '3', 0.7140467058639253), ([[1749, 146], [1834, 146], [1834, 200], [1749, 200]], '렌지', 0.9731120648296383), ([[196, 416], [326, 416], [326, 476], [196, 476]], '렌지앗', 0.7153396606445312), ([[819, 374], [870, 374], [870, 504], [819, 504]], '축', 0.15169269307604427), ([[1599, 1163], [1650, 1163], [1650, 1248], [1599, 1248]], '호', 0.5661359584088501), ([[1086, 1820], [1130, 1820], [1130, 1859], [1086, 1859]], '나.', 0.5321888789900235), ([[824, 1864], [895, 1864], [895, 1903], [824, 1903]], '나도', 0.9996132824228763), ([[1084, 1864], [1191, 1864], [1191, 1908], [1084, 1908]], '가버려', 0.9968882907519464), ([[824, 1911], [895, 1911], [895, 1953], [824, 1953]], '이젠', 0.7793859493111013), ([[597, 2087], [668, 2087], [668, 2131], [597, 2131]], '산다', 0.611779268413448), ([[605, 2131], [660, 2131], [660, 2179], [605, 2179]], '맛!', 0.2768312151684458), ([[1895, 2136], [2004, 2136], [2004, 2178], [1895, 2178]], '허리가.', 0.9797539710998535), ([[1906, 2180], [2007, 2180], [2007, 2228], [1906, 2228]], '멈추질', 0.9852934798140597), ([[1903, 2227], [2014, 2227], [2014, 2275], [1903, 2275]], '않아앗', 0.8805630365801477), ([[635, 2498], [776, 2498], [776, 2708], [635, 2708]], '넷', 0.029913161039534453), ([[1832, 2636], [1934, 2636], [1934, 2681], [1832, 2681]], '렌지의', 0.9372836577224685), ([[1834, 2687], [1903, 2687], [1903, 2726], [1834, 2726]], '자지', 0.9999844057016644), ([[131, 2700], [240, 2700], [240, 2750], [131, 2750]], '질안에', 0.8197579276407276), ([[134, 2743], [240, 2743], [240, 2796], [134, 2796]], '잔프옥', 0.18919376963353512), ([[1759, 2746], [1833, 2746], [1833, 2794], [1759, 2794]], '[기분', 0.8952294721549708), ([[1760, 2792], [1867, 2792], [1867, 2842], [1760, 2842]], '좋아앗', 0.8382422518704395), ([[295.11633632541015, 62.12623410967568], [738.131566256528, -36.50927608802196], [775.8836636745898, 241.8737658903243], [332.86843374347194, 341.509276088022]], '다운', 0.017119551039406704), ([[1165.0609181285322, 170.13964034958747], [1614.2080270478496, 70.44793245081446], [1649.9390818714678, 336.86035965041253], [1200.7919729521504, 436.55206754918555]], '다표', 0.259068216263379), ([[1676.1426837946271, 1063.1411063257353], [2067.234197183658, 976.2488261117085], [2100.8573162053726, 1221.8588936742647], [1709.7658028163419, 1308.7511738882915]], '구출', 0.011932762908958481), ([[878.5511507761007, 1460.103579157989], [1271.0375759060855, 1390.1493966095638], [1294.4488492238993, 1635.896420842011], [901.9624240939146, 1705.8506033904362]], '다_', 0.003166842092636524), ([[176.106499836913, 2039.0234969013472], [302.8777545522778, 2026.4534089807887], [319.89350016308697, 2262.9765030986528], [193.12224544772218, 2274.5465910192115]], '7', 0.3109090096996283), ([[476.2275576802052, 2779.0229690274473], [576.1858555480487, 2765.692335179618], [600.7724423197948, 2972.9770309725527], [500.8141444519513, 2987.307664820382]], '표', 0.04202700930851311)]
[([[112, 241], [224, 241], [224, 351], [112, 351]], '7', 0.3639182894494617), ([[1794, 196], [1915, 196], [1915, 396], [1794, 396]], '외', 0.036034135335196504), ([[1947, 1063], [2016, 1063], [2016, 1106], [1947, 1106]], '렌지', 0.9099811153864833), ([[1944, 1107], [2016, 1107], [2016, 1149], [1944, 1149]], '이이', 0.9995240266772932), ([[1943, 1153], [2017, 1153], [2017, 1201], [1943, 1201]], '이앗', 0.19034864091901232), ([[1691, 1351], [1791, 1351], [1791, 1568], [1691, 1568]], '댐', 0.0237486565006515), ([[1680, 1786], [1879, 1786], [1879, 2057], [1680, 2057]], '닭', 0.01412593532185863), ([[1141, 2139], [1244, 2139], [1244, 2187], [1141, 2187]], '렌지의', 0.7628124294137796), ([[94, 2182], [126, 2182], [126, 2223], [94, 2223]], '응', 0.9939881592326607), ([[568, 2200], [635, 2200], [635, 2241], [568, 2241]], '스녀', 0.16999588772933424), ([[1151, 2185], [1225, 2185], [1225, 2235], [1151, 2235]], '정액', 0.9994244068739301), ([[1767, 2213], [1881, 2213], [1881, 2261], [1767, 2261]], '앗 아직', 0.5650421120909337), ([[25, 2244], [89, 2244], [89, 2288], [25, 2288]], '그런', 0.9152485101285228), ([[564, 2240], [673, 2240], [673, 2297], [564, 2297]], '들어와 ', 0.596626877784729), ([[1154, 2235], [1235, 2235], [1235, 2278], [1154, 2278]], '좀더', 0.9383122264834938), ([[1765, 2257], [1869, 2257], [1869, 2307], [1765, 2307]], '뽑으면', 0.956315876774924), ([[1139, 2278], [1246, 2278], [1246, 2326], [1139, 2326]], '내안에', 0.9990590768806777), ([[1780, 2307], [1852, 2307], [1852, 2351], [1780, 2351]], '안돼', 0.6791315260033906), ([[1144, 2325], [1276, 2325], [1276, 2373], [1144, 2373]], '스며들게', 0.7180300951004028), ([[14, 2282], [98, 2282], [98, 2474], [14, 2474]], '탑', 0.09284117410877091), ([[92, 2384], [108, 2384], [108, 2405], [92, 2405]], '0', 0.9969929446952506), ([[1140, 2373], [1278, 2373], [1278, 2417], [1140, 2417]], '하고싶어', 0.9970171451568604), ([[97.68032205582587, 135.06715614709356], [284.5967581520631, -31.733554371430486], [347.31967794417415, 62.93284385290646], [159.40324184793693, 230.7335543714305]], '요>', 0.026045009693291047), ([[1007.7894562468896, 256.07354122449476], [1082.6185108605528, 232.34891711396244], [1117.2105437531104, 357.92645877550524], [1042.3814891394472, 380.65108288603756]], '욕', 0.17161040930421567), ([[785.5439298299603, 553.0040003077396], [973.3655702013053, 613.0262246510373], [794.4560701700397, 1174.9959996922603], [605.6344297986947, 1114.9737753489628]], '툼', 0.0003783841460531928), ([[172.12637827116546, 1523.0084809650207], [587.9808316907336, 1815.686691045526], [364.87362172883456, 2127.9915190349793], [-49.98083169073354, 1834.313308954474]], '"', 0.16724673347163677), ([[158.17800506347322, 2516.0680303808394], [198.91370163889889, 2511.380720181968], [205.82199493652678, 2585.9319696191606], [166.08629836110111, 2590.619279818032]], '#', 0.056924805114655364), ([[690.5790763218342, 2556.012666942448], [743.3659908714052, 2543.0095743561606], [786.4209236781658, 2735.987333057552], [733.6340091285948, 2747.9904256438394]], "'", 0.1633933702271941)]
[([[1822, 203], [1978, 203], [1978, 246], [1822, 246]], '원가 , 더욱', 0.9466844420143442), ([[1819, 244], [2003, 244], [2003, 292], [1819, 292]], '나랑 렌지가', 0.8306578030184211), ([[1850, 294], [1955, 294], [1955, 335], [1850, 335]], '하나가', 0.9999830689424114), ([[1819, 333], [2012, 333], [2012, 385], [1819, 385]], '되는 것 같은', 0.5964383723489092), ([[1823, 379], [2000, 379], [2000, 430], [1823, 430]], '느낌이 들어', 0.9973665669400013), ([[1465, 616], [1494, 616], [1494, 655], [1465, 655]], '0', 0.4261628901133463), ([[1947, 1321], [1985, 1321], [1985, 1362], [1947, 1362]], '앗', 0.45764534487134156), ([[1839, 1400], [1908, 1400], [1908, 1442], [1839, 1442]], '자지', 0.9999534701963105), ([[1824, 1444], [1951, 1444], [1951, 1492], [1824, 1492]], '저버로다', 0.20634129643440247), ([[179, 1931], [272, 1931], [272, 1983], [179, 1983]], '3회클', 0.14721930417218707), ([[741, 1922], [852, 1922], [852, 1970], [741, 1970]], '으,으용', 0.7656369209289551), ([[1583, 1930], [1622, 1930], [1622, 1971], [1583, 1971]], '옛', 0.9947399113453379), ([[1942, 1947], [1981, 1947], [1981, 1985], [1942, 1985]], '더', 0.9998831783082665), ([[167, 1978], [287, 1978], [287, 2026], [167, 2026]], '채올 때', 0.7978218066997688), ([[736, 1964], [843, 1964], [843, 2014], [736, 2014]], '말햇어', 0.3593133554393218), ([[913, 1972], [980, 1972], [980, 2013], [913, 2013]], '3회!', 0.9889219791091395), ([[1301, 1957], [1407, 1957], [1407, 2007], [1301, 2007]], '젊음올', 0.9937429481962337), ([[1916, 1991], [2049, 1991], [2049, 2032], [1916, 2032]], '해도 돼규', 0.2872567086546719), ([[193, 2026], [265, 2026], [265, 2067], [193, 2067]], '까지', 0.9982884243443084), ([[910, 2016], [1061, 2016], [1061, 2066], [910, 2066]], '말햇켓다]', 0.10895934851599234), ([[1506, 1998], [1617, 1998], [1617, 2051], [1506, 2051]], '렌지야', 0.9852280194531842), ([[175, 2071], [305, 2071], [305, 2114], [175, 2114]], '그만두지', 0.9942392110824585), ([[1213, 2066], [1301, 2066], [1301, 2110], [1213, 2110]], '3회논', 0.6196609713450166), ([[1513, 2050], [1580, 2050], [1580, 2093], [1513, 2093]], '말로', 0.9997557256054171), ([[1513, 2094], [1580, 2094], [1580, 2135], [1513, 2135]], '무리', 0.9999996628252286), ([[169, 2112], [308, 2112], [308, 2162], [169, 2162]], '암울거앗', 0.16689904034137726), ([[1215, 2111], [1317, 2111], [1317, 2154], [1215, 2154]], '거문해', 0.8844799726039497), ([[1511, 2139], [1613, 2139], [1613, 2182], [1511, 2182]], '하느거', 0.9525835226050701), ([[1511, 2183], [1601, 2183], [1601, 2224], [1511, 2224]], '아냐?', 0.9967812437260694), ([[157, 2393], [231, 2393], [231, 2446], [157, 2446]], '우옷', 0.9986634480177404), ([[115, 2473], [184, 2473], [184, 2521], [115, 2521]], '우옷', 0.9990879797639243), ([[281, 2484], [318, 2484], [318, 2516], [281, 2516]], '새', 0.20626577659090017), ([[231, 2844], [336, 2844], [336, 2968], [231, 2968]], '떠', 0.005069955393119052), ([[1774.91756870516, 1571.0266447147471], [2023.4264871994758, 1634.8294051202097], [1971.08243129484, 1817.9733552852529], [1722.5735128005242, 1755.1705948797903]], '너7?', 0.06505292558963766), ([[341.30294372515226, 1906.120606076066], [408.65834764594644, 1850.0180728437751], [518.6970562748477, 1999.879393923934], [451.34165235405356, 2055.9819271562246]], '중', 0.018275545123236592), ([[1211.9578792406196, 2017.8283947090533], [1405.5665604308426, 1993.7609365864766], [1410.0421207593804, 2045.1716052909467], [1215.4334395691574, 2070.239063413523]], '앞으로압보지', 0.17168159543536546), ([[669.7437825857835, 2564.0659345649433], [747.6307059974731, 2516.0165860480097], [837.2562174142165, 2682.9340654350567], [759.3692940025269, 2729.9834139519903]], '흉', 0.07385622798160885)]
[([[664, 202], [748, 202], [748, 282], [664, 282]], '매', 0.9040790162844701), ([[1689, 217], [1845, 217], [1845, 258], [1689, 258]], '알리로가 내', 0.822738294424322), ([[1689, 254], [1830, 254], [1830, 306], [1689, 306]], '[채액으로', 0.9143498693217501), ([[1693, 306], [1798, 306], [1798, 349], [1693, 349]], '느끼게', 0.9926085060819602), ([[1686, 350], [1766, 350], [1766, 404], [1686, 404]], '되면', 0.9948050630261163), ([[1828, 1075], [1912, 1075], [1912, 1164], [1828, 1164]], '매', 0.8442466655142198), ([[280, 1691], [352, 1691], [352, 1730], [280, 1730]], '나도', 0.9999827198358404), ([[1574, 1472], [1726, 1472], [1726, 1724], [1574, 1724]], '7"', 0.006181043308512555), ([[263, 1737], [374, 1737], [374, 1785], [263, 1785]], '이녀석', 0.9999041954974118), ([[270, 1787], [406, 1787], [406, 1832], [270, 1832]], '으로부터', 0.9995691180229187), ([[265, 1835], [371, 1835], [371, 1886], [265, 1886]], '맘은걸', 0.8832568306847919), ([[271, 1888], [373, 1888], [373, 1929], [271, 1929]], '느끼게', 0.9957001963903978), ([[265, 1934], [386, 1934], [386, 1984], [265, 1984]], '되는 것', 0.9130454158631479), ([[277, 1983], [355, 1983], [355, 2031], [277, 2031]], '같아', 0.9968161962891081), ([[1657, 2328], [1780, 2328], [1780, 2378], [1657, 2378]], '다음 주', 0.9836226094662873), ([[1660, 2377], [1799, 2377], [1799, 2427], [1660, 2427]], '휴일에는', 0.4836801307506391), ([[1659, 2425], [1799, 2425], [1799, 2477], [1659, 2477]], '정수기의', 0.9997780919075012), ([[1657, 2475], [1813, 2475], [1813, 2523], [1657, 2523]], '사전 조사', 0.8790992424317102), ([[1660, 2524], [1813, 2524], [1813, 2575], [1660, 2575]], '라도 갈까', 0.9959005437383304)]
[([[215, 414], [469, 414], [469, 567], [215, 567]], '후기', 0.9999773250707977), ([[203, 794], [1903, 794], [1903, 965], [203, 965]], '네네마루가 가장 잘그리논건', 0.8384104734486622), ([[206, 982], [1243, 982], [1243, 1157], [206, 1157]], '역시 해양 인외조', 0.6661330548711029), ([[207, 1175], [923, 1175], [923, 1352], [207, 1352]], '나도 별달린', 0.49639267528957426), ([[968, 1176], [1649, 1176], [1649, 1347], [968, 1347]], '여자라던가', 0.8662076569902158), ([[85, 1367], [615, 1367], [615, 1543], [85, 1543]], '매끈매끈', 0.7321904301643372), ([[661, 1366], [1603, 1366], [1603, 1542], [661, 1542]], '꼬리달린여자랑', 0.9850806668572983), ([[208, 1560], [1603, 1560], [1603, 1732], [208, 1732]], "'비켜화 시켜블 게 있어", 0.5250302587809593), ([[203, 1753], [1181, 1753], [1181, 1924], [203, 1924]], '해보고싶습니다.', 0.8458259210061778), ([[211, 2145], [775, 2145], [775, 2277], [211, 2277]], '-내내)-', 0.0031355658721239368), ([[1676, 2776], [1924, 2776], [1924, 2821], [1676, 2821]], '@<물서=서핸<어값', 1.2362045732746838e-05), ([[1574, 2814], [1924, 2814], [1924, 2855], [1574, 2855]], "'7아@서 튜서의;~핸 <어값", 2.315426663218234e-06), ([[1731, 2847], [1927, 2847], [1927, 2892], [1731, 2892]], '*#  철워', 0.0058097303863442985)]
[]
[]
