872863
13
[([[334, 124], [676, 124], [676, 152], [334, 152]], '어느곳에 두 마리의 리오르가있엇습니다 .', 0.4258988318022265), ([[336, 152], [632, 152], [632, 178], [336, 178]], '두 마리논 매우 사이가 좋아습니다  ', 0.4017534791380817), ([[2, 708], [262, 708], [262, 736], [2, 736]], '한 마리논 숙속 성장쾌습니다만', 0.4676906145030852), ([[2, 734], [276, 734], [276, 760], [2, 760]], '다른 한마리논 그대로 엿습니다 .', 0.44266224015166983), ([[640, 760], [680, 760], [680, 784], [640, 784]], '번역', 0.99983579982693), ([[640, 784], [698, 784], [698, 808], [640, 808]], '-들시)', 0.001950732315890491)]
[([[467, 101], [515, 101], [515, 121], [467, 121]], '저기-', 0.9999822430381455), ([[392, 126], [432, 126], [432, 152], [392, 152]], '놀자', 0.7427879279443945), ([[424, 430], [478, 430], [478, 456], [424, 456]], '놀자구', 0.9923842236854695), ([[424, 456], [478, 456], [478, 482], [424, 482]], '00군', 0.9693579595392999)]
[([[388, 168], [460, 168], [460, 194], [388, 194]], '알앞다구', 0.6107416152954102), ([[115, 217], [165, 217], [165, 237], [115, 237]], '와~아', 0.8625191034752928), ([[185, 255], [239, 255], [239, 275], [185, 275]], '뭐하고', 0.9995394338627608), ([[186, 278], [252, 278], [252, 302], [186, 302]], '늘거야?', 0.46347060799598694), ([[34, 674], [72, 674], [72, 700], [34, 700]], '으웃;', 0.7162891931290213), ([[243.3859944401545, 377.0965827644789], [258.47391236038203, 372.0569593224337], [271.6140055598455, 411.9034172355211], [256.52608763961797, 416.9430406775663]], '{', 0.8041254514864704)]
[([[509, 79], [557, 79], [557, 99], [509, 99]], '00군?', 0.9616313576698303), ([[182, 86], [330, 86], [330, 112], [182, 112]], '네가 진화할 때까지', 0.8225449708990792), ([[194, 112], [290, 112], [290, 138], [194, 138]], '손대지 암을', 0.5329557917305744), ([[194, 137], [318, 137], [318, 161], [194, 161]], '생각이엿논데 ..', 0.15611153671998135), ([[36, 196], [76, 196], [76, 220], [36, 220]], '이젠', 0.8755126650231084), ([[36, 220], [110, 220], [110, 244], [36, 244]], '기다리기', 0.9999034404754639), ([[36, 244], [92, 244], [92, 270], [36, 270]], '지청어', 0.1795155281163701), ([[74, 610], [182, 610], [182, 636], [74, 636]], '"네가 정신올', 0.6979759587255224), ([[72, 636], [162, 636], [162, 662], [72, 662]], '잎고있어서', 0.7721108403832825), ([[74, 662], [222, 662], [222, 686], [74, 686]], '그만두고 있없지만.', 0.3487175419956935)]
[([[455, 147], [491, 147], [491, 167], [455, 167]], '나도', 0.9999976397772992), ([[452, 170], [556, 170], [556, 196], [452, 196]], '처음이니까.', 0.7078454299766321), ([[318, 182], [374, 182], [374, 206], [318, 206]], '조금만', 0.9835163354873657), ([[318, 206], [416, 206], [416, 232], [318, 232]], '참아쥐 00', 0.9532574752052511), ([[96, 544], [140, 544], [140, 572], [96, 572]], '가앗', 0.6263104643661096), ([[96, 578], [140, 578], [140, 604], [96, 604]], '아핏', 0.10544011212396275)]
[([[148, 446], [212, 446], [212, 502], [148, 502]], '게', 0.05254124272931393)]
[([[68, 132], [116, 132], [116, 158], [68, 158]], '하악', 0.9979339128327215), ([[397, 112], [485, 112], [485, 167], [397, 167]], "'3익", 0.6099730260581977), ([[116, 168], [164, 168], [164, 194], [116, 194]], '하악', 0.9995670107392901)]
[([[471, 97], [515, 97], [515, 117], [471, 117]], '저가', 0.8647858354116472), ([[392, 122], [434, 122], [434, 148], [392, 148]], '놀자', 0.9969550696627155), ([[254, 448], [308, 448], [308, 474], [254, 474]], '놈자구', 0.6144965510103503), ([[254, 474], [308, 474], [308, 498], [254, 498]], '00군', 0.9832024708953268), ([[116, 506], [188, 506], [188, 530], [116, 530]], '알있다구', 0.25866007804870605), ([[219, 621], [265, 621], [265, 641], [219, 641]], '와아-', 0.9974064861695608), ([[54, 636], [124, 636], [124, 662], [54, 662]], '상량우랑', 0.20410004258155823), ([[216, 644], [272, 644], [272, 668], [216, 668]], '뭐하고', 0.9993488702062844), ([[49, 659], [124, 659], [124, 687], [49, 687]], '하눈일은', 0.6544961310358194), ([[218, 670], [282, 670], [282, 694], [218, 694]], '논거야?', 0.4321291446685791), ([[50, 686], [124, 686], [124, 710], [50, 710]], '하나밖에', 0.9793326258659363), ([[52, 712], [132, 712], [132, 736], [52, 736]], '없잡아  ?', 0.4247151840953022), ([[36, 778], [86, 778], [86, 804], [36, 804]], '장꼴)', 0.0009936179313753148)]
[([[331, 122], [441, 122], [441, 148], [331, 148]], '할말이라는게', 0.8684104151002957), ([[351, 149], [397, 149], [397, 169], [351, 169]], '뭐야?', 0.9914615882796675), ([[377, 177], [411, 177], [411, 195], [377, 195]], '0', 0.899432865040243), ([[267, 443], [287, 443], [287, 465], [267, 465]], '응', 0.9990763413908468), ([[264, 466], [336, 466], [336, 492], [264, 492]], '사실 은', 0.9857037471725407), ([[63, 491], [101, 491], [101, 511], [63, 511]], '아기', 0.9988966052992266), ([[282, 492], [320, 492], [320, 516], [282, 516]], '0군', 0.7744425600080627), ([[62, 514], [124, 514], [124, 540], [62, 540]], '생긴 것', 0.8988766074180603), ([[62, 540], [132, 540], [132, 564], [62, 564]], '감  아 ,', 0.4544846288637381)]
[([[115, 135], [167, 135], [167, 179], [115, 179]], '17', 0.45140807951487255), ([[508, 662], [610, 662], [610, 686], [508, 686]], '아; 아기라니', 0.9632290855782805), ([[510, 688], [570, 688], [570, 712], [510, 712]], '너말야', 0.9995781803371129), ([[508, 712], [604, 712], [604, 738], [508, 738]], '아직 진화도', 0.974528031149167), ([[508, 738], [584, 738], [584, 762], [508, 762]], '안팎잡아', 0.4849758744239807)]
[([[510, 58], [582, 58], [582, 84], [510, 84]], '00군이', 0.6373692154884338), ([[509, 85], [587, 85], [587, 105], [509, 105]], '내 보지에', 0.9366093056536886), ([[508, 108], [588, 108], [588, 134], [508, 134]], '잔뜩 정액', 0.8685316300600038), ([[508, 134], [582, 134], [582, 158], [508, 158]], '삶으면서', 0.5354183316230774), ([[510, 158], [580, 158], [580, 182], [510, 182]], '너무해 .', 0.5548909186172456), ([[89, 723], [129, 723], [129, 743], [89, 743]], '내가', 0.9994308964003136), ([[88, 748], [144, 748], [144, 772], [88, 772]], '나빠어', 0.8516814974380101), ([[190, 756], [230, 756], [230, 780], [190, 780]], '미안', 0.9996582904546912), ([[93, 777], [127, 777], [127, 793], [93, 793]], '00', 0.7897423541469287), ([[544, 768], [582, 768], [582, 794], [544, 794]], '1', 0.19171846713652485)]
[([[260, 92], [337, 92], [337, 128], [260, 128]], '사랑해', 0.999691461592071), ([[287, 133], [309, 133], [309, 153], [287, 153]], '0', 0.9981277415925014), ([[184, 412], [272, 412], [272, 438], [184, 438]], '00구 운', 0.9823420950139348)]
[([[62, 56], [156, 56], [156, 82], [62, 82]], '라곤해도 ,', 0.47644757904269985), ([[64, 82], [142, 82], [142, 110], [64, 110]], '당분간은', 0.9994361400604248), ([[62, 108], [163, 108], [163, 134], [62, 134]], '하느거 맘껏', 0.8467904935288989), ([[64, 132], [206, 132], [206, 160], [64, 160]], '할 수 있올거갈네', 0.47840732201808883), ([[67, 163], [103, 163], [103, 181], [67, 181]], '00', 0.6413455923981269), ([[43, 263], [111, 263], [111, 357], [43, 357]], '14', 0.15482461170353531)]
