875687
33
[([[124, 12], [438, 12], [438, 68], [124, 68]], '@0/ 름무 ((궁.', 0.009098770076058605)]
[([[201, 123], [385, 123], [385, 209], [201, 209]], '[도그', 0.9872446444779811), ([[219, 221], [371, 221], [371, 305], [219, 305]], '러브', 0.7595997107958172), ([[163, 317], [425, 317], [425, 403], [163, 403]], '라이프]', 0.9942697286605835), ([[466, 630], [514, 630], [514, 660], [466, 660]], '터리', 0.03706491786822611), ([[458, 722], [534, 722], [534, 746], [458, 746]], '사.미17', 0.0764141453205892), ([[416, 796], [560, 796], [560, 826], [416, 826]], '드리 / [미잠', 0.0013990811913017734)]
[([[304, 24], [722, 24], [722, 100], [304, 100]], '@0/ @무 ([궁.', 0.001835629683097427), ([[576, 476], [752, 476], [752, 502], [576, 502]], '6! 하/ 39,6', 0.011623612662404805)]
[([[40, 30], [300, 30], [300, 56], [40, 56]], "이 아이의 이름은 '러브] 나의 애견", 0.813853689825636), ([[38, 50], [222, 50], [222, 81], [38, 81]], '강아지 때부터 키싶으니', 0.5806802609240318), ([[40, 78], [222, 78], [222, 106], [40, 106]], '이제는 가족과 다름없다', 0.7889661248917981), ([[548, 240], [698, 240], [698, 268], [548, 268]], "'러브! 산책 갈까? _", 0.8386262971760864), ([[546, 264], [592, 264], [592, 292], [546, 292]], "'왕!]", 0.5335401296615601), ([[548, 288], [702, 288], [702, 316], [548, 316]], '좋아좋아 , 기쁨 듯이', 0.7795226441882755), ([[550, 312], [680, 312], [680, 342], [550, 342]], '꼬리블 흔들없다.', 0.3861954285195125), ([[550, 336], [714, 336], [714, 366], [550, 366]], '오늘은 어디로 가불까', 0.5580667450709318)]
[([[96, 54], [156, 54], [156, 82], [96, 82]], "'왕왕!_", 0.5833032107933581), ([[94, 78], [368, 78], [368, 108], [94, 108]], "'아, 잠깐, 러브? 어디로 가능 거야]", 0.4795243359843105), ([[96, 111], [280, 111], [280, 144], [96, 144]], '억지로 질질 골고오다니 .', 0.8587702447649135), ([[96, 138], [388, 138], [388, 168], [96, 168]], '평소엔 온순한 아이인데 , 어쩐 일이야?', 0.7115785973815334)]
[([[317, 63], [534, 63], [534, 92], [317, 92]], '5어머나. 이래서 그랫구나!', 0.2520613118503565), ([[320, 112], [570, 112], [570, 140], [320, 140]], '러브가 흥미름 가지 수 밖에 없네', 0.5495493357331696), ([[320, 138], [432, 138], [432, 166], [320, 166]], '그나저나 정말', 0.9992553189064501), ([[468, 138], [526, 138], [526, 164], [468, 164]], '종구나.', 0.3997396230697632), ([[428.88582797093767, 133.21456992734423], [469.72387815350135, 138.74282546761475], [466.11417202906233, 163.78543007265577], [425.27612184649865, 159.25717453238525]], '기세', 0.9989414353424017)]
[([[104, 6], [204, 6], [204, 56], [104, 56]], '와락!', 0.9296416884951584), ([[342, 42], [444, 42], [444, 70], [342, 70]], "'아, 러브]?,", 0.24727350943233717), ([[644, 58], [716, 58], [716, 84], [644, 84]], '갑작스레', 0.9965020418167114), ([[644, 82], [756, 82], [756, 108], [644, 108]], '달려들어 얇다', 0.37609503655583915), ([[644, 130], [700, 130], [700, 156], [644, 156]], '아이참', 0.9873747771492155), ([[646, 154], [738, 154], [738, 180], [646, 180]], '오늘은 대체', 0.6361466509176615), ([[644, 178], [762, 178], [762, 204], [644, 204]], '왜 이러는 거야', 0.6257295110999689), ([[646, 226], [754, 226], [754, 252], [646, 252]], '그렇게 허리틀', 0.2880961015456766), ([[646, 250], [772, 250], [772, 276], [646, 276]], '들썩들썩 흔들고', 0.9700999448388473), ([[646, 298], [736, 298], [736, 324], [646, 324]], '쓰러저 버질', 0.37684152394144244), ([[644, 322], [726, 322], [726, 350], [644, 350]], '뻔 햇잡아.', 0.6034433280391284)]
[([[29, 7], [180, 7], [180, 76], [29, 76]], "'러브!]", 0.4828562398018762), ([[316, 44], [716, 44], [716, 72], [316, 72]], '정말이지 화내버리면, 곧바로 항복 포즈 . 라니까 정말.', 0.6497654681561018), ([[316, 68], [418, 68], [418, 92], [316, 92]], '어라 . 저거?', 0.8821938707149227), ([[510, 376], [592, 376], [592, 402], [510, 402]], '저거 혹시.', 0.9341728917772819), ([[512, 400], [560, 400], [560, 424], [512, 424]], '고추?', 0.8116562545129928), ([[510, 424], [702, 424], [702, 452], [510, 452]], '아하하. 방금 전에 그결로', 0.46995035154909154), ([[510, 448], [670, 448], [670, 476], [510, 476]], '흥분해서 그런 거야?', 0.916244273655224)]
[([[44, 32], [192, 32], [192, 58], [44, 58]], '이게 개의 자지인가', 0.9728321167523435), ([[44, 56], [124, 56], [124, 86], [44, 86]], '처음 밟어 .', 0.672619552111187), ([[62, 101], [284, 101], [284, 131], [62, 131]], '혹시 인간보다 긴 거 아난가?', 0.6828701776297609), ([[44, 128], [122, 128], [122, 154], [44, 154]], '국기도 꽤', 0.9925595438295666), ([[44, 152], [172, 152], [172, 180], [44, 180]], '이상한 모양이야.', 0.7759680772959104), ([[44, 176], [100, 176], [100, 202], [44, 202]], '하지만', 0.9998663420458214), ([[44, 200], [302, 200], [302, 228], [44, 228]], '이것이 러브의 것이라고 생각하니.', 0.5387162529925699), ([[44, 224], [140, 224], [140, 250], [44, 250]], '언지 귀엽네 .', 0.3090261264584284), ([[564, 236], [604, 236], [604, 260], [564, 260]], '그래 .', 0.9867658615112305), ([[564, 260], [704, 260], [704, 288], [564, 288]], '러브도 남자아이지', 0.991456912609727), ([[560, 283], [718, 283], [718, 312], [560, 312]], '애인, 필요 한 거야?', 0.8318102905876964), ([[560, 331], [670, 331], [670, 361], [560, 361]], '하지만 .. 러브', 0.6202025172619222), ([[564, 356], [782, 356], [782, 386], [564, 386]], '다른 암컷에게 발정하지 양고', 0.6572956624199507), ([[564, 380], [738, 380], [738, 408], [564, 408]], '나에게 달려드는 거야?', 0.8390362874289302), ([[562, 426], [694, 426], [694, 456], [562, 456]], '러브는 개이지만.', 0.5712198965514743), ([[564, 452], [672, 452], [672, 480], [564, 480]], '조금 기쁨지도', 0.850134931762052)]
[([[35, 21], [132, 21], [132, 50], [35, 50]], '암전히 있어,', 0.6744780327513521), ([[356, 36], [400, 36], [400, 60], [356, 60]], '우와 .', 0.9755360572952148), ([[412, 36], [490, 36], [490, 66], [412, 66]], '개의 것은', 0.9877003712708634), ([[541, 31], [581, 31], [581, 51], [541, 51]], '와 ', 0.9548387391750746), ([[38, 46], [180, 46], [180, 74], [38, 74]], '기분 중계 해줄게 )', 0.3910114791068658), ([[354, 60], [466, 60], [466, 90], [354, 90]], '굉장히 뜨겁네', 0.9872500126924009), ([[71, 133], [149, 133], [149, 201], [71, 201]], '향 향', 0.15295170256793805), ([[60, 320], [192, 320], [192, 346], [60, 346]], '괜지 나도 이상한', 0.2767133347046992), ([[60, 344], [222, 344], [222, 370], [60, 370]], '기분이 되어 버럿어..', 0.6158572098906313), ([[726, 356], [768, 356], [768, 388], [726, 388]], '찌망', 0.21498886856680688), ([[232, 394], [328, 394], [328, 418], [232, 418]], '그러고 보니', 0.9208437224986926), ([[232, 418], [414, 418], [414, 444], [232, 444]], '색스해본지 오래 되없지', 0.34752626491960215), ([[526, 454], [678, 454], [678, 482], [526, 482]], '이_자지 맛있어보여 .', 0.7111560750356237), ([[444.44377642240653, 200.05201503875458], [468.5160030704406, 195.0447096874764], [479.55622357759347, 258.9479849612454], [456.4839969295594, 263.95529031252363]], '옷', 0.2226642549445268), ([[529.4334578190496, 241.05398065905806], [553.6926318774038, 238.0810513737984], [563.5665421809504, 298.9460193409419], [538.3073681225962, 302.9189486262016]], '옷', 0.09187285581083415)]
[([[56, 30], [92, 30], [92, 56], [56, 56]], '으분', 0.26043542640474665), ([[252, 36], [276, 36], [276, 82], [252, 82]], '후', 0.9995400242582129), ([[618, 30], [642, 30], [642, 76], [618, 76]], '후', 0.9990397613793824), ([[264, 80], [288, 80], [288, 108], [264, 108]], '으', 0.9798418142620449), ([[633, 75], [653, 75], [653, 101], [633, 101]], '으', 0.979599217885152), ([[56, 102], [92, 102], [92, 128], [56, 128]], '으습', 0.14904036598744683), ([[277, 103], [293, 103], [293, 133], [277, 133]], '음', 0.8150186095704761), ([[643, 99], [659, 99], [659, 129], [643, 129]], '응', 0.6414825050224273), ([[54, 126], [188, 126], [188, 152], [54, 152]], '딴만하고 , 뜨겁고', 0.2832761919174151), ([[52, 148], [244, 148], [244, 180], [52, 180]], '목구멍 끝까지 당고 있어', 0.8980207720692607), ([[529, 221], [545, 221], [545, 251], [529, 251]], '음', 0.7781371899505416), ([[56, 294], [94, 294], [94, 318], [56, 318]], '후아', 0.6478387248293208), ([[106, 294], [176, 294], [176, 320], [106, 320]], '오랜만의', 0.9997910857200623), ([[54, 318], [176, 318], [176, 346], [54, 346]], '생자지 마씻어 ^', 0.2293908740392024), ([[612, 404], [750, 404], [750, 430], [612, 430]], '러브 ,, 기분 좋아?', 0.5311331716689409), ([[526, 432], [556, 432], [556, 486], [526, 486]], '움', 0.09051061728906351), ([[530.613467930429, 334.01871968341925], [567.0749097644451, 341.5802413141553], [544.386532069571, 444.98128031658075], [508.9250902355549, 437.4197586858447]], '총', 0.07211142401161741), ([[276.5137993254474, 357.01973170300323], [321.62593646588203, 347.03273902525797], [351.4862006745526, 491.98026829699677], [305.37406353411797, 501.96726097474203]], '출', 0.03346879601575403)]
[([[50, 32], [202, 32], [202, 60], [50, 60]], '5_하아아앗 , 굉장해', 0.3661782035303436), ([[52, 80], [288, 80], [288, 106], [52, 106]], '러브의 허가 사이로 파고들어서 ,', 0.61472728324075), ([[718, 40], [750, 40], [750, 113], [718, 113]], '운', 0.11669149719182315), ([[52, 104], [240, 104], [240, 132], [52, 132]], '깊숙한 곳까지 당고 있어 .', 0.651474374350117), ([[52, 128], [210, 128], [210, 154], [52, 154]], '얼만 금이나 긴 거야.', 0.5778651458091684), ([[716, 156], [740, 156], [740, 186], [716, 186]], '0', 0.99916844972768), ([[399, 219], [417, 219], [417, 253], [399, 253]], '응', 0.9306520384236592), ([[732, 160], [764, 160], [764, 248], [732, 248]], '뜻', 0.36811244988372493), ([[403, 253], [431, 253], [431, 273], [403, 273]], '7지', 0.6760876761582189), ([[470, 386], [674, 386], [674, 412], [470, 412]], '앗, 안 대, 그렇게 질척하게', 0.2649093395966841), ([[468, 410], [580, 410], [580, 436], [468, 436]], '할으면 가버려,', 0.6720851715604051), ([[468, 434], [530, 434], [530, 458], [468, 458]], '가버려 .', 0.906980290790395), ([[542, 436], [572, 436], [572, 460], [542, 460]], '엇!', 0.7139496577808515), ([[468, 482], [582, 482], [582, 508], [468, 508]], '앗, 아앗, 러브', 0.517831949406588), ([[597, 485], [613, 485], [613, 509], [597, 509]], '옷', 0.8739504983408466), ([[416.4647122724278, 272.07296418074014], [433.4162152889297, 267.04378814203034], [447.5352877275722, 311.92703581925986], [431.5837847110703, 317.95621185796966]], '릇', 0.17804628976300396)]
[([[34, 34], [74, 34], [74, 60], [34, 60]], '멋저', 0.9192633269673304), ([[98, 34], [178, 34], [178, 58], [98, 58]], '개의 허리.', 0.6621046653910483), ([[34, 82], [144, 82], [144, 108], [34, 108]], '엄청나게 빨라', 0.7460666705449632), ([[156, 82], [186, 82], [186, 108], [156, 108]], '앗!', 0.3145034690700315), ([[34, 106], [150, 106], [150, 132], [34, 132]], '이렇게 격한 거', 0.5669039151232873), ([[34, 130], [202, 130], [202, 156], [34, 156]], '인간 따원 무리.. 이앗', 0.7212206470579102), ([[294, 212], [318, 212], [318, 260], [294, 260]], '주', 0.6091734497031212), ([[316, 234], [348, 234], [348, 260], [316, 260]], '파', 0.9695857753398549), ([[292, 268], [340, 268], [340, 320], [292, 320]], '추피', 0.18048613191256926), ([[519, 365], [539, 365], [539, 389], [519, 389]], '2', 0.5825424545400928), ([[572, 362], [736, 362], [736, 390], [572, 390]], '머리끝까지 굉쟁 울려', 0.12080941666721544), ([[572, 386], [730, 386], [730, 414], [572, 414]], '머리가 이상해저버려', 0.7725596580258339), ([[572, 434], [628, 434], [628, 460], [572, 460]], '아아앗', 0.4816662511028693), ([[634, 434], [696, 434], [696, 460], [634, 460]], '또 간다 .', 0.8008942810493571), ([[572, 458], [672, 458], [672, 484], [572, 484]], '또 가버려엇!', 0.9396165391394398), ([[598.04883161671, -37.971702436078296], [719.7133382684166, 5.285792998251404], [575.95116838329, 396.9717024360783], [454.28666173158337, 352.7142070017486]], '{', 0.2584425235506984), ([[133.47823744397186, 208.01703289276932], [193.74401411194475, 194.03467244859152], [235.52176255602814, 376.9829671072307], [175.25598588805525, 391.9653275514085]], '("', 0.7689391142783341)]
[([[46, 20], [156, 20], [156, 70], [46, 70]], '-울럭,', 0.38570311665534973), ([[170, 20], [274, 20], [274, 70], [170, 70]], '울럭!!', 0.5394288301467896), ([[143, 99], [189, 99], [189, 139], [143, 139]], '+', 0.006890997046460123), ([[191, 113], [231, 113], [231, 129], [191, 129]], ' (', 0.8039401632178789), ([[105, 428], [438, 428], [438, 516], [105, 516]], "'흐아아아이앗-", 0.527286081430572)]
[([[26, 82], [166, 82], [166, 106], [26, 106]], '아..이거 뭐야.. ?', 0.4698154621602885), ([[574, 34], [604, 34], [604, 96], [574, 96]], '"', 0.045295191129643086), ([[24, 128], [246, 128], [246, 158], [24, 158]], '국직한 혹이 질구름 막있어..', 0.30349488741399144), ([[270, 86], [324, 86], [324, 188], [270, 188]], '사', 0.15997459035674755), ([[24, 151], [193, 151], [193, 180], [24, 180]], '안에서 가득 차버려..', 0.9000403376584238), ([[24, 199], [204, 199], [204, 229], [24, 229]], '러브의 귀두가 자궁구에', 0.9169048831704318), ([[24, 226], [138, 226], [138, 254], [24, 254]], '직접 질내 사정', 0.8731870908379668), ([[24, 250], [94, 250], [94, 276], [24, 276]], '하고있엇', 0.9296131730079651), ([[576, 300], [628, 300], [628, 328], [576, 328]], '표~옷', 0.2600975441729341), ([[636, 300], [690, 300], [690, 328], [636, 328]], '표~옷', 0.16165610064981015), ([[574, 324], [652, 324], [652, 348], [574, 348]], '하고 개의', 0.997289201062858), ([[574, 348], [692, 348], [692, 376], [574, 376]], '세차가 쏟아저 .', 0.46890020123076537), ([[574, 396], [604, 396], [604, 420], [574, 420]], '배 .', 0.9619064620374967), ([[616, 396], [686, 396], [686, 424], [616, 424]], '빵빵해저', 0.9403846859931946), ([[650.4789396203098, 325.41419735452666], [707.5950935677854, 320.49484573068446], [708.5210603796902, 347.58580264547334], [652.4049064322146, 352.50515426931554]], '정자가', 0.999914381549895)]
[([[92, 146], [156, 146], [156, 172], [92, 172]], '더 이상.', 0.827982821259654), ([[170, 146], [218, 146], [218, 172], [170, 172]], '안 돼.', 0.5817866615550773), ([[599, 161], [629, 161], [629, 179], [599, 179]], '에', 0.48212366656116856), ([[89, 166], [216, 166], [216, 198], [89, 198]], "아까부터 '몇분도", 0.5186273736082369), ([[526, 182], [568, 182], [568, 206], [526, 206]], '아', 0.9358240737335629), ([[563, 165], [627, 165], [627, 203], [563, 203]], '허', 0.9778521374989992), ([[92, 194], [170, 194], [170, 222], [92, 222]], '넘계 쏟아', 0.8548732616774801), ([[165, 185], [270, 185], [270, 226], [165, 226]], '못고-있어:', 0.06550810444686046), ([[90, 240], [176, 240], [176, 264], [90, 264]], '아제가오로', 0.6063210183017299), ([[90, 266], [182, 266], [182, 294], [90, 294]], "'절정 해버려", 0.9838930117001068), ([[90, 288], [164, 288], [164, 318], [90, 318]], '정복당해', 0.9782117009162903), ([[90, 314], [160, 314], [160, 340], [90, 340]], '버럿어: .', 0.30856870258493496), ([[581, 352], [646, 352], [646, 382], [581, 382]], '더-이상.', 0.20681048136245503), ([[654, 354], [770, 354], [770, 382], [654, 382]], '인간으론 안 돼', 0.6337723010205727), ([[84, 375], [209, 375], [209, 416], [84, 416]], '아아', 0.9779495161575779), ([[580, 378], [744, 378], [744, 406], [580, 406]], '러브의 자지가 아니면', 0.8631914956945015), ([[580, 404], [626, 404], [626, 430], [580, 430]], "'양대.", 0.6258683800697327), ([[649, 469], [689, 469], [689, 487], [649, 487]], '5 [', 0.41317158937454224)]
[([[72, 30], [222, 30], [222, 56], [72, 56]], '밖에서 몰래 하니까', 0.754736597004247), ([[74, 54], [150, 54], [150, 84], [74, 84]], '흥분 되네', 0.9831223065194645), ([[28, 162], [136, 162], [136, 190], [28, 190]], '누군가 불지도', 0.6283534720204795), ([[28, 186], [98, 186], [98, 212], [28, 212]], '모른다고', 0.6566003624862156), ([[28, 210], [98, 210], [98, 238], [28, 238]], '생각하니', 0.9979779720306396), ([[28, 234], [136, 234], [136, 264], [28, 264]], '두근두근 해제', 0.4910975636332979), ([[627, 299], [647, 299], [647, 323], [627, 323]], '양', 0.9857985953786397), ([[611, 323], [647, 323], [647, 343], [611, 343]], '러브', 0.9312557540416521), ([[656, 322], [706, 322], [706, 348], [656, 348]], '그렇게', 0.8718396933791116), ([[628, 346], [708, 346], [708, 370], [628, 370]], '트면 안 돼', 0.3572518983047033), ([[481, 433], [505, 433], [505, 453], [481, 453]], '으응', 0.9982303756142267), ([[506, 470], [556, 470], [556, 494], [506, 494]], '목소리', 0.999970886863758), ([[566, 468], [640, 468], [640, 496], [566, 496]], '나와버리.', 0.3901588859570551), ([[650, 470], [696, 470], [696, 496], [650, 496]], '니까..', 0.5252757668495178), ([[708, 470], [732, 470], [732, 496], [708, 496]], '앗', 0.21066807909177498), ([[72.0, 282.0], [122.87056283872013, 268.5079427433321], [127.0, 282.0], [75.12943716127987, 295.4920572566679]], ': 새', 0.001174185253822492)]
[([[60, 50], [230, 50], [230, 78], [60, 78]], '휴일엔 커튼올 꼭 닫고', 0.6668195715793674), ([[96, 74], [300, 74], [300, 104], [96, 104]], '종일 러브와 씩스에 삼매경', 0.526803018337919), ([[682, 40], [714, 40], [714, 112], [682, 112]], '7', 0.9749689913295612), ([[83, 116], [320, 116], [320, 152], [83, 152]], '둘다 굉장히 기대하고 있엿기예', 0.2712124630575157), ([[84, 145], [302, 145], [302, 176], [84, 176]], '달걀한 교미 ... 마치 부부같아', 0.24830288435472841), ([[460, 400], [512, 400], [512, 432], [460, 432]], '러브', 0.9938152561995993), ([[542, 396], [755, 396], [755, 439], [542, 439]], '너무너문 -사랑해0', 0.30607346358363025), ([[58.88582797093769, 71.21456992734423], [99.75008789412527, 76.80124373845821], [96.11417202906232, 101.78543007265577], [55.24991210587473, 96.19875626154179]], '하루', 0.9999576848263233), ([[40.88582797093769, 317.2145699273442], [81.75008789412527, 322.8012437384582], [78.11417202906232, 347.7854300726558], [37.24991210587473, 342.1987562615418]], '러보', 0.33054948104986825)]
[([[82, 54], [118, 54], [118, 80], [82, 80]], '으음', 0.8360443112732832), ([[134, 54], [202, 54], [202, 80], [134, 80]], '마짓어"', 0.08597103506326675), ([[80, 168], [196, 168], [196, 194], [80, 194]], '자지 입에 물고', 0.9898218616025185), ([[620, 160], [646, 160], [646, 186], [620, 186]], '중', 0.10997062381399303), ([[80, 190], [264, 190], [264, 220], [80, 220]], '자위하는 거 너무 좋아"', 0.1882278006415593), ([[101, 249], [135, 249], [135, 265], [101, 265]], '조지적', 0.2739529907287793), ([[149, 357], [298, 357], [298, 386], [149, 386]], '러브도 거리낌 없이', 0.8675726083389594), ([[150, 383], [300, 383], [300, 413], [150, 413]], '허리클 찢러 넣논다', 0.11763035505583878), ([[523, 441], [701, 441], [701, 477], [523, 477]], '이마라치오 같아서', 0.9943306695008403), ([[523, 471], [611, 471], [611, 509], [523, 509]], '흥분되 {', 0.05952005886060966), ([[581.8455132356739, 96.11211750193706], [631.1638711573013, 84.40378148973797], [647.1544867643261, 158.88788249806294], [597.8361288426987, 170.59621851026205]], '술', 0.4487035631073333), ([[405.3560570951135, 132.0416396323738], [442.4567972389943, 116.02091009496242], [484.6439429048865, 218.9583603676262], [447.5432027610057, 234.9790899050376]], '술', 0.02163294844126895)]
[([[640, 16], [672, 16], [672, 48], [640, 48]], '코용', 0.9988676177654712), ([[100, 58], [198, 58], [198, 84], [100, 84]], '좋아, 러브;', 0.1733061320841283), ([[44, 80], [208, 80], [208, 108], [44, 108]], '성에 찰만큼 해버려~', 0.23311587595028394), ([[46, 130], [84, 130], [84, 156], [46, 156]], '나는', 0.5627657927057818), ([[44, 149], [184, 149], [184, 180], [44, 180]], '러브의 암캐니까하', 0.18644453596829422), ([[672, 170], [702, 170], [702, 204], [672, 204]], '코용', 0.9989937658938234), ([[128, 252], [182, 252], [182, 278], [128, 278]], '아 . 옷', 0.5629129831639946), ([[126, 298], [252, 298], [252, 324], [126, 324]], '이번엔 부드컵게', 0.49459079432789305), ([[126, 322], [262, 322], [262, 350], [126, 350]], '움직여주는 거야?', 0.660502697648187), ([[535, 459], [657, 459], [657, 497], [535, 497]], '상낭한 아이 .', 0.7446380097432285)]
[([[28, 48], [334, 48], [334, 96], [28, 96]], '완전히 바민 허리 놀림.', 0.48059310552901363), ([[68, 124], [92, 124], [92, 172], [68, 172]], '출', 0.3692592180169676), ([[87, 123], [126, 123], [126, 202], [87, 202]], '~', 0.047088214327751565), ([[698, 244], [762, 244], [762, 298], [698, 298]], '출렁', 0.2080218821430681), ([[516, 318], [736, 318], [736, 366], [516, 366]], '가슴인 흔들리고', 0.4982648587183316), ([[517, 359], [737, 359], [737, 404], [517, 404]], '러브의 폐니스가', 0.9753973918842316), ([[515, 399], [667, 399], [667, 451], [515, 451]], '자궁구까지', 0.9779947966872069), ([[516, 444], [740, 444], [740, 494], [516, 494]], '궁궁하고 당논화 .', 0.19495040133810726), ([[102, 596], [334, 596], [334, 648], [102, 648]], '마치 줄찰기 처럼', 0.2629882384294122), ([[102, 638], [330, 638], [330, 688], [102, 688]], '이것이 개의-셈스', 0.5610744002831346), ([[572, 516], [766, 516], [766, 790], [572, 790]], '>0', 0.718028206018886), ([[647, 773], [733, 773], [733, 929], [647, 929]], '', 0.0), ([[230, 882], [306, 882], [306, 1014], [230, 1014]], '~', 0.0072725121283894745), ([[311, 1116], [431, 1116], [431, 1173], [311, 1173]], '러브옷,', 0.7644751667976379), ([[443, 1121], [557, 1121], [557, 1165], [443, 1165]], '더 세게', 0.8753983396043833), ([[552.8619705569881, 1119.896335225374], [741.0428259302131, 1076.0575298859571], [756.1380294430119, 1160.103664774626], [567.9571740697869, 1203.9424701140429]], '절러취엇!', 0.013185785943441365)]
[([[27, 18], [139, 18], [139, 60], [27, 60]], '찢러.. 쥐!', 0.21362505071560892), ([[239, 65], [283, 65], [283, 103], [239, 103]], '으웃', 0.17373405080923993), ([[50, 100], [122, 100], [122, 128], [50, 128]], '우아.. 앗', 0.29515395364134045), ([[300, 82], [368, 82], [368, 132], [300, 132]], "'후흐승", 0.26542407274246216), ([[47, 122], [198, 122], [198, 152], [47, 152]], '보지가 찢어저.. 엇!', 0.6510613966930364), ([[118, 172], [358, 172], [358, 202], [118, 202]], '엉덩이틀 돌려 붙이는 개의 씩스', 0.2346562578270271), ([[116, 198], [266, 198], [266, 224], [116, 224]], '자세틀 바꾸는 순간', 0.37288757635802056), ([[264, 205], [403, 205], [403, 270], [264, 270]], '3세', 0.11054248347669281), ([[549, 289], [601, 289], [601, 325], [549, 325]], '실류"', 0.10524944695607877), ([[412, 372], [484, 372], [484, 398], [412, 398]], '처음에는', 0.9435189962387085), ([[412, 396], [486, 396], [486, 422], [412, 422]], '아프지만.', 0.4626175184550854), ([[514, 444], [694, 444], [694, 474], [514, 474]], '익숙해지니 중독 돼버려', 0.6644831592217231)]
[([[66, 22], [244, 22], [244, 52], [66, 52]], '집안 어디에서나 씩스', 0.40887382961468083), ([[558, 58], [692, 58], [692, 84], [558, 84]], '정상위로 하고 싶', 0.9889898637603605), ([[162, 72], [196, 72], [196, 100], [162, 100]], '파', 0.9993062031058209), ([[558, 82], [668, 82], [668, 108], [558, 108]], '때엔 -거실에서', 0.646145929762333), ([[51, 97], [93, 97], [93, 159], [51, 159]], '땅', 0.1799352974984112), ([[250, 420], [412, 420], [412, 448], [250, 448]], '러브의 귀여운 얼굴올', 0.5659586009193474), ([[250, 444], [424, 444], [424, 472], [250, 472]], '보면서 하는 거 , 좋아 ', 0.2511185336404366), ([[43.11351558564413, 193.09946857683417], [73.55027348509876, 179.038030907289], [102.88648441435588, 244.90053142316583], [72.44972651490124, 258.961969092711]], '%', 0.05129493506783067)]
[([[24, 40], [226, 40], [226, 68], [24, 68]], '교미결합 하는 것도 조앙-', 0.7284201388129209), ([[19, 215], [59, 215], [59, 255], [19, 255]], '후웃', 0.13969802691725297), ([[539, 217], [583, 217], [583, 253], [539, 253]], '포작', 0.9617532717074583), ([[532, 248], [572, 248], [572, 278], [532, 278]], '표작', 0.43540847307258235), ([[524, 344], [720, 344], [720, 372], [524, 372]], '러브의 정자가 쏟아들어저', 0.9490351399454731), ([[524, 368], [726, 368], [726, 398], [524, 398]], '오는 것올 정성들여 만꺼 >', 0.19871257091284214)]
[([[41, 25], [130, 25], [130, 63], [41, 63]], '계단예서도', 0.7079236056931417), ([[402, 0], [480, 0], [480, 86], [402, 86]], '7', 0.982616224206371), ([[42, 58], [110, 58], [110, 82], [42, 82]], '해버려 ^', 0.7015246586709547), ([[44, 178], [114, 178], [114, 202], [44, 202]], '러브에게', 0.989726722240448), ([[656, 142], [754, 142], [754, 220], [656, 220]], '7', 0.24758116230282212), ([[42, 202], [112, 202], [112, 228], [42, 228]], '4걱4적', 0.01679881662130356), ([[124, 202], [180, 202], [180, 228], [124, 228]], '필려서', 0.1257059048660304), ([[82, 292], [158, 292], [158, 318], [82, 318]], '한 계단씩', 0.5905443635415444), ([[82, 316], [152, 316], [152, 344], [82, 344]], '올라가게', 0.9995240569114685), ([[171, 319], [205, 319], [205, 339], [171, 339]], '어서', 0.9996581218841764), ([[560, 390], [616, 390], [616, 416], [560, 416]], '어쩐지.', 0.6435524821281433), ([[558, 412], [726, 412], [726, 444], [558, 444]], '러브에게 조교 당하는', 0.28351211628822315), ([[558, 434], [648, 434], [648, 466], [558, 466]], '젓균같아이', 0.08284823365559815), ([[652.1035489218597, -66.04262292191274], [740.2434913703476, 1.4743657928963527], [550.8964510781403, 231.04262292191274], [462.7565086296525, 162.52563420710365]], '~', 0.11505020403836941)]
[([[44, 60], [174, 60], [174, 88], [44, 88]], '이족도 ,. 깨끗하헤', 0.2402011222704679), ([[42, 84], [136, 84], [136, 112], [42, 112]], '하지 양으면', 0.9898161343141431), ([[493, 93], [571, 93], [571, 133], [493, 133]], '하으음', 0.9569128215285677), ([[44, 176], [160, 176], [160, 206], [44, 206]], '입술로 감아서 .', 0.7812118187500458), ([[42, 200], [210, 200], [210, 230], [42, 230]], '혀로.. 활작활짝 활고', 0.4694220899559072), ([[44, 226], [186, 226], [186, 254], [44, 254]], '목구멍으로 훈어서', 0.2611158865036747), ([[532, 248], [556, 248], [556, 278], [532, 278]], '채', 0.08774081779870357), ([[531, 271], [573, 271], [573, 319], [531, 319]], '8', 0.2715153772361454), ([[96, 312], [138, 312], [138, 338], [96, 338]], '으릇.', 0.3209141760276511), ([[121, 385], [211, 385], [211, 405], [121, 405]], '라브으 자이', 0.826800271626452), ([[118, 408], [174, 408], [174, 432], [118, 432]], '마이혀', 0.9799048798090412), ([[328, 378], [376, 378], [376, 440], [328, 440]], '(8', 0.20846685974306162), ([[604, 404], [648, 404], [648, 430], [604, 430]], '러브', 0.9859715048904599), ([[600, 429], [739, 429], [739, 468], [600, 468]], '정액치즈 가득', 0.7087294760940682), ([[603, 461], [757, 461], [757, 497], [603, 497]], '쏟아도 괜찮아 ', 0.20764093231076916), ([[44.02202795004179, 31.163881055121184], [100.87064172992832, 39.1285551891289], [95.97797204995821, 65.83611894487882], [39.129358270071684, 57.8714448108711]], '하으움', 0.9846219377677958), ([[549.1535010280254, 317.1219034952862], [574.5665421809504, 308.0539806590581], [590.8464989719746, 356.8780965047138], [565.4334578190496, 365.9460193409419]], '', 0.0)]
[([[278, 0], [372, 0], [372, 66], [278, 66]], '1냥', 0.06027704223254029), ([[13, 125], [75, 125], [75, 219], [13, 219]], '8', 0.9643415464970531), ([[608, 296], [662, 296], [662, 320], [608, 320]], '러브의', 0.9922625969853315), ([[608, 322], [708, 322], [708, 342], [608, 342]], '자지브러쉬로', 0.9307674740817805), ([[68, 332], [122, 332], [122, 358], [68, 358]], '아아양', 0.8223342040383242), ([[608, 346], [732, 346], [732, 372], [608, 372]], '벽벽_문질러짓 "', 0.2278239275338453), ([[68, 378], [180, 378], [180, 404], [68, 404]], '이번엔 러브가-', 0.7120414581475558), ([[66, 400], [215, 400], [215, 431], [66, 431]], '내 보지루 깨끗하게_', 0.5124983357676604), ([[66, 428], [160, 428], [160, 454], [66, 454]], '해줄 차례네', 0.8610901390422099), ([[159.84272251347997, -24.786387432600122], [234.18617612414027, 31.847673427102052], [131.15727748652003, 161.78638743260012], [56.81382387585972, 104.15232657289795]], '8', 0.7502886550578616)]
[([[446, 64], [660, 64], [660, 102], [446, 102]], '러브의 극대자지가', 0.8266232947094395), ([[449, 101], [667, 101], [667, 141], [449, 141]], '내 질도록 4걱4적', 0.07760801521626892), ([[447, 137], [609, 137], [609, 177], [447, 177]], '후비고 있어"', 0.2748336304583592), ([[506, 268], [534, 268], [534, 296], [506, 296]], '하', 0.931190898754469), ([[515, 291], [535, 291], [535, 315], [515, 315]], '약', 0.8678114365867629), ([[579, 369], [593, 369], [593, 391], [579, 391]], '8', 0.36829401299479514), ([[49, 607], [183, 607], [183, 645], [49, 645]], "'애완견에계", 0.6426140187553571), ([[49, 641], [237, 641], [237, 681], [49, 681]], '허리흘 들썩들썩', 0.3970400409558962), ([[49, 675], [179, 675], [179, 719], [49, 719]], '흔들리면서', 0.9850072250385287), ([[49, 715], [265, 715], [265, 755], [49, 755]], '깔아몽개지고 있언.', 0.4520710621073888), ([[651, 703], [715, 703], [715, 807], [651, 807]], '^', 0.20045174947478017), ([[396, 810], [468, 810], [468, 900], [396, 900]], '소', 0.09679294912022218), ([[161, 967], [277, 967], [277, 1005], [161, 1005]], '끝도 없이', 0.7673081722244356), ([[161, 1001], [353, 1001], [353, 1041], [161, 1041]], '절정 해버려 .. 엇', 0.8482305311289373), ([[551, 1123], [717, 1123], [717, 1163], [551, 1163]], '정신 나가버려 .', 0.9754161248773133), ([[739, 1131], [759, 1131], [759, 1153], [739, 1153]], '9', 0.0654735363752934)]
[([[62, 42], [114, 42], [114, 66], [62, 66]], '아컷 ^', 0.0699103691943008), ([[394, 48], [450, 48], [450, 76], [394, 76]], '하룻~', 0.9602250769890073), ([[62, 64], [194, 64], [194, 90], [62, 90]], '나와 러브의 씩스', 0.6610850687067578), ([[62, 88], [176, 88], [176, 118], [62, 118]], '환히 다 보연 }', 0.3475247433551701), ([[62, 160], [188, 160], [188, 186], [62, 186]], '자신의 아제가오', 0.7036757265700626), ([[64, 184], [174, 184], [174, 212], [64, 212]], '보면서 하느거', 0.5155623434456831), ([[61, 207], [130, 207], [130, 237], [61, 237]], '최고옷;', 0.15307800471782684), ([[241, 283], [255, 283], [255, 319], [241, 319]], '릇', 0.21217392890258058), ([[724, 204], [774, 204], [774, 344], [724, 344]], '5', 0.4007561822782577), ([[82, 404], [174, 404], [174, 430], [82, 430]], '이제 완전히', 0.9982545001798736), ([[82, 426], [230, 426], [230, 456], [82, 456]], '러브의 암개 인거네', 0.2829838606474903), ([[765.5168349130363, 90.02339960427408], [801.4115912518, 105.34472365878565], [760.4831650869637, 202.9766003957259], [724.5884087482, 187.65527634121435]], '0', 0.28740707660644205), ([[374.78057847830064, 155.4147520217908], [416.71907177604135, 151.9778492142457], [417.21942152169936, 171.5852479782092], [376.28092822395865, 176.0221507857543]], '+흥', 0.0856655660229828), ([[635.6159638731979, 331.0105424922022], [690.0378654694929, 340.6935451013059], [659.3840361268021, 526.9894575077977], [604.9621345305071, 517.3064548986941]], '푹', 0.005204282907343372)]
[([[34, 42], [178, 42], [178, 72], [34, 72]], '마지막은 교미결합', 0.9800093180270516), ([[148, 394], [296, 394], [296, 420], [148, 420]], '러브의-하안 액체가', 0.876566421988527), ([[146, 418], [380, 418], [380, 448], [146, 448]], '내 태내륙 등복 셋겨주고 있어 .', 0.34033854158171717), ([[562, 456], [668, 456], [668, 482], [562, 482]], '기분 좋아서}', 0.6582155496731821), ([[488, 480], [594, 480], [594, 506], [488, 506]], '정신나가버려 .', 0.9982352141117523), ([[311.9120750480484, 51.31864015375479], [492.4219480865726, 35.214576733534756], [494.0879249519516, 96.68135984624521], [313.5780519134274, 112.78542326646524]], '>으?', 0.056055188621686784)]
[([[58, 46], [222, 46], [222, 74], [58, 74]], '러브의 푹신푹신한 털_', 0.7651141414353682), ([[58, 70], [152, 70], [152, 100], [58, 100]], '귀여옷 옷김', 0.19884008467075456), ([[58, 118], [174, 118], [174, 146], [58, 146]], '묵직한 따뜻함 .', 0.834503348597825), ([[262, 400], [308, 400], [308, 428], [262, 428]], '러브', 0.9904028829394784), ([[334, 400], [400, 400], [400, 432], [334, 432]], '사랑해', 0.9998686820718068), ([[552, 454], [676, 454], [676, 486], [552, 486]], '더욱 더 많이', 0.9380539038771006), ([[552, 484], [656, 484], [656, 516], [552, 516]], '사랑하자 ..', 0.7499819500519613)]
[([[124, 12], [224, 12], [224, 68], [124, 68]], '00/', 0.36532956516995163), ([[256, 12], [438, 12], [438, 68], [256, 68]], '83 ([공@', 0.008451746839758011), ([[8.527509848923598, 199.3462844712326], [175.90675983292547, 111.20955168813293], [203.4724901510764, 181.6537155287674], [37.09324016707453, 270.79044831186707]], '333@3@', 0.09153530881382038), ([[256.9038403974048, 320.13268827818337], [346.5871391898792, 289.51683585910274], [360.0961596025952, 332.86731172181663], [270.4128608101208, 363.48316414089726]], '(@0~(', 0.0067381759951412)]
[([[253, 69], [349, 69], [349, 131], [253, 131]], '후기', 0.9999844899949775), ([[207, 183], [387, 183], [387, 225], [207, 225]], '착한 딸잡이는', 0.7221246792152844), ([[85, 217], [505, 217], [505, 261], [85, 261]], '현실과 만화혹 흔동하지 압습니다.', 0.6476671947490111), ([[271, 293], [327, 293], [327, 331], [271, 331]], '잇히', 0.17376946710997068), ([[237, 327], [361, 327], [361, 369], [237, 369]], '식질 하기', 0.9997795817484928), ([[237, 363], [361, 363], [361, 403], [237, 403]], '엄청 편한', 0.7999620023106012), ([[259, 403], [343, 403], [343, 441], [259, 441]], '스타일', 0.9999586359798532), ([[466, 630], [516, 630], [516, 660], [466, 660]], '플리', 0.1657029169110288), ([[460, 722], [520, 722], [520, 746], [460, 746]], '시닭 미1', 0.0061777786417098), ([[418, 796], [560, 796], [560, 826], [418, 826]], '드리 지 [승옛', 0.0025816465826517037)]
