877436
20
[([[27, 597], [291, 597], [291, 755], [27, 755]], '뼈[', 0.01844906078296453)]
[([[393, 383], [443, 383], [443, 403], [393, 403]], '저기', 0.9984474947260962), ([[450, 380], [534, 380], [534, 404], [450, 404]], '아저', 0.6310459557218115), ([[376, 414], [458, 414], [458, 438], [376, 438]], '아저', 0.9904798790615902), ([[461, 407], [559, 407], [559, 447], [461, 447]], '뜰들이는', 0.30988073348999023), ([[359, 441], [575, 441], [575, 479], [359, 479]], '오 이렇계 근거야?', 0.5003876340606511)]
[([[387, 365], [547, 365], [547, 403], [387, 403]], '기분 좋지않야?', 0.43721003079388276), ([[414, 398], [520, 398], [520, 428], [414, 428]], '또 그런다', 0.9951432031879646), ([[391, 427], [545, 427], [545, 465], [391, 465]], '정말 솔직하지', 0.9135570755326211), ([[393, 457], [541, 457], [541, 493], [393, 493]], '옷하다니만:', 0.32012891335377847)]
[([[382, 370], [538, 370], [538, 402], [382, 402]], '이렇계 되다니.', 0.8243284951362859), ([[382, 404], [478, 404], [478, 428], [382, 428]], '아이에게', 0.9400478005409241), ([[481, 401], [557, 401], [557, 437], [481, 437]], '거짓말', 0.8997544646263123), ([[366, 432], [570, 432], [570, 464], [366, 464]], '치다니 그럼 안되지', 0.6982926627337668), ([[425, 459], [511, 459], [511, 495], [425, 495]], '우후후하', 0.39244183897972107)]
[([[395, 375], [541, 375], [541, 411], [395, 411]], '아직 부족해?', 0.9944774128034124), ([[379, 409], [555, 409], [555, 447], [379, 447]], '정말 어쩌수업는', 0.3032336272549053), ([[377, 441], [557, 441], [557, 477], [377, 477]], '사람이라니만:', 0.534702564299466)]
[([[388, 252], [580, 252], [580, 282], [388, 282]], '위? 그, 그건 무리야!', 0.6851135983757254), ([[378, 282], [578, 282], [578, 312], [378, 312]], '이런공에 들어갈리가.', 0.5882957646390068), ([[374, 312], [584, 312], [584, 342], [374, 342]], '제발 안돼안되안되앗', 0.13669731261321932)]
[([[412, 254], [550, 254], [550, 286], [412, 286]], '그만뒤 안돼', 0.4153632404013117), ([[436, 284], [526, 284], [526, 316], [436, 316]], '무리야!!', 0.5972095853982744), ([[484, 314], [582, 314], [582, 344], [484, 344]], '-아앗!!', 0.16260366392819245)]
[([[390, 252], [570, 252], [570, 282], [390, 282]], '안에다 4지마!!', 0.10554209538632658), ([[394, 282], [566, 282], [566, 312], [394, 312]], '히이익 아아악!!', 0.2838098184935996), ([[482, 314], [582, 314], [582, 340], [482, 340]], '-에에!!!', 0.2868646201924524)]
[([[408, 254], [472, 254], [472, 284], [408, 284]], '우우. ', 0.7198295593261719), ([[491, 249], [553, 249], [553, 289], [491, 289]], '효쩍!', 0.1454811480471574), ([[385, 289], [459, 289], [459, 309], [385, 309]], '아저', 0.9865909126091942), ([[465, 281], [577, 281], [577, 321], [465, 321]], '정말 나뿐', 0.40275993334154603), ([[414, 314], [522, 314], [522, 344], [414, 344]], '사랑이야', 0.36936354637145996)]
[]
[]
[]
[([[46.38249247890556, 82.0479518649956], [97.94715636679723, 123.35195940246612], [74.61750752109444, 153.95204813500442], [23.052843633202766, 113.64804059753388]], '<', 0.007392566481302654)]
[]
[]
[]
[]
[]
[([[269, 59], [413, 59], [413, 119], [269, 119]], '독*개:', 0.0024663456715643406)]
[([[268, 78], [406, 78], [406, 110], [268, 110]], '{#+[하션!!', 0.011226158965773387)]
