880407
49
[([[1621, 0], [2754, 0], [2754, 169], [1621, 169]], '여눈평일/정오가}-켓놔움--_', 0.0014123164001698884), ([[0, 145], [788, 145], [788, 422], [0, 422]], '돼똑늄달스물', 0.0004210372083706852), ([[545, 166], [784, 166], [784, 300], [545, 300]], '훨미늄', 0.06710185639454382), ([[1771, 206], [2016, 206], [2016, 359], [1771, 359]], '미_', 0.1511781402028748), ([[1963, 187], [2800, 187], [2800, 482], [1963, 482]], '(로류달하관기하질', 4.2957856665121926e-05), ([[2099, 409], [2800, 409], [2800, 567], [2099, 567]], '여지플움록고요없다', 0.012688213883546493)]
[([[0, 63], [642, 63], [642, 214], [0, 214]], '아하해 돼짓말이치?', 0.10996302340551274), ([[2415, 61], [2745, 61], [2745, 208], [2415, 208]], '전기즈계', 0.0031333393417298794), ([[0, 180], [860, 180], [860, 320], [0, 320]], '네프터로보미지로안고', 0.08946195857876532), ([[2142, 229], [2757, 229], [2757, 380], [2142, 380]], '그래 더가^말야', 0.011486466357179778), ([[0, 291], [948, 291], [948, 436], [0, 436]], '갈때까지칸 니트로 보미늄결?', 0.09573651237430372), ([[1953, 401], [2748, 401], [2748, 549], [1953, 549]], '평일으점심 시간에이권', 0.1284972168929931), ([[0, 517], [269, 517], [269, 655], [0, 655]], '뭐 중야', 0.12510327994823456), ([[2068, 509], [2762, 509], [2762, 669], [2068, 669]], '곳멘인타다 한가해?', 0.07006193943173285), ([[0, 625], [813, 625], [813, 775], [0, 775]], '잠깐어울러 주지 않울래? ', 0.42748695777495715), ([[1961, 618], [2762, 618], [2762, 779], [1961, 779]], '용?처금알바 휴식사간}', 0.04009010794561534)]
[([[35, 72], [585, 72], [585, 225], [35, 225]], '@:각하지마', 0.10234724233668133), ([[1863, 69], [2391, 69], [2391, 214], [1863, 214]], '용?이상파권유', 0.10060615680035795), ([[2162, 61], [2798, 61], [2798, 340], [2162, 340]], '[콤옮 주올-다', 0.0004123416244021451), ([[2370, 72], [2619, 72], [2619, 217], [2370, 217]], '끝음', 0.11366712495802582), ([[1695, 179], [2197, 179], [2197, 329], [1695, 329]], '한가 해보어제', 0.354598338252381), ([[13, 244], [295, 244], [295, 534], [13, 534]], '뼈액', 0.0015666069731037845), ([[260, 258], [1052, 258], [1052, 408], [260, 408]], '이런곳에사 제일작실해', 0.047980584191866946), ([[261, 377], [781, 377], [781, 517], [261, 517]], "'말음건 거디까", 0.37521414817599236), ([[2091, 406], [2776, 406], [2776, 557], [2091, 557]], '맞아&째요문퍼자', 0.03490567705955199)]
[([[4, 50], [765, 50], [765, 329], [4, 329]], '히림플되-안되진올튼', 0.00028198256646693836), ([[246, 63], [741, 63], [741, 211], [246, 211]], '쓸랍없문짓지', 0.05356797806949427), ([[708, 42], [1151, 42], [1151, 318], [708, 318]], "'혈;있다량", 0.005675649269442017), ([[2287, 98], [2772, 98], [2772, 367], [2287, 367]], '필똑액', 0.0011880895707991016), ([[8, 362], [216, 362], [216, 613], [8, 613]], '뜻계', 0.008081024943414837), ([[197, 368], [604, 368], [604, 508], [197, 508]], '다유부보야 ', 0.15298348770527062), ([[2209, 412], [2754, 412], [2754, 557], [2209, 557]], '젓률 미신다터가', 0.0019232087920650308), ([[178, 461], [1179, 461], [1179, 618], [178, 618]], "'퇴니? 유부트에 흥미가있나되?", 0.04360794905490775), ([[2184, 523], [2416, 523], [2416, 652], [2184, 652]], '프런레', 0.0639328379122597), ([[16, 573], [830, 573], [830, 717], [16, 717]], '혜에-그럼 정해 진거네?', 0.14777971830642203), ([[2214, 625], [2440, 625], [2440, 752], [2214, 752]], '\'걸"', 0.06854949799702616), ([[2399, 506], [2775, 506], [2775, 778], [2399, 778]], "'아때리양", 0.001417504453862476)]
[([[31, 135], [272, 135], [272, 269], [31, 269]], '우후후', 0.9930942912007669), ([[37, 243], [268, 243], [268, 370], [37, 370]], '아다름', 0.4842609558201593), ([[242, 121], [896, 121], [896, 392], [242, 392]], '간셈희 기분으로뼈', 0.004235559990461573), ([[1976, 215], [2683, 215], [2683, 363], [1976, 363]], '아무략따맥늄결-울', 0.0024751933934591477), ([[2512, 124], [2612, 124], [2612, 244], [2512, 244]], '내', 0.18793921932403723), ([[2585, 113], [2786, 113], [2786, 359], [2585, 359]], '몇똑', 0.003602224748045426), ([[34, 343], [359, 343], [359, 477], [34, 477]], '줄데니까', 0.7115581631660461), ([[2100, 311], [2779, 311], [2779, 469], [2100, 469]], "'없율청최중아 해", 0.03645379371872363), ([[25, 537], [574, 537], [574, 688], [25, 688]], '자 사위 하고 와', 0.8584447984444176)]
[([[26, 26], [362, 26], [362, 98], [26, 98]], '매나 괴로웨보이눈결', 0.036802443264303535), ([[26, 83], [537, 83], [537, 157], [26, 157]], '과성이지만 쫓대가리늄렉보이고', 0.09682174829518286), ([[27, 199], [414, 199], [414, 276], [27, 276]], '즐등수_제눈걸운유움', 0.0012244586463389848)]
[([[28, 22], [502, 22], [502, 96], [28, 96]], '어찌피지금-지동정이어다편', 0.07511308519549566), ([[1295, 21], [1590, 21], [1590, 95], [1295, 95]], '너제대로마어어?', 0.09448465993885635), ([[28, 82], [544, 82], [544, 156], [28, 156]], '오늘 내가 말울걸어주지않있다편', 0.08574982804820161), ([[1304, 80], [1586, 80], [1586, 154], [1304, 154]], '이틀 냄새죄다구', 0.013419142984278489), ([[28, 140], [382, 140], [382, 212], [28, 212]], '렌속 동정이어음지로?', 0.0405013146541694), ([[1142, 198], [1584, 198], [1584, 270], [1142, 270]], "'가성표경은 매일 짓지앉우편", 0.03969132039155927), ([[28, 256], [256, 256], [256, 330], [28, 330]], '감사하라움이', 0.09768886480409356), ([[1204, 256], [1590, 256], [1590, 330], [1204, 330]], '여자 애들어제 미움받야', 0.24779432610819266), ([[31, 317], [149, 317], [149, 385], [31, 385]], '(우훈움', 0.6268419027328491)]
[([[24, 33], [478, 33], [478, 109], [24, 109]], '데루퍼액관대집이 쉬어저서', 0.003547150070332149), ([[1328, 34], [1590, 34], [1590, 108], [1328, 108]], '저키 기분중야?', 0.051285850740453685), ([[22, 90], [434, 90], [434, 170], [22, 170]], '야한 냄새가 다제 되없하이', 0.13140955604449492), ([[1222, 93], [1586, 93], [1586, 168], [1222, 168]], '취향인유부-에체자지', 0.08479848299549625), ([[1313, 151], [1591, 151], [1591, 225], [1313, 225]], '팔리저세흥분되?', 0.05087462893724244), ([[408.3620382217369, 528.025477771711], [467.96114019987016, 512.0579467694938], [506.6379617782631, 668.974522228289], [447.03885980012984, 684.9420532305062]], '통', 0.11858994261314226)]
[([[20, 10], [354, 10], [354, 84], [20, 84]], '껍질의안쪽에진한켓', 0.28499373007504103), ([[1440, 18], [1586, 18], [1586, 92], [1440, 92]], '운훈움0', 0.12864702939987183), ([[24, 68], [346, 68], [346, 144], [24, 144]], '(친덕지-달라분어세', 0.09862388281916), ([[1136, 72], [1590, 72], [1590, 152], [1136, 152]], '자체 표피 안율여런울여전전', 0.05202606183249145), ([[20, 128], [236, 128], [236, 200], [20, 200]], '굉장한 맛~0', 0.7295199244431553), ([[1148, 132], [1590, 132], [1590, 208], [1148, 208]], '얼굴표정이 풀리고있다70', 0.3483423046156334), ([[24, 244], [310, 244], [310, 316], [24, 316]], '잇 포경자지정말', 0.5029565964887263), ([[21, 300], [300, 300], [300, 377], [21, 377]], '냄새나-운준움이', 0.05367197547553787), ([[409.3464540844378, 531.0267398301415], [469.03030864781846, 515.0666234117981], [505.6535459155622, 668.9732601698585], [446.96969135218154, 684.9333765882019]], '통', 0.12711131094773975)]
[([[22, 10], [292, 10], [292, 86], [22, 86]], '이린동움안정액', 0.0962427255734274), ([[1222, 9], [1588, 9], [1588, 88], [1222, 88]], '운와-이진진따쁘주데', 0.021363184604495405), ([[22, 72], [320, 72], [320, 144], [22, 144]], '제안예따위리면', 0.03647219322505123), ([[1184, 70], [1586, 70], [1586, 146], [1184, 146]], '장해 진하루걸출하베0', 0.02844151268049958), ([[19, 126], [386, 126], [386, 205], [19, 205]], '상당히대내기 힘들어0', 0.3785190410042789), ([[1216, 186], [1586, 186], [1586, 262], [1216, 262]], '짙리같아세주머리예서', 0.16185224572394233), ([[1294, 246], [1580, 246], [1580, 320], [1294, 320]], '떨어지집압눈걸0', 0.12286833893624251)]
[([[14, 16], [140, 16], [140, 90], [14, 90]], '웬곡', 0.007414397896204155), ([[1502, 26], [1596, 26], [1596, 98], [1502, 98]], '잔야', 0.23479619067124222), ([[1148, 84], [1592, 84], [1592, 160], [1148, 160]], '이번에늄파이즈렉해줄계0', 0.14354655573582245), ([[10, 132], [560, 132], [560, 206], [10, 206]], '파이적같은건가슴이 크지 않으면', 0.24978817703349712), ([[14, 190], [298, 190], [298, 264], [14, 264]], '@수없님거니까', 0.126373947820762), ([[1528, 212], [1590, 212], [1590, 266], [1528, 266]], '에?', 0.9538291615892631), ([[12, 248], [224, 248], [224, 324], [12, 324]], '감사 하리구?', 0.2927034333783286), ([[1277, 256], [1590, 256], [1590, 334], [1277, 334]], "'아집보지분밀리이", 0.07843064079990042)]
[([[1128, 18], [1582, 18], [1582, 92], [1128, 92]], '아까보다 데단단해 지고오페}', 0.08779433012149454), ([[1160, 78], [1582, 78], [1582, 152], [1160, 152]], '대심관 데륙퍼증러품으로', 0.08266889011738333), ([[1169, 134], [1584, 134], [1584, 210], [1169, 210]], '자지가 하양되 되에트롭어', 0.01482790192265628), ([[1248, 252], [1582, 252], [1582, 324], [1248, 324]], '유훈후-외설스리워0', 0.21014818316974418), ([[309.0542968817191, 867.0560938064405], [358.5466644192731, 836.0186994786125], [432.9457031182809, 966.9439061935595], [384.4533355807269, 997.9813005213875]], '출', 0.09650141719299654)]
[([[1512, 42], [1586, 42], [1586, 96], [1512, 96]], '에7', 0.027391684543222328), ([[1348, 90], [1588, 90], [1588, 164], [1348, 164]], '(벌써진고단고? _', 0.1575367868106501), ([[1209, 145], [1590, 145], [1590, 220], [1209, 220]], '정말 한심화 통정자치계', 0.18179778105504907), ([[1503, 271], [1583, 271], [1583, 335], [1503, 335]], '좋아', 0.9704828143866787), ([[1107, 318], [1584, 318], [1584, 398], [1107, 398]], '사정해제-새나고진합 정액울', 0.1255092322529839), ([[1436, 382], [1586, 382], [1586, 454], [1436, 454]], '먹취0', 0.3322825938367466), ([[694.1487318082727, 198.01575882336437], [907.9796392568259, 361.03243624181783], [790.8512681917273, 513.9842411766357], [577.0203607431741, 350.96756375818217]], '>"덧', 0.001967511584858955), ([[526.9556890525344, 745.0155832598998], [983.3348451519763, 861.3328495513675], [898.0443109474656, 1149.9844167401002], [441.66515484802363, 1034.6671504486324]], ') ?', 0.04427284703240444)]
[([[656, 374], [778, 374], [778, 530], [656, 530]], '"', 0.03908479854007241)]
[([[1367, 21], [1561, 21], [1561, 89], [1367, 89]], '굉장히 진해-', 0.49894627217199733), ([[1192, 74], [1584, 74], [1584, 150], [1192, 150]], '뜨곡임청과게 냄새다', 0.03744275353049482), ([[1105, 192], [1583, 192], [1583, 270], [1105, 270]], "'입안젠제여겨운정액냄새개만", 0.011922314455370548), ([[1104, 254], [1576, 254], [1576, 326], [1104, 326]], '통정의정자 냄새과고맛있어이', 0.3620816890053165), ([[1120, 365], [1584, 365], [1584, 445], [1120, 445]], '잔아 이번엔데가활아주하엇}', 0.022677584802335022), ([[1152, 428], [1582, 428], [1582, 500], [1152, 500]], '캠래보지름팔야 달림건야', 0.04033824574012578)]
[([[1118, 8], [1590, 8], [1590, 86], [1118, 86]], '잡이밥하음되눈생보야)', 0.0038238029492641892), ([[1280, 70], [1596, 70], [1596, 142], [1280, 142]], '예?좀버재속다고?', 0.008797427511970749), ([[1234, 184], [1588, 184], [1588, 258], [1234, 258]], '당러야마국사위할때', 0.0249996535429425), ([[1221, 244], [1590, 244], [1590, 316], [1221, 316]], '제대로마지않안눈걸0', 0.10257652903610312), ([[1214, 360], [1592, 360], [1592, 434], [1214, 434]], '냄새나늄게당연하지0', 0.134096983825476), ([[22, 852], [252, 852], [252, 926], [22, 926]], "'모처럼이니까", 0.24196181278305545), ([[19, 913], [353, 913], [353, 981], [19, 981]], '처음 맛보늄 보지맛을', 0.2074890767935666), ([[20, 966], [496, 966], [496, 1044], [20, 1044]], '진하켓해서 보여주고싶없어)', 0.3585378736995127), ([[20, 1084], [453, 1084], [453, 1161], [20, 1161]], '아무래중으니까 활아쥐0', 0.09153074438663619)]
[([[438, 15], [601, 15], [601, 87], [438, 87]], '아아아)', 0.06847315281629562), ([[1416, 22], [1556, 22], [1556, 96], [1416, 96]], '(천천히 (', 0.7261559699775486), ([[1284, 82], [1588, 82], [1588, 156], [1284, 156]], '천천히되안이앗', 0.038846945420265414), ([[1254, 142], [1590, 142], [1590, 214], [1254, 214]], '@돼-그렇제 한번에', 0.0727873405034944), ([[686, 416], [878, 416], [878, 660], [686, 660]], '4@', 0.0030397911746081114), ([[1316.6229694208496, 624.5312052046339], [1439.3435151735853, 582.0133535040876], [1465.3770305791504, 676.4687947953661], [1342.6564848264147, 718.9866464959124]], '000', 0.8746754466553527)]
[([[1414, 22], [1590, 22], [1590, 98], [1414, 98]], '[하아하야', 0.2766891092680898), ([[1272, 82], [1564, 82], [1564, 156], [1272, 156]], '또조금간,트장아', 0.01756221213115654), ([[1489, 145], [1575, 145], [1575, 209], [1489, 209]], '정말', 0.9985095914817195), ([[22, 706], [332, 706], [332, 780], [22, 780]], '그물엿로이결로', 0.11302972866097381), ([[22, 764], [344, 764], [344, 838], [22, 838]], '동정자지 졸업이야)', 0.44709389939201516), ([[22, 882], [254, 882], [254, 956], [22, 956]], '졸업기넘이야', 0.7376000305102968), ([[22, 940], [422, 940], [422, 1012], [22, 1012]], '마음대로움직여되중아이', 0.45002007788447096)]
[([[1134, 18], [1192, 18], [1192, 72], [1134, 72]], '양', 0.7683226942035617), ([[1070, 76], [1192, 76], [1192, 132], [1070, 132]], '대단해이', 0.10617218166589737), ([[971, 133], [1193, 133], [1193, 193], [971, 193]], '잔지기늄중아이', 0.015723819386892234), ([[980, 252], [1190, 252], [1190, 308], [980, 308]], '쫓대가리가-하고', 0.033989403720568), ([[972, 310], [1192, 310], [1192, 366], [972, 366]], '안위박박 긁어제', 0.018359983426449643), ([[1046, 368], [1194, 368], [1194, 424], [1046, 424]], '기늄중앙', 0.01559541281312704), ([[754.2945193768446, 931.01915653394], [909.7692767244961, 1052.5616456505988], [840.7054806231554, 1140.98084346606], [685.2307232755039, 1019.4383543494013]], '(스좁', 0.001654377923260041)]
[([[874, 10], [1176, 10], [1176, 65], [874, 65]], '마로어리카 움직여버로이', 0.13743751612310431), ([[1042, 68], [1178, 68], [1178, 122], [1042, 122]], '갑컷같이?', 0.07968340850336549), ([[944, 121], [1177, 121], [1177, 186], [944, 186]], '뒷음먹넘생퍼늄', 0.008277351632238018), ([[946, 184], [1176, 184], [1176, 240], [946, 240]], '자금이심해폐', 0.05740326644513407), ([[48, 1102], [116, 1102], [116, 1156], [48, 1156]], '중순', 0.10327514448986735), ([[48, 1158], [338, 1158], [338, 1214], [48, 1214]], '이때로안예 정액움따쥐', 0.2006619979156868), ([[46, 1213], [277, 1213], [277, 1278], [46, 1278]], "'컴음적움생부자에", 0.009882845379653001), ([[48, 1275], [227, 1275], [227, 1331], [48, 1331]], '실컷째질리체', 0.09296416247182575), ([[754.2945193768446, 931.01915653394], [909.7692767244961, 1052.5616456505988], [840.7054806231554, 1140.98084346606], [685.2307232755039, 1019.4383543494013]], '(스좁', 0.001654377923260041)]
[([[314, 26], [500, 26], [500, 78], [314, 78]], '용미@유@원', 0.056858577069959206), ([[638.4690092095788, 1044.0082947065196], [895.4269374210373, 1288.8578993421124], [797.5309907904212, 1397.9917052934804], [540.5730625789627, 1153.1421006578876]], '물골록6', 0.0013942797668278217)]
[([[822, 62], [1026, 62], [1026, 112], [822, 112]], '양@때 다단해0', 0.36056991571069874), ([[816, 96], [940, 96], [940, 198], [816, 198]], '뼈얼것', 0.005905098121220013), ([[926, 100], [1178, 100], [1178, 154], [926, 154]], '취어서 항문의 안쪽올', 0.38391032588609014), ([[902, 140], [1040, 140], [1040, 192], [902, 192]], '젓만 같앗', 0.15418027664080702), ([[822, 218], [1002, 218], [1002, 268], [822, 268]], '질레질 때마다', 0.6116483576262192), ([[824, 256], [1178, 256], [1178, 312], [824, 312]], '질내각 자지로 비틀러 열리논게', 0.5256878952043599), ([[822, 296], [918, 296], [918, 344], [822, 344]], '느껴제', 0.9872703410324558), ([[525, 88], [756, 88], [756, 681], [525, 681]], '7', 0.143175371685623), ([[821, 410], [1016, 410], [1016, 467], [821, 467]], '아햇배가 자꾸만', 0.3426452853932073), ([[822, 374], [1062, 374], [1062, 426], [822, 426]], '그리고안에_자롭에', 0.2201728886238331), ([[1006, 412], [1138, 412], [1138, 466], [1006, 466]], '자금되서', 0.0670364573597908), ([[1054, 372], [1160, 372], [1160, 424], [1054, 424]], '[닿아', 0.7732861022382232), ([[822, 452], [906, 452], [906, 502], [822, 502]], "'으응사", 0.16957210004329681), ([[936, 707], [1120, 707], [1120, 971], [936, 971]], '온)', 0.008892589555432524), ([[1264, 952], [1524, 952], [1524, 1008], [1264, 1008]], '이런지지늄되음이야}', 0.08346635224875208), ([[1262, 990], [1573, 990], [1573, 1050], [1262, 1050]], '표편로이렇계늘진요양', 0.013776418776059458), ([[1442.4771558979926, 194.01367765165793], [1520.327934916263, 227.19548900632722], [1442.5228441020074, 404.98632234834207], [1365.672065083737, 370.8045109936728]], '#', 0.1390277626919797), ([[145.99705978745615, 799.0179680700264], [358.94429743595117, 873.4855030986705], [265.0029402125439, 1133.9820319299736], [52.05570256404884, 1059.5144969013295]], '농', 0.012796209593297414)]
[([[842, 118], [1016, 118], [1016, 170], [842, 170]], '5갈것 같아?', 0.6400910091784568), ([[844, 160], [1210, 160], [1210, 216], [844, 216]], '중아 나도 슬슬 한계 일지도0', 0.47035819159366593), ([[844, 250], [994, 250], [994, 302], [844, 302]], "'또안에 찌쥐", 0.3077551706999911), ([[842, 294], [1012, 294], [1012, 346], [842, 346]], '차동의 입국에', 0.12552513882311284), ([[841, 333], [1169, 333], [1169, 393], [841, 393]], '농후한 정액-따질리워어0', 0.11424103319281685), ([[842, 422], [1198, 422], [1198, 478], [842, 478]], '유부너 보지틀 칠척한 꽃관-', 0.025692513826903518), ([[844, 468], [1004, 468], [1004, 522], [844, 522]], '더럽혀워어0 ', 0.06974976017965712), ([[177, 597], [261, 597], [261, 775], [177, 775]], '(', 0.6909083091186972)]
[([[1336, 192], [1454, 192], [1454, 240], [1336, 240]], '양0 양0', 0.5610978197474215), ([[1349, 230], [1441, 230], [1441, 287], [1349, 287]], "'양아0", 0.4045904874801636), ([[1442, 270], [1576, 270], [1576, 320], [1442, 320]], '아아아야양', 0.24558697537329668), ([[557, 401], [821, 401], [821, 633], [557, 633]], ',', 0.01618454289479132)]
[]
[]
[]
[([[1391, 3407], [1410, 3407], [1410, 3437], [1391, 3437]], '2', 0.9999975554836615), ([[2497, 3408], [2604, 3408], [2604, 3445], [2497, 3445]], '20-;', 0.06838208302093067)]
[([[1391, 3407], [1410, 3407], [1410, 3437], [1391, 3437]], '2', 0.9999975554836615), ([[2497, 3408], [2604, 3408], [2604, 3445], [2497, 3445]], '20-;', 0.06838208302093067)]
[([[2497, 3408], [2604, 3408], [2604, 3445], [2497, 3445]], '3스-;', 0.23666521906852722)]
[]
[]
[]
[]
[]
[]
[]
[]
[]
[]
[]
[]
[]
[]
[]
[]
[]
[]
[]
