883455
64
[([[5, 319], [293, 319], [293, 381], [5, 381]], '속.숲의 약미씬', 0.34029365261172245), ([[229, 373], [271, 373], [271, 389], [229, 389]], '리번저', 0.4690484084405375), ([[26, 380], [315, 380], [315, 420], [26, 420]], '~악마이자강경한 특습자?', 0.08027737272434761)]
[([[113, 63], [283, 63], [283, 103], [113, 103]], '전편의 개요', 0.9993113191806201), ([[79, 134], [589, 134], [589, 171], [79, 171]], '약마씨는 노출증벽올 가진 조금 변태인 약마', 0.5683042814206886), ([[79, 179], [855, 179], [855, 217], [79, 217]], '어느날, 언제나처럼 한밤중의 숲에서 방노플레이틀 즐기고 잎런 참을', 0.13667115611473585), ([[77, 221], [523, 221], [523, 259], [77, 259]], '지나가던 인간(남) 에제 보여저 버(다.', 0.3881764268850034), ([[79, 265], [599, 265], [599, 303], [79, 303]], '겨노한 약마씨늄 남자루 죽이려고 달려들지만;', 0.47656253173862434), ([[79, 308], [921, 308], [921, 347], [79, 347]], '그 전에 고기바이브로써 가지고 놀펴 꿀목올 주려는 생각이 문득 떠오르다.', 0.20319138030094983), ([[79, 395], [439, 395], [439, 435], [79, 435]], '폐0스틀 짓밟아 사정시키거나 ', 0.27801408073100775), ([[81, 441], [557, 441], [557, 483], [81, 483]], '안면기 승에서 오중올 마시게 하거나 한 훈 ,', 0.4360028149760923), ([[78, 483], [813, 483], [813, 521], [78, 521]], '마계의 최음제틀 주입해서 남자의 폐0스틀 거근화시권 약마씨늄', 0.3769852375294566), ([[79, 529], [569, 529], [569, 565], [79, 565]], '자만해서 남자흘 역레0 프하려고 올라선다.', 0.5391577792678217), ([[78, 615], [865, 615], [865, 653], [78, 653]], '하지만 , 인간에계는 너무나 강력한 마계의 최음제틀 맞은 남자가 폭주 .', 0.5150983065665328), ([[79, 661], [529, 661], [529, 697], [79, 697]], '악마씨는 더욱 평창한 거근에게 귀 뚫려 ,', 0.4071703300608885), ([[80, 706], [670, 706], [670, 738], [80, 738]], '정액으로 불록배가 월 때까지 역으로 범해지고 만다:', 0.5217819273272317), ([[79, 791], [983, 791], [983, 831], [79, 831]], '약마씨는 굳옥과 쾌락특성이가 되어가려 , 남자에게의 복수름 망세하는 것이엿다:', 0.04975965651374984)]
[]
[([[744, 192], [826, 192], [826, 224], [744, 224]], '후후후:', 0.9728952733603898), ([[726, 220], [852, 220], [852, 252], [726, 252]], '겨우 찾앗어', 0.840612687993756), ([[754, 248], [826, 248], [826, 274], [754, 274]], '그때의', 0.9999776317410077), ([[752, 274], [832, 274], [832, 300], [752, 300]], '인간: !', 0.6965811034060643), ([[148, 328], [198, 328], [198, 356], [148, 356]], '나름', 0.47701457230974703), ([[112, 354], [236, 354], [236, 384], [112, 384]], '잊어버길 리', 0.4318432082213133), ([[142, 380], [206, 380], [206, 410], [142, 410]], '없지?', 0.9968463248320457), ([[122, 432], [224, 432], [224, 464], [122, 464]], '숲 속에서', 0.9665224879271106), ([[148, 460], [198, 460], [198, 486], [148, 486]], '꽤나', 0.6955118316918039), ([[124, 486], [222, 486], [222, 516], [124, 516]], '제멋대로', 0.5686682462692261), ([[126, 510], [224, 510], [224, 542], [126, 542]], '굳없장아', 0.10310947895050049)]
[([[124, 352], [196, 352], [196, 382], [124, 382]], '고맙게', 0.9733153938717254), ([[787, 347], [805, 347], [805, 373], [787, 373]], '홍', 0.5202196149544456), ([[134, 378], [190, 378], [190, 408], [134, 408]], '생각', 0.9999307112841485), ([[759, 371], [855, 371], [855, 401], [759, 401]], '이제와서', 0.9623821973800659), ([[124, 404], [198, 404], [198, 434], [124, 434]], '하라고', 0.9999629719645542), ([[756, 395], [861, 395], [861, 432], [756, 432]], '도망칠 수', 0.6280526474777517), ([[772, 426], [844, 426], [844, 456], [772, 456]], '있울리', 0.29665746417987443), ([[760, 452], [836, 452], [836, 484], [760, 484]], '없잖아', 0.7575769572423494), ([[68, 838], [186, 838], [186, 870], [68, 870]], '인간따위틀', 0.2379914965400291), ([[715, 805], [759, 805], [759, 861], [715, 861]], '시', 0.05026180940665004), ([[92, 866], [166, 866], [166, 896], [92, 896]], '위해서', 0.6097985506057739), ([[62, 892], [194, 892], [194, 924], [62, 924]], '이 내가 직접', 0.9917014536479957), ([[80, 920], [176, 920], [176, 950], [80, 950]], '보답하러', 0.6944055557250977), ([[66, 946], [194, 946], [194, 976], [66, 976]], '와 준거니까', 0.509864354827217)]
[([[746, 134], [844, 134], [844, 164], [746, 164]], '이번에야', 0.9997261762619019), ([[742, 162], [842, 162], [842, 188], [742, 188]], '말로 텅텅', 0.991354212880469), ([[744, 188], [840, 188], [840, 216], [744, 216]], '비어버린', 0.9675893187522888), ([[742, 214], [844, 214], [844, 244], [742, 244]], '미라가 볼', 0.4269304597214732), ([[756, 242], [832, 242], [832, 270], [756, 270]], '때까지', 0.9993810778063726), ([[729, 267], [855, 267], [855, 297], [729, 297]], '정액올 전부', 0.9845830420831045), ([[754, 292], [807, 292], [807, 323], [754, 323]], '짜서', 0.9920562470130712), ([[124, 364], [200, 364], [200, 394], [124, 394]], '한심한', 0.9982143292674331), ([[98, 392], [222, 392], [222, 422], [98, 422]], '죽은 모습올', 0.8242250516354195), ([[102, 418], [220, 418], [220, 448], [102, 448]], '구경거리로', 0.9996371506549447), ([[107, 442], [212, 442], [212, 474], [107, 474]], '만들어 줄', 0.9974133271839819), ([[130, 472], [190, 472], [190, 498], [130, 498]], '거야!', 0.5378592014312744), ([[120, 498], [200, 498], [200, 524], [120, 524]], '각오해!', 0.9953429102897644)]
[([[642.4421259126165, 517.0390939795767], [717.9633206721772, 562.4595471810668], [697.5578740873835, 595.9609060204233], [622.0366793278228, 551.5404528189332]], '/', 0.5899815830337083)]
[([[164, 186], [190, 186], [190, 212], [164, 212]], '뭐', 0.9999744893747362), ([[132, 212], [206, 212], [206, 242], [132, 242]], '하등한', 0.9787033914152019), ([[90, 238], [242, 238], [242, 266], [90, 266]], '인간의 것 따위', 0.5747128662836222), ([[94, 266], [240, 266], [240, 294], [94, 294]], '결국 이정도네', 0.8824173111897106), ([[958, 490], [1008, 490], [1008, 520], [958, 520]], '후후-', 0.7240839754070109), ([[956, 518], [1026, 518], [1026, 546], [956, 546]], '여전히', 0.9089661836624146), ([[956, 544], [1030, 544], [1030, 574], [956, 574]], '한심한', 0.9939977526664734), ([[944, 572], [1018, 572], [1018, 600], [944, 600]], '자지네', 0.9998620749415016), ([[434.0729607040109, 721.0866917312577], [509.79584728878007, 739.5858399020264], [497.9270392959891, 783.9133082687423], [422.20415271121993, 765.4141600979736]], '72', 0.7355214319377269)]
[([[126, 138], [204, 138], [204, 168], [126, 168]], '아니면', 0.9999825871649118), ([[116, 166], [214, 166], [214, 196], [116, 196]], '무서 위서', 0.6628796423472316), ([[106, 194], [226, 194], [226, 222], [106, 222]], '보잘것없는', 0.20491912815477456), ([[1050, 188], [1102, 188], [1102, 216], [1050, 216]], '이~', 0.0820108712845211), ([[126, 220], [204, 220], [204, 246], [126, 246]], '자지가', 0.9998705403282591), ([[1050, 214], [1100, 214], [1100, 242], [1050, 242]], '이가', 0.09650456374601699), ([[100, 246], [230, 246], [230, 276], [100, 276]], '더욱 줄어튼', 0.9473671148645602), ([[1038, 242], [1114, 242], [1114, 272], [1038, 272]], '어떻게', 0.8912499284763861), ([[132, 274], [196, 274], [196, 300], [132, 300]], '거야?', 0.9998372294309384), ([[1032, 268], [1120, 268], [1120, 298], [1032, 298]], '된거야?', 0.917436420917511), ([[846, 508], [1022, 508], [1022, 540], [846, 540]], '모처럼 흩어주고', 0.6751101046813732), ([[868, 538], [1000, 538], [1000, 568], [868, 568]], '있는 거니까', 0.6015211450014977), ([[906, 564], [958, 564], [958, 592], [906, 592]], '빨리', 0.9999883674896276), ([[860, 590], [1008, 590], [1008, 620], [860, 620]], '발기시키라구', 0.9994740734341687), ([[860, 618], [1006, 618], [1006, 646], [860, 646]], '이 포경자식 )', 0.6471230099077551), ([[17, 753], [73, 753], [73, 793], [17, 793]], '3 >', 0.1066729724407196), ([[233, 791], [295, 791], [295, 857], [233, 857]], ')', 0.6341631684280493)]
[([[998, 314], [1066, 314], [1066, 342], [998, 342]], '아/}', 0.04597250445746571), ([[970, 337], [1095, 337], [1095, 374], [970, 374]], '보질것없는', 0.11791901457664233), ([[957, 366], [1108, 366], [1108, 398], [957, 398]], '자지가 열심히', 0.5429175151222252), ([[959, 389], [1108, 389], [1108, 428], [959, 428]], '자라고 있어시', 0.5442130219869613), ([[800, 621], [900, 621], [900, 651], [800, 651]], '싸고싶어', 0.7623957395553589), ([[44, 656], [174, 656], [174, 686], [44, 686]], '기분 상하게', 0.9959516012902021), ([[811, 647], [888, 647], [888, 680], [811, 680]], '젓다면', 0.2893226563363144), ([[42, 679], [175, 679], [175, 715], [42, 715]], '햇다간 바로', 0.8906485697230181), ([[802, 676], [900, 676], [900, 706], [802, 706]], '언제든지', 0.6974473595619202), ([[44, 710], [174, 710], [174, 740], [44, 740]], '게임 오버지', 0.9348990631537004), ([[822, 704], [878, 704], [878, 730], [822, 730]], '싸도', 0.8596032046541295), ([[48, 737], [169, 737], [169, 766], [48, 766]], '만 말이야)', 0.8176957931291673), ([[806, 730], [896, 730], [896, 758], [806, 758]], '된다구?', 0.9515812397003174), ([[609, 837], [680, 837], [680, 880], [609, 880]], ',7', 0.3295252946776781), ([[82.13600260995938, 239.07521487676843], [158.89589322048093, 262.9849977469735], [144.86399739004062, 305.9247851232316], [67.10410677951907, 282.0150022530265]], '', 0.0)]
[([[1028, 154], [1080, 154], [1080, 180], [1028, 180]], '헤에', 0.9914149838595), ([[1029, 179], [1104, 179], [1104, 211], [1029, 211]], '의외로', 0.9999663443988409), ([[1014, 208], [1122, 208], [1122, 238], [1014, 238]], '잘 참잖아', 0.5584777268096719), ([[156, 190], [284, 190], [284, 314], [156, 314]], '(', 0.15166708838029308), ([[750, 460], [822, 460], [822, 486], [750, 486]], '그러면', 0.999881896349965), ([[752, 486], [826, 486], [826, 516], [752, 516]], '이렇게', 0.6499279038952558), ([[751, 511], [826, 511], [826, 543], [751, 543]], '하느건', 0.8823948509633005), ([[756, 540], [822, 540], [822, 570], [756, 570]], '어때?', 0.9999132115296463), ([[78, 600], [132, 600], [132, 630], [78, 630]], '아컷', 0.045437604108058735), ([[46, 626], [162, 626], [162, 658], [46, 658]], '반응있다?', 0.5331156410687078), ([[43, 653], [163, 653], [163, 683], [43, 683]], '엉덩이구멍', 0.9971625255637965), ([[54, 680], [154, 680], [154, 710], [54, 710]], '수서저서', 0.23293057084083557), ([[64, 708], [144, 708], [144, 736], [64, 736]], '자지가', 0.9997549163636488), ([[46, 734], [166, 734], [166, 764], [46, 764]], '음질거리고', 0.22216000405562186), ([[70, 760], [138, 760], [138, 790], [70, 790]], '있어>', 0.7170502838467113), ([[719, 731], [811, 731], [811, 833], [719, 833]], '쥐', 0.06294665280023626), ([[-6.025707110324166, 255.93316151315716], [146.5897761775093, 193.23584692486057], [185.02570711032416, 308.0668384868428], [31.4102238224907, 371.7641530751394]], '씨<', 0.5307056520158584)]
[([[262, 132], [414, 132], [414, 162], [262, 162]], '죽기 전인 데도', 0.8766753551271546), ([[590, 142], [678, 142], [678, 172], [590, 172]], '싸버려?', 0.8860762119293213), ([[262, 158], [414, 158], [414, 188], [262, 188]], '자지 못참아서', 0.9420098325116131), ([[286, 182], [389, 182], [389, 218], [286, 218]], '꼴사남게', 0.3963928520679474), ([[238, 212], [438, 212], [438, 242], [238, 242]], '정자 뜻쫓해버리는', 0.25120780479149607), ([[1048, 212], [1114, 212], [1114, 238], [1048, 238]], '어때?', 0.9424389600753784), ([[306, 238], [372, 238], [372, 268], [306, 268]], '거야?', 0.9997704016121555), ([[1027, 238], [1133, 238], [1133, 268], [1027, 268]], '자지 뒤쪽', 0.6074107310549728), ([[1032, 264], [1128, 264], [1128, 294], [1032, 294]], '수청4경', 0.07297305017709732), ([[63, 255], [153, 255], [153, 351], [63, 351]], '07', 0.10133566790888143), ([[1044, 292], [1118, 292], [1118, 322], [1044, 322]], '당해서', 0.9999478304416382), ([[1030, 316], [1130, 316], [1130, 348], [1030, 348]], '기분종지', 0.6310328245162964), ([[1026, 346], [1138, 346], [1138, 374], [1026, 374]], '변 태자식?', 0.8498770760111922), ([[750, 372], [848, 372], [848, 402], [750, 402]], '앞에서도', 0.5512921658761308), ([[384, 380], [416, 380], [416, 432], [384, 432]], '7', 0.9998090358358382), ([[750, 398], [848, 398], [848, 428], [750, 428]], '뒤에서도', 0.9972848296165466), ([[734, 426], [862, 426], [862, 456], [734, 456]], '야한 급으로', 0.5366951980003873), ([[749, 452], [845, 452], [845, 482], [749, 482]], '질칙질척', 0.6047130823135376), ([[748, 480], [846, 480], [846, 508], [748, 508]], '되버려서', 0.994875431060791), ([[0, 446], [174, 446], [174, 594], [0, 594]], '시내', 0.24903920776995916), ([[742, 532], [856, 532], [856, 564], [742, 564]], '못참젯어?', 0.4872051124098337), ([[772, 508], [822, 508], [822, 534], [772, 534]], '더는', 0.9209351500488487), ([[814, 706], [842, 706], [842, 736], [814, 736]], '2', 0.5179279940713322), ([[439, 743], [475, 743], [475, 781], [439, 781]], '1', 0.02221547527057055), ([[589, 725], [687, 725], [687, 811], [589, 811]], '{"2', 0.16275834408307552), ([[82, 766], [331, 766], [331, 898], [82, 898]], '새', 0.03001358145471955), ([[517, 835], [555, 835], [555, 881], [517, 881]], '유', 0.06652662969821055), ([[568, 846], [596, 846], [596, 882], [568, 882]], '0', 0.8528435555717806), ([[1131.072960704011, 506.08669173125764], [1168.832376185863, 494.06977182219646], [1191.927039295989, 568.9133082687423], [1154.167623814137, 580.9302281778035]], '국', 0.9699491080939424), ([[761.3762171384482, 695.0194742151712], [895.5255494865283, 808.9563333001626], [840.6237828615518, 874.9805257848288], [707.4744505134717, 761.0436666998374]], '4선', 0.004034350575481675)]
[([[132, 521], [364, 521], [364, 686], [132, 686]], "'식양", 0.014110897469957724), ([[183.87292886485199, 750.053045967431], [379.3900874089684, 779.2229761959898], [360.127071135148, 879.946954032569], [163.60991259103162, 850.7770238040102]], "'", 0.0014695236115720572)]
[([[642, 118], [692, 118], [692, 144], [642, 144]], '자지', 0.9999867659152165), ([[632, 144], [706, 144], [706, 174], [632, 174]], '굉장히', 0.999780725129012), ([[632, 170], [706, 170], [706, 200], [632, 200]], '건강해', 0.9995385391863337), ([[90, 436], [140, 436], [140, 468], [90, 468]], '후후', 0.9996547504756274), ([[88, 464], [162, 464], [162, 494], [88, 494]], '한계인', 0.999927940033214), ([[98, 492], [152, 492], [152, 520], [98, 520]], '걸까', 0.6453900720164718), ([[337, 789], [397, 789], [397, 855], [337, 855]], "'", 0.26604275258455345), ([[400, 826], [430, 826], [430, 856], [400, 856]], "'", 0.39284177813613397)]
[([[1072, 396], [1170, 396], [1170, 426], [1072, 426]], '결정다큼', 0.13646899163722992), ([[1094, 422], [1146, 422], [1146, 452], [1094, 452]], '날려', 0.9753186542747649), ([[1086, 450], [1156, 450], [1156, 478], [1086, 478]], '줄게 )', 0.4960824251174927), ([[134, 518], [194, 518], [194, 544], [134, 544]], '자아!', 0.985847889924077), ([[106, 544], [222, 544], [222, 574], [106, 574]], '가버려탓 >', 0.6180887786155383), ([[0, 603], [99, 603], [99, 717], [0, 717]], '벼7', 0.09163841333590717), ([[235, 545], [301, 545], [301, 675], [235, 675]], '9', 0.939110730779436), ([[713, 518], [797, 518], [797, 696], [713, 696]], '4', 0.7248489032804741), ([[783, 669], [819, 669], [819, 715], [783, 715]], '2', 0.9654899405954929), ([[848, 830], [902, 830], [902, 886], [848, 886]], '2', 0.866413755668848), ([[222.39003105620014, 431.1451708091008], [272.6551912173516, 390.0238803222826], [355.60996894379986, 503.8548291908992], [305.3448087826484, 544.9761196777174]], '7', 0.1267764303155241), ([[726.8225421242738, 716.0462849782774], [882.1202352719912, 743.7295511550112], [855.1774578757262, 872.9537150217226], [698.8797647280088, 845.2704488449888]], '재4', 0.062251822930256086)]
[]
[([[90, 176], [152, 176], [152, 202], [90, 202]], '이놈~', 0.9972984684819522), ([[96, 202], [150, 202], [150, 230], [96, 230]], '인간', 0.7800596012006021), ([[72, 226], [170, 226], [170, 254], [72, 254]], '주제에 ~!', 0.9265361126135344), ([[65, 254], [177, 254], [177, 284], [65, 284]], '정액   전부', 0.7091136706765759), ([[96, 282], [148, 282], [148, 308], [96, 308]], '마서', 0.9734298491367854), ([[78, 308], [166, 308], [166, 340], [78, 340]], '주컷어 !', 0.1980364773686218), ([[352.0217486822804, 778.0435852415409], [525.5745187247126, 815.9702221631442], [500.9782513177196, 911.9564147584591], [326.42548127528744, 873.0297778368558]], '싸다', 0.1469848403715585)]
[([[536.6702733784662, 714.1492028652513], [579.6347163275611, 689.0336665209253], [622.3297266215338, 769.8507971347487], [579.3652836724389, 794.9663334790747]], '7', 0.08469869777059102)]
[([[908, 460], [978, 460], [978, 488], [908, 488]], '아컷 )', 0.1550894862548788), ([[910, 486], [986, 486], [986, 518], [910, 518]], '꿀쩍할', 0.1496472343957228), ([[910, 514], [986, 514], [986, 544], [910, 544]], '거라고', 0.9966508768382257), ([[892, 540], [1004, 540], [1004, 570], [892, 570]], '생각햇어?', 0.3474185438240378), ([[52, 595], [163, 595], [163, 627], [52, 627]], '안타깝네 !', 0.9458515523233543), ([[40, 622], [174, 622], [174, 654], [40, 654]], '염고 맛없는', 0.677630963850197), ([[68, 650], [142, 650], [142, 676], [68, 676]], '인간의', 0.9999849272273436), ([[56, 676], [156, 676], [156, 706], [56, 706]], '정액따위', 0.9996868968009949), ([[56, 704], [156, 704], [156, 734], [56, 734]], '마서주지', 0.9994020462036133), ([[52, 730], [162, 730], [162, 760], [52, 760]], '않듣다고 !', 0.5106085480535894)]
[([[1026, 140], [1078, 140], [1078, 170], [1026, 170]], '전에', 0.9934602852982846), ([[144, 168], [172, 168], [172, 192], [144, 192]], '이', 0.9999145287658031), ([[1014, 168], [1090, 168], [1090, 196], [1014, 196]], '그만큼', 0.9987080097198486), ([[120, 194], [194, 194], [194, 222], [120, 222]], '정도로', 0.8530636429786682), ([[1004, 194], [1100, 194], [1100, 224], [1004, 224]], '제멋대로', 0.6952204115616415), ([[116, 222], [202, 222], [202, 252], [116, 252]], '끝날 순', 0.8647898939338227), ([[1004, 220], [1100, 220], [1100, 250], [1004, 250]], '굳/는결', 0.053150638937950134), ([[122, 248], [198, 248], [198, 278], [122, 278]], '없잖아', 0.6118790759068857), ([[10, 642], [186, 642], [186, 764], [10, 764]], '한대,', 0.07912089011444187), ([[1140, 740], [1166, 740], [1166, 774], [1140, 774]], '2', 0.8861943295227235), ([[1073.3051877060363, 598.021965755375], [1191.6108796587341, 707.1001322671782], [1127.6948122939637, 777.978034244625], [1009.3891203412658, 668.8998677328218]], '(니-', 0.4403879440102138)]
[([[1010, 136], [1110, 136], [1110, 166], [1010, 166]], '이뵈이5', 0.09441453963518143), ([[970, 164], [1150, 164], [1150, 194], [970, 194]], '보지에   비버저서', 0.798224214571963), ([[1020, 190], [1098, 190], [1098, 220], [1020, 220]], '쿠퍼액', 0.9704236161041462), ([[94, 206], [126, 206], [126, 234], [94, 234]], '이', 0.9999439724187056), ([[136, 204], [196, 204], [196, 236], [136, 236]], '변태', 0.9799845528874105), ([[970, 216], [1150, 216], [1150, 246], [970, 246]], '질척하게  나오고', 0.7826785628280574), ([[87, 231], [201, 231], [201, 267], [87, 267]], '마조자식', 0.9993733763694763), ([[1010, 244], [1106, 244], [1106, 276], [1010, 276]], '있장아 ?', 0.6426203077622), ([[870, 473], [1002, 473], [1002, 504], [870, 504]], '자지   물려서', 0.4549520183638287), ([[870, 500], [1000, 500], [1000, 530], [870, 530]], '유두   만져지', 0.5226363490835846), ([[868, 526], [1000, 526], [1000, 559], [868, 559]], '논게   그렇게', 0.45767921113899157), ([[892, 554], [982, 554], [982, 584], [892, 584]], '종구나?', 0.9666693785693292), ([[3, 603], [129, 603], [129, 695], [3, 695]], '세', 0.26595391077379205), ([[392, 602], [597, 602], [597, 734], [392, 734]], '사뇨', 0.013617207100070155), ([[1017, 589], [1181, 589], [1181, 729], [1017, 729]], '14"', 0.07414106279611588), ([[555, 819], [599, 819], [599, 867], [555, 867]], '[', 0.01554836067898524)]
[([[92, 128], [152, 128], [152, 156], [92, 156]], '우우:', 0.9752862453460693), ([[102, 156], [152, 156], [152, 182], [102, 182]], '안에', 0.9899849826094699), ([[1036, 150], [1064, 150], [1064, 176], [1036, 176]], '앗', 0.4871359574673342), ([[92, 180], [164, 180], [164, 212], [92, 212]], '두거운', 0.37212002123598253), ([[1014, 176], [1098, 176], [1098, 206], [1014, 206]], '위험해-', 0.622500478913019), ([[92, 208], [164, 208], [164, 234], [92, 234]], '자지로', 0.9994479709585862), ([[984, 202], [1140, 202], [1140, 232], [984, 232]], '단단한   자지에', 0.9465783905343345), ([[79, 234], [177, 234], [177, 262], [79, 262]], '수서지고', 0.38292211294174194), ([[984, 230], [1140, 230], [1140, 258], [984, 258]], '찢려서   보지도', 0.17467672984882499), ([[80, 262], [130, 262], [130, 292], [80, 292]], '싶어', 0.9998866268599446), ([[990, 255], [1134, 255], [1134, 285], [990, 285]], '기분좋아적어', 0.2950225871807737), ([[480, 702], [542, 702], [542, 758], [480, 758]], '42', 0.3988865308121808)]
[([[1024, 146], [1096, 146], [1096, 172], [1024, 172]], '그래  .', 0.4588584580441056), ([[116, 164], [160, 164], [160, 190], [116, 190]], '가', 0.999988794358174), ([[1030, 172], [1104, 172], [1104, 202], [1030, 202]], '저승길', 0.9930271113755595), ([[116, 192], [170, 192], [170, 220], [116, 220]], '감사', 0.9999827198358404), ([[1030, 198], [1104, 198], [1104, 228], [1030, 228]], '선물로', 0.9800598621368408), ([[104, 218], [180, 218], [180, 248], [104, 248]], '하라구', 0.9999684779805031), ([[1006, 224], [1126, 224], [1126, 252], [1006, 252]], '딱  한번 더', 0.547800552630574), ([[1012, 252], [1124, 252], [1124, 282], [1012, 282]], '내게   꽃게', 0.6349094824995956), ([[891, 271], [937, 271], [937, 307], [891, 307]], '개', 0.2104030664430958), ([[1030, 280], [1106, 280], [1106, 308], [1030, 308]], '해줄게', 0.9111542235287512), ([[906, 334], [938, 334], [938, 372], [906, 372]], '7', 0.9309613033318023), ([[123, 547], [187, 547], [187, 613], [123, 613]], '17', 0.9922328553589629), ([[3, 561], [115, 561], [115, 683], [3, 683]], '{', 0.10251595688083626), ([[1021.6356179195187, 619.0849433561497], [1087.642177713465, 573.0187610997516], [1178.3643820804814, 720.9150566438503], [1112.357822286535, 765.9812389002484]], '{', 0.3939311577798357), ([[713.1067444385466, 676.050025503064], [802.918066071375, 719.8579712397055], [771.8932555614534, 780.949974496936], [683.081933928625, 737.1420287602945]], '74=', 0.13389558954287983)]
[([[216, 154], [280, 154], [280, 186], [216, 186]], '아룻!', 0.7161497297154089), ([[192, 182], [304, 182], [304, 212], [192, 212]], '자지   윗다', 0.33208226231888577), ([[348, 376], [402, 376], [402, 462], [348, 462]], '17', 0.7580623177646191), ([[1014, 604], [1088, 604], [1088, 688], [1014, 688]], '77', 0.1868415624773595), ([[1078, 664], [1156, 664], [1156, 762], [1078, 762]], '"7', 0.3705585545049166), ([[328.4290466368775, 234.03270574083444], [367.44863352448107, 222.02016787826017], [398.5709533631225, 330.96729425916556], [358.55136647551893, 342.97983212173983]], '2', 0.193913552203818), ([[663.2824301117925, 605.0257785539152], [729.5283614789449, 580.0139680479398], [790.7175698882075, 763.9742214460848], [723.4716385210551, 788.9860319520602]], '}', 0.6062980281086858)]
[([[134, 126], [188, 126], [188, 156], [134, 156]], '인생', 0.9997244550247201), ([[124, 152], [198, 152], [198, 182], [124, 182]], '최후의', 0.974884033203125), ([[124, 180], [174, 180], [174, 206], [124, 206]], '보지', 0.9996723661220551), ([[996, 174], [1056, 174], [1056, 202], [996, 202]], '후후:', 0.9038447550415779), ([[122, 206], [198, 206], [198, 236], [122, 236]], '마음껏', 0.9998983454059868), ([[974, 202], [1094, 202], [1094, 232], [974, 232]], '인간치고는', 0.9346747800424392), ([[122, 232], [198, 232], [198, 262], [122, 262]], '즐기논', 0.40851473996475146), ([[998, 228], [1070, 228], [1070, 256], [998, 256]], '" 꽤나', 0.3004840612411499), ([[124, 260], [174, 260], [174, 288], [124, 288]], '거네', 0.9999560832663056), ([[984, 254], [1062, 254], [1062, 286], [984, 286]], '크장아', 0.7978784362415772), ([[1039, 631], [1079, 631], [1079, 667], [1039, 667]], ')9', 0.9736138434149363), ([[118, 644], [196, 644], [196, 692], [118, 692]], '07', 0.49554777187598426), ([[1065, 661], [1107, 661], [1107, 705], [1065, 705]], '(', 0.20294322517608876), ([[1101, 705], [1143, 705], [1143, 741], [1101, 741]], ')0', 0.2562852526343186), ([[807.3088020879675, 266.0601719014147], [839.8268197139321, 259.0863866873881], [855.6911979120325, 330.9398280985853], [823.1731802860679, 337.9136133126119]], '5', 0.5206719743191321), ([[33.37004658340298, 688.2731350918687], [107.83095771562897, 678.7869386901176], [111.62995341659702, 726.7268649081313], [38.16904228437104, 737.2130613098824]], '47', 0.10799511440397873)]
[([[226, 137], [322, 137], [322, 167], [226, 167]], '필사적으', 0.9709756374359131), ([[232, 164], [316, 164], [316, 192], [232, 192]], '로 발기', 0.9992675145544563), ([[1036, 164], [1096, 164], [1096, 194], [1036, 194]], '후후:', 0.7064912253684448), ([[226, 192], [302, 192], [302, 220], [226, 220]], '시켜서', 0.995645718241648), ([[1036, 192], [1112, 192], [1112, 222], [1036, 222]], '딱딱한', 0.9735378596670606), ([[246, 218], [298, 218], [298, 246], [246, 246]], '실로', 0.9999623209253468), ([[1036, 220], [1114, 220], [1114, 248], [1036, 248]], '자지가', 0.9998117645890491), ([[236, 244], [310, 244], [310, 274], [236, 274]], '죽음올', 0.9354409847836874), ([[1036, 246], [1110, 246], [1110, 276], [1036, 276]], '자궁올', 0.25712522780861496), ([[248, 270], [300, 270], [300, 300], [248, 300]], '앞문', 0.46492789227353826), ([[1024, 272], [1122, 272], [1122, 302], [1024, 302]], '난족하게', 0.19820281863212585), ([[236, 298], [310, 298], [310, 328], [236, 328]], '몸부림', 0.9985778562782203), ([[1026, 298], [1124, 298], [1124, 330], [1026, 330]], '두들기고', 0.9996490478515625), ([[236, 324], [286, 324], [286, 352], [236, 352]], '이네', 0.9998733089240648), ([[1036, 326], [1086, 326], [1086, 356], [1036, 356]], '있어', 0.9977800892264339), ([[0, 608], [138, 608], [138, 730], [0, 730]], '1?4', 0.012200580587919865), ([[1027.0303382047318, 480.04282171347035], [1110.7994366472242, 465.6770023169755], [1133.9696617952682, 614.9571782865297], [1050.2005633527758, 630.3229976830245]], '름', 0.000661172856090856), ([[633.2365201021611, 516.0987763882121], [659.4853250811994, 504.0395170046834], [682.7634798978389, 559.9012236117879], [656.5146749188006, 570.9604829953166]], '2', 0.8853806888323703)]
[([[1070, 114], [1100, 114], [1100, 140], [1070, 140]], '아', 0.9999419459185823), ([[172, 128], [222, 128], [222, 158], [172, 158]], '다시', 0.9999878617292061), ([[1058, 140], [1130, 140], [1130, 166], [1058, 166]], '안에서', 0.9789515519715769), ([[130, 156], [266, 156], [266, 186], [130, 186]], '하등한   인간', 0.7613453332763714), ([[1070, 166], [1122, 166], [1122, 196], [1070, 196]], '자지', 0.999974459105336), ([[148, 182], [244, 182], [244, 212], [148, 212]], '따위에 게', 0.4582895732007404), ([[1060, 192], [1134, 192], [1134, 224], [1060, 224]], '부풀고', 0.9918599849181898), ([[148, 210], [244, 210], [244, 240], [148, 240]], '더럽혀저', 0.8993728756904602), ([[1058, 218], [1110, 218], [1110, 249], [1058, 249]], '있어', 0.9918731727486367), ([[148, 236], [240, 236], [240, 264], [148, 264]], '버려:. $', 0.09711352196057156), ([[924, 266], [978, 266], [978, 296], [924, 296]], '정자', 0.998933935538495), ([[906, 294], [992, 294], [992, 324], [906, 324]], '와버려 !', 0.9889707618551875), ([[1006, 440], [1128, 440], [1128, 586], [1006, 586]], '16', 0.051336964671483284)]
[([[178, 69], [233, 69], [233, 180], [178, 180]], '하', 0.10893488552960662), ([[865, 141], [881, 141], [881, 163], [865, 163]], '으', 0.9800665022851263), ([[1005, 59], [1074, 59], [1074, 164], [1005, 164]], '아', 0.15278341454563193), ([[309, 163], [353, 163], [353, 221], [309, 221]], '7', 0.3235511742337991), ([[240, 256], [338, 256], [338, 356], [240, 356]], '17', 0.9990319398943259), ([[320, 370], [418, 370], [418, 476], [320, 476]], '17', 0.9089818849400786), ([[1034, 530], [1136, 530], [1136, 652], [1034, 652]], '7,', 0.012867494864535638), ([[1088, 662], [1136, 662], [1136, 734], [1088, 734]], '0', 0.5654966103757033), ([[1135, 705], [1173, 705], [1173, 769], [1135, 769]], '1', 0.23099466460170337), ([[9, 733], [113, 733], [113, 817], [9, 817]], '+"1', 0.5083287358283997), ([[880.4082148249082, 141.00973067720938], [1114.6362872532184, 367.12730428227707], [1011.5917851750918, 480.99026932279065], [776.3637127467817, 254.87269571772296]], '시다~,', 0.09161091595888138), ([[694.234300746846, 526.0367277671977], [754.2594582762159, 509.09976172191807], [788.765699253154, 645.9632722328023], [729.7405417237841, 662.9002382780819]], '년', 0.4639087543509959), ([[0.2720052199187477, 628.1504297535369], [105.65856331647957, 612.5392001393662], [114.72799478008125, 704.8495702464631], [9.341436683520422, 720.4607998606338]], '47', 0.6575497917729537)]
[([[270, 116], [330, 116], [330, 148], [270, 148]], '좋아:', 0.33404729545038997), ([[270, 144], [342, 144], [342, 170], [270, 170]], '그쪽이', 0.9975103084687221), ([[280, 172], [332, 172], [332, 198], [280, 198]], '그럴', 0.7613177022522605), ([[269, 195], [344, 195], [344, 228], [269, 228]], '거라면', 0.9994169330119281), ([[104, 292], [130, 292], [130, 316], [104, 316]], '이', 0.9999145287658031), ([[1040, 296], [1068, 296], [1068, 322], [1040, 322]], '여', 0.999993562708724), ([[80, 318], [154, 318], [154, 348], [80, 348]], '상태로', 0.9999474174914434), ([[1014, 322], [1120, 322], [1120, 352], [1014, 352]], '염려  없이', 0.6456120579744685), ([[80, 344], [154, 344], [154, 374], [80, 374]], '최후의', 0.9993920889836004), ([[805, 292], [848, 292], [848, 409], [805, 409]], '모', 0.11655772287453203), ([[1006, 350], [1126, 350], [1126, 380], [1006, 380]], '싸버력구나', 0.48409375644769054), ([[82, 372], [154, 372], [154, 402], [82, 402]], '한방울', 0.9979363459432644), ([[90, 398], [142, 398], [142, 424], [90, 424]], '까지', 0.9772258703690985), ([[74, 424], [158, 424], [158, 452], [74, 452]], '짜내 줄', 0.7749823286818662), ([[70, 452], [144, 452], [144, 482], [70, 482]], '테니까', 0.9989017632535988), ([[1060, 632], [1110, 632], [1110, 702], [1060, 702]], '사"', 0.8627257183890779), ([[1094, 688], [1126, 688], [1126, 738], [1094, 738]], ')', 0.03220616044244928), ([[790.9286568319889, 192.07206055671742], [840.6043289018352, 163.0228584957764], [903.0713431680111, 281.9279394432826], [853.3956710981648, 310.9771415042236]], '6', 0.5192550955218991)]
[([[68, 130], [214, 130], [214, 158], [68, 158]], '허리가 멋대로', 0.98616228518106), ([[80, 154], [204, 154], [204, 182], [80, 182]], '움직여 버럿', 0.8638535190781244), ([[1050, 162], [1122, 162], [1122, 186], [1050, 186]], '하아아', 0.9999257376383089), ([[85, 175], [201, 175], [201, 203], [85, 203]], '음란보지가', 0.830125183856741), ([[1060, 184], [1112, 184], [1112, 208], [1060, 208]], '자지', 0.9999806967979504), ([[67, 195], [214, 195], [214, 228], [67, 228]], '하등하 자지흘', 0.2596189478655994), ([[1049, 204], [1142, 204], [1142, 235], [1049, 235]], '인간자지', 0.9999347925186157), ([[68, 222], [214, 222], [214, 246], [68, 246]], '바라게 되버려', 0.9161310593089678), ([[1058, 230], [1130, 230], [1130, 258], [1058, 258]], '좋아 . .', 0.8408983616742638), ([[100, 244], [164, 244], [164, 268], [100, 268]], '어어 ~', 0.58334769667832), ([[990, 690], [1082, 690], [1082, 718], [990, 718]], '보지입구', 0.9998576641082764), ([[988, 712], [1082, 712], [1082, 738], [988, 738]], '자극해서', 0.9999436736106873)]
[([[1070, 124], [1096, 124], [1096, 170], [1070, 170]], '앞', 0.7177537587518259), ([[1056, 168], [1106, 168], [1106, 196], [1056, 196]], '온다', 0.9831253582483512), ([[94, 200], [228, 200], [228, 230], [94, 230]], '빨리 싸쥐엇!', 0.7208504742617259), ([[118, 222], [198, 222], [198, 248], [118, 248]], '내 안에', 0.6140521668447223), ([[102, 246], [214, 246], [214, 272], [102, 272]], '푹-뜻-하고', 0.8335900269367685), ([[98, 267], [224, 267], [224, 293], [98, 293]], '내보내쥐 !', 0.5847597921987521), ([[996, 656], [1144, 656], [1144, 686], [996, 686]], '딱딱한 자지가', 0.6369660222267172), ([[1022, 680], [1116, 680], [1116, 708], [1022, 708]], '사정하고', 0.9999716281890869), ([[1034, 704], [1106, 704], [1106, 732], [1034, 732]], '싶어서', 0.6540567278862), ([[1012, 724], [1128, 724], [1128, 756], [1012, 756]], '움질거리고', 0.6441011783561394), ([[1040, 748], [1100, 748], [1100, 776], [1040, 776]], '있어!', 0.9941898139290785)]
[([[639, 47], [655, 47], [655, 77], [639, 77]], '우', 0.9053764888697617), ([[1080, 94], [1108, 94], [1108, 128], [1080, 128]], '0', 0.2661640809670054), ([[610, 102], [638, 102], [638, 152], [610, 152]], '야', 0.9143471721126986)]
[([[80, 150], [130, 150], [130, 174], [80, 174]], '보지', 0.9938407509173244), ([[58, 172], [108, 172], [108, 200], [58, 200]], '정자', 0.99986133968425), ([[56, 192], [155, 192], [155, 228], [56, 228]], '기분좋아', 0.6250931024551392), ([[1025, 337], [1043, 337], [1043, 369], [1025, 369]], '}', 0.17811925882894286), ([[1060, 738], [1110, 738], [1110, 764], [1060, 764]], '아하', 0.10887319810380858), ([[101.39207453344477, 430.43701614698983], [144.73087558239084, 390.03345615193984], [215.60792546655523, 474.56298385301017], [172.26912441760916, 514.9665438480602]], '$', 0.33837554549569404)]
[([[284, 54], [334, 54], [334, 110], [284, 110]], '7', 0.5342634144889225), ([[100, 128], [194, 128], [194, 156], [100, 156]], '자 . 자궁', 0.8674432095398928), ([[1054, 140], [1140, 140], [1140, 166], [1054, 166]], '우으으 ~', 0.7359686167888515), ([[90, 150], [206, 150], [206, 180], [90, 180]], '깊숙히까지', 0.9905708266503658), ([[1084, 162], [1132, 162], [1132, 188], [1084, 188]], '역시', 0.9999591178017129), ([[112, 172], [162, 172], [162, 200], [112, 200]], '원해', 0.9998438073523916), ([[1070, 184], [1120, 184], [1120, 210], [1070, 210]], '전혀', 0.999824926480321), ([[84, 192], [213, 192], [213, 228], [84, 228]], '종다_흉악한', 0.23678512810265537), ([[1046, 208], [1138, 208], [1138, 236], [1046, 236]], '모살라 . .', 0.4085463741137786), ([[79, 218], [215, 218], [215, 244], [79, 244]], '거대자지에게', 0.9986237766543568), ([[76, 235], [217, 235], [217, 272], [76, 272]], '엉망진창으로', 0.991272877019137), ([[82, 264], [186, 264], [186, 292], [82, 292]], '되고 싶어', 0.9731189739847094), ([[1034, 662], [1082, 662], [1082, 690], [1034, 690]], '이런', 0.9999588649236593), ([[1022, 686], [1094, 686], [1094, 712], [1022, 712]], '조그만', 0.9789475798606873), ([[1000, 707], [1116, 707], [1116, 735], [1000, 735]], '인간자지론', 0.9346609691527985), ([[1006, 732], [1108, 732], [1108, 762], [1006, 762]], '만족할 수', 0.5268098178686634), ([[1022, 754], [1070, 754], [1070, 782], [1022, 782]], '없어', 0.9999908119993876)]
[([[758, 96], [832, 96], [832, 128], [758, 128]], '후후후', 0.9996979997485892), ([[140, 116], [172, 116], [172, 156], [140, 156]], '9', 0.23467249726587625), ([[780, 126], [832, 126], [832, 154], [780, 154]], '이뤄', 0.22223095273809929), ([[758, 152], [832, 152], [832, 182], [758, 182]], '어떻게', 0.9021736815983757), ([[752, 178], [840, 178], [840, 208], [752, 208]], '된거야?', 0.9471151491626618), ([[718, 450], [792, 450], [792, 480], [718, 480]], '모처럼', 0.9995521658081572), ([[678, 476], [834, 476], [834, 508], [678, 508]], '묶은결   풀어서', 0.4949009148840888), ([[716, 504], [792, 504], [792, 534], [716, 534]], '찬스홀', 0.3863116616248217), ([[700, 530], [810, 530], [810, 560], [700, 560]], '준 거니까', 0.983569157658388), ([[678, 555], [831, 555], [831, 588], [678, 588]], '내게   되받아처', 0.8791244557540958), ([[718, 584], [794, 584], [794, 614], [718, 614]], '보리구', 0.9065606736710791), ([[54, 714], [146, 714], [146, 742], [54, 742]], '아니면', 0.9999827936409793), ([[34, 740], [166, 740], [166, 770], [34, 770]], '그럴  배장도', 0.47106736410193445), ([[44, 768], [154, 768], [154, 798], [44, 798]], '없올  만큼', 0.782566333786574), ([[37, 796], [159, 796], [159, 826], [37, 826]], '겁쟁이자식', 0.876873511425158), ([[54, 822], [144, 822], [144, 850], [54, 850]], '인거야?', 0.9865440130233765)]
[([[716, 166], [836, 166], [836, 196], [716, 196]], '아아   진짜!', 0.8201785224011408), ([[720, 192], [832, 192], [832, 222], [720, 222]], '못참켓네 !', 0.8483179642912848), ([[710, 472], [786, 472], [786, 502], [710, 502]], '이렇게', 0.7729781714660846), ([[710, 498], [784, 498], [784, 528], [710, 528]], '된다면', 0.4649156558907884), ([[700, 524], [796, 524], [796, 554], [700, 554]], '그때처럼', 0.9950127601623535), ([[698, 552], [796, 552], [796, 582], [698, 582]], '최음제틀', 0.23151284456253052), ([[688, 578], [786, 578], [786, 610], [688, 610]], '처넣어서', 0.9187051510382034), ([[45, 659], [165, 659], [165, 687], [45, 687]], '거대자지의', 0.9994986044289449), ([[46, 686], [168, 686], [168, 718], [46, 718]], '성욕괴물로', 0.6791143559968138), ([[52, 714], [162, 714], [162, 742], [52, 742]], '만들거야!', 0.9981588293274727), ([[565, 933], [629, 933], [629, 1041], [565, 1041]], '대', 0.6160756976689221), ([[613, 1041], [657, 1041], [657, 1109], [613, 1109]], '7', 0.6904311845415236), ([[115.45712471483401, 171.03701041828825], [148.41442433703781, 159.02152636443688], [179.542875285166, 251.96298958171175], [147.58557566296219, 262.9784736355631]], '4', 0.4899590953780866), ([[127.61363425706809, 284.02498377942425], [153.32769765560656, 277.0179513339803], [177.3863657429319, 366.97501622057575], [151.67230234439344, 373.9820486660197]], '#', 0.9613253981913807)]
[([[718, 144], [818, 144], [818, 174], [718, 174]], '이뤄이 5', 0.09075339125494859), ([[688, 172], [844, 172], [844, 198], [688, 198]], '그 조루자지로', 0.6341864484019748), ([[740, 198], [792, 198], [792, 228], [740, 228]], '나름', 0.8026108497060253), ([[705, 224], [827, 224], [827, 254], [705, 254]], '범해보라고', 0.9974834587979202), ([[705, 249], [826, 249], [826, 281], [705, 281]], '하느거야 ?', 0.31138101000605345), ([[68, 610], [142, 610], [142, 642], [68, 642]], '아니면', 0.999950858743764), ([[40, 638], [172, 638], [172, 670], [40, 670]], '이렇게   해서', 0.8805917502957049), ([[68, 666], [144, 666], [144, 692], [68, 692]], '요도가', 0.9999032319526263), ([[56, 692], [154, 692], [154, 722], [56, 722]], '엘리논게', 0.2549147605895996), ([[78, 720], [132, 720], [132, 748], [78, 748]], '기쁨', 0.9849128653848489), ([[62, 746], [152, 746], [152, 776], [62, 776]], '거구나?', 0.6857074573355492), ([[516, 756], [686, 756], [686, 936], [516, 936]], '새', 0.7511484219627995), ([[751, 967], [775, 967], [775, 987], [751, 987]], '이', 0.9998819862853594), ([[708, 992], [818, 992], [818, 1022], [708, 1022]], '못쓰게   된', 0.8079848649841995), ([[703, 1018], [821, 1018], [821, 1048], [703, 1048]], '변태자식 }', 0.39621164665461545)]
[([[744, 108], [816, 108], [816, 136], [744, 136]], '후후: .', 0.45912845884940096), ([[64, 132], [116, 132], [116, 158], [64, 158]], '그래', 0.9999163816765495), ([[719, 135], [839, 135], [839, 163], [719, 163]], '이런이런  .', 0.7548458063714762), ([[64, 158], [140, 158], [140, 186], [64, 186]], '이거야', 0.999632549619082), ([[714, 162], [846, 162], [846, 194], [714, 194]], '절린  사이에', 0.3092027817732786), ([[58, 186], [142, 186], [142, 212], [58, 212]], '이 거대', 0.9986378217771847), ([[736, 188], [824, 188], [824, 218], [736, 218]], '내   독이', 0.6509954545860034), ([[64, 212], [134, 212], [134, 242], [64, 242]], '자지 ?', 0.6373661982960172), ([[720, 214], [842, 214], [842, 246], [720, 246]], '주입 되버린', 0.7764798414463822), ([[720, 242], [818, 242], [818, 272], [720, 272]], '모양이네', 0.6257733277875125), ([[59, 347], [121, 347], [121, 423], [59, 423]], '과', 0.05334547293049141), ([[731, 357], [797, 357], [797, 459], [731, 459]], '2', 0.9801192557803837), ([[78, 584], [174, 584], [174, 612], [78, 612]], '오랜만의', 0.9874371108593903), ([[58, 610], [192, 610], [192, 640], [58, 640]], '초강력   마계', 0.5466836242615122), ([[75, 635], [173, 635], [173, 665], [75, 665]], '최음제로', 0.9996264576911926), ([[88, 664], [164, 664], [164, 694], [88, 694]], '이성이', 0.9622792132719238), ([[70, 690], [184, 690], [184, 720], [70, 720]], '날아자어?', 0.2189486114869585), ([[754, 682], [804, 682], [804, 712], [754, 712]], '빨리', 0.9999325657083509), ([[742, 710], [814, 710], [814, 736], [742, 736]], '보지에', 0.9977607539023907), ([[742, 736], [816, 736], [816, 766], [742, 766]], '꽂아서', 0.9893160465803263), ([[736, 764], [820, 764], [820, 790], [736, 790]], '날  엉망', 0.6990766437602701), ([[730, 790], [826, 790], [826, 818], [730, 818]], '진창으로', 0.9961739778518677), ([[730, 816], [824, 816], [824, 844], [730, 844]], '해쥐: . )', 0.1576530585708412), ([[40, 998], [114, 998], [114, 1028], [40, 1028]], '이결로', 0.5072281081719033), ([[40, 1026], [114, 1026], [114, 1056], [40, 1056]], '조금은', 0.9997880458831787), ([[511.13270887305833, 766.0313824482052], [591.5448919310238, 725.0123775174764], [683.8672911269416, 927.9686175517948], [603.4551080689762, 968.9876224825236]], "'", 0.03258626461462555), ([[111.13525286319094, 868.0287929478641], [200.57720797706938, 831.0128205159393], [280.86474713680906, 1043.971207052136], [191.42279202293062, 1081.9871794840608]], '못', 0.01329722394018873), ([[573.6222944363531, 1036.0142865598602], [613.3178272839, 1024.010111642771], [660.3777055636469, 1177.9857134401398], [620.6821727161, 1190.989888357229]], '{', 0.7477982800857639)]
[([[69, 109], [111, 109], [111, 159], [69, 159]], '2', 0.9143255141953546), ([[733, 61], [867, 61], [867, 293], [733, 293]], '내', 0.22389691131721268), ([[109, 271], [153, 271], [153, 349], [109, 349]], '0', 0.9187789778968778), ([[606, 824], [850, 824], [850, 1126], [606, 1126]], '끼', 0.7262460108067081), ([[75.12613958504917, 160.04787022394743], [134.36693916884497, 149.3581678263006], [153.87386041495083, 266.9521297760526], [94.63306083115505, 277.6418321736994]], '항', 0.716778584075147)]
[([[593, 31], [703, 31], [703, 185], [593, 185]], '(7', 0.4650064852001768), ([[794, 122], [822, 122], [822, 146], [794, 146]], '가', 0.9999393233920593), ([[748, 144], [820, 144], [820, 174], [748, 174]], '갑자기', 0.9953081277108149), ([[768, 168], [818, 168], [818, 194], [768, 194]], '찌흘', 0.31214387253120396), ([[751, 187], [840, 187], [840, 219], [751, 219]], '속셈::?', 0.8377550401039028), ([[81, 243], [105, 243], [105, 263], [81, 263]], '시', 0.9999533897109281), ([[64, 260], [120, 260], [120, 318], [64, 318]], '신단', 0.7048075780964737), ([[90, 264], [142, 264], [142, 314], [90, 314]], '단에', 0.3789552089375872), ([[56, 310], [154, 310], [154, 340], [56, 340]], '가버로어', 0.407461017370224), ([[719, 409], [823, 409], [823, 469], [719, 469]], '"(', 0.2527837996770987), ([[724, 584], [832, 584], [832, 614], [724, 614]], '이 두거운', 0.5153025459717471), ([[727, 607], [825, 607], [825, 633], [727, 633]], '거대자지', 0.9998776316642761), ([[762, 630], [814, 630], [814, 658], [762, 658]], '상상', 0.9999535544888598), ([[729, 653], [823, 653], [823, 679], [729, 679]], '이상으로', 0.9998557567596436), ([[730, 676], [826, 676], [826, 706], [730, 706]], '위험할지', 0.5746952891349792), ([[0, 645], [154, 645], [154, 791], [0, 791]], '4"7', 0.7993924093862628), ([[745, 703], [785, 703], [785, 723], [745, 723]], '도:', 0.9214479888637608), ([[175, 795], [331, 795], [331, 931], [175, 931]], '717', 0.2336021002765897), ([[639, 787], [729, 787], [729, 901], [639, 901]], '1', 0.09854909151150171), ([[80, 894], [154, 894], [154, 926], [80, 926]], '아쉽게', 0.43373268385853997), ([[56, 916], [130, 916], [130, 944], [56, 944]], '뜻:  네', 0.227035547785642), ([[69, 941], [139, 941], [139, 961], [69, 961]], '이: 이', 0.38803815718412377), ([[68, 964], [94, 964], [94, 988], [68, 988]], '도', 0.9997018797890611), ([[114, 962], [142, 962], [142, 990], [114, 990]], '톤', 0.8107836734410832), ([[42, 960], [122, 960], [122, 1016], [42, 1016]], '정독도', 0.07441047685571256)]
[([[20, 12], [86, 12], [86, 60], [20, 60]], '가', 0.9999227538721698), ([[772, 44], [822, 44], [822, 92], [772, 92]], '하', 0.9861097878297223), ([[4, 224], [56, 224], [56, 290], [4, 290]], '씨', 0.051861749691797465), ([[21, 91], [107, 91], [107, 309], [21, 309]], '}', 0.014526258263076963), ([[758, 348], [784, 348], [784, 376], [758, 376]], '경', 0.5084018933905696), ([[0, 336], [52, 336], [52, 428], [0, 428]], '뉴"', 0.20328571309849353), ([[734, 370], [758, 370], [758, 398], [734, 398]], '경', 0.6584314734026044), ([[734, 368], [838, 368], [838, 420], [734, 420]], "경장해애'", 0.33114392551971417), ([[762, 394], [830, 394], [830, 418], [762, 418]], "'보지", 0.5601979494094849), ([[736, 416], [832, 416], [832, 444], [736, 444]], '4걱4적', 0.26149168610572815), ([[62, 554], [178, 554], [178, 580], [62, 580]], '거대자지로', 0.9997933067963746), ([[72, 576], [170, 576], [170, 602], [72, 602]], '가득차서', 0.9996892213821411), ([[60, 600], [184, 600], [184, 626], [60, 626]], '더는 자지만', 0.6927308658862132), ([[52, 622], [192, 622], [192, 652], [52, 652]], '생각 활수바께', 0.27341916141366873), ([[79, 639], [166, 639], [166, 676], [79, 676]], '업서어!', 0.94083571434021), ([[532, 725], [696, 725], [696, 971], [532, 971]], '4', 0.3038308718751104)]
[([[261, 0], [497, 0], [497, 111], [261, 111]], '배7>', 0.5703884624149833), ([[665, 77], [681, 77], [681, 113], [665, 113]], '우', 0.9625970202552345), ([[773, 177], [809, 177], [809, 197], [773, 197]], '부 .', 0.8996850767785227), ([[760, 196], [832, 196], [832, 220], [760, 220]], '부서저', 0.9689053411712271), ([[759, 223], [837, 223], [837, 241], [759, 241]], '버려', 0.998271489852115), ([[770, 242], [822, 242], [822, 266], [770, 266]], '보지', 0.99794983473077), ([[760, 264], [830, 264], [830, 288], [760, 288]], '부서저', 0.9999447333157349), ([[756, 286], [838, 286], [838, 312], [756, 312]], '버려어!', 0.9880529642105103), ([[700, 396], [846, 396], [846, 544], [700, 544]], '6?', 0.013218519040326223), ([[46, 542], [182, 542], [182, 570], [46, 570]], '초거대두 꺼운', 0.4953222847179029), ([[56, 566], [172, 566], [172, 594], [56, 594]], '흉악자 지에', 0.7378365151087564), ([[66, 588], [162, 588], [162, 616], [66, 616]], '안쪽까지', 0.8025007843971252), ([[91, 613], [137, 613], [137, 633], [91, 633]], '벌벽', 0.1636525654793121), ([[68, 632], [164, 632], [164, 658], [68, 658]], '후벼저서', 0.5271539092063904), ([[56, 656], [176, 656], [176, 684], [56, 684]], '자궁바보가', 0.7771073025137979), ([[54, 680], [180, 680], [180, 704], [54, 704]], '대어버려어!', 0.993277505712581), ([[758, 852], [832, 852], [832, 882], [758, 882]], '하등한', 0.8407772040479622), ([[736, 874], [854, 874], [854, 904], [736, 904]], '인간자 지맛', 0.8723496905168502), ([[758, 898], [830, 898], [830, 922], [758, 922]], '배우게', 0.9997159625028291), ([[160, 786], [331, 786], [331, 1081], [160, 1081]], '7', 0.33712538785636426), ([[623, 925], [685, 925], [685, 997], [623, 997]], '5', 0.32400856580219184), ([[735, 920], [855, 920], [855, 946], [735, 946]], '되버려어 ~!', 0.6404862867632377), ([[57, 945], [169, 945], [169, 1127], [57, 1127]], '비', 0.2983812978713196), ([[3.7818357438392662, 281.0619902896248], [79.6145770236779, 233.01574803828095], [175.21816425616075, 402.9380097103752], [98.3854229763221, 451.98425196171905]], '6', 0.08963584616873277)]
[([[0, 250], [148, 250], [148, 438], [0, 438]], '0', 0.9480865573037569), ([[717, 269], [857, 269], [857, 461], [717, 461]], '내', 0.2174113534084796), ([[23, 547], [113, 547], [113, 683], [23, 683]], '7', 0.03845051003182576), ([[822, 728], [896, 728], [896, 816], [822, 816]], '개', 0.4509134071896348)]
[([[767, 147], [789, 147], [789, 167], [767, 167]], '뜨', 0.9787241854991322), ([[732, 168], [800, 168], [800, 194], [732, 194]], '뜨거운', 0.9876132680667576), ([[732, 190], [826, 190], [826, 220], [732, 220]], '자지정액', 0.9995699524879456), ([[744, 214], [792, 214], [792, 244], [744, 244]], '밀크', 0.9933417455748565), ([[744, 236], [836, 236], [836, 264], [744, 264]], '꿀령꿀령', 0.2135019451379776), ([[752, 258], [802, 258], [802, 284], [752, 284]], '가득', 0.999172673344013), ([[70, 282], [118, 282], [118, 308], [70, 308]], '뱃속', 0.7387228092608131), ([[138, 282], [166, 282], [166, 306], [138, 306]], '빠', 0.9924846761852137), ([[82, 304], [132, 304], [132, 334], [82, 334]], '빵빵', 0.9944835671696938), ([[68, 328], [144, 328], [144, 352], [68, 352]], '보지가', 0.9945318927714465), ([[46, 350], [186, 350], [186, 378], [46, 378]], '인간자 지에게', 0.7507541696079596), ([[76, 372], [162, 372], [162, 398], [76, 398]], '.지배되', 0.6122189164161682), ([[683, 347], [719, 347], [719, 415], [683, 415]], '4', 0.6416483607200831), ([[58, 396], [172, 396], [172, 424], [58, 424]], '버(다   $', 0.06485385796742096), ([[716, 384], [838, 384], [838, 534], [716, 534]], '67', 0.36460515462929843), ([[0, 627], [125, 627], [125, 732], [0, 732]], '4"', 0.1621326688658071), ([[736, 720], [826, 720], [826, 748], [736, 748]], '이런거  ', 0.3949443149595592), ([[724, 744], [820, 744], [820, 772], [724, 772]], '꿀욕인데', 0.20709693431854248), ([[2, 730], [158, 730], [158, 850], [2, 850]], '얼"', 0.037507394610194554), ([[734, 788], [832, 788], [832, 816], [734, 816]], '더욱 기분', 0.9604162691150967), ([[748, 764], [840, 764], [840, 792], [748, 792]], '그런데도', 0.9999799132347107), ([[862, 744], [894, 744], [894, 806], [862, 806]], '0', 0.24281512229496016), ([[712, 810], [828, 810], [828, 838], [712, 838]], '좋아서  모', 0.6498660258997286), ([[724, 834], [814, 834], [814, 862], [724, 862]], '못참아  .', 0.37278436657492925), ([[206, 832], [424, 832], [424, 1004], [206, 1004]], '"고', 0.028811342209171885), ([[40, 982], [158, 982], [158, 1008], [40, 1008]], '어떡해 . 버', 0.9189519829075609), ([[48, 1006], [172, 1006], [172, 1032], [48, 1032]], '버릇이 되어', 0.9987669983632094), ([[42, 1028], [178, 1028], [178, 1056], [42, 1056]], '버질지도 . )', 0.09728754107989125), ([[518.9484287718934, 11.061644561094115], [705.7638677191137, 38.95192221781581], [690.0515712281066, 113.93835543890589], [504.2361322808863, 86.04807778218418]], '6""', 0.9807264611991796), ([[118.39090974857226, 63.346366069717334], [314.4688998885307, 32.682318674643525], [322.60909025142774, 119.65363393028267], [125.53110011146931, 151.3176813253565]], '6"2 ",', 0.3036788962338187), ([[642.7437825857835, 1052.065934564943], [703.5627604193845, 993.0132030671086], [858.2562174142165, 1170.934065435057], [797.4372395806155, 1229.9867969328914]], '3', 0.10872985502839416), ([[592.936083991934, 1099.0631055322456], [703.1630807097359, 1120.2099982419084], [684.063916008066, 1200.9368944677544], [574.8369192902641, 1179.7900017580916]], '("?', 0.32245543599128723)]
[([[738, 170], [830, 170], [830, 196], [738, 196]], '여   역시', 0.2750924696775724), ([[76, 164], [150, 164], [150, 252], [76, 252]], '+"', 0.39011618391525155), ([[737, 191], [830, 191], [830, 221], [737, 221]], '인간자지', 0.9999754428863525), ([[738, 214], [788, 214], [788, 240], [738, 240]], '따이', 0.9979999597104402), ([[726, 238], [820, 238], [820, 264], [726, 264]], '저녀. 엇', 0.8047964287831963), ([[713, 258], [808, 258], [808, 289], [713, 289]], '아무것도', 0.9988248348236084), ([[714, 284], [832, 284], [832, 310], [714, 310]], '아니: 자나', 0.6268028804390737), ([[70, 346], [100, 346], [100, 382], [70, 382]], '"', 0.29293084097193756), ([[708, 418], [812, 418], [812, 516], [708, 516]], '77', 0.2407030867141299), ([[86, 496], [138, 496], [138, 550], [86, 550]], '형말', 0.056886363418918236), ([[81, 543], [99, 543], [99, 567], [81, 567]], '으', 0.7788062373757363), ([[124, 542], [148, 542], [148, 566], [124, 566]], '히', 0.99278967656916), ([[78, 564], [150, 564], [150, 596], [78, 596]], '형편없', 0.9990968574192058), ([[88, 588], [116, 588], [116, 612], [88, 612]], '어', 0.9999797345234498), ([[156, 985], [360, 985], [360, 1143], [156, 1143]], '묻대', 0.0027895409391143636), ([[-13.513448114846616, 660.0146579901842], [52.24783060080966, 648.086924279931], [88.51344811484661, 852.9853420098158], [21.752169399190343, 865.913075720069]], '4', 0.49387527724320535), ([[769.1940996192479, 641.0250038698925], [911.9997971396693, 733.9273754349739], [849.8059003807521, 827.9749961301075], [707.0002028603307, 735.0726245650261]], '배7', 0.03989408560251005), ([[559.3009300182813, 887.0306022084062], [646.8290956224795, 962.3552320120841], [599.6990699817187, 1016.9693977915938], [512.1709043775205, 940.6447679879159]], '0*', 0.23880876350733618)]
[([[752, 126], [850, 126], [850, 154], [752, 154]], '자  잠깐', 0.2562031794113772), ([[72, 140], [168, 140], [168, 170], [72, 170]], '위험:: 해', 0.5601119092775602), ([[754, 150], [830, 150], [830, 176], [754, 176]], '이거::', 0.6298125386238098), ([[104, 164], [154, 164], [154, 190], [104, 190]], '너무', 0.9999910648798075), ([[729, 171], [823, 171], [823, 199], [729, 199]], '뭐할 .. 셈', 0.524986528516408), ([[82, 188], [176, 188], [176, 212], [82, 212]], '가버려서', 0.997904896736145), ([[760, 196], [822, 196], [822, 222], [760, 222]], '이야?', 0.9999865102111692), ([[78, 210], [180, 210], [180, 238], [78, 238]], '몸이 말', 0.6810240181471909), ([[82, 232], [158, 232], [158, 260], [82, 260]], '안들어', 0.9999435632907281), ([[72, 254], [190, 254], [190, 284], [72, 284]], '매달리논게', 0.9744572512808616), ([[104, 278], [156, 278], [156, 304], [104, 304]], '고작', 0.9999388033244241), ([[704, 326], [778, 326], [778, 380], [704, 380]], '0 "', 0.5545362830162048), ([[559, 723], [697, 723], [697, 879], [559, 879]], '(켓', 0.2480868765556715), ([[121, 967], [171, 967], [171, 997], [121, 997]], '빨리', 0.9999731104165395), ([[102, 992], [216, 992], [216, 1020], [102, 1020]], '내:  려놓지', 0.364524049501375), ([[112, 1014], [184, 1014], [184, 1042], [112, 1042]], '않으면', 0.9873482557319971), ([[102, 1036], [194, 1036], [194, 1066], [102, 1066]], '죽여버길', 0.5889920592308044), ([[122, 1060], [180, 1060], [180, 1086], [122, 1086]], '거야:', 0.8889050900613668)]
[([[278, 86], [308, 86], [308, 126], [278, 126]], '^', 0.7652386914344333), ([[590, 16], [662, 16], [662, 102], [590, 102]], '닫', 0.00836724534752925), ([[800, 0], [899, 0], [899, 142], [800, 142]], '야', 0.9453250867150906), ([[25, 131], [39, 131], [39, 159], [25, 159]], '옷', 0.4327508954897077), ([[58, 162], [190, 162], [190, 188], [58, 188]], '뛰야 이거엇!', 0.6532410383832401), ([[52, 186], [192, 186], [192, 210], [52, 210]], '아: 아까보다', 0.6913515126280536), ([[86, 208], [158, 208], [158, 234], [86, 234]], '완전히', 0.9998424600578675), ([[66, 230], [182, 230], [182, 258], [66, 258]], '크자나앗 !?', 0.8747573212300646), ([[737, 563], [783, 563], [783, 583], [737, 583]], '배  .', 0.14561796188354492), ([[709, 581], [805, 581], [805, 611], [709, 611]], '뱃속에서', 0.7974904775619507), ([[732, 606], [786, 606], [786, 634], [732, 634]], '점점', 0.9999898847713415), ([[700, 628], [816, 628], [816, 654], [700, 654]], '두거워지고', 0.9457621773441719), ([[718, 652], [768, 652], [768, 676], [718, 676]], '이써', 0.40074193565308036), ([[566, 818], [618, 818], [618, 892], [566, 892]], '74', 0.15508085064535573), ([[622, 862], [648, 862], [648, 894], [622, 894]], '"', 0.4347376774234455), ([[163, 785], [371, 785], [371, 1081], [163, 1081]], '세', 0.013996661285400558), ([[738.5571871975654, 5.0109001105783655], [806.6391604441862, 11.768565661959634], [782.4428128024346, 225.98909988942162], [715.3608395558138, 218.23143433804037]], '8', 0.021270736771982435), ([[182.40883112992287, 33.0291944122211], [226.44323011309186, 16.016393473259747], [273.5911688700771, 145.9708055877789], [229.55676988690814, 162.98360652674026]], '}', 0.0026909061387141997)]
[([[594, 56], [618, 56], [618, 82], [594, 82]], '1', 0.9975006719293198), ([[198, 106], [228, 106], [228, 144], [198, 144]], '{', 0.023567645548916438), ([[802, 114], [830, 114], [830, 138], [802, 138]], '아', 0.9999842644356818), ([[214, 146], [238, 146], [238, 170], [214, 170]], '1', 0.9977847698512541), ([[795, 139], [815, 139], [815, 161], [795, 161]], '오', 0.999994277962287), ([[96, 160], [146, 160], [146, 184], [96, 184]], '이거', 0.9999595392651772), ([[748, 158], [792, 158], [792, 188], [748, 188]], '오중', 0.6686900173018049), ([[806, 160], [838, 160], [838, 184], [806, 184]], "'버", 0.9247448399971191), ([[74, 182], [146, 182], [146, 212], [74, 212]], '경장해', 0.8484269776988906), ([[746, 182], [794, 182], [794, 206], [746, 206]], '려따', 0.540669924665143), ([[62, 204], [180, 204], [180, 232], [62, 232]], '범해 지명서', 0.9868345288924579), ([[72, 228], [146, 228], [146, 254], [72, 254]], '싸눈거', 0.8929234987359227), ([[80, 250], [184, 250], [184, 280], [80, 280]], '너무 기분', 0.9994982637216107), ([[74, 272], [126, 272], [126, 298], [74, 298]], '조아', 0.998382534473227), ([[662, 254], [714, 254], [714, 320], [662, 320]], '6', 0.1885545021336421), ([[342, 602], [428, 602], [428, 674], [342, 674]], '뉴수:', 0.0789391419064899), ([[105, 633], [217, 633], [217, 785], [105, 785]], '귀구', 0.011019819878805138), ([[142, 786], [190, 786], [190, 860], [142, 860]], '0', 0.01603108723655411), ([[213, 1063], [323, 1063], [323, 1175], [213, 1175]], '@4', 0.25707197968436885), ([[171.2672065083737, 791.0384618295502], [226.08894199291055, 775.085218345018], [258.7327934916263, 899.9615381704498], [203.91105800708945, 915.914781654982]], '7', 0.35281105368268584), ([[442.8719580218869, 1092.057992812303], [586.9751812733184, 1114.3636481405704], [569.1280419781131, 1210.942007187697], [425.0248187266816, 1189.6363518594296]], '(4', 0.18189209371320034)]
[([[584, 0], [733, 0], [733, 120], [584, 120]], '#7', 0.12425324792539318), ([[848, 20], [876, 20], [876, 66], [848, 66]], '응', 0.9960408137347123), ([[684, 192], [732, 192], [732, 264], [684, 264]], '7', 0.9953190146303705), ([[54, 214], [128, 214], [128, 316], [54, 316]], '배', 0.7090365852680272), ([[6, 292], [56, 292], [56, 352], [6, 352]], '스', 0.10818107784507447), ([[163, 783], [305, 783], [305, 923], [163, 923]], '식', 0.915125659510764), ([[108, 1062], [365, 1062], [365, 1200], [108, 1200]], '덥4', 0.25777182536606913), ([[168.80525438119008, 8.173102601497519], [395.4277969638687, -23.087364005199362], [404.1947456188099, 98.82689739850248], [177.57220303613133, 131.08736400519936]], '닦7', 0.06986808607135951)]
[([[196, 64], [228, 64], [228, 104], [196, 104]], '총', 0.03331438886766591), ([[716, 138], [856, 138], [856, 166], [716, 166]], '이이거 위험해', 0.843248430299098), ([[731, 161], [845, 161], [845, 189], [731, 189]], '두꺼운걸로', 0.37538169217517353), ([[742, 184], [840, 184], [840, 210], [742, 210]], '수걱4걱', 0.13789702951908112), ([[73, 191], [150, 191], [150, 228], [73, 228]], '몸무게', 0.9884608630367142), ([[639, 193], [695, 193], [695, 231], [639, 231]], '다"', 0.19113730304960824), ([[732, 206], [850, 206], [850, 238], [732, 238]], '당할 때마다', 0.46087921395600034), ([[50, 220], [174, 220], [174, 250], [50, 250]], '때문에 점점', 0.4732922021229617), ([[88, 242], [158, 242], [158, 272], [88, 272]], '은곳에', 0.38103731948194236), ([[64, 242], [92, 242], [92, 294], [64, 294]], '꼴', 0.07855675810088147), ([[86, 264], [156, 264], [156, 290], [86, 290]], '어오고', 0.9999405349915622), ([[60, 288], [110, 288], [110, 318], [60, 318]], '있어', 0.99345178799077), ([[128, 288], [166, 288], [166, 318], [128, 318]], '엇!', 0.9622489938321088), ([[449, 461], [557, 461], [557, 585], [449, 585]], '산', 0.022092828339772774), ([[341, 631], [413, 631], [413, 695], [341, 695]], '40', 0.04089185037621729), ([[528, 623], [738, 623], [738, 810], [528, 810]], '짓', 0.13745724941032123), ([[163, 981], [191, 981], [191, 1001], [163, 1001]], '자', 0.9989170385461001), ([[139, 1002], [233, 1002], [233, 1030], [139, 1030]], '자궁째로', 0.31566768884658813), ([[162, 1024], [214, 1024], [214, 1052], [162, 1052]], '내장', 0.9991195816001244), ([[130, 1046], [248, 1046], [248, 1078], [130, 1078]], '들어올려저', 0.9916636470878234), ([[233.2103500411843, 12.273120131789822], [348.34584465223895, 5.275675321455161], [348.7896499588157, 55.726879868210176], [233.65415534776108, 63.72432467854484]], '-', 0.029961663321895537), ([[592.0895536990885, 803.0835899750776], [668.8780487804878, 824.9024390243902], [654.9104463009115, 866.9164100249224], [579.1219512195122, 845.0975609756098]], '39', 0.11739728671025397), ([[560.9592363821955, 949.0216731726912], [865.881649964954, 1036.6063003204476], [800.0407636178045, 1238.9783268273088], [495.118350035046, 1151.3936996795524]], '저"', 0.9095891142688982)]
[([[0, 0], [121, 0], [121, 111], [0, 111]], '육용', 0.9499304050924607), ([[211, 17], [250, 17], [250, 78], [211, 78]], '덜', 0.9955159737077715), ([[789, 79], [825, 79], [825, 119], [789, 119]], '2', 0.9940537657446704), ([[5, 101], [65, 101], [65, 161], [5, 161]], '해', 0.9972042339967722), ([[3, 167], [63, 167], [63, 241], [3, 241]], '쥐', 0.99569820076184), ([[60, 330], [84, 330], [84, 360], [60, 360]], '1', 0.9752491561844323), ([[137, 291], [223, 291], [223, 383], [137, 383]], '씨', 0.29479396287855764), ([[127, 623], [309, 623], [309, 881], [127, 881]], '1', 0.02248196754695564), ([[569, 719], [703, 719], [703, 917], [569, 917]], '만', 0.007292645931805675), ([[797.6433210733966, 5.009093038573817], [852.3178536264305, -6.992779781472097], [897.3566789266034, 214.9909069614262], [842.6821463735695, 226.9927797814721]], '움', 0.007616364845655144), ([[681.7437825857835, 1091.065934564943], [802.1808651780941, 1107.6478362564028], [785.2562174142165, 1209.934065435057], [664.8191348219059, 1193.3521637435972]], '10', 0.24208417350805883)]
[([[784, 20], [884, 20], [884, 204], [784, 204]], '[히', 0.014523965593942015), ([[733, 1103], [819, 1103], [819, 1193], [733, 1193]], '1"', 0.4100959351542711), ([[655.0111120023307, 675.0244624470813], [801.4328712430735, 646.0627835316265], [845.9888879976693, 916.9755375529187], [699.5671287569265, 945.9372164683735]], '숲', 0.02457171903099553), ([[647.192459655934, 1015.0363021808683], [751.9664296985178, 1073.2233801048528], [711.807540344066, 1143.9636978191318], [607.0335703014822, 1085.7766198951472]], '"7', 0.03389246349393081)]
[([[572, 12], [638, 12], [638, 62], [572, 62]], '607', 0.3488681975378682), ([[223, 89], [237, 89], [237, 115], [223, 115]], '옷', 0.13118997837138124), ([[593, 63], [635, 63], [635, 111], [593, 111]], '6', 0.9966599267921907), ([[630, 90], [656, 90], [656, 134], [630, 134]], '7', 0.2949599401154188), ([[665, 619], [751, 619], [751, 703], [665, 703]], '7*7', 0.0847339844924419), ([[662, 714], [722, 714], [722, 768], [662, 768]], '1"', 0.10311139085493956), ([[151, 799], [239, 799], [239, 883], [151, 883]], '+"7', 0.22343238302328267), ([[194, 1020], [298, 1020], [298, 1154], [194, 1154]], '#', 0.12264139498079718), ([[836.4816015659757, 115.04512892606105], [861.7933000350183, 113.10678810758012], [868.5183984340243, 177.95487107393893], [843.2066999649817, 180.89321189241988]], '5', 0.9336980432586337), ([[149.2135462705664, 177.034427484457], [252.99012856932853, 239.57858772331272], [209.7864537294336, 308.965572515543], [107.00987143067147, 246.42141227668728]], ',', 0.017022737852784298), ([[660.5129924896827, 266.1597654525404], [701.6170575060797, 233.0272501812993], [770.4870075103173, 325.8402345474596], [729.3829424939203, 359.9727498187007]], '5', 0.2509457455758479), ([[113.12613958504917, 664.0478702239474], [206.93362005329752, 708.9715677708689], [175.87386041495083, 770.9521297760526], [83.0663799467025, 725.0284322291311]], '서사', 0.0054104111476678245)]
[([[195, 79], [367, 79], [367, 298], [195, 298]], '경퍽', 0.013925100073713451), ([[1026, 34], [1122, 34], [1122, 208], [1026, 208]], '꼭', 0.061987241631202616), ([[725, 279], [933, 279], [933, 585], [725, 585]], '자', 0.7086772726924586), ([[0, 627], [191, 627], [191, 900], [0, 900]], '뼈퍽', 0.0033379522533287355), ([[968, 546], [1164, 546], [1164, 827], [968, 827]], '벼', 0.003504875539788857), ([[1113.5611015693692, 19.012048562516814], [1171.2435804481024, 12.097246829800559], [1195.4388984306308, 216.9879514374832], [1137.7564195518976, 224.90275317019945]], '올', 0.48468441616239843)]
[([[904, 10], [1145, 10], [1145, 95], [904, 95]], '스스 시', 0.16949281885573259), ([[128, 106], [222, 106], [222, 186], [128, 186]], '새"', 0.3197363668979446), ([[145, 215], [243, 215], [243, 303], [145, 303]], '걸', 0.012738091354585812), ([[805, 264], [978, 264], [978, 641], [805, 641]], '민', 0.03666297387400963), ([[1066, 616], [1130, 616], [1130, 668], [1066, 668]], '더', 0.9962885310656908), ([[0, 593], [198, 593], [198, 900], [0, 900]], "'", 0.01183062233370219), ([[1028, 658], [1154, 658], [1154, 784], [1028, 784]], "(안더'", 0.042202360928058624), ([[1128, 599], [1197, 599], [1197, 838], [1128, 838]], '흙', 0.1993698112789879), ([[1038, 724], [1118, 724], [1118, 900], [1038, 900]], '늙', 0.010101448592099382), ([[170.19521611428317, 394.0190600113748], [281.56824415535567, 350.00949975486583], [383.80478388571686, 638.9809399886252], [272.43175584464433, 682.9905002451342]], "'", 0.3388182443132024), ([[60.78378896411032, 601.2486714420854], [181.84910008767886, 575.71372331098], [195.21621103588967, 664.7513285579146], [74.15089991232114, 690.28627668902]], '안성', 0.4984826246986159)]
[([[176, 766], [302, 766], [302, 856], [176, 856]], '낫7', 0.05000830198264872), ([[767.2525906813163, 90.03108817579609], [899.9992210152753, 157.88158919716744], [862.7474093186837, 227.96891182420393], [730.0007789847247, 160.11841080283256]], '신"', 0.12998857498609007), ([[290.6138000549124, 166.36416017571977], [413.4295525515961, 147.23965820699138], [420.3861999450876, 213.63583982428023], [296.5704474484039, 233.76034179300862]], "6'", 0.3107311664006598), ([[469.95144619575154, 396.036880054477], [574.0276051303666, 371.0371640420292], [583.0485538042485, 416.963119945523], [478.97239486963343, 440.9628359579708]], '스', 0.49070736407808013)]
[([[744, 142], [838, 142], [838, 203], [744, 203]], '67_', 0.7101653898599778), ([[1081, 329], [1141, 329], [1141, 389], [1081, 389]], '쇼"', 0.035829142468085634), ([[124, 380], [156, 380], [156, 428], [124, 428]], '^', 0.10510295681888238), ([[1127, 359], [1163, 359], [1163, 409], [1127, 409]], '7', 0.9411172268346633), ([[191, 403], [315, 403], [315, 463], [191, 463]], '쇼"7 ', 0.06944365535682646), ([[264, 592], [362, 592], [362, 708], [264, 708]], '71', 0.13046726158971128), ([[360.96667006423115, 136.0766894303488], [454.41623048932297, 153.20143138231657], [441.03332993576885, 216.9233105696512], [347.58376951067703, 199.79856861768343]], '07', 0.05061152842951019), ([[920.9953585086708, 389.0633322185], [1045.5649111973526, 412.39767054811074], [1029.004641491329, 483.9366677815], [905.4350888026474, 460.60232945188926]], '소"7', 0.29481206570775836)]
[([[748, 464], [828, 464], [828, 558], [748, 558]], '67', 0.07475628291489606), ([[12, 518], [87, 518], [87, 571], [12, 571]], '4"7', 0.25187778290052887), ([[820, 542], [846, 542], [846, 572], [820, 572]], '"', 0.9999604229074635), ([[720, 948], [752, 948], [752, 992], [720, 992]], '2', 0.30433566216379404), ([[82, 1020], [172, 1020], [172, 1096], [82, 1096]], '|7', 0.0578172367876261), ([[686, 1046], [738, 1046], [738, 1094], [686, 1094]], ')"', 0.7236004854813715)]
[([[127, 897], [217, 897], [217, 1041], [127, 1041]], '배', 0.2581902960156448)]
[([[755, 421], [791, 421], [791, 473], [755, 473]], '쇼', 0.013249657439831142), ([[789, 517], [879, 517], [879, 623], [789, 623]], '쇼"7', 0.15394933964408827), ([[169, 865], [213, 865], [213, 933], [169, 933]], '7', 0.9978219222767315), ([[719, 915], [779, 915], [779, 981], [719, 981]], '60', 0.3640424933441162), ([[706, 1020], [762, 1020], [762, 1084], [706, 1084]], '(0', 0.8777883991097319), ([[742, 1070], [770, 1070], [770, 1112], [742, 1112]], '2', 0.822782005965994)]
[([[725, 139], [765, 139], [765, 157], [725, 157]], '"기', 0.13478364068000778), ([[728, 158], [776, 158], [776, 184], [728, 184]], '억해', 0.9438063933674566), ([[130, 184], [158, 184], [158, 214], [130, 214]], '맛', 0.3779240455156838), ([[694, 180], [764, 180], [764, 206], [694, 206]], '두라고', 0.9989421579933686), ([[116, 206], [164, 206], [164, 236], [116, 236]], '다음', 0.9999561675589194), ([[716, 204], [740, 204], [740, 232], [716, 232]], '웃', 0.9695729806936129), ([[84, 230], [176, 230], [176, 258], [84, 258]], '에야말루', 0.998612105846405), ([[706, 226], [756, 226], [756, 256], [706, 256]], '인간', 0.9998998605565547), ([[106, 252], [176, 252], [176, 280], [106, 280]], '절대로', 0.9999973158053815), ([[787, 857], [829, 857], [829, 899], [787, 899]], '벼', 0.29061999630499713), ([[41, 932], [114, 932], [114, 1111], [41, 1111]], '렌', 0.006350239911913358), ([[695, 1009], [737, 1009], [737, 1055], [695, 1055]], '6', 0.5547623354851225), ([[712, 1056], [736, 1056], [736, 1088], [712, 1088]], '1', 0.2798862634926458), ([[186.42275661783697, 97.05605875096853], [213.94868329805053, 94.15395010584845], [220.57724338216303, 153.94394124903147], [193.05131670194947, 156.84604989415155]], '물', 0.20572453584144146), ([[89.64870541433682, 881.0068586070225], [155.84408905772776, 871.0396700025823], [194.35129458566317, 1154.9931413929773], [128.15591094227224, 1164.9603299974178]], '탑', 0.00461000961227942)]
[([[739, 1037], [807, 1037], [807, 1117], [739, 1117]], '끝', 0.9997626683877492), ([[698, 1118], [864, 1118], [864, 1166], [698, 1166]], '창00', 0.049229317620016914)]
[([[5, 320], [330, 320], [330, 384], [5, 384]], '숲 *%@ 장료숨', 0.0013229414180659892), ([[24, 378], [315, 378], [315, 420], [24, 420]], '~7스2도3초문{3', 0.0006404109636437235)]
[([[37, 15], [179, 15], [179, 101], [37, 101]], '후기', 0.9999677156666809), ([[35, 121], [773, 121], [773, 165], [35, 165]], '시작 은 바탕 체로 햇으니 끝까지바탕 체로 갑시다', 0.5028001067285867), ([[24, 166], [840, 166], [840, 196], [24, 196]], '역식질 처음하는 사람입니다 . 번역실수 또는 오타나 이상 한 점 있더라 도 양해 부탁 드럽니다 .', 0.503190280411576), ([[566, 236], [868, 236], [868, 262], [566, 262]], '역시 한자와 의성어의 한계가 있더군요', 0.6487119181282985), ([[506, 266], [872, 266], [872, 292], [506, 292]], '그런 경우에는 네이버 사전의 힘올 빌로습니다만', 0.4294094377411243), ([[418, 296], [868, 296], [868, 322], [418, 322]], '어색한 부분올 되도록 줄이기 위해 의역한 부분도 있습니다', 0.5902282910421248), ([[36, 380], [564, 380], [564, 404], [36, 404]], '품트는 자시고 포토밥 도 안깔려 있는 사람이 무슨 식질올 한답니까?', 0.20579788114885372), ([[36, 410], [588, 410], [588, 434], [36, 434]], '그래서 3일전 부라부라 설치해서 인생 첫 포토갑올 식질과 함 께햇습니다.', 0.29771268161979625), ([[34, 440], [301, 440], [301, 466], [34, 466]], '반투명과 손글씨 그 저주받올 이름', 0.724415542116716), ([[35, 474], [370, 474], [370, 500], [35, 500]], '손글 씨의 경우 이  }"체틀 사용햇습니다만', 0.25386956711550146), ([[34, 510], [554, 510], [554, 536], [34, 536]], '마음에 안들어서 글씨체률 브러쉬로 개조하는 지경에 이르렉습니다', 0.3750602038735554), ([[598, 514], [854, 514], [854, 574], [598, 574]], '2>1+9=2', 0.6953845736789025), ([[600, 567], [853, 567], [853, 624], [600, 624]], '군 _> -디=골', 0.02052749864310098), ([[600, 626], [783, 626], [783, 689], [600, 689]], '아> 골 등', 0.08702127086449023), ([[52, 690], [330, 690], [330, 714], [52, 714]], '여튼 처음이라 그런지 많이 힘드네요', 0.6593602859927689), ([[52, 719], [610, 719], [610, 746], [52, 746]], '마지막으로 이겉 보고 열심히( 눈으로든 손으로든) 즐겨주섞으면 중켓고,', 0.2607715669834983), ([[635, 699], [707, 699], [707, 759], [635, 759]], '13', 0.06315185174764708), ([[54, 750], [374, 750], [374, 776], [54, 776]], '그러하석다면 제 역할은 마땅히 끝입니다 .', 0.41795460814628554), ([[54, 780], [320, 780], [320, 806], [54, 806]], '후기 너무 길어적네요. 죄송합니다 .', 0.3534175392810123), ([[52, 812], [286, 812], [286, 836], [52, 836]], '총 24 시간정도 걸런듯 하네요', 0.5684277879078928), ([[102, 928], [490, 928], [490, 952], [102, 952]], '추가로 도움올 위해 1편의 번역올 참 조햇습니다만', 0.5392773174811741), ([[100, 958], [388, 958], [388, 982], [100, 982]], '1편 식자남의 후기가 현실이 되없네요', 0.32251850846353786), ([[102, 988], [514, 988], [514, 1014], [102, 1014]], '식자님 그림실력에 한번, 예언능력에 한번 감탄합니다 .', 0.47619278735054293)]
