887019
84
[([[734, 19], [1039, 19], [1039, 61], [734, 61]], '속오오서{03', 0.00016481697784349896), ([[1064, 14], [1091, 14], [1091, 80], [1064, 80]], "'", 0.007360586457741347), ([[732, 55], [924, 55], [924, 80], [732, 80]], '뉴-주이야 `도>끼 군', 0.0031455936835595227), ([[1055, 216], [1091, 216], [1091, 335], [1055, 335]], '용', 0.026694688683935652), ([[1076, 606], [1082, 606], [1082, 638], [1076, 638]], "'", 0.04997587136348991), ([[244, 894], [372, 894], [372, 996], [244, 996]], '', 0.0), ([[262, 1012], [378, 1012], [378, 1044], [262, 1044]], '벼 # ; *', 0.027382696770331897), ([[263, 1045], [367, 1045], [367, 1059], [263, 1059]], '의미하 %" 다( 교표', 3.590348606793459e-06), ([[263, 1061], [303, 1061], [303, 1073], [263, 1073]], '도#`암가', 6.210423844018469e-06), ([[333, 1059], [403, 1059], [403, 1073], [333, 1073]], "진도' : 어하득", 8.207479437625732e-05), ([[263, 1075], [401, 1075], [401, 1089], [263, 1089]], "'무 (,'   17 %", 0.0024959694461932354), ([[263, 1091], [367, 1091], [367, 1105], [263, 1105]], '훌\'   이망;"| : 본\'', 0.00038075223098869507), ([[287, 1107], [341, 1107], [341, 1121], [287, 1121]], "1('", 0.0001916271382909677), ([[345, 1109], [377, 1109], [377, 1123], [345, 1123]], "'벼4권", 0.0006789315957576036), ([[380, 1110], [402, 1110], [402, 1118], [380, 1118]], '', 0.0), ([[413, 1109], [441, 1109], [441, 1121], [413, 1121]], '대', 0.012036849849579812), ([[286, 1126], [308, 1126], [308, 1134], [286, 1134]], '그', 0.21643586382137503), ([[313, 1125], [385, 1125], [385, 1137], [313, 1137]], ' !거: 메가"', 3.5200786315165264e-05), ([[303, 1139], [403, 1139], [403, 1153], [303, 1153]], "'대시_적!; (", 7.28968686080817e-06), ([[313, 1157], [363, 1157], [363, 1169], [313, 1169]], "' &&미)", 0.00017494706501238881), ([[426, 966], [526, 966], [526, 1356], [426, 1356]], '', 0.0)]
[([[65, 0], [219, 0], [219, 85], [65, 85]], '(', 0.032986328434075896), ([[447, 517], [583, 517], [583, 743], [447, 743]], '쭉', 0.0992511356633976), ([[490, 928], [546, 928], [546, 1170], [490, 1170]], '8', 0.16440030087218194), ([[277, 1237], [342, 1237], [342, 1276], [277, 1276]], '음짜', 0.025325677676123346), ([[363, 1238], [659, 1238], [659, 1277], [363, 1277]], '육이입8 8 @마=@9표', 0.0004270659146978915), ([[280, 1290], [340, 1290], [340, 1322], [280, 1322]], '@업', 0.17607458389222097), ([[361, 1288], [666, 1288], [666, 1327], [361, 1327]], '@슬끊랑=명히/ @/완8왕@', 1.2493666857155298e-05), ([[674, 1290], [764, 1290], [764, 1320], [674, 1320]], '타...여', 0.002072749812864321), ([[280, 1340], [338, 1340], [338, 1370], [280, 1370]], '실도', 0.04572054400852685), ([[361, 1337], [619, 1337], [619, 1373], [361, 1373]], '답 0@예 국소 08', 0.014420488790684713)]
[]
[([[197, 117], [255, 117], [255, 137], [197, 137]], '헤 길스', 0.845991763704453), ([[197, 135], [255, 135], [255, 155], [197, 155]], '메을즈', 0.28429181093760897), ([[235, 153], [255, 153], [255, 175], [235, 175]], '키', 0.9633712082192325), ([[197, 181], [235, 181], [235, 201], [197, 201]], '온어', 0.9978234725085965), ([[234, 172], [258, 172], [258, 228], [234, 228]], '값', 0.021265751609194306), ([[157, 233], [171, 233], [171, 269], [157, 269]], '위', 0.17298328948413744), ([[957, 341], [977, 341], [977, 381], [957, 381]], '부', 0.9997064090719086), ([[757, 461], [801, 461], [801, 481], [757, 481]], '버 발', 0.9918581247329712), ([[921, 382], [983, 382], [983, 505], [921, 505]], '"', 0.012468681872953802), ([[754, 503], [805, 503], [805, 584], [754, 584]], '쉽코', 0.0005162761598097919), ([[924, 508], [948, 508], [948, 566], [924, 566]], '콩', 0.01145922430130586), ([[783, 571], [799, 571], [799, 625], [783, 625]], '흙', 0.881672327550266), ([[112, 1236], [142, 1236], [142, 1294], [112, 1294]], '푹', 0.9937835093515766)]
[([[43, 80], [100, 80], [100, 181], [43, 181]], '"틈', 0.010488123782268226), ([[66, 156], [96, 156], [96, 196], [66, 196]], '팀', 0.03913580941273498), ([[75, 255], [91, 255], [91, 347], [75, 347]], "'", 0.4465871719631309), ([[909, 1417], [933, 1417], [933, 1431], [909, 1431]], '번억', 0.5720749289254043), ([[941, 1417], [995, 1417], [995, 1431], [941, 1431]], '@래명미명히', 0.004278850786915319), ([[909, 1429], [933, 1429], [933, 1445], [909, 1445]], '식자', 0.9342015533321751), ([[943, 1431], [991, 1431], [991, 1447], [943, 1447]], '작은마미', 0.7376281023025513)]
[([[907, 159], [923, 159], [923, 233], [907, 233]], '륙', 0.12849312943945623), ([[89, 247], [121, 247], [121, 267], [89, 267]], '할 변', 0.8600461409311411), ([[88, 264], [122, 264], [122, 292], [88, 292]], '수신', 0.9973115849849484), ([[87, 297], [123, 297], [123, 337], [87, 337]], '와잘', 0.10456678404012064), ([[869, 765], [911, 765], [911, 835], [869, 835]], '#다', 0.034599535701529065), ([[871, 831], [889, 831], [889, 869], [871, 869]], '화', 0.7788330641670314), ([[391, 907], [409, 907], [409, 959], [391, 959]], '푹', 0.37739936387879425), ([[325, 979], [361, 979], [361, 997], [325, 997]], '주 떠', 0.41801536083221436), ([[323, 997], [361, 997], [361, 1017], [323, 1017]], '지율', 0.9279796567784586), ([[389, 971], [409, 971], [409, 1045], [389, 1045]], '#', 0.032737645118325), ([[341, 1025], [361, 1025], [361, 1063], [341, 1063]], '주', 0.4021072514161119)]
[([[203, 1185], [235, 1185], [235, 1203], [203, 1203]], '어부', 0.9997679473388089)]
[([[145, 759], [161, 759], [161, 793], [145, 793]], '새', 0.7130417405757647)]
[([[153, 897], [189, 897], [189, 917], [153, 917]], '저 변', 0.5483518838882446), ([[155, 915], [191, 915], [191, 935], [155, 935]], '음신', 0.9987764434661692), ([[155, 935], [189, 935], [189, 953], [155, 953]], '이은', 0.9989898895291464), ([[828, 1226], [886, 1226], [886, 1250], [828, 1250]], '모속 꼬', 0.29237959181738843), ([[845, 1247], [887, 1247], [887, 1303], [845, 1303]], '결륭', 0.0151577372727396), ([[829, 1281], [847, 1281], [847, 1303], [829, 1303]], '구', 0.9998490867335619), ([[828, 1292], [884, 1292], [884, 1322], [828, 1322]], '나이는', 0.41922613242838874), ([[845, 1317], [885, 1317], [885, 1377], [845, 1377]], '훨:', 0.01409992353505189)]
[([[67.45184331320687, 479.0250921139549], [154.70211149847975, 556.1329369429757], [117.54815668679313, 599.9749078860451], [30.297888501520255, 522.8670630570243]], "나1'", 0.016921071568372383)]
[([[888, 184], [912, 184], [912, 208], [888, 208]], '하', 0.9998762645852963), ([[115, 799], [153, 799], [153, 857], [115, 857]], '앞육', 0.08378345084434557), ([[117, 843], [137, 843], [137, 865], [117, 865]], '만', 0.9991646366204385), ([[135, 865], [151, 865], [151, 901], [135, 901]], '별', 0.7001824336648532), ([[115, 871], [135, 871], [135, 929], [115, 929]], '젊', 0.04236296186079258), ([[337, 949], [353, 949], [353, 1019], [337, 1019]], '#', 0.055943913092227016), ([[335, 1029], [353, 1029], [353, 1085], [335, 1085]], '현', 0.23598603110885108), ([[337, 1093], [353, 1093], [353, 1131], [337, 1131]], '앞', 0.7710009529275261)]
[([[343, 127], [363, 127], [363, 185], [343, 185]], '흙', 0.11871136436018137), ([[357, 91], [397, 91], [397, 209], [357, 209]], '#', 0.49184546815196484), ([[901, 1403], [925, 1403], [925, 1417], [901, 1417]], '번억', 0.4949122786908365), ([[934, 1406], [984, 1406], [984, 1414], [934, 1414]], ')롬미-미', 5.5832746424048774e-05), ([[901, 1417], [925, 1417], [925, 1431], [901, 1431]], '식자', 0.45067184908035546), ([[935, 1415], [983, 1415], [983, 1433], [935, 1433]], '작은아이', 0.9822642803192139)]
[([[879, 73], [919, 73], [919, 93], [879, 93]], '깊 같', 0.8237733840942383), ([[878, 90], [920, 90], [920, 114], [878, 114]], '은 은', 0.7944556858490918), ([[755, 121], [819, 121], [819, 141], [755, 141]], '귀 먹 사', 0.28110332264163673), ([[879, 119], [921, 119], [921, 139], [879, 139]], '산 시', 0.9982190132141113), ([[754, 138], [820, 138], [820, 162], [754, 162]], '신 눈람', 0.6956337410646455), ([[881, 139], [921, 139], [921, 157], [881, 157]], '속 각', 0.9986870288848877), ([[757, 157], [797, 157], [797, 177], [757, 177]], '이 다', 0.725710928440094), ([[755, 185], [775, 185], [775, 259], [755, 259]], '3', 0.02020807977335637), ([[777, 203], [797, 203], [797, 241], [777, 241]], '한', 0.9993804461044107), ([[103, 356], [123, 356], [123, 431], [103, 431]], '퍽', 0.008500302102048496), ([[155, 819], [171, 819], [171, 873], [155, 873]], '닭', 0.05746182146087109), ([[370, 920], [424, 920], [424, 944], [370, 944]], '죽뚫저', 0.3697431858833879), ([[199, 937], [233, 937], [233, 953], [199, 953]], '이아', 0.3787654089940754), ([[373, 941], [407, 941], [407, 959], [373, 959]], '여보', 0.7682825606650019), ([[368, 956], [406, 956], [406, 980], [368, 980]], '서률', 0.36377880999202483), ([[405, 967], [423, 967], [423, 989], [405, 989]], '동', 0.9998652980392677), ([[387, 987], [423, 987], [423, 1007], [387, 1007]], '쥐포', 0.9786218886421236), ([[385, 1003], [427, 1003], [427, 1043], [385, 1043]], '어동', 0.14501974099559606)]
[([[805, 127], [823, 127], [823, 165], [805, 165]], '쥐', 0.23570012942902085), ([[803, 173], [823, 173], [823, 229], [803, 229]], '혀', 0.21571488374763081), ([[197, 479], [249, 479], [249, 497], [197, 497]], '아먹여', 0.8949418854367472), ([[905, 449], [923, 449], [923, 503], [905, 503]], '다', 0.03019325632860892), ([[199, 499], [251, 499], [251, 515], [199, 515]], '까어자', 0.9806123719453493), ([[887, 477], [903, 477], [903, 531], [887, 531]], '퍽', 0.08497437098419969), ([[197, 515], [251, 515], [251, 535], [197, 535]], '위 버는', 0.8775913715362549), ([[819, 523], [853, 523], [853, 541], [819, 541]], '침 땀', 0.7562252712856914), ([[215, 531], [233, 531], [233, 571], [215, 571]], '린', 0.46415423766223185), ([[887, 537], [905, 537], [905, 577], [887, 577]], '원', 0.07707648151722424), ([[77, 567], [109, 567], [109, 585], [77, 585]], '없머', 0.25780970979240064), ([[75, 585], [109, 585], [109, 599], [75, 599]], '어어', 0.9999211863029831), ([[71, 601], [109, 601], [109, 621], [71, 621]], '지버', 0.9194168741482968), ([[73, 617], [109, 617], [109, 637], [73, 637]], '니리', 0.35746755081004405), ([[817, 603], [837, 603], [837, 641], [817, 641]], '눈', 0.9868073971289029), ([[73, 637], [109, 637], [109, 657], [73, 657]], '까면', 0.9798472140667392), ([[905, 845], [943, 845], [943, 865], [905, 865]], '더아', 0.9951478851953891), ([[377, 895], [433, 895], [433, 915], [377, 915]], '안주 확', 0.9851626384217037), ([[847, 887], [881, 887], [881, 905], [847, 905]], '먹 때', 0.5535816550254822), ([[901, 863], [943, 863], [943, 929], [901, 929]], '%"', 0.014037708829906638), ([[851, 905], [883, 905], [883, 925], [851, 925]], '울까', 0.8951740312076863), ([[397, 915], [431, 915], [431, 933], [397, 933]], '지 실', 0.9328583478927612), ([[374, 940], [416, 940], [416, 964], [374, 964]], '셋 암', 0.2367571446913811), ([[377, 959], [433, 959], [433, 979], [377, 979]], '군 으짜', 0.7557981642697146), ([[396, 980], [434, 980], [434, 1006], [396, 1006]], '면 내', 0.9881207346916199), ([[847, 959], [867, 959], [867, 1031], [847, 1031]], '%', 0.006347366609017746)]
[([[859, 115], [879, 115], [879, 143], [859, 143]], '육', 0.9919568559726635), ([[838, 1066], [866, 1066], [866, 1126], [838, 1126]], '뜻', 0.4272193442365655), ([[73, 1301], [109, 1301], [109, 1321], [73, 1321]], '아이', 0.9999803596250854), ([[73, 1317], [111, 1317], [111, 1357], [73, 1357]], '반쪽', 0.1980501686052116)]
[([[909, 79], [925, 79], [925, 113], [909, 113]], '물', 0.7982470834498692), ([[929, 107], [945, 107], [945, 141], [929, 141]], '안', 0.9560658203643158), ([[909, 125], [925, 125], [925, 197], [909, 197]], '"', 0.023712094190252664), ([[929, 151], [945, 151], [945, 187], [929, 187]], '짜', 0.9454012375741172), ([[929, 199], [945, 199], [945, 237], [929, 237]], '양', 0.4712064076650222), ([[609, 335], [625, 335], [625, 409], [609, 409]], '유', 0.21895200408068494), ([[135, 1005], [151, 1005], [151, 1039], [135, 1039]], '봄', 0.024403632801295316)]
[([[483, 157], [521, 157], [521, 177], [483, 177]], '정 상', 0.9412316679954529), ([[485, 193], [519, 193], [519, 213], [485, 213]], '눈로', 0.6899249584684974), ([[869, 147], [889, 147], [889, 219], [869, 219]], '혀', 0.015120006580112089), ([[483, 221], [521, 221], [521, 239], [483, 239]], '먹아', 0.9904673544638192), ([[485, 239], [519, 239], [519, 257], [485, 257]], '여기', 0.6081861848003961), ([[483, 257], [517, 257], [517, 277], [483, 277]], '줄의', 0.9938187901094321), ([[795, 225], [839, 225], [839, 301], [795, 301]], '혀로', 0.0028045414982376914), ([[815, 291], [835, 291], [835, 331], [815, 331]], '규', 0.7879770417734768), ([[437, 839], [473, 839], [473, 855], [437, 855]], '먹아', 0.9977714126362982), ([[437, 855], [473, 855], [473, 873], [437, 873]], '고카', 0.9991128398505019), ([[437, 883], [453, 883], [453, 917], [437, 917]], '석', 0.03854770247407324), ([[437, 919], [453, 919], [453, 953], [437, 953]], '적', 0.5712008579221219), ([[827, 1149], [889, 1149], [889, 1169], [827, 1169]], '매 많아', 0.9926163134097442), ([[187, 1187], [227, 1187], [227, 1207], [187, 1207]], '귀그', 0.9838798108763471), ([[187, 1203], [229, 1203], [229, 1245], [187, 1245]], '신계', 0.4293178386706931), ([[829, 1211], [847, 1211], [847, 1233], [829, 1233]], '올', 0.5269176487418328), ([[851, 1195], [867, 1195], [867, 1249], [851, 1249]], '흉', 0.004660791587110469), ([[95, 1235], [149, 1235], [149, 1253], [95, 1253]], '나여 자', 0.9815937876701355), ([[93, 1251], [149, 1251], [149, 1271], [93, 1271]], '가자 주', 0.8921710966728633), ([[92, 1268], [150, 1268], [150, 1298], [92, 1298]], '게 사마', 0.8050600290298462), ([[207, 1247], [227, 1247], [227, 1305], [207, 1305]], '젊', 0.2524068788562204), ([[829, 1267], [847, 1267], [847, 1305], [829, 1305]], '와', 0.1964613425350672), ([[867, 1257], [887, 1257], [887, 1315], [867, 1315]], '벼', 0.17582477795328177), ([[93, 1297], [149, 1297], [149, 1317], [93, 1317]], '되냥 운', 0.4319547116756439), ([[115, 1315], [149, 1315], [149, 1335], [115, 1335]], '운로', 0.5149464296514088), ([[95, 1315], [111, 1315], [111, 1353], [95, 1353]], '와', 0.03935506521183485)]
[([[863, 101], [903, 101], [903, 119], [863, 119]], '소그', 0.9997579170854262), ([[757, 123], [815, 123], [815, 143], [757, 143]], '들 두 길', 0.5036829180506701), ([[865, 117], [881, 117], [881, 139], [865, 139]], '문', 0.9999735357128117), ([[887, 129], [903, 129], [903, 165], [887, 165]], '알', 0.1637930504867393), ([[754, 158], [818, 158], [818, 190], [754, 190]], '장심 가', 0.22281262278556824), ([[862, 162], [904, 162], [904, 194], [862, 194]], '퇴무', 0.5215707718410273), ([[777, 189], [815, 189], [815, 207], [777, 207]], '의고', 0.9999566733146458), ([[775, 215], [815, 215], [815, 235], [775, 235]], '귀 잎', 0.8573752641677856), ([[885, 191], [903, 191], [903, 229], [885, 229]], '선', 0.04650669940793528), ([[777, 233], [815, 233], [815, 253], [777, 253]], '에 던', 0.7224879264831543), ([[515, 409], [565, 409], [565, 425], [515, 425]], '여마이', 0.5824601894278412), ([[913, 361], [931, 361], [931, 433], [913, 433]], '"', 0.01620723103299415), ([[513, 427], [549, 427], [549, 445], [513, 445]], '자율', 0.9367710556350545), ([[449, 445], [481, 445], [481, 463], [449, 463]], '빼 귀', 0.3615224651177152), ([[513, 443], [549, 443], [549, 463], [513, 463]], '둘에', 0.7568880021073727), ([[445, 461], [465, 461], [465, 499], [445, 499]], '한', 0.3005791949983774), ([[448, 506], [484, 506], [484, 534], [448, 534]], '듯 게', 0.7099592962514628), ([[839, 525], [889, 525], [889, 543], [839, 543]], '여변 여', 0.6757632146952257), ([[837, 543], [891, 543], [891, 563], [837, 563]], '자신우', 0.9838160584250274), ([[837, 561], [891, 561], [891, 579], [837, 579]], '아한가', 0.9821981110323595), ([[933, 759], [953, 759], [953, 797], [933, 797]], '한', 0.9400723052536364), ([[185, 809], [203, 809], [203, 847], [185, 847]], '권', 0.6846440707735759), ([[935, 807], [951, 807], [951, 859], [935, 859]], '다', 0.005051951099589225), ([[143, 935], [163, 935], [163, 973], [143, 973]], '손', 0.987147411204262), ([[183, 901], [203, 901], [203, 957], [183, 957]], '~', 0.08723006468735495), ([[607, 945], [659, 945], [659, 965], [607, 965]], '아퇴귀', 0.5489387767870848), ([[607, 963], [659, 963], [659, 983], [607, 983]], '스치신', 0.9307737168717524), ([[607, 981], [659, 981], [659, 1001], [607, 1001]], '나 하을', 0.49669140577316284), ([[607, 999], [643, 999], [643, 1019], [607, 1019]], '에는', 0.5863710448196743), ([[143, 997], [163, 997], [163, 1071], [143, 1071]], '흙', 0.02026155498164628), ([[455, 1169], [471, 1169], [471, 1207], [455, 1207]], '두', 0.5270845840078806), ([[453, 1203], [493, 1203], [493, 1261], [453, 1261]], '해국', 0.00952071041489194), ([[475, 1255], [491, 1255], [491, 1329], [475, 1329]], '품', 0.13128284864315365)]
[([[73, 1187], [89, 1187], [89, 1251], [73, 1251]], '흙', 0.15418514592913457), ([[87, 1133], [127, 1133], [127, 1241], [87, 1241]], '"', 0.04085990627957248), ([[71, 1261], [91, 1261], [91, 1285], [71, 1285]], '달', 0.9996567067137221), ([[88, 1244], [120, 1244], [120, 1284], [88, 1284]], '팀', 0.11847479926713333), ([[97, 1345], [115, 1345], [115, 1385], [97, 1385]], '틀', 0.7997452763137893), ([[895, 1375], [921, 1375], [921, 1391], [895, 1391]], '번억', 0.23130827301952847), ([[929, 1377], [983, 1377], [983, 1391], [929, 1391]], '@과명미명미)', 0.0009450909254258601)]
[([[839, 103], [901, 103], [901, 123], [839, 123]], '가귀머', 0.14607688784599304), ([[839, 121], [901, 121], [901, 141], [839, 141]], '까 신 철', 0.6507592309777644), ([[606, 128], [686, 128], [686, 152], [606, 152]], '알 할 개 냄', 0.6753809476001883), ([[607, 147], [627, 147], [627, 169], [607, 169]], '은', 0.9999771119473735), ([[841, 139], [861, 139], [861, 161], [841, 161]], '운', 0.9998858007611631), ([[841, 167], [883, 167], [883, 187], [841, 187]], '산 아', 0.9812865853309631), ([[605, 173], [669, 173], [669, 209], [605, 209]], '산 잇 앞', 0.4939853124609368), ([[841, 185], [881, 185], [881, 203], [841, 203]], '속 직', 0.9529507959298997), ([[647, 193], [685, 193], [685, 213], [647, 213]], '세기', 0.9999789266407801), ([[606, 202], [686, 202], [686, 232], [606, 232]], '속 올 위 역', 0.3909817749585798), ([[842, 202], [884, 202], [884, 234], [842, 234]], '에 마', 0.9537057280540466), ([[606, 220], [646, 220], [646, 252], [606, 252]], '예 정', 0.4691888093948364), ([[626, 238], [686, 238], [686, 270], [626, 270]], '호축 면', 0.746767520904541), ([[842, 248], [882, 248], [882, 272], [842, 272]], '엇 에', 0.3936904966831207), ([[841, 267], [881, 267], [881, 285], [841, 285]], '다 서', 0.9837830662727356), ([[921, 379], [941, 379], [941, 401], [921, 401]], '우', 0.9999399194205125), ([[921, 403], [941, 403], [941, 443], [921, 443]], '퍽', 0.7019336523228503), ([[917, 1031], [933, 1031], [933, 1061], [917, 1061]], '명', 0.139257308257549), ([[935, 1056], [953, 1056], [953, 1162], [935, 1162]], "'", 0.02412080883669976), ([[865.1970684086417, 133.1094462711102], [908.9758493388116, 150.6201043397262], [899.8029315913583, 174.8905537288898], [856.0241506611884, 157.3798956602738]], '은후', 0.9621333075315626), ([[622.5423042384429, 156.27961296691], [684.4887632428582, 142.32487089423003], [689.4576957615571, 166.72038703309], [627.5112367571418, 180.67512910576997]], '수 물 새', 0.28795506707020196)]
[([[711, 205], [745, 205], [745, 225], [711, 225]], '말웬', 0.8180415484022677), ([[711, 223], [743, 223], [743, 243], [711, 243]], '과지', 0.9966625073785045), ([[713, 243], [729, 243], [729, 277], [713, 277]], '없', 0.2662812539786188), ([[907, 429], [927, 429], [927, 467], [907, 467]], '말', 0.7705620139395855), ([[97, 469], [151, 469], [151, 489], [97, 489]], '암 맛충', 0.8624570315066965), ([[99, 487], [151, 487], [151, 505], [99, 505]], '눈 잎 난', 0.17826005854307875), ([[97, 501], [151, 501], [151, 521], [97, 521]], '단논히', 0.8181806829079735), ([[96, 530], [152, 530], [152, 556], [96, 556]], '말아 살', 0.7612087726593018), ([[115, 545], [149, 545], [149, 563], [115, 563]], '기 찌', 0.5830205678939819), ([[115, 561], [151, 561], [151, 579], [115, 579]], '기 지', 0.9983711467134562), ([[115, 589], [151, 589], [151, 607], [115, 607]], '니입', 0.23869924238486862), ([[117, 625], [151, 625], [151, 641], [117, 641]], '지 면', 0.5434719324111938), ([[455, 977], [473, 977], [473, 1013], [455, 1013]], '색', 0.021140922427215436), ([[455, 1021], [473, 1021], [473, 1077], [455, 1077]], '하', 0.1784915051763427), ([[281, 1201], [315, 1201], [315, 1217], [281, 1217]], '메이', 0.7307515142836966), ([[283, 1219], [315, 1219], [315, 1235], [283, 1235]], '이리', 0.999952880148524)]
[([[101, 144], [138, 144], [138, 236], [101, 236]], '경', 0.006408511701146757), ([[97, 223], [122, 223], [122, 300], [97, 300]], '#', 0.14295988631585121), ([[775, 363], [829, 363], [829, 383], [775, 383]], '없아이', 0.9944513577127007), ([[775, 381], [811, 381], [811, 401], [775, 401]], '눈이', 0.9346241507503247), ([[772, 396], [830, 396], [830, 428], [772, 428]], '기록석', 0.26765978046673855), ([[774, 444], [810, 444], [810, 474], [774, 474]], '나울', 0.8264227172140963), ([[777, 471], [811, 471], [811, 491], [777, 491]], '? 수', 0.9838347434997559), ([[639, 813], [657, 813], [657, 835], [639, 835]], '푸', 0.9934902383625435), ([[941, 813], [957, 813], [957, 847], [941, 847]], '와', 0.07395275371181143), ([[921, 859], [957, 859], [957, 877], [921, 877]], '지 자', 0.9073666930198669), ([[921, 879], [957, 879], [957, 893], [921, 893]], '야 비', 0.9867569078892559)]
[([[328, 664], [362, 664], [362, 688], [328, 688]], '많오', 0.6781763475168557), ([[327, 685], [363, 685], [363, 705], [327, 705]], '이랜', 0.5396024061578317), ([[67, 711], [87, 711], [87, 757], [67, 757]], '장', 0.973677575381604), ([[327, 701], [365, 701], [365, 777], [327, 777]], '"', 0.1544215528056725), ([[287, 815], [303, 815], [303, 869], [287, 869]], '옛', 0.20042989415863932), ([[901, 953], [937, 953], [937, 973], [901, 973]], '환다', 0.2145093521210122), ([[903, 971], [937, 971], [937, 991], [903, 991]], '아시', 0.6553770194870768), ([[901, 989], [939, 989], [939, 1029], [901, 1029]], '저나', 0.17979219091498239), ([[702, 1132], [746, 1132], [746, 1156], [702, 1156]], '치앗', 0.8925882933962952), ([[703, 1155], [725, 1155], [725, 1175], [703, 1175]], '사', 0.9999980926522767)]
[([[486, 586], [510, 586], [510, 614], [486, 614]], '옛', 0.980546174653), ([[877, 773], [895, 773], [895, 843], [877, 843]], '"', 0.5408366858798139), ([[489, 981], [509, 981], [509, 1037], [489, 1037]], '춤', 0.30701231890367353), ([[447, 1041], [467, 1041], [467, 1113], [447, 1113]], '푹', 0.27793649181626634), ([[329, 1181], [345, 1181], [345, 1235], [329, 1235]], '채', 0.02666811890359444), ([[327, 1243], [347, 1243], [347, 1299], [327, 1299]], '탑', 0.08251678141228869)]
[([[787, 153], [829, 153], [829, 201], [787, 201]], '중', 0.055948234202895186), ([[804, 204], [860, 204], [860, 326], [804, 326]], '호호', 0.022222564773971203), ([[784, 322], [834, 322], [834, 378], [784, 378]], '오', 0.999999046325911), ([[802, 368], [830, 368], [830, 426], [802, 426]], '오', 0.9972725655808325), ([[780, 424], [812, 424], [812, 462], [780, 462]], '옷', 0.9999443300365876)]
[([[477, 797], [493, 797], [493, 831], [477, 831]], '청', 0.10267195385339623), ([[113, 827], [127, 827], [127, 881], [113, 881]], '출', 0.02925825957422834), ([[91, 855], [109, 855], [109, 927], [91, 927]], '"', 0.6893986398508787), ([[477, 857], [493, 857], [493, 895], [477, 895]], '터', 0.31417471146154696), ([[111, 891], [129, 891], [129, 945], [111, 945]], '#', 0.00958124669803212), ([[89, 933], [109, 933], [109, 967], [89, 967]], '손', 0.6279106107513286), ([[463, 1257], [481, 1257], [481, 1309], [463, 1309]], '}', 0.0036094187571485), ([[481, 1283], [499, 1283], [499, 1305], [481, 1305]], '번', 0.9993947468382345), ([[459, 1311], [501, 1311], [501, 1375], [459, 1375]], '약다', 0.19819610084477352)]
[([[36, 96], [90, 96], [90, 176], [36, 176]], '벌', 0.010569395734494558), ([[37, 197], [55, 197], [55, 219], [37, 219]], '달', 0.9998554043591277), ([[56, 172], [84, 172], [84, 212], [56, 212]], '터', 0.021033421918560613), ([[65, 273], [81, 273], [81, 317], [65, 317]], '틀', 0.24754676045228052), ([[927, 1385], [981, 1385], [981, 1399], [927, 1399]], '만꾸꾸미명미;', 0.000830855336480771), ([[929, 1397], [975, 1397], [975, 1413], [929, 1413]], '좌은마이', 0.3641429543495178)]
[([[591, 71], [609, 71], [609, 123], [591, 123]], '개', 0.30660299716547357), ([[451, 617], [489, 617], [489, 637], [451, 637]], '속 런', 0.9605020402582046), ([[95, 709], [127, 709], [127, 729], [95, 729]], '상간', 0.9999108184333372), ([[91, 755], [127, 755], [127, 775], [91, 775]], '동 정', 0.974238287357718), ([[91, 773], [127, 773], [127, 793], [91, 793]], '물만', 0.988437386108708), ([[678, 1258], [738, 1258], [738, 1282], [678, 1282]], '들그이', 0.9908814593843518), ([[679, 1279], [737, 1279], [737, 1299], [679, 1299]], '여런즈', 0.4495384317199262), ([[696, 1306], [736, 1306], [736, 1332], [696, 1332]], '소의', 0.9902467946525668), ([[676, 1322], [716, 1322], [716, 1346], [676, 1346]], '것문', 0.9674969912119501), ([[681, 1341], [737, 1341], [737, 1361], [681, 1361]], '이이 귀', 0.977646601635955), ([[679, 1359], [699, 1359], [699, 1397], [679, 1397]], '역', 0.08233475655430311)]
[([[157, 629], [173, 629], [173, 665], [157, 665]], '가', 0.5359376976010743), ([[916, 1064], [942, 1064], [942, 1122], [916, 1122]], '햇', 0.3332456434291089), ([[171, 1121], [191, 1121], [191, 1143], [171, 1143]], '하', 0.9999462373330381), ([[171, 1143], [191, 1143], [191, 1169], [171, 1169]], '앗', 0.48164990689207343), ([[762, 1244], [786, 1244], [786, 1272], [762, 1272]], '앗', 0.4374817617407558)]
[([[533, 553], [565, 553], [565, 569], [533, 569]], '유어', 0.9990711255709943), ([[239, 561], [259, 561], [259, 595], [239, 595]], '아', 0.05354755215353979), ([[529, 569], [565, 569], [565, 587], [529, 587]], '령 때', 0.7788932919502258), ([[67, 593], [105, 593], [105, 681], [67, 681]], '닮', 0.017222700447261596), ([[217, 595], [233, 595], [233, 647], [217, 647]], '움', 0.4252329677115654), ([[87, 639], [103, 639], [103, 681], [87, 681]], '년', 0.9962380808504214), ([[217, 661], [233, 661], [233, 695], [217, 695]], '야', 0.316499798953064), ([[42, 728], [214, 728], [214, 752], [42, 752]], '{] )포 (유령) : 음방한 영혼 .', 0.013641767886688937), ([[231, 731], [309, 731], [309, 751], [231, 751]], '아나는 영혼', 0.5923726438018665), ([[839, 989], [859, 989], [859, 1045], [839, 1045]], '국', 0.2339132279113807), ([[154, 1026], [180, 1026], [180, 1082], [154, 1082]], '햇', 0.32460169499474034), ([[98, 1262], [122, 1262], [122, 1306], [98, 1306]], '정', 0.9971236438307329), ([[78, 1260], [102, 1260], [102, 1350], [78, 1350]], '흙', 0.01737925285286579), ([[101, 1305], [121, 1305], [121, 1329], [101, 1329]], '한', 0.9999549393961757), ([[101, 1337], [121, 1337], [121, 1361], [101, 1361]], '년', 0.9996934172091301), ([[76, 1356], [100, 1356], [100, 1426], [76, 1426]], '양', 0.027473678942860014)]
[([[891, 135], [927, 135], [927, 155], [891, 155]], '알 여', 0.9276137966103326), ([[889, 155], [929, 155], [929, 173], [889, 173]], '고후', 0.6344459992151904), ([[817, 163], [877, 163], [877, 181], [817, 181]], '대 키자', 0.567410070240861), ([[817, 181], [875, 181], [875, 201], [817, 201]], '용리 신', 0.7673184810016117), ([[816, 196], [876, 196], [876, 220], [816, 220]], '품히 은', 0.900080696041594), ([[891, 183], [909, 183], [909, 221], [891, 221]], '잎', 0.37408341000244505), ([[816, 216], [876, 216], [876, 246], [816, 246]], '일예단', 0.6569821483695749), ([[557, 221], [573, 221], [573, 257], [557, 257]], '래', 0.02770317477373241), ([[814, 234], [874, 234], [874, 266], [814, 266]], '뿐 의지', 0.785150408744812), ([[553, 265], [573, 265], [573, 321], [553, 321]], '탓', 0.020052475328826924), ([[817, 281], [835, 281], [835, 317], [817, 317]], '화', 0.662869008479877), ([[555, 347], [573, 347], [573, 385], [555, 385]], '약', 0.3005063267882271), ([[893, 447], [909, 447], [909, 503], [893, 503]], '급', 0.052317437012527), ([[403, 641], [419, 641], [419, 709], [403, 709]], '뭐', 0.008991938800599009), ([[825, 691], [859, 691], [859, 709], [825, 709]], '기 제', 0.8044316200603383), ([[823, 715], [843, 715], [843, 751], [823, 751]], '곁', 0.783027182697257), ([[845, 741], [859, 741], [859, 773], [845, 773]], '있', 0.0256888390331087), ([[825, 773], [861, 773], [861, 793], [825, 793]], '에임', 0.14935241918953998), ([[65, 1017], [85, 1017], [85, 1073], [65, 1073]], '#', 0.06060748208469935), ([[85, 1053], [103, 1053], [103, 1109], [85, 1109]], '회', 0.03401040828713264), ([[65, 1081], [83, 1081], [83, 1135], [65, 1135]], '싫', 0.003142395870706763), ([[83, 1116], [103, 1116], [103, 1173], [83, 1173]], '흙', 0.12660944195785362), ([[735, 1243], [789, 1243], [789, 1263], [735, 1263]], '그그두', 0.8812138478202731), ([[735, 1259], [789, 1259], [789, 1279], [735, 1279]], '더 림루', 0.19239169274841994), ([[733, 1277], [791, 1277], [791, 1297], [733, 1297]], '저 에마', 0.9569726761745927), ([[731, 1303], [773, 1303], [773, 1345], [731, 1345]], '어사', 0.8996698517484762)]
[([[907, 103], [947, 103], [947, 215], [907, 215]], '터', 0.05631523327466881), ([[919, 233], [939, 233], [939, 257], [919, 257]], '@', 0.9984001364816919), ([[919, 278], [937, 278], [937, 325], [919, 325]], '틀', 0.010332031729408442), ([[802, 362], [846, 362], [846, 388], [802, 388]], '[7', 0.3653866985065999), ([[929, 385], [987, 385], [987, 423], [929, 423]], '03"', 0.27063072001819316), ([[846, 428], [888, 428], [888, 454], [846, 454]], "'번역", 0.9992508030495838), ([[900, 428], [974, 428], [974, 458], [900, 458]], '예-드@', 0.0008398708887398243), ([[844, 452], [888, 452], [888, 476], [844, 476]], "'식자", 0.9275298533986914), ([[900, 452], [944, 452], [944, 482], [900, 482]], '로망', 0.7788480675702679)]
[([[845, 189], [863, 189], [863, 239], [845, 239]], '잇', 0.06870886742351345), ([[283, 261], [301, 261], [301, 293], [283, 293]], '냐', 0.16827638723179295), ([[262, 274], [286, 274], [286, 330], [262, 330]], '준', 0.9918031079884173), ([[207, 297], [247, 297], [247, 349], [207, 349]], '경적', 0.05007081697353551), ([[207, 367], [225, 367], [225, 415], [207, 415]], '콩', 0.0524346200525605), ([[227, 351], [245, 351], [245, 433], [227, 433]], '#', 0.12991878815449187), ([[207, 415], [227, 415], [227, 449], [207, 449]], '자', 0.5190316040082052), ([[557, 681], [619, 681], [619, 721], [557, 721]], '생 진래', 0.13998723030090332), ([[560, 712], [618, 712], [618, 740], [560, 740]], '해수도', 0.9998373670789686), ([[579, 733], [621, 733], [621, 805], [579, 805]], '옆하', 0.004379552048352344), ([[385, 903], [401, 903], [401, 949], [385, 949]], '경', 0.010384196906350562), ([[723, 1103], [763, 1103], [763, 1169], [723, 1169]], '#울', 0.010987614482515477), ([[725, 1169], [743, 1169], [743, 1199], [725, 1199]], '양', 0.9962298709126571), ([[745, 1185], [761, 1185], [761, 1217], [745, 1217]], '제', 0.8355566735307463)]
[([[652, 334], [684, 334], [684, 442], [652, 442]], '하', 0.7194945446804155), ([[411, 649], [427, 649], [427, 685], [411, 685]], '뿐', 0.15030686964849238), ([[887, 1085], [907, 1085], [907, 1119], [887, 1119]], '몸', 0.8568414961807811), ([[887, 1123], [907, 1123], [907, 1191], [887, 1191]], '출', 0.34193011883361635)]
[([[837, 147], [857, 147], [857, 183], [837, 183]], '급', 0.1958589466855507), ([[837, 183], [857, 183], [857, 205], [837, 205]], '밤', 0.9532006812831675), ([[239, 631], [253, 631], [253, 659], [239, 659]], '좀', 0.6372422045863004), ([[185, 687], [205, 687], [205, 757], [185, 757]], '업', 0.019659772502652828), ([[262, 890], [286, 890], [286, 970], [262, 970]], '업', 0.298933682257271), ([[256, 1060], [282, 1060], [282, 1236], [256, 1236]], '1', 0.12068616620016659), ([[480, 1118], [534, 1118], [534, 1228], [480, 1228]], '국', 0.619937948129575), ([[258, 1234], [282, 1234], [282, 1276], [258, 1276]], '거', 0.800510151505037), ([[556, 1174], [580, 1174], [580, 1280], [556, 1280]], '"', 0.002287577097948079)]
[([[123, 53], [163, 53], [163, 89], [123, 89]], '변좌', 0.17985634522856203), ([[859, 49], [899, 49], [899, 87], [859, 87]], '값잘', 0.04623052843925211), ([[109, 71], [123, 71], [123, 105], [109, 105]], '흙', 0.9562621194937861), ([[107, 89], [143, 89], [143, 139], [107, 139]], '깊리', 0.003330370826669757), ([[141, 91], [161, 91], [161, 123], [141, 123]], '달', 0.41003627028226575), ([[859, 83], [899, 83], [899, 135], [859, 135]], '겨출', 0.07430397782316714), ([[125, 135], [143, 135], [143, 165], [125, 165]], "'", 0.06429666694376479), ([[143, 127], [161, 127], [161, 187], [143, 187]], '흙', 0.011955875302343044), ([[859, 133], [899, 133], [899, 185], [859, 185]], '%출', 0.025184464931183686), ([[881, 173], [897, 173], [897, 203], [881, 203]], '죽', 0.19109452179846276), ([[329, 709], [347, 709], [347, 739], [329, 739]], '흙', 0.7771937971460972), ([[349, 723], [367, 723], [367, 773], [349, 773]], '준', 0.00868403995213729), ([[329, 773], [349, 773], [349, 819], [329, 819]], '볶', 0.06689964001524018), ([[867, 927], [883, 927], [883, 973], [867, 973]], '홀', 0.0395973827582532), ([[885, 971], [899, 971], [899, 999], [885, 999]], '첫', 0.2899933675153079), ([[865, 973], [903, 973], [903, 1039], [865, 1039]], '#', 0.05587212813424802), ([[767, 1031], [783, 1031], [783, 1091], [767, 1091]], '닭', 0.06876531215442938), ([[867, 1025], [883, 1025], [883, 1085], [867, 1085]], '출', 0.005803535978337548), ([[765, 1091], [785, 1091], [785, 1139], [765, 1139]], '찾', 0.03560476777940225), ([[141, 1163], [181, 1163], [181, 1199], [141, 1199]], '고쟁', 0.004561625508867145), ([[765, 1157], [785, 1157], [785, 1189], [765, 1189]], '앞', 0.024333699723243285), ([[142, 1194], [180, 1194], [180, 1218], [142, 1218]], '이 의', 0.6796779182891108), ([[141, 1213], [181, 1213], [181, 1267], [141, 1267]], '준말', 0.5060126204995646), ([[305, 1219], [343, 1219], [343, 1271], [305, 1271]], '살발', 0.5283524943241007), ([[81, 1237], [119, 1237], [119, 1289], [81, 1289]], '바월', 0.020085446303607743), ([[303, 1255], [343, 1255], [343, 1303], [303, 1303]], '표출', 0.045972174167027306), ([[77, 1285], [119, 1285], [119, 1337], [77, 1337]], '삶상', 0.007331221741253624), ([[327, 1291], [341, 1291], [341, 1339], [327, 1339]], '3', 0.0010020842235205496), ([[305, 1303], [325, 1303], [325, 1367], [305, 1367]], '%', 0.3340616173831137)]
[([[133, 237], [175, 237], [175, 361], [133, 361]], '#', 0.9958298856503376), ([[147, 411], [163, 411], [163, 445], [147, 445]], '틀', 0.2058365021756714), ([[188, 482], [246, 482], [246, 514], [188, 514]], '[8', 0.2779970653810984), ([[106, 522], [146, 522], [146, 548], [106, 548]], '번역', 0.9998321753742121), ([[160, 522], [230, 522], [230, 550], [160, 550]], '4,"하+0', 0.0003011716457984837), ([[106, 546], [148, 546], [148, 572], [106, 572]], '식자', 0.9998205434356684), ([[161.02202795004177, 543.1638810551212], [203.670130094576, 548.632372390583], [199.97797204995823, 577.8361189448788], [157.329869905424, 572.367627609417]], '로멩', 0.0920051921178739)]
[([[887, 135], [907, 135], [907, 185], [887, 185]], '깊', 0.03909504519452245), ([[785, 223], [847, 223], [847, 295], [785, 295]], '해거움', 0.017110962477551478), ([[807, 269], [825, 269], [825, 303], [807, 303]], '왜', 0.3725795994676595), ([[827, 307], [843, 307], [843, 337], [827, 337]], '약', 0.9968246434914505), ([[805, 305], [825, 305], [825, 369], [805, 369]], '올', 0.02044823054298406), ([[633, 843], [653, 843], [653, 897], [633, 897]], '푹', 0.32516409645282707), ([[589, 887], [607, 887], [607, 941], [589, 941]], '용', 0.2757079061615606), ([[485, 937], [527, 937], [527, 981], [485, 981]], '등몇', 0.01152687732979142), ([[505, 977], [547, 977], [547, 1013], [505, 1013]], '직째', 0.004623535773629649), ([[484, 1014], [546, 1014], [546, 1064], [484, 1064]], '축잎적', 0.010481474327067624), ([[507, 1055], [545, 1055], [545, 1075], [507, 1075]], '하이', 0.9872996184684365), ([[285, 1085], [303, 1085], [303, 1149], [285, 1149]], '출', 0.22522330982781202), ([[305, 1087], [321, 1087], [321, 1119], [305, 1119]], '일', 0.9467651699383204), ([[303, 1117], [323, 1117], [323, 1153], [303, 1153]], '난', 0.986984206613343)]
[([[897, 101], [937, 101], [937, 151], [897, 151]], '@닮', 0.014017417723815968), ([[897, 151], [937, 151], [937, 189], [897, 189]], '별철', 0.2873876500297415), ([[900, 182], [936, 182], [936, 206], [900, 206]], '아의', 0.9867976310759882), ([[741, 251], [757, 251], [757, 281], [741, 281]], '움', 0.886213294992789), ([[619, 367], [635, 367], [635, 427], [619, 427]], '축', 0.03409486453436106), ([[615, 429], [635, 429], [635, 501], [615, 501]], '@', 0.040026112286686066), ([[272, 878], [312, 878], [312, 902], [272, 902]], '달이', 0.9992027590323297), ([[275, 897], [309, 897], [309, 913], [275, 913]], '아리', 0.999965945516241), ([[131, 941], [175, 941], [175, 999], [131, 999]], '잦원', 0.008404560884906688), ([[131, 995], [175, 995], [175, 1049], [131, 1049]], '아립', 0.011270186770464348), ([[135, 1029], [153, 1029], [153, 1065], [135, 1065]], '앞', 0.37497360158358006), ([[941, 1083], [957, 1083], [957, 1117], [941, 1117]], '올', 0.5986573440521035), ([[911, 1195], [931, 1195], [931, 1261], [911, 1261]], '혀', 0.11303951711668336)]
[([[667, 95], [687, 95], [687, 163], [667, 163]], '북', 0.09823827855683565), ([[689, 97], [707, 97], [707, 131], [689, 131]], '만', 0.3218614383943219), ([[901, 91], [943, 91], [943, 143], [901, 143]], '굵륭', 0.002207715165251071), ([[689, 129], [705, 129], [705, 163], [689, 163]], '사', 0.14007079922309007), ([[215, 941], [235, 941], [235, 979], [215, 979]], '살', 0.9671731902657008), ([[803, 935], [821, 935], [821, 985], [803, 985]], '꿀', 0.5623522199907462), ([[215, 979], [235, 979], [235, 1019], [215, 1019]], '죽', 0.17759994732490814), ([[805, 985], [823, 985], [823, 1019], [805, 1019]], '엔', 0.17636321602913085)]
[([[887, 171], [947, 171], [947, 251], [887, 251]], '적적', 0.04592557665354955), ([[617, 957], [635, 957], [635, 1071], [617, 1071]], '1', 0.029377110579231536), ([[117, 1259], [155, 1259], [155, 1279], [117, 1279]], '사 여', 0.7119976411952952), ([[269, 1235], [309, 1235], [309, 1305], [269, 1305]], '육출', 0.17476804999844703), ([[907, 1247], [923, 1247], [923, 1277], [907, 1277]], '권', 0.3912622843532887), ([[115, 1273], [159, 1273], [159, 1313], [115, 1313]], '한육', 0.3037807657311972), ([[905, 1275], [923, 1275], [923, 1297], [905, 1297]], '운', 0.995862931795), ([[139, 1315], [155, 1315], [155, 1367], [139, 1367]], '올', 0.07614337757786416)]
[([[165, 139], [209, 139], [209, 261], [165, 261]], '#', 0.6745389279343819), ([[179, 317], [197, 317], [197, 383], [179, 383]], '{', 0.007512837737011502), ([[189, 410], [258, 410], [258, 454], [189, 454]], '08', 0.09502693489907559), ([[110, 458], [240, 458], [240, 488], [110, 488]], '면- & ^장-`@', 0.0011132639536490787), ([[112, 482], [210, 482], [210, 514], [112, 514]], '.자 % 올뱀', 0.010916328013084512)]
[([[183, 81], [223, 81], [223, 137], [183, 137]], '영직', 0.024480143226585954), ([[201, 117], [221, 117], [221, 139], [201, 139]], '기', 0.9999977350247811), ([[181, 133], [223, 133], [223, 173], [181, 173]], '필원', 0.09938813064237507), ([[35, 151], [75, 151], [75, 191], [35, 191]], '볼쁨', 0.2027939612879111), ([[183, 171], [203, 171], [203, 207], [183, 207]], '앞', 0.3597461575864713), ([[617, 207], [633, 207], [633, 253], [617, 253]], '콩', 0.34918852597515126), ([[256, 334], [294, 334], [294, 358], [256, 358]], '남남', 0.9983603758115058), ([[123, 529], [165, 529], [165, 569], [123, 569]], '떨굴', 0.10303008951269266), ([[123, 567], [143, 567], [143, 619], [123, 619]], '뿐', 0.007196522198826882), ([[143, 605], [163, 605], [163, 657], [143, 657]], '꿀', 0.9794003018306654), ([[829, 777], [845, 777], [845, 827], [829, 827]], '용', 0.018342078203503753), ([[791, 837], [807, 837], [807, 889], [791, 889]], '현', 0.903446192656304), ([[791, 891], [807, 891], [807, 925], [791, 925]], '역', 0.09332688176190018), ([[53, 1199], [73, 1199], [73, 1239], [53, 1239]], '척', 0.7277020200092466), ([[805, 1261], [821, 1261], [821, 1311], [805, 1311]], '-', 0.026076496112858116), ([[823, 1275], [841, 1275], [841, 1297], [823, 1297]], '틀', 0.992619711462627), ([[863, 1277], [879, 1277], [879, 1313], [863, 1313]], '운', 0.9939810282205066), ([[821, 1297], [841, 1297], [841, 1335], [821, 1335]], '철', 0.6830541675603321), ([[841, 1261], [861, 1261], [861, 1359], [841, 1359]], '@', 0.00471833888825679), ([[803, 1311], [823, 1311], [823, 1381], [803, 1381]], '닭', 0.0027935848563329646)]
[([[604, 344], [628, 344], [628, 370], [604, 370]], '경', 0.2154627889277414), ([[858, 378], [882, 378], [882, 430], [858, 430]], '호', 0.2904675160506862), ([[195, 497], [251, 497], [251, 515], [195, 515]], '나이기', 0.997664565346691), ([[197, 513], [251, 513], [251, 531], [197, 531]], '타 즈 기', 0.6934398430066212), ([[194, 528], [254, 528], [254, 552], [194, 552]], '낫나에', 0.6695320676762174), ([[194, 542], [236, 542], [236, 566], [194, 566]], '다가', 0.9998476003973241), ([[519, 1015], [535, 1015], [535, 1045], [519, 1045]], '어', 0.8454408871354282), ([[447, 1091], [467, 1091], [467, 1125], [447, 1125]], ':', 0.08590126812755816), ([[469, 1093], [487, 1093], [487, 1143], [469, 1143]], '육', 0.2102581595164219), ([[447, 1127], [467, 1127], [467, 1179], [447, 1179]], '적', 0.10722563463799872), ([[847, 1275], [865, 1275], [865, 1325], [847, 1325]], '옷', 0.0723635300037273), ([[501.7099926047171, 1027.0429755955665], [515.5057194997124, 1029.1373020299022], [512.2900073952828, 1061.9570244044335], [497.4942805002876, 1059.8626979700978]], '김', 0.013610346311478116)]
[([[327, 193], [363, 193], [363, 213], [327, 213]], '콩콩', 0.12197423880090447), ([[895, 187], [913, 187], [913, 255], [895, 255]], '별', 0.2767407384819762), ([[895, 257], [913, 257], [913, 323], [895, 323]], '영', 0.16200251032484037), ([[843, 505], [885, 505], [885, 593], [843, 593]], '#품', 0.007099609250807325), ([[765, 559], [807, 559], [807, 615], [765, 615]], '면족', 0.005803886537480783), ([[551, 605], [569, 605], [569, 641], [551, 641]], '부', 0.745841843262852), ([[547, 621], [591, 621], [591, 697], [547, 697]], '표출', 0.048970396169411276), ([[789, 601], [805, 601], [805, 667], [789, 667]], '출', 0.012635192696407671), ([[361, 895], [377, 895], [377, 941], [361, 941]], '퍽', 0.003627616320414584), ([[803, 1201], [859, 1201], [859, 1219], [803, 1219]], '키이 그', 0.9716934800201046), ([[800, 1214], [860, 1214], [860, 1238], [800, 1238]], '리즈리', 0.4872190960120047), ([[803, 1233], [859, 1233], [859, 1253], [803, 1253]], '히나하', 0.9455783363251226), ([[719, 1245], [737, 1245], [737, 1279], [719, 1279]], '댁', 0.6128055445896372), ([[739, 1243], [777, 1243], [777, 1263], [739, 1263]], '여 간', 0.8544086813926697), ([[800, 1248], [860, 1248], [860, 1272], [800, 1272]], '메는여', 0.43522613496092005), ([[735, 1257], [777, 1257], [777, 1297], [735, 1297]], '울한', 0.0719589457200457), ([[719, 1277], [737, 1277], [737, 1311], [719, 1311]], '올', 0.9915628338465154), ([[739, 1293], [755, 1293], [755, 1327], [739, 1327]], '불', 0.09994084151509242), ([[717, 1313], [737, 1313], [737, 1365], [717, 1365]], '닭', 0.0034831987501572487)]
[([[67, 277], [107, 277], [107, 347], [67, 347]], '기월', 0.01334014512300323), ([[727, 493], [747, 493], [747, 555], [727, 555]], '팀', 0.27666091259925807), ([[747, 475], [767, 475], [767, 559], [747, 559]], '흙', 0.01047957446960629), ([[729, 561], [749, 561], [749, 615], [729, 615]], '잘', 0.01389711236346175), ([[907, 833], [947, 833], [947, 869], [907, 869]], '생짝', 0.01591272505799445), ([[909, 865], [945, 865], [945, 885], [909, 885]], '햇온', 0.9878128514793162), ([[910, 880], [946, 880], [946, 904], [910, 904]], '다 여', 0.698587537702279), ([[929, 901], [945, 901], [945, 935], [929, 935]], '운', 0.7890342183316221), ([[183, 909], [203, 909], [203, 971], [183, 971]], '%', 0.3458236320146604), ([[444, 928], [482, 928], [482, 958], [444, 958]], '하일', 0.8925117335053822), ([[462, 928], [498, 928], [498, 960], [462, 960]], '잊리', 0.7041444412100751), ([[445, 955], [497, 955], [497, 975], [445, 975]], '한나히', 0.9776082503477422), ([[444, 968], [498, 968], [498, 992], [444, 992]], '다들메', 0.7760653363154935), ([[187, 973], [203, 973], [203, 1035], [187, 1035]], '콩', 0.0065889184800751455), ([[933, 1143], [953, 1143], [953, 1179], [933, 1179]], '난', 0.3911199497423503), ([[935, 1181], [951, 1181], [951, 1241], [935, 1241]], '옆', 0.005596885880541302), ([[350, 1222], [408, 1222], [408, 1274], [350, 1274]], '햇출올', 0.16353214521548062), ([[813, 1225], [871, 1225], [871, 1261], [813, 1261]], '1아하', 0.0922747418279496), ([[368, 1258], [406, 1258], [406, 1290], [368, 1290]], '강수', 0.9910393303770465), ([[817, 1255], [851, 1255], [851, 1273], [817, 1273]], '고도', 0.999602578352863), ([[851, 1255], [869, 1255], [869, 1289], [851, 1289]], '헬', 0.08555183288791923), ([[347, 1277], [409, 1277], [409, 1341], [347, 1341]], '표어움', 0.07928636201685545), ([[437, 1305], [479, 1305], [479, 1341], [437, 1341]], '삼야', 0.220150049695373), ([[831, 1275], [851, 1275], [851, 1309], [831, 1309]], '열', 0.5238116398243307), ([[851, 1291], [869, 1291], [869, 1337], [851, 1337]], '잦', 0.07106859101207252), ([[441, 1351], [475, 1351], [475, 1371], [441, 1371]], '게눈', 0.2665374025918945), ([[777, 1351], [793, 1351], [793, 1395], [777, 1395]], '시', 0.08196050789288112)]
[([[895, 197], [937, 197], [937, 259], [895, 259]], '아', 0.9441607201007542), ([[52, 237], [97, 237], [97, 339], [52, 339]], '#', 0.197186740719979), ([[402, 366], [426, 366], [426, 390], [402, 390]], '악', 0.40565756411993803), ([[62, 1074], [86, 1074], [86, 1098], [62, 1098]], '힘', 0.010144397486047174), ([[645, 1059], [665, 1059], [665, 1129], [645, 1129]], '%', 0.20128786764959106), ([[132, 1086], [162, 1086], [162, 1170], [132, 1170]], '푹', 0.0031727578171933946)]
[([[133, 443], [173, 443], [173, 495], [133, 495]], '종앙', 0.01756631888070111), ([[133, 491], [173, 491], [173, 511], [133, 511]], '다아', 0.9993794019266546), ([[87, 1247], [127, 1247], [127, 1317], [87, 1317]], '약', 0.9325805777921268), ([[844, 1286], [868, 1286], [868, 1312], [844, 1312]], '하', 0.9990696687655287)]
[([[771, 113], [875, 113], [875, 203], [771, 203]], '휴 급#', 0.0007551564485765994), ([[801, 195], [817, 195], [817, 217], [801, 217]], '틀', 0.7167859516844288), ([[776, 198], [800, 198], [800, 258], [776, 258]], '%', 0.0660267438814941), ([[144, 298], [192, 298], [192, 378], [144, 378]], '"중', 0.03962953921683599), ([[151, 393], [167, 393], [167, 415], [151, 415]], '음', 0.9861148781106408), ([[169, 375], [189, 375], [189, 427], [169, 427]], '셈', 0.00783535870362706), ([[884, 745], [936, 745], [936, 840], [884, 840]], '혀', 0.006085778685614385), ([[934, 1176], [958, 1176], [958, 1252], [934, 1252]], '알', 0.050599130717476015), ([[867, 1243], [887, 1243], [887, 1281], [867, 1281]], '권', 0.0035119842053460554), ([[909, 1243], [929, 1243], [929, 1281], [909, 1281]], '옛', 0.759926546079587), ([[862, 1255], [934, 1255], [934, 1344], [862, 1344]], '1-', 0.01092337640177413), ([[889, 1317], [931, 1317], [931, 1383], [889, 1383]], '통기', 0.0003250103077808269)]
[([[152, 464], [178, 464], [178, 540], [152, 540]], '북', 0.06407458005700395), ([[152, 544], [182, 544], [182, 574], [152, 574]], '달', 0.9987789545849779), ([[157, 637], [175, 637], [175, 683], [157, 683]], '올', 0.9726621062000618)]
[([[633, 775], [675, 775], [675, 833], [633, 833]], '햇월', 0.031842154531513574), ([[652, 830], [676, 830], [676, 884], [652, 884]], '볶', 0.23802807841460183), ([[288, 943], [308, 943], [308, 1049], [288, 1049]], '국', 0.357656243416443), ([[443, 995], [463, 995], [463, 1049], [443, 1049]], '힘', 0.008931932413297483), ([[869, 937], [983, 937], [983, 1087], [869, 1087]], '해', 0.007475349942467402), ([[357, 1031], [401, 1031], [401, 1071], [357, 1071]], '포우', 0.0744344311681807), ([[895, 1047], [915, 1047], [915, 1085], [895, 1085]], '절', 0.8777871194927265), ([[357, 1047], [421, 1047], [421, 1127], [357, 1127]], '표_출', 0.02022209414045113), ([[915, 1063], [933, 1063], [933, 1115], [915, 1115]], '경', 0.4898350234635842), ([[379, 1123], [399, 1123], [399, 1145], [379, 1145]], '할', 0.9068652095483145), ([[657, 1247], [671, 1247], [671, 1283], [657, 1283]], '웃', 0.3651148377689992), ([[63, 1319], [103, 1319], [103, 1375], [63, 1375]], '꿀', 0.002782255834833658)]
[([[547, 241], [567, 241], [567, 275], [547, 275]], '양', 0.9971529273253168), ([[716, 266], [754, 266], [754, 290], [716, 290]], '들표', 0.9069013749619322), ([[753, 267], [773, 267], [773, 303], [753, 303]], '난', 0.9879298672702284), ([[713, 281], [755, 281], [755, 321], [713, 321]], '확히', 0.04984303949908538), ([[733, 283], [753, 283], [753, 305], [733, 305]], '정', 0.9937264678436328), ([[734, 320], [772, 320], [772, 346], [734, 346]], '맘 녀', 0.57911161955543), ([[735, 339], [771, 339], [771, 359], [735, 359]], '에 석', 0.5592103465533366), ([[470, 356], [528, 356], [528, 380], [470, 380]], '부달 내', 0.6689119338989258), ([[471, 373], [509, 373], [509, 393], [471, 393]], '끄랑', 0.9658037461008349), ([[509, 379], [527, 379], [527, 411], [509, 411]], '정', 0.49397413767025), ([[491, 395], [509, 395], [509, 445], [491, 445]], '곁', 0.11848805298612675), ([[183, 417], [201, 417], [201, 453], [183, 453]], '팬', 0.01898582387209502), ([[509, 415], [529, 415], [529, 465], [509, 465]], '잦', 0.010229949156944862), ([[65, 485], [85, 485], [85, 507], [65, 507]], '하', 0.9997615956317532), ([[161, 469], [203, 469], [203, 525], [161, 525]], '여혀', 0.024067724196535707), ([[69, 505], [83, 505], [83, 527], [69, 527]], '옷', 0.49425359754176057), ([[943, 661], [983, 661], [983, 701], [943, 701]], '짧옷', 0.030992908314688594), ([[821, 913], [841, 913], [841, 947], [821, 947]], '강', 0.9518325847380424), ([[841, 913], [861, 913], [861, 981], [841, 981]], '퍽', 0.1748854455362201), ([[416, 1160], [464, 1160], [464, 1250], [416, 1250]], '앗', 0.5817594206055219), ([[767, 1303], [787, 1303], [787, 1325], [767, 1325]], '잇', 0.4705768498499765), ([[547.6223052126998, 186.0359871060387], [567.8498142740277, 188.18952611185395], [563.3776947873002, 241.9640128939613], [543.1501857259723, 240.81047388814605]], '앞', 0.551825688086538), ([[167.3053712883528, 446.1245024785526], [204.9778727057366, 457.7033190941395], [199.6946287116472, 476.8754975214474], [161.0221272942634, 464.2966809058605]], '까내', 0.9993845429112)]
[([[191, 156], [227, 156], [227, 288], [191, 288]], '훔', 0.06256984634450546), ([[191, 299], [227, 299], [227, 431], [191, 431]], '뿐', 0.014049139591954196), ([[765, 425], [785, 425], [785, 477], [765, 477]], '앞', 0.1333838926416684), ([[769, 483], [783, 483], [783, 507], [769, 507]], '?', 0.9776366614721752), ([[601, 671], [637, 671], [637, 819], [601, 819]], '올', 0.057525077308540284), ([[474, 850], [500, 850], [500, 904], [474, 904]], '옷', 0.9763997842061691), ([[68, 902], [120, 902], [120, 930], [68, 930]], '이 뭐', 0.9994158148765564), ([[63, 925], [125, 925], [125, 991], [63, 991]], '넉약', 0.08359102638991218), ([[347, 1225], [391, 1225], [391, 1313], [347, 1313]], '확', 0.09122741193412143), ([[537, 1325], [555, 1325], [555, 1389], [537, 1389]], '흙', 0.0724459839109679)]
[([[859, 115], [879, 115], [879, 149], [859, 149]], '장', 0.9677976917506079), ([[520, 137], [568, 137], [568, 200], [520, 200]], '훨어', 0.003877077958099571), ([[857, 129], [901, 129], [901, 187], [857, 187]], '허운', 0.05528898442927697), ([[544, 194], [568, 194], [568, 266], [544, 266]], '잎', 0.038734478028603414), ([[774, 174], [798, 174], [798, 226], [774, 226]], '굶', 0.057544742873005816), ([[857, 165], [901, 165], [901, 243], [857, 243]], '영영', 0.002121318299191943), ([[372, 386], [410, 386], [410, 410], [372, 410]], '일지', 0.41906142650995554), ([[573, 375], [593, 375], [593, 411], [573, 411]], '좀', 0.05298415420423219), ([[375, 405], [411, 405], [411, 423], [375, 423]], '이 번', 0.904179036617279), ([[355, 459], [371, 459], [371, 489], [355, 489]], '영', 0.8988813482947222), ([[371, 423], [413, 423], [413, 495], [371, 495]], '%히', 0.03614696593887787), ([[356, 490], [392, 490], [392, 516], [356, 516]], '? 한', 0.9745855927467346), ([[393, 495], [411, 495], [411, 533], [393, 533]], '잘', 0.8694030834894875), ([[887, 557], [931, 557], [931, 613], [887, 613]], '잠퓨', 0.004874681851213967), ([[909, 613], [927, 613], [927, 635], [909, 635]], '몇', 0.9975126970482648), ([[909, 633], [927, 633], [927, 667], [909, 667]], '일', 0.9763136785384319), ([[297, 827], [339, 827], [339, 865], [297, 865]], '확리', 0.12717989613342726), ([[319, 845], [335, 845], [335, 879], [319, 879]], '리', 0.7571884590748859), ([[337, 829], [357, 829], [357, 897], [337, 897]], '알', 0.7957696287267169), ([[297, 865], [339, 865], [339, 919], [297, 919]], '%화', 0.052940863171274034), ([[757, 885], [777, 885], [777, 939], [757, 939]], '털', 0.01901233193599694), ([[315, 911], [359, 911], [359, 953], [315, 953]], '반화', 0.7570635094382497), ([[433, 899], [449, 899], [449, 949], [433, 949]], '물', 0.12472642286670421), ([[737, 899], [755, 899], [755, 951], [737, 951]], '평', 0.012771671935368767), ([[411, 933], [431, 933], [431, 971], [411, 971]], '효', 0.047836966994424523), ([[759, 941], [775, 941], [775, 977], [759, 977]], '올', 0.07179407133665805), ([[317, 951], [337, 951], [337, 987], [317, 987]], '곁', 0.23124880583742424), ([[869, 1097], [913, 1097], [913, 1137], [869, 1137]], '차루', 0.29411233823151417), ([[893, 1133], [909, 1133], [909, 1169], [893, 1169]], '볼', 0.43467982958887674), ([[295, 1157], [315, 1157], [315, 1225], [295, 1225]], '꿀', 0.0031757973798779565), ([[745, 1173], [789, 1173], [789, 1213], [745, 1213]], '#엽', 0.060763687132752736), ([[867, 1133], [933, 1133], [933, 1209], [867, 1209]], '빗전볕', 0.00039221488839476557), ([[121, 1239], [161, 1239], [161, 1259], [121, 1259]], '죽도', 0.7304116646051544), ([[729, 1209], [749, 1209], [749, 1243], [729, 1243]], '남', 0.6331827148266065), ([[729, 1237], [749, 1237], [749, 1259], [729, 1259]], '까', 0.9988951160374349), ([[747, 1205], [789, 1205], [789, 1261], [747, 1261]], '쫓출', 0.04114579059179897), ([[121, 1255], [159, 1255], [159, 1275], [121, 1275]], '눈끼', 0.5949648624404176), ([[77, 1329], [97, 1329], [97, 1401], [77, 1401]], '군', 0.013082645102500345), ([[357.69299722007725, 425.0482913822394], [371.50980239030173, 427.13970846636585], [368.30700277992275, 457.9517086177606], [354.49019760969827, 455.86029153363415]], '일', 0.7827512532863956)]
[([[205, 653], [245, 653], [245, 789], [205, 789]], '품', 0.10960227740042772), ([[207, 793], [243, 793], [243, 833], [207, 833]], '달', 0.9953946568491325), ([[215, 887], [231, 887], [231, 941], [215, 941]], '돌', 0.17932726194067072)]
[([[887, 128], [926, 128], [926, 183], [887, 183]], '여컵', 0.016283783322568992), ([[297, 173], [319, 173], [319, 193], [297, 193]], '밖', 0.9998260812091395), ([[319, 173], [357, 173], [357, 229], [319, 229]], '통점', 0.06403254023151873), ([[795, 199], [835, 199], [835, 217], [795, 217]], '그도', 0.9914902372756658), ([[883, 175], [927, 175], [927, 235], [883, 235]], '결`', 0.020355302053388424), ([[299, 209], [319, 209], [319, 261], [299, 261]], '영', 0.01757975532160061), ([[317, 223], [357, 223], [357, 265], [317, 265]], '핵이', 0.1987058381317439), ([[792, 218], [816, 218], [816, 274], [792, 274]], '볶', 0.006672596108959539), ([[907, 213], [925, 213], [925, 267], [907, 267]], '출', 0.7436876955243896), ([[817, 269], [833, 269], [833, 303], [817, 303]], '첫', 0.004727015524781442), ([[884, 234], [908, 234], [908, 306], [884, 306]], '알', 0.0987191579405966), ([[907, 267], [925, 267], [925, 303], [907, 303]], '웨', 0.22961539384738217), ([[795, 273], [815, 273], [815, 325], [795, 325]], '옆', 0.10448753479683237), ([[731, 469], [751, 469], [751, 509], [731, 509]], '와', 0.30004723164825364), ([[856, 470], [916, 470], [916, 494], [856, 494]], '않키하', 0.6433321754342503), ([[711, 469], [731, 469], [731, 537], [711, 537]], '업', 0.5683048049016328), ([[837, 471], [857, 471], [857, 523], [837, 523]], '책', 0.10404897984959494), ([[855, 489], [877, 489], [877, 507], [855, 507]], '게', 0.9996221422529885), ([[875, 485], [917, 485], [917, 525], [875, 525]], '허잔', 0.027220657999810306), ([[857, 509], [897, 509], [897, 557], [857, 557]], '현대', 0.010530051312208008), ([[837, 541], [857, 541], [857, 593], [837, 593]], '월', 0.3285089609350713), ([[859, 547], [875, 547], [875, 569], [859, 569]], '잘', 0.9997413325710482), ([[877, 559], [895, 559], [895, 591], [877, 591]], '봄', 0.508530504969773), ([[897, 535], [915, 535], [915, 585], [897, 585]], '올', 0.4928545777861615), ([[857, 567], [877, 567], [877, 605], [857, 605]], '닭', 0.06302039914334845), ([[119, 619], [139, 619], [139, 655], [119, 655]], '숲', 0.6724399692752883), ([[119, 657], [139, 657], [139, 709], [119, 709]], '혈', 0.09479749876121346), ([[141, 621], [159, 621], [159, 709], [141, 709]], '{', 0.04107452207860107), ([[119, 709], [137, 709], [137, 743], [119, 743]], '경', 0.6276544548317275), ([[347, 693], [365, 693], [365, 739], [347, 739]], '꼭', 0.01066830522323503), ([[139, 709], [159, 709], [159, 777], [139, 777]], '%', 0.06356657729427084), ([[540, 910], [616, 910], [616, 934], [540, 934]], '창말키 너', 0.8601389003514941), ([[680, 904], [704, 904], [704, 932], [680, 932]], '경', 0.16029907361023366), ([[541, 927], [597, 927], [597, 947], [541, 947]], '너하리', 0.5076639652252197), ([[539, 945], [595, 945], [595, 965], [539, 965]], '가여히', 0.4330429730396573), ([[601, 931], [619, 931], [619, 983], [601, 983]], '륙', 0.29109941612719936), ([[910, 938], [934, 938], [934, 966], [910, 966]], '년', 0.9999922514111894), ([[557, 963], [601, 963], [601, 1013], [557, 1013]], '둘표', 0.015569211229277506), ([[437, 1021], [457, 1021], [457, 1057], [437, 1057]], '잘', 0.9938593295566456), ([[559, 1003], [579, 1003], [579, 1057], [559, 1057]], '달', 0.005439319176274771), ([[417, 1023], [437, 1023], [437, 1105], [417, 1105]], '푹', 0.02353401168193514), ([[437, 1057], [455, 1057], [455, 1095], [437, 1095]], '움', 0.22452397677735636), ([[339, 1117], [381, 1117], [381, 1175], [339, 1175]], '내표', 0.2957715468528091), ([[432, 1093], [458, 1093], [458, 1152], [432, 1152]], '봄', 0.33590628498872377), ([[359, 1173], [379, 1173], [379, 1227], [359, 1227]], '&', 0.2022503257967836)]
[([[656, 118], [720, 118], [720, 174], [656, 174]], '표금예', 0.007577239654994357), ([[717, 121], [737, 121], [737, 187], [717, 187]], '옆', 0.009530677435418744), ([[656, 154], [720, 154], [720, 208], [656, 208]], '횟출:', 0.0024733296000773075), ([[679, 195], [699, 195], [699, 217], [679, 217]], '밥', 0.9954071450079596), ([[576, 192], [619, 192], [619, 281], [576, 281]], '오', 0.03876457933380184), ([[655, 201], [741, 201], [741, 263], [655, 263]], '튀길걀', 0.00018493860433558727), ([[719, 243], [737, 243], [737, 265], [719, 265]], '덜', 0.0509433984977401), ([[597, 247], [617, 247], [617, 281], [597, 281]], '강', 0.999421680164744), ([[697, 269], [717, 269], [717, 291], [697, 291]], '논', 0.675573907583896), ([[574, 277], [600, 277], [600, 334], [574, 334]], '힘', 0.012682916136455502), ([[402, 383], [450, 383], [450, 442], [402, 442]], '얇월', 0.0263994023508875), ([[407, 441], [427, 441], [427, 475], [407, 475]], '윗', 0.18279002201995187), ([[427, 441], [447, 441], [447, 491], [427, 491]], '국', 0.29146022173742736), ([[523, 707], [539, 707], [539, 741], [523, 741]], '몇', 0.41574767942552526), ([[559, 701], [601, 701], [601, 759], [559, 759]], '영출', 0.5698039946508472), ([[879, 673], [895, 673], [895, 721], [879, 721]], '굶', 0.008402481735704515), ([[895, 671], [915, 671], [915, 743], [895, 743]], '퍽', 0.012618071773562944), ([[915, 691], [935, 691], [935, 727], [915, 727]], '앞', 0.9985223510748256), ([[521, 741], [541, 741], [541, 763], [521, 763]], '밭', 0.9441163565053081), ([[537, 735], [581, 735], [581, 775], [537, 775]], '의몽', 0.007230159164996453), ([[877, 719], [897, 719], [897, 771], [877, 771]], '"', 0.005245987215794001), ([[915, 729], [935, 729], [935, 767], [915, 767]], '안', 0.1660777939750382), ([[539, 759], [581, 759], [581, 827], [539, 827]], '쟁장', 0.005781657760986226), ([[579, 757], [599, 757], [599, 827], [579, 827]], '삶', 0.5393629330929208), ([[879, 773], [895, 773], [895, 809], [879, 809]], '철', 0.5989548412781573), ([[915, 767], [935, 767], [935, 803], [915, 803]], '말', 0.43292939873783), ([[559, 795], [579, 795], [579, 831], [559, 831]], '월', 0.25826026272694946), ([[307, 851], [389, 851], [389, 893], [307, 893]], '허현 %내', 0.19926693927355485), ([[347, 869], [365, 869], [365, 903], [347, 903]], '여', 0.20331093392940502), ([[309, 883], [329, 883], [329, 921], [309, 921]], '#', 0.07865453517865717), ([[347, 901], [369, 901], [369, 921], [347, 921]], '야', 0.999844557127517), ([[749, 991], [793, 991], [793, 1031], [749, 1031]], '강달', 0.4689842882197596), ([[65, 1015], [107, 1015], [107, 1071], [65, 1071]], '꽃잎', 0.06414691417017385), ([[465, 1025], [507, 1025], [507, 1067], [465, 1067]], '군좌', 0.09286523883970829), ([[749, 1027], [793, 1027], [793, 1099], [749, 1099]], '휴기', 0.007242443314851722), ([[65, 1053], [109, 1053], [109, 1147], [65, 1147]], '#', 0.3659994924697827), ([[465, 1063], [509, 1063], [509, 1149], [465, 1149]], '협', 0.007659374086300075), ([[69, 1125], [87, 1125], [87, 1161], [69, 1161]], '켓', 0.03392324082138054), ([[487, 1139], [507, 1139], [507, 1177], [487, 1177]], '양', 0.10165848761708762), ([[677, 1297], [731, 1297], [731, 1317], [677, 1317]], '해죽키', 0.6997518042736155), ([[696, 1310], [734, 1310], [734, 1334], [696, 1334]], '은리', 0.9691715600242006), ([[146, 1312], [170, 1312], [170, 1374], [146, 1374]], '흙', 0.21951064186618297), ([[675, 1317], [717, 1317], [717, 1405], [675, 1405]], '#', 0.006896890020735624)]
[([[900, 502], [926, 502], [926, 578], [900, 578]], '품', 0.33261042639779603), ([[475, 667], [493, 667], [493, 699], [475, 699]], '북', 0.08458391845163593), ([[453, 679], [497, 679], [497, 725], [453, 725]], '봄과', 0.008390285421946359), ([[90, 1012], [114, 1012], [114, 1038], [90, 1038]], '에', 0.9970451995148757), ([[90, 1034], [114, 1034], [114, 1064], [90, 1064]], '잇', 0.9540517722206374), ([[858, 1060], [896, 1060], [896, 1084], [858, 1084]], '물보', 0.9929421567367068), ([[857, 1077], [895, 1077], [895, 1097], [857, 1097]], '까지', 0.9989122788939415), ([[895, 1061], [915, 1061], [915, 1111], [895, 1111]], '지', 0.01053229077367579), ([[877, 1115], [895, 1115], [895, 1147], [877, 1147]], '병', 0.7219042540321006), ([[351, 1177], [367, 1177], [367, 1217], [351, 1217]], '응', 0.9949935312915983), ([[505, 1237], [525, 1237], [525, 1295], [505, 1295]], '명', 0.13537818321239925), ([[453, 1293], [471, 1293], [471, 1359], [453, 1359]], '흙', 0.027414537056813515)]
[([[921, 157], [963, 157], [963, 241], [921, 241]], '#틈', 0.05324748494790743), ([[941, 225], [961, 225], [961, 261], [941, 261]], '방', 0.8261612278895427), ([[129, 1065], [149, 1065], [149, 1101], [129, 1101]], '와', 0.17280757074335273), ([[146, 1064], [170, 1064], [170, 1136], [146, 1136]], '알', 0.06482349114781982), ([[664, 1058], [694, 1058], [694, 1134], [664, 1134]], '앞', 0.07946199164940992), ([[122, 1115], [170, 1115], [170, 1190], [122, 1190]], '색', 0.0041906533869240925), ([[149, 1173], [167, 1173], [167, 1209], [149, 1209]], '표', 0.9393257928934418), ([[522, 1300], [546, 1300], [546, 1358], [522, 1358]], '뭐', 0.008397338484427197), ([[525, 1355], [545, 1355], [545, 1377], [525, 1377]], '메', 0.994521631457733)]
[([[112, 136], [144, 136], [144, 204], [112, 204]], '확', 0.06736813901014571), ([[114, 208], [146, 208], [146, 246], [114, 246]], '달', 0.9911760109096726)]
[([[916, 250], [946, 250], [946, 324], [916, 324]], '양', 0.2134620487986263), ([[589, 477], [633, 477], [633, 535], [589, 535]], '유점', 0.05385173092127293), ([[591, 533], [609, 533], [609, 587], [591, 587]], '별', 0.08764253930189625), ([[611, 519], [631, 519], [631, 601], [611, 601]], '7', 0.13464191742060905), ([[505, 579], [547, 579], [547, 635], [505, 635]], '평간', 0.2241045985814499), ([[81, 651], [123, 651], [123, 691], [81, 691]], '교난', 0.7161082798767407), ([[504, 616], [528, 616], [528, 688], [504, 688]], '%', 0.04794760019354172), ([[529, 651], [545, 651], [545, 687], [529, 687]], '운', 0.5503510010164661), ([[85, 693], [103, 693], [103, 761], [85, 761]], '하', 0.008456357582344032), ([[948, 928], [972, 928], [972, 974], [948, 974]], '심', 0.1695188863464523), ([[646, 1102], [676, 1102], [676, 1158], [646, 1158]], '표', 0.07435664942136455), ([[646, 1158], [676, 1158], [676, 1214], [646, 1214]], '말', 0.16858306553837465), ([[673, 1101], [703, 1101], [703, 1226], [673, 1226]], '"', 0.021106192837269333), ([[864, 1164], [892, 1164], [892, 1260], [864, 1260]], '입', 0.5067707984649736), ([[293, 1237], [337, 1237], [337, 1297], [293, 1297]], '>월', 0.025931243045071696), ([[227, 1285], [291, 1285], [291, 1325], [227, 1325]], '먼저적', 0.12221441770144192), ([[225, 1309], [269, 1309], [269, 1367], [225, 1367]], '훌젊', 0.0023211398392837725), ([[269, 1321], [289, 1321], [289, 1343], [269, 1343]], '도', 0.9973978065471876), ([[314, 1296], [338, 1296], [338, 1354], [314, 1354]], '삶', 0.6459712954625765), ([[269, 1343], [289, 1343], [289, 1381], [269, 1381]], '엉', 0.02564946119982725)]
[([[121, 167], [165, 167], [165, 227], [121, 227]], '앞품', 0.3534170857119758), ([[879, 207], [899, 207], [899, 229], [879, 229]], '듣', 0.28333065770158683), ([[921, 207], [941, 207], [941, 245], [921, 245]], '군', 0.7790409611607743), ([[76, 244], [124, 244], [124, 324], [76, 324]], '겨영', 0.0008504903233278868), ([[142, 218], [166, 218], [166, 336], [142, 336]], "'", 0.041550497514841744), ([[592, 214], [640, 214], [640, 330], [592, 330]], '#', 0.009951982462569342), ([[788, 226], [812, 226], [812, 266], [788, 266]], '풀', 0.3554633113914498), ([[789, 267], [809, 267], [809, 325], [789, 325]], '꿀', 0.014965706837506199), ([[807, 227], [832, 227], [832, 320], [807, 320]], '', 0.0), ([[879, 247], [899, 247], [899, 303], [879, 303]], '평', 0.24460628171897625), ([[896, 204], [944, 204], [944, 332], [896, 332]], '#콩', 0.00014390673922636126), ([[595, 309], [615, 309], [615, 331], [595, 331]], '길', 0.7301101439433957), ([[76, 320], [124, 320], [124, 400], [76, 400]], '평부', 0.004530687663566351), ([[789, 327], [809, 327], [809, 363], [789, 363]], '때', 0.25182704928292665), ([[808, 320], [832, 320], [832, 412], [808, 412]], ';', 0.01862967936227733), ([[899, 321], [919, 321], [919, 363], [899, 363]], '올', 0.9907550899379771), ([[791, 369], [809, 369], [809, 409], [791, 409]], '올', 0.19026559791694897), ([[79, 399], [99, 399], [99, 439], [79, 439]], '절', 0.358934443480198), ([[98, 380], [122, 380], [122, 456], [98, 456]], '푹', 0.04511390107331814), ([[803, 567], [821, 567], [821, 605], [803, 605]], '점', 0.9568099752270918), ([[801, 605], [821, 605], [821, 641], [801, 641]], '죄', 0.36394151796697827), ([[781, 567], [801, 567], [801, 713], [781, 713]], '{', 0.02898574698607903), ([[801, 643], [821, 643], [821, 711], [801, 711]], '현', 0.029497789211071712), ([[611, 755], [629, 755], [629, 793], [611, 793]], '점', 0.8764371132981843), ([[675, 697], [695, 697], [695, 779], [675, 779]], '유', 0.27622906187909635), ([[204, 812], [228, 812], [228, 836], [204, 836]], '에', 0.9996198777057295), ([[609, 793], [629, 793], [629, 843], [609, 843]], '김', 0.2590809427204164), ([[629, 755], [649, 755], [649, 845], [629, 845]], '#', 0.11752356261415375), ([[178, 832], [232, 832], [232, 882], [178, 882]], '못 햇', 0.14182749390602112), ([[877, 829], [921, 829], [921, 887], [877, 887]], '살립', 0.01589590629694933), ([[181, 881], [197, 881], [197, 911], [181, 911]], '#', 0.5963074586134987), ([[631, 869], [647, 869], [647, 905], [631, 905]], '쥐', 0.9555017473989125), ([[879, 883], [899, 883], [899, 905], [879, 905]], '논', 0.8453369796784536), ([[879, 905], [899, 905], [899, 963], [879, 963]], '살', 0.9467729414755155), ([[901, 883], [921, 883], [921, 979], [901, 979]], '#', 0.013654555404531143), ([[67, 1103], [85, 1103], [85, 1151], [67, 1151]], '유', 0.5766786889478261), ([[369, 1201], [389, 1201], [389, 1255], [369, 1255]], '월', 0.25656870270155707), ([[441, 1189], [507, 1189], [507, 1267], [441, 1267]], '소출', 0.036990321894071636), ([[880, 1172], [928, 1172], [928, 1272], [880, 1272]], '#', 0.005286153625798429), ([[369, 1255], [387, 1255], [387, 1307], [369, 1307]], '꽃', 0.281614367715747), ([[391, 1202], [409, 1202], [409, 1340], [391, 1340]], '1', 0.22424090132173635), ([[463, 1239], [505, 1239], [505, 1303], [463, 1303]], '사장', 0.05086174550289337), ([[883, 1273], [903, 1273], [903, 1315], [883, 1315]], '원', 0.19926257137014147), ([[905, 1251], [925, 1251], [925, 1273], [905, 1273]], '그', 0.9997626683877492), ([[905, 1275], [923, 1275], [923, 1313], [905, 1313]], '일', 0.8549871269043798), ([[371, 1307], [389, 1307], [389, 1331], [371, 1331]], '할', 0.9175554863034883), ([[369, 1329], [389, 1329], [389, 1353], [369, 1353]], '수', 0.9995910347492476), ([[820, 1298], [844, 1298], [844, 1374], [820, 1374]], '흙', 0.017900418356094017), ([[902, 1314], [926, 1314], [926, 1356], [902, 1356]], '곳', 0.04358955116633845), ([[367, 1339], [411, 1339], [411, 1395], [367, 1395]], '허말', 0.12845316095059858)]
[([[217, 225], [259, 225], [259, 279], [217, 279]], '하급', 0.08794692315667013), ([[217, 263], [259, 263], [259, 313], [217, 313]], '앞볶', 0.02863448496581292), ([[217, 303], [259, 303], [259, 383], [217, 383]], '표', 0.09967913211784563), ([[121, 331], [141, 331], [141, 437], [121, 437]], '@', 0.01782518894532714), ([[239, 361], [257, 361], [257, 399], [239, 399]], '원', 0.7632312292124119), ([[200, 630], [264, 630], [264, 654], [200, 654]], '돌언하', 0.9962544929801368), ([[201, 667], [221, 667], [221, 703], [201, 703]], '옷', 0.9735063137961255), ([[218, 646], [266, 646], [266, 706], [218, 706]], '짓권', 0.0074197817944981394), ([[201, 707], [221, 707], [221, 743], [201, 743]], '양', 0.3026406666215422), ([[199, 741], [221, 741], [221, 761], [199, 761]], '서', 0.9993452905687015), ([[218, 694], [266, 694], [266, 792], [218, 792]], '규 ', 0.008082089942276665), ([[829, 883], [849, 883], [849, 935], [829, 935]], '굶', 0.10395917327967741), ([[829, 935], [849, 935], [849, 957], [829, 957]], '박', 0.12407072645964945), ([[805, 1221], [825, 1221], [825, 1261], [805, 1261]], '잘', 0.9734718515751553), ([[825, 1223], [867, 1223], [867, 1279], [825, 1279]], '경역', 0.18016915521126015), ([[827, 1273], [845, 1273], [845, 1315], [827, 1315]], '맨', 0.33841639040952387), ([[804, 1296], [828, 1296], [828, 1336], [804, 1336]], '턱', 0.44476877935253256), ([[822, 1276], [870, 1276], [870, 1372], [822, 1372]], '"', 0.008261839551694516)]
[([[915, 101], [935, 101], [935, 137], [915, 137]], '하', 0.19027446375261903), ([[915, 143], [935, 143], [935, 179], [915, 179]], '#', 0.10057619998541245), ([[162, 212], [188, 212], [188, 312], [162, 312]], '%', 0.12022449930464063), ([[366, 182], [390, 182], [390, 288], [366, 288]], '#', 0.5247853886919849), ([[259, 425], [279, 425], [279, 475], [259, 475]], '낮', 0.10917212940821575), ([[755, 437], [775, 437], [775, 459], [755, 459]], '앗', 0.5581606299788042), ([[79, 517], [97, 517], [97, 541], [79, 541]], '히', 0.8938403280006391), ([[78, 540], [102, 540], [102, 570], [78, 570]], '잇', 0.7302812790145232)]
[([[919, 137], [937, 137], [937, 161], [919, 161]], '몇', 0.9987348745710278), ([[242, 150], [326, 150], [326, 174], [242, 174]], '해도요하', 0.6274565805283027), ([[242, 166], [324, 166], [324, 192], [242, 192]], '두께네지', 0.5218468904495239), ([[243, 187], [263, 187], [263, 225], [243, 225]], '염', 0.008598575277600828), ([[263, 187], [325, 187], [325, 207], [263, 207]], '비노 만', 0.9662067890167236), ([[820, 178], [844, 178], [844, 218], [820, 218]], '창', 0.9861685044264767), ([[919, 183], [939, 183], [939, 207], [919, 207]], '후', 0.9999612573561514), ([[263, 203], [283, 203], [283, 225], [263, 225]], '틀', 0.9721446383622521), ([[283, 203], [303, 203], [303, 243], [283, 243]], '불', 0.9123011766863307), ([[265, 247], [283, 247], [283, 281], [265, 281]], '익', 0.09379790125748944), ([[281, 217], [325, 217], [325, 303], [281, 303]], '월', 0.004193830517071007), ([[820, 220], [844, 220], [844, 276], [820, 276]], '낡', 0.06907886692539478), ([[843, 181], [863, 181], [863, 313], [843, 313]], "'", 0.008124659496564546), ([[305, 269], [323, 269], [323, 309], [305, 309]], '뜰', 0.02542250930152279), ([[109, 313], [169, 313], [169, 333], [109, 333]], '싶 배 예', 0.6917369386334099), ([[261, 283], [305, 283], [305, 343], [261, 343]], '표씨', 0.04620108644760908), ([[305, 309], [323, 309], [323, 331], [305, 331]], '위', 0.9999995231628986), ([[106, 328], [170, 328], [170, 352], [106, 352]], '엿신 전', 0.7638656713557034), ([[305, 327], [325, 327], [325, 349], [305, 349]], '해', 0.9999868870211372), ([[106, 344], [170, 344], [170, 368], [106, 368]], '던하의', 0.842780409492035), ([[102, 360], [174, 360], [174, 432], [102, 432]], '%중출', 0.010132208464919867), ([[489, 503], [639, 503], [639, 617], [489, 617]], '44', 0.7772418868882947), ([[236, 762], [286, 762], [286, 824], [236, 824]], '설장', 0.03289504716617905), ([[163, 795], [207, 795], [207, 851], [163, 851]], '왼표', 0.03587430974542758), ([[200, 792], [286, 792], [286, 868], [200, 868]], '꿀 #퍽', 0.006453921766966654), ([[184, 846], [226, 846], [226, 870], [184, 870]], '가고', 0.9999580219969492), ([[158, 832], [232, 832], [232, 952], [158, 952]], '오', 0.016628221584316316), ([[238, 862], [262, 862], [262, 886], [238, 886]], '수', 0.9999663832628727), ([[236, 860], [284, 860], [284, 946], [236, 946]], '#소', 0.014782706730637214), ([[158, 908], [230, 908], [230, 992], [158, 992]], '야로#', 0.00146077823131282), ([[873, 1101], [893, 1101], [893, 1137], [873, 1137]], '값', 0.14629290754817337), ([[888, 1102], [912, 1102], [912, 1192], [888, 1192]], '#', 0.3296186165841988), ([[891, 1193], [911, 1193], [911, 1231], [891, 1231]], '칸', 0.08908461986760674), ([[829, 1223], [847, 1223], [847, 1259], [829, 1259]], '길', 0.1276229453733322), ([[829, 1259], [849, 1259], [849, 1313], [829, 1313]], '복', 0.21011010588588253), ([[236, 1318], [298, 1318], [298, 1374], [236, 1374]], '확가품', 0.030771581224129586), ([[259, 1369], [295, 1369], [295, 1389], [259, 1389]], '에가', 0.5646426778480648)]
[([[196, 114], [234, 114], [234, 215], [196, 215]], '푹', 0.8732408608062237), ([[200, 222], [232, 222], [232, 260], [200, 260]], '달', 0.9974291180174646), ([[206, 320], [225, 320], [225, 359], [206, 359]], '@', 0.12627937495494823)]
[([[571, 111], [613, 111], [613, 151], [571, 151]], '여내', 0.10200601488910199), ([[571, 149], [615, 149], [615, 191], [571, 191]], '묶글', 0.020347226873926802), ([[327, 235], [371, 235], [371, 279], [327, 279]], '회봇', 0.040660685570748346), ([[367, 237], [387, 237], [387, 271], [367, 271]], '활', 0.24775047795175453), ([[349, 275], [367, 275], [367, 327], [349, 327]], '움', 0.7479881777073594), ([[485, 307], [529, 307], [529, 363], [485, 363]], '한씨', 0.021439295889779605), ([[75, 353], [91, 353], [91, 399], [75, 399]], '택', 0.16961591010449784), ([[484, 343], [529, 343], [529, 447], [484, 447]], '혀', 0.08327674817081832), ([[639, 911], [683, 911], [683, 967], [639, 967]], '{겪', 0.014112019184764929), ([[641, 963], [684, 963], [684, 1035], [641, 1035]], '경력', 0.013693438321707795), ([[61, 1167], [81, 1167], [81, 1217], [61, 1217]], '앞', 0.16869529288057183), ([[61, 1219], [79, 1219], [79, 1255], [61, 1255]], '영', 0.013194703673435948), ([[61, 1257], [81, 1257], [81, 1279], [61, 1279]], '화', 0.1600080634179344), ([[309.41998520943423, 600.0859511911331], [326.09605251462176, 602.3270777408405], [322.58001479056577, 636.9140488088669], [304.90394748537824, 634.6729222591595]], '등', 0.18084057351853122), ([[303.47818194971444, 632.0692732139435], [323.6871630625271, 630.1217542957594], [327.52181805028556, 672.9307267860565], [307.3128369374729, 674.8782457042406]], '잠', 0.9367228341624845)]
[([[397, 373], [417, 373], [417, 443], [397, 443]], '흙', 0.09173520464574736), ([[893, 777], [911, 777], [911, 843], [893, 843]], '9', 0.03518223870099124), ([[725, 935], [743, 935], [743, 989], [725, 989]], '말', 0.6861758809183272), ([[725, 989], [745, 989], [745, 1043], [725, 1043]], '품', 0.7748975270902179), ([[871, 1137], [891, 1137], [891, 1191], [871, 1191]], '헌', 0.018818315754615123), ([[825, 1177], [845, 1177], [845, 1211], [825, 1211]], '표', 0.03497690541691156), ([[805, 1175], [847, 1175], [847, 1269], [805, 1269]], '#', 0.09195115457433989), ([[868, 1194], [892, 1194], [892, 1248], [868, 1248]], '독', 0.048262554706642646), ([[165, 1271], [181, 1271], [181, 1305], [165, 1305]], '제', 0.009018380178418772), ([[805, 1253], [845, 1253], [845, 1303], [805, 1303]], '하월', 0.018836814102039405), ([[141, 1269], [161, 1269], [161, 1353], [141, 1353]], '탑', 0.011067508740581822), ([[825, 1299], [843, 1299], [843, 1331], [825, 1331]], '동', 0.7368052068989108)]
[([[897, 99], [941, 99], [941, 189], [897, 189]], '출러', 0.027199667442628937), ([[917, 155], [937, 155], [937, 193], [917, 193]], '넷', 0.03518706862714627), ([[916, 192], [940, 192], [940, 216], [916, 216]], '단', 0.9998270348007487), ([[919, 215], [939, 215], [939, 285], [919, 285]], '한', 0.140236616447865), ([[269, 319], [313, 319], [313, 393], [269, 393]], '업들', 0.02331100438817298), ([[833, 313], [851, 313], [851, 365], [833, 365]], '콩', 0.38191939643911965), ([[238, 384], [316, 384], [316, 470], [238, 470]], '특별', 0.11775681558500024), ([[243, 467], [263, 467], [263, 515], [243, 515]], '말', 0.06658366289940787), ([[97, 581], [117, 581], [117, 617], [97, 617]], '박', 0.17068886961340102), ([[96, 618], [120, 618], [120, 690], [96, 690]], '흙', 0.16016014289567693), ([[280, 976], [328, 976], [328, 1062], [280, 1062]], '표출', 0.01542267416174282), ([[305, 1025], [325, 1025], [325, 1099], [305, 1099]], '닿', 0.0038267433409400337), ([[601, 1101], [629, 1101], [629, 1184], [601, 1184]], '퍽', 0.2518560039871467)]
[([[846, 286], [874, 286], [874, 322], [846, 322]], '경', 0.18368946445993206), ([[464, 744], [494, 744], [494, 820], [464, 820]], '영', 0.9702048318480507), ([[70, 842], [96, 842], [96, 904], [70, 904]], '영', 0.8635097755087742), ([[299, 1017], [337, 1017], [337, 1037], [299, 1037]], '먹 그', 0.9190810322761536), ([[283, 1019], [299, 1019], [299, 1051], [283, 1051]], '옛', 0.0136841568567867), ([[321, 1035], [337, 1035], [337, 1085], [321, 1085]], '권', 0.05629928627996961), ([[935, 1065], [955, 1065], [955, 1091], [935, 1091]], '극', 0.7442855117196565), ([[299, 1053], [339, 1053], [339, 1125], [299, 1125]], '침물', 0.021206479989354304), ([[321, 1125], [337, 1125], [337, 1161], [321, 1161]], '실', 0.10350759626318506), ([[908, 1086], [932, 1086], [932, 1216], [908, 1216]], '1', 0.05831032002749681), ([[657, 1187], [677, 1187], [677, 1273], [657, 1273]], '출', 0.1251838235134608)]
[([[102, 168], [132, 168], [132, 236], [102, 236]], '척', 0.3828728501477521)]
[([[183, 181], [224, 181], [224, 286], [183, 286]], '뭐', 0.029607068376108714), ([[187, 287], [223, 287], [223, 327], [187, 327]], '달', 0.9990948103806865)]
[([[847, 165], [867, 165], [867, 203], [847, 203]], '%', 0.00875142761698472), ([[847, 201], [867, 201], [867, 255], [847, 255]], '육', 0.07013918736484825), ([[847, 257], [865, 257], [865, 281], [847, 281]], '집', 0.9998580267756019), ([[287, 753], [305, 753], [305, 787], [287, 787]], '곰', 0.8451187728862806), ([[261, 841], [281, 841], [281, 897], [261, 897]], '영', 0.7546405661762492), ([[793, 1123], [833, 1123], [833, 1141], [793, 1141]], '요그', 0.7557744804754216), ([[769, 1121], [789, 1121], [789, 1175], [769, 1175]], '굶', 0.006382792705743379), ([[668, 1150], [740, 1150], [740, 1232], [668, 1232]], '훨코기', 0.002095933993432471), ([[766, 1154], [814, 1154], [814, 1216], [766, 1216]], '현화', 0.02130403347549102), ([[811, 1142], [831, 1142], [831, 1234], [811, 1234]], '쥐', 0.004255397702568331), ([[690, 1210], [738, 1210], [738, 1288], [690, 1288]], '훌조', 0.00017353304455005645), ([[734, 1154], [758, 1154], [758, 1306], [734, 1306]], '{', 0.014198493960648761), ([[735, 1305], [755, 1305], [755, 1327], [735, 1327]], '년', 0.1483971969464939)]
[([[881, 129], [901, 129], [901, 203], [881, 203]], '유', 0.6773862216598445), ([[903, 147], [923, 147], [923, 185], [903, 185]], '뭐', 0.6581232279938973), ([[813, 211], [833, 211], [833, 233], [813, 233]], '와', 0.9968839162693257), ([[811, 235], [831, 235], [831, 273], [811, 273]], '쥐', 0.8547952316263405), ([[833, 211], [853, 211], [853, 283], [833, 283]], '별', 0.028603695948788754), ([[811, 275], [855, 275], [855, 333], [811, 333]], '깎하', 0.17645832805610887), ([[195, 463], [215, 463], [215, 521], [195, 521]], '훔', 0.10846370421909146), ([[505, 1197], [525, 1197], [525, 1235], [505, 1235]], '평', 0.9676777239864265), ([[502, 1234], [526, 1234], [526, 1316], [502, 1316]], '#', 0.08652981249392955), ([[469, 1291], [489, 1291], [489, 1369], [469, 1369]], '%', 0.0685389700799357)]
[([[526, 221], [552, 221], [552, 292], [526, 292]], '7', 0.10193103971261852), ([[643, 219], [711, 219], [711, 281], [643, 281]], '알울앞', 0.005400136356110498), ([[741, 177], [761, 177], [761, 261], [741, 261]], '기', 0.0019420599794450905), ([[649, 277], [667, 277], [667, 301], [649, 301]], '수', 0.9999574427364202), ([[640, 274], [712, 274], [712, 358], [640, 358]], '흙물', 0.05509009014916519), ([[105, 389], [123, 389], [123, 473], [105, 473]], '품', 0.10447915385370621), ([[103, 473], [123, 473], [123, 541], [103, 541]], '곁', 0.003628263441301849), ([[217, 901], [255, 901], [255, 973], [217, 973]], '햇', 0.26680217069498724)]
[([[800, 931], [827, 931], [827, 1028], [800, 1028]], '푹', 0.5021132624667111), ([[362, 1300], [388, 1300], [388, 1376], [362, 1376]], '곰', 0.013173853511215194)]
[([[663, 631], [705, 631], [705, 687], [663, 687]], '깊월', 0.03758850901462799), ([[685, 701], [705, 701], [705, 751], [685, 751]], '경', 0.1831853802382719), ([[685, 749], [705, 749], [705, 785], [685, 785]], '로', 0.06370576546405804), ([[263, 953], [281, 953], [281, 1005], [263, 1005]], '흙', 0.9667522404084252), ([[799, 1145], [819, 1145], [819, 1213], [799, 1213]], '출', 0.03186005712372264), ([[795, 1213], [820, 1213], [820, 1300], [795, 1300]], '7', 0.01592084165003005)]
[([[239, 315], [257, 315], [257, 365], [239, 365]], '텔', 0.01146073015917981), ([[667, 335], [687, 335], [687, 387], [667, 387]], '역', 0.11761706442717923), ([[667, 389], [685, 389], [685, 425], [667, 425]], '혀', 0.22714397238759432), ([[191, 847], [231, 847], [231, 865], [191, 865]], '이이', 0.6999443945061837), ([[189, 861], [233, 861], [233, 923], [189, 923]], '울준', 0.20105160292005134), ([[189, 901], [233, 901], [233, 945], [189, 945]], '하곧', 0.15290025407942168), ([[186, 940], [238, 940], [238, 988], [186, 988]], '작발', 0.302553302888289), ([[103, 1263], [173, 1263], [173, 1329], [103, 1329]], '자원려', 0.0007479198504572493), ([[633, 1275], [675, 1275], [675, 1345], [633, 1345]], '옆몽', 0.001980132753406284), ([[129, 1325], [149, 1325], [149, 1365], [129, 1365]], '말', 0.7799387296206675), ([[129, 1365], [149, 1365], [149, 1407], [129, 1407]], '숲', 0.34471765929744436), ([[149, 1357], [169, 1357], [169, 1437], [149, 1437]], '"', 0.0763862187785671)]
[]
[([[906, 96], [954, 96], [954, 180], [906, 180]], '축품', 0.01079546540831479), ([[908, 154], [932, 154], [932, 194], [908, 194]], '항', 0.8387298798355722), ([[831, 169], [933, 169], [933, 235], [831, 235]], '육불하 인', 0.020925277512623495), ([[855, 231], [875, 231], [875, 255], [855, 255]], '꼴', 0.12146218862980973), ([[874, 212], [898, 212], [898, 272], [874, 272]], '밭', 0.01567543263152893), ([[855, 255], [875, 255], [875, 277], [855, 277]], '수', 0.9999587540111321)]
[([[903, 623], [923, 623], [923, 693], [903, 693]], '약', 0.06047747578855067), ([[135, 725], [153, 725], [153, 761], [135, 761]], '8', 0.08453845484084255), ([[217, 871], [261, 871], [261, 927], [217, 927]], '흙위', 0.0704790209157119), ([[217, 925], [261, 925], [261, 965], [217, 965]], '와또', 0.611162337031711), ([[413, 1265], [433, 1265], [433, 1317], [413, 1317]], '약', 0.5679552756133468)]
[]
[([[150, 126], [256, 126], [256, 158], [150, 158]], '이 작품은', 0.6999726902767694), ([[264, 126], [416, 126], [416, 158], [264, 158]], '절대   유출금지', 0.5885573403605562), ([[424, 128], [498, 128], [498, 156], [424, 156]], '입니다', 0.9994613221327907), ([[152, 168], [518, 168], [518, 200], [152, 200]], '성인사이트률   포함한  웬사이트로의', 0.3473320980190672), ([[152, 212], [498, 212], [498, 242], [152, 242]], '업로드 및 기타 공유름  금합니다', 0.5480072355686089), ([[150, 252], [522, 252], [522, 284], [150, 284]], '감상용으로만 소장하시기   바람니다', 0.4475904454795017), ([[287, 337], [385, 337], [385, 367], [287, 367]], '유비의방', 0.9970853328704834), ([[393, 339], [411, 339], [411, 363], [393, 363]], '8', 0.9388760641604996), ([[422, 338], [504, 338], [504, 366], [422, 366]], '[,;어4위', 0.0009293535965746245), ([[472, 758], [574, 758], [574, 784], [472, 784]], '초 :; ;수 차', 0.04721878939719998), ([[497, 853], [567, 853], [567, 869], [497, 869]], '* 신{', 0.03266797587275505), ([[505, 903], [545, 903], [545, 917], [505, 917]], '표 5 .', 0.09528507970732197), ([[487, 919], [563, 919], [563, 937], [487, 937]], '" 히1 /1 *', 0.04005335699055818), ([[487, 967], [563, 967], [563, 985], [487, 985]], '; ^ # 보', 0.06064558569193066), ([[495, 1003], [553, 1003], [553, 1017], [495, 1017]], '7*-7#{?', 0.0213384856511294), ([[487, 1019], [543, 1019], [543, 1035], [487, 1035]], '" "\' 1', 0.0824135577917966), ([[457, 1069], [547, 1069], [547, 1085], [457, 1085]], '"2비1오터 111]1]}', 0.01986334108606313), ([[553, 1069], [591, 1069], [591, 1085], [553, 1085]], '비.;;', 0.052409932017326355), ([[503, 1103], [545, 1103], [545, 1117], [503, 1117]], '유 ; #', 0.0971660507726913), ([[479, 1119], [571, 1119], [571, 1135], [479, 1135]], '7 = ;   가 41', 0.10552030290921302), ([[437, 1135], [589, 1135], [589, 1151], [437, 1151]], '16)-858) 4:{ 커#,[시|거 #', 0.0010310511761614104), ([[595, 1137], [621, 1137], [621, 1151], [595, 1151]], '#-', 0.05322729453339967), ([[465, 1153], [583, 1153], [583, 1169], [465, 1169]], "03. 3357' 2911 (#*)", 0.14790619041453332), ([[465, 1169], [547, 1169], [547, 1185], [465, 1185]], '03.4357*2217', 0.3935418351673668), ([[467, 1189], [497, 1189], [497, 1201], [467, 1201]], '.: ', 0.11113301503023965), ([[502, 1190], [578, 1190], [578, 1198], [502, 1198]], "74747585' .[]]디큰", 0.00098519178588597), ([[505, 1235], [545, 1235], [545, 1249], [505, 1249]], '비 벼 태', 0.05707819066405306), ([[469, 1251], [579, 1251], [579, 1267], [469, 1267]], '벼 # 데버 # { 숲 #', 0.0486489133804105), ([[453, 1305], [499, 1305], [499, 1317], [453, 1317]], '@(|81', 0.004541116955805422), ([[503, 1305], [597, 1305], [597, 1317], [503, 1317]], '흰\'관: 부"\'', 0.0001521746075506393), ([[467, 1321], [581, 1321], [581, 1333], [467, 1333]], "4] 질1 :면도사?:''--:+", 7.186421252079826e-05), ([[545.2567058537528, 1171.3310352683775], [579.8647889466101, 1166.4978644826135], [581.7432941462472, 1181.6689647316225], [547.1352110533899, 1185.5021355173865]], '(럽다)', 0.05769684910774231)]
[([[259, 50], [485, 50], [485, 74], [259, 74]], '15314-89829-865-6', 0.11042558175727298), ([[261, 93], [329, 93], [329, 113], [261, 113]], '00979', 0.7883338994687737), ([[339, 93], [419, 93], [419, 113], [339, 113]], '41500.', 0.29861392062797276), ([[50, 110], [216, 110], [216, 134], [50, 134]], '9784898298657', 0.5213252764257728), ([[267, 159], [349, 159], [349, 175], [267, 175]], '2-7+)971', 0.019404327545232504), ([[265, 175], [389, 175], [389, 191], [265, 191]], ':표 : 1소1,5007 + #', 0.07552899677829225), ([[48, 216], [216, 216], [216, 240], [48, 240]], '1920979015005', 0.7554521342165872), ([[582, 690], [692, 690], [692, 718], [582, 718]], '벼 7 ; /', 0.02304402298630907), ([[584, 724], [671, 724], [671, 738], [584, 738]], '- 1+-적,포%', 1.8279032566257118e-06), ([[586, 738], [638, 738], [638, 746], [586, 746]], '기기 다다', 0.00043312608605132735), ([[644, 738], [676, 738], [676, 746], [644, 746]], "' 활조", 1.0567772733338643e-05), ([[679, 735], [723, 735], [723, 749], [679, 749]], '\'대" 색,', 0.0014245757886951096), ([[587, 747], [639, 747], [639, 759], [587, 759]], '답 7', 0.002029722478241214), ([[643, 747], [701, 747], [701, 759], [643, 759]], '세-무', 0.00010116293551414207), ([[646, 760], [670, 760], [670, 768], [646, 768]], '다터', 0.0007187733543794553), ([[585, 769], [649, 769], [649, 781], [585, 781]], '"켜', 3.643623982931388e-05), ([[653, 767], [733, 767], [733, 781], [653, 781]], '\'한  터" 이', 7.067231113189345e-05), ([[586, 780], [622, 780], [622, 788], [586, 788]], '다하다다다-기하터하다', 7.854040536175685e-06), ([[586, 790], [616, 790], [616, 798], [586, 798]], '하리다되', 3.82827092835214e-05), ([[620, 792], [642, 792], [642, 800], [620, 800]], "'하", 0.0005667677383095268), ([[648, 792], [684, 792], [684, 798], [648, 798]], '컨', 0.0005185242486228092), ([[688, 790], [714, 790], [714, 798], [688, 798]], "'진", 0.0007294325432190699), ([[586, 802], [666, 802], [666, 810], [586, 810]], "가다다다 '리 기터기다하", 1.1617030386024337e-05)]
