888148
30
[([[908, 153], [1236, 153], [1236, 617], [908, 617]], '극', 0.7740793327480198), ([[379, 747], [468, 747], [468, 848], [379, 848]], '6', 0.20165190631701435), ([[900, 739], [1178, 739], [1178, 860], [900, 860]], '1 0', 0.060589963092709934), ([[1497, 2669], [2041, 2669], [2041, 2901], [1497, 2901]], '(시미|', 0.011701724492013454), ([[26.353653078420873, 317.3426714646838], [393.4128636980599, 35.64722891702883], [655.6463469215792, 437.6573285353162], [287.5871363019401, 719.3527710829711]], '5', 0.09276057295270235), ([[1328.950883090409, 101.01529000102946], [1675.8274954343337, 224.68332217519134], [1565.049116909591, 515.9847099989705], [1218.1725045656663, 391.31667782480866]], '마', 0.3603605361993836)]
[([[674, 941], [863, 941], [863, 1158], [674, 1158]], '@', 0.5377394243297182), ([[532, 2018], [1580, 2018], [1580, 2488], [532, 2488]], '"1', 0.026103483387548213), ([[180, 2787], [208, 2787], [208, 2823], [180, 2823]], '3', 0.3047488643908913)]
[([[1597, 169], [1780, 169], [1780, 245], [1597, 245]], '그만뒤', 0.9957189061497697), ([[1632, 237], [1777, 237], [1777, 317], [1632, 317]], '시온!', 0.24609822786057653), ([[422, 502], [608, 502], [608, 582], [422, 582]], '어째서', 0.9995086708195035), ([[403, 585], [651, 585], [651, 670], [403, 670]], '이런짓올', 0.8817124962806702), ([[511.8052543811901, 2478.1731026014977], [587.6690910138162, 2405.0159978112406], [725.1947456188099, 2568.8268973985023], [649.3309089861838, 2641.9840021887594]], '[', 0.25473821955813847)]
[([[1228, 1294], [1398, 1294], [1398, 1426], [1228, 1426]], '7', 0.4458539251964453), ([[1191.9077773569827, 28.022100717474675], [1395.3424988735721, 12.527085315011977], [1410.0922226430173, 328.9778992825253], [1206.6575011264279, 344.47291468498804]], '{', 0.325543246140203), ([[495.09399788384616, 1888.0373743945383], [565.5385690048801, 1847.0131923004458], [663.9060021161539, 2030.9626256054617], [593.4614309951199, 2072.986807699554]], '첫', 0.02142007917398936)]
[([[452, 42], [628, 42], [628, 260], [452, 260]], '곧', 0.01990707087544763), ([[574, 1043], [622, 1043], [622, 1093], [574, 1093]], '8', 0.25569595120850863), ([[659.0428759335574, 469.0459097089972], [787.599214869624, 508.19730952711706], [759.9571240664426, 592.9540902910028], [631.400785130376, 553.8026904728829]], '<0', 0.08967543995102514)]
[([[365, 421], [499, 421], [499, 499], [365, 499]], '싫엇', 0.49877790853842036), ([[699, 544], [777, 544], [777, 650], [699, 650]], '기', 0.986770213492921), ([[1860, 660], [1929, 660], [1929, 729], [1860, 729]], '뭐', 0.9999970197699817), ([[1840, 717], [1975, 717], [1975, 805], [1840, 805]], '뛰야', 0.9091902766559413), ([[1838, 844], [1963, 844], [1963, 920], [1838, 920]], '이거', 0.9988342487002884), ([[418, 2270], [624, 2270], [624, 2457], [418, 2457]], '사', 0.014665125438373394), ([[388, 2441], [685, 2441], [685, 2873], [388, 2873]], '과"', 0.26795806176168085)]
[([[305, 17], [526, 17], [526, 243], [305, 243]], '내"', 0.3372585912318969), ([[1293, 2017], [1357, 2017], [1357, 2088], [1293, 2088]], '난', 0.9956179093715036), ([[1261, 2101], [1386, 2101], [1386, 2173], [1261, 2173]], '알고', 0.9998846881698449), ([[1219, 2185], [1414, 2185], [1414, 2260], [1219, 2260]], '있다고.', 0.7371557950973511), ([[79, 2416], [204, 2416], [204, 2480], [79, 2480]], '요코', 0.8880878945577951)]
[([[1810, 415], [1939, 415], [1939, 495], [1810, 495]], '네가', 0.9981663007142498), ([[178, 520], [365, 520], [365, 604], [178, 604]], '울면서', 0.9837481389377062), ([[1803, 490], [1930, 490], [1930, 570], [1803, 570]], '매일', 0.9998803050484605), ([[1832, 571], [1901, 571], [1901, 644], [1832, 644]], '밤', 0.9992175441333053), ([[1697, 1154], [1822, 1154], [1822, 1229], [1697, 1229]], '자위', 0.9997920537826048), ([[1695, 1226], [1822, 1226], [1822, 1302], [1695, 1302]], '하고', 0.9998683357841162), ([[1662, 1299], [1850, 1299], [1850, 1379], [1662, 1379]], '있다는', 0.9704434954101676), ([[1719, 1374], [1801, 1374], [1801, 1449], [1719, 1449]], '겉!', 0.4384419095490556), ([[201, 1704], [309, 1704], [309, 2041], [201, 2041]], '된', 0.008707217450351301), ([[768, 1783], [896, 1783], [896, 2048], [768, 2048]], '형', 0.5279387990603936), ([[194, 2059], [318, 2059], [318, 2362], [194, 2362]], '연', 0.018198863311270408), ([[773, 2066], [890, 2066], [890, 2475], [773, 2475]], '@', 0.08505175934102738), ([[1784, 2206], [1972, 2206], [1972, 2279], [1784, 2279]], '그래도', 0.9998278005469193), ([[1812, 2274], [1944, 2274], [1944, 2349], [1812, 2349]], '시온', 0.29766954108768034), ([[1784, 2342], [1967, 2342], [1967, 2417], [1784, 2417]], '너로는', 0.8506956112711477), ([[1804, 2408], [1957, 2408], [1957, 2487], [1804, 2487]], '안돼!', 0.6883029957214305), ([[775, 2476], [902, 2476], [902, 2599], [775, 2599]], '13', 0.49029811568920306), ([[1751, 2476], [2002, 2476], [2002, 2553], [1751, 2553]], '카미나가', 0.9991363286972046), ([[1772, 2546], [1981, 2546], [1981, 2621], [1772, 2621]], '아니면:', 0.6403741905126521)]
[([[169, 200], [329, 200], [329, 430], [169, 430]], '이룩', 0.1312650074249234), ([[273, 1068], [647, 1068], [647, 1477], [273, 1477]], '장1', 0.002758051184580455), ([[1345, 1336], [1423, 1336], [1423, 1661], [1345, 1661]], '탑', 0.014735340358843274), ([[240, 1749], [388, 1749], [388, 1822], [240, 1822]], '아냐!', 0.6555695993668941), ([[0, 1823], [25, 1823], [25, 1848], [0, 1848]], '(0', 0.30181562512796095), ([[127, 2560], [289, 2560], [289, 2633], [127, 2633]], '하나가', 0.9999124544578184), ([[159, 2622], [265, 2622], [265, 2686], [159, 2686]], '되어', 0.998882195767638), ([[121, 2674], [299, 2674], [299, 2748], [121, 2748]], '살아가!', 0.9607018828392029), ([[1335, 2673], [1558, 2673], [1558, 2742], [1335, 2742]], '이 자지에', 0.7355377293586183), ([[1677, 2676], [1837, 2676], [1837, 2744], [1677, 2744]], '하지만', 0.9991837052116037), ([[1675, 2739], [1844, 2739], [1844, 2805], [1675, 2805]], '내 등에', 0.9572708121151134)]
[([[1132, 731], [1187, 731], [1187, 847], [1132, 847]], '날', 0.9960516403134676), ([[273, 730], [333, 730], [333, 972], [273, 972]], '월', 0.12328989711580007), ([[1132, 851], [1185, 851], [1185, 964], [1132, 964]], '명', 0.48726118493596005), ([[278, 1410], [499, 1410], [499, 1479], [278, 1479]], '내 자지틀', 0.31049011775908253), ([[323, 1483], [443, 1483], [443, 1551], [323, 1551]], '믿어!', 0.9391866023618837), ([[1034, 2096], [1168, 2096], [1168, 2375], [1034, 2375]], '', 0.0), ([[156, 2684], [194, 2684], [194, 2781], [156, 2781]], '초', 0.11247511863078685), ([[161, 2788], [209, 2788], [209, 2827], [161, 2827]], '기', 0.9504173565062537)]
[([[761, 126], [916, 126], [916, 190], [761, 190]], '목안쪽', 0.9974280210933867), ([[783, 180], [895, 180], [895, 248], [783, 248]], '까지', 0.9989465756669641), ([[761, 241], [916, 241], [916, 305], [761, 305]], '확실히', 0.9997076349370578), ([[1121, 249], [1225, 249], [1225, 306], [1121, 306]], '이빨', 0.9985681505168303), ([[735, 299], [944, 299], [944, 365], [735, 365]], '쓰는거야', 0.6316661834716797), ([[1073, 306], [1277, 306], [1277, 372], [1073, 372]], '닿지않게', 0.4620666801929474), ([[1098, 367], [1254, 367], [1254, 433], [1098, 433]], '조심해', 0.999918648684121), ([[1123, 434], [1225, 434], [1225, 486], [1123, 486]], '요코', 0.9917924449356713), ([[702, 1485], [959, 1485], [959, 1697], [702, 1697]], '7', 0.008738869490196921), ([[259, 2310], [410, 2310], [410, 2531], [259, 2531]], ' ', 0.4646418236995977), ([[1873, 2796], [1914, 2796], [1914, 2828], [1873, 2828]], '12', 0.7034729364292512), ([[276.52260070973, 601.0071237759541], [391.2397845372824, 575.0481056202997], [472.47739929027, 967.9928762240459], [358.7602154627176, 992.9518943797003]], '8', 0.5036701817628)]
[([[1079, 401], [1370, 401], [1370, 820], [1079, 820]], '"', 0.6512786967096105), ([[1280, 663], [1332, 663], [1332, 723], [1280, 723]], '(', 0.6703171482628854), ([[1778.5206214617613, 252.00884161373295], [1879.297391157411, 267.627099551541], [1833.4793785382387, 548.991158386267], [1732.702608842589, 532.3729004484591]], '', 0.0), ([[1365.3845770285695, 2160.014575302816], [1463.2276065254373, 2146.4070433925563], [1493.6154229714305, 2396.985424697184], [1395.7723934745627, 2409.5929566074437]], "#'", 0.0726985505576394), ([[1801.4671926365513, 2211.0118343224053], [1892.687980753167, 2199.30492584587], [1921.5328073634487, 2459.9881656775947], [1830.312019246833, 2470.69507415413]], "{'", 0.20923054683971265), ([[590.063244397113, 2354.039959446222], [814.8330992368161, 2401.0910838349223], [790.936755602887, 2492.960040553778], [566.1669007631839, 2444.9089161650777]], '딴문뷰읽', 0.0009166509262286127)]
[([[1695, 108], [1752, 108], [1752, 161], [1695, 161]], '남', 0.11791950837224263), ([[1710, 168], [1751, 168], [1751, 204], [1710, 204]], '2', 0.903394298257254), ([[652, 149], [750, 149], [750, 277], [652, 277]], '씨', 0.7960160416209625), ([[1014, 808], [1259, 808], [1259, 881], [1014, 881]], '안돼 시즌!', 0.21448125341286725), ([[288, 1125], [343, 1125], [343, 1346], [288, 1346]], '물', 0.3484745251901735), ([[192.79708250504302, 2281.0018717733315], [268.18832855678335, 2260.001612283853], [423.202917494957, 2844.9981282266685], [348.81167144321665, 2865.998387716147]], "'", 0.0353701620632807)]
[([[1686, 0], [1850, 0], [1850, 160], [1686, 160]], '(7', 0.3584853666202793), ([[779, 671], [943, 671], [943, 901], [779, 901]], '젠', 0.007647016040340182), ([[1552, 1044], [1916, 1044], [1916, 1503], [1552, 1503]], '선"', 0.10817566852001836), ([[1670, 2324], [1964, 2324], [1964, 2688], [1670, 2688]], '지', 0.9086639544672472), ([[414, 2538], [667, 2538], [667, 2913], [414, 2913]], '짓', 0.00982010585348636), ([[1385.5495148203677, 2063.0753422755292], [1470.7026310093186, 2012.0176429145604], [1563.4504851796323, 2186.9246577244708], [1478.2973689906814, 2238.9823570854396]], '3', 0.39055049774674444)]
[([[1772, 59], [1829, 59], [1829, 257], [1772, 257]], '?', 0.009862232568602858), ([[1572, 257], [1734, 257], [1734, 323], [1572, 323]], '카미나', 0.9983999783625974), ([[1594, 309], [1710, 309], [1710, 430], [1594, 430]], '적용', 0.02645479262846822), ([[1577, 421], [1734, 421], [1734, 485], [1577, 485]], '보지가', 0.9995070191160712), ([[1162, 602], [1424, 602], [1424, 719], [1162, 719]], '갑)부우', 0.0012270392617210746), ([[133, 735], [290, 735], [290, 801], [133, 801]], '시문의', 0.2591856394120978), ([[133, 803], [290, 803], [290, 872], [133, 872]], '자지에', 0.9967804181765845), ([[85, 872], [343, 872], [343, 945], [85, 945]], '뚫리고있써', 0.33280912288667586), ([[1654, 1061], [1891, 1061], [1891, 1301], [1654, 1301]], '해', 0.9386255427711063), ([[1239, 1455], [1565, 1455], [1565, 1772], [1239, 1772]], '', 0.0), ([[1743, 1724], [1898, 1724], [1898, 1793], [1743, 1793]], '시문의', 0.895891626422552), ([[0, 1834], [24, 1834], [24, 1854], [0, 1854]], '5고', 0.06533366903100356), ([[1741, 1797], [1898, 1797], [1898, 1865], [1741, 1865]], '자지에', 0.9953341274143447), ([[1135, 1946], [1304, 1946], [1304, 2078], [1135, 2078]], '꼼', 0.019572038878561182), ([[28, 2093], [239, 2093], [239, 2268], [28, 2268]], '', 0.0), ([[1736, 2146], [1896, 2146], [1896, 2212], [1736, 2212]], '자궁올', 0.7943015940103185), ([[1096, 2207], [1254, 2207], [1254, 2335], [1096, 2335]], '양', 0.1980365317712165), ([[1762, 2214], [1872, 2214], [1872, 2280], [1762, 2280]], '푹푹', 0.9445644833298344), ([[16, 2247], [217, 2247], [217, 2421], [16, 2421]], ')5', 0.06864953860875524), ([[1688, 2279], [1948, 2279], [1948, 2352], [1688, 2352]], '절리고있써', 0.1732828824851641), ([[1601, 2503], [1909, 2503], [1909, 2837], [1601, 2837]], "가0'", 0.034960729555508566), ([[175, 2823], [349, 2823], [349, 2974], [175, 2974]], "'하", 0.10714728178097038), ([[1053.828294451974, 752.0146075241599], [1389.1963776496234, 678.878833299302], [1489.171705548026, 1246.98539247584], [1153.8036223503766, 1320.121166700698]], '통', 0.10923823278921052)]
[([[203, 123], [309, 123], [309, 190], [203, 190]], '다시', 0.9991534941770273), ([[1818, 116], [1926, 116], [1926, 185], [1818, 185]], '반한', 0.9791212303535866), ([[142, 189], [363, 189], [363, 255], [142, 255]], '빼앗을 수', 0.5969802557338266), ([[1795, 187], [1952, 187], [1952, 253], [1795, 253]], '여자틀', 0.5081581672545037), ([[177, 252], [333, 252], [333, 321], [177, 321]], '있다면', 0.9952050927435061), ([[1811, 252], [1969, 252], [1969, 319], [1811, 319]], '빗겨도', 0.4932304901163357), ([[201, 318], [309, 318], [309, 382], [201, 382]], '나의', 0.9992134618481786), ([[173, 381], [344, 381], [344, 447], [173, 447]], '승리다!', 0.9351946711540222), ([[308, 793], [514, 793], [514, 866], [308, 866]], '원하는건', 0.4579370319843292), ([[306, 862], [515, 862], [515, 930], [306, 930]], '합체해서', 0.46724659870602187), ([[299, 930], [522, 930], [522, 996], [299, 996]], '빼앗든다!', 0.22522432637141662), ([[1117, 1124], [1215, 1124], [1215, 1332], [1117, 1332]], '5', 0.013923550038158261), ([[423, 1862], [605, 1862], [605, 2138], [423, 2138]], '0', 0.5366029047736198), ([[1570, 2005], [1823, 2005], [1823, 2074], [1570, 2074]], '대그런단의', 0.5504702722591804), ([[1621, 1949], [1774, 1949], [1774, 2018], [1621, 2018]], '그것이', 0.9949552148103102), ([[1633, 2064], [1755, 2064], [1755, 2126], [1633, 2126]], '리터!', 0.3038908504902083), ([[135, 2469], [295, 2469], [295, 2536], [135, 2536]], '물칙군', 0.2101245783582327), ([[1211, 2219], [1429, 2219], [1429, 2564], [1211, 2564]], '질', 0.42130938366325665), ([[107, 2530], [333, 2530], [333, 2597], [107, 2597]], '시굳이다!', 0.3875440350804198), ([[965, 2786], [1150, 2786], [1150, 2962], [965, 2962]], '올', 0.8474819669139357), ([[297.34035608468037, 1584.015548995224], [404.89011423753095, 1569.55131935025], [434.65964391531963, 1823.984451004776], [327.10988576246905, 1838.44868064975]], '지', 0.02073271532097487), ([[807.5137501097579, 2188.010752480527], [890.6694123594476, 2174.1274169410335], [931.4862498902421, 2435.989247519473], [848.3305876405524, 2449.8725830589665]], '흙', 0.04610371035325045), ([[1727.2584866249667, 2317.010999261382], [1914.8729784457732, 2353.685535077046], [1844.7415133750333, 2703.989000738618], [1657.1270215542268, 2667.314464922954]], '줄', 0.013619008497541218)]
[([[927, 72], [1076, 72], [1076, 251], [927, 251]], '0', 0.9969111079211909), ([[1519, 0], [1768, 0], [1768, 256], [1519, 256]], '(', 0.4006174126759312), ([[1736, 276], [1959, 276], [1959, 342], [1736, 342]], '내 아이름', 0.5383940155283078), ([[163, 323], [272, 323], [272, 389], [163, 389]], '네가', 0.9995351519119978), ([[1785, 334], [1912, 334], [1912, 403], [1785, 403]], '배라!', 0.8428299427032471), ([[128, 374], [304, 374], [304, 522], [128, 522]], '바하둑', 0.10818632541574269), ([[162, 506], [274, 506], [274, 575], [162, 575]], '아년', 0.08975593669594695), ([[143, 654], [426, 654], [426, 911], [143, 911]], '행이', 0.008769443324692358), ([[1230, 593], [1485, 593], [1485, 918], [1230, 918]], '(0', 0.38566633989004845), ([[1623, 820], [1786, 820], [1786, 888], [1623, 888]], '아이도', 0.8681237101554871), ([[1630, 759], [1903, 759], [1903, 827], [1630, 827]], '반한 남자의', 0.9937865430915768), ([[1787, 820], [1896, 820], [1896, 886], [1787, 886]], '아난', 0.13544938186800218), ([[163, 1115], [384, 1115], [384, 1183], [163, 1183]], '널 범하고', 0.9603043619292397), ([[217, 1176], [323, 1176], [323, 1244], [217, 1244]], '잇는', 0.23876446012243874), ([[142, 1394], [248, 1394], [248, 1460], [142, 1460]], '나의', 0.9996337635323006), ([[116, 1455], [272, 1455], [272, 1521], [116, 1521]], '아이름', 0.4144807642111024), ([[130, 1511], [260, 1511], [260, 1583], [130, 1583]], '배라!', 0.9671072101749068), ([[858, 1273], [1126, 1273], [1126, 1701], [858, 1701]], '중', 0.5630104507204692), ([[504, 1617], [606, 1617], [606, 1784], [504, 1784]], '7', 0.041252725592327844), ([[1856, 1974], [1907, 1974], [1907, 2024], [1856, 2024]], '씨', 0.9867864368403048), ([[1682, 2104], [1840, 2104], [1840, 2170], [1682, 2170]], '씨받이', 0.9824121276470307), ([[1663, 2162], [1858, 2162], [1858, 2231], [1663, 2231]], '되버려?!', 0.9630729954968251), ([[152, 2223], [358, 2223], [358, 2290], [152, 2290]], '시문에게', 0.28930988907814026), ([[114, 2291], [372, 2291], [372, 2360], [114, 2360]], '씨뿌려저서', 0.7261170053204554), ([[149, 2359], [354, 2359], [354, 2428], [149, 2428]], '범해지고', 0.99916672706604), ([[108, 2625], [318, 2625], [318, 2701], [108, 2701]], '아이배게', 0.9210484623908997), ([[1661, 2652], [1819, 2652], [1819, 2719], [1661, 2719]], '씨받이', 0.9857846228251117), ([[98, 2695], [330, 2695], [330, 2763], [98, 2763]], '되는거야?', 0.5551296286890569), ([[1621, 2718], [1896, 2718], [1896, 2787], [1621, 2787]], '세스 당하고', 0.45637644527914134), ([[1119, 2663], [1360, 2663], [1360, 2947], [1119, 2947]], '(', 0.5226773599943044), ([[1666, 2777], [1812, 2777], [1812, 2845], [1666, 2845]], '있어?!', 0.8733388185501099), ([[1546.2783327869954, 1198.0096462336323], [1748.877530783373, 1245.7665155475001], [1656.7216672130046, 1625.9903537663677], [1455.122469216627, 1578.2334844524999]], '중', 0.9304337782437102), ([[1451.276046823349, 1638.010080958225], [1650.9623020602041, 1690.2022420300189], [1556.723953176651, 2048.989919041775], [1357.0376979397959, 1997.7977579699811]], '축', 0.18436344752353762), ([[952.8680913657461, 2304.04008825702], [1134.4646039576749, 2340.160757911317], [1103.131908634254, 2476.95991174298], [921.5353960423251, 2440.839242088683]], '(이', 0.4991990945664686)]
[([[1730, 96], [1785, 96], [1785, 320], [1730, 320]], '봄', 0.05746488626613999), ([[1607, 585], [1877, 585], [1877, 654], [1607, 654]], '억지로 보지', 0.547860155862995), ([[1635, 660], [1844, 660], [1844, 729], [1635, 729]], '찢려지고', 0.41007893534291745), ([[1663, 733], [1819, 733], [1819, 799], [1663, 799]], '잇는데', 0.3345513690836169), ([[211, 1144], [418, 1144], [418, 1217], [211, 1217]], '느껴버럿', 0.18360696732997894), ([[93, 1889], [312, 1889], [312, 2204], [93, 2204]], '^', 0.24117044154749934), ([[1769, 2022], [1926, 2022], [1926, 2090], [1769, 2090]], '시문의', 0.302503543914854), ([[1769, 2097], [1926, 2097], [1926, 2165], [1769, 2165]], '자지에', 0.9967852338832045), ([[1797, 2170], [1901, 2170], [1901, 2233], [1797, 2233]], '보지', 0.9984621551878385), ([[1741, 2239], [1952, 2239], [1952, 2316], [1741, 2316]], '꼬청이가', 0.3343251347541809), ([[1768, 2314], [1925, 2314], [1925, 2387], [1768, 2387]], '되어섯', 0.9146133661270142), ([[179, 2410], [385, 2410], [385, 2483], [179, 2483]], '범해저서', 0.971165120601654), ([[177, 2488], [384, 2488], [384, 2557], [177, 2557]], '가버려엇', 0.9540547132492065), ([[1030, 2554], [1338, 2554], [1338, 3000], [1030, 3000]], '스', 0.6386749076364175), ([[1369.0702803849924, 279.0154395882753], [1583.100998783966, 304.6375599936978], [1537.9297196150076, 635.9845604117247], [1324.899001216034, 609.3624400063022]], '>', 0.24763271023860867), ([[1150.1562887338905, 1288.0136930038252], [1307.5047592211045, 1184.004900113123], [1581.8437112661095, 1647.9863069961748], [1425.4952407788955, 1750.995099886877]], '8', 0.07503567650604115), ([[529.0479255086583, 2117.0504997813878], [593.612025821092, 2103.3873743196427], [616.9520744913417, 2228.9495002186122], [551.387974178908, 2242.6126256803573]], '교', 0.03359471782641976)]
[([[131, 63], [182, 63], [182, 161], [131, 161]], '4', 0.8542114116849575), ([[139, 168], [176, 168], [176, 211], [139, 211]], '"', 0.9864165303042682), ([[190, 63], [250, 63], [250, 254], [190, 254]], '{', 0.25679222743378105), ([[1816, 259], [1973, 259], [1973, 328], [1816, 328]], '간다앗', 0.3705950299395516), ([[1833, 324], [1956, 324], [1956, 379], [1833, 379]], '요코!', 0.929436541744895), ([[79, 402], [337, 402], [337, 471], [79, 471]], '강간당해서', 0.9991760227295992), ([[70, 466], [335, 466], [335, 532], [70, 532]], "'아이 배면서", 0.9861106090182753), ([[112, 522], [269, 522], [269, 590], [112, 590]], '가버럿', 0.2764182562074222), ([[1858, 698], [2027, 698], [2027, 876], [1858, 876]], '기;', 0.9880310684613398), ([[1826, 853], [2019, 853], [2019, 1342], [1826, 1342]], '출', 0.05911955089904475), ([[1655, 2144], [1940, 2144], [1940, 2437], [1655, 2437]], '이', 0.5959652489382314), ([[1552, 2412], [1857, 2412], [1857, 3000], [1552, 3000]], '크', 0.02642683914643862), ([[1784, 2717], [1923, 2717], [1923, 2905], [1784, 2905]], '5', 0.8422990893393525), ([[392.01968112665674, 46.04010974521225], [481.9739989997916, 21.374367546269212], [521.9803188733432, 191.95989025478775], [432.0260010002084, 216.6256324537308]], '현', 0.008144193827664736), ([[1781.3618465552827, 1345.006788098288], [2007.528878919763, 1404.2267066910113], [1882.6381534447173, 1874.993211901712], [1655.471121080237, 1814.7732933089887]], '뿐', 0.19100854736822104)]
[([[1128, 0], [1308, 0], [1308, 188], [1128, 188]], '(', 0.8800487950807678), ([[1238, 174], [1334, 174], [1334, 357], [1238, 357]], '?', 0.9416574884880937), ([[785, 541], [890, 541], [890, 841], [785, 841]], '3', 0.08074979517047964), ([[1886, 602], [2002, 602], [2002, 1010], [1886, 1010]], '%', 0.018934897224564873), ([[1282, 1190], [1391, 1190], [1391, 1452], [1282, 1452]], '잠', 0.02035627820657826), ([[1610, 590], [1781, 590], [1781, 1453], [1610, 1453]], '[', 0.07062885521941098), ([[893, 1394], [986, 1394], [986, 1523], [893, 1523]], '9', 0.8604609386713982), ([[488, 1463], [668, 1463], [668, 1897], [488, 1897]], '틀', 0.0170596621386645), ([[885, 1520], [1010, 1520], [1010, 1859], [885, 1859]], '품', 0.34343885307863786), ([[1499, 1731], [1850, 1731], [1850, 1899], [1499, 1899]], '5 ', 0.13385548998647998), ([[1589, 1615], [1759, 1615], [1759, 1752], [1589, 1752]], '"', 0.0196382790600238), ([[916, 1862], [1020, 1862], [1020, 2080], [916, 2080]], '평', 0.06919719437891914), ([[1315.17253264076, 465.022840797755], [1425.0238235136326, 450.86630984831373], [1449.82746735924, 675.977159202245], [1339.9761764863674, 690.1336901516862]], '%', 0.03476331526215759)]
[([[409, 1192], [476, 1192], [476, 1254], [409, 1254]], '1:', 0.01634456723463162), ([[203, 1241], [269, 1241], [269, 1310], [203, 1310]], '1', 0.8747093682109295), ([[0, 1822], [19, 1822], [19, 1845], [0, 1845]], '2', 1.0), ([[1760, 2246], [1895, 2246], [1895, 2453], [1760, 2453]], '5"', 0.14967174348215664), ([[1322, 2405], [1402, 2405], [1402, 2520], [1322, 2520]], '연', 0.0504668572699849), ([[631, 2576], [686, 2576], [686, 2753], [631, 2753]], '숲', 0.052068910163370674), ([[1004, 2539], [1109, 2539], [1109, 2731], [1004, 2731]], '"', 0.5648463347554298), ([[1763, 2712], [1860, 2712], [1860, 2905], [1763, 2905]], '5', 0.05485321402397858), ([[1873, 2796], [1907, 2796], [1907, 2826], [1873, 2826]], '22', 0.8245598970818449)]
[([[186, 2783], [230, 2783], [230, 2820], [186, 2820]], '23', 1.0)]
[([[1823, 170], [1931, 170], [1931, 234], [1823, 234]], '다른', 0.998294153445292), ([[1799, 231], [1955, 231], [1955, 295], [1799, 295]], '곳으로', 0.9985453080869604), ([[950, 280], [1104, 280], [1104, 408], [950, 408]], '(왜', 0.12934876698781636), ([[1825, 299], [1933, 299], [1933, 363], [1825, 363]], '새지', 0.9993252113639988), ([[1823, 360], [1929, 360], [1929, 422], [1823, 422]], '말고', 0.9999093854782204), ([[1723, 415], [2035, 415], [2035, 488], [1723, 488]], '돌아가는거야', 0.4488914205825338), ([[1721, 1566], [1855, 1566], [1855, 1731], [1721, 1731]], '#', 0.47618932918860324), ([[1122, 1736], [1247, 1736], [1247, 1863], [1122, 1863]], '가', 0.11220577765767814), ([[201, 2183], [412, 2183], [412, 2260], [201, 2260]], '괜만이네', 0.6797729730606079), ([[211, 2257], [313, 2257], [313, 2310], [211, 2310]], '요코', 0.9953568107338898), ([[1063, 2261], [1230, 2261], [1230, 2325], [1063, 2325]], '시온.?', 0.2688562572002411), ([[1874, 2788], [1920, 2788], [1920, 2824], [1874, 2824]], '24', 0.31667354702949524)]
[([[1429, 81], [1533, 81], [1533, 147], [1429, 147]], '싫어', 0.9423156830091839), ([[1233, 244], [1290, 244], [1290, 304], [1233, 304]], '놔', 0.7376793309400433), ([[1168, 326], [1229, 326], [1229, 442], [1168, 442]], '낮', 0.07078760361059722), ([[709, 981], [914, 981], [914, 1050], [709, 1050]], '못본새에', 0.9915245175361633), ([[759, 1052], [865, 1052], [865, 1118], [759, 1118]], '훨씬', 0.507516629579895), ([[677, 1122], [949, 1122], [949, 1188], [677, 1188]], '음란한 몸이', 0.8508766593015694), ([[731, 1190], [892, 1190], [892, 1264], [731, 1264]], '뒷구나', 0.12851674810696806), ([[1676, 1285], [1724, 1285], [1724, 1461], [1676, 1461]], '7', 0.07509237555049086), ([[1094, 1704], [1295, 1704], [1295, 1907], [1094, 1907]], '4', 0.8853953831092873), ([[421, 2169], [462, 2169], [462, 2234], [421, 2234]], '"', 0.8436114939288473), ([[1243, 2148], [1287, 2148], [1287, 2241], [1243, 2241]], '속', 0.4726724775038207), ([[1250, 2242], [1289, 2242], [1289, 2278], [1250, 2278]], '그', 0.15118979736880434), ([[181, 2370], [231, 2370], [231, 2487], [181, 2487]], '>', 0.016568439541720048), ([[1249, 2555], [1279, 2555], [1279, 2601], [1249, 2601]], '5', 0.9417736343351955), ([[1674, 2459], [1859, 2459], [1859, 2621], [1674, 2621]], '8', 0.72147992759486), ([[183, 2782], [224, 2782], [224, 2814], [183, 2814]], '25', 0.999368024365447), ([[557, 2786], [598, 2786], [598, 2855], [557, 2855]], '"', 0.9400524252307605), ([[667.4022682722097, 466.01788014590124], [742.5960106086917, 457.3428405356668], [763.5977317277903, 652.9821198540988], [687.4039893913083, 662.6571594643332]], '색', 0.3206457074569222), ([[263.4242586110099, 632.0184343317546], [327.7070747844431, 622.1633775864124], [353.5757413889901, 805.9815656682454], [290.2929252155569, 815.8366224135876]], '무', 0.011597992822935999)]
[([[278, 74], [384, 74], [384, 138], [278, 138]], '몸이', 0.9412615576138899), ([[1605, 100], [1760, 100], [1760, 164], [1605, 164]], '입으론', 0.8903264627577101), ([[1812, 42], [1862, 42], [1862, 168], [1812, 168]], '뼈', 0.018326638892180114), ([[199, 133], [461, 133], [461, 213], [199, 213]], '기뻐하눈길', 0.28262985618549374), ([[1584, 163], [1788, 163], [1788, 230], [1584, 230]], '싫다해도', 0.8958368897438049), ([[238, 205], [424, 205], [424, 274], [238, 274]], '알켓지?', 0.33662211894989014), ([[258, 666], [308, 666], [308, 721], [258, 721]], '내', 0.9999452836845855), ([[1698, 691], [1828, 691], [1828, 755], [1698, 755]], '네 몸', 0.9617759816665414), ([[210, 716], [363, 716], [363, 783], [210, 783]], '나선력', 0.9995546433784354), ([[231, 777], [293, 777], [293, 839], [231, 839]], '으', 0.9925214922805594), ([[281, 781], [336, 781], [336, 943], [281, 943]], '못', 0.03524209391208566), ([[1674, 673], [1895, 673], [1895, 934], [1674, 934]], "'개챙", 0.015434013668302935), ([[1755, 798], [1816, 798], [1816, 865], [1755, 865]], '희', 0.9963643277760781), ([[232, 830], [289, 830], [289, 948], [232, 948]], '셋', 0.7320526849625288), ([[1730, 905], [1841, 905], [1841, 978], [1730, 978]], '있어', 0.9016387082693048), ([[1456, 950], [1536, 950], [1536, 1041], [1456, 1041]], '주', 0.84789816202235), ([[1269, 1321], [1308, 1321], [1308, 1416], [1269, 1416]], '3', 0.8551063971994246), ([[1729, 1321], [1887, 1321], [1887, 1385], [1729, 1385]], '자신의', 0.9999556076745719), ([[607, 1329], [657, 1329], [657, 1489], [607, 1489]], '깊', 0.08179157549547256), ([[1755, 1377], [1858, 1377], [1858, 1439], [1755, 1439]], '몸이', 0.8233188605144351), ([[876, 1309], [941, 1309], [941, 1604], [876, 1604]], '군', 0.002025346515994189), ([[1036, 1496], [1091, 1496], [1091, 1557], [1036, 1557]], '15', 0.4571901208154211), ([[1710, 1429], [1901, 1429], [1901, 1497], [1710, 1497]], '유런되는', 0.3352636832409605), ([[282, 1562], [321, 1562], [321, 1660], [282, 1660]], '향', 0.03947526355461495), ([[288, 1655], [316, 1655], [316, 1682], [288, 1682]], '0', 0.11698771392939822), ([[0, 1819], [25, 1819], [25, 1844], [0, 1844]], '26', 0.9667705287325976), ([[171, 1761], [209, 1761], [209, 1857], [171, 1857]], '흙', 0.5828521205535822), ([[1736, 1670], [1861, 1670], [1861, 1866], [1736, 1866]], '@0', 0.40075515569558723), ([[134, 2171], [182, 2171], [182, 2277], [134, 2277]], '원', 0.05738777661791006), ([[1715, 2263], [1875, 2263], [1875, 2327], [1715, 2327]], '침락자', 0.6849446296691895), ([[1738, 2317], [1854, 2317], [1854, 2379], [1738, 2379]], '에게', 0.6511391128235238), ([[918, 2347], [959, 2347], [959, 2454], [918, 2454]], '흙', 0.11982688629224558), ([[1720, 2364], [1872, 2364], [1872, 2428], [1720, 2428]], '물복해', 0.6114001046675863), ([[1699, 2419], [1747, 2419], [1747, 2479], [1699, 2479]], '복', 0.9997433588678781), ([[1739, 2414], [1799, 2414], [1799, 2523], [1739, 2523]], '흙', 0.005034818318982781), ([[1791, 2417], [1846, 2417], [1846, 2471], [1791, 2471]], '하', 0.9995445531743918), ([[829, 2483], [870, 2483], [870, 2553], [829, 2553]], '$', 0.15809637337591553), ([[1791, 2466], [1848, 2466], [1848, 2530], [1791, 2530]], '뿐', 0.25342437022322883), ([[801, 2747], [834, 2747], [834, 2809], [801, 2809]], '"', 0.7940952026297623), ([[767.2624143155141, 2814.0340746075526], [827.7339445046937, 2807.4816526120926], [839.7375856844859, 2937.9659253924474], [778.2660554953063, 2943.5183473879074]], '흙', 0.020420701020290588)]
[([[1809, 142], [1962, 142], [1962, 211], [1809, 211]], '엄마름', 0.3578363358974457), ([[1021, 177], [1226, 177], [1226, 244], [1021, 244]], '침락자의', 0.7739663124084473), ([[1832, 203], [1943, 203], [1943, 267], [1832, 267]], '괴롭', 0.997206807886366), ([[1041, 231], [1201, 231], [1201, 298], [1041, 298]], '아이틀', 0.5569879561994792), ([[1802, 259], [1962, 259], [1962, 328], [1802, 328]], '히지마드', 0.6424629092216492), ([[1060, 280], [1176, 280], [1176, 407], [1060, 407]], '확볶', 0.019449477021334066), ([[98, 726], [251, 726], [251, 787], [98, 787]], '어째서', 0.9983670180854781), ([[97, 783], [252, 783], [252, 856], [97, 856]], '여기에', 0.9982254075306627), ([[99, 833], [252, 833], [252, 912], [99, 912]], '딸이?', 0.9901071314316775), ([[770, 1323], [928, 1323], [928, 1392], [770, 1392]], '그것이', 0.9502204060554504), ([[732, 1384], [961, 1384], [961, 1458], [732, 1458]], '네가 가장', 0.9019947674938208), ([[742, 1452], [949, 1452], [949, 1521], [742, 1521]], '바라는것', 0.8594439029693604), ([[1778, 1724], [1887, 1724], [1887, 1790], [1778, 1790]], '치욕', 0.9703187120899143), ([[1541, 1764], [1580, 1764], [1580, 1831], [1541, 1831]], '0', 0.3916667632754276), ([[1757, 1787], [1915, 1787], [1915, 1854], [1757, 1854]], '속에서', 0.9681647228868832), ([[112, 1813], [272, 1813], [272, 1880], [112, 1880]], '자매가', 0.999301178438503), ([[853, 1784], [905, 1784], [905, 1911], [853, 1911]], '$', 0.10176157406792541), ([[1727, 1846], [1938, 1846], [1938, 1912], [1727, 1912]], '아기씨틀', 0.6674838662147522), ([[109, 1872], [274, 1872], [274, 1945], [109, 1945]], '생기는', 0.40076780319213867), ([[1720, 1907], [1943, 1907], [1943, 1973], [1720, 1973]], '받는 기쁨', 0.4391018578096617), ([[112, 1940], [272, 1940], [272, 2004], [112, 2004]], '순간올', 0.9060909755263442), ([[67, 2001], [321, 2001], [321, 2067], [67, 2067]], '보여주자고', 0.9990626162804868), ([[470, 2392], [511, 2392], [511, 2503], [470, 2503]], '호', 0.016164181867996064), ([[1142, 2778], [1215, 2778], [1215, 2856], [1142, 2856]], '오', 0.015934682899598762), ([[1128.5343669263336, 1008.0155038950037], [1182.7431654868947, 1020.0848742923146], [1147.4656330736664, 1171.9844961049962], [1094.2568345131053, 1159.9151257076853]], '표', 0.017272289935608365), ([[1435.601985123916, 1516.01985123916], [1470.8331679214712, 1512.087733238309], [1480.398014876084, 1623.98014876084], [1446.1668320785288, 1627.912266761691]], '$', 0.11301807545533027)]
[([[764, 117], [819, 117], [819, 172], [764, 172]], '씨', 0.9954123781644739), ([[1579, 107], [1802, 107], [1802, 173], [1579, 173]], '딸 앞에서', 0.8861974104884366), ([[236, 100], [292, 100], [292, 283], [236, 283]], '}', 0.2507232883131252), ([[756, 104], [978, 104], [978, 242], [756, 242]], '씬반물저', 0.011492887511849403), ([[789, 222], [942, 222], [942, 286], [789, 286]], '말아쥐', 0.7878427594551066), ([[1120, 34], [1362, 34], [1362, 359], [1120, 359]], '조', 0.31695291895377764), ([[1570, 168], [1774, 168], [1774, 237], [1570, 237]], '질내사정', 0.9624899833426476), ([[1591, 227], [1751, 227], [1751, 293], [1591, 293]], '하지마', 0.9994381296444447), ([[1901, 129], [1956, 129], [1956, 402], [1901, 402]], '#', 0.010688490870527423), ([[543, 944], [696, 944], [696, 1012], [543, 1012]], '딸에게', 0.9459005005142009), ([[148, 1118], [200, 1118], [200, 1182], [148, 1182]], '딸', 0.9999651911903698), ([[143, 1184], [204, 1184], [204, 1355], [143, 1355]], '잎', 0.07526101503403027), ([[1630, 1255], [1728, 1255], [1728, 1365], [1630, 1365]], '7', 0.9788552149297267), ([[1559, 1362], [1696, 1362], [1696, 1546], [1559, 1546]], '톤', 0.12099744194530615), ([[1114, 1444], [1278, 1444], [1278, 1630], [1114, 1630]], '술', 0.19429655761289055), ([[0, 1821], [23, 1821], [23, 1848], [0, 1848]], "'8", 0.36605019183917475), ([[659, 2140], [716, 2140], [716, 2246], [659, 2246]], '월', 0.12685411706780858), ([[529, 2350], [590, 2350], [590, 2522], [529, 2522]], '생', 0.3420606932253101), ([[721.3647014808215, 1701.0043872114793], [1037.0632074305784, 1606.1021050565796], [1285.6352985191784, 2516.9956127885207], [969.9367925694216, 2611.8978949434204]], '값', 0.030721669664931284), ([[1837.4504961807768, 1779.0094388606071], [1956.0989087961584, 1805.8390783484138], [1888.5495038192232, 2101.990561139393], [1769.9010912038416, 2075.1609216515862]], '"', 0.004987193922069422)]
[([[909, 135], [1223, 135], [1223, 224], [909, 224]], '8 노 +" 군', 0.08691502083501099), ([[428, 407], [1118, 407], [1118, 469], [428, 469]], "3물0소(>하0가'(39한운화", 0.0006854122812948834), ([[426, 489], [1708, 489], [1708, 553], [426, 553]], "#지꾸교 5프 묶*]손름 끊0#수소-)돼((1< <중'줌흐-'0-0", 4.6795868580353666e-05), ([[428, 571], [1662, 571], [1662, 633], [428, 633]], '+100#)흔6)0"0구--지"#고슷하#-디#-트당', 0.00011364727168732641), ([[428, 653], [1387, 653], [1387, 715], [428, 715]], '"-*-{-185+ < 5 + 7골릇내다씨:(디', 0.0021714676405762664), ([[433, 735], [1683, 735], [1683, 799], [433, 799]], '()"0)5(당# ##/-575근57 스155 8 -못내)@합', 0.0005657289822997808), ([[430, 817], [1521, 817], [1521, 879], [430, 879]], '쉬표이추 7한*하속소0 쓰(시씨#(퓨0운하', 6.03487648124923e-05), ([[428, 899], [1207, 899], [1207, 961], [428, 961]], ':소=(묘움 <0디#(}*(뀌 0) (합', 0.00012168727448150288), ([[189, 2781], [232, 2781], [232, 2820], [189, 2820]], '29', 0.9574804613485957)]
[([[782, 1054], [1357, 1054], [1357, 1170], [782, 1170]], '[거나7) 내', 0.04720373342170335), ([[955, 1183], [1174, 1183], [1174, 1249], [955, 1249]], '1풍7 }', 0.0004667689702047383), ([[785, 1896], [979, 1896], [979, 1980], [785, 1980]], '죽;;다', 0.002250379417091608), ([[1006, 1899], [1304, 1899], [1304, 1979], [1006, 1979]], '2014/8/10', 0.6621581396898217), ([[816, 2000], [955, 2000], [955, 2077], [816, 2077]], '주템', 0.0030321189036471483), ([[1008, 1997], [1332, 1997], [1332, 2077], [1008, 2077]], '>" 7 버#;', 0.14884125321135774), ([[646, 2113], [1380, 2113], [1380, 2182], [646, 2182]], '[벼*  $초료] "물`$ +|0! 162', 0.00012922852627159683), ([[1393, 2129], [1481, 2129], [1481, 2173], [1393, 2173]], '(0어', 0.009700207630974483), ([[1879, 2790], [1924, 2790], [1924, 2827], [1879, 2827]], '30', 0.9999973026027609)]
[([[79, 91], [321, 91], [321, 267], [79, 267]], '스', 0.11913310600795146), ([[1591, 581], [1680, 581], [1680, 696], [1591, 696]], '36', 0.01692532818790301), ([[1037, 817], [1078, 817], [1078, 994], [1037, 994]], '#', 0.09273425215747011), ([[1576, 1211], [1617, 1211], [1617, 1296], [1576, 1296]], '5', 0.9175917989318272), ([[1620, 1203], [1675, 1203], [1675, 1346], [1620, 1346]], '물', 0.4652026770729414), ([[595, 1184], [1586, 1184], [1586, 1546], [595, 1546]], '#춘 하퍼다', 0.013626083036388698), ([[1563, 1296], [1616, 1296], [1616, 1389], [1563, 1389]], '0"', 0.20243339528900856), ([[1836, 1215], [1957, 1215], [1957, 1636], [1836, 1636]], '#', 0.8315888662737194), ([[1907, 1541], [1948, 1541], [1948, 1634], [1907, 1634]], '5', 0.30925690084137614), ([[446, 2056], [498, 2056], [498, 2157], [446, 2157]], '3', 0.9619049833752094), ([[49, 2072], [104, 2072], [104, 2319], [49, 2319]], '움', 0.036382834941960596), ([[218, 2243], [268, 2243], [268, 2307], [218, 2307]], '3', 0.12467509253621792), ([[954, 2032], [1092, 2032], [1092, 2293], [954, 2293]], '#통', 0.006881241281678062), ([[945, 2426], [1079, 2426], [1079, 2626], [945, 2626]], '@0', 0.26534505242569467), ([[1084.5068456874235, 1638.0081088976744], [1192.1407545558975, 1613.0434402671203], [1270.4931543125765, 1971.9918911023256], [1162.8592454441025, 1996.9565597328797]], '8', 0.11224918760436609)]
