890943
19
[([[99, 435], [151, 435], [151, 471], [99, 471]], '9', 0.23601458158148958), ([[211, 455], [265, 455], [265, 499], [211, 499]], '1', 0.2517175270209151), ([[81.78675640026215, 355.91470256010484], [441.9172327003581, 279.2409564441006], [460.21324359973784, 368.08529743989516], [99.08276729964189, 443.7590435558994]], '(53 33', 0.1984948868874368), ([[146.54996302358563, 424.21487797783266], [453.7270363296953, 360.3705437907876], [458.45003697641437, 400.78512202216734], [151.2729636703047, 464.6294562092124]], '8비@니어~--떠어임걸?새', 2.5057357054475928e-06), ([[287.7639320225002, 440.5278640450004], [371.85480875813545, 422.81559276501855], [379.2360679774998, 469.4721359549996], [295.14519124186455, 486.18440723498145]], '78', 0.6550139494029569), ([[318.2562854188427, 470.5587995863798], [377.54119168352446, 462.4055267868082], [379.7437145811573, 489.4412004136202], [321.45880831647554, 497.5944732131918]], '@미`', 0.15691302606376983), ([[252.17157287525382, 486.1715728752538], [326.24411870457106, 469.6599799508012], [332.8284271247462, 501.8284271247462], [258.75588129542894, 518.3400200491988]], '@]니거', 0.011015962809324265), ([[210.96396323602212, 511.5603595596243], [386.3733907678602, 479.3304173255217], [394.03603676397785, 531.4396404403757], [218.6266092321398, 562.6695826744783]], '시뜨4', 0.013256835955869671), ([[211.47893962030983, 495.41419735452666], [259.4492469185206, 490.2676058381196], [261.5210603796902, 517.5858026454733], [213.5507530814794, 522.7323941618804]], '{아', 0.03785494850226571)]
[]
[([[963, 65], [1329, 65], [1329, 107], [963, 107]], '배꿈 그리논 겉 좋아합니다만', 0.2844288468664281), ([[959, 115], [1493, 115], [1493, 159], [959, 159]], '수영복이면 그림 수 업는 게 아쉬운 점이조', 0.5405987217148728)]
[]
[([[65, 1579], [147, 1579], [147, 1645], [65, 1645]], '(', 0.7418032798304388), ([[0, 1976], [78, 1976], [78, 2058], [0, 2058]], '예', 0.0035640999087199893), ([[45, 2057], [131, 2057], [131, 2121], [45, 2121]], "'", 0.5677798326842662)]
[([[130, 91], [496, 91], [496, 139], [130, 139]], '그러고보니 수영장 개방할 때', 0.9904369614760339), ([[131, 145], [483, 145], [483, 189], [131, 189]], '교장선생님이 소금을 넣년데', 0.356797306428368), ([[131, 195], [461, 195], [461, 239], [131, 239]], '그건 무슨 의식이없올까요?', 0.5236016201246301), ([[128, 241], [393, 241], [393, 295], [128, 295]], '조그마한 의흑입니다', 0.36380054208018026), ([[600, 746], [722, 746], [722, 888], [600, 888]], "'", 0.3437601490773545)]
[]
[([[0, 1071], [45, 1071], [45, 1107], [0, 1107]], '(', 0.19441046854321886)]
[]
[([[784, 84], [816, 84], [816, 110], [784, 110]], '아', 0.9952967761842615), ([[636, 648], [694, 648], [694, 700], [636, 700]], '0', 0.4658209014852588), ([[1337, 787], [1391, 787], [1391, 827], [1337, 827]], '아옷', 0.3952149620153032), ([[1257, 872], [1326, 872], [1326, 909], [1257, 909]], '하아', 0.9999436922747185), ([[1091, 897], [1135, 897], [1135, 943], [1091, 943]], '@', 0.6190049477259549), ([[115, 1287], [161, 1287], [161, 1327], [115, 1327]], '으옷', 0.6058293103538906), ([[1436, 1318], [1544, 1318], [1544, 1414], [1436, 1414]], '13', 0.026242033159138794), ([[1331, 1671], [1395, 1671], [1395, 1739], [1331, 1739]], '동중', 0.9225434824894923), ([[1532, 1786], [1580, 1786], [1580, 1834], [1532, 1834]], '3', 0.1839028862736578), ([[1305.2190947487572, 1890.0217960027555], [1402.3202232597619, 1961.6905160041947], [1301.7809052512428, 2096.9782039972447], [1205.6797767402381, 2025.3094839958053]], '4', 0.030260738948406862)]
[([[798, 168], [832, 168], [832, 196], [798, 196]], '아', 0.999600331193907), ([[1491, 465], [1555, 465], [1555, 501], [1491, 501]], '아앗', 0.9426885651513037), ([[1433, 587], [1487, 587], [1487, 625], [1433, 625]], '아옷', 0.47536434731752364), ([[591, 605], [635, 605], [635, 643], [591, 643]], '으옷', 0.6847996338917764), ([[849, 1021], [905, 1021], [905, 1061], [849, 1061]], '아옷', 0.4158048018607341), ([[1420, 1474], [1484, 1474], [1484, 1506], [1420, 1506]], '하아', 0.4921390912775763), ([[1172, 1702], [1238, 1702], [1238, 1734], [1172, 1734]], '하아', 0.9999545659996133), ([[1118, 1772], [1142, 1772], [1142, 1808], [1118, 1808]], '옷', 0.9884943046372996), ([[130, 1912], [158, 1912], [158, 1948], [130, 1948]], '8', 0.20247772754879634), ([[62, 1922], [140, 1922], [140, 2010], [62, 2010]], "('", 0.07070804499159168), ([[124, 1980], [152, 1980], [152, 2008], [124, 2008]], "'", 0.13490684078632942), ([[93.3018543169903, 803.1318676287378], [188.99604889415735, 792.5114606750891], [195.6981456830097, 888.8681323712622], [100.00395110584263, 900.4885393249109]], '뼈', 0.671603353187411), ([[9.335636161170079, 1632.027633934041], [98.7972783164867, 1712.210460714249], [48.66436383882992, 1767.972366065959], [-38.7972783164867, 1687.789539285751]], '^', 0.002540496474049539), ([[143.3391813995449, 1843.0438604965868], [215.99472364976364, 1887.7703575333442], [191.6608186004551, 1927.9561395034132], [119.00527635023636, 1884.2296424666558]], ':훨', 0.00376097315650106)]
[([[558, 72], [622, 72], [622, 104], [558, 104]], '하아', 0.9999648990696743), ([[176, 150], [240, 150], [240, 182], [176, 182]], '하아', 0.9999772407776616), ([[513, 184], [582, 184], [582, 221], [513, 221]], '하아', 0.9999500984960464), ([[709, 657], [775, 657], [775, 693], [709, 693]], '하아', 0.9999747119845447), ([[44, 820], [106, 820], [106, 852], [44, 852]], '하아', 0.9999510257132871), ([[1396, 2002], [1458, 2002], [1458, 2034], [1396, 2034]], '하아', 0.9999779151228091), ([[1265, 2104], [1334, 2104], [1334, 2141], [1265, 2141]], '하아', 0.999944450905564)]
[]
[([[457, 77], [525, 77], [525, 113], [457, 113]], '하아', 0.9999742062261461), ([[409, 193], [431, 193], [431, 207], [409, 207]], '#44', 0.12350642023911987), ([[427, 173], [447, 173], [447, 207], [427, 207]], '옷', 0.9780978185634837), ([[1455, 191], [1513, 191], [1513, 231], [1455, 231]], '하룻', 0.7980356454605128), ([[1441, 301], [1573, 301], [1573, 409], [1441, 409]], '나%$', 0.013235935415774348), ([[1397, 1089], [1433, 1089], [1433, 1139], [1397, 1139]], '내', 0.9993219333343326), ([[135, 1121], [191, 1121], [191, 1161], [135, 1161]], '아옷', 0.36569473204322334), ([[114, 1264], [168, 1264], [168, 1316], [114, 1316]], '0', 0.938967664696122), ([[862, 1310], [918, 1310], [918, 1368], [862, 1368]], '0', 0.5124223585221763), ([[299, 1519], [361, 1519], [361, 1563], [299, 1563]], '17', 0.20507155064819432), ([[1235, 1627], [1319, 1627], [1319, 1719], [1235, 1719]], '8', 0.021967901439028603), ([[335, 2019], [403, 2019], [403, 2081], [335, 2081]], '@)', 0.1757510329027066), ([[192.33513884428112, 975.1751525681213], [241.6589106299301, 938.027181377846], [308.6648611557189, 1037.8248474318787], [259.34108937006994, 1074.972818622154]], '7', 0.3849389968696073), ([[735.2446104253995, 1075.0719742120775], [763.5819759619793, 1067.0425634585406], [782.7553895746005, 1134.9280257879225], [754.4180240380207, 1142.9574365414594]], '1"', 0.16670657562920227), ([[781.1695452014626, 1139.0345424175512], [846.55164490616, 1109.0152271985032], [919.8304547985374, 1278.9654575824488], [854.44835509384, 1309.9847728014968]], '8', 0.6372437271750186), ([[1170.9686984837765, 1702.1088958991227], [1354.1208726616126, 1668.3683751441963], [1373.0313015162235, 1832.8911041008773], [1189.8791273383874, 1866.6316248558037]], '530', 0.02078987777968829), ([[263.3829953896835, 1999.017317936367], [438.6981160538085, 2121.44064209239], [384.6170046103165, 2198.982682063633], [208.30188394619148, 2076.55935790761]], '새 3', 0.024170943889381784)]
[([[1270, 64], [1350, 64], [1350, 178], [1270, 178]], '입', 0.016509446761025837), ([[1352, 210], [1388, 210], [1388, 240], [1352, 240]], '아', 0.9908165552019597), ([[1406, 210], [1436, 210], [1436, 244], [1406, 244]], '앗', 0.26414177419843554), ([[1521, 381], [1537, 381], [1537, 415], [1521, 415]], '옷', 0.9884733264408716), ([[53, 975], [131, 975], [131, 1011], [53, 1011]], '아양', 0.874081232722078), ([[84, 1070], [196, 1070], [196, 1174], [84, 1174]], '7)', 0.2467823780141595), ([[594, 2106], [718, 2106], [718, 2232], [594, 2232]], '닭', 0.01788230851872541), ([[1116, 2160], [1180, 2160], [1180, 2214], [1116, 2214]], '5', 0.8914996438560117), ([[39.47304020432214, 205.19755277642412], [73.58542854418822, 173.02862884928012], [144.52695979567787, 254.80244722357588], [110.41457145581178, 286.9713711507199]], '6', 0.7790136047080978), ([[368.4046708937281, 1940.2708278986056], [714.4377992164831, 1849.5099072626736], [749.5953291062718, 2053.7291721013944], [403.56220078351697, 2143.4900927373264]], '(7078', 0.003042648610806689), ([[761.7766275319922, 1961.053553864711], [913.1954943192087, 1983.124687766352], [891.2233724680078, 2102.946446135289], [739.8045056807913, 2080.875312233648]], '조;', 0.004556946469036278)]
[([[771, 167], [827, 167], [827, 207], [771, 207]], '아옷', 0.4147993662185772), ([[628, 282], [692, 282], [692, 314], [628, 314]], '하아', 0.9999700758686951), ([[702, 282], [732, 282], [732, 316], [702, 316]], '양', 0.9781137346679181), ([[1234, 680], [1314, 680], [1314, 784], [1234, 784]], "탑'", 0.247804886842242), ([[364, 1048], [440, 1048], [440, 1212], [364, 1212]], '(?', 0.5636256991116885), ([[56, 1174], [131, 1174], [131, 1295], [56, 1295]], '83', 0.25908038984480086), ([[199, 1193], [295, 1193], [295, 1281], [199, 1281]], '5', 0.07431655807812465), ([[1503, 1405], [1559, 1405], [1559, 1445], [1503, 1445]], '아옷', 0.48692285959905157), ([[1468, 1876], [1520, 1876], [1520, 1948], [1468, 1948]], '대', 0.39665302243267675), ([[1053.4259440894339, 705.0206228431322], [1114.24378287911, 722.9582501610253], [1072.5740559105661, 859.9793771568678], [1011.7562171208898, 841.0417498389747]], '8', 0.05598967740320404)]
[([[927, 73], [983, 73], [983, 113], [927, 113]], '아옷', 0.5140195324807897), ([[790, 128], [854, 128], [854, 160], [790, 160]], '하아', 0.9999726889513998), ([[1225, 835], [1271, 835], [1271, 875], [1225, 875]], '으옷', 0.449755991762778), ([[1301, 915], [1321, 915], [1321, 939], [1301, 939]], '젓', 0.006969651896086226), ([[177, 1977], [219, 1977], [219, 2025], [177, 2025]], '0', 0.9520092569754048), ([[865, 2095], [921, 2095], [921, 2135], [865, 2135]], '하옷', 0.3101216637929883), ([[269.8335528363492, 1227.0524364834764], [442.9561064457542, 1253.8959311664325], [421.1664471636508, 1363.9475635165236], [248.04389355424584, 1337.1040688335675]], '매왜', 0.005186634346435868)]
[([[307, 140], [378, 140], [378, 177], [307, 177]], '하아', 0.9999361902676549), ([[130, 216], [194, 216], [194, 248], [130, 248]], '하아', 0.9999803596250854), ([[1421, 247], [1489, 247], [1489, 283], [1421, 283]], '하아', 0.9999735318817311)]
[([[103, 43], [217, 43], [217, 83], [103, 83]], '작가후기', 0.9975022077560425), ([[99, 91], [745, 91], [745, 135], [99, 135]], '이번엔 에로구도트 여러가지 그려보려고 햇습니다만', 0.5829738468682808), ([[102, 139], [808, 139], [808, 188], [102, 188]], '어떠석나요? 다음엔 좋아하는 작품에서 여러 캐릭터들올', 0.7102299695979826), ([[101, 197], [483, 197], [483, 237], [101, 237]], '그려보려고 합니다 그럼 이만~', 0.7969905112921462), ([[1072, 704], [1131, 704], [1131, 737], [1072, 737]], '+ ', 0.8730743586192083)]
