895135
30
[([[210, 552], [382, 552], [382, 730], [210, 730]], '쇼', 0.7748369791230836), ([[236, 559], [934, 559], [934, 877], [236, 877]], '문귀다', 0.1237106599930819), ([[476, 1032], [580, 1032], [580, 1085], [476, 1085]], '08화', 0.9998496177638163), ([[768, 1137], [924, 1137], [924, 1199], [768, 1199]], '글이원식', 0.921330988407135), ([[764, 1208], [954, 1208], [954, 1261], [764, 1261]], '그림/박영준', 0.5643132169853363)]
[([[469, 1382], [524, 1382], [524, 1402], [469, 1402]], '변:(', 0.00259662808480836), ([[322, 1503], [486, 1503], [486, 1563], [322, 1563]], '1서어8어>', 0.0023006224821901216), ([[84.20153281246083, 1489.0118090611759], [378.9859630871719, 1690.1294850617041], [246.7984671875392, 1880.9881909388241], [-46.98596308717189, 1679.8705149382959]], '(위', 0.022596644556826417), ([[568.2222249224138, 1730.01120480776], [840.7197810086318, 1953.1201413877877], [694.7777750775862, 2130.98879519224], [422.2802189913682, 1907.8798586122123]], '씨', 0.004444344574111803)]
[([[22.239051373405, 1606.0574860130964], [368.42737175488173, 1578.5723483212573], [371.760948626595, 1812.9425139869036], [25.572628245118267, 1841.4276516787427]], '꼬덕', 0.07454217555803612)]
[([[702, 106], [923, 106], [923, 373], [702, 373]], '썩', 0.753098973789875), ([[251, 2702], [728, 2702], [728, 2798], [251, 2798]], '이; 이게 무슨...', 0.4685822873457256), ([[840.5097478983938, 1190.1880168037358], [934.8531022061928, 1115.7217609185432], [963.4902521016062, 1162.8119831962642], [869.1468977938072, 1237.2782390814568]], '"야포.내 .', 0.0009133245793235299), ([[931.1978612764451, 1472.0403157431858], [986.6564023547028, 1503.562398430198], [919.8021387235549, 1616.9596842568142], [865.3435976452972, 1584.437601569802]], '0', 0.19892435608007109)]
[([[796, 1091], [990, 1091], [990, 1333], [796, 1333]], '4', 0.13729694903819123), ([[469, 1686], [763, 1686], [763, 2023], [469, 2023]], '회', 0.014434010154801058), ([[354, 2191], [476, 2191], [476, 2235], [354, 2235]], "'1서어꼴8어>", 0.000926113551010892), ([[365, 2319], [474, 2319], [474, 2440], [365, 2440]], '아', 0.9993398087442849), ([[369, 2911], [659, 2911], [659, 3191], [369, 3191]], '꽤', 0.11563802378472676), ([[818, 2922], [1001, 2922], [1001, 3150], [818, 3150]], '약', 0.9953908509496365)]
[([[295, 157], [492, 157], [492, 265], [295, 265]], '왜, 왜', 0.9163184459488797), ([[240, 282], [546, 282], [546, 396], [240, 396]], '이래요? !', 0.9993180258824417), ([[99, 729], [291, 729], [291, 950], [99, 950]], '깨', 0.06930438762316271), ([[697, 710], [892, 710], [892, 931], [697, 931]], '짜', 0.020715026500571554), ([[194, 1682], [458, 1682], [458, 1924], [194, 1924]], '유위', 0.07994783301271026), ([[494, 2674], [944, 2674], [944, 2994], [494, 2994]], '물기', 0.23942992908389227), ([[416.23611233280235, 1809.0208556902826], [523.0228703979288, 1790.590432006904], [555.7638876671977, 2019.9791443097174], [448.97712960207116, 2037.409567993096]], '8', 0.7216892396289865)]
[([[670, 116], [981, 116], [981, 369], [670, 369]], '꽃월', 0.06801802579559958), ([[107, 977], [318, 977], [318, 1076], [107, 1076]], '학 . ! !', 0.35348296969313125), ([[172, 1580], [538, 1580], [538, 1765], [172, 1765]], '또올관', 0.015169621447033012), ([[36, 1978], [406, 1978], [406, 2183], [36, 2183]], '소용리', 0.021010059816140483), ([[676, 2920], [884, 2920], [884, 3022], [676, 3022]], '잠깐 . ', 0.6249138548677514), ([[77.91132966326454, -2.9788276541014547], [388.04649325021796, 78.72477789211585], [319.08867033673545, 309.97882765410145], [8.953506749782054, 228.27522210788413]], '한', 0.037623711434350504)]
[([[9, 665], [246, 665], [246, 1049], [9, 1049]], '훌', 0.042390348429709235), ([[431, 1087], [711, 1087], [711, 1421], [431, 1421]], '텅', 0.24508935782263652), ([[53, 2815], [208, 2815], [208, 2903], [53, 2903]], '흐웃.', 0.6651616942239539), ([[779, 3240], [1018, 3240], [1018, 3412], [779, 3412]], '뼈', 0.008796477856785112), ([[54.93046448028412, 2554.0318032687733], [266.99063791171534, 2611.0570862909694], [222.06953551971588, 2757.9681967312267], [10.009362088284686, 2700.9429137090306]], '숫', 0.007504768806325723), ([[571.9430036048735, 2659.0310612828503], [789.9847996783918, 2716.0404211654763], [745.0569963951265, 2864.9689387171497], [528.0152003216082, 2807.9595788345237]], '3', 0.030875268778007836)]
[([[18, 360], [250, 360], [250, 529], [18, 529]], '교', 0.013014330698982945), ([[228, 928], [453, 928], [453, 1080], [228, 1080]], '사소', 0.058699893203896035), ([[371, 1702], [534, 1702], [534, 1782], [371, 1782]], '아아:', 0.38261437158941675), ([[642.0280210753849, 1063.031524560928], [835.4437353820964, 1121.9529630330358], [792.9719789246151, 1246.968475439072], [599.5562646179036, 1188.0470369669642]], '셋%', 0.08782274935508266)]
[([[729, 1640], [1001, 1640], [1001, 1822], [729, 1822]], '태', 0.6282802965501766), ([[0, 2073], [286, 2073], [286, 2274], [0, 2274]], '탤글', 0.3201327047770759), ([[179.40077848228802, 354.0451379831009], [233.8773363518608, 399.01701331924653], [210.59922151771198, 427.9548620168991], [155.1226636481392, 382.98298668075347]], '은웅:', 0.018996247122996374), ([[127.66372803075096, 369.22980408676165], [155.55826807257415, 392.17278126002947], [102.33627196924904, 455.77019591323835], [74.44173192742585, 433.82721873997053]], '#', 0.09356434909560196)]
[([[721, 613], [942, 613], [942, 750], [721, 750]], '아앗', 0.4247203161604254), ([[438, 1980], [563, 1980], [563, 2147], [438, 2147]], '톤', 0.04284076561056338), ([[886, 2002], [1008, 2002], [1008, 2173], [886, 2173]], '육', 0.5142890373577416), ([[84.36740528181616, 1423.0100069053908], [370.2914663577881, 1643.723701508981], [266.63259471818384, 1778.9899930946092], [-19.291466357788124, 1558.276298491019]], "'이}", 0.04014903369738303), ([[78.38392281423197, 3019.0105461755734], [346.35467901783, 3223.2234828391292], [251.61607718576803, 3346.9894538244266], [-15.354679017829984, 3142.7765171608708]], '언`[}', 0.0006905076443217695), ([[795.3989208455304, 3031.0112944911084], [1062.5076923076922, 3216.0615384615385], [983.6010791544696, 3328.9887055088916], [716.4923076923077, 3143.9384615384615]], '비비심', 0.1543855060169188)]
[([[454, 98], [646, 98], [646, 218], [454, 218]], '흐웃 .', 0.5136268734931946), ([[747, 657], [843, 657], [843, 766], [747, 766]], '하', 0.9718340122156555), ([[304, 1431], [642, 1431], [642, 1880], [304, 1880]], '찌', 0.32829336060064307), ([[446, 1799], [705, 1799], [705, 2248], [446, 2248]], '쥐', 0.04378092423480329), ([[117, 3515], [292, 3515], [292, 3726], [117, 3726]], '히', 0.329433920367169), ([[138, 3722], [284, 3722], [284, 3896], [138, 3896]], '익', 0.8538111838379656)]
[([[187, 600], [337, 600], [337, 737], [187, 737]], '퓨듭', 0.030681996247965262), ([[16, 1641], [252, 1641], [252, 1926], [16, 1926]], '뼈', 0.2107261087542236), ([[736, 2134], [1001, 2134], [1001, 2438], [736, 2438]], '쩍', 0.0218157776661565)]
[([[213, 587], [398, 587], [398, 727], [213, 727]], '들척', 0.6320206300274155), ([[77, 1405], [473, 1405], [473, 1602], [77, 1602]], '후 육', 0.5056160830553935), ([[192, 3178], [322, 3178], [322, 3250], [192, 3250]], '하아', 0.999975976380869), ([[169, 3605], [615, 3605], [615, 3693], [169, 3693]], '이번엔 싸버럿네.', 0.4996601501134634), ([[32.94837941994026, 2441.023050774638], [412.11924699273237, 2519.557918155671], [361.05162058005976, 2716.976949225362], [-18.11924699273239, 2639.442081844329]], '짝아대', 0.0035795924571360178)]
[([[18, 2271], [68, 2271], [68, 2330], [18, 2330]], '흙', 0.6501925247573901), ([[104, 2271], [327, 2271], [327, 2327], [104, 2327]], '그런데 진짜', 0.9994092029388294), ([[17, 2321], [337, 2321], [337, 2382], [17, 2382]], '그렇게 되려나 .?', 0.4377749769141418), ([[807, 2551], [1009, 2551], [1009, 2616], [807, 2616]], '일단 내가', 0.9997232528097297), ([[686, 2609], [1000, 2609], [1000, 2673], [686, 2673]], '몸만 만지면...?', 0.7745783757968856), ([[479, 3439], [529, 3439], [529, 3460], [479, 3460]], '""포.', 0.001108533819206059)]
[([[229, 789], [544, 789], [544, 874], [229, 874]], '병신 같은놈.', 0.859960862412006), ([[243, 861], [534, 861], [534, 940], [243, 940]], '그게 그렇게', 0.907463677957276), ([[205, 934], [575, 934], [575, 1010], [205, 1010]], '펼리가 없잖아:', 0.23465073386864843), ([[554, 973], [642, 973], [642, 1046], [554, 1046]], "'00", 0.5601470004866496), ([[80, 2733], [639, 2733], [639, 2809], [80, 2809]], '일단 아무 사이도 아뇨데', 0.5554857494304314), ([[77, 2797], [524, 2797], [524, 2876], [77, 2876]], '대듬 몸올 만점다간', 0.14341705205988373), ([[80, 2864], [687, 2864], [687, 2940], [80, 2940]], '성추행범으로 골려간다고.', 0.5781513560687322), ([[465, 3422], [539, 3422], [539, 3486], [465, 3486]], '170|', 0.07987072318792343), ([[19.967625615202845, 3119.115105413785], [217.40787154375354, 3084.9598802247174], [234.03237438479715, 3242.884894586215], [35.59212845624645, 3276.0401197752826]], '(주석', 0.24304251033522606), ([[659.5237693170557, 3202.1711390828004], [860.7269468765409, 3154.3442789661335], [886.4762306829443, 3309.8288609171996], [685.2730531234591, 3358.6557210338665]], '주섭', 0.4161325418406204)]
[([[233, 601], [483, 601], [483, 685], [233, 685]], '이거야 뭐', 0.5700400215109696), ([[111, 674], [611, 674], [611, 759], [111, 759]], '그런 능력이 있어도', 0.9218856653171489), ([[140, 745], [583, 745], [583, 835], [140, 835]], '일단 몸올 만지는', 0.508995259495079), ([[243, 822], [482, 822], [482, 901], [243, 901]], '것부터가', 0.9964185357093811), ([[204, 895], [519, 895], [519, 979], [204, 979]], '난관이잖아', 0.688615239141943), ([[118, 2294], [415, 2294], [415, 2370], [118, 2370]], '그럼 일단 좀', 0.9849679784055153), ([[70, 2358], [502, 2358], [502, 2434], [70, 2434]], '친해지면 가능성이', 0.9964167213351436), ([[70, 2425], [486, 2425], [486, 2502], [70, 2502]], '생기지 않으려나?', 0.9235032535035205), ([[326, 2771], [786, 2771], [786, 2850], [326, 2850]], '친해저서 자연스레', 0.8969571959797313), ([[245, 2841], [743, 2841], [743, 2925], [245, 2925]], '터치튿할 수 있으면.', 0.3803885769695298), ([[205, 3370], [332, 3370], [332, 3446], [205, 3446]], '에이,', 0.9879134024331567), ([[576, 3332], [776, 3332], [776, 3484], [576, 3484]], '절레', 0.2071357661951021), ([[167, 3524], [370, 3524], [370, 3672], [167, 3672]], '점례', 0.0873831795080235), ([[705, 3550], [862, 3550], [862, 3617], [705, 3617]], '지금 원', 0.9189088562881332), ([[542, 3607], [859, 3607], [859, 3675], [542, 3675]], '생각 하늘 거나:', 0.3581906084418876), ([[654, 3665], [865, 3665], [865, 3733], [654, 3733]], '한심하게.', 0.9942095591770178)]
[([[229, 1055], [263, 1055], [263, 1073], [229, 1073]], '-.6', 0.03860494556946635), ([[371, 1081], [486, 1081], [486, 1119], [371, 1119]], '씨.벤0', 0.004209124017506838), ([[240, 1131], [518, 1131], [518, 1197], [240, 1197]], '불곧터크 주소', 0.28011329037432603), ([[242, 1186], [471, 1186], [471, 1242], [242, 1242]], '서울시 **구', 0.9107455539403084), ([[483, 1184], [598, 1184], [598, 1228], [483, 1228]], '00동.', 0.9830489754676819), ([[592, 1366], [905, 1366], [905, 1446], [592, 1446]], '서울시 *,구', 0.3271707376328766), ([[656, 1450], [806, 1450], [806, 1526], [656, 1526]], '00동.', 0.35779955983161926), ([[206, 2916], [500, 2916], [500, 3012], [206, 3012]], '전날 저녁', 0.9999020119497581), ([[252.56486022358493, 182.0515571078304], [368.64691051558833, 97.01046506832084], [536.4351397764151, 360.94844289216957], [420.35308948441167, 445.98953493167915]], '곁', 0.046687331588559866), ([[40.29451937684457, 1071.01915653394], [134.34596072231363, 1056.4379720249979], [164.70548062315544, 1280.98084346606], [70.65403927768637, 1295.5620279750021]], '물', 0.12813031612110137), ([[411.1796972158252, 3042.0571857316204], [756.917459806779, 3005.0098721537156], [767.8203027841748, 3258.9428142683796], [421.08254019322106, 3295.9901278462844]], '부서력', 0.5208835520730175), ([[137.30924326737605, 3564.0446977534075], [507.79767827773276, 3539.774393654724], [507.6907567326239, 3816.9553022465925], [138.20232172226724, 3841.225606345276]], '@세', 0.05260194557515553)]
[([[347, 414], [473, 414], [473, 451], [347, 451]], '잘0내6)> -하예"', 2.7181368179546895e-06), ([[354, 453], [394, 453], [394, 474], [354, 474]], '-긋적', 0.005750341752197879), ([[707, 850], [799, 850], [799, 898], [707, 898]], "훔하어'", 0.003525006817653775), ([[661, 1090], [705, 1090], [705, 1105], [661, 1105]], '답3 쓰나보다.', 0.06096324729375785), ([[559, 1224], [596, 1224], [596, 1239], [559, 1239]], '분리대습', 0.119166299700737), ([[279, 1595], [760, 1595], [760, 1662], [279, 1662]], '동식이논 나에게 능력올', 0.47497803298449254), ([[273, 1655], [760, 1655], [760, 1723], [273, 1723]], '테스트 해보라고 햇지만,', 0.7345143323595397), ([[218, 1834], [822, 1834], [822, 1906], [218, 1906]], '난더 확실하게 내 능력에 대해', 0.5485506468749726), ([[343, 1895], [693, 1895], [693, 1963], [343, 1963]], '알아보기로햇다:', 0.7751340965647093), ([[417, 2350], [446, 2350], [446, 2379], [417, 2379]], '[', 0.08150968271807191), ([[341, 2383], [362, 2383], [362, 2407], [341, 2407]], '[', 0.09955566534807136), ([[408, 2492], [487, 2492], [487, 2544], [408, 2544]], '사|용', 0.508994648437647), ([[417, 2530], [584, 2530], [584, 2594], [417, 2594]], '상담시관]영유일즈', 0.009480939054467105), ([[584, 2639], [621, 2639], [621, 2660], [584, 2660]], '02-', 0.768779993057251), ([[153, 3528], [890, 3528], [890, 3616], [153, 3616]], '나는 날 감전시켓던 기계들올', 0.22378103578081462), ([[361, 3609], [672, 3609], [672, 3693], [361, 3693]], '만든 회사로', 0.8799558119321524), ([[197, 3682], [826, 3682], [826, 3770], [197, 3770]], '직접 찾아가보기로 햇다:', 0.6684132458625747), ([[392.2307692307692, 455.15384615384613], [453.96238891298225, 462.61395627941334], [451.7692307692308, 482.84615384615387], [389.03761108701775, 475.38604372058666]], '화4신,오', 0.0018733085590236555), ([[389.4452998037748, 474.1679497056622], [423.9847835588179, 479.82621466609095], [422.5547001962252, 490.8320502943378], [388.0152164411821, 486.17378533390905]], "'계4히다", 0.019942394887008132), ([[562.6750472251236, 877.745066115173], [712.7375248133868, 859.574900610723], [716.3249527748764, 898.254933884827], [566.2624751866132, 915.425099389277]], '3신네네;어어', 0.0008437291793117427), ([[703.5134117075056, 894.6620705367551], [759.8619463969741, 889.2698249423631], [760.4865882924944, 906.3379294632449], [705.1380536030259, 910.7301750576369]], '6/0/씨', 0.23276532479658174), ([[623.5134117075056, 902.6620705367551], [704.8998515798928, 895.3750488224038], [706.4865882924944, 914.3379294632449], [625.1001484201072, 921.6249511775962]], '"/터/씨/1/', 0.276659165474383), ([[662.781199215099, 932.6717988226486], [776.6838690042742, 919.4414400366533], [779.218800784901, 954.3282011773514], [665.3161309957258, 966.5585599633467]], '4,시시^-', 0.00036239419001024575), ([[590.4789396203098, 946.4141973545267], [663.6832815729997, 939.6583592135001], [665.5210603796902, 968.5858026454733], [592.3167184270003, 975.3416407864999]], '나긋:', 0.014102839062286395), ([[658.438262381114, 973.7506099048911], [749.8884003628915, 963.3412556873634], [751.561737618886, 984.2493900951089], [660.1115996371085, 994.6587443126366]], '1자 / 섬 / 명 / 서', 0.6722976764846195), ([[621.8800042399873, 995.6080067839797], [737.598032634304, 980.2523841490523], [742.1199957600127, 1018.3919932160203], [625.401967365696, 1034.7476158509476]], '#사림@;? %대', 0.009399449220115793), ([[636.0388386486181, 1034.6077677297237], [752.9307267860565, 1018.4781819497144], [754.9611613513819, 1033.3922322702763], [638.0692732139435, 1049.5218180502854]], '서사시 대구 008 123-456', 0.10556733702423318), ([[640.00992561958, 1062.800992561958], [758.9382682264251, 1047.506931766962], [760.99007438042, 1062.199007438042], [641.0617317735749, 1077.493068233038]], "'고적지훨뻗다 02-830-9051", 0.09866050167310916), ([[702.2191311905569, 1087.3753049524455], [745.9237421135716, 1082.6169849772996], [746.7808688094431, 1096.6246950475545], [703.0762578864284, 1100.3830150227004]], '주일 핑계 4', 0.00645314883737958), ([[586.0287141376427, 1118.251685447757], [823.9621270042978, 1087.6126272867052], [823.9712858623573, 1103.748314552243], [587.0378729957022, 1134.3873727132948]], '회무"[#사웬-&]% (비_툼형거] ( )서갈]교 ^ ,|', 5.392321017121247e-11), ([[244.59120522592514, 2335.3283388133304], [535.6567932083061, 2241.2699346975714], [552.4087947740749, 2316.6716611866696], [261.3432067916939, 2410.7300653024286]], '3신너-;어어', 0.0006288977550621417), ([[451.4649861003862, 2334.241456911197], [645.3578776856227, 2271.548693801837], [654.5350138996138, 2312.758543088803], [460.6421223143773, 2375.451306198163]], '씨/1/트/0 / 씨', 0.15851924629827613), ([[468.9904649372536, 2409.6799763682325], [687.9668822353906, 2342.3399021339615], [702.0095350627464, 2401.3200236317675], [482.0331177646094, 2468.6600978660385]], '렌4신4-', 0.001686205486156764), ([[355.07944680100655, 2375.6953361612077], [405.1486887644347, 2362.906405819269], [411.92055319899345, 2392.3046638387923], [361.8513112355653, 2405.093594180731]], '1 5', 0.09632393079512609), ([[315.99754952001217, 2462.3985297120075], [467.5350659532974, 2416.71478764906], [485.00245047998783, 2475.6014702879925], [332.4649340467026, 2521.28521235094]], '시-긋:', 0.015667980536818504), ([[528.5278640450005, 2467.7639320225003], [650.0142627683184, 2427.019111805704], [662.4721359549995, 2467.2360679774997], [540.9857372316816, 2507.980888194296]], '설 / 명 / 서', 0.8420795104883042), ([[470.6750472251236, 2486.745066115173], [541.9573695259152, 2468.306681324613], [551.3249527748764, 2507.254933884827], [480.04263047408483, 2524.693318675387]], '1 자 /-', 0.5417798012169519), ([[547.8786796564403, 2516.8786796564405], [664.6047294263734, 2482.5115831849293], [672.1213203435597, 2511.1213203435595], [554.3952705736266, 2545.4884168150707]], '17300(월~금)', 0.42448956507117575), ([[487.12652114433655, 2543.137956343301], [558.3111829633741, 2517.0872968578974], [567.8734788556635, 2541.862043656699], [495.68881703662595, 2568.9127031421026]], '10.00~1', 0.5770654356277716), ([[568.7701175612585, 2533.9931058051325], [619.0662483857441, 2517.825001699217], [627.2298824387415, 2547.0068941948675], [576.9337516142559, 2562.174998300783]], '제외)', 0.9987797545762779), ([[596.1265211443365, 2573.137956343301], [685.4607341546948, 2544.2839617079103], [693.8734788556635, 2571.862043656699], [604.5392658453052, 2600.7160382920897]], '123-456', 0.8350263367578042), ([[551.8800042399873, 2582.60800678398], [601.7914589076418, 2572.1350816474205], [608.1199957600127, 2605.39199321602], [558.2085410923582, 2616.8649183525795]], '00동', 0.44874098847778005), ([[449.07767729723633, 2617.2155354594474], [557.259821298275, 2582.68190485456], [567.9223227027637, 2616.7844645405526], [460.740178701725, 2651.31809514544]], '서울시 **구 .', 0.2236967967721706), ([[655.6573935716709, 2616.1259148573367], [710.32187189761, 2602.1002866292283], [716.3426064283291, 2627.8740851426633], [661.67812810239, 2641.8997133707717]], '-9051', 0.7494268122944111), ([[611.9819816180111, 2629.780179779812], [662.1763910955276, 2616.935218704243], [668.0180183819889, 2645.219820220188], [618.8236089044724, 2658.064781295757]], '890-', 0.815670086805265)]
[([[243, 2367], [461, 2367], [461, 2528], [243, 2528]], '어?', 0.9999048337424276), ([[383, 2997], [983, 2997], [983, 3082], [383, 3082]], '그래, 친해질 수 있도록', 0.549808481857189), ([[402, 3068], [979, 3068], [979, 3155], [402, 3155]], '노력이라도 해바야지!', 0.7084685808348337), ([[305, 3409], [696, 3409], [696, 3512], [305, 3512]], '안녕하세요', 0.9994778460319741), ([[517, 3944], [586, 3944], [586, 4000], [517, 4000]], '아', 0.5431300701564353), ([[600, 3948], [676, 3948], [676, 4000], [600, 4000]], '네.', 0.5566117678059619), ([[58.906438712892694, 230.02062589165632], [356.0408024903246, 319.5216890349992], [279.0935612871073, 552.9793741083437], [-18.040802490324587, 464.4783109650008]], '벌컷', 0.04332667158211988)]
[([[98, 172], [426, 172], [426, 256], [98, 256]], '저 옆집인데,', 0.8671642160837609), ([[102, 243], [434, 243], [434, 322], [102, 322]], '기억나시조?', 0.9873966625670663), ([[133, 488], [161, 488], [161, 509], [133, 509]], '(', 0.23192161105549758), ([[166, 457], [207, 457], [207, 515], [166, 515]], '돈', 0.5165064602159788), ([[148, 506], [213, 506], [213, 536], [148, 536]], '( <', 0.27637574076652527), ([[176, 1488], [316, 1488], [316, 1605], [176, 1605]], '딱', 0.08759541411598182), ([[295, 1571], [428, 1571], [428, 1679], [295, 1679]], '오', 0.7717611759370726), ([[448, 2822], [492, 2822], [492, 2860], [448, 2860]], '네:', 0.26997144918744753), ([[383, 2860], [525, 2860], [525, 2909], [383, 2909]], '기억해요', 0.9991289973258972), ([[455, 3117], [616, 3117], [616, 3263], [455, 3263]], '횟', 0.012770757535729926), ([[305, 3297], [363, 3297], [363, 3330], [305, 3330]], '17)', 0.003494104116282636), ([[431, 3279], [560, 3279], [560, 3335], [431, 3335]], '전 그럼', 0.9544630669060772), ([[434, 3333], [544, 3333], [544, 3386], [434, 3386]], '이만 .', 0.9517964720726013), ([[735, 4005], [813, 4005], [813, 4026], [735, 4026]], '다;', 0.017045713454453465), ([[595.8558217779603, 3156.036401913976], [847.9004989955382, 3200.80539479048], [814.1441782220397, 3348.963598086024], [563.0995010044618, 3305.19460520952]], '{@', 0.017367929904616077)]
[([[771, 522], [898, 522], [898, 601], [771, 601]], '역시', 0.9998760062233383), ([[710, 602], [927, 602], [927, 681], [710, 681]], '어렵네..', 0.5560203808797476), ([[417, 1178], [488, 1178], [488, 1205], [417, 1205]], '새토어', 0.002558735775231701), ([[334, 1208], [506, 1208], [506, 1257], [334, 1257]], '[불공데크 주소', 0.17416186210197546), ([[339, 1241], [479, 1241], [479, 1283], [339, 1283]], '서울시 **구', 0.8597518720455637), ([[487, 1239], [562, 1239], [562, 1269], [487, 1269]], '00동.', 0.9659852981567383), ([[442, 1469], [767, 1469], [767, 1542], [442, 1542]], '일단 여기부터', 0.998032963570993), ([[576, 1539], [767, 1539], [767, 1612], [576, 1612]], '가보자!', 0.9459953904151917)]
[([[37, 1551], [247, 1551], [247, 1764], [37, 1764]], '옛', 0.05786030060971137), ([[671, 1455], [912, 1455], [912, 1744], [671, 1744]], '름', 0.2500503684615616), ([[603, 1838], [875, 1838], [875, 1934], [603, 1934]], '여기야? !', 0.9962471494382295), ([[102, 2705], [536, 2705], [536, 2985], [102, 2985]], '대크', 0.6170224505720413), ([[633, 3401], [775, 3401], [775, 3491], [633, 3491]], '여기', 0.9999865130351151), ([[532, 3486], [875, 3486], [875, 3582], [532, 3582]], '맞나보네...', 0.37116182689231225), ([[581.4050955543422, 729.331719774987], [668.5686286326209, 722.193099426521], [669.5949044456578, 759.668280225013], [582.4313713673791, 765.806900573479]], '5족다', 0.0008561806821091943), ([[103.68776961266286, 2561.103019661824], [482.3398591360732, 2499.804626267829], [500.31223038733714, 2724.896980338176], [122.66014086392678, 2786.195373732171]], '물_', 0.3820804530928637), ([[841.0220279500418, 3864.1638810551212], [899.8748632823196, 3872.1425846350976], [895.9779720499582, 3898.8361189448788], [837.1251367176804, 3890.8574153649024]], '[', 0.0014989710264040057), ([[710.184182983552, 3966.0840783210497], [841.9833226443791, 3987.6351154829576], [833.815817016448, 4021.9159216789503], [703.0166773556209, 4000.3648845170424]], "'서어꼴8어'", 0.0002994560841762503)]
[([[495, 393], [659, 393], [659, 605], [495, 605]], '떨', 0.01590804760742892), ([[705, 2315], [843, 2315], [843, 2513], [705, 2513]], '품', 0.4394747779855521), ([[105, 3663], [461, 3663], [461, 3754], [105, 3754]], '실레합니다 .', 0.7555290632415487), ([[615.1442531419223, 557.0244299836404], [729.4889785426767, 543.0403755581307], [751.8557468580777, 761.9755700163596], [637.5110214573233, 776.9596244418693]], '밟', 0.1184984554179147), ([[218.42913985468846, 1497.7716559418755], [308.4874291623146, 1451.1175991727596], [332.57086014531154, 1498.2283440581245], [241.51257083768542, 1544.8824008272404]], '[불다', 0.010514598001079765), ([[834.1374442456306, 2475.0265967792166], [938.8933768544399, 2459.883031487404], [961.8625557543694, 2664.9734032207834], [857.1066231455601, 2679.116968512596]], '똑', 0.030471566606410372), ([[246.86732466650065, 2955.022919262566], [695.6803500892266, 3026.505359388632], [646.1326753334994, 3257.977080737434], [196.31964991077336, 3185.494640611368]], '-해해', 0.0365266120417157)]
[([[615, 340], [767, 340], [767, 508], [615, 508]], '몸`', 0.03510870762743002), ([[57, 1524], [409, 1524], [409, 1735], [57, 1735]], '빛자', 0.0016294270648900622), ([[384, 1657], [729, 1657], [729, 1856], [384, 1856]], '콤래만', 0.0038323306628426875), ([[337, 2193], [405, 2193], [405, 2226], [337, 2226]], "'예.", 0.0015278469251519293), ([[184.6712678358369, 2388.57540888809], [358.6562138985288, 2369.1780032570973], [361.3287321641631, 2416.42459111191], [188.34378610147124, 2435.8219967429027]], '1서어꼴8어>', 0.0004497005250118976), ([[719.295216003452, 3384.9885648010354], [847.7458854543755, 3328.854461033677], [872.704783996548, 3386.0114351989646], [743.2541145456245, 3442.145538966323]], "'공기정정가", 0.19962961771240817)]
[([[726, 835], [818, 835], [818, 914], [726, 914]], '어,', 0.6373101207639634), ([[666, 915], [873, 915], [873, 994], [666, 994]], '이거: !', 0.1683167111816482), ([[703, 1039], [737, 1039], [737, 1053], [703, 1053]], '음5', 0.010604616143171524), ([[722, 1061], [797, 1061], [797, 1073], [722, 1073]], '사18{가 { 섬{3 세', 0.05550582059863356), ([[282, 1968], [658, 1968], [658, 2085], [282, 2085]], '뛰임니까?', 0.47180965836375605), ([[377, 2606], [1018, 2606], [1018, 3005], [377, 3005]], '뺨짝', 0.22562244252308017), ([[21, 3365], [266, 3365], [266, 3700], [21, 3700]], '꽤', 0.8731650004629046)]
[([[240, 908], [492, 908], [492, 1100], [240, 1100]], '하하', 0.39067217649698793), ([[619, 987], [887, 987], [887, 1191], [619, 1191]], '하하', 0.8292208504237756), ([[253, 1642], [543, 1642], [543, 1721], [253, 1721]], '소련 기술로', 0.9926863692810646), ([[211, 1712], [591, 1712], [591, 1791], [211, 1791]], '만들없다더니..', 0.6772329824636871), ([[256, 1782], [550, 1782], [550, 1858], [256, 1858]], '진짜 러시아', 0.590409927026177), ([[262, 1856], [527, 1856], [527, 1932], [262, 1932]], '사람인가?', 0.9940494052456639), ([[241, 2337], [306, 2337], [306, 2363], [241, 2363]], '[장어꼴:', 0.0014386181159036884), ([[422, 2873], [678, 2873], [678, 2998], [422, 2998]], '누구?', 0.9997034072875977)]
[([[393, 73], [675, 73], [675, 157], [393, 157]], '아; 이거랑', 0.9562959193934438), ([[378, 150], [687, 150], [687, 230], [378, 230]], '여기서 만든', 0.8236122872599195), ([[284, 223], [784, 223], [784, 311], [284, 311]], '다른 물건들 때문에', 0.8938582980823765), ([[402, 300], [659, 300], [659, 384], [402, 384]], '앞는데요', 0.050231222063302994), ([[239, 1679], [883, 1679], [883, 1767], [239, 1767]], '나 나한국말 올라 입니다:', 0.6429729929676248), ([[226, 1762], [899, 1762], [899, 1853], [226, 1853]], '나로씨야 사람이다 입니다:', 0.8548588320285536), ([[648, 2321], [945, 2321], [945, 2417], [648, 2417]], '환불안 돼', 0.6839117275698018), ([[725, 2412], [954, 2412], [954, 2502], [725, 2502]], '입니다!', 0.7691380977630615), ([[403, 2669], [633, 2669], [633, 2745], [403, 2745]], '지금하는', 0.897941529750824), ([[429, 2742], [610, 2742], [610, 2818], [429, 2818]], '말도다', 0.9969616284850994), ([[342, 2816], [687, 2816], [687, 2895], [342, 2895]], '한국말이잖아!', 0.6454889013926023), ([[358, 3382], [674, 3382], [674, 3458], [358, 3458]], '환불하러온거', 0.9788944313525804), ([[288, 3456], [742, 3456], [742, 3532], [288, 3532]], '아니니까안심하세요', 0.9965595598067692), ([[362, 3530], [674, 3530], [674, 3606], [362, 3606]], '그냥물어올게', 0.4506793288449057), ([[333, 3603], [706, 3603], [706, 3679], [333, 3679]], '있어서온거예요', 0.9880312418934244)]
[([[131, 67], [217, 67], [217, 143], [131, 143]], '아:', 0.5014666202094105), ([[698, 368], [921, 368], [921, 447], [698, 447]], '다행이다', 0.9959616661071777), ([[707, 442], [914, 442], [914, 521], [707, 521]], '입니다', 0.9743162692356476), ([[268, 937], [381, 937], [381, 1021], [268, 1021]], '어?', 0.9999273396063612), ([[239, 1026], [391, 1026], [391, 1114], [239, 1114]], '코에:', 0.4088690137174286), ([[619, 1938], [945, 1938], [945, 2113], [619, 2113]], "얼'락", 0.004032454970711486), ([[7, 2253], [309, 2253], [309, 2610], [7, 2610]], '탓', 0.5569532542784863), ([[520, 2229], [849, 2229], [849, 2596], [520, 2596]], '색', 0.05713485818887776), ([[460, 3257], [656, 3257], [656, 3382], [460, 3382]], '학?', 0.4736302626496891), ([[166.85246826815725, 488.0329478659364], [374.64936284015823, 529.5925565993496], [335.1475317318427, 701.9670521340636], [127.35063715984174, 661.4074434006504]], '주록', 0.40094147514618533), ([[607.0789916602317, 3800.1448741467184], [679.9448461690057, 3811.4273910226934], [675.9210083397683, 3836.8551258532816], [602.0551538309943, 3826.5726089773066]], '싸맑7타내', 0.00020615696665885911)]
[([[297, 751], [784, 751], [784, 1101], [297, 1101]], '때출', 0.06188213590411063), ([[367, 1071], [822, 1071], [822, 1386], [367, 1386]], '낚', 0.10653576148469401), ([[393, 1481], [684, 1481], [684, 1523], [393, 1523]], '이원식 글 /그림 박형춘', 0.5563299359008966), ([[714, 2167], [905, 2167], [905, 2284], [714, 2284]], '계속', 0.999948581232014), ([[776, 2664], [948, 2664], [948, 2720], [776, 2720]], '글 이원식', 0.6344930607577818), ([[617, 2755], [947, 2755], [947, 2796], [617, 2796]], '20어,하;|2@<라+라,.(아<', 2.400965832826338e-06), ([[614, 2806], [975, 2806], [975, 2844], [614, 2844]], '두라~.-어어니(어</2튼기<째;`2', 3.901313648585717e-07), ([[617, 2854], [940, 2854], [940, 2895], [617, 2895]], '+담++~, 기</2검기,도|2', 2.938876218777995e-05), ([[604, 2933], [960, 2933], [960, 3049], [604, 3049]], '[뉘세', 0.03027034594620658), ([[750, 3163], [958, 3163], [958, 3227], [750, 3227]], '그림 박형춘', 0.6802073840191529), ([[617, 3254], [950, 3254], [950, 3292], [617, 3292]], '<어<;~+어어-@<라+라마<어<', 1.709076091744982e-06), ([[610, 3304], [993, 3304], [993, 3357], [610, 3357]], '{고-.-어쪽.(아값-라7+하9어아7', 1.1237054081242759e-06), ([[614, 3360], [1001, 3360], [1001, 3404], [614, 3404]], '609마하+~,아</장어검뱀어기', 6.306767591481257e-07), ([[682, 3473], [853, 3473], [853, 3506], [682, 3506]], '산타군 스튜디오', 0.9967807301112357), ([[578, 3484], [986, 3484], [986, 3595], [578, 3595]], '8물-@@때', 0.012225532391854576), ([[673, 3568], [887, 3568], [887, 3623], [673, 3623]], '5가신미)', 0.007824472523422447), ([[791, 3668], [869, 3668], [869, 3701], [791, 3701]], '-`45', 0.007950298488140106), ([[896, 3667], [966, 3667], [966, 3705], [896, 3705]], '김효찬', 0.7546931640925926), ([[897, 3706], [965, 3706], [965, 3739], [897, 3739]], '김지혜', 0.967247261926512), ([[897, 3745], [965, 3745], [965, 3778], [897, 3778]], '김경훈', 0.7802790961181557), ([[791, 3783], [965, 3783], [965, 3816], [791, 3816]], '타이틀 도움_서시', 0.09751428568023832), ([[569.0685071343347, 3360.2301635552362], [607.9211285288292, 3365.4438838469177], [604.9314928656653, 3382.7698364447638], [566.0788714711708, 3377.5561161530823]], '51어9', 0.13733260333538055)]
