896944
22
[]
[]
[]
[]
[]
[]
[]
[]
[]
[]
[]
[]
[]
[]
[]
[]
[]
[([[543, 25], [599, 25], [599, 61], [543, 61]], '교사', 0.9999976397772992), ([[536, 54], [646, 54], [646, 128], [536, 128]], "'전합동", 0.18862267168875152), ([[541, 121], [637, 121], [637, 157], [541, 157]], '보건제육', 0.8868303894996643), ([[541, 151], [613, 151], [613, 187], [541, 187]], '수업올', 0.8833760343976471), ([[541, 181], [661, 181], [661, 217], [541, 217]], '시작하켓다.', 0.3993667309412561), ([[540, 223], [636, 223], [636, 259], [540, 259]], '출석번호', 0.9865498542785645), ([[541, 257], [637, 257], [637, 293], [541, 293]], '순서대로', 0.9995654821395874), ([[541, 289], [665, 289], [665, 325], [541, 325]], '남녀 폐어지', 0.4192398177750337), ([[542, 324], [622, 324], [622, 356], [542, 356]], '이률 수', 0.515027642250061), ([[541, 353], [627, 353], [627, 389], [541, 389]], '있도록_', 0.22172920405864716), ([[537, 409], [625, 409], [625, 447], [537, 447]], '하루노', 0.9978142842661752), ([[535, 443], [675, 443], [675, 484], [535, 484]], '[어째서 너랑', 0.4703150498363038), ([[540, 484], [664, 484], [664, 516], [540, 516]], '폐어가 돼야', 0.8387505736378372), ([[537, 515], [637, 515], [637, 551], [537, 551]], '하느건데', 0.6735796928405762), ([[539, 575], [601, 575], [601, 615], [539, 615]], '남자', 0.99996872718163), ([[539, 614], [655, 614], [655, 651], [539, 651]], "'그건 내가", 0.9765979673998608), ([[541, 648], [674, 648], [674, 685], [541, 685]], '할 말이라고_', 0.7421638092059945)]
[([[5, 33], [89, 33], [89, 71], [5, 71]], '하루노', 0.9427906274795532), ([[545, 27], [603, 27], [603, 63], [545, 63]], '교사', 0.9999978926582248), ([[14, 72], [70, 72], [70, 104], [14, 104]], "'히잇.", 0.3253146317801097), ([[80, 74], [132, 74], [132, 106], [80, 106]], '거긴', 0.9051902291322445), ([[543, 65], [655, 65], [655, 103], [543, 103]], '[그럼 슬슬', 0.5541513461739777), ([[7, 99], [79, 99], [79, 135], [7, 135]], '소음순', 0.9928413214164838), ([[98, 100], [158, 100], [158, 130], [98, 130]], '아야', 0.8227006174561362), ([[543, 95], [689, 95], [689, 131], [543, 131]], '[풀어쨌올 테니', 0.3015004483817603), ([[6, 132], [158, 132], [158, 164], [6, 164]], '잡아당기지 마', 0.9245262542908536), ([[541, 123], [669, 123], [669, 162], [541, 162]], '여자는 남자', 0.7535567071601551), ([[3, 164], [118, 164], [118, 204], [3, 204]], '에? 거기능', 0.44724454875758884), ([[543, 153], [667, 153], [667, 189], [543, 189]], '(한테 자신의', 0.47728567400196964), ([[6, 200], [76, 200], [76, 230], [6, 230]], '요도구', 0.999982655990267), ([[544, 186], [638, 186], [638, 218], [544, 218]], '(여성기록', 0.16823307399797494), ([[543, 215], [683, 215], [683, 251], [543, 251]], '[관찰시키도록', 0.5276983593880429), ([[4, 234], [136, 234], [136, 266], [4, 266]], '만지면 안되!', 0.467460255352134), ([[4, 268], [132, 268], [132, 300], [4, 300]], '어째서나니?', 0.8938472854209498), ([[543, 263], [687, 263], [687, 299], [543, 299]], '섬세한 긋이니', 0.6383172061010441), ([[5, 303], [79, 303], [79, 339], [5, 339]], '더럽고.', 0.5907643437385559), ([[543, 295], [689, 295], [689, 331], [543, 331]], '남자들은 신중', 0.998469078090986), ([[5, 337], [127, 337], [127, 373], [5, 373]], '오중 나오는', 0.8780301602336856), ([[541, 325], [687, 325], [687, 362], [541, 362]], '하게 다루도록', 0.9952359887368941), ([[5, 367], [121, 367], [121, 403], [5, 403]], '(긋이니까  .', 0.4405837390421351), ([[544, 358], [598, 358], [598, 388], [544, 388]], "'해라.", 0.6431320905685425), ([[6, 410], [131, 410], [131, 442], [6, 442]], '간질거려 ._', 0.5347208650007933), ([[543, 403], [635, 403], [635, 439], [543, 439]], '(여자들은', 0.887608528321663), ([[543, 429], [689, 429], [689, 465], [543, 465]], '[남자의 질문에', 0.7124674628324099), ([[13, 449], [75, 449], [75, 487], [13, 487]], '남자', 0.9999677999595818), ([[543, 457], [689, 457], [689, 495], [543, 495]], '성실하게 답할', 0.7500519005472461), ([[11, 486], [149, 486], [149, 523], [11, 523]], "'5여기 콩처럼", 0.21346963486467352), ([[581, 487], [677, 487], [677, 523], [581, 523]], '이성에컨', 0.7197497487068176), ([[16, 518], [96, 518], [96, 550], [16, 550]], '생긴 거', 0.9422169869966611), ([[546, 488], [574, 488], [574, 602], [546, 602]], '"', 0.017786689656303034), ([[561, 515], [669, 515], [669, 580], [561, 580]], '{눈분위품', 0.05451340632645705), ([[16, 550], [112, 550], [112, 582], [16, 582]], '아까보다', 0.999900221824646), ([[596, 548], [668, 548], [668, 580], [596, 580]], '만지게', 0.9993761916016844), ([[14, 580], [100, 580], [100, 612], [14, 612]], '커울네?', 0.6457734704017639), ([[570, 572], [624, 572], [624, 604], [570, 604]], '주고', 0.9999470639686558), ([[547, 601], [689, 601], [689, 637], [547, 637]], '스스로 부위럽', 0.22586000717897825), ([[13, 613], [133, 613], [133, 649], [13, 649]], '자위할때도', 0.92797844985091), ([[588, 630], [638, 630], [638, 660], [588, 660]], '하고', 0.9315269369431974), ([[14, 646], [88, 646], [88, 678], [14, 678]], '여기만', 0.9999872672905089), ([[544, 626], [598, 626], [598, 690], [544, 690]], '성명', 0.6717345927411567), ([[14, 676], [142, 676], [142, 708], [14, 708]], '만져랫없지_', 0.10940389855826635), ([[543, 681], [617, 681], [617, 719], [543, 719]], '(부분이', 0.7327773571014404), ([[584, 652], [692, 652], [692, 720], [584, 720]], '{시변표현', 0.03573982105270483), ([[638, 684], [664, 684], [664, 712], [638, 712]], '요', 0.9999947547981378), ([[5, 717], [94, 717], [94, 760], [5, 760]], '[하루노', 0.3767036497592926), ([[545, 711], [623, 711], [623, 747], [545, 747]], '것이다:', 0.4923396706581116), ([[9, 755], [129, 755], [129, 791], [9, 791]], "'거, 거기능", 0.32495290601054233), ([[545, 759], [607, 759], [607, 797], [545, 797]], '남자', 0.999948581232014), ([[7, 789], [115, 789], [115, 825], [7, 825]], '음핵 클리', 0.2998772996147258), ([[555, 797], [681, 797], [681, 833], [555, 833]], "'보면 볼수록", 0.7413338997942649), ([[8, 820], [90, 820], [90, 852], [8, 852]], '토리스!', 0.9698182344436646), ([[547, 827], [645, 827], [645, 863], [547, 863]], '괴상하네.', 0.9524587543229969), ([[8, 864], [136, 864], [136, 896], [8, 896]], '왜 커울나니', 0.487813559711039), ([[546, 860], [688, 860], [688, 892], [546, 892]], '여기논 뭐라고', 0.5469363023283602), ([[8, 894], [104, 894], [104, 924], [8, 924]], '만져저서', 0.7054395079612732), ([[544, 884], [683, 884], [683, 921], [544, 921]], '(부르는 거야?', 0.8062119769197446), ([[10, 920], [142, 920], [142, 952], [10, 952]], '발기한 거야!', 0.9813482133050373), ([[8, 952], [120, 952], [120, 984], [8, 984]], '이제 돼지!', 0.8876250641230888)]
[([[534, 28], [574, 28], [574, 52], [534, 52]], '교사', 0.9999973868963923), ([[530, 53], [664, 53], [664, 86], [530, 86]], "{'그럼 남자들은", 0.5397389197533368), ([[532, 84], [656, 84], [656, 114], [532, 114]], '[여자의 질내에', 0.5757055187477883), ([[532, 112], [688, 112], [688, 142], [532, 142]], '(중지손가락올 넣고', 0.6063970414481347), ([[532, 140], [654, 140], [654, 170], [532, 170]], '두번째 관절올', 0.8405668770815314), ([[532, 170], [638, 170], [638, 198], [532, 198]], '구부려 화라.', 0.8221890608081625), ([[534, 208], [680, 208], [680, 238], [534, 238]], '부풀어 오른 긋이', 0.4838480096987527), ([[533, 238], [686, 238], [686, 266], [533, 266]], '느껴지지? 거기가', 0.9983229349902683), ([[533, 265], [633, 265], [633, 295], [533, 295]], '(스파이다.', 0.5341890639809218), ([[534, 308], [678, 308], [678, 338], [534, 338]], '못 찾젯다고 해서', 0.5184491731966733), ([[534, 336], [682, 336], [682, 368], [534, 368]], '손톱 세우진 마라.', 0.6976506189473806), ([[535, 371], [656, 371], [656, 402], [535, 402]], '손가락 끝으로', 0.6481914295597019), ([[536, 402], [644, 402], [644, 432], [536, 432]], '조심스럽게_', 0.939207767857913), ([[538, 456], [590, 456], [590, 488], [538, 488]], '남자', 0.9999204276773073), ([[536, 488], [626, 488], [626, 516], [536, 516]], "'여긴가? ,", 0.4279217203800429), ([[535, 536], [612, 536], [612, 574], [535, 574]], '하루노', 0.9963096635045845), ([[548, 572], [662, 572], [662, 600], [548, 600]], '모.. 모른다구', 0.3484570248264891), ([[540, 600], [650, 600], [650, 630], [540, 630]], '그런거! 으옷', 0.47308241747185187), ([[536, 630], [686, 630], [686, 656], [536, 656]], '(에? 뭐야 이거!)_', 0.41062584869428725)]
[([[11, 30], [90, 30], [90, 72], [11, 72]], '남자3', 0.26414239899747094), ([[516, 38], [572, 38], [572, 70], [516, 70]], '교사', 0.9999841528217377), ([[12, 70], [127, 70], [127, 108], [12, 108]], "'진짜나.!", 0.4357963331127012), ([[511, 75], [633, 75], [633, 111], [511, 111]], '[좋아; 오전', 0.6424316051059036), ([[513, 109], [683, 109], [683, 145], [513, 145]], '수업은 여기까지', 0.9992519807531457), ([[11, 123], [89, 123], [89, 161], [11, 161]], '남자-', 0.239662304520607), ([[10, 160], [145, 160], [145, 196], [10, 196]], '[더럽게시리', 0.3017982311943889), ([[511, 151], [573, 151], [573, 189], [511, 189]], '남자', 0.9999559146810842), ([[10, 190], [112, 190], [112, 222], [10, 222]], '자기가 산', 0.39620873042081106), ([[522, 192], [654, 192], [654, 224], [522, 224]], '후우 드디어', 0.9893427001577227), ([[10, 218], [84, 218], [84, 248], [10, 248]], '거니까', 0.9995446642809427), ([[511, 225], [693, 225], [693, 261], [511, 261]], '곧나나. 오전 내내', 0.3563222395301375), ([[10, 246], [106, 246], [106, 278], [10, 278]], '여자들이', 0.9998154044151306), ([[7, 272], [96, 272], [96, 309], [7, 309]], '하라고!', 0.48600926995277405), ([[511, 259], [673, 259], [673, 295], [511, 295]], '연속수업이라니', 0.9951439237537094), ([[512, 293], [681, 293], [681, 326], [512, 326]], '꽤나 지치논구만.', 0.6121472305184635), ([[7, 317], [69, 317], [69, 353], [7, 353]], '교사', 0.9999974711900259), ([[511, 337], [669, 337], [669, 373], [511, 373]], '야 끝남대잡아', 0.19899466231842636), ([[7, 355], [143, 355], [143, 391], [7, 391]], '[너희들 그런', 0.5648480870912354), ([[513, 369], [663, 369], [663, 405], [513, 405]], '명때리지 말고.', 0.5795025319289505), ([[8, 384], [152, 384], [152, 416], [8, 416]], '식으로 말해도', 0.9996253275879303), ([[7, 411], [107, 411], [107, 447], [7, 447]], '괜찮계나', 0.22638291120529175), ([[534, 412], [646, 412], [646, 444], [534, 444]], '객 하루노', 0.4319477114844705), ([[7, 439], [121, 439], [121, 477], [7, 477]], '오후수업은', 0.9889716591571845), ([[513, 439], [613, 439], [613, 475], [513, 475]], '괜찮나? _', 0.6340352686118188), ([[7, 465], [101, 465], [101, 501], [7, 501]], '교대해서', 0.9949667453765869), ([[511, 477], [595, 477], [595, 515], [511, 515]], '하루노', 0.947385847568512), ([[5, 495], [151, 495], [151, 531], [5, 531]], '{남자 차례라고', 0.4793588665959329), ([[568, 518], [636, 518], [636, 548], [568, 548]], '후에?:', 0.5579685568809509), ([[3, 537], [159, 537], [159, 601], [3, 601]], '(철 발유불라되', 0.026898320958550492), ([[509, 543], [673, 543], [673, 579], [509, 579]], '아아아  곧남구나.', 0.16328532242031665), ([[35, 569], [127, 569], [127, 601], [35, 601]], '발째부런', 0.5888054370880127), ([[509, 571], [563, 571], [563, 607], [509, 607]], '미안.', 0.4667287252380191), ([[573, 573], [649, 573], [649, 609], [573, 609]], '조금만.', 0.9362102746963501), ([[5, 593], [131, 593], [131, 661], [5, 661]], '요제활-도', 0.031069807348300213), ([[512, 604], [614, 604], [614, 636], [512, 636]], '쉬게 해쥐', 0.8346716324528284), ([[30, 628], [102, 628], [102, 658], [30, 658]], '으니까', 0.9898522017888951), ([[511, 628], [658, 628], [658, 664], [511, 664]], '못 움직이켓어', 0.7907597986953253), ([[5, 663], [129, 663], [129, 699], [5, 699]], '(여자한테 잘', 0.4265753118009126), ([[512, 672], [562, 672], [562, 702], [512, 702]], '교사', 0.9999834784753582), ([[6, 690], [30, 690], [30, 752], [6, 752]], '봄', 0.1919488537311489), ([[26, 692], [128, 692], [128, 724], [26, 724]], '이는 편이', 0.5052566242809219), ([[505, 700], [643, 700], [643, 740], [505, 740]], '[[여자는 웃올', 0.43445899811123745), ([[28, 718], [110, 718], [110, 750], [28, 750]], '올거다!', 0.9039826393127441), ([[509, 731], [659, 731], [659, 767], [509, 767]], '(갈아입고 휴식', 0.5626055363365788), ([[9, 767], [105, 767], [105, 803], [9, 803]], '선생님은', 0.9914400577545166), ([[509, 761], [683, 761], [683, 797], [509, 797]], '사워실 새도된다.', 0.5496165807937492), ([[9, 801], [135, 801], [135, 837], [9, 837]], '하는 쪽보다', 0.8530061933198424), ([[515, 795], [685, 795], [685, 831], [515, 831]], '남자들은 청소다.', 0.7295868696331215), ([[9, 835], [135, 835], [135, 871], [9, 871]], '당하는 쪽이', 0.6602493494402232), ([[513, 825], [659, 825], [659, 861], [513, 861]], '실금한 학생도', 0.9902210784290095), ([[11, 867], [147, 867], [147, 903], [11, 903]], '취향이지만._', 0.5380985450066984), ([[512, 853], [681, 853], [681, 891], [512, 891]], '있으니까 철저히', 0.942647425588481), ([[514, 886], [606, 886], [606, 918], [514, 918]], '하도록 !', 0.47834178348340944)]
[([[10, 38], [60, 38], [60, 70], [10, 70]], '남자', 0.9999645125379857), ([[536, 30], [602, 30], [602, 60], [536, 60]], '여자3', 0.8484955837087111), ([[8, 70], [80, 70], [80, 98], [8, 98]], "'하루노;", 0.8252086922285786), ([[532, 58], [627, 58], [627, 94], [532, 94]], "['어쨌어?,", 0.056988566661628576), ([[10, 100], [92, 100], [92, 128], [10, 128]], '움직일 수', 0.9977521850201145), ([[538, 100], [606, 100], [606, 132], [538, 132]], '여자(', 0.26054598415189806), ([[8, 128], [82, 128], [82, 156], [8, 156]], '있깊어?', 0.11965207755565643), ([[538, 132], [636, 132], [636, 160], [538, 160]], "'완전 최약.", 0.9923141971940467), ([[538, 162], [660, 162], [660, 192], [538, 192]], '가는 도중에도', 0.5461287722256409), ([[1, 194], [77, 194], [77, 230], [1, 230]], '[하루노', 0.7243171755401804), ([[538, 190], [680, 190], [680, 220], [538, 220]], '멈추주질 않아서', 0.8208503575709857), ([[538, 218], [658, 218], [658, 248], [538, 248]], '몇번이나 조수', 0.941245582676265), ([[16, 230], [115, 230], [115, 258], [16, 258]], '응 . 괜찮아.', 0.8792485048754364), ([[537, 246], [661, 246], [661, 274], [537, 274]], '뽑어버럿어_', 0.16696857672216184), ([[6, 258], [104, 258], [104, 288], [6, 288]], '오후수업도', 0.9679840493913782), ([[4, 286], [92, 286], [92, 314], [4, 314]], '잘 부탁해.', 0.9816076880002546), ([[536, 280], [602, 280], [602, 312], [536, 312]], '여자3', 0.6920909449823786), ([[536, 312], [662, 312], [662, 340], [536, 340]], "'우와아 나도", 0.6339329578718991), ([[4, 344], [132, 344], [132, 370], [4, 370]], '몇 배로 되갚아', 0.5991886386645859), ([[536, 342], [682, 342], [682, 372], [536, 372]], '근데, 그거 알아?', 0.8349374639145357), ([[6, 372], [86, 372], [86, 400], [6, 400]], '줄테니까', 0.7455235983398296), ([[534, 382], [656, 382], [656, 412], [534, 412]], '언니한데 들은', 0.7399162153038409), ([[4, 400], [120, 400], [120, 430], [4, 430]], '각오하라구! ,', 0.8177803586208293), ([[534, 410], [644, 410], [644, 440], [534, 440]], '건데, 남자는', 0.5016735506397554), ([[534, 438], [636, 438], [636, 468], [534, 468]], '고환을 세게', 0.5658231262255035), ([[10, 470], [62, 470], [62, 502], [10, 502]], '남자', 0.9999648497092857), ([[536, 466], [634, 466], [634, 496], [536, 496]], '움켜주거나', 0.7635729375475884), ([[10, 502], [94, 502], [94, 528], [10, 528]], "'그 그래.", 0.8104644088320769), ([[88, 518], [114, 518], [114, 526], [88, 526]], '8  .', 0.13484147191047668), ([[534, 494], [656, 494], [656, 524], [534, 524]], '가버린 직후에', 0.801099948257858), ([[534, 524], [654, 524], [654, 552], [534, 552]], '귀두 비버지면', 0.7859628748182105), ([[534, 550], [672, 550], [672, 580], [534, 580]], '못 견되다는데. _', 0.2819749526735378), ([[536, 590], [602, 590], [602, 620], [536, 620]], '여자(', 0.1824290042192614), ([[533, 617], [674, 617], [674, 647], [533, 647]], "['귀두가 뛰야 . ?", 0.2444500183227582), ([[538, 642], [666, 642], [666, 670], [538, 670]], '뭐 우리가 햇당', 0.5186876610212147), ([[536, 666], [676, 666], [676, 696], [536, 696]], '것처럼 남자한데', 0.753939430743152), ([[535, 688], [678, 688], [678, 725], [535, 725]], '직접 설명하라고', 0.9970451212037503), ([[536, 716], [654, 716], [654, 746], [536, 746]], '하면 되려나_', 0.8063734085862683)]
