901521
21
[([[74, 48], [154, 48], [154, 72], [74, 72]], '[어시', 0.0015232871885437565), ([[77, 71], [153, 71], [153, 113], [77, 113]], '허18', 0.05829351819140011), ([[74, 110], [156, 110], [156, 134], [74, 134]], '묘시미(', 0.030728762969374657), ([[72, 134], [160, 134], [160, 166], [72, 166]], '#금 춤몸@ ', 0.001694925173170853), ([[15, 175], [152, 175], [152, 214], [15, 214]], '역사 비흡', 0.010290618741201569), ([[13, 207], [223, 207], [223, 249], [13, 249]], '식과 혜라플렉소', 0.13363090427139135), ([[136, 1086], [662, 1086], [662, 1140], [136, 1140]], '벼0귀-청형 :돌고-교의', 1.4503665269793957e-05), ([[133, 1127], [663, 1127], [663, 1163], [133, 1163]], '너-~! @드 ;물어산+어-@-익고교- 요,산_]`룩전[땀', 7.244508279095138e-08)]
[([[656, 76], [726, 76], [726, 106], [656, 106]], '다녀앉어', 0.6143251061439514), ([[294, 92], [350, 92], [350, 116], [294, 116]], '어서 와', 0.9389908212682146), ([[697, 659], [741, 659], [741, 705], [697, 705]], '중원', 0.08418033519750995), ([[615, 865], [629, 865], [629, 887], [615, 887]], '응', 0.9996378749679167)]
[([[98, 346], [146, 346], [146, 370], [98, 370]], '오빠가', 0.7658862471580505), ([[98, 366], [150, 366], [150, 392], [98, 392]], '원할 때', 0.9037369771674676), ([[98, 386], [160, 386], [160, 412], [98, 412]], '본다거나', 0.9606412649154663), ([[98, 408], [182, 408], [182, 434], [98, 434]], '만질 수 핑게', 0.3073210026384096), ([[98, 426], [144, 426], [144, 452], [98, 452]], '해물게', 0.6899501886964953), ([[766, 566], [800, 566], [800, 596], [766, 596]], '3(', 0.11885773559029497), ([[481, 629], [499, 629], [499, 651], [481, 651]], '맛', 0.378160278490558), ([[97, 651], [143, 651], [143, 671], [97, 671]], '자지도', 0.9999775629156988), ([[470, 646], [504, 646], [504, 672], [470, 672]], '응?', 0.1579504343340651), ([[96, 670], [156, 670], [156, 694], [96, 694]], '언제든지', 0.5900877118110657), ([[459, 669], [501, 669], [501, 689], [459, 689]], '고마위', 0.9365891019561743), ([[96, 690], [144, 690], [144, 714], [96, 714]], '넣어도', 0.9979942812160538), ([[96, 710], [146, 710], [146, 734], [96, 734]], '되니까', 0.9994083993197383), ([[105, 815], [133, 815], [133, 829], [105, 829]], '00', 0.7024721590297999), ([[106, 834], [130, 834], [130, 858], [106, 858]], '!?', 0.949259136624301)]
[([[405, 821], [457, 821], [457, 857], [405, 857]], '하악', 0.9920892973031625), ([[204, 846], [250, 846], [250, 876], [204, 876]], '하악', 0.9977350217416908), ([[96, 958], [126, 958], [126, 994], [96, 994]], '학', 0.9999501711377121), ([[694.4437764224065, 36.05201503875459], [742.8954209833099, 73.21480108927189], [726.5562235775935, 94.94798496124541], [678.1045790166901, 58.78519891072811]], "'85@68", 0.08805728652425864), ([[722.6410209206912, 41.06665439379694], [746.9912279006826, 56.867836279908985], [738.3589790793088, 68.93334560620306], [715.0087720993174, 53.132163720091015]], "'080", 0.7473022937774658)]
[([[111, 659], [177, 659], [177, 781], [111, 781]], '표', 0.19154719621907645), ([[376, 778], [422, 778], [422, 810], [376, 810]], '해쥐', 0.877196731625984), ([[465, 927], [485, 927], [485, 951], [465, 951]], '앗', 0.18982924356629383), ([[420, 942], [454, 942], [454, 968], [420, 968]], '양0', 0.03627891544020283), ([[790, 948], [818, 948], [818, 982], [790, 982]], '앗', 0.5182985942845022), ([[398, 1032], [432, 1032], [432, 1058], [398, 1058]], '잇', 0.202319892179478)]
[([[280, 54], [334, 54], [334, 80], [280, 80]], '굉장해,', 0.9870920777320862), ([[264, 76], [336, 76], [336, 106], [264, 106]], '엄청 예뼈', 0.8433491146923281), ([[304, 266], [328, 266], [328, 292], [304, 292]], '고', 1.0), ([[276, 288], [334, 288], [334, 318], [276, 318]], '고마워', 0.390442748796946), ([[517, 953], [581, 953], [581, 997], [517, 997]], '하학', 0.3922884803503903), ([[381, 1027], [441, 1027], [441, 1069], [381, 1069]], '하학', 0.8084503875973832), ([[690, 1010], [768, 1010], [768, 1060], [690, 1060]], '오빠', 0.5492169665501577), ([[434.2821551048371, 102.03690451692003], [519.9633005118991, 162.2841466763468], [483.7178448951629, 212.96309548307997], [399.03669948810085, 152.7158533236532]], '(84 0', 0.044530751289310354), ([[91.62338563086038, 599.0118315306801], [139.64762274495007, 591.0350536649335], [167.37661436913962, 769.9881684693199], [119.35237725504992, 777.9649463350665]], ';', 0.2303119072258255), ([[305.60088593685737, 723.0132890528604], [353.3462428512259, 711.0099986737919], [391.39911406314263, 884.9867109471396], [343.6537571487741, 895.9900013262081]], ';', 0.8339955683613063), ([[271.57826291885397, 1080.1708779673013], [309.6930051490474, 1058.0401557181924], [350.42173708114603, 1132.8291220326987], [313.3069948509526, 1155.9598442818076]], '돌', 0.08376758136583451)]
[([[243, 147], [289, 147], [289, 187], [243, 187]], '/?', 0.013932299290585523), ([[345.3563019323506, 380.01090700434315], [486.8552297132564, 442.1542349269292], [365.6436980676494, 712.9890929956568], [225.1447702867436, 650.8457650730709]], '=', 0.5794048581297062)]
[([[611, 345], [629, 345], [629, 371], [611, 371]], '혹', 0.8769815905128588), ([[593, 371], [609, 371], [609, 395], [593, 395]], '록', 0.3643582469416664), ([[706, 360], [746, 360], [746, 386], [706, 386]], '호혹', 0.6766643235761668), ([[613, 393], [629, 393], [629, 417], [613, 417]], '록', 0.28807051002175754), ([[710, 392], [748, 392], [748, 418], [710, 418]], '흐륙', 0.1518849522101964), ([[591, 415], [609, 415], [609, 441], [591, 441]], '혹', 0.7818873899022947), ([[543, 459], [561, 459], [561, 501], [543, 501]], '혹', 0.7323461555961899), ([[539, 493], [587, 493], [587, 535], [539, 535]], '혹록', 0.21002205556528797), ([[527, 605], [547, 605], [547, 633], [527, 633]], '혹', 0.9278256090897798), ([[30.631050123552956, 389.8193603953695], [316.32954432762506, 307.90358532382925], [347.36894987644706, 456.1806396046305], [62.670455672374956, 538.0964146761708]], '[[[음몽', 0.027247839172224567)]
[([[644, 20], [684, 20], [684, 50], [644, 50]], '엄청', 0.9972481624492806), ([[806, 24], [846, 24], [846, 48], [806, 48]], '오빠', 0.7100529903559296), ([[644, 44], [700, 44], [700, 74], [644, 74]], '좋앞어', 0.18342813673856623), ([[794, 48], [850, 48], [850, 78], [794, 78]], '고마워', 0.3797314694073369), ([[274, 72], [324, 72], [324, 96], [274, 96]], '자지논', 0.5094853639602661), ([[274, 94], [328, 94], [328, 118], [274, 118]], '그 뒤에', 0.9944387674331665), ([[334, 60], [384, 60], [384, 128], [334, 128]], '#꿈', 0.015387570930205185), ([[782, 74], [842, 74], [842, 102], [782, 102]], '고마워', 0.5843087133736613), ([[276, 114], [326, 114], [326, 140], [276, 140]], '넣어도', 0.9978889384365077), ([[280, 136], [324, 136], [324, 160], [280, 160]], '되지?', 0.9171174431824964), ([[104, 222], [128, 222], [128, 248], [104, 248]], '아;', 0.9271695088007125), ([[105, 245], [125, 245], [125, 273], [105, 273]], '응', 0.9609277621200841), ([[117, 343], [133, 343], [133, 365], [117, 365]], '응', 0.999645622183639), ([[362, 390], [416, 390], [416, 416], [362, 416]], '가 같이', 0.9983131885528564), ([[370, 408], [410, 408], [410, 432], [370, 432]], '갈까?', 0.9895005796491285), ([[581, 911], [601, 911], [601, 937], [581, 937]], '!', 0.08141866683222165), ([[781.4633436854001, 213.0483902697003], [805.3505237427022, 198.02054818703138], [852.5366563145999, 273.9516097302997], [828.6494762572978, 288.97945181296865]], '6', 0.23370810733866065), ([[555.1299778141514, 205.12892678669957], [595.9391447968477, 219.39881129155387], [586.8700221858486, 243.87107321330043], [546.0608552031523, 229.60118870844613]], '73 ,', 0.21406574547290802)]
[([[728, 46], [752, 46], [752, 72], [728, 72]], '하;', 0.7355275181822511), ([[706, 68], [758, 68], [758, 100], [706, 100]], '활까?', 0.4600767359956804), ([[432, 74], [458, 74], [458, 124], [432, 124]], '응', 0.990683659729271), ([[568, 732], [618, 732], [618, 764], [568, 764]], '53 ', 0.4408266209163355), ([[450, 1066], [484, 1066], [484, 1090], [450, 1090]], '1 #', 0.16666801220836466), ([[590, 1054], [620, 1054], [620, 1084], [590, 1084]], '%', 0.004452711939822385)]
[([[618, 74], [652, 74], [652, 98], [618, 98]], '하악', 0.9902119972768769), ([[800, 68], [838, 68], [838, 94], [800, 94]], '하악', 0.9988538824794054), ([[167, 85], [217, 85], [217, 129], [167, 129]], '넷', 0.042731215534894895), ([[520, 134], [568, 134], [568, 164], [520, 164]], '오빠', 0.9453681450980914), ([[75, 307], [145, 307], [145, 351], [75, 351]], '오빠', 0.9999026421680992), ([[526, 466], [574, 466], [574, 528], [526, 528]], '학', 0.9998064134836113), ([[78, 574], [108, 574], [108, 606], [78, 606]], '7', 0.4557615775877508), ([[127, 511], [289, 511], [289, 693], [127, 693]], '%로', 0.12377720374338855), ([[480, 584], [528, 584], [528, 636], [480, 636]], '17', 0.2639110116148463), ([[544, 586], [604, 586], [604, 638], [544, 638]], '쉬', 0.006409481553624252), ([[377, 825], [487, 825], [487, 941], [377, 941]], '개', 0.01837432558409091), ([[54, 1032], [104, 1032], [104, 1084], [54, 1084]], '#', 0.7714497543531706), ([[90, 1088], [144, 1088], [144, 1136], [90, 1136]], '맑다', 0.022333216563537286), ([[1, 1147], [29, 1147], [29, 1167], [1, 1167]], '10', 0.9999983141264758), ([[505.5070929657935, 662.1017786502927], [577.6948122939637, 619.021965755375], [647.4929070342065, 756.8982213497073], [575.3051877060363, 798.978034244625]], '닿', 0.0208748076746732), ([[224.04707421998674, 819.0413535298475], [364.7380576620235, 868.6137649639948], [330.9529257800133, 955.9586464701525], [190.2619423379765, 907.3862350360052]], '시?', 0.04205449863709487)]
[([[525, 103], [577, 103], [577, 139], [525, 139]], '아아', 0.9992212150900807), ([[716, 98], [760, 98], [760, 130], [716, 130]], '으맛', 0.7426576656557591), ([[524, 136], [554, 136], [554, 166], [524, 166]], '!?', 0.9530489530678626), ([[126, 138], [241, 138], [241, 192], [126, 192]], '?3소,!', 0.11358520344144023), ([[100, 230], [212, 230], [212, 328], [100, 328]], '느', 0.11102893812722314), ([[527.1911248646676, 927.0658616744723], [563.584206237837, 915.0342469783856], [588.8088751353324, 997.9341383255277], [552.415793762163, 1009.9657530216144]], '%', 0.06698779100787888)]
[([[320, 42], [354, 42], [354, 72], [320, 72]], '리', 0.03381267141303135), ([[470, 52], [512, 52], [512, 82], [470, 82]], '흐욕', 0.9451334579710736), ([[115, 53], [135, 53], [135, 99], [115, 99]], '옷', 0.9977840553883119), ([[107, 115], [127, 115], [127, 159], [107, 159]], '옷', 0.9874961315290989), ([[339, 125], [371, 125], [371, 143], [339, 143]], '7<)', 0.010368474698383265), ([[403, 105], [423, 105], [423, 145], [403, 145]], '옷', 0.9965585328177582), ([[455, 125], [471, 125], [471, 149], [455, 149]], '록', 0.23195269912279404), ([[369, 165], [389, 165], [389, 195], [369, 195]], '옷', 0.9999357472250701), ([[131, 179], [151, 179], [151, 225], [131, 225]], '옷', 0.9779537542353864), ([[315, 207], [367, 207], [367, 245], [315, 245]], '5*2', 0.05716610767697045), ([[468, 188], [492, 188], [492, 236], [468, 236]], '옷', 0.9984181227604019), ([[109, 227], [129, 227], [129, 273], [109, 273]], '옷', 0.9876940908771168), ([[402, 210], [458, 210], [458, 258], [402, 258]], '58', 0.17411548671231955), ([[129, 283], [149, 283], [149, 333], [129, 333]], '옷', 0.9974824557980924), ([[98, 346], [122, 346], [122, 376], [98, 376]], '옷', 0.9999264492208262), ([[726, 480], [780, 480], [780, 530], [726, 530]], '1', 0.21796025971315558), ([[544, 590], [602, 590], [602, 638], [544, 638]], "서'", 0.04174732048444051), ([[542, 722], [578, 722], [578, 746], [542, 746]], '아앗', 0.9195826839304866), ([[770, 716], [798, 716], [798, 742], [770, 742]], '양?', 0.9982333243647782), ([[98, 1106], [158, 1106], [158, 1154], [98, 1154]], '사?', 0.05543480859236703), ([[59, 1147], [87, 1147], [87, 1167], [59, 1167]], '12', 0.9999997471189183)]
[([[182, 68], [214, 68], [214, 134], [182, 134]], '앞', 0.09264571464581284), ([[674, 58], [704, 58], [704, 120], [674, 120]], '앗', 0.07984252317157914), ([[134, 120], [166, 120], [166, 186], [134, 186]], '앞', 0.07535395454525329), ([[618, 106], [650, 106], [650, 174], [618, 174]], '앞', 0.08624527138391702), ([[164, 214], [194, 214], [194, 276], [164, 276]], '앞', 0.07041961374214001), ([[632, 202], [664, 202], [664, 278], [632, 278]], '앗', 0.03376825869603195), ([[114, 276], [146, 276], [146, 342], [114, 342]], '앞', 0.4991721402723357), ([[192, 297], [224, 297], [224, 361], [192, 361]], '@', 0.020782776540806402), ([[576, 294], [606, 294], [606, 360], [576, 360]], '년', 0.07839030448373308), ([[684, 270], [716, 270], [716, 338], [684, 338]], '앞', 0.07149705234735482), ([[187, 384], [231, 384], [231, 453], [187, 453]], '(', 0.4220368070041083), ([[573, 383], [612, 383], [612, 452], [573, 452]], '통', 0.0772124984410425), ([[224, 538], [314, 538], [314, 618], [224, 618]], '#;', 0.21373609446346795), ([[338, 508], [482, 508], [482, 670], [338, 670]], '부', 0.032342269624950015), ([[535, 517], [595, 517], [595, 587], [535, 587]], ']', 0.03353024845360353), ([[559, 625], [619, 625], [619, 693], [559, 693]], '#,', 0.7253548525412992), ([[93, 817], [143, 817], [143, 859], [93, 859]], '사씨', 0.33020488475234816), ([[64, 884], [186, 884], [186, 988], [64, 988]], '1족 ', 0.006814538379383239), ([[224, 928], [352, 928], [352, 1030], [224, 1030]], '117', 0.4689239118830575), ([[121, 999], [181, 999], [181, 1039], [121, 1039]], '악물', 0.16112285136906526), ([[460, 1078], [574, 1078], [574, 1180], [460, 1180]], '117', 0.059643264447840426), ([[250.16261532217226, 1046.0351223338498], [331.9326313908724, 1121.8411930043983], [273.83738467782774, 1184.9648776661502], [192.06736860912758, 1110.1588069956017]], '통', 0.005373137439701248)]
[([[347, 249], [617, 249], [617, 577], [347, 577]], '틀', 0.8298486985256801), ([[510, 896], [634, 896], [634, 970], [510, 970]], "'꾸르트토", 0.007463962486589673), ([[597, 973], [681, 973], [681, 1037], [597, 1037]], '꾸특', 0.2237679229056094), ([[57, 1151], [85, 1151], [85, 1169], [57, 1169]], '14', 0.999999915706304), ([[538.9484287718934, 666.0616445610941], [653.3013810467914, 689.5233532368138], [634.0515712281066, 768.9383554389059], [519.6986189532086, 745.4766467631862]], '코7*', 0.007766171914399104)]
[([[105, 99], [125, 99], [125, 125], [105, 125]], '오', 0.9999971389790971), ([[455, 121], [497, 121], [497, 141], [455, 141]], '오빠가', 0.9985814690589905), ([[445, 141], [493, 141], [493, 161], [445, 161]], '만문 밥', 0.5302909723417899), ([[452, 158], [496, 158], [496, 182], [452, 182]], '맛있어', 0.9987751440224353), ([[108, 326], [138, 326], [138, 354], [108, 354]], '응?', 0.9997402167101802), ([[446, 338], [492, 338], [492, 362], [446, 362]], '오빠는', 0.6935674548149109), ([[106, 350], [144, 350], [144, 376], [106, 376]], '어어', 0.9996861047036653), ([[446, 358], [494, 358], [494, 382], [446, 382]], '머리가', 0.9990342340443555), ([[458, 380], [494, 380], [494, 404], [458, 404]], '좋아', 0.9990170241744009), ([[212, 396], [248, 396], [248, 420], [212, 420]], '만년', 0.5797177856132008), ([[247, 387], [306, 387], [306, 424], [247, 424]], '평균접', 0.5049172749356788), ([[196, 416], [296, 416], [296, 444], [196, 444]], '쇼 (학생 시절)', 0.49579416730682274), ([[290, 481], [396, 481], [396, 517], [290, 517]], '학년 수석 >', 0.8791371935565119), ([[452, 578], [484, 578], [484, 606], [452, 606]], '응?', 0.9995071703301815), ([[104, 620], [158, 620], [158, 648], [104, 648]], '그결로', 0.6570489642488032), ([[644, 632], [764, 632], [764, 660], [644, 660]], '나 이뤄제   생활비도', 0.4639310984120512), ([[102, 642], [142, 642], [142, 674], [102, 674]], '충분', 0.9433543976247499), ([[372, 644], [430, 644], [430, 668], [372, 668]], '언제라도', 0.9995400309562683), ([[647, 651], [699, 651], [699, 671], [647, 671]], '태평하게', 0.9946244955062866), ([[719, 655], [763, 655], [763, 675], [719, 675]], '오빠가', 0.9987526418080327), ([[102, 668], [170, 668], [170, 698], [102, 698]], '하달까', 0.9872605800628662), ([[366, 664], [430, 664], [430, 688], [366, 688]], '멋몇할 수', 0.15336959328300984), ([[647, 669], [699, 669], [699, 689], [647, 689]], '학생해도', 0.9969072314817568), ([[708, 674], [764, 674], [764, 698], [708, 698]], '벌어오고', 0.9998084902763367), ([[352, 686], [432, 686], [432, 710], [352, 710]], '있는 인간이', 0.26225318798491704), ([[658, 684], [690, 684], [690, 708], [658, 708]], "'훨까", 0.516311959976979), ([[358, 706], [430, 706], [430, 730], [358, 730]], '되어준다면', 0.7946545107238207), ([[706, 856], [762, 856], [762, 880], [706, 880]], '반공햇년', 0.15239520370960236), ([[550, 864], [636, 864], [636, 894], [550, 894]], '반곧 시절의', 0.5233185066028925), ([[733, 877], [761, 877], [761, 895], [733, 895]], '때도', 0.8983815981827163), ([[574, 888], [610, 888], [610, 914], [574, 914]], '물건', 0.6287886372414376), ([[710, 892], [762, 892], [762, 916], [710, 916]], '있없자', 0.5923724826284856), ([[450, 1038], [494, 1038], [494, 1062], [450, 1062]], '그렇게', 0.8560537826076245), ([[688, 1038], [760, 1038], [760, 1062], [688, 1062]], '난 말이자', 0.9986675212954776), ([[450, 1058], [506, 1058], [506, 1082], [450, 1082]], '느진다면', 0.2955687940120697), ([[684, 1058], [760, 1058], [760, 1082], [684, 1082]], '네가 있어서', 0.7009171240841704), ([[716, 1078], [758, 1078], [758, 1102], [716, 1102]], '열심히', 0.9990318942801022), ([[688, 1096], [748, 1096], [748, 1120], [688, 1120]], '해앗지만', 0.3205791711807251), ([[772, 1146], [802, 1146], [802, 1170], [772, 1170]], '15', 0.9999992413568111)]
[([[530, 342], [558, 342], [558, 378], [530, 378]], '엇', 0.9862186990321256), ([[768, 372], [818, 372], [818, 396], [768, 396]], '갑자기', 0.9959990766720853), ([[754, 394], [834, 394], [834, 418], [754, 418]], '오빠 자지가', 0.9682055097639148), ([[770, 414], [818, 414], [818, 438], [770, 438]], '무친장', 0.6797192885097167), ([[762, 432], [826, 432], [826, 458], [762, 458]], '먹고 싶어', 0.8777146066047247), ([[770, 454], [818, 454], [818, 478], [770, 478]], '젊어요', 0.6207052026139073), ([[50, 1144], [84, 1144], [84, 1170], [50, 1170]], '16', 0.9999993256504904), ([[116, 813], [375, 813], [375, 1189], [116, 1189]], '트', 0.7340075091999552), ([[271.228115598632, 690.0599398312445], [340.96138938356836, 721.3798263270539], [321.771884401368, 763.9400601687555], [251.03861061643167, 732.6201736729461]], '(-0', 0.12422861992376757)]
[([[421, 543], [441, 543], [441, 573], [421, 573]], '(', 0.31272782626917106), ([[729, 631], [743, 631], [743, 657], [729, 657]], '0', 0.6562290137287654), ([[439, 783], [459, 783], [459, 809], [439, 809]], '앗', 0.12863187393325948), ([[78, 802], [122, 802], [122, 832], [78, 832]], '저기', 0.99981118733995), ([[216, 936], [268, 936], [268, 962], [216, 962]], '괜찮아', 0.9958856452031344), ([[381, 935], [431, 935], [431, 955], [381, 955]], '미 미안', 0.9982864856719971), ([[87, 951], [139, 951], [139, 971], [87, 971]], '그 그래', 0.8510164200062188), ([[212, 958], [272, 958], [272, 982], [212, 982]], '언제라도', 0.9998299479484558), ([[383, 955], [439, 955], [439, 973], [383, 973]], '웬지 하기', 0.33767873387938546), ([[706, 944], [762, 944], [762, 974], [706, 974]], '광광은', 0.9824858024409288), ([[381, 971], [435, 971], [435, 991], [381, 991]], '아까워서', 0.9710156321525574), ([[224, 978], [260, 978], [260, 1002], [224, 1002]], '좋아', 0.9979537099129817), ([[700, 1028], [746, 1028], [746, 1052], [700, 1052]], '안해?', 0.9997339253003098), ([[777, 1125], [803, 1125], [803, 1145], [777, 1145]], '17', 0.9999997471189183)]
[([[776, 76], [800, 76], [800, 112], [776, 112]], '호', 0.16319809613119762), ([[430, 58], [532, 58], [532, 220], [430, 220]], '#다', 0.007154460370951494), ([[121, 293], [165, 293], [165, 349], [121, 349]], '~@', 0.0029732507673043843), ([[120, 338], [144, 338], [144, 394], [120, 394]], '국', 0.06945232613254948), ([[160, 310], [357, 310], [357, 463], [160, 463]], '0', 0.595010287843948), ([[243, 466], [285, 466], [285, 527], [243, 527]], '군', 0.008920676664060656), ([[601, 593], [643, 593], [643, 613], [601, 613]], '애액이', 0.90894152206638), ([[786, 592], [810, 592], [810, 618], [786, 618]], '맛,', 0.31629695231041827), ([[603, 611], [651, 611], [651, 631], [603, 631]], '들러붙어', 0.40572894015608135), ([[605, 631], [627, 631], [627, 647], [605, 647]], '그?', 0.5506416337855659), ([[772, 616], [830, 616], [830, 644], [772, 644]], '애액이', 0.9649849093417947), ([[363, 809], [412, 809], [412, 918], [363, 918]], '5', 0.1881085079887237), ([[5, 1153], [33, 1153], [33, 1173], [5, 1173]], '18', 1.0), ([[438.58126086192783, 802.0219781883144], [471.3526042891884, 793.0155715321711], [501.41873913807217, 904.9780218116856], [468.6473957108116, 913.9844284678289]], '}', 0.029756820437065734), ([[205.37567706660542, 886.0656822130455], [231.532396583208, 879.0476189476647], [245.62432293339458, 938.9343177869545], [219.467603416792, 945.9523810523353]], '동', 0.04982166946949551), ([[310.29683744606535, 976.0622896979661], [389.9777646426289, 1002.5788249201922], [376.70316255393465, 1039.937710302034], [297.0222353573711, 1012.4211750798078]], '다니', 0.009913135082826012), ([[254.01941932430907, 1018.0970966215453], [326.8619365099026, 1037.8331352376233], [314.98058067569093, 1077.9029033784545], [242.1380634900974, 1058.1668647623767]], '고~', 0.14289000670377083)]
[([[622, 24], [652, 24], [652, 94], [622, 94]], '육', 0.2704958853833297), ([[610, 332], [744, 332], [744, 432], [610, 432]], '의', 0.004058043801089761), ([[193, 353], [405, 353], [405, 536], [193, 536]], '내', 0.009477643638931887), ([[805, 1115], [833, 1115], [833, 1135], [805, 1135]], '19', 0.9852065200074196)]
[([[790, 82], [826, 82], [826, 108], [790, 108]], '슬슬', 0.8533780357048945), ([[713, 99], [743, 99], [743, 119], [713, 119]], '저기', 0.9999079525237051), ([[774, 102], [842, 102], [842, 130], [774, 130]], '돌아갈게,', 0.9872674305422926), ([[635, 115], [675, 115], [675, 135], [635, 135]], '내일도', 0.9994408824582813), ([[635, 133], [675, 133], [675, 151], [635, 151]], '자지로', 0.9997816886579806), ([[786, 124], [830, 124], [830, 152], [786, 152]], '잘자', 0.9975192115089967), ([[634, 148], [688, 148], [688, 172], [634, 172]], '푹푹하자', 0.2841377854347229), ([[348, 304], [406, 304], [406, 328], [348, 328]], '어 아', 0.48379313198653334), ([[578, 308], [614, 308], [614, 332], [578, 332]], '저기', 0.9998781134898787), ([[349, 327], [367, 327], [367, 353], [349, 353]], '응', 0.9998215516552058), ([[542, 328], [614, 328], [614, 352], [542, 352]], '마지막으로', 0.9960673250839026), ([[522, 348], [616, 348], [616, 372], [522, 372]], '살짝만 만져도', 0.5497896399349785), ([[574, 370], [616, 370], [616, 394], [574, 394]], '훨까?', 0.29175818410106896), ([[640, 402], [668, 402], [668, 432], [640, 432]], '으', 0.5356031548902287), ([[640, 428], [664, 428], [664, 462], [640, 462]], '응', 0.9996739891681763), ([[403, 581], [439, 581], [439, 617], [403, 617]], '하', 0.9969811607679766), ([[424, 610], [456, 610], [456, 646], [424, 646]], '약', 0.5409032282559565), ([[174, 968], [198, 968], [198, 1020], [174, 1020]], '앞', 0.8102185182109203), ([[637, 1017], [677, 1017], [677, 1075], [637, 1075]], '품', 0.01855533038566648), ([[179, 1089], [199, 1089], [199, 1111], [179, 1111]], '양', 0.9921190462969243), ([[155, 1111], [175, 1111], [175, 1133], [155, 1133]], '약', 0.7853352465425623), ([[272, 1118], [366, 1118], [366, 1144], [272, 1144]], '@뉴@최쪽-', 0.0002020325756348393), ([[56, 1146], [86, 1146], [86, 1170], [56, 1170]], '20', 0.9999981455391691), ([[726.8918944820551, 567.1243357210427], [756.497518595105, 539.02481404895], [829.1081055179449, 620.8756642789573], [799.502481404895, 648.97518595105]], '%', 0.05966557465572819), ([[96.65739357167091, 1136.1259148573367], [151.2246073373713, 1120.9872600280926], [158.34260642832908, 1147.8740851426633], [104.77539266262869, 1163.0127399719074]], '잇 잇', 0.07041933783303965)]
