902907
22
[([[473, 211], [585, 211], [585, 303], [473, 303]], '$', 0.18865434238711032), ([[649, 238], [752, 238], [752, 264], [649, 264]], '5,*|-"아-*갚7', 9.537613538270797e-06), ([[628, 260], [712, 260], [712, 284], [628, 284]], "'+서것 <어값-", 9.120607214996829e-05), ([[563, 291], [617, 291], [617, 307], [563, 307]], ', "먼+령', 0.0005295309856026524), ([[525, 1085], [835, 1085], [835, 1175], [525, 1175]], '매롭다요', 0.2126609832048416), ([[588.2931816306534, 182.2811361198494], [828.1594889510092, 123.90871424440279], [846.7068183693466, 212.7188638801506], [606.8405110489908, 271.0912857555972]], '미아+~걸', 9.876475403014178e-05), ([[575.2191311905569, 254.3753049524456], [619.9156440301913, 249.5980099379648], [621.7808688094431, 263.62469504755444], [577.0843559698087, 268.4019900620352]], '@5미+썩', 0.009208163464966427), ([[560.6546544120074, 272.5201198532081], [616.8364224257425, 268.2078177771307], [618.3453455879926, 286.4798801467919], [562.1635775742575, 291.7921822228693]], '어*97리', 0.009895505825713878), ([[605.9848631198661, 279.05165857468734], [782.590177080589, 309.16653858982596], [764.0151368801339, 396.94834142531266], [587.409822919411, 366.83346141017404]], '|18', 0.22912518446901717), ([[598.0513167019495, 356.1539501058485], [640.7898821605218, 364.8970233318867], [635.9486832980505, 391.8460498941515], [592.2101178394782, 384.1029766681133]], ':아대', 0.003309260266575909), ([[639.1535010280254, 362.1219034952862], [706.8972643766976, 372.2216304659618], [701.8464989719746, 401.8780965047138], [634.1027356233024, 391.7783695340382]], '장튜>+', 0.0011453015031293035), ([[704.1970684086417, 371.1094462711102], [763.9435833694733, 385.42093441912], [756.8029315913583, 412.8905537288898], [697.0564166305267, 398.57906558088]], '0미즐', 0.0019010313027786664)]
[([[131, 145], [171, 145], [171, 191], [131, 191]], '4', 0.9798913755822127), ([[361, 57], [523, 57], [523, 215], [361, 215]], '가숙)', 0.13755094563015888), ([[119, 181], [185, 181], [185, 294], [119, 294]], '{', 0.014335635838883753), ([[244, 368], [274, 368], [274, 410], [244, 410]], '벼', 0.8023215883509351), ([[110, 554], [143, 554], [143, 612], [110, 612]], '숫', 0.01114198027201696), ([[223, 799], [241, 799], [241, 827], [223, 827]], '뭐', 0.999985694936413), ([[111, 855], [159, 855], [159, 893], [111, 893]], '뭐야', 0.4706805940887918), ([[137, 893], [151, 893], [151, 915], [137, 915]], '2', 0.4200303118275919)]
[([[642, 178], [698, 178], [698, 208], [642, 208]], '아?', 0.9984184267556321), ([[385, 291], [403, 291], [403, 327], [385, 327]], ';', 0.128776104744194), ([[743, 375], [787, 375], [787, 411], [743, 411]], '힘이', 0.9957786572410671), ([[326, 586], [386, 586], [386, 618], [326, 618]], '안 들어', 0.830135451986579), ([[704, 802], [738, 802], [738, 828], [704, 828]], '#7', 0.7363612418978136)]
[([[484, 486], [540, 486], [540, 518], [484, 518]], '민가가', 0.7693155164937923), ([[492, 514], [532, 514], [532, 544], [492, 544]], '올라', 0.9976170067235111), ([[478, 540], [544, 540], [544, 572], [478, 572]], '탓어"?', 0.9615365266799927), ([[68, 820], [150, 820], [150, 852], [68, 852]], '버. 벌레?!', 0.3591373118855265), ([[652, 992], [682, 992], [682, 1030], [652, 1030]], '2', 0.3452935751746544)]
[([[351, 701], [397, 701], [397, 737], [351, 737]], '안에', 0.9938551391099056), ([[547, 627], [609, 627], [609, 735], [547, 735]], '제', 0.43925882294417207), ([[277, 691], [313, 691], [313, 777], [277, 777]], '업', 0.08543628511587542), ([[333, 733], [415, 733], [415, 771], [333, 771]], '들어오고', 0.9969771504402161), ([[353, 763], [415, 763], [415, 805], [353, 805]], '있어?', 0.9533217126842384), ([[587.1626153221722, 779.0351223338498], [660.6697212383232, 764.3629574811747], [686.8373846778278, 917.9648776661502], [614.3302787616768, 931.6370425188253]], '활', 0.013557183553772667)]
[([[446, 434], [526, 434], [526, 532], [446, 532]], '도', 0.15472617253294718), ([[90, 880], [146, 880], [146, 1078], [90, 1078]], '부', 0.785526787620384), ([[731.5244746689496, 614.0125712431459], [797.6820270755552, 606.1585756284918], [821.4755253310504, 820.9874287568541], [755.3179729244448, 828.8414243715082]], '#', 0.013653467150565035), ([[559.3798263270539, 1030.0386106164317], [598.56370559513, 1034.7072836546658], [589.6201736729461, 1119.9613893835683], [550.43629440487, 1115.2927163453342]], '튿', 0.002277497790064198)]
[([[678, 112], [732, 112], [732, 190], [678, 190]], '때', 0.08004890519306773), ([[621, 471], [663, 471], [663, 511], [621, 511]], '#7', 0.6246271389904875), ([[556, 624], [586, 624], [586, 654], [556, 654]], '71', 0.4763634799681949), ([[226, 612], [302, 612], [302, 704], [226, 704]], ']', 0.012016437664126522), ([[313, 719], [331, 719], [331, 745], [313, 745]], '6', 0.9849390173031338), ([[477, 917], [631, 917], [631, 1049], [477, 1049]], '4"3', 0.051554783286290075), ([[35, 1031], [75, 1031], [75, 1069], [35, 1069]], '', 0.0), ([[388, 1046], [412, 1046], [412, 1070], [388, 1070]], '7', 0.8651166563752533), ([[110, 1045], [136, 1045], [136, 1126], [110, 1126]], '8', 0.16461841219153062), ([[318, 1114], [356, 1114], [356, 1140], [318, 1140]], '*<', 0.05732178300825114)]
[([[318, 206], [348, 206], [348, 240], [318, 240]], '뭐,', 0.5710788743505818), ([[303, 237], [369, 237], [369, 273], [303, 273]], '원가가', 0.1567802560841885), ([[226, 340], [268, 340], [268, 436], [226, 436]], '', 0.0), ([[723, 661], [777, 661], [777, 699], [723, 699]], '설마', 0.999456264667325), ([[740, 694], [770, 694], [770, 726], [740, 726]], '희', 0.6098827316493249), ([[112, 874], [190, 874], [190, 1024], [112, 1024]], '꽉', 0.006638590372107844), ([[342, 721], [466, 721], [466, 1027], [342, 1027]], '"', 0.15856338662271074), ([[342.431145444232, 544.0270271644363], [386.4370655349902, 562.9611326540474], [344.568854555768, 660.9729728355637], [299.5629344650098, 642.0388673459526]], '꼭', 0.04418606210681819)]
[([[233, 281], [299, 281], [299, 357], [233, 357]], '값', 0.4394234117494875), ([[348, 532], [502, 532], [502, 654], [348, 654]], '#대', 0.3117557012953211), ([[679, 713], [765, 713], [765, 837], [679, 837]], '새', 0.05599275205927157)]
[([[381, 147], [495, 147], [495, 189], [381, 189]], '배 뱃속 대', 0.4373691257100088), ([[390, 180], [444, 180], [444, 210], [390, 210]], '에"?', 0.9937203924370597), ([[239, 213], [259, 213], [259, 235], [239, 235]], '17', 0.3258765728011001), ([[40, 458], [143, 458], [143, 570], [40, 570]], '태', 0.13017263862381245), ([[21, 615], [111, 615], [111, 699], [21, 699]], '세 $', 0.274370014667511), ([[125, 621], [167, 621], [167, 667], [125, 667]], '3', 0.30591880760211154), ([[64, 784], [124, 784], [124, 840], [64, 840]], '{', 0.049375670443005726), ([[497, 1075], [513, 1075], [513, 1105], [497, 1105]], ';', 0.009678493810338973)]
[([[139, 453], [183, 453], [183, 527], [139, 527]], '꼴', 0.019572543372917472), ([[135, 807], [177, 807], [177, 863], [135, 863]], '굶', 0.05515935399477123), ([[564, 934], [592, 934], [592, 980], [564, 980]], '[', 0.835614209502765), ([[599.0685071343347, 486.23016355523606], [628.8699950526355, 491.2906915317589], [625.9314928656653, 508.76983644476394], [596.1300049473645, 503.7093084682411]], '나(', 0.11206553806693371)]
[([[598, 590], [642, 590], [642, 620], [598, 620]], '40', 0.6735246148600521), ([[77.86401127970703, 315.0497285886601], [204.7646320743543, 348.4688670098185], [174.13598872029297, 454.9502714113399], [47.235367925645704, 422.5311329901815]], '7사', 0.060940339328216526), ([[643.8461538461538, 415.2307692307692], [666.5883484054145, 402.05825797292727], [689.1538461538462, 444.7692307692308], [666.4116515945855, 457.94174202707273]], '%', 0.045094311778570706), ([[540.6410209206912, 680.066654393797], [554.2900073952828, 676.0429755955665], [563.3589790793088, 707.933345606203], [548.7099926047172, 710.9570244044335]], '담', 0.06261350893169393), ([[82.21553545944727, 936.0776772972363], [138.96102631535214, 960.4429806744037], [124.78446454055273, 993.9223227027637], [67.03897368464786, 970.5570193255963]], '새-~', 0.01272451308414631)]
[([[230, 86], [260, 86], [260, 124], [230, 124]], '#', 0.061695306724517174), ([[592, 440], [616, 440], [616, 476], [592, 476]], '0', 0.9991052960766957), ([[68, 718], [96, 718], [96, 752], [68, 752]], '#7', 0.5578331211196182), ([[662, 918], [714, 918], [714, 988], [662, 988]], '각', 0.9960979216266743), ([[418, 1010], [442, 1010], [442, 1040], [418, 1040]], '1', 0.4867803326761191), ([[142, 993], [196, 993], [196, 1127], [142, 1127]], '푹', 0.11916921425134674)]
[([[369, 85], [413, 85], [413, 139], [369, 139]], '섬', 0.02314528481265321), ([[372, 200], [398, 200], [398, 248], [372, 248]], '칙', 0.019224578706717788), ([[331.30513841808187, 35.0815813559439], [354.53665631459995, 29.048390269700278], [369.69486158191813, 82.9184186440561], [346.46334368540005, 89.95160973029972]], '돌', 0.09828549332814873), ([[349.0220279500418, 155.16388105512118], [371.56654218095036, 143.05398065905806], [393.9779720499582, 189.83611894487882], [371.43345781904964, 200.94601934094194]], '@', 0.10517297780460044), ([[308.228115598632, 680.0599398312445], [366.9980721032636, 717.8611646637983], [343.771884401368, 753.9400601687555], [285.0019278967364, 716.1388353362017]], '사{', 0.037260444056051334)]
[([[709.6860112331397, 94.01234266087398], [742.7001550602214, 100.37929940878789], [717.3139887668603, 228.987657339126], [685.2998449397786, 222.6207005912121]], '류', 0.59095211262958)]
[([[619, 169], [663, 169], [663, 213], [619, 213]], '히', 0.07247995105374017), ([[680, 182], [712, 182], [712, 218], [680, 218]], '#', 0.3899891284123811), ([[381, 849], [505, 849], [505, 869], [381, 869]], "토 < 315161 '모", 0.05842596110363243), ([[81, 1033], [333, 1033], [333, 1057], [81, 1057]], '못다묶기] 나 + > 저:-+0디++;', 0.0062312598581734545), ([[82, 1058], [366, 1058], [366, 1082], [82, 1082]], '##니36+310<*15 =-)(', 0.006052467389959693), ([[749.2397140787303, 209.05814151174692], [787.7855752436757, 197.06209846832442], [810.7602859212697, 283.9418584882531], [772.2144247563243, 294.93790153167555]], '세', 0.2636008162429704)]
[([[337, 49], [425, 49], [425, 161], [337, 161]], '51', 0.09337270313157718), ([[533, 751], [679, 751], [679, 787], [533, 787]], '7116 #홀손', 0.03731311568851921), ([[506, 788], [756, 788], [756, 818], [506, 818]], '#력도   ((/*)  @초소님', 0.004513658375567303), ([[706.2017718737147, 584.0265781057207], [810.8259732788465, 681.9637397003311], [741.7982281262853, 757.9734218942793], [636.1740267211535, 660.0362602996689]], '새', 0.2758288515885887)]
[([[802, 184], [830, 184], [830, 222], [802, 222]], '#', 0.9748013825266213), ([[768.9819816180111, 126.78017977981217], [787.6795404839809, 110.07797591888242], [816.0180183819889, 142.21982022018784], [797.3204595160191, 158.9220240811176]], '꽃', 0.8647066761770681), ([[561.2066403493261, 787.0350359473848], [627.168241172265, 773.2650855631612], [653.7933596506739, 917.9649640526152], [587.831758827735, 931.7349144368388]], '%', 0.044290109240568976), ([[532.1385883402016, 960.0413187380975], [592.5757413889901, 934.0184343317546], [648.8614116597984, 1081.9586812619025], [588.4242586110099, 1107.9815656682454]], '꿀', 0.5151151137112073)]
[([[308, 106], [538, 106], [538, 154], [308, 154]], '묘어-7--:이7', 0.0076541046253190415), ([[124, 276], [426, 276], [426, 302], [124, 302]], "832<::3 ') + 5 52눈0*3", 0.004067670814662064), ([[434, 278], [606, 278], [606, 302], [434, 302]], '+현촌 $ 6농#내풍3', 0.0004276706279735634), ([[109, 325], [161, 325], [161, 345], [109, 345]], '* #]+', 0.07263888556184632), ([[157, 320], [594, 320], [594, 348], [157, 348]], "<물히# 소<1다+) * (+튜규-편멈( 샌고뜻# (('디3#.", 7.817720167025295e-05), ([[124, 345], [507, 345], [507, 369], [124, 369]], '넓구처0구촌흩03+21}0한01*27:2777', 0.0021519424481042802), ([[124, 390], [739, 390], [739, 416], [124, 416]], '\'볶집0름묶습0;/(논+ +<+?+7@트*시0춘숲속(((=<숲{하0+",', 5.5958883825358505e-06), ([[124, 414], [377, 414], [377, 438], [124, 438]], '특금##트+ 초50"*병 카논', 0.002533452276256117), ([[384, 414], [524, 414], [524, 438], [384, 438]], '#늘(하3*단스', 0.01201246903571083), ([[122, 436], [396, 436], [396, 460], [122, 460]], '1버-스#심07*]+< 숲시손풍 (.', 0.0006818212574627371), ([[404, 436], [606, 436], [606, 462], [404, 462]], '그다 불_하(<831502', 0.003680077755358731), ([[124, 482], [474, 482], [474, 506], [124, 506]], ':   " # < 0+ 하{름 5+ ## 50+ *3', 0.01806559374983475), ([[124, 504], [638, 504], [638, 528], [124, 528]], '{불미늄 0*만+* 톤우-0+5눈속#5,+::[-{미그 ## < + * 7화 ?', 6.612170938245585e-05)]
[([[448, 672], [648, 672], [648, 726], [448, 726]], ', 마아+.-', 0.0022027989372586203), ([[450, 750], [570, 750], [570, 774], [450, 774]], '2014 / 08 /17', 0.822420465525702), ([[450, 778], [656, 778], [656, 804], [450, 804]], '그= "/2-5" +86', 0.21569443887568263), ([[465, 837], [525, 837], [525, 873], [465, 873]], '쫓다7', 0.005038562583547845), ([[450, 878], [640, 878], [640, 906], [450, 906]], '룹++권://|3-이|하,번]쑤마9', 1.5254568586574043e-05), ([[450, 906], [652, 906], [652, 936], [450, 936]], '*카훨나@|히-이이히,-번흔.어*9', 1.8896059407836452e-05), ([[466, 968], [524, 968], [524, 1000], [466, 1000]], '티]권]', 0.008293472230434418), ([[452, 1006], [576, 1006], [576, 1034], [452, 1034]], '(풍+비"앗#*', 0.0019678618993404476), ([[450, 1061], [576, 1061], [576, 1089], [450, 1089]], '7"77-+,', 0.27117645855710354), ([[586, 1062], [772, 1062], [772, 1092], [586, 1092]], '#물   ###주축춤-', 0.014234653971070788)]
[]
[([[256, 66], [936, 66], [936, 194], [256, 194]], '[어-7--즈가', 0.004969527782677334), ([[267, 571], [776, 571], [776, 635], [267, 635]], '번역있다고 하기도 민망한 텍스트랑', 0.5029101611678789), ([[266, 626], [927, 626], [927, 689], [266, 689]], '작업시작하고 끝내는데 정확히 3분 30초 결림', 0.5111711486594226), ([[267, 735], [645, 735], [645, 797], [267, 797]], '날로먹는 번역 감사합니다', 0.5437020064275419), ([[882, 1164], [1050, 1164], [1050, 1218], [882, 1218]], '2016.2,8', 0.8375394300666807)]
