907821
21
[([[500, 30], [676, 30], [676, 86], [500, 86]], '뒤덮어라', 0.9811602234840393), ([[793, 825], [967, 825], [967, 869], [793, 869]], '뭐야 이거.', 0.44552838865667016), ([[791, 867], [973, 867], [973, 911], [791, 911]], '기분나쁘게', 0.9365618627984006), ([[792, 906], [970, 906], [970, 954], [792, 954]], '끈적거려 !', 0.9707838436422804), ([[735.297514423637, 1142.0247048156457], [795.4540766091865, 1103.010314597897], [916.702485576363, 1303.9752951843543], [856.5459233908135, 1342.989685402103]], '7', 0.29108443028695774)]
[([[245, 83], [325, 83], [325, 127], [245, 127]], '싫어_', 0.5318910479545593), ([[714, 788], [904, 788], [904, 836], [714, 836]], '기분 나쁘게', 0.3233528583220543), ([[714, 830], [902, 830], [902, 878], [714, 878]], '온몸올 흙고', 0.5143172228889459), ([[6, 832], [104, 832], [104, 932], [6, 932]], '#', 0.03533129148873915), ([[751, 873], [869, 873], [869, 917], [751, 917]], '있어 !', 0.657526433467865)]
[([[410, 42], [458, 42], [458, 94], [410, 94]], '2', 0.8331826469511725), ([[684, 548], [926, 548], [926, 596], [684, 596]], '언니 그게 원지', 0.5706782350112969), ([[682, 590], [926, 590], [926, 638], [682, 638]], '궁금하지 않아?', 0.991065024485539), ([[759, 1029], [909, 1029], [909, 1073], [759, 1073]], '그아이의', 0.9998893737792969), ([[780, 1070], [892, 1070], [892, 1118], [780, 1118]], '이름은', 0.9980493958308302), ([[731, 1111], [960, 1111], [960, 1159], [731, 1159]], "'포식자 갈로아", 0.9380780278860725), ([[712, 1262], [812, 1262], [812, 1362], [712, 1362]], '갈들', 0.04237204869426197), ([[532.287953291017, 1020.028211466813], [622.7921001565663, 1104.0767280907512], [567.712046708983, 1163.971788533187], [477.20789984343367, 1079.9232719092488]], '자훨', 0.005998561617542948)]
[([[846, 118], [970, 118], [970, 172], [846, 172]], '아안돼', 0.7783709589166292), ([[167, 145], [235, 145], [235, 211], [167, 211]], '꽉', 0.5103022880513244), ([[846, 162], [950, 162], [950, 212], [846, 212]], '오지마', 0.9990386383084712), ([[25, 951], [113, 951], [113, 1019], [25, 1019]], '너당장', 0.3298550051165932), ([[23, 1009], [155, 1009], [155, 1077], [23, 1077]], '이거워어내', 0.03928313087417663), ([[23, 1071], [173, 1071], [173, 1139], [23, 1139]], '그기 @@편', 0.08853654236163337), ([[424, 1236], [560, 1236], [560, 1356], [424, 1356]], '#질터', 0.0014870852432172415), ([[684, 1342], [824, 1342], [824, 1390], [684, 1390]], '어쩌건데에~?', 0.18607408458756755)]
[([[774, 166], [872, 166], [872, 240], [774, 240]], '(꼬뒤', 0.20254385471343994), ([[771, 225], [933, 225], [933, 306], [771, 306]], '#국;히', 0.0038749936502426863), ([[14, 432], [132, 432], [132, 488], [14, 488]], '뛰야 이거', 0.9141839600031363), ([[288, 978], [366, 978], [366, 1010], [288, 1010]], '단으려', 0.5194411067414576), ([[288, 1004], [374, 1004], [374, 1036], [288, 1036]], '합 수록.', 0.7079715306303064), ([[280, 1030], [380, 1030], [380, 1062], [280, 1062]], '안쪽으로', 0.9393863081932068)]
[([[842, 68], [936, 68], [936, 116], [842, 116]], '몸안에', 0.9788185489437771), ([[838, 106], [962, 106], [962, 154], [838, 154]], '이상한게', 0.9610449075698853), ([[840, 142], [964, 142], [964, 190], [840, 190]], '꿈들대서.', 0.629628288155567), ([[839, 182], [939, 182], [939, 222], [839, 222]], '머리가', 0.9986892643765665), ([[613, 369], [673, 369], [673, 435], [613, 435]], '젖', 0.0985009716513554), ([[6, 490], [124, 490], [124, 542], [6, 542]], '아; 안돼 ,', 0.4305186677328955), ([[111, 753], [187, 753], [187, 821], [111, 821]], '까햇', 0.164299515236084), ([[53, 809], [301, 809], [301, 877], [53, 877]], '언니가 마음예 들지?', 0.47495353645400834), ([[901, 1121], [971, 1121], [971, 1185], [901, 1185]], '양', 0.05148141069199497), ([[764, 1280], [948, 1280], [948, 1332], [764, 1332]], '그여자의 질칙한', 0.44323615415512674), ([[764, 1320], [892, 1320], [892, 1372], [764, 1372]], '속울 더욱더', 0.6138556349095058), ([[380, 1340], [430, 1340], [430, 1396], [380, 1396]], '권', 0.056604728647076996), ([[762, 1362], [970, 1362], [970, 1414], [762, 1414]], '함고 괴롭히논거야', 0.48563333940747455)]
[([[13, 145], [195, 145], [195, 233], [13, 233]], '@끼?언니도', 0.15416888622540684), ([[13, 225], [205, 225], [205, 309], [13, 309]], '아하다 에기', 0.173199632267902), ([[18, 302], [134, 302], [134, 382], [18, 382]], '더혜켓', 0.1417124595585349), ([[12, 592], [186, 592], [186, 666], [12, 666]], '웨너무기본에', 0.14607496587569413), ([[10, 654], [138, 654], [138, 728], [10, 728]], '좋매백', 0.06556818236884857), ([[467, 687], [609, 687], [609, 731], [467, 731]], '웃기지마 !', 0.3583829037560563), ([[9, 717], [229, 717], [229, 785], [9, 785]], '기뻐리가리도한거?', 0.06046892797465976), ([[468, 722], [589, 722], [589, 767], [468, 767]], '누가 이딴', 0.6903698660269718), ([[467, 759], [643, 759], [643, 803], [467, 803]], '더러운 걸로 !', 0.48251151221011646), ([[670, 960], [750, 960], [750, 1034], [670, 1034]], '우움', 0.8835210235236761), ([[6, 1240], [120, 1240], [120, 1296], [6, 1296]], '어머어머', 0.9833229780197144), ([[774, 1208], [976, 1208], [976, 1288], [774, 1288]], '자집심올 세우', 0.02286179948334582), ([[6, 1286], [126, 1286], [126, 1336], [6, 1336]], '그 아이는', 0.35227063094114097), ([[773, 1277], [979, 1277], [979, 1361], [773, 1361]], '#울수록더더욱', 0.0645742407415934), ([[4, 1330], [144, 1330], [144, 1384], [4, 1384]], '비하하는결', 0.4320967970647209), ([[3, 1372], [174, 1372], [174, 1432], [3, 1432]], '십어한답니다', 0.7971824123866752), ([[776, 1350], [944, 1350], [944, 1428], [776, 1428]], '날얘개 리결?', 0.012107395827422153)]
[([[199, 191], [291, 191], [291, 283], [199, 283]], '질', 0.01837212801910937), ([[811, 233], [901, 233], [901, 327], [811, 327]], '꿀', 0.3164047077316958), ([[504, 608], [604, 608], [604, 656], [504, 656]], '(기분이,', 0.6787460410150405), ([[506, 650], [630, 650], [630, 700], [506, 700]], '이상해  )', 0.2814221350633667), ([[341, 873], [355, 873], [355, 895], [341, 895]], '0', 0.9993556584081631), ([[38, 1206], [190, 1206], [190, 1262], [38, 1262]], '(싫어 이런거;', 0.4947836137764909), ([[37, 1253], [171, 1253], [171, 1313], [37, 1313]], '자구 안쪽올', 0.3029132130389626), ([[37, 1301], [169, 1301], [169, 1361], [37, 1361]], '자극해서 )', 0.438970575547148)]
[([[415, 77], [493, 77], [493, 113], [415, 113]], '언니이~', 0.9902063608169556), ([[817, 75], [935, 75], [935, 111], [817, 111]], '이참에 솔직해', 0.6898493677991001), ([[158, 116], [186, 116], [186, 152], [158, 152]], '%', 0.7577913647796919), ([[413, 105], [523, 105], [523, 143], [413, 143]], '너무 참논계', 0.422820522181805), ([[816, 104], [928, 104], [928, 136], [816, 136]], '지논계 어때?', 0.6235617294835083), ([[415, 136], [511, 136], [511, 172], [415, 172]], '보이는컵?', 0.1547780672663631), ([[818, 132], [956, 132], [956, 162], [818, 162]], '기왕 이렇계 된거', 0.28398102947468756), ([[413, 165], [543, 165], [543, 201], [413, 201]], '포기해 귀족의', 0.3694361861214263), ([[816, 158], [950, 158], [950, 190], [816, 190]], '가버리고 싶다고', 0.9970640238666696), ([[413, 195], [561, 195], [561, 233], [413, 233]], '자공심이고 뭐고', 0.662314827743729), ([[818, 186], [878, 186], [878, 218], [818, 218]], '말이야', 0.9993825230224571), ([[413, 223], [497, 223], [497, 261], [413, 261]], '버리라구', 0.9987137913703918), ([[750, 414], [828, 414], [828, 488], [750, 488]], '고씨', 0.0010396249986121147), ([[227, 501], [273, 501], [273, 543], [227, 543]], '입 ', 0.04799920278966784), ([[381, 951], [435, 951], [435, 989], [381, 989]], '절대 .', 0.41217756271362305), ([[379, 981], [479, 981], [479, 1021], [379, 1021]], '포기안해,', 0.9774867712506398), ([[381, 1015], [513, 1015], [513, 1053], [381, 1053]], '이까짓꺼 , !', 0.3801282886035049), ([[592, 1234], [696, 1234], [696, 1286], [592, 1286]], '흐응  슬슬', 0.519096998904144), ([[36, 1288], [178, 1288], [178, 1342], [36, 1342]], '계국너석플안다', 0.3181126726963847), ([[590, 1278], [740, 1278], [740, 1332], [590, 1332]], '떼가 되올텔데?', 0.10595456673537292), ([[38, 1332], [148, 1332], [148, 1386], [38, 1386]], '당안 고통올', 0.524735343599647), ([[36, 1374], [126, 1374], [126, 1430], [36, 1430]], '생각하다 .', 0.4940393721658553), ([[167.34478822279527, 53.35853409014958], [193.56568542494924, 29.040202025355335], [240.65521177720473, 82.64146590985042], [214.43431457505076, 106.95979797464467]], '물', 0.012195381079697976)]
[([[300, 536], [348, 536], [348, 562], [300, 562]], '뛰야', 0.4177117982810713), ([[372, 536], [420, 536], [420, 566], [372, 566]], '몸에.', 0.9525022506713867), ([[300, 560], [366, 560], [366, 586], [300, 586]], '힘이..', 0.6925613880157471), ([[0, 1025], [63, 1025], [63, 1095], [0, 1095]], '결', 0.027435586613006047), ([[743, 1203], [929, 1203], [929, 1247], [743, 1247]], '그래 이제야 반응이', 0.69610029762161), ([[741, 1237], [861, 1237], [861, 1279], [741, 1279]], '오나보구나]', 0.737191652362016), ([[739, 1271], [921, 1271], [921, 1315], [739, 1315]], '어때? 힘이 하나도', 0.993544216625772), ([[741, 1305], [867, 1305], [867, 1349], [741, 1349]], '안들어가지?', 0.9996222794669037)]
[([[7, 69], [101, 69], [101, 131], [7, 131]], '사실팔야', 0.12063276767730713), ([[8, 130], [162, 130], [162, 182], [8, 182]], '그 아이 에제', 0.7726651224550275), ([[592, 108], [622, 108], [622, 166], [592, 166]], '봄', 0.14630426104148686), ([[1, 175], [117, 175], [117, 237], [1, 237]], '다른장치루', 0.2195517165175924), ([[1, 229], [159, 229], [159, 291], [1, 291]], '하나다해#거든', 0.0992575881492421), ([[876, 314], [966, 314], [966, 346], [876, 346]], '자; 히', 0.3200627420856693), ([[873, 341], [969, 341], [969, 377], [873, 377]], '(장치.,?)', 0.6355262084907056), ([[801, 1314], [953, 1314], [953, 1376], [801, 1376]], '곧 일계되거아', 0.19147373125209916)]
[([[885, 891], [953, 891], [953, 959], [885, 959]], '술국', 0.15098671922897586)]
[([[41, 99], [83, 99], [83, 135], [41, 135]], '뛰야', 0.11495917827556601), ([[41, 129], [141, 129], [141, 167], [41, 167]], '대체 입안다', 0.47537047409778205), ([[45, 165], [61, 165], [61, 195], [45, 195]], '월', 0.059125848092166144), ([[876, 214], [938, 214], [938, 246], [876, 246]], '아아', 0.9986096058662894), ([[454, 218], [486, 218], [486, 272], [454, 272]], '국', 0.08396087113497064), ([[370, 422], [440, 422], [440, 478], [370, 478]], '하아', 0.9851094938324149), ([[456, 498], [510, 498], [510, 562], [456, 562]], '?름', 0.010694133304294485), ([[699, 619], [781, 619], [781, 679], [699, 679]], '(아아', 0.9474837999160101), ([[683, 671], [873, 671], [873, 733], [683, 733]], '아아 좋아 )', 0.5087456432680945), ([[502, 1312], [712, 1312], [712, 1448], [502, 1448]], '5', 0.08316561820550206)]
[([[316, 70], [388, 70], [388, 124], [316, 124]], "'좋아?", 0.6197106242179871), ([[314, 114], [444, 114], [444, 168], [314, 168]], '아니마이관계', 0.4406350831551966), ([[314, 160], [444, 160], [444, 216], [314, 216]], '좋올리가 %어', 0.22627968676406462), ([[516, 158], [660, 158], [660, 214], [516, 214]], '온몸예서 타고', 0.5140184321590201), ([[514, 206], [660, 206], [660, 260], [514, 260]], '느껴지논 기분', 0.588342220410562), ([[27, 847], [115, 847], [115, 891], [27, 891]], '하지만', 0.9994913967725267), ([[480, 864], [558, 864], [558, 952], [480, 952]], '단', 0.006312738785990091), ([[250, 1250], [322, 1250], [322, 1346], [250, 1346]], '척', 0.08097825789435209), ([[582, 1342], [656, 1342], [656, 1414], [582, 1414]], '컬퍽', 0.007544540422659368)]
[([[265, 141], [331, 141], [331, 205], [265, 205]], '하', 0.9710883830474906), ([[112, 234], [222, 234], [222, 288], [112, 288]], '나빠,?', 0.8893036246299744), ([[917, 261], [977, 261], [977, 323], [917, 323]], '원', 0.05535609976685252), ([[293, 357], [357, 357], [357, 421], [293, 421]], '용', 0.27624434952514676), ([[746, 570], [882, 570], [882, 624], [746, 624]], '아니 아니이', 0.45290099366061093), ([[734, 648], [904, 648], [904, 704], [734, 704]], '기분 나쁘지않이', 0.14446641165324503), ([[19, 1183], [139, 1183], [139, 1251], [19, 1251]], '이곳되 말으', 0.018212949596971385), ([[21, 1239], [177, 1239], [177, 1307], [21, 1307]], '아니라고하', 0.10063822114271738), ([[22, 1296], [204, 1296], [204, 1368], [22, 1368]], '백 얼굴으씨핑계', 0.010240212078667483), ([[42, 1354], [172, 1354], [172, 1426], [42, 1426]], '[떼 _잡바?', 0.0023860034044658504), ([[29.642229123600035, 1360.0322601798002], [50.880314434046056, 1362.204158554546], [44.35777087639997, 1418.9677398201998], [24.11968556595394, 1416.795841445454]], '항', 0.18535416632057267)]
[([[140, 70], [204, 70], [204, 122], [140, 122]], '아', 0.184443817619254), ([[591, 173], [629, 173], [629, 231], [591, 231]], '"', 0.336245398263916), ([[866, 160], [980, 160], [980, 214], [866, 214]], '이런개  히', 0.02087647183365649), ([[45, 605], [131, 605], [131, 643], [45, 643]], '정말이야,?', 0.7085450486824547), ([[47, 637], [131, 637], [131, 675], [47, 675]], '내가 이런계', 0.6598447735676851), ([[45, 669], [149, 669], [149, 707], [45, 707]], '기분이 좋아서 ,', 0.5938037964731029), ([[833, 1155], [969, 1155], [969, 1197], [833, 1197]], '결국 언니도', 0.9996052315456532), ([[297, 1179], [399, 1179], [399, 1241], [297, 1241]], '기뻐 얘', 0.037928163281448796), ([[799, 1189], [991, 1189], [991, 1233], [799, 1233]], '본능에 중실합 수', 0.41999132875461137), ([[299, 1233], [403, 1233], [403, 1295], [299, 1295]], '#말-째', 0.05539705231785774), ([[801, 1225], [993, 1225], [993, 1269], [801, 1269]], '밖에 없는 발정난', 0.539673636207347), ([[834, 1260], [960, 1260], [960, 1308], [834, 1308]], '암컷이라결', 0.17532394361162967), ([[28, 1348], [60, 1348], [60, 1396], [28, 1396]], '', 0.0), ([[756.5137993254474, 709.0197317030032], [799.3766143691396, 691.0118315306801], [861.4862006745526, 843.9802682969968], [819.6233856308604, 861.9881684693199]], '국', 0.6856287292299044)]
[([[97, 243], [167, 243], [167, 311], [97, 311]], '하양', 0.5409369712379131), ([[622, 256], [648, 256], [648, 284], [622, 284]], '꽃', 0.6625813646686005), ([[346, 536], [484, 536], [484, 586], [346, 586]], '아아,언니', 0.6471125781327433), ([[348, 580], [446, 580], [446, 628], [348, 628]], '그 표정,', 0.6025114687199926), ([[499, 1243], [613, 1243], [613, 1309], [499, 1309]], '나도같이', 0.7609155178070068), ([[467, 1299], [651, 1299], [651, 1367], [467, 1367]], '기뻐증휘만 같 ', 0.0135530186067317)]
[([[48, 272], [138, 272], [138, 326], [48, 326]], '륙 |', 0.13671037476824416), ([[407, 377], [499, 377], [499, 421], [407, 421]], '1아이도', 0.6890228390693665), ([[376, 414], [550, 414], [550, 466], [376, 466]], '슬슬 합 젓갈은데?', 0.16994759045564742), ([[792, 638], [922, 638], [922, 690], [792, 690]], '하다니 , 월,', 0.3680616320024207), ([[106, 716], [134, 716], [134, 758], [106, 758]], '해,', 0.945263300720431), ([[153, 721], [165, 721], [165, 751], [153, 751]], '7', 0.9105315937245138), ([[507, 925], [623, 925], [623, 963], [507, 963]], '뭐긴 뛰야', 0.6221284610915112), ([[505, 955], [591, 955], [591, 997], [505, 997]], '알연서.', 0.7924240231513977), ([[78, 1308], [172, 1308], [172, 1340], [78, 1340]], '이미 절정', 0.9388951729632022), ([[77, 1331], [167, 1331], [167, 1367], [77, 1367]], '단계라구', 0.9993861317634583)]
[([[449, 141], [551, 141], [551, 209], [449, 209]], '안다', 0.9719081889960638), ([[286, 380], [368, 380], [368, 434], [286, 434]], '설마 |', 0.9763047099113464), ([[31, 887], [85, 887], [85, 931], [31, 931]], '안돼,', 0.2033663034628726), ([[749, 957], [907, 957], [907, 1023], [749, 1023]], '안빼다하지마 |', 0.09758298904275549), ([[21, 1145], [149, 1145], [149, 1187], [21, 1187]], '언니도 참~', 0.6476927448777106), ([[7, 1179], [161, 1179], [161, 1219], [7, 1219]], '하지말라면 더', 0.9965860922486582), ([[9, 1212], [160, 1212], [160, 1254], [9, 1254]], '하고 싶어지는', 0.40177300922580933), ([[21, 1247], [123, 1247], [123, 1289], [21, 1289]], '법이라구', 0.77109295129776), ([[831, 1413], [893, 1413], [893, 1481], [831, 1481]], '젊', 0.43535868354291907)]
[([[368, 18], [422, 18], [422, 72], [368, 72]], '려', 0.015460901956779516), ([[253, 75], [321, 75], [321, 113], [253, 113]], '아아', 0.9999098069355452), ([[934, 84], [960, 84], [960, 124], [934, 124]], '가', 0.8237893433732921), ([[253, 109], [317, 109], [317, 147], [253, 147]], '이젠', 0.7513357430815283), ([[587, 229], [631, 229], [631, 271], [587, 271]], '나도', 0.9844536908467219), ([[572, 268], [654, 268], [654, 318], [572, 318]], '더이성운', 0.08892570436000824), ([[22, 358], [78, 358], [78, 418], [22, 418]], '꾸유', 0.12963772919492805), ([[815, 565], [879, 565], [879, 1089], [815, 1089]], "'", 0.030650147591600785)]
[([[497, 593], [551, 593], [551, 631], [497, 631]], '아야', 0.6593431444668791), ([[467, 625], [601, 625], [601, 669], [467, 669]], '사정 ,당있다,', 0.37246517518109323), ([[816, 1206], [936, 1206], [936, 1256], [816, 1256]], '이런거에.', 0.6832122253816101), ([[814, 1252], [940, 1252], [940, 1306], [814, 1306]], '가버려선,', 0.5411986904968376), ([[50, 1292], [126, 1292], [126, 1368], [50, 1368]], '보', 0.02007143277218404), ([[853, 1301], [895, 1301], [895, 1345], [853, 1345]], '나', 0.9995192867204459)]
