907939
11
[([[3, 49], [33, 49], [33, 67], [3, 67]], '역식', 0.9991923933450508), ([[5, 71], [39, 71], [39, 87], [5, 87]], '이"후', 0.0003885189841695976), ([[284, 116], [334, 116], [334, 140], [284, 140]], '오우:', 0.37075980209756343), ([[222.45678552374488, 11.024640761193776], [272.94893339674513, 16.774696963662173], [260.5432144762551, 132.97535923880622], [210.0510666032549, 128.22530303633783]], '#', 0.9443789624646257)]
[([[782, 92], [999, 92], [999, 797], [782, 797]], ':', 0.19608404719770878), ([[829, 755], [961, 755], [961, 907], [829, 907]], '<', 0.8115634730771148), ([[823, 897], [999, 897], [999, 1374], [823, 1374]], '{', 0.6393960089633453), ([[788, 1400], [1028, 1400], [1028, 1476], [788, 1476]], ';5시]보', 0.024972446572722008)]
[]
[([[770, 794], [975, 794], [975, 844], [770, 844]], '달리기가 하고', 0.9813908630220354), ([[778, 846], [960, 846], [960, 894], [778, 894]], '싶은거에요?', 0.9745953882971071), ([[776, 892], [953, 892], [953, 943], [776, 943]], '지지 않아요', 0.9972294498246724)]
[([[111, 399], [193, 399], [193, 439], [111, 439]], '오우', 0.5188194241154093)]
[([[890, 195], [1005, 195], [1005, 240], [890, 240]], '느려엇!', 0.8906718492507935), ([[932.2270311712882, 1186.1989371536683], [1031.7625617079318, 1171.450866503473], [1038.7729688287118, 1245.8010628463317], [939.2374382920682, 1260.549133496527]], '쇼7', 0.18998921245964473)]
[([[767, 1323], [1016, 1323], [1016, 1460], [767, 1460]], '-', 0.9059894824156487)]
[([[51, 191], [254, 191], [254, 235], [51, 235]], '내륙 소중하게', 0.42120988534370885), ([[50, 238], [314, 238], [314, 288], [50, 288]], '생각해 주는 기가?', 0.7902858209115614), ([[51, 291], [191, 291], [191, 333], [51, 333]], '그건 조매', 0.9602979282470138), ([[51, 339], [185, 339], [185, 383], [51, 383]], '기쁘네에', 0.9621816721092518)]
[([[689, 199], [985, 199], [985, 243], [689, 243]], '자주 강화해 쥐 종은', 0.6610973643316821), ([[689, 251], [965, 251], [965, 295], [689, 295]], '배(#)가 월 테니까.', 0.3619939757482448)]
[([[633, 255], [703, 255], [703, 297], [633, 297]], '후기', 0.8887106557406855), ([[634, 318], [850, 318], [850, 350], [634, 350]], '우선 이 책올 집어주서서', 0.7134910667651475), ([[634, 348], [784, 348], [784, 378], [634, 378]], '정말 감사합니다', 0.8297201502998965), ([[634, 378], [884, 378], [884, 408], [634, 408]], '이번에도 저질러 버려습니다;', 0.4329694836262345), ([[634, 406], [862, 406], [862, 436], [634, 436]], '과정올 생각하고 처음부터', 0.4961837961995361), ([[633, 436], [797, 436], [797, 466], [633, 466]], '임신상태라는 폭거', 0.8595849971294057), ([[634, 464], [862, 464], [862, 494], [634, 494]], '불록배 그리논게 즐거워서', 0.5717878919204606), ([[633, 491], [876, 491], [876, 524], [633, 524]], '정신차려보니 이런 결과가 `', 0.6995080541967468), ([[633, 520], [930, 520], [930, 553], [633, 553]], '마지막으로 한마디 하자면, 귀장도', 0.406784147781288), ([[631, 548], [907, 548], [907, 584], [631, 584]], '북상한 모습올 제대로 그러주고', 0.7532135838178434), ([[634, 580], [742, 580], [742, 610], [634, 610]], '싶어습니다:', 0.6294369279876922), ([[713, 639], [803, 639], [803, 669], [713, 669]], '201347', 0.5448072362011862), ([[828, 639], [962, 639], [962, 671], [828, 671]], '050 ; 0', 0.6432265534928389)]
[([[110, 609], [932, 609], [932, 832], [110, 832]], '체딪{:', 0.0021404160652309656), ([[131, 807], [922, 807], [922, 887], [131, 887]], '##습#: | -쪽_이00563@깥하`어어<어;구', 9.904540038435765e-05), ([[236, 1014], [384, 1014], [384, 1062], [236, 1062]], '*#품 %', 0.03660974923601283), ([[238, 1054], [846, 1054], [846, 1102], [238, 1102]], '<0*참덧주어며송~ 숨탓+ <롬다}', 0.00016687412659767471), ([[237, 1089], [506, 1089], [506, 1140], [237, 1140]], '<빠품 < 넘 한6', 0.0287511763073069), ([[235, 1130], [359, 1130], [359, 1174], [235, 1174]], '*구#;', 0.210377037525177), ([[375, 1133], [501, 1133], [501, 1177], [375, 1177]], '#-#;', 0.13891512155532837), ([[517, 1133], [777, 1133], [777, 1177], [517, 1177]], '#-#; *+ ', 0.044795201069303014), ([[305, 1233], [735, 1233], [735, 1273], [305, 1273]], '* 1 8 쏟}*#0벼젊   #스냥-', 0.01224687042119969), ([[387, 1314], [627, 1314], [627, 1350], [387, 1350]], '20134710.6터38+;', 0.06426322447171098), ([[386, 1372], [633, 1372], [633, 1413], [386, 1413]], '개소# : 0 쇼 0 ; 0', 0.031703508158580015), ([[388, 1406], [636, 1406], [636, 1438], [388, 1438]], '테뭐 : #-먼내-`제', 0.0014183225111385025), ([[386, 1436], [424, 1436], [424, 1468], [386, 1468]], '찾', 0.012113109883300277), ([[438, 1433], [557, 1433], [557, 1471], [438, 1471]], '#한##', 0.002612392185255885)]
