908258
144
[([[195, 15], [275, 15], [275, 31], [195, 31]], "'-)진-지", 0.00286277253147514), ([[307, 15], [345, 15], [345, 31], [307, 31]], '', 0.0), ([[357, 13], [497, 13], [497, 33], [357, 33]], '4 509053', 0.07151607384624288), ([[294, 26], [342, 26], [342, 52], [294, 52]], '꼴)#:', 0.008913225494325161), ([[407, 31], [497, 31], [497, 51], [407, 51]], '장7 [', 0.003912267476986274), ([[463, 409], [483, 409], [483, 431], [463, 431]], '@', 0.10737101293588935), ([[392, 470], [416, 470], [416, 528], [392, 528]], '올', 0.41786675610694957), ([[1, 509], [99, 509], [99, 553], [1, 553]], '역식자', 0.5805451975119765), ([[111, 529], [145, 529], [145, 543], [111, 543]], '..', 0.011766820589472642), ([[1, 543], [185, 543], [185, 585], [1, 585]], '운리하라 권스레', 0.2925047343385357), ([[510.4940801759507, 369.01830642811973], [627.535723975069, 470.49314696846665], [585.5059198240493, 520.9816935718802], [468.464276024931, 419.50685303153335]], '~.라미!히위양', 8.598705761906773e-06), ([[397.6027607015021, 451.34524533285406], [447.3055059816208, 411.29895314147416], [464.3972392984979, 437.65475466714594], [415.6944940183792, 476.70104685852584]], '(리이&', 0.0013948667328804731), ([[577.5157824987558, 497.0294164897979], [609.8524975280537, 510.19584988767593], [577.4842175012442, 586.9705835102021], [545.1475024719463, 573.804150112324]], '3', 0.03365475484312186)]
[]
[]
[]
[]
[([[1376, 390], [1605, 390], [1605, 622], [1376, 622]], '((', 0.9874136634971622)]
[([[1376, 390], [1609, 390], [1609, 622], [1376, 622]], '((', 0.9988307095761628)]
[([[1376, 388], [1609, 388], [1609, 622], [1376, 622]], '((', 0.9957017932606853)]
[([[1376, 388], [1609, 388], [1609, 622], [1376, 622]], '((', 0.9957017932606853)]
[]
[]
[]
[]
[]
[]
[]
[]
[]
[]
[]
[]
[]
[]
[]
[]
[]
[]
[]
[]
[]
[]
[]
[]
[]
[]
[]
[]
[]
[]
[]
[]
[]
[]
[]
[]
[]
[]
[]
[]
[]
[]
[]
[]
[]
[]
[([[765.202547777171, 1450.0318472146387], [844.2292678176971, 1460.17719855452], [824.797452222829, 1594.9681527853613], [745.7707321823029, 1583.82280144548]], '틀', 0.6756506297092848)]
[([[746, 1453], [843, 1453], [843, 1591], [746, 1591]], '늘', 0.22991338663311822)]
[([[419, 1467], [509, 1467], [509, 1585], [419, 1585]], '출', 0.487332168181954), ([[765.202547777171, 1450.0318472146387], [844.1941073460332, 1460.149329061423], [824.797452222829, 1594.9681527853613], [745.8058926539668, 1584.850670938577]], '틀', 0.39907709483353315)]
[([[764.202547777171, 1450.0318472146387], [844.1494183436012, 1460.1142753005586], [825.797452222829, 1594.9681527853613], [746.8505816563988, 1584.8857246994414]], '틀', 0.8008778439163713)]
[]
[]
[]
[]
[]
[]
[]
[]
[]
[]
[]
[]
[]
[]
[]
[]
[]
[]
[]
[]
[]
[]
[([[221.17239411139764, 1707.1792670450748], [260.94028500029066, 1714.5149287499273], [256.82760588860236, 1732.8207329549252], [217.05971499970934, 1725.4850712500727]], "'1 /;,", 0.20907776321659177)]
[([[220.17239411139764, 1707.1792670450748], [263.9105717813827, 1713.4086325438577], [260.82760588860236, 1732.8207329549252], [218.08942821861731, 1727.5913674561423]], "'/ .", 0.6496722270954749)]
[([[220.1401328392153, 1708.1942789623522], [261.887716712732, 1712.3392991505439], [258.8598671607847, 1732.8057210376478], [218.11228328726796, 1727.6607008494561]], "'1/,", 0.15481922030448914)]
[]
[]
[]
[([[909, 59], [1051, 59], [1051, 95], [909, 95]], '5.1.꼴 실험실', 0.2410148967735187), ([[118, 426], [208, 426], [208, 454], [118, 454]], '후타나리', 0.9984412789344788), ([[116, 454], [204, 454], [204, 482], [116, 482]], '자지름!', 0.27889129519462585), ([[630, 456], [698, 456], [698, 480], [630, 480]], '드디어', 0.9999801094525486), ([[571, 509], [621, 509], [621, 547], [571, 547]], '손에', 0.9853897281172185), ([[569, 537], [643, 537], [643, 573], [569, 573]], '넣없다', 0.9433091215590421), ([[976, 722], [1056, 722], [1056, 752], [976, 752]], '이결로!', 0.5458245277404785), ([[502, 762], [528, 762], [528, 790], [502, 790]], '전', 0.9999386081581498), ([[484, 790], [554, 790], [554, 816], [484, 816]], '세계의', 0.9999591865809455), ([[489, 825], [531, 825], [531, 841], [489, 841]], '나보다', 0.999954506472956), ([[486, 836], [532, 836], [532, 860], [486, 860]], '가슴이', 0.9992586483746709), ([[487, 857], [535, 857], [535, 875], [487, 875]], '큰 여자', 0.7461161157629791), ([[484, 872], [554, 872], [554, 904], [484, 904]], '여자틀', 0.2788030803203583), ([[512, 1002], [562, 1002], [562, 1028], [512, 1028]], '83"', 0.8838159086518393), ([[72, 1236], [150, 1236], [150, 1284], [72, 1284]], '강간', 0.9994506178938983), ([[50, 1275], [171, 1275], [171, 1323], [50, 1323]], '할테다!', 0.7162379026412964), ([[744, 1264], [968, 1264], [968, 1426], [744, 1426]], '40', 0.35845774741483794), ([[835, 1404], [992, 1404], [992, 1503], [835, 1503]], '9@', 0.028596780505061894), ([[777, 1448], [1117, 1448], [1117, 1612], [777, 1612]], ';렉오 ', 9.849514754023403e-05), ([[761, 1609], [1081, 1609], [1081, 1647], [761, 1647]], "3225+코 ! 9그'한스", 0.05250995251935874), ([[736.2365201021611, 142.09877638821206], [779.9777591660862, 160.6353764286425], [769.7634798978389, 185.90122361178794], [725.0222408339138, 167.3646235713575]], '그', 0.3851270301085066), ([[255.15046541746176, 711.0726994212782], [294.69098015955734, 697.0479755231726], [320.84953458253824, 778.9273005787218], [281.30901984044266, 792.9520244768274]], '큰', 0.01647495920853803), ([[487.6027607015021, 975.345245332854], [564.6832815729997, 968.6583592135001], [566.3972392984979, 999.654754667146], [489.31671842700024, 1006.3416407864999]], '표: >', 0.16949019506058915), ([[494.1430466182295, 1029.257218647292], [577.8074756777871, 1013.1438273105219], [581.8569533817705, 1034.742781352708], [498.19252432221293, 1050.8561726894782]], '(763 )', 0.14381802644959063)]
[([[512, 1002], [562, 1002], [562, 1028], [512, 1028]], '83 "', 0.8198174238204956), ([[214, 1294], [238, 1294], [238, 1340], [214, 1340]], '1', 0.9896416885965351), ([[741, 1262], [971, 1262], [971, 1427], [741, 1427]], '70', 0.04155904861522726), ([[839, 1409], [989, 1409], [989, 1499], [839, 1499]], '4@', 0.005335299233069313), ([[777, 1448], [1113, 1448], [1113, 1612], [777, 1612]], '렉오떠9&', 1.4471192952235689e-05), ([[736.2172729245717, 142.1039098209152], [779.9838552266723, 160.68918174722162], [769.7827270754283, 184.8960901790848], [726.0161447733277, 166.31081825277838]], '그', 0.12938653006551082), ([[552.1142886264838, 372.06573379744185], [636.8883559291601, 400.84793036168605], [618.8857113735162, 450.93426620255815], [533.1116440708399, 421.15206963831395]], '뉴쪽~', 0.0015689604967403389), ([[255.1644588494623, 711.0703072118276], [294.68318698568515, 697.0468943537826], [320.83554115053767, 779.9296927881724], [281.31681301431485, 793.9531056462174]], '론', 0.03401682255898564), ([[487.41000317999044, 978.4560050879847], [564.6985244757279, 970.6892881117892], [566.5899968200096, 999.5439949120153], [489.301475524272, 1007.3107118882108]], '표현 >', 0.10590885919845086), ([[495.0843474295577, 1029.4253042288674], [578.7982185415079, 1012.124551499529], [582.9156525704423, 1033.5746957711326], [499.201781458492, 1050.875448500471]], '(5763) ', 0.10200782285409969)]
[]
[([[79, 15], [153, 15], [153, 55], [79, 55]], '하하!', 0.28004308254618876), ([[2312, 30], [2362, 30], [2362, 62], [2312, 62]], '그런', 0.9998899984975229), ([[71, 47], [157, 47], [157, 91], [71, 91]], '천국올', 0.38151460497310735), ([[719, 41], [815, 41], [815, 105], [719, 105]], '내다음유 ', 0.2856366921207377), ([[750, 76], [834, 76], [834, 104], [750, 104]], '놈 이다', 0.9990215080668853), ([[2108, 10], [2210, 10], [2210, 140], [2108, 140]], '{방', 0.06443701820082336), ([[2300, 60], [2370, 60], [2370, 86], [2300, 86]], '이유로', 0.9868756271055751), ([[88, 88], [146, 88], [146, 118], [88, 118]], '보여', 0.45470809144867164), ([[1408, 86], [1438, 86], [1438, 116], [1408, 116]], '양', 0.9875319072733788), ([[746, 104], [804, 104], [804, 130], [746, 130]], '캐미!', 0.9930347438531898), ([[2010, 106], [2074, 106], [2074, 138], [2010, 138]], '우선은', 0.9997589769368156), ([[2270, 112], [2314, 112], [2314, 136], [2270, 136]], '카스', 0.9999191633015553), ([[84, 120], [154, 120], [154, 152], [84, 152]], '주지!', 0.995975069503638), ([[732, 130], [802, 130], [802, 154], [732, 154]], '바스트', 0.9996812070212815), ([[1349, 129], [1375, 129], [1375, 149], [1349, 149]], '*', 0.10223109311667233), ([[1410, 118], [1440, 118], [1440, 148], [1410, 148]], '돼', 0.2564644325163137), ([[2008, 132], [2072, 132], [2072, 158], [2008, 158]], '너녀석', 0.993764059898824), ([[2272, 138], [2314, 138], [2314, 162], [2272, 162]], '가노', 0.9924035014065786), ([[754, 156], [786, 156], [786, 180], [754, 180]], '86', 0.9999988198884456), ([[1325, 123], [1345, 123], [1345, 183], [1325, 183]], '로', 0.8951436632295362), ([[1348, 156], [1378, 156], [1378, 180], [1348, 180]], '다', 0.9999836683940124), ([[2020, 158], [2064, 158], [2064, 182], [2020, 182]], '부터', 0.9971636009060791), ([[2260, 162], [2328, 162], [2328, 186], [2260, 186]], '사꾸라', 0.40574302408046786), ([[755, 187], [781, 187], [781, 207], [755, 207]], '!!!', 0.2337582702763647), ([[1315, 177], [1375, 177], [1375, 217], [1315, 217]], '훨씬', 0.9793659442414279), ([[2008, 182], [2074, 182], [2074, 212], [2008, 212]], '저물로', 0.9998603543356113), ([[2259, 184], [2324, 184], [2324, 213], [2259, 213]], '바스트', 0.9992359382457335), ([[1321, 217], [1347, 217], [1347, 235], [1321, 235]], '커', 0.9847635740867453), ([[2018, 208], [2066, 208], [2066, 234], [2018, 234]], '삼아', 0.9994867742615021), ([[2274, 210], [2314, 210], [2314, 236], [2274, 236]], '80!', 0.9821915196669734), ([[2032, 234], [2072, 234], [2072, 258], [2032, 258]], '마!!', 0.3164989590666156), ([[818, 366], [860, 366], [860, 390], [818, 390]], '이런', 0.9996556776126463), ([[808, 388], [852, 388], [852, 416], [808, 416]], '늘어', 0.9998486961666447), ([[582, 422], [646, 422], [646, 450], [582, 450]], '범해도', 0.9996562932905583), ([[806, 412], [852, 412], [852, 442], [806, 442]], '엉덩', 0.8104181208868217), ([[848, 388], [872, 388], [872, 442], [848, 442]], '곁', 0.08598000362241809), ([[574, 450], [658, 450], [658, 474], [574, 474]], '느끼다니', 0.9997149109840393), ([[818, 436], [866, 436], [866, 468], [818, 468]], '항상', 0.9994304750021218), ([[592, 470], [638, 470], [638, 502], [592, 502]], '완전', 0.9999497613262032), ([[808, 464], [872, 464], [872, 492], [808, 492]], '내놓고', 0.9434304047063817), ([[476, 492], [520, 492], [520, 518], [476, 518]], '돼지', 0.9999530487335955), ([[580, 496], [646, 496], [646, 524], [580, 524]], '암돼지', 0.8492689507316209), ([[794, 490], [888, 490], [888, 514], [794, 514]], '다니다니!', 0.997690048452826), ([[474, 516], [520, 516], [520, 544], [474, 544]], '처럼', 0.9088673090276143), ([[588, 524], [642, 524], [642, 548], [588, 548]], '라고!', 0.9772288767422672), ([[802, 512], [848, 512], [848, 540], [802, 540]], '어절', 0.9947854525905047), ([[854, 514], [878, 514], [878, 538], [854, 538]], '수', 0.9999574427364202), ([[464, 538], [536, 538], [536, 570], [464, 570]], '울어보"', 0.2856721878051758), ([[818, 536], [862, 536], [862, 566], [818, 566]], '없는', 0.7687779457081483), ([[792, 564], [890, 564], [890, 590], [792, 590]], '지녀로권', 0.18271495401859283), ([[2144, 613], [2219, 613], [2219, 650], [2144, 650]], '여스!', 0.9741636669593491), ([[2107, 645], [2251, 645], [2251, 681], [2107, 681]], '[어강간요라+', 0.00884288478616277), ([[168, 716], [192, 716], [192, 750], [168, 750]], '꿀', 0.9998930721258183), ([[2154, 730], [2198, 730], [2198, 754], [2154, 754]], '아직', 0.9997228535741208), ([[2118, 750], [2236, 750], [2236, 782], [2118, 782]], '학생 이니관', 0.6816719799737757), ([[2118, 778], [2238, 778], [2238, 808], [2118, 808]], '아프지 않거', 0.9304438966997984), ([[2143, 802], [2212, 802], [2212, 830], [2143, 830]], '해주마', 0.9999262194121389), ([[2070, 902], [2102, 902], [2102, 948], [2070, 948]], '푹', 0.9999297869609656), ([[1390, 1004], [1484, 1004], [1484, 1032], [1390, 1032]], '으탓으탓!', 0.5524279588399098), ([[58, 1014], [82, 1014], [82, 1078], [58, 1078]], '풀', 0.8950085503034053), ([[1408, 1030], [1434, 1030], [1434, 1058], [1408, 1058]], '좀', 0.7051089675394808), ([[1439, 1037], [1461, 1037], [1461, 1055], [1439, 1055]], '더', 0.9996312004676753), ([[1712, 1030], [1742, 1030], [1742, 1074], [1712, 1074]], '푹', 0.9998011687894746), ([[1415, 1059], [1457, 1059], [1457, 1079], [1415, 1079]], '소리', 0.6962014959129562), ([[1392, 1082], [1478, 1082], [1478, 1106], [1392, 1106]], '지르라고', 0.9991410374641418), ([[805, 1087], [847, 1087], [847, 1177], [805, 1177]], '월', 0.8498963756302516), ([[1402, 1104], [1470, 1104], [1470, 1134], [1402, 1134]], '이렇거', 0.29373403604453524), ([[1414, 1128], [1458, 1128], [1458, 1160], [1414, 1160]], '종은', 0.5779728953403968), ([[2078, 1106], [2108, 1106], [2108, 1150], [2078, 1150]], '푹', 0.9988532971364208), ([[703, 1125], [799, 1125], [799, 1215], [703, 1215]], '4 ', 0.24534703316502124), ([[1405, 1159], [1469, 1159], [1469, 1179], [1405, 1179]], '보지가', 0.9692531228065491), ([[549, 1158], [590, 1158], [590, 1247], [549, 1247]], '목', 0.088732739345744), ([[1402, 1182], [1468, 1182], [1468, 1206], [1402, 1206]], '하나도', 0.9999942186589443), ([[1414, 1204], [1458, 1204], [1458, 1234], [1414, 1234]], '기분', 0.9994330033920532), ([[1412, 1228], [1458, 1228], [1458, 1258], [1412, 1258]], '총지', 0.27561964201722655), ([[1776, 1214], [1808, 1214], [1808, 1258], [1776, 1258]], '푹', 0.9998668476562536), ([[1398, 1254], [1476, 1254], [1476, 1284], [1398, 1284]], '않잡아!', 0.3809881806373596), ([[657, 1367], [719, 1367], [719, 1407], [657, 1407]], '리 ', 0.08967317303636355), ([[987, 1382], [1058, 1382], [1058, 1418], [987, 1418]], '정말로', 0.9999754981567288), ([[2242, 1382], [2324, 1382], [2324, 1408], [2242, 1408]], '그거야!', 0.9617164251450759), ([[41, 1409], [173, 1409], [173, 1447], [41, 1447]], '강간 으로', 0.5439915593107689), ([[982, 1410], [1066, 1410], [1066, 1442], [982, 1442]], '보짓물올', 0.991623044013977), ([[2285, 1415], [2309, 1415], [2309, 1435], [2285, 1435]], '더', 0.9997574238083509), ([[1002, 1436], [1048, 1436], [1048, 1468], [1002, 1468]], '질질', 0.9995087716795779), ([[2280, 1436], [2308, 1436], [2308, 1468], [2280, 1468]], '칸', 0.8491983317216842), ([[41, 1451], [181, 1451], [181, 1491], [41, 1491]], '가버려 ! !', 0.9691327224643744), ([[606, 1464], [636, 1464], [636, 1490], [606, 1490]], '이', 0.9999107142352024), ([[1002, 1462], [1066, 1462], [1066, 1490], [1002, 1490]], '리면서', 0.9962066834427414), ([[1786, 1452], [1840, 1452], [1840, 1484], [1786, 1484]], '질내', 0.9962698532107434), ([[2239, 1465], [2327, 1465], [2327, 1501], [2239, 1501]], '말이다!', 0.9966000914573669), ([[596, 1494], [648, 1494], [648, 1526], [596, 1526]], '초씨', 0.2172494822462699), ([[979, 1457], [1071, 1457], [1071, 1523], [979, 1523]], '홀하하철', 0.1854160577058792), ([[1786, 1482], [1838, 1482], [1838, 1514], [1786, 1514]], '사정', 0.9999873559688595), ([[981, 1517], [1045, 1517], [1045, 1537], [981, 1537]], '거나 =', 0.5739828362190217), ([[1779, 1507], [1845, 1507], [1845, 1543], [1779, 1543]], '한다!', 0.988449043450588), ([[573, 1523], [673, 1523], [673, 1563], [573, 1563]], '암돼지:', 0.1212715432047844), ([[1333, 1521], [1417, 1521], [1417, 1557], [1333, 1557]], '질내 논', 0.6158866317098709), ([[1348, 1550], [1418, 1550], [1418, 1580], [1348, 1580]], '상있에', 0.02624430888560729), ([[1336, 1582], [1392, 1582], [1392, 1606], [1336, 1606]], '에에', 0.8919638849981858), ([[1887.4116515945855, 576.0582579729272], [1914.5160030704405, 570.0447096874764], [1928.5883484054145, 631.9417420270728], [1902.4839969295595, 638.9552903125236]], '중', 0.20582400888955377), ([[1603.1782588000308, 983.0177782807103], [1839.9980335334246, 1114.726646999519], [1760.8217411999692, 1251.9822217192898], [1524.0019664665754, 1119.273353000481]], '지)', 0.021476930736340667), ([[880.3447882227953, 1266.3585340901495], [906.5656854249493, 1242.0402020253553], [953.6552117772047, 1295.6414659098505], [927.4343145750507, 1319.9597979746447]], '약', 0.022938003177445987), ([[2250.4633436854, 1408.0483902697003], [2272.5160030704405, 1404.0447096874764], [2282.5366563146, 1468.9516097302997], [2260.4839969295595, 1472.9552903125236]], '훌', 0.03330902564943816), ([[2058.2558007517837, 1549.0277300739021], [2166.860160138438, 1636.3334940611091], [2112.7441992482163, 1702.9722699260979], [2005.139839861562, 1615.6665059388909]], "자%'", 0.03242640327841873)]
[([[1029, 433], [1056, 433], [1056, 494], [1029, 494]], '춤', 0.7985018688837933), ([[351, 569], [397, 569], [397, 607], [351, 607]], '4.', 0.7426157915370988), ([[798.1933541266034, 480.0296161218063], [928.9944962020351, 561.6520729049989], [879.8066458733966, 637.9703838781937], [749.0055037979649, 557.3479270950011]], '진', 0.06894217214142273)]
[]
[([[1111, 35], [1163, 35], [1163, 71], [1111, 71]], '그런', 0.9997269836324592), ([[910, 22], [1012, 22], [1012, 144], [910, 144]], '{다', 0.008730643587201626), ([[1098, 66], [1170, 66], [1170, 92], [1098, 92]], '이유로', 0.997614751447091), ([[149, 135], [175, 135], [175, 155], [149, 155]], '4', 0.07076946279090635), ([[210, 124], [240, 124], [240, 156], [210, 156]], '왜', 0.20669021399023624), ([[809, 109], [875, 109], [875, 145], [809, 145]], '우선은', 0.999282803769521), ([[1070, 118], [1114, 118], [1114, 142], [1070, 142]], '카스', 0.9999364431440291), ([[125, 129], [145, 129], [145, 187], [125, 187]], '물', 0.013852803156144733), ([[808, 138], [872, 138], [872, 164], [808, 164]], '너녀석', 0.980079292540871), ([[1073, 145], [1113, 145], [1113, 165], [1073, 165]], '가노', 0.977300136901299), ([[148, 160], [178, 160], [178, 186], [148, 186]], '다', 0.999984383644037), ([[820, 164], [864, 164], [864, 188], [820, 188]], '부터', 0.9989259301480277), ([[1060, 166], [1128, 166], [1128, 192], [1060, 192]], '사구래', 0.8635695079270057), ([[115, 183], [173, 183], [173, 225], [115, 225]], '훨씬', 0.9923052674422393), ([[808, 188], [874, 188], [874, 218], [808, 218]], '저물로', 0.7192903757095337), ([[1059, 190], [1124, 190], [1124, 219], [1059, 219]], '바스트', 0.9936651587486267), ([[120, 220], [148, 220], [148, 244], [120, 244]], '커', 0.994914814093363), ([[818, 214], [866, 214], [866, 240], [818, 240]], '삼아', 0.999556896793642), ([[1075, 219], [1113, 219], [1113, 239], [1075, 239]], '80!', 0.46636450712560923), ([[832, 240], [874, 240], [874, 264], [832, 264]], '마!', 0.44309940667663794), ([[944, 619], [1018, 619], [1018, 656], [944, 656]], '여스!', 0.9897179015997516), ([[907, 651], [1053, 651], [1053, 691], [907, 691]], '[@강간라*', 0.014503849557782882), ([[954, 734], [998, 734], [998, 760], [954, 760]], '아직', 0.9996922575832972), ([[918, 756], [1036, 756], [1036, 788], [918, 788]], '학생 이니관', 0.5810311308029357), ([[918, 784], [1038, 784], [1038, 814], [918, 814]], '아프지 않거', 0.7784687613148619), ([[943, 808], [1012, 808], [1012, 836], [943, 836]], '해주마', 0.9999311748019089), ([[870, 910], [902, 910], [902, 954], [870, 954]], '푹', 0.9997036676626436), ([[190, 1010], [284, 1010], [284, 1038], [190, 1038]], '으탓으탓!', 0.4231981739613163), ([[210, 1036], [234, 1036], [234, 1064], [210, 1064]], '좀', 0.9998573115707678), ([[239, 1043], [261, 1043], [261, 1061], [239, 1061]], '더', 0.9995474135477913), ([[512, 1036], [542, 1036], [542, 1080], [512, 1080]], '푹', 0.999884370331884), ([[215, 1065], [257, 1065], [257, 1085], [215, 1085]], '소리', 0.9999920764016744), ([[190, 1088], [278, 1088], [278, 1112], [190, 1112]], '지르라고', 0.9993782043457031), ([[202, 1110], [270, 1110], [270, 1140], [202, 1140]], '이렇거', 0.9517258960082231), ([[209, 1131], [262, 1131], [262, 1170], [209, 1170]], '종은', 0.8391059934774973), ([[204, 1164], [270, 1164], [270, 1188], [204, 1188]], '보지가', 0.5680539608001709), ([[202, 1188], [266, 1188], [266, 1212], [202, 1212]], '하나도', 0.9999957328192642), ([[214, 1210], [258, 1210], [258, 1238], [214, 1238]], '기분', 0.9998065514461671), ([[212, 1234], [258, 1234], [258, 1264], [212, 1264]], '종지', 0.15314840440484767), ([[573, 1217], [609, 1217], [609, 1265], [573, 1265]], '푹', 0.9999011779405329), ([[198, 1260], [276, 1260], [276, 1290], [198, 1290]], '않잡아!', 0.5105119943618774), ([[1042, 1388], [1124, 1388], [1124, 1414], [1042, 1414]], '그거야!', 0.9801359228914834), ([[586, 1458], [640, 1458], [640, 1490], [586, 1490]], '질내', 0.9951106806250896), ([[1039, 1471], [1125, 1471], [1125, 1507], [1039, 1507]], '말이다!', 0.9975268840789795), ([[586, 1488], [638, 1488], [638, 1520], [586, 1520]], '사정', 0.9999882831962188), ([[133, 1527], [217, 1527], [217, 1563], [133, 1563]], '질내 논', 0.6008403632980566), ([[579, 1513], [645, 1513], [645, 1551], [579, 1551]], '한다!', 0.9025714863174388), ([[148, 1558], [218, 1558], [218, 1586], [148, 1586]], '상돼에', 0.2600297096162381), ([[136, 1588], [192, 1588], [192, 1612], [136, 1612]], '에에', 0.8321090550392707), ([[570.4202018956436, 296.0280795251289], [617.6084554458635, 290.2196132414282], [629.5797981043564, 410.9719204748711], [582.3915445541365, 416.7803867585718]], '빵', 0.014560489674417865), ([[687.4116515945855, 582.0582579729272], [712.4631306408209, 575.0359638987467], [729.5883484054145, 637.9417420270728], [704.5368693591791, 644.9640361012533]], '중', 0.0423989024107394), ([[407.2057158810163, 977.0166095562903], [642.9957008710842, 1111.5958361516791], [558.7942841189837, 1253.9833904437098], [323.00429912891576, 1118.4041638483209]], ')', 0.030258343850590785), ([[1049.4633436854, 1414.0483902697003], [1072.56133632367, 1410.0529843007325], [1082.5366563146, 1474.9516097302997], [1059.43866367633, 1478.9470156992675]], '출', 0.15400416442594178), ([[1083.453732219453, 1416.0501539850466], [1110.5279626817487, 1419.418269951528], [1104.546267780547, 1475.9498460149534], [1078.4720373182513, 1473.581730048472]], '편', 0.19382859908824912), ([[845.2150280828492, 1556.0308566521849], [967.9942981601231, 1631.6623547918878], [922.7849719171508, 1702.9691433478151], [800.0057018398769, 1627.3376452081122]], '외 드', 0.07664104768146437)]
[([[110, 124], [142, 124], [142, 162], [110, 162]], '*', 0.5114806983878886), ([[136, 123], [165, 123], [165, 181], [136, 181]], '대', 0.24122939756631467), ([[205, 85], [243, 85], [243, 177], [205, 177]], '춤', 0.33588355455538377), ([[903, 15], [1017, 15], [1017, 153], [903, 153]], '{', 0.053658979377067206), ([[163, 129], [194, 129], [194, 236], [163, 236]], '"', 0.47796488170718376), ([[214, 330], [246, 330], [246, 404], [214, 404]], '활', 0.015971801831877963), ([[566, 293], [630, 293], [630, 412], [566, 412]], '교', 0.03430169149560047), ([[840, 746], [916, 746], [916, 842], [840, 842]], '대', 0.2463439648818735), ([[862, 870], [911, 870], [911, 986], [862, 986]], '술', 0.26761730712122755), ([[875, 1097], [911, 1097], [911, 1181], [875, 1181]], '중', 0.5218957906035939), ([[175, 1465], [217, 1465], [217, 1573], [175, 1573]], '딸', 0.006806340283454837), ([[120.67230234439344, 163.01795133398028], [148.55286560515054, 160.05138343919702], [157.32769765560656, 259.9820486660197], [129.44713439484946, 261.948616560803]], '5', 0.012609262163882973), ([[687.4116515945855, 582.0582579729272], [712.4631306408209, 575.0359638987467], [728.5883484054145, 637.9417420270728], [703.5368693591791, 644.9640361012533]], '중', 0.0632063474973501), ([[496.6277902025136, 996.0173551668953], [528.3241337830351, 988.0131544686689], [558.3722097974864, 1110.9826448331046], [526.6758662169649, 1118.9868455313313]], '중', 0.04822536071460437), ([[388.1606711946737, 969.0167798668424], [647.9630425994388, 1104.754670736667], [562.8393288053263, 1260.9832201331576], [303.03695740056116, 1125.245329263333]], '자씨', 0.15296403761942573), ([[552.3026573907705, 1202.0488674744709], [592.497518595105, 1188.02481404895], [623.6973426092295, 1282.9511325255291], [583.502481404895, 1297.97518595105]], '중', 0.32107476469747454), ([[117.65388920081577, 1459.0085618564785], [169.4110541536603, 1449.012079387775], [208.34611079918423, 1674.9914381435215], [155.5889458463397, 1683.987920612225]], '"', 0.1467623926492969), ([[840.2612831448469, 1550.027322455433], [968.9599720649696, 1633.1061563531437], [921.7387168551531, 1704.972677544567], [793.0400279350304, 1620.8938436468563]], '라 드', 0.0653099576516331)]
[]
[([[81, 19], [151, 19], [151, 57], [81, 57]], '하맛!', 0.17835580412773008), ([[73, 49], [155, 49], [155, 93], [73, 93]], '천국올', 0.5395005428089382), ([[745, 61], [817, 61], [817, 99], [745, 99]], '다음은', 0.9995694399958375), ([[90, 92], [144, 92], [144, 120], [90, 120]], '보여', 0.9997199035355103), ([[726, 94], [838, 94], [838, 122], [726, 122]], '네 놈 이다', 0.5826542212314585), ([[84, 124], [152, 124], [152, 156], [84, 156]], '주지!', 0.9574465905426358), ([[752, 124], [810, 124], [810, 148], [752, 148]], '캐미!', 0.9826847212150823), ([[738, 148], [806, 148], [806, 172], [738, 172]], '바스트', 0.999834889414815), ([[760, 174], [790, 174], [790, 200], [760, 200]], '86', 0.9999998314126102), ([[763, 205], [785, 205], [785, 225], [763, 225]], '!!!', 0.7703959506978941), ([[818, 366], [860, 366], [860, 394], [818, 394]], '이런', 0.9998347883513659), ([[810, 390], [852, 390], [852, 420], [810, 420]], '늘어', 0.5137337330737362), ([[582, 424], [646, 424], [646, 452], [582, 452]], '범해도', 0.9954439049434711), ([[808, 414], [852, 414], [852, 444], [808, 444]], '엉덩', 0.9329967062206243), ([[851, 393], [869, 393], [869, 443], [851, 443]], '틀', 0.02619811100593261), ([[574, 452], [656, 452], [656, 476], [574, 476]], '느끼다니', 0.9996944665908813), ([[818, 440], [864, 440], [864, 468], [818, 468]], '항상', 0.9992769209657474), ([[592, 474], [638, 474], [638, 504], [592, 504]], '완전', 0.9998761748046137), ([[808, 466], [872, 466], [872, 494], [808, 494]], '내놓고', 0.908500060320213), ([[476, 496], [520, 496], [520, 520], [476, 520]], '돼지', 0.9998395085732297), ([[582, 500], [646, 500], [646, 528], [582, 528]], '암돼지', 0.9092129907979302), ([[795, 495], [887, 495], [887, 515], [795, 515]], '다니다니!', 0.9748387503825972), ([[474, 518], [518, 518], [518, 546], [474, 546]], '처럼', 0.7887664044526349), ([[588, 526], [642, 526], [642, 550], [588, 550]], '라고!', 0.9451880154470651), ([[804, 516], [874, 516], [874, 542], [804, 542]], '어절 수', 0.8706292074599513), ([[466, 542], [536, 542], [536, 572], [466, 572]], '울어보!', 0.481518417596817), ([[818, 540], [862, 540], [862, 568], [818, 568]], '없는', 0.9308986475578208), ([[794, 566], [888, 566], [888, 594], [794, 594]], '치녀로군!', 0.5281048101105367), ([[168, 718], [192, 718], [192, 754], [168, 754]], '꿀', 0.9998674436631063), ([[56, 1015], [82, 1015], [82, 1082], [56, 1082]], '풀', 0.8798547784238941), ([[427, 1045], [517, 1045], [517, 1143], [427, 1143]], '요', 0.027458318342495014), ([[805, 1091], [847, 1091], [847, 1179], [805, 1179]], '올', 0.10842652801221764), ([[551, 1163], [587, 1163], [587, 1251], [551, 1251]], '푹', 0.028286724068871116), ([[703, 1129], [801, 1129], [801, 1219], [703, 1219]], '4 ', 0.036188774436040995), ([[659, 1369], [721, 1369], [721, 1411], [659, 1411]], '리 ', 0.05827739084357591), ([[990, 1390], [1054, 1390], [1054, 1418], [990, 1418]], '정말로', 0.9999801782778809), ([[41, 1413], [177, 1413], [177, 1451], [41, 1451]], '강간으 로', 0.7835204787812274), ([[984, 1414], [1064, 1414], [1064, 1444], [984, 1444]], '보짓물올', 0.9919745922088623), ([[1000, 1440], [1046, 1440], [1046, 1470], [1000, 1470]], '질질', 0.9997326308631731), ([[41, 1455], [181, 1455], [181, 1493], [41, 1493]], '가버려 ! !', 0.9537171522114115), ([[604, 1468], [634, 1468], [634, 1492], [604, 1492]], '이', 0.9994626767211798), ([[1002, 1466], [1066, 1466], [1066, 1494], [1002, 1494]], "'리면서", 0.9516886472702026), ([[598, 1498], [648, 1498], [648, 1528], [598, 1528]], '초씨', 0.17364285662724951), ([[985, 1463], [1003, 1463], [1003, 1519], [985, 1519]], '흙', 0.24849237495124044), ([[1002, 1490], [1064, 1490], [1064, 1520], [1002, 1520]], '아하는', 0.9769462634350743), ([[982, 1518], [1044, 1518], [1044, 1542], [982, 1542]], '거나 =', 0.8520636332583282), ([[575, 1527], [671, 1527], [671, 1565], [575, 1565]], '암돼지기', 0.12297628819942474), ([[902.3917712629842, 1245.0465132093975], [957.9541195306869, 1286.395898405034], [934.6082287370158, 1317.9534867906025], [878.0458804693131, 1276.604101594966]], ':련,?', 0.0019933662842959166)]
[([[439, 557], [475, 557], [475, 599], [439, 599]], '립', 0.008487672930733103), ([[424, 1046], [568, 1046], [568, 1146], [424, 1146]], '장란', 0.0017554444064496375), ([[798, 1066], [852, 1066], [852, 1160], [798, 1160]], '준', 0.23317421332152666), ([[659, 1369], [721, 1369], [721, 1411], [659, 1411]], '리', 0.1233770180706415), ([[721.9639391574054, 1115.0538159110922], [822.5202856128526, 1151.9399081958688], [792.0360608425946, 1230.9461840889078], [691.4797143871474, 1194.0600918041312]], '건_', 0.24804784734464536), ([[902.3917712629842, 1245.0465132093975], [957.9528409491351, 1286.387588021965], [934.6082287370158, 1317.9534867906025], [879.0471590508649, 1276.612411978035]], '꼴?', 0.026239221678571133)]
[]
[([[296, 120], [404, 120], [404, 148], [296, 148]], '남자낚기가', 0.9750591080803985), ([[304, 146], [392, 146], [392, 172], [304, 172]], '취미라니', 0.9899200797080994), ([[702, 150], [780, 150], [780, 180], [702, 180]], '그렇지', 0.9978897641089347), ([[722, 118], [748, 118], [748, 146], [722, 146]], '그', 0.9999452836845855), ([[872, 148], [928, 148], [928, 178], [872, 178]], '그러', 0.9999940994463072), ([[957, 156], [1113, 156], [1113, 192], [957, 192]], '네녀석이다!', 0.5975210454303654), ([[989, 117], [1077, 117], [1077, 161], [989, 161]], '다음은', 0.9995562950924113), ([[1397, 55], [1433, 55], [1433, 231], [1397, 231]], '푹', 0.005325173703628394), ([[1857, 27], [2083, 27], [2083, 213], [1857, 213]], "'뭐'", 0.007589817110723223), ([[314, 170], [382, 170], [382, 198], [314, 198]], '얼마나', 0.9994841017686843), ([[711, 181], [773, 181], [773, 219], [711, 219]], '않아', 0.34430343611804737), ([[871, 177], [931, 177], [931, 213], [871, 213]], '면서', 0.9957761315624007), ([[324, 196], [372, 196], [372, 224], [324, 224]], '야한', 0.9993672658627154), ([[430, 200], [476, 200], [476, 224], [430, 224]], '아직', 0.9997469596994509), ([[980, 192], [1090, 192], [1090, 224], [980, 224]], '이부키!!', 0.5687195202666065), ([[318, 220], [380, 220], [380, 250], [318, 250]], '보지틀', 0.291156367339423), ([[422, 224], [488, 224], [488, 252], [422, 252]], '고교생', 0.8761138338971404), ([[529, 215], [555, 215], [555, 233], [529, 233]], '히', 0.9973079227376189), ([[702, 218], [750, 218], [750, 244], [702, 244]], '요오', 0.9997727517563313), ([[856, 212], [942, 212], [942, 244], [856, 244]], '작다고', 0.9993962049484253), ([[992, 228], [1076, 228], [1076, 258], [992, 258]], '바스트', 0.9995435631399681), ([[316, 248], [380, 248], [380, 272], [316, 272]], '가지고', 0.9999779070422494), ([[412, 248], [496, 248], [496, 276], [412, 276]], '신분어건', 0.9790796041488647), ([[884, 244], [916, 244], [916, 276], [884, 276]], '!?', 0.8812376932335895), ([[301, 267], [396, 267], [396, 304], [301, 304]], '(있논거나', 0.8077007154951834), ([[420, 272], [490, 272], [490, 304], [420, 304]], '과분한', 0.9854832700718904), ([[1004, 260], [1068, 260], [1068, 290], [1004, 290]], '95나', 0.926212582552431), ([[308, 296], [390, 296], [390, 322], [308, 322]], '네녀석!', 0.5750718116760254), ([[432, 298], [478, 298], [478, 330], [432, 330]], '가슴', 0.9998551864998327), ([[1005, 291], [1065, 291], [1065, 327], [1005, 327]], '되는', 0.9736539053375121), ([[412, 326], [488, 326], [488, 350], [412, 350]], '이라고!', 0.9960395693778992), ([[982, 326], [1090, 326], [1090, 358], [982, 358]], '주제에!', 0.5431035757064819), ([[1663, 432], [1775, 432], [1775, 489], [1663, 489]], '확실히', 0.9999203004786699), ([[1822, 426], [1892, 426], [1892, 452], [1822, 452]], '바스트', 0.9994734345589265), ([[1842, 454], [1876, 454], [1876, 480], [1842, 480]], '80', 0.9863161192770771), ([[2275, 371], [2315, 371], [2315, 487], [2275, 487]], '항', 0.02524868203383357), ([[72, 464], [102, 464], [102, 490], [72, 490]], '이', 0.9999254955818095), ([[114, 462], [198, 462], [198, 492], [114, 492]], '보지로', 0.9996674425188857), ([[1698, 482], [1738, 482], [1738, 508], [1698, 508]], '강간', 0.9994893026931487), ([[1813, 482], [1904, 482], [1904, 512], [1813, 512]], '마코토! ', 0.7977909262489997), ([[82, 490], [108, 490], [108, 560], [82, 560]], '몇', 0.024144364706018884), ([[107, 523], [191, 523], [191, 561], [107, 561]], '탁거런', 0.3747335629689177), ([[109, 491], [197, 491], [197, 529], [109, 529]], '명이나', 0.9924727119744703), ([[1686, 502], [1758, 502], [1758, 552], [1686, 552]], '농욕', 0.32014541532438895), ([[1661, 543], [1783, 543], [1783, 581], [1661, 581]], '해주지!', 0.9934024214744568), ([[98, 562], [178, 562], [178, 594], [98, 594]], '거나]!', 0.3946365416049957), ([[61, 877], [151, 877], [151, 913], [61, 913]], '모유가', 0.9970477634060801), ([[39, 909], [171, 909], [171, 949], [39, 949]], '나온다고?', 0.5030430908533758), ([[475, 947], [527, 947], [527, 989], [475, 989]], "'00 ", 0.3185223937034607), ([[1346, 938], [1446, 938], [1446, 988], [1346, 988]], '개같은', 0.5733913962475499), ([[1330, 984], [1463, 984], [1463, 1022], [1330, 1022]], '여자에게', 0.9290463328361511), ([[51, 1011], [109, 1011], [109, 1047], [51, 1047]], '유두', 0.9992402611721692), ([[1333, 1017], [1461, 1017], [1461, 1061], [1333, 1061]], '범해지논', 0.8168966174125671), ([[1486, 1028], [1546, 1028], [1546, 1056], [1486, 1056]], '절대 노', 0.19849234024991597), ([[1710, 956], [1742, 956], [1742, 1088], [1710, 1088]], '#', 0.15282623922762273), ([[1851, 1007], [1921, 1007], [1921, 1051], [1851, 1051]], '털이', 0.9998269494259049), ([[2255, 1023], [2317, 1023], [2317, 1063], [2255, 1063]], '정말', 0.9999957010241584), ([[1499, 1051], [1539, 1051], [1539, 1071], [1499, 1071]], '죽에', 0.46414485985659176), ([[1349, 1055], [1445, 1055], [1445, 1099], [1349, 1099]], '기분이', 0.992529573305426), ([[1496, 1070], [1538, 1070], [1538, 1096], [1496, 1096]], '버닐', 0.01841105587517477), ([[1851, 1053], [1921, 1053], [1921, 1089], [1851, 1089]], '너무', 0.9999738690539219), ([[2241, 1057], [2327, 1057], [2327, 1095], [2241, 1095]], '처녀일', 0.9838675650273703), ([[605, 1103], [657, 1103], [657, 1145], [605, 1145]], '000', 0.6227988927291794), ([[1349, 1095], [1447, 1095], [1447, 1133], [1349, 1133]], '어때!?', 0.766132116317749), ([[1489, 1093], [1531, 1093], [1531, 1113], [1489, 1113]], '거야', 0.9998845195881492), ([[1832, 1088], [1944, 1088], [1944, 1136], [1832, 1136]], '많~아', 0.4030908095390056), ([[2060, 985], [2199, 985], [2199, 1208], [2060, 1208]], '뿐', 0.0066511684337575705), ([[2243, 1089], [2331, 1089], [2331, 1129], [2243, 1129]], '줄이야', 0.9995348228392468), ([[1707, 1100], [1743, 1100], [1743, 1207], [1707, 1207]], '약', 0.011915952465174406), ([[1883, 1133], [1921, 1133], [1921, 1177], [1883, 1177]], '질', 0.9989264510013527), ([[1831, 1219], [1939, 1219], [1939, 1257], [1831, 1257]], '하라고', 0.9999752916808633), ([[215, 1269], [235, 1269], [235, 1299], [215, 1299]], '강', 0.7511399499694313), ([[1832, 1256], [1944, 1256], [1944, 1304], [1832, 1304]], '고망아', 0.3795677099179788), ([[206, 1306], [234, 1306], [234, 1368], [206, 1368]], '팬', 0.2515294627316713), ([[684, 1282], [762, 1282], [762, 1372], [684, 1372]], '@', 0.20953205450148094), ([[1861, 1313], [1883, 1313], [1883, 1329], [1861, 1329]], '9', 0.13948957518305694), ([[902, 1364], [990, 1364], [990, 1436], [902, 1436]], '도러', 0.005997969453686996), ([[1007, 1379], [1075, 1379], [1075, 1417], [1007, 1417]], '으탓!', 0.45350688085635044), ([[1007, 1411], [1069, 1411], [1069, 1449], [1007, 1449]], '임신', 0.717604961594135), ([[990, 1450], [1090, 1450], [1090, 1480], [990, 1480]], '해버려!', 0.9556775689125061), ([[869, 1463], [959, 1463], [959, 1499], [869, 1499]], '자궁에', 0.23402793291771126), ([[883, 1493], [945, 1493], [945, 1533], [883, 1533]], '직접', 0.9999520372232914), ([[2051, 1483], [2067, 1483], [2067, 1537], [2051, 1537]], '주', 0.9907198491311284), ([[381, 1535], [477, 1535], [477, 1571], [381, 1571]], '으라켓!', 0.2263464480638504), ([[866, 1534], [962, 1534], [962, 1562], [866, 1562]], '내 자지', 0.8878379836821325), ([[1363, 1539], [1422, 1539], [1422, 1578], [1363, 1578]], '임신', 0.9999174774679479), ([[1509, 1537], [1619, 1537], [1619, 1575], [1509, 1575]], '아하하!!', 0.3907047074595662), ([[2291, 1527], [2363, 1527], [2363, 1567], [2291, 1567]], '산다!', 0.8658327844143807), ([[393, 1567], [465, 1567], [465, 1605], [393, 1605]], '산다!', 0.6211482731295981), ([[558, 1498], [790, 1498], [790, 1646], [558, 1646]], '1"다-', 0.018211333081126213), ([[871, 1561], [957, 1561], [957, 1601], [871, 1601]], '밀 크클', 0.30597777675688015), ([[1314, 1572], [1364, 1572], [1364, 1596], [1314, 1596]], '나줌에', 0.7966412309485355), ([[1367, 1571], [1425, 1571], [1425, 1613], [1367, 1613]], '확정', 0.9998653013294014), ([[1519, 1571], [1611, 1571], [1611, 1609], [1519, 1609]], '안에다', 0.9987378468111088), ([[2293, 1559], [2353, 1559], [2353, 1599], [2293, 1599]], '으탓드', 0.14444041202301908), ([[1311, 1591], [1369, 1591], [1369, 1611], [1311, 1611]], '찾아오지', 0.9957832098007202), ([[885, 1595], [945, 1595], [945, 1631], [885, 1631]], '먹여', 0.7342119999465568), ([[1317, 1607], [1359, 1607], [1359, 1627], [1317, 1627]], '말라구', 0.8806114831907972), ([[1515, 1605], [1615, 1605], [1615, 1641], [1515, 1641]], '씻다구!', 0.4650869071483612), ([[872, 1630], [960, 1630], [960, 1662], [872, 1662]], '주지!!', 0.8838393092155457), ([[1734.834259590879, 685.0939852951079], [1877.7641687520818, 579.0116818069255], [2046.165740409121, 849.9060147048921], [1903.2358312479182, 955.9883181930745]], '@', 0.10028566508437109), ([[1824.0593947347957, 850.0741868292132], [1896.8834840541456, 878.8233031891709], [1876.9406052652043, 924.9258131707868], [1805.1165159458544, 897.1766968108291]], '고방', 0.005759613947595278), ([[65.40952575098923, 939.0438225316279], [94.82404192419936, 935.085800860053], [106.59047424901077, 1013.9561774683721], [77.17595807580064, 1018.914199139947]], '품', 0.003963122768741778), ([[96.35164491538949, 944.0351332215832], [146.97965290379088, 939.3359930808206], [156.64835508461053, 1047.9648667784168], [107.02034709620914, 1053.6640069191794]], '물"', 0.9578446263773389), ([[525.8302423892472, 988.0984300965588], [608.3935003475494, 1003.149885387237], [595.1697576107528, 1060.9015699034412], [512.6064996524506, 1045.850114612763]], '@', 0.02501622155231531), ([[1844.2928932188136, 1135.0502525316942], [1880.5180304212972, 1122.0269079555462], [1911.7071067811864, 1214.9497474683058], [1874.4819695787028, 1227.9730920444538]], '총', 0.1341235696170182)]
[([[1018, 12], [1054, 12], [1054, 44], [1018, 44]], '@아', 0.002847790779013467), ([[930, 308], [968, 308], [968, 340], [930, 340]], '[0', 0.8177708590377233), ([[908, 430], [942, 430], [942, 456], [908, 456]], '서', 0.13206099849228625), ([[234, 472], [264, 472], [264, 496], [234, 496]], '10% ', 0.024322697892785072), ([[298, 548], [328, 548], [328, 574], [298, 574]], '000', 0.9521947983727037)]
[]
[([[197, 55], [233, 55], [233, 231], [197, 231]], '#', 0.007868399160626594), ([[687, 25], [883, 25], [883, 213], [687, 213]], '퀴스', 0.006099403241159847), ([[468, 436], [574, 436], [574, 484], [468, 484]], '확실히', 0.9999348225214808), ([[510, 458], [534, 458], [534, 482], [510, 482]], '근', 0.9835848544203287), ([[622, 426], [692, 426], [692, 452], [622, 452]], '바스트', 0.9998105257611195), ([[642, 454], [676, 454], [676, 480], [642, 480]], '80', 0.959589323286387), ([[1072, 368], [1122, 368], [1122, 489], [1072, 489]], '히', 0.1077370024840798), ([[498, 482], [538, 482], [538, 508], [498, 508]], '강간', 0.9992659651240967), ([[615, 481], [704, 481], [704, 512], [615, 512]], '마코토!', 0.7893206477165222), ([[486, 502], [558, 502], [558, 552], [486, 552]], '농욕', 0.39710806173127317), ([[463, 543], [581, 543], [581, 581], [463, 581]], '해주지!', 0.9137399792671204), ([[614, 862], [686, 862], [686, 914], [614, 914]], '서쇼', 0.456429634313269), ([[958, 900], [1022, 900], [1022, 950], [958, 950]], '외"', 0.03006536361730114), ([[146, 938], [244, 938], [244, 988], [146, 988]], '개같은', 0.6360604243589335), ([[132, 984], [263, 984], [263, 1022], [132, 1022]], '여자에게', 0.8067770600318909), ([[134, 1018], [257, 1018], [257, 1063], [134, 1063]], '범해지는', 0.698491096496582), ([[286, 1028], [346, 1028], [346, 1056], [286, 1056]], '절대 노', 0.19440912202401658), ([[510, 956], [540, 956], [540, 1086], [510, 1086]], '#', 0.8091067060418169), ([[659, 1027], [681, 1027], [681, 1047], [659, 1047]], '근', 0.9294054941041487), ([[1055, 1023], [1117, 1023], [1117, 1063], [1055, 1063]], '정말', 0.9999908119993876), ([[299, 1051], [339, 1051], [339, 1071], [299, 1071]], '죽에', 0.6149741208509463), ([[149, 1057], [245, 1057], [245, 1099], [149, 1099]], '기분이', 0.9989580544501155), ([[296, 1070], [338, 1070], [338, 1096], [296, 1096]], '버날', 0.01827282509527094), ([[651, 1053], [719, 1053], [719, 1089], [651, 1089]], '너무', 0.9999878617292061), ([[1041, 1057], [1127, 1057], [1127, 1095], [1041, 1095]], '저녀일', 0.7256045162406912), ([[149, 1093], [247, 1093], [247, 1138], [149, 1138]], '어때:?', 0.5093784928321838), ([[289, 1093], [331, 1093], [331, 1113], [289, 1113]], '거야', 0.9998382442274476), ([[510, 1102], [540, 1102], [540, 1174], [510, 1174]], '맛', 0.8694756678296791), ([[632, 1088], [742, 1088], [742, 1136], [632, 1136]], '많광아', 0.23984171812374191), ([[684, 1134], [716, 1134], [716, 1158], [684, 1158]], '지', 0.9901138528016453), ([[859, 985], [999, 985], [999, 1208], [859, 1208]], '올', 0.03734168101776536), ([[1043, 1089], [1131, 1089], [1131, 1129], [1043, 1129]], '줄이야', 0.9997507869694741), ([[653, 1131], [689, 1131], [689, 1179], [653, 1179]], '손', 0.9999161976252289), ([[510, 1174], [540, 1174], [540, 1204], [510, 1204]], '어', 0.9999934434998217), ([[669, 1173], [705, 1173], [705, 1219], [669, 1219]], '좀', 0.9998883040148634), ([[633, 1219], [737, 1219], [737, 1257], [633, 1257]], '하라고', 0.9999641180038452), ([[636, 1256], [742, 1256], [742, 1304], [636, 1304]], '꼬멩아', 0.35270269539805843), ([[849, 1481], [869, 1481], [869, 1539], [849, 1539]], '주', 0.26619194181877504), ([[167, 1541], [221, 1541], [221, 1577], [167, 1577]], '임신', 0.9999521215158054), ([[311, 1539], [417, 1539], [417, 1575], [311, 1575]], '아하하!!', 0.30079079508773393), ([[1091, 1527], [1161, 1527], [1161, 1567], [1091, 1567]], '산다!', 0.6168317258525319), ([[116, 1572], [222, 1572], [222, 1598], [116, 1598]], '나줌에 화저', 0.4397864004114351), ([[321, 1571], [409, 1571], [409, 1609], [321, 1609]], '안에다', 0.9988497390048805), ([[1093, 1559], [1161, 1559], [1161, 1597], [1093, 1597]], '으탓!', 0.3758201896069435), ([[111, 1591], [169, 1591], [169, 1611], [111, 1611]], '찾아오지', 0.9952265024185181), ([[117, 1607], [159, 1607], [159, 1627], [117, 1627]], '말라구', 0.8553734779015284), ([[317, 1605], [413, 1605], [413, 1641], [317, 1641]], '싸다구!', 0.1783183515071869), ([[539.4935425234415, 669.0473261227203], [689.9592329203729, 586.019176990677], [825.5064574765585, 875.9526738772797], [675.0407670796271, 958.980823009323]], '칼', 0.16393304091109062), ([[654.1135155856441, 1001.0994685768342], [724.9047482407358, 1018.1322781687254], [715.8864844143559, 1052.9005314231658], [645.0952517592642, 1035.8677218312746]], '털이', 0.9991693866882562)]
[([[659, 27], [887, 27], [887, 213], [659, 213]], "'취'", 0.003917891420325689), ([[573, 625], [785, 625], [785, 881], [573, 881]], '콩', 0.0649032483490295), ([[613, 851], [753, 851], [753, 915], [613, 915]], '서틀 @', 0.035677798092365265), ([[956, 900], [1026, 900], [1026, 952], [956, 952]], '주"', 0.46883080594937887), ([[318, 1002], [344, 1002], [344, 1060], [318, 1060]], '올', 0.0062370423063031755), ([[290, 995], [322, 995], [322, 1125], [290, 1125]], '?', 0.08641819663083883), ([[863, 984], [996, 984], [996, 1206], [863, 1206]], '뿐', 0.06193669236836308), ([[144, 1552], [172, 1552], [172, 1596], [144, 1596]], ':', 0.03000369496704991), ([[110, 1561], [146, 1561], [146, 1652], [110, 1652]], '#', 0.10960324431238533), ([[841.5379965673018, 1464.026770478795], [871.899438026795, 1462.1024352172215], [879.4620034326982, 1557.973229521205], [849.100561973205, 1560.8975647827785]], '콩', 0.010960284789236552)]
[]
[([[296, 120], [404, 120], [404, 148], [296, 148]], '남자낚기가', 0.9712219790936072), ([[722, 118], [750, 118], [750, 146], [722, 146]], '그', 0.9997737535667426), ([[989, 117], [1077, 117], [1077, 161], [989, 161]], '다음은', 0.9996013044390001), ([[304, 146], [392, 146], [392, 172], [304, 172]], '취미라니', 0.976769208908081), ([[702, 150], [780, 150], [780, 180], [702, 180]], '그렇지', 0.9984415401724527), ([[872, 148], [928, 148], [928, 178], [872, 178]], '그러', 0.9999944366205292), ([[314, 170], [382, 170], [382, 198], [314, 198]], '얼마나', 0.9993557521604325), ([[957, 157], [1113, 157], [1113, 193], [957, 193]], '네녀석이다!', 0.7594270326317647), ([[324, 196], [372, 196], [372, 224], [324, 224]], '야한', 0.9994566017884221), ([[430, 200], [476, 200], [476, 224], [430, 224]], '아직', 0.9997185549472805), ([[711, 181], [773, 181], [773, 219], [711, 219]], '않야', 0.6501205936112439), ([[871, 177], [931, 177], [931, 213], [871, 213]], '면서', 0.9942119184828903), ([[980, 192], [1090, 192], [1090, 224], [980, 224]], '이부키!!', 0.6064482662278734), ([[318, 220], [380, 220], [380, 250], [318, 250]], '보지틀', 0.39195771605202995), ([[422, 224], [488, 224], [488, 252], [422, 252]], '고교생', 0.9055371607945409), ([[702, 218], [750, 218], [750, 246], [702, 246]], '요오', 0.9998487804566071), ([[856, 212], [942, 212], [942, 244], [856, 244]], '작다고', 0.9914149641990662), ([[992, 226], [1076, 226], [1076, 258], [992, 258]], '바스트', 0.9995183057634802), ([[316, 248], [380, 248], [380, 272], [316, 272]], '가지고', 0.999980522404552), ([[412, 248], [496, 248], [496, 276], [412, 276]], '신분어건', 0.9407280087471008), ([[884, 244], [914, 244], [914, 274], [884, 274]], '!2', 0.9291229568300219), ([[301, 267], [396, 267], [396, 304], [301, 304]], '(있논거나', 0.7527152751437913), ([[420, 272], [490, 272], [490, 304], [420, 304]], '과분한', 0.9865096510352324), ([[1004, 260], [1068, 260], [1068, 290], [1004, 290]], '95나', 0.7634825706481934), ([[308, 296], [390, 296], [390, 322], [308, 322]], '네녀석!', 0.6731995344161987), ([[432, 298], [476, 298], [476, 328], [432, 328]], '가슴', 0.9989794402202222), ([[1003, 291], [1065, 291], [1065, 327], [1003, 327]], '되는', 0.9775020129082956), ([[412, 326], [488, 326], [488, 350], [412, 350]], '이라고!', 0.995996356010437), ([[982, 326], [1090, 326], [1090, 358], [982, 358]], '주제에!', 0.5501732230186462), ([[72, 464], [102, 464], [102, 490], [72, 490]], '이', 0.9999353896087229), ([[114, 462], [198, 462], [198, 492], [114, 492]], '보지로', 0.9996723289143292), ([[82, 490], [108, 490], [108, 560], [82, 560]], '몇', 0.024522042756365048), ([[109, 491], [197, 491], [197, 529], [109, 529]], '명이나', 0.9908932828631133), ([[107, 523], [191, 523], [191, 561], [107, 561]], '탁거런', 0.3541176716554433), ([[98, 562], [178, 562], [178, 594], [98, 594]], '거나]!', 0.3511667549610138), ([[61, 877], [151, 877], [151, 913], [61, 913]], '모유가', 0.9983689447782499), ([[39, 909], [171, 909], [171, 949], [39, 949]], '나용다고?', 0.5208145935293061), ([[477, 947], [525, 947], [525, 989], [477, 989]], '00 ', 0.3541031785691039), ([[51, 1011], [109, 1011], [109, 1047], [51, 1047]], '유두', 0.9990769402581459), ([[603, 1101], [657, 1101], [657, 1145], [603, 1145]], '000', 0.9235781810906253), ([[215, 1269], [235, 1269], [235, 1299], [215, 1299]], '강', 0.7398330708989), ([[206, 1306], [234, 1306], [234, 1368], [206, 1368]], '팬', 0.250579573454516), ([[684, 1282], [762, 1282], [762, 1372], [684, 1372]], '@', 0.14420593048993258), ([[902, 1364], [990, 1364], [990, 1438], [902, 1438]], '닮', 0.3338955874241947), ([[1007, 1379], [1075, 1379], [1075, 1415], [1007, 1415]], '으!', 0.995677042250275), ([[1007, 1411], [1069, 1411], [1069, 1449], [1007, 1449]], '임신', 0.6543053836881823), ([[990, 1450], [1088, 1450], [1088, 1480], [990, 1480]], '해버려!', 0.9749528765678406), ([[869, 1463], [959, 1463], [959, 1501], [869, 1501]], '자궁에', 0.30864912192358807), ([[883, 1493], [945, 1493], [945, 1533], [883, 1533]], '직접', 0.9999533859037634), ([[54, 1532], [80, 1532], [80, 1556], [54, 1556]], '왜', 0.09079019621418638), ([[381, 1535], [477, 1535], [477, 1571], [381, 1571]], '으라켓!', 0.23229272663593292), ([[866, 1534], [962, 1534], [962, 1562], [866, 1562]], '내 자지', 0.9208230332117362), ([[393, 1567], [465, 1567], [465, 1605], [393, 1605]], '산다!', 0.6554901860765465), ([[558, 1500], [786, 1500], [786, 1646], [558, 1646]], '1"다', 0.034822712312000015), ([[871, 1561], [957, 1561], [957, 1601], [871, 1601]], '밀 크룹', 0.3701065500292016), ([[885, 1595], [945, 1595], [945, 1631], [885, 1631]], '먹여', 0.6727206547179477), ([[872, 1630], [960, 1630], [960, 1662], [872, 1662]], '주지!!', 0.8282701373100281), ([[65.40952575098923, 939.0438225316279], [94.81378582727633, 934.0836557062327], [106.59047424901077, 1013.9561774683721], [77.18621417272367, 1018.9163442937673]], '옆', 0.011343852849243996), ([[96.35164491538949, 944.0351332215832], [146.97965290379088, 939.3359930808206], [156.64835508461053, 1047.9648667784168], [107.02034709620914, 1053.6640069191794]], '물"', 0.9596631114414141), ([[530.1745897723519, 980.0570463609334], [614.9345410672909, 1014.1161321814673], [592.8254102276481, 1063.9429536390664], [509.0654589327091, 1029.8838678185327]], '0운', 0.007147236203674603)]
[([[752, 106], [778, 106], [778, 146], [752, 146]], '특', 0.020119522900430065), ([[746, 146], [775, 146], [775, 201], [746, 201]], '"', 0.08971786352997757), ([[900, 852], [932, 852], [932, 922], [900, 922]], '총', 0.88946027420333), ([[477, 947], [525, 947], [525, 989], [477, 989]], '00 ', 0.31618498133254025), ([[525, 997], [565, 997], [565, 1043], [525, 1043]], '0', 0.9680517242838995), ([[605, 1103], [657, 1103], [657, 1145], [605, 1145]], '000', 0.6964469159584795), ([[209, 1325], [229, 1325], [229, 1359], [209, 1359]], '표', 0.2352992561283287), ([[684, 1282], [762, 1282], [762, 1372], [684, 1372]], '@', 0.20189228183689067), ([[897, 1357], [995, 1357], [995, 1449], [897, 1449]], '올', 0.034302988614671515), ([[565, 1503], [793, 1503], [793, 1643], [565, 1643]], '|"다', 0.12284246979552764), ([[700.5271484408596, 124.02804690322023], [732.6175075210945, 118.0479518649956], [748.4728515591404, 215.97195309677977], [716.3824924789055, 221.95204813500442]], '{', 0.7780036462912818), ([[543.4633436854001, 992.0483902697002], [565.367579716008, 979.0226043003357], [606.5366563145999, 1052.9516097302997], [583.632420283992, 1065.9773956996644]], '출', 0.10578341369369415), ([[200.46432841599443, 1229.0360302783588], [235.08026172459742, 1225.1486321123048], [244.53567158400557, 1310.9639697216412], [209.91973827540258, 1314.8513678876952]], '못', 0.011135060583639111)]
[]
[([[115, 51], [193, 51], [193, 89], [115, 89]], '다음은', 0.9992354565164747), ([[140, 88], [170, 88], [170, 112], [140, 112]], '내', 0.9999835491856999), ([[944, 82], [992, 82], [992, 114], [944, 114]], '엄청', 0.8712608256227361), ([[2067, 84], [2132, 84], [2132, 112], [2067, 112]], '바스트', 0.9988702458743909), ([[112, 106], [174, 106], [174, 130], [112, 130]], '검은보지', 0.9993919730186462), ([[932, 106], [996, 106], [996, 136], [932, 136]], '즐거운', 0.9819657003221706), ([[2085, 113], [2115, 113], [2115, 133], [2085, 133]], '98', 0.9999995785315409), ([[91, 121], [217, 121], [217, 159], [91, 159]], '완숙보지틀', 0.2809828602686261), ([[954, 132], [978, 132], [978, 188], [954, 188]], '흔', 0.0851672208297174), ([[1656, 118], [1706, 118], [1706, 198], [1656, 198]], '`', 0.009565516508534211), ([[1681, 141], [1701, 141], [1701, 169], [1681, 169]], '른', 0.26850391601528045), ([[2069, 139], [2093, 139], [2093, 159], [2069, 159]], '다', 0.9999970197699817), ([[2088, 132], [2132, 132], [2132, 164], [2088, 164]], '음은', 0.9948095237847877), ([[101, 153], [205, 153], [205, 189], [101, 189]], '생각하다', 0.3755064606666565), ([[2074, 160], [2128, 160], [2128, 186], [2074, 186]], '너다!', 0.9718033008276913), ([[114, 184], [190, 184], [190, 216], [114, 216]], '생으로', 0.9995509958447006), ([[108, 204], [200, 204], [200, 282], [108, 282]], '청규올', 0.0011404687240119317), ([[2084, 202], [2110, 202], [2110, 300], [2084, 300]], '~', 0.0023990113389760342), ([[127, 269], [185, 269], [185, 305], [127, 305]], '받아', 0.9998117773632468), ([[101, 297], [181, 297], [181, 335], [101, 335]], '줄께요', 0.5147910714149475), ([[2130, 288], [2184, 288], [2184, 378], [2130, 378]], '곁', 0.306121458090022), ([[1957, 376], [2019, 376], [2019, 474], [1957, 474]], '삶', 0.02832074810470786), ([[1098, 474], [1130, 474], [1130, 498], [1098, 498]], '야', 0.5004098701612111), ([[1321, 455], [1393, 455], [1393, 499], [1321, 499]], '하은', 0.7489679824637324), ([[1098, 498], [1126, 498], [1126, 522], [1098, 522]], '히', 0.9991107772578722), ([[1763, 471], [1823, 471], [1823, 539], [1763, 539]], '7', 0.06915635604805548), ([[1096, 521], [1127, 521], [1127, 602], [1096, 602]], '영', 0.75841039410831), ([[1366, 626], [1432, 626], [1432, 650], [1366, 650]], '요도에', 0.9788020781490644), ([[1446, 604], [1536, 604], [1536, 676], [1446, 676]], '(>', 0.030134843419608034), ([[1599, 577], [1667, 577], [1667, 663], [1599, 663]], '둠', 0.0037675143286799995), ([[1674, 632], [1702, 632], [1702, 672], [1674, 672]], '유', 0.8799422230532947), ([[1376, 650], [1400, 650], [1400, 678], [1376, 678]], '방', 0.8836854968724452), ([[96, 662], [142, 662], [142, 692], [96, 692]], '자!', 0.9405265993929974), ([[1377, 675], [1397, 675], [1397, 703], [1377, 703]], '방', 0.843669306556194), ([[1396, 650], [1420, 650], [1420, 704], [1396, 704]], '풀', 0.20253716639331287), ([[85, 691], [151, 691], [151, 733], [85, 733]], '빨리', 0.9999973868963923), ([[1317, 697], [1339, 697], [1339, 713], [1317, 713]], '기', 0.9992293412697251), ([[1337, 691], [1357, 691], [1357, 717], [1337, 717]], '분', 0.9989998458443097), ([[1366, 700], [1432, 700], [1432, 728], [1366, 728]], '대단해', 0.998943878387485), ([[1307, 715], [1327, 715], [1327, 745], [1307, 745]], '총', 0.4195204784057438), ([[1327, 721], [1349, 721], [1349, 737], [1327, 737]], '아', 0.8860472137458295), ([[68, 736], [174, 736], [174, 768], [68, 768]], '오세요!', 0.6071026666846809), ([[1484, 738], [1524, 738], [1524, 766], [1484, 766]], '[', 0.264214626024458), ([[627, 771], [727, 771], [727, 831], [627, 831]], '43@', 0.7807192426361149), ([[1703, 751], [1739, 751], [1739, 817], [1703, 817]], "중'", 0.8239647173982092), ([[996, 828], [1054, 828], [1054, 856], [996, 856]], '10', 0.5106340292409086), ([[1382, 832], [1430, 832], [1430, 864], [1382, 864]], '그런', 0.9999506042508738), ([[2122, 832], [2176, 832], [2176, 856], [2122, 856]], '이랑!', 0.24221550487228188), ([[2370, 832], [2400, 832], [2400, 868], [2370, 868]], ';"', 0.2282388113523728), ([[1366, 864], [1396, 864], [1396, 892], [1366, 892]], '허', 0.6109548359950736), ([[2122, 854], [2176, 854], [2176, 882], [2122, 882]], '좀 더', 0.9873266816139221), ([[2379, 863], [2399, 863], [2399, 889], [2379, 889]], '여', 0.0740539813618577), ([[1366, 894], [1394, 894], [1394, 920], [1366, 920]], '피', 0.9999926090377045), ([[1388, 856], [1444, 856], [1444, 924], [1388, 924]], "'접혼", 0.10437576021155014), ([[2116, 878], [2184, 878], [2184, 908], [2116, 908]], '강하게', 0.9246372968163729), ([[2103, 909], [2187, 909], [2187, 929], [2103, 929]], '찌르라고', 0.4908183515071869), ([[986, 914], [1016, 914], [1016, 942], [986, 942]], '10', 0.5370043259663019), ([[1382, 922], [1430, 922], [1430, 950], [1382, 950]], '으로', 0.9997569056329395), ([[989, 939], [1009, 939], [1009, 963], [989, 963]], '7', 0.08047286679331833), ([[294, 956], [332, 956], [332, 986], [294, 986]], '2)', 0.2937136838166632), ([[627, 951], [683, 951], [683, 993], [627, 993]], '2', 0.8530921551391799), ([[1384, 945], [1451, 945], [1451, 1043], [1384, 1043]], "'훌어", 0.09589523655534793), ([[1396, 1038], [1438, 1038], [1438, 1064], [1396, 1064]], "'아?", 0.9831411492977905), ([[204, 1060], [268, 1060], [268, 1092], [204, 1092]], '거기', 0.9999944366205292), ([[204, 1096], [268, 1096], [268, 1126], [204, 1126]], '까지', 0.9975580428644182), ([[203, 1131], [269, 1131], [269, 1167], [203, 1167]], '여요', 0.5688716952156949), ([[438, 1156], [464, 1156], [464, 1182], [438, 1182]], '1궁', 0.10891777777472561), ([[1004, 1210], [1034, 1210], [1034, 1244], [1004, 1244]], '우', 0.9854973927162725), ([[1352, 1258], [1390, 1258], [1390, 1290], [1352, 1290]], '야', 0.8933475405052036), ([[962, 1370], [994, 1370], [994, 1404], [962, 1404]], '0', 0.9567831559084858), ([[1351, 1289], [1391, 1289], [1391, 1427], [1351, 1427]], '형', 0.006797501641139014), ([[2268, 1376], [2304, 1376], [2304, 1402], [2268, 1402]], '네', 0.9996328690906466), ([[2275, 1403], [2313, 1403], [2313, 1443], [2275, 1443]], '냄', 0.06294122450217188), ([[774, 1478], [828, 1478], [828, 1502], [774, 1502]], '자지', 0.9522276337146072), ([[1970, 1470], [2028, 1470], [2028, 1498], [1970, 1498]], '하0', 0.6058969392055981), ([[498, 1518], [580, 1518], [580, 1548], [498, 1548]], '보지예', 0.8227266325154036), ([[772, 1508], [830, 1508], [830, 1538], [772, 1538]], '먹혀', 0.7871401096825533), ([[493, 1551], [583, 1551], [583, 1587], [493, 1587]], '딸려가', 0.9660014175380582), ([[758, 1542], [818, 1542], [818, 1574], [758, 1574]], '버려', 0.9400272284939158), ([[1728, 1538], [1776, 1538], [1776, 1608], [1728, 1608]], '#', 0.07809659956764392), ([[494, 1586], [554, 1586], [554, 1618], [494, 1618]], '버려', 0.9842018931371036), ([[1638.4437764224065, 195.05201503875458], [1666.0935941807313, 202.85131123556525], [1652.5562235775935, 253.94798496124542], [1623.9064058192687, 246.14868876443475]], '잠', 0.21368037482666669), ([[530.2051046034557, 365.3332719689847], [558.6358215799269, 339.0405916765707], [611.7948953965443, 400.6667280310153], [583.3641784200731, 426.9594083234293]], '동', 0.9008513750490046), ([[2092.2155354594474, 350.07767729723633], [2124.7405934794647, 341.0691576859184], [2142.7844645405526, 407.92232270276367], [2110.2594065205353, 417.9308423140816]], '%', 0.01892623706623575), ([[662.615171078558, 502.0373725006457], [682.4190581774617, 499.04439517184517], [689.384828921442, 556.9626274993543], [669.5809418225383, 558.9556048281548]], '통', 0.8830616449461246), ([[526.8858279709377, 608.2145699273442], [546.5462677805469, 593.0501539850466], [580.1141720290623, 638.7854300726558], [560.4537322194531, 652.9498460149534]], '통', 0.3485296984785613), ([[1529.4756975137109, 816.0229516563047], [1577.4229248412043, 835.9456522288959], [1532.5243024862891, 941.9770483436953], [1484.5770751587957, 921.0543477711041]], '~', 0.01830648798888035), ([[459.2802656784306, 949.3885579247043], [481.64710010826593, 929.0526893395779], [523.7197343215694, 977.6114420752957], [501.35289989173407, 997.9473106604221]], '통', 0.5989632368455808), ([[1358.6534815345406, 945.0150376472172], [1389.5201361472007, 942.0339618775943], [1402.3465184654594, 1067.9849623527828], [1372.4798638527993, 1071.9660381224057]], '흙', 0.13241883286377742), ([[1710.8669156380993, 988.1079613181162], [1753.8106792284, 970.0550189917342], [1784.1330843619007, 1051.8920386818838], [1740.1893207716, 1069.9449810082658]], '좌', 0.02075457184069962), ([[882.9973506193547, 1146.0843686541932], [926.8485281374238, 1130.060303038033], [956.0026493806453, 1216.9156313458068], [912.1514718625762, 1232.939696961967]], '못', 0.09939812739358533), ([[1556.3024029202134, 1134.0243617590515], [1679.8851682353227, 1226.4888914799506], [1626.6975970797866, 1296.9756382409485], [1503.1148317646773, 1205.5111085200494]], '{>9', 0.08548151964386336), ([[997.7066742278557, 1234.0107694988387], [1032.9750246367464, 1243.5215984009542], [998.2933257721443, 1377.9892305011613], [962.0249753632536, 1368.4784015990458]], '물', 0.011302481982414181), ([[1446.00019994002, 1307.1009797060979], [1477.5521576303743, 1287.0305813266318], [1526.99980005998, 1365.8990202939021], [1495.4478423696257, 1386.9694186733682]], '총', 0.10342043887749597), ([[1858.4640519091524, 1324.013064137626], [1940.5556349186104, 1308.1105555697272], [1984.5359480908476, 1550.986935862374], [1903.4443650813896, 1567.8894444302728]], '술', 0.4844882413940219), ([[1722.9266873708002, 1428.0967805394005], [1766.6483267673843, 1417.230856314155], [1785.0733126291998, 1494.9032194605995], [1741.3516732326157, 1505.769143685845]], '통', 0.08057541562128367), ([[1419.0440559000835, 1573.3277621102425], [1451.66994167109, 1543.037519127298], [1511.9559440999165, 1613.6722378897575], [1479.33005832891, 1643.962480872702]], '8', 0.15202930654553715)]
[([[1064, 146], [1094, 146], [1094, 188], [1064, 188]], '존', 0.3602306639966315), ([[1048, 172], [1072, 172], [1072, 202], [1048, 202]], '%', 0.0424069969649834), ([[723, 301], [769, 301], [769, 339], [723, 339]], '|-', 0.11749139081243767), ([[797, 337], [843, 337], [843, 377], [797, 377]], '7"~', 0.18504994846597664), ([[312, 386], [346, 386], [346, 418], [312, 418]], '43', 0.5631738756843228), ([[939, 682], [989, 682], [989, 784], [939, 784]], '중', 0.8327229760543595), ([[260.2562854188427, 178.5587995863798], [277.6648633107669, 163.07460143262563], [307.7437145811573, 197.4412004136202], [290.3351366892331, 212.92539856737437]], '5', 0.4205372853098801), ([[759.4633436854001, 412.0483902697003], [787.9258099693781, 418.69972698102066], [777.5366563145999, 472.9516097302997], [748.0741900306219, 466.30027301897934]], '종', 0.6100421232386886), ([[776.2844582472001, 573.0645203596004], [841.9699425213623, 599.5105550316129], [826.7155417527999, 635.9354796403996], [761.0300574786377, 609.4894449683871]], '539', 0.20109737721118745)]
[]
[([[867, 84], [932, 84], [932, 112], [867, 112]], '바스트', 0.9984977590820763), ([[885, 113], [915, 113], [915, 133], [885, 133]], '98', 0.9999994942378553), ([[456, 118], [506, 118], [506, 198], [456, 198]], '운', 0.00768369036985761), ([[481, 141], [501, 141], [501, 169], [481, 169]], '른', 0.3117350506129277), ([[869, 139], [893, 139], [893, 159], [869, 159]], '다', 0.9999961853063724), ([[888, 132], [932, 132], [932, 164], [888, 164]], '음은', 0.9966561073333173), ([[874, 160], [928, 160], [928, 186], [874, 186]], '너다!', 0.9734302605326551), ([[884, 202], [910, 202], [910, 302], [884, 302]], '하', 0.05963377399176495), ([[930, 288], [982, 288], [982, 378], [930, 378]], '곁', 0.40048915328668855), ([[757, 377], [819, 377], [819, 475], [757, 475]], '칼', 0.043794425794807745), ([[121, 455], [193, 455], [193, 499], [121, 499]], '하은', 0.5853025482417237), ([[563, 471], [623, 471], [623, 539], [563, 539]], '7', 0.08780442456827942), ([[166, 626], [232, 626], [232, 650], [166, 650]], '요도에', 0.9697746210097916), ([[244, 604], [336, 604], [336, 676], [244, 676]], '(-', 0.013161565826802278), ([[398, 576], [470, 576], [470, 664], [398, 664]], '수', 0.012184238143642612), ([[474, 632], [502, 632], [502, 672], [474, 672]], '유', 0.8263288590866615), ([[176, 650], [200, 650], [200, 678], [176, 678]], '방', 0.8998051977107622), ([[177, 675], [197, 675], [197, 703], [177, 703]], '방', 0.8063238250119333), ([[197, 651], [217, 651], [217, 703], [197, 703]], '풀', 0.0530708037613723), ([[115, 695], [139, 695], [139, 713], [115, 713]], '기', 0.9998803174544832), ([[137, 691], [157, 691], [157, 717], [137, 717]], '분', 0.9987280839526456), ([[166, 700], [232, 700], [232, 728], [166, 728]], '대단해', 0.9993062710514007), ([[106, 714], [150, 714], [150, 746], [106, 746]], '좋아', 0.40854229954153687), ([[284, 738], [324, 738], [324, 766], [284, 766]], '1', 0.10827072818189265), ([[503, 751], [539, 751], [539, 819], [503, 819]], "중'", 0.8768635898123774), ([[182, 832], [230, 832], [230, 864], [182, 864]], '그런', 0.9999562518515352), ([[922, 832], [976, 832], [976, 856], [922, 856]], '이랑!', 0.25022485785131215), ([[166, 864], [196, 864], [196, 892], [166, 892]], '허', 0.6109548359950736), ([[922, 854], [976, 854], [976, 882], [922, 882]], '좀 더', 0.9844251871109009), ([[166, 894], [194, 894], [194, 920], [166, 920]], '피', 0.9999926090377045), ([[188, 856], [244, 856], [244, 924], [188, 924]], "'접혼", 0.09720819943840228), ([[916, 878], [984, 878], [984, 908], [916, 908]], '강하게', 0.9299071614815368), ([[903, 909], [987, 909], [987, 929], [903, 929]], '찌르라고', 0.5059493184089661), ([[182, 922], [230, 922], [230, 950], [182, 950]], '으로', 0.9997322937148085), ([[185, 945], [251, 945], [251, 1043], [185, 1043]], "'흉없", 0.027869687872731214), ([[520, 980], [572, 980], [572, 1042], [520, 1042]], '및', 0.02191838636125909), ([[196, 1038], [238, 1038], [238, 1064], [196, 1064]], "'아?", 0.9636591225835289), ([[152, 1258], [190, 1258], [190, 1290], [152, 1290]], '야', 0.8806253799783725), ([[150, 1288], [190, 1288], [190, 1426], [150, 1426]], '형', 0.017041687141141404), ([[1068, 1376], [1104, 1376], [1104, 1402], [1068, 1402]], '네', 0.9996577794134431), ([[1075, 1403], [1113, 1403], [1113, 1443], [1075, 1443]], '냄', 0.06865842745382711), ([[670, 1359], [773, 1359], [773, 1559], [670, 1559]], '3', 0.02378453915981993), ([[770, 1470], [828, 1470], [828, 1498], [770, 1498]], '하0', 0.8780255699165423), ([[438.45373221945306, 194.05015398504662], [467.06764129799257, 200.82632581493093], [452.54626778054694, 253.94984601495338], [423.93235870200743, 246.17367418506907]], '잠', 0.3870879824178566), ([[892.230342157116, 349.0747450012914], [923.6758552604434, 340.05751098074694], [942.769657842884, 407.9252549987086], [910.3241447395566, 417.94248901925306]], '%', 0.5291195251086265), ([[329.48022230181095, 816.0225564708259], [377.4207653498527, 835.9432976789587], [332.51977769818905, 942.9774435291741], [283.5792346501473, 922.0567023210413]], '@', 0.03280603895485812), ([[158.65348153454065, 945.0150376472172], [189.52013614720073, 942.0339618775943], [202.34651846545935, 1067.9849623527828], [172.47986385279927, 1071.9660381224057]], '흙', 0.1190414711928156), ([[356.3024029202134, 1134.0243617590515], [479.86563231062513, 1227.3662010186226], [426.6975970797866, 1296.9756382409485], [303.13436768937487, 1204.6337989813774]], '{*>9', 0.005951610393822193), ([[247.00019994002, 1307.1009797060979], [277.5521576303742, 1287.0305813266318], [326.99980005998003, 1365.8990202939021], [296.4478423696258, 1386.9694186733682]], '8', 0.03536492727116447), ([[522.9266873708001, 1428.0967805394005], [566.6483267673842, 1417.230856314155], [585.0733126291999, 1494.9032194605995], [541.3516732326158, 1505.769143685845]], '통', 0.221379160897758), ([[521.0557630317494, 1542.0899677650968], [556.6439429048866, 1529.0416396323737], [580.9442369682506, 1603.9100322349032], [546.3560570951134, 1615.9583603676263]], '씨', 0.00833049438137451), ([[217.98198161801108, 1573.3495485304309], [250.67745812826573, 1543.0383684712617], [310.01801838198895, 1612.6504514695691], [277.3225418717343, 1642.9616315287383]], '종', 0.05128277949773641)]
[([[930, 298], [980, 298], [980, 378], [930, 378]], '줄', 0.15826418736907133), ([[897, 349], [939, 349], [939, 405], [897, 405]], '",', 0.014492285574368944), ([[756, 375], [822, 375], [822, 477], [756, 477]], '칼', 0.09222541763216441), ([[564, 472], [620, 472], [620, 534], [564, 534]], '7', 0.17659468163743952), ([[244, 604], [336, 604], [336, 680], [244, 680]], '(~', 0.12009094356391443), ([[399, 577], [461, 577], [461, 659], [399, 659]], '', 0.0), ([[394, 676], [482, 676], [482, 756], [394, 756]], '7"~', 0.005892854190397396), ([[284, 738], [342, 738], [342, 768], [284, 768]], '[쇼', 0.12581830776461567), ([[503, 751], [539, 751], [539, 817], [503, 817]], "중'", 0.8900937090465809), ([[520, 980], [572, 980], [572, 1042], [520, 1042]], '및', 0.01905085145430996), ([[329.4710935662174, 817.0233572982565], [378.5963100479355, 839.1433260517323], [331.5289064337826, 941.9766427017435], [282.4036899520645, 919.8566739482677]], '@', 0.024229702656882957), ([[348.1763617125874, 1137.0339767223074], [485.91777866634027, 1196.720286623698], [448.8236382874126, 1277.9660232776926], [311.08222133365973, 1219.279713376302]], '{39', 0.04557517356954917), ([[246.00019994002, 1307.1009797060979], [277.5521576303742, 1287.0305813266318], [326.99980005998003, 1365.8990202939021], [295.4478423696258, 1386.9694186733682]], '총', 0.10141733317954404), ([[663.4319172571411, 1320.0134541256764], [749.5450120690695, 1308.2729836033077], [779.5680827428589, 1554.9865458743236], [693.4549879309305, 1566.7270163966923]], '술', 0.12095075508318587), ([[522.9266873708001, 1428.0967805394005], [566.6483267673842, 1417.230856314155], [585.0733126291999, 1494.9032194605995], [541.3516732326158, 1505.769143685845]], '통', 0.22250430395588072), ([[522.0729607040108, 1542.0866917312576], [557.6982192152341, 1530.048991019249], [580.9270392959892, 1604.9133082687424], [545.3017807847659, 1617.951008980751]], '5', 0.049401778865405754), ([[218.04405590008358, 1572.3277621102425], [250.6699416710901, 1542.037519127298], [310.95594409991645, 1612.6722378897575], [278.3300583289099, 1642.962480872702]], '8', 0.3364050279805184)]
[]
[([[115, 51], [193, 51], [193, 89], [115, 89]], '다음은', 0.9994670342403931), ([[140, 88], [170, 88], [170, 112], [140, 112]], '내', 0.9999862909786863), ([[944, 82], [992, 82], [992, 114], [944, 114]], '엄청', 0.8705224906269925), ([[112, 106], [174, 106], [174, 130], [112, 130]], '검은보지', 0.9990948438644409), ([[932, 106], [996, 106], [996, 136], [932, 136]], '즐거운', 0.9521734653098527), ([[91, 121], [217, 121], [217, 159], [91, 159]], '완숙보지틀', 0.27106045753732877), ([[101, 153], [205, 153], [205, 189], [101, 189]], '생각하다', 0.43330350518226624), ([[937, 157], [959, 157], [959, 177], [937, 177]], '간', 0.9537930637307568), ([[954, 132], [978, 132], [978, 186], [954, 186]], '흔', 0.05289877496474915), ([[114, 184], [190, 184], [190, 216], [114, 216]], '생으로', 0.9995960051593208), ([[108, 204], [200, 204], [200, 282], [108, 282]], '청규올', 0.0009652462246840262), ([[127, 269], [185, 269], [185, 305], [127, 305]], '받아', 0.999846336048545), ([[101, 297], [181, 297], [181, 335], [101, 335]], '줄께요 ', 0.5963205099105835), ([[1098, 474], [1124, 474], [1124, 498], [1098, 498]], '이', 0.8069135345628844), ([[1098, 498], [1126, 498], [1126, 522], [1098, 522]], '히', 0.9993051305947489), ([[1094, 520], [1127, 520], [1127, 599], [1094, 599]], '영', 0.10736138438762399), ([[96, 662], [144, 662], [144, 692], [96, 692]], '자!', 0.9472184548122143), ([[85, 691], [153, 691], [153, 733], [85, 733]], '빨리', 0.9999969654282558), ([[67, 735], [173, 735], [173, 767], [67, 767]], '오세요!', 0.969666754550633), ([[627, 771], [727, 771], [727, 831], [627, 831]], '43@', 0.6339837282772299), ([[996, 828], [1054, 828], [1054, 856], [996, 856]], '10', 0.8860238719747691), ([[986, 914], [1016, 914], [1016, 942], [986, 942]], '10', 0.17460737643012647), ([[989, 939], [1009, 939], [1009, 963], [989, 963]], '7', 0.2803113689808221), ([[294, 956], [332, 956], [332, 986], [294, 986]], '2', 0.4025315150737505), ([[629, 951], [683, 951], [683, 993], [629, 993]], '29', 0.197294805128642), ([[204, 1060], [268, 1060], [268, 1092], [204, 1092]], '거기', 0.9999942680334141), ([[204, 1096], [268, 1096], [268, 1126], [204, 1126]], '까지', 0.9985213032082736), ([[203, 1131], [269, 1131], [269, 1167], [203, 1167]], '여요', 0.4344307018638199), ([[438, 1158], [464, 1158], [464, 1182], [438, 1182]], '(종', 0.15732484666419388), ([[908, 1192], [936, 1192], [936, 1220], [908, 1220]], '유', 0.056809332131991574), ([[774, 1478], [828, 1478], [828, 1502], [774, 1502]], '자지', 0.907135743345055), ([[496, 1518], [580, 1518], [580, 1548], [496, 1548]], '보지에', 0.5538733601570129), ([[772, 1508], [830, 1508], [830, 1538], [772, 1538]], '먹혀', 0.8537882134572419), ([[493, 1551], [583, 1551], [583, 1587], [493, 1587]], '딸려가', 0.8673508167266846), ([[758, 1542], [818, 1542], [818, 1574], [758, 1574]], '버려', 0.8433781391940505), ([[494, 1586], [554, 1586], [554, 1618], [494, 1618]], '버려', 0.987750446370454), ([[530.263428220882, 365.31125619638146], [558.6279009320807, 339.0395826365625], [612.736571779118, 401.68874380361854], [584.3720990679193, 427.9604173634375]], '동', 0.9563978154676676), ([[661.615171078558, 502.0373725006457], [682.4447206735381, 499.0500708929482], [689.384828921442, 556.9626274993543], [668.5552793264619, 559.9499291070518]], '통', 0.9586481099985669), ([[527.9909908090056, 607.1747742652154], [547.5462677805469, 594.0501539850466], [578.0090091909944, 640.8252257347846], [558.4537322194531, 653.9498460149534]], '중', 0.353946022957885), ([[459.2802656784306, 949.3885579247043], [481.64710010826593, 929.0526893395779], [523.7197343215694, 977.6114420752957], [501.35289989173407, 997.9473106604221]], '통', 0.5198780677574746), ([[883.7275335036018, 1155.1646273136869], [914.6201736729461, 1134.0386106164317], [957.2724664963982, 1202.8353726863131], [926.3798263270539, 1223.9613893835683]], '중', 0.5598612155558023), ([[996.4421259126165, 1235.0390939795766], [1032.6031654938238, 1242.962973590539], [1015.5578740873835, 1313.9609060204234], [979.3968345061761, 1305.037026409461]], '콩', 0.23268589548094099), ([[979.457124714834, 1297.0370104182882], [1016.5243498696649, 1304.8971532852036], [1000.542875285166, 1377.9629895817118], [963.4756501303351, 1370.1028467147964]], '용', 0.9563399919511681)]
[([[1085, 465], [1121, 465], [1121, 505], [1085, 505]], '떼', 0.23120916677064063), ([[1088, 588], [1120, 588], [1120, 622], [1088, 622]], '@', 0.9919536502946045), ([[627, 771], [727, 771], [727, 831], [627, 831]], '43@', 0.7454499369567147), ([[996, 828], [1054, 828], [1054, 856], [996, 856]], '1710', 0.15487140472665065), ([[986, 914], [1016, 914], [1016, 942], [986, 942]], '10', 0.3596164786781543), ([[294, 956], [332, 956], [332, 986], [294, 986]], '2', 0.9031674760447004), ([[629, 951], [685, 951], [685, 993], [629, 993]], "2'9", 0.038284928488518714), ([[440, 1158], [464, 1158], [464, 1182], [440, 1182]], '(중', 0.22713912638818096), ([[35, 1185], [75, 1185], [75, 1223], [35, 1223]], '간', 0.21871996177761677), ([[619, 1341], [775, 1341], [775, 1509], [619, 1509]], '감', 0.006526631350888046), ([[530.263428220882, 365.31125619638146], [558.6279009320807, 339.0395826365625], [612.736571779118, 401.68874380361854], [584.3720990679193, 427.9604173634375]], '동', 0.9471714204850379), ([[661.615171078558, 502.0373725006457], [682.4120209620996, 499.0429004300265], [689.384828921442, 556.9626274993543], [669.5879790379004, 559.9570995699735]], '통', 0.9447456525078088), ([[1095.5635180285155, 516.0319225939054], [1122.3245229536578, 519.308227545792], [1115.4364819714845, 589.9680774060946], [1088.6754770463422, 587.691772454208]], '@', 0.34165239133034575), ([[526.9230627620734, 607.1999631813908], [545.527371915451, 592.0467172734745], [580.0769372379266, 638.8000368186092], [560.472628084549, 653.9532827265255]], '통', 0.09038786028271151), ([[459.2802656784306, 949.3885579247043], [481.64710010826593, 929.0526893395779], [523.7197343215694, 977.6114420752957], [501.35289989173407, 997.9473106604221]], '통', 0.28973535928804495), ([[884.9266873708001, 1149.0967805394005], [926.7442084075352, 1132.046332739718], [956.0733126291999, 1215.9032194605995], [914.2557915924648, 1231.953667260282]], '중', 0.026595010867681346), ([[843.416812645231, 1372.0189147365568], [910.895533471189, 1354.04466528811], [957.583187354769, 1543.9810852634432], [890.104466528811, 1561.95533471189]], '곁', 0.01624389100521406)]
[]
[([[1024, 196], [1112, 196], [1112, 228], [1024, 228]], '부너자', 0.8528356978164481), ([[1037, 223], [1099, 223], [1099, 265], [1037, 265]], '폭행', 0.9440445102284096), ([[1052, 262], [1078, 262], [1078, 296], [1052, 296]], '및', 0.999985933353301), ([[1035, 291], [1101, 291], [1101, 333], [1035, 333]], '강간', 0.9990887382045641), ([[936, 334], [972, 334], [972, 362], [936, 362]], '제', 0.9992969080289846), ([[1021, 325], [1109, 325], [1109, 365], [1021, 365]], '현행범', 0.8125330805778503), ([[897, 359], [1011, 359], [1011, 399], [897, 399]], '보지감옥', 0.9899450540542603), ([[1040, 364], [1094, 364], [1094, 394], [1040, 394]], '으로', 0.9997369295077405), ([[783, 354], [819, 354], [819, 442], [783, 442]], '목', 0.2732920121144531), ([[924, 400], [982, 400], [982, 430], [924, 430]], '어서', 0.7800375656194857), ([[1038, 398], [1096, 398], [1096, 428], [1038, 428]], '제포', 0.8218245616674567), ([[925, 429], [983, 429], [983, 467], [925, 467]], '반성', 0.9999833941820702), ([[1017, 425], [1117, 425], [1117, 465], [1017, 465]], '합니다!', 0.8738135099411011), ([[904, 466], [1004, 466], [1004, 496], [904, 496]], '하세요!', 0.9926177263259888), ([[755, 631], [799, 631], [799, 667], [755, 667]], '{3', 0.12032345883608213), ([[183, 985], [241, 985], [241, 1023], [183, 1023]], '두번', 0.9996490190887369), ([[184, 1022], [242, 1022], [242, 1052], [184, 1052]], '다시', 0.9999713402633025), ([[153, 1049], [269, 1049], [269, 1089], [153, 1089]], '강간다원', 0.7415575981140137), ([[168, 1116], [200, 1116], [200, 1154], [168, 1154]], '없', 0.46085706186307007), ([[175, 1081], [211, 1081], [211, 1123], [175, 1123]], '할', 0.9426733130481466), ([[193, 1081], [257, 1081], [257, 1157], [193, 1157]], '도속', 0.30008657492524277), ([[168, 1156], [254, 1156], [254, 1186], [168, 1186]], '서에서', 0.9988824261558005), ([[184, 1190], [242, 1190], [242, 1218], [184, 1218]], '보지', 0.9005459141308402), ([[167, 1217], [257, 1217], [257, 1255], [167, 1255]], '경찰의', 0.9946921401925239), ([[394, 1194], [418, 1194], [418, 1258], [394, 1258]], '푹', 0.9561478812072579), ([[153, 1247], [265, 1247], [265, 1289], [153, 1289]], '정액형올', 0.907697856426239), ([[182, 1290], [240, 1290], [240, 1320], [182, 1320]], '내려', 0.9999922449886813), ([[145, 1317], [283, 1317], [283, 1355], [145, 1355]], '주컷어요!', 0.3753180728079792), ([[734, 1319], [763, 1319], [763, 1396], [734, 1396]], '품', 0.6109136518928295), ([[514, 1368], [538, 1368], [538, 1428], [514, 1428]], '푹', 0.7109917150657772), ([[950, 1444], [988, 1444], [988, 1470], [950, 1470]], '야', 0.34055874913363837), ([[952, 1478], [988, 1478], [988, 1508], [952, 1508]], '히', 0.9982962718692221), ([[948, 1506], [996, 1506], [996, 1588], [948, 1588]], '행', 0.021657611913783237), ([[321, 1565], [635, 1565], [635, 1603], [321, 1603]], '보지에는 이길 수 없없습니다', 0.4583987643793257), ([[167, 1603], [229, 1603], [229, 1675], [167, 1675]], '곳', 0.9973260182253085), ([[765.0939460213589, 664.1039678918432], [797.5904742490108, 652.0438225316279], [818.9060539786411, 714.8960321081568], [787.4095257509892, 726.9561774683721]], '[', 0.04485883352992581), ([[772.6035088397269, 1105.026316297952], [795.3575886505854, 1109.3247517767875], [781.3964911602731, 1185.973683702048], [758.6424113494146, 1181.6752482232125]], '품', 0.6270146712502225), ([[847.8875528448131, 1281.1040300775092], [891.135716973584, 1266.108468199533], [915.1124471551869, 1345.8959699224908], [872.864283026416, 1360.891531800467]], '죽', 0.7066736195655245), ([[314.101167723432, 1307.0677069746514], [356.52430248628906, 1283.0229516563047], [409.898832276568, 1384.9322930253486], [367.47569751371094, 1408.9770483436953]], '술', 0.957217325253751), ([[773.5274537539646, 1454.013968442001], [837.7431017633522, 1462.9296966692234], [813.4725462460354, 1638.986031557999], [749.2568982366478, 1630.0703033307766]], '쭉', 0.2812777289513271)]
[([[785, 355], [821, 355], [821, 461], [785, 461]], '"', 0.12966518544449546), ([[755, 631], [799, 631], [799, 667], [755, 667]], '{3', 0.21930704806771237), ([[995, 693], [1013, 693], [1013, 731], [995, 731]], '죽', 0.2552048463448422), ([[800, 1529], [848, 1529], [848, 1625], [800, 1625]], '물', 0.5921061512666803), ([[307.20056785616976, 629.0675524870575], [517.8358048848469, 597.1347172451947], [537.7994321438302, 809.9324475129425], [326.1641951151531, 840.8652827548053]], '소', 0.003875666326276242), ([[765.0521752792359, 666.1139186448675], [796.5904742490108, 653.0438225316279], [819.9478247207641, 714.8860813551325], [788.4095257509892, 727.9561774683721]], '릇', 0.01700707142782698), ([[1052.4421259126163, 731.0390939795767], [1083.97879354222, 734.5237410744784], [1074.5578740873837, 809.9609060204233], [1043.02120645778, 806.4762589255216]], '$', 0.05956296082862966), ([[848.9074644389061, 1281.1003079700931], [893.3543625113977, 1267.1548565297574], [916.0925355610939, 1346.8996920299069], [871.6456374886023, 1360.8451434702426]], '쥐', 0.24552834075655117), ([[310.9815420665362, 1304.074486052446], [357.6012183950711, 1280.0258666171753], [408.0184579334638, 1385.925513947554], [361.3987816049289, 1409.9741333828247]], '술', 0.7345164172632082), ([[528.5149287499273, 1386.0597149997093], [547.3135614896084, 1391.4918368082274], [536.4850712500727, 1429.9402850002907], [517.6864385103916, 1425.5081631917726]], '요', 0.01793835790410392), ([[707.4224957091271, 1554.0334630984937], [742.4785620332212, 1545.0229548544985], [767.5775042908729, 1649.9665369015063], [731.5214379667788, 1658.9770451455015]], '"', 0.14528230263021502), ([[181.9563638994289, 1579.0683656356596], [325.61063226800843, 1599.5345839131803], [312.0436361005711, 1670.9316343643404], [168.38936773199157, 1650.4654160868197]], '17', 0.13794484672893145), ([[680.9819816180111, 1626.7801797798122], [699.6795404839809, 1610.0779759188824], [728.0180183819889, 1642.2198202201878], [709.3204595160191, 1658.9220240811176]], '?', 0.9987902725833386)]
[]
[]
[]
[]
[([[67, 53], [117, 53], [117, 91], [67, 91]], ']', 0.08825357534357181), ([[55, 97], [131, 97], [131, 159], [55, 159]], '65', 0.9837475135654477), ([[192, 390], [290, 390], [290, 414], [192, 414]], '[@-* ', 0.0027223697389610834), ([[94, 390], [544, 390], [544, 538], [94, 538]], ':자@히', 0.0005654717097058892), ([[68, 724], [142, 724], [142, 754], [68, 754]], '묘시미', 0.07323797918146784), ([[68, 748], [144, 748], [144, 778], [68, 778]], '[스', 0.10109720538683857), ([[343, 728], [530, 728], [530, 780], [343, 780]], '6-도', 0.002651120450033636)]
[]
[]
[]
[]
[([[43, 47], [259, 47], [259, 107], [43, 107]], '보지 테이터', 0.1449804307119837), ([[44, 124], [236, 124], [236, 150], [44, 150]], '플리토리스 길이요 [80떠', 0.029370870600991274), ([[58, 138], [188, 138], [188, 186], [58, 186]], "[품히철- 평-업'", 0.011115312835199986), ([[36, 134], [124, 134], [124, 238], [36, 238]], '`필', 0.00029205719446083147), ([[60, 172], [184, 172], [184, 200], [60, 200]], '모 :손질이 흩날', 0.010820081003961058), ([[116, 188], [236, 188], [236, 238], [116, 238]], '백요움기공관0)', 0.0013483758105955332), ([[176, 732], [356, 732], [356, 756], [176, 756]], '2 93303? 3', 0.0011102609610308956), ([[176, 754], [288, 754], [288, 780], [176, 780]], '후곤 악', 0.0003914214903488755)]
[([[37, 51], [255, 51], [255, 111], [37, 111]], '보 테이블', 0.14632876010663465), ([[120, 126], [232, 126], [232, 152], [120, 152]], '길기 380떠', 0.008265997769498636), ([[157, 145], [177, 145], [177, 169], [157, 169]], '함', 0.8863411208206031), ([[27, 113], [193, 113], [193, 249], [27, 249]], '@병기{', 0.00010742436279542744), ([[38, 192], [88, 192], [88, 240], [38, 240]], '현옛', 0.06945900936032523), ([[106, 192], [228, 192], [228, 240], [106, 240]], '{월요물기 강간)', 0.00350192471796136), ([[176, 732], [356, 732], [356, 756], [176, 756]], '관 -3형032  3', 0.0007611204898885255), ([[176, 754], [288, 754], [288, 780], [176, 780]], '후라, ;체', 4.205435995030207e-05)]
[([[31, 63], [249, 63], [249, 125], [31, 125]], '보지 데이터', 0.1862895567663014), ([[116, 140], [226, 140], [226, 166], [116, 166]], '길이요|80떠', 0.012863965868269017), ([[26, 132], [124, 132], [124, 258], [26, 258]], '1"', 0.006631659396155513), ([[51, 159], [71, 159], [71, 213], [51, 213]], '퍽', 0.028668511276070063), ([[53, 142], [187, 142], [187, 263], [53, 263]], '{불카', 5.023033539175824e-05), ([[104, 206], [226, 206], [226, 256], [104, 256]], '[텍임언봉공관)', 0.0014366040517658214), ([[176, 730], [356, 730], [356, 756], [176, 756]], '2 933309 33', 0.003816662033298841), ([[176, 754], [288, 754], [288, 780], [176, 780]], '후 악체', 0.0008121580697510821)]
[([[31, 55], [251, 55], [251, 117], [31, 117]], '보 데@트', 0.1107947929639055), ([[154, 130], [226, 130], [226, 156], [154, 156]], '요8옷김', 0.004788615275174379), ([[19, 117], [189, 117], [189, 255], [19, 255]], '[@기', 0.0006869777177202112), ([[108, 214], [224, 214], [224, 244], [108, 244]], '백인어계공간)', 0.1184858211380065), ([[176, 730], [356, 730], [356, 756], [176, 756]], '24 93시097 33', 0.003545807278452053), ([[176, 754], [288, 754], [288, 780], [176, 780]], '후하미 ', 0.0004890478448942304)]
[([[35, 49], [253, 49], [253, 109], [35, 109]], '보지 테이트', 0.23588686572467982), ([[122, 126], [230, 126], [230, 150], [122, 150]], '길이요80김', 0.010720063064688444), ([[29, 117], [137, 117], [137, 245], [29, 245]], '[뼈뼈액', 3.0191851692507043e-05), ([[70, 160], [176, 160], [176, 202], [70, 202]], '{합룻적질이활-', 0.006559399311625926), ([[110, 194], [162, 194], [162, 218], [110, 218]], ':6살', 0.8940861830685977), ([[115, 143], [179, 143], [179, 187], [115, 187]], '필결함', 0.03274467540047916), ([[71, 191], [115, 191], [115, 237], [71, 237]], '1햇:', 0.007150878366273212), ([[112, 210], [226, 210], [226, 236], [112, 236]], '백인이계강간)', 0.3970029727796315), ([[176, 730], [356, 730], [356, 756], [176, 756]], '24 93디030 3', 0.0010809479126199612), ([[176, 754], [288, 754], [288, 780], [176, 780]], '후라미 마끼', 2.5714957673040595e-05)]
[([[52, 64], [266, 64], [266, 120], [52, 120]], '보지 데이터', 0.7507075684136634), ([[54, 138], [244, 138], [244, 162], [54, 162]], '플리토리스 길이 ; 18떠', 0.13040715988501136), ([[65, 153], [195, 153], [195, 213], [65, 213]], '[표합결질이월합', 0.0017727101070812452), ([[45, 149], [133, 149], [133, 253], [45, 253]], '뚜', 0.01354208613248975), ([[88, 188], [190, 188], [190, 214], [88, 214]], ': 손질이 끝남', 0.2574808239124946), ([[123, 202], [244, 202], [244, 252], [123, 252]], "'백언`기공쾌)", 0.0024820357370736487), ([[176, 730], [356, 730], [356, 756], [176, 756]], '2 936092 33', 0.010126552885405064), ([[176, 754], [288, 754], [288, 780], [176, 780]], '장미 ', 0.0025274765212088823)]
[([[31, 59], [247, 59], [247, 119], [31, 119]], '보지 데이터', 0.9100447219390294), ([[34, 134], [154, 134], [154, 160], [34, 160]], '플리토리스 길이', 0.494369191435754), ([[164, 134], [224, 134], [224, 158], [164, 158]], '18검어', 0.014237156137824059), ([[23, 143], [183, 143], [183, 253], [23, 253]], '[없무', 0.0008333747120077951), ([[68, 186], [172, 186], [172, 210], [68, 210]], ':손질이 곧남', 0.7476468545627801), ([[102, 198], [224, 198], [224, 248], [102, 248]], '{텍요금계 강굽)', 0.013976811505490776), ([[176, 732], [356, 732], [356, 756], [176, 756]], '관 533 032 3', 0.0004593126571238037), ([[176, 754], [288, 754], [288, 780], [176, 780]], '베 ', 0.024727710909266655)]
[([[39, 43], [255, 43], [255, 103], [39, 103]], '보제 테이릭', 0.19084099622750433), ([[158, 118], [230, 118], [230, 142], [158, 142]], '8335,검', 0.03244578737475447), ([[116, 114], [168, 114], [168, 182], [116, 182]], '큰입', 0.007681748276290913), ([[156, 136], [196, 136], [196, 162], [156, 162]], '심함', 0.7837398504578341), ([[29, 107], [260, 107], [260, 241], [29, 241]], '움질침가`옷', 1.5987740851659244e-06), ([[56, 168], [146, 168], [146, 194], [56, 194]], '모요방치 중', 0.3167918615155663), ([[176, 732], [356, 732], [356, 756], [176, 756]], '관 936032  3', 0.00047765139643514274), ([[176, 754], [288, 754], [288, 780], [176, 780]], '후미 악논', 0.00042071685598980715)]
[([[45, 411], [260, 411], [260, 471], [45, 471]], '보제 데이터', 0.7780926921778243), ([[130, 486], [168, 486], [168, 512], [130, 512]], '길이', 0.9758643313170972), ([[176, 486], [238, 486], [238, 510], [176, 510]], '350김', 0.019462421536445618), ([[122, 500], [204, 500], [204, 550], [122, 550]], '더움심합', 0.09210292249917984), ([[33, 473], [225, 473], [225, 609], [33, 609]], "'오`솔", 0.0001554813061375171), ([[82, 536], [152, 536], [152, 562], [82, 562]], '요방치 중', 0.233536603261681), ([[131, 555], [163, 555], [163, 575], [131, 575]], '9살', 0.9037734672087627), ([[208, 570], [256, 570], [256, 598], [208, 598]], '덧음)', 0.8488232734984293), ([[176, 730], [356, 730], [356, 756], [176, 756]], '2 93309? 33', 0.0017825534311262036), ([[174, 752], [288, 752], [288, 781], [174, 781]], '장, 악', 0.0035058852728208404)]
[([[29, 415], [245, 415], [245, 475], [29, 475]], '보제 테이블', 0.10526332574237075), ([[114, 492], [212, 492], [212, 516], [114, 516]], '길이요7 김', 0.004200469819981738), ([[19, 479], [174, 479], [174, 615], [19, 615]], '[때때', 0.007396881102032007), ([[49, 543], [67, 543], [67, 565], [49, 565]], '모', 0.9999568467027444), ([[98, 506], [172, 506], [172, 554], [98, 554]], '@전넣히', 0.0012993232812732458), ([[98, 524], [230, 524], [230, 572], [98, 572]], '[형플렉 -원 상태', 0.015085870892270212), ([[142, 574], [226, 574], [226, 604], [142, 604]], '탕간 당함))', 0.13315527500613117), ([[176, 732], [356, 732], [356, 756], [176, 756]], '2 933032 3', 0.006827713586081174), ([[176, 754], [288, 754], [288, 780], [176, 780]], '베미 악끼', 7.785402712779875e-05)]
[([[29, 403], [247, 403], [247, 463], [29, 463]], '보 테이프', 0.08164036757461011), ([[114, 474], [214, 474], [214, 500], [114, 500]], '길이요9물김', 0.036739810671906466), ([[128, 492], [188, 492], [188, 516], [128, 516]], '현없음', 0.516844344090069), ([[27, 467], [163, 467], [163, 559], [27, 559]], '[지-@때', 0.00012722346129858937), ([[26, 486], [159, 486], [159, 591], [26, 591]], '#기', 4.8420051181459875e-05), ([[152, 524], [230, 524], [230, 552], [152, 552]], "'곧난상태", 0.38009174864556566), ([[176, 730], [356, 730], [356, 756], [176, 756]], '디 9303?  3', 0.0004893968713701719), ([[176, 754], [288, 754], [288, 780], [176, 780]], '후]미 악논', 0.0002041484180251975)]
[([[29, 417], [245, 417], [245, 477], [29, 477]], '보제 테이퀴', 0.03777732776853028), ([[108, 490], [156, 490], [156, 538], [108, 538]], '{확답 ', 0.003247407730668783), ([[150, 494], [222, 494], [222, 518], [150, 518]], '요120김', 0.012935774387650855), ([[26, 488], [176, 488], [176, 560], [26, 560]], '콤캐달스질뭄:', 6.569295951640051e-06), ([[163, 513], [207, 513], [207, 553], [163, 553]], '왕양', 0.04086895371297085), ([[28, 522], [80, 522], [80, 608], [28, 608]], '[', 0.08461436146146273), ([[64, 544], [116, 544], [116, 570], [64, 570]], '요자연', 0.5907789673863205), ([[62, 558], [148, 558], [148, 608], [62, 608]], '{용적활  ', 0.0014606897574366484), ([[111, 541], [153, 541], [153, 585], [111, 585]], '[봉집', 0.03655450440011917), ([[176, 730], [356, 730], [356, 756], [176, 756]], '2 933097 3', 0.001695454987928517), ([[176, 754], [288, 754], [288, 780], [176, 780]], '베미 ', 0.0015072938405404214)]
[([[39, 409], [255, 409], [255, 469], [39, 469]], '보제 테이터', 0.6372090592615898), ([[170, 482], [233, 482], [233, 510], [170, 510]], '-9옷때', 0.007267360109835863), ([[172, 502], [232, 502], [232, 528], [172, 528]], '진행 중', 0.8003629446029663), ([[29, 471], [186, 471], [186, 607], [29, 607]], '[뼈버교', 8.186780178220943e-05), ([[72, 528], [188, 528], [188, 602], [72, 602]], '{@태양하합', 0.0019447446456021889), ([[176, 732], [356, 732], [356, 756], [176, 756]], ' 5303037  3', 0.0005633483077032811), ([[176, 754], [288, 754], [288, 780], [176, 780]], '후라미 악논', 0.00010241892920074817)]
[([[32, 410], [246, 410], [246, 466], [32, 466]], '보지 데이터', 0.9240932272203133), ([[34, 482], [68, 482], [68, 506], [34, 506]], '클리', 0.8361957296975119), ([[165, 483], [221, 483], [221, 503], [165, 503]], '10검빨', 0.004251556470990181), ([[43, 477], [169, 477], [169, 543], [43, 543]], '[플러스출액로 ', 0.002500543446663998), ([[164, 498], [202, 498], [202, 524], [164, 524]], '심함', 0.9186864613408187), ([[23, 489], [142, 489], [142, 599], [23, 599]], "'", 0.07277244213658296), ([[110, 548], [160, 548], [160, 574], [110, 574]], ': 12살', 0.4893634586192082), ([[132, 532], [172, 532], [172, 560], [132, 560]], '곧남', 0.8634238375753525), ([[108, 564], [152, 564], [152, 590], [108, 590]], '중에)', 0.5992665886878967), ([[176, 732], [356, 732], [356, 756], [176, 756]], ' -02 3', 0.035094291972100095), ([[176, 754], [288, 754], [288, 780], [176, 780]], '후라미 다', 0.00010708132840034704)]
[([[35, 55], [251, 55], [251, 115], [35, 115]], '보지 데이터', 0.9856141083520541), ([[120, 132], [228, 132], [228, 158], [120, 158]], '길이 : 13,', 0.3472840852490584), ([[30, 126], [130, 126], [130, 198], [30, 198]], '탤맞스', 0.0028419235997091978), ([[118, 158], [158, 158], [158, 190], [118, 190]], '형함', 0.1406483832634218), ([[123, 151], [153, 151], [153, 165], [123, 165]], '가하', 0.9640084607687214), ([[35, 149], [77, 149], [77, 223], [35, 223]], '스', 0.18320252395345538), ([[136, 182], [176, 182], [176, 210], [136, 210]], '끝남', 0.15984290801709142), ([[32, 176], [144, 176], [144, 248], [32, 248]], '훌 양', 0.018460718914866447), ([[113, 199], [215, 199], [215, 243], [113, 243]], '텅중하 후에)', 0.04697948111280111), ([[176, 730], [356, 730], [356, 756], [176, 756]], '2 9346090 33', 0.0021094960669967595), ([[174, 752], [288, 752], [288, 781], [174, 781]], '장리, 악논', 0.0003300091752157982)]
[([[38, 50], [308, 50], [308, 126], [38, 126]], '역실숙옮-', 0.01624123272237977), ([[670, 0], [814, 0], [814, 186], [670, 186]], "'", 0.5768609337429211), ([[49, 179], [107, 179], [107, 215], [49, 215]], '본문', 0.9997333051600021), ([[49, 251], [255, 251], [255, 289], [49, 289]], '드디어 끝낫네요.', 0.24800976531046895), ([[285, 247], [1169, 247], [1169, 289], [285, 289]], '본문 내용은 고작 8페이지 밖에 안되면서 시간적인 여유가 없어서 일주일', 0.881613587925973), ([[45, 285], [227, 285], [227, 325], [45, 325]], '넘계 걸질줄은', 0.12530254234774976), ([[45, 355], [1091, 355], [1091, 397], [45, 397]], '어쨌든 이번 작은 (/ 포함 되어있는 작품입니다. 그러다보니 용랑이 커저버로습니다..', 0.3381065562599443), ([[47, 427], [813, 427], [813, 469], [47, 469]], '그점 유의해 주시고 배포는 자유롭되 무단 배포는 삼가해주세요.', 0.8767424721087123), ([[721, 613], [789, 613], [789, 649], [721, 649]], '역자 ,', 0.6202323561614312), ([[801, 613], [865, 613], [865, 649], [801, 649]], '식자', 0.9998749104452515), ([[893, 611], [1101, 611], [1101, 649], [893, 649]], '우라하카 키스레', 0.9222941420275893), ([[721, 649], [835, 649], [835, 685], [721, 685]], '번역완료', 0.48855042457580566), ([[891, 647], [1199, 647], [1199, 686], [891, 686]], '2011년 02월 15일 18:53', 0.6178934102924754), ([[42, 1428], [138, 1428], [138, 1460], [42, 1460]], '번역 요청', 0.9994968522195197), ([[153, 1427], [334, 1427], [334, 1459], [153, 1459]], '훌{+~|-라-,나.,연+', 3.2095053705974384e-05), ([[42, 1457], [239, 1457], [239, 1490], [42, 1490]], '팀 문의 및 가입요청', 0.7506510893860013), ([[254, 1458], [434, 1458], [434, 1486], [254, 1486]], '훌++명:/|3-"나,안+', 3.866730641904002e-05), ([[39, 1513], [359, 1513], [359, 1549], [39, 1549]], '아마주어번역팀 "7서3악 -서-음신"', 0.001806078365722804), ([[42, 1572], [630, 1572], [630, 1604], [42, 1604]], '* "하누"칸? [ \'한가롭다(한가한 느낌이 있다) \'의 방언(평북)]', 0.5594973408668689), ([[43, 1649], [639, 1649], [639, 1685], [43, 1685]], '* 팀 하누는 본 작품에 대한 어떤 권리도 주장하지 않습니다.', 0.7363967112014923), ([[43, 1679], [721, 1679], [721, 1715], [43, 1715]], '* 재배포시 팀명 및 역 식자명 삭제는 삼가해 주시면 감사하켓습니다.', 0.6452595956184275), ([[17.719763350948135, 669.3752190581289], [409.8297867587331, 505.12647819448154], [494.28023664905186, 763.6247809418711], [102.17021324126688, 927.8735218055184]], "'", 0.5768609337429211), ([[219.76062054137657, 1219.0240099675157], [1021.02203975157, 778.7742112473566], [1110.2393794586235, 1024.9759900324843], [309.97796024843007, 1465.2257887526434]], '.', 0.22187259895926648), ([[99.49208626544032, 950.7143881944814], [459.55699252369493, 805.6740465033142], [535.5079137345597, 1054.2856118055186], [175.44300747630504, 1199.3259534966858]], "'", 0.5768609337429211), ([[757.911820220574, 1205.0737348161238], [1138.109804509974, 1045.8398135815626], [1220.088179779426, 1301.9262651838762], [839.8901954900258, 1460.1601864184374]], "'", 0.5768609337429211), ([[1049.4506862136172, 1384.0137242723438], [1224.3035728788632, 1531.1481970546306], [1163.5493137863828, 1605.9862757276562], [989.6964271211368, 1458.8518029453694]], '<]줄히위;)', 0.00018078037278587724), ([[876.4701778718653, 1489.4105336155958], [997.4376015698018, 1413.3435976452972], [1026.5298221281348, 1474.5894663844042], [906.5623984301982, 1549.6564023547028]], '에3교]|', 0.00018370789927336147), ([[857.5312558387133, 1532.0157119968276], [912.6806671028419, 1519.0331720062063], [949.4687441612867, 1694.9842880031724], [894.3193328971581, 1706.9668279937937]], '출', 0.2778341238736317), ([[1152.551366475519, 1579.0201678782603], [1193.5800006981, 1597.5094993193522], [1147.448633524481, 1699.9798321217397], [1106.4199993019, 1682.4905006806478]], '훔', 0.027854384410048505)]
