913453
21
[([[698, 68], [792, 68], [792, 122], [698, 122]], '역식', 0.9996323306934864), ([[675, 137], [793, 137], [793, 187], [675, 187]], ']미]', 0.00017735399497179568), ([[884, 0], [960, 0], [960, 280], [884, 280]], '통', 0.8203508442940155), ([[866, 462], [960, 462], [960, 942], [866, 942]], '"', 0.8748830806837304), ([[888, 940], [960, 940], [960, 1088], [888, 1088]], '5', 0.22986960415679292)]
[([[108, 162], [186, 162], [186, 186], [108, 186]], '이치카와', 0.5894358142632401), ([[106, 190], [186, 190], [186, 216], [106, 216]], '마미유장', 0.9674615859985352), ([[124, 216], [168, 216], [168, 240], [124, 240]], '도착', 0.9586139934393537), ([[106, 244], [184, 244], [184, 270], [106, 270]], '햇습니다', 0.843458354473114), ([[427, 383], [451, 383], [451, 403], [427, 403]], '맛', 0.10537747268914988), ([[408, 406], [474, 406], [474, 432], [408, 432]], '잘 부탁', 0.9302808941665806), ([[402, 434], [480, 434], [480, 460], [402, 460]], '드럽니다', 0.5664206147193909)]
[([[524, 158], [564, 158], [564, 184], [524, 184]], '갖!', 0.11447226170542653), ([[514, 186], [574, 186], [574, 210], [514, 210]], '네 넷', 0.9582218527793884), ([[712, 214], [764, 214], [764, 240], [712, 240]], '뭐해?', 0.9861505628544247), ([[700, 242], [776, 242], [776, 268], [700, 268]], '갈아입는', 0.8548206303243693), ([[724, 268], [776, 268], [776, 294], [724, 294]], '이야?', 0.9995173422685226)]
[([[400, 88], [468, 88], [468, 114], [400, 114]], '괜찮아!', 0.6852052211761475), ([[400, 114], [458, 114], [458, 140], [400, 140]], '오늘은', 0.99927468314372), ([[406, 142], [448, 142], [448, 166], [406, 166]], '술이', 0.9688930187838254), ([[388, 168], [474, 168], [474, 194], [388, 194]], '아니니간!', 0.5690971406285769), ([[860, 238], [902, 238], [902, 262], [860, 262]], '저늘', 0.36499361614126985), ([[850, 264], [924, 264], [924, 290], [850, 290]], '술같은거', 0.34290263056755066), ([[856, 292], [914, 292], [914, 318], [856, 318]], '원래는', 0.9319015663252898), ([[466, 310], [508, 310], [508, 334], [466, 334]], '에!?', 0.6674832701683044), ([[854, 320], [914, 320], [914, 344], [854, 344]], '마시면', 0.9795002937316895), ([[450, 338], [526, 338], [526, 362], [450, 362]], '저기..?2', 0.41537999565055334), ([[856, 346], [914, 346], [914, 372], [856, 372]], '안되는', 0.8976031281737497), ([[871, 375], [921, 375], [921, 395], [871, 395]], '거조?', 0.9933363361515102), ([[68, 698], [150, 698], [150, 724], [68, 724]], '겁 제대로', 0.49170067183126337), ([[68, 726], [146, 726], [146, 752], [68, 752]], '들고있어', 0.9913613200187683), ([[424, 904], [482, 904], [482, 930], [424, 930]], '네 . 넷', 0.5508051548104843), ([[420, 930], [484, 930], [484, 956], [420, 956]], '으아앗!', 0.652932345867157)]
[([[678, 40], [722, 40], [722, 66], [678, 66]], '좋아', 0.9960006717266194), ([[126, 54], [192, 54], [192, 78], [126, 78]], '그니까.', 0.7231413864466014), ([[668, 66], [782, 66], [782, 92], [668, 92]], '대사 말하고~', 0.7608454829864181), ([[116, 80], [252, 80], [252, 106], [116, 106]], '목구멍 넘겨서도', 0.7606858414031966), ([[116, 108], [254, 108], [254, 134], [116, 134]], '신선함이 일풀0', 0.3806491881219903), ([[766, 730], [878, 730], [878, 756], [766, 756]], '좋아 잘햄어 -', 0.4335836361939057), ([[760, 756], [882, 756], [882, 786], [760, 786]], '귀엽데 귀여워', 0.8303179803337484), ([[850, 918], [906, 918], [906, 984], [850, 984]], '6', 0.9251920904959299)]
[([[740, 572], [776, 572], [776, 596], [740, 596]], '? ?', 0.9992942810058594)]
[]
[([[0, 809], [41, 809], [41, 863], [0, 863]], '배', 0.42334506645247316)]
[([[374, 54], [424, 54], [424, 78], [374, 78]], '산다', 0.24330271149557478), ([[18, 78], [64, 78], [64, 104], [18, 104]], '크맛_', 0.11371118538468426), ([[808, 586], [944, 586], [944, 612], [808, 612]], '잘한다 잘해 ~ ~!', 0.6200416237016065), ([[804, 612], [934, 612], [934, 640], [804, 640]], '입에다 싸줄게 ~', 0.962486343404521), ([[796, 640], [934, 640], [934, 666], [796, 666]], '이대로 계속하자', 0.9944199690010863), ([[735, 668], [784, 668], [784, 750], [735, 750]], '#', 0.6952005032405992), ([[450, 812], [474, 812], [474, 836], [450, 836]], '네', 0.9997329890175024), ([[731, 1031], [773, 1031], [773, 1111], [731, 1111]], '술', 0.013628892874351095), ([[648.5980790503985, 571.0161802249407], [685.7798128673651, 566.0611851733546], [700.4019209496015, 704.9838197750593], [663.2201871326349, 708.9388148266454]], '"', 0.24811315277753465)]
[]
[([[32, 280], [100, 280], [100, 308], [32, 308]], '힘들어?', 0.9998995065689087), ([[18, 310], [102, 310], [102, 334], [18, 334]], '이제 그만', 0.7201367009800835), ([[24, 336], [76, 336], [76, 362], [24, 362]], '활기?', 0.6211686132912553), ([[841, 701], [889, 701], [889, 721], [841, 721]], '아뇨!', 0.9640172396951887), ([[822, 726], [906, 726], [906, 752], [822, 752]], '저 곧까지', 0.5450393688582166), ([[818, 754], [900, 754], [900, 780], [818, 780]], '힘텔계요!', 0.15588610553109433), ([[54, 870], [80, 870], [80, 894], [54, 894]], '야', 0.940385443341544), ([[36, 896], [106, 896], [106, 920], [36, 920]], '그럴래?', 0.44305551052093506), ([[38, 922], [104, 922], [104, 946], [38, 946]], '(국어책', 0.5357224941253662), ([[44, 950], [94, 950], [94, 978], [44, 978]], '위기)', 0.9633601231777945)]
[([[108, 162], [186, 162], [186, 186], [108, 186]], '이치카와', 0.972920298576355), ([[106, 190], [186, 190], [186, 216], [106, 216]], '가리우장', 0.24676592648029327), ([[124, 216], [168, 216], [168, 240], [124, 240]], '도츠', 0.32293412529834736), ([[108, 244], [184, 244], [184, 270], [108, 270]], '햇습니다', 0.3389836549758911), ([[426, 380], [452, 380], [452, 404], [426, 404]], '잇', 0.0982319455030769), ([[406, 406], [474, 406], [474, 432], [406, 432]], '잘 부탁', 0.9879611332860404), ([[402, 434], [480, 434], [480, 458], [402, 458]], '드)니다', 0.31611090898513794)]
[([[524, 158], [564, 158], [564, 184], [524, 184]], "곳' !", 0.18055777251720428), ([[514, 186], [574, 186], [574, 212], [514, 212]], "네. 넷'", 0.7010853480475548), ([[712, 214], [764, 214], [764, 240], [712, 240]], '뒤해?', 0.7118163999016456), ([[700, 242], [776, 242], [776, 268], [700, 268]], '갈아입는', 0.9074394106864929), ([[724, 268], [776, 268], [776, 292], [724, 292]], '이야?', 0.9960788030398517)]
[([[400, 88], [468, 88], [468, 114], [400, 114]], '괜찮야:', 0.4916396141052246), ([[400, 114], [458, 114], [458, 140], [400, 140]], '오늘은', 0.9991247284309667), ([[406, 142], [448, 142], [448, 166], [406, 166]], '술이', 0.9370855656011732), ([[388, 168], [474, 168], [474, 194], [388, 194]], '아니니간:', 0.6213797546593862), ([[860, 238], [902, 238], [902, 262], [860, 262]], '저늘', 0.31633744713537515), ([[850, 264], [924, 264], [924, 290], [850, 290]], '슬같은거', 0.1911754745959436), ([[856, 292], [914, 292], [914, 318], [856, 318]], '원래는', 0.9516042654105047), ([[466, 310], [508, 310], [508, 334], [466, 334]], '에', 0.9954146379408577), ([[854, 318], [914, 318], [914, 344], [854, 344]], '마시면', 0.6621662962786247), ([[450, 336], [526, 336], [526, 362], [450, 362]], '저기.??', 0.4369244132062369), ([[856, 346], [914, 346], [914, 372], [856, 372]], '안되는', 0.9596886365627071), ([[868, 374], [922, 374], [922, 398], [868, 398]], "거조'", 0.2709411709984192), ([[68, 698], [150, 698], [150, 724], [68, 724]], '컬 제대로', 0.2309446116701507), ([[68, 726], [146, 726], [146, 752], [68, 752]], '들고있어', 0.9472143650054932), ([[424, 904], [482, 904], [482, 930], [424, 930]], '네 . 넷', 0.6396890446193303), ([[420, 930], [484, 930], [484, 956], [420, 956]], "으아앗'", 0.5245776176452637)]
[([[678, 40], [722, 40], [722, 66], [678, 66]], '좋아', 0.9951360167248651), ([[126, 54], [200, 54], [200, 78], [126, 78]], '그니가 .', 0.5177387583659294), ([[668, 66], [782, 66], [782, 92], [668, 92]], '대사 말하고~', 0.712018998271382), ([[116, 80], [252, 80], [252, 106], [116, 106]], '목구멍 본적 서도', 0.2867229489849372), ([[114, 104], [254, 104], [254, 135], [114, 135]], '신선함이 일풀0', 0.2574354021954256), ([[766, 730], [878, 730], [878, 756], [766, 756]], '좋아 잘없어 -', 0.674904424460514), ([[760, 758], [880, 758], [880, 784], [760, 784]], '귀엽네 귀여워', 0.7625181811429335), ([[847, 917], [907, 917], [907, 985], [847, 985]], '0', 0.8981130789608507)]
[([[740, 572], [776, 572], [776, 596], [740, 596]], '? ?', 0.9975385069847107)]
[]
[]
[([[374, 54], [426, 54], [426, 80], [374, 80]], "잔닷'", 0.20497338611834343), ([[18, 78], [64, 78], [64, 104], [18, 104]], '크맛_', 0.2998955969323801), ([[806, 586], [944, 586], [944, 614], [806, 614]], '잘하다 잘해 ~ ~ !', 0.47381296284245816), ([[646, 568], [702, 568], [702, 706], [646, 706]], '"', 0.004554347533437808), ([[796, 640], [854, 640], [854, 666], [796, 666]], '이대로', 0.9996661348924788), ([[804, 612], [934, 612], [934, 640], [804, 640]], '입에다 싸줄제 ~', 0.4194561151170185), ([[854, 640], [936, 640], [936, 666], [854, 666]], '계속하자', 0.9989302158355713), ([[737, 666], [782, 666], [782, 750], [737, 750]], '"', 0.16636772998346405), ([[451, 813], [473, 813], [473, 833], [451, 833]], '너 .', 0.15791510045528412), ([[731, 1031], [775, 1031], [775, 1109], [731, 1109]], '"', 0.02021457069352217), ([[258.6277902025136, 970.0173551668953], [293.21014865114654, 979.6660469499653], [264.3722097974864, 1084.9826448331046], [229.78985134885346, 1075.3339530500346]], "'", 0.19121562222812827)]
[]
[([[32, 280], [100, 280], [100, 308], [32, 308]], '힘들어?', 0.870608389377594), ([[18, 310], [102, 310], [102, 334], [18, 334]], '이제 그만', 0.9210972874408357), ([[24, 336], [76, 336], [76, 362], [24, 362]], '활기?', 0.3255869335605836), ([[841, 701], [889, 701], [889, 721], [841, 721]], '아뇨!', 0.47785447879343895), ([[822, 726], [906, 726], [906, 752], [822, 752]], '저 곧가지', 0.43088376465119144), ([[818, 754], [900, 754], [900, 780], [818, 780]], '힘탤계요!', 0.25657637134225436), ([[55, 871], [79, 871], [79, 891], [55, 891]], '야', 0.9070272132126469), ([[36, 896], [106, 896], [106, 922], [36, 922]], '그럴래?', 0.6922935299199839), ([[38, 922], [104, 922], [104, 946], [38, 946]], '(국어칙', 0.48215972706657106), ([[44, 950], [92, 950], [92, 976], [44, 976]], '옮기)', 0.24952552911628229)]
