915277
29
[([[14, 138], [765, 138], [765, 343], [14, 343]], '933 2 [흉"@', 0.11436059959936076), ([[48, 2661], [128, 2661], [128, 2736], [48, 2736]], '벼', 0.11246668309559027), ([[53, 2751], [130, 2751], [130, 3138], [53, 3138]], '?', 0.6626962594323835), ([[53, 3153], [130, 3153], [130, 3246], [53, 3246]], '*', 0.18540544145364013), ([[56, 3259], [133, 3259], [133, 3336], [56, 3336]], '0"', 0.06928968052623853)]
[([[15, 143], [762, 143], [762, 340], [15, 340]], '<?2 한 [품" @', 0.109370748509957), ([[1093, 504], [1471, 504], [1471, 624], [1093, 624]], '@안지지핵액)', 0.0037715010278603855), ([[1210, 642], [1349, 642], [1349, 678], [1210, 678]], '112범죄신고', 0.938410164137081), ([[1207, 675], [1389, 675], [1389, 714], [1207, 714]], '182 실종아동신고', 0.6371038681543446), ([[1592, 658], [1968, 658], [1968, 768], [1592, 768]], '@언운오[집치:', 3.5507891904650684e-05), ([[1706, 792], [1845, 792], [1845, 828], [1706, 828]], '1112범죄신고', 0.6321563596814979), ([[1704, 827], [1886, 827], [1886, 863], [1704, 863]], '182 실중아동신고', 0.7118825735905147), ([[1062, 926], [1494, 926], [1494, 1016], [1062, 1016]], '팀 아동복지 부', 0.7851782548773242), ([[1561, 1075], [1990, 1075], [1990, 1165], [1561, 1165]], '팀 아동복지 부', 0.6602222666186974), ([[50, 2661], [128, 2661], [128, 2736], [50, 2736]], '벼', 0.06269390997044244), ([[53, 2751], [130, 2751], [130, 3138], [53, 3138]], '?', 0.662666661433505), ([[50, 3155], [130, 3155], [130, 3246], [50, 3246]], '*', 0.20130484898297496), ([[56, 3259], [133, 3259], [133, 3336], [56, 3336]], '0"', 0.06940363019102842)]
[]
[([[686, 1696], [1208, 1696], [1208, 1808], [686, 1808]], '<그그하콩(', 0.13016662311263485), ([[1247, 1699], [1959, 1699], [1959, 1802], [1247, 1802]], '03 5/.10"', 0.10480409208616168)]
[([[2089, 1375], [2268, 1375], [2268, 1429], [2089, 1429]], '항상   같은', 0.6525187533444957), ([[2092, 1443], [2249, 1443], [2249, 1494], [2092, 1494]], '버스에서', 0.8735299920086441), ([[2092, 1511], [2211, 1511], [2211, 1565], [2092, 1565]], '만나는', 0.9863333679451574), ([[2089, 1579], [2285, 1579], [2285, 1636], [2089, 1636]], '한 살 많은', 0.7974230793787185), ([[2089, 1647], [2187, 1647], [2187, 1703], [2089, 1703]], '선배 ,', 0.6469509433621691), ([[2089, 1717], [2255, 1717], [2255, 1766], [2089, 1766]], '카와카미', 0.9198917746543884), ([[2089, 1782], [2320, 1782], [2320, 1837], [2089, 1837]], '키이코선배는', 0.9387634743170268), ([[2088, 1847], [2286, 1847], [2286, 1908], [2088, 1908]], '오늘 아침도', 0.9955412930991664), ([[2092, 1918], [2309, 1918], [2309, 1975], [2092, 1975]], '엄청 멋저요', 0.5939684734025711)]
[([[131, 272], [248, 272], [248, 357], [131, 357]], '좋아', 0.9893760450945761), ([[2064, 1719], [2249, 1719], [2249, 1817], [2064, 1817]], '오늘은', 0.9995469353847162), ([[2068, 1853], [2190, 1853], [2190, 1943], [2068, 1943]], '꼭  !', 0.4535550330584334), ([[79, 2033], [411, 2033], [411, 2120], [79, 2120]], '말할 거야!', 0.7168406271903126), ([[211, 3283], [451, 3283], [451, 3360], [211, 3360]], '오오타니', 0.9982174038887024), ([[475, 3284], [578, 3284], [578, 3351], [475, 3351]], '오코', 0.5291611648362095)]
[([[1285, 331], [1446, 331], [1446, 399], [1285, 399]], '어차피', 0.7369050001461257), ([[1281, 416], [1553, 416], [1553, 496], [1281, 496]], '차일테니까', 0.9449969447424371), ([[366, 526], [509, 526], [509, 588], [366, 588]], '너무해', 0.9998940094588306), ([[1286, 510], [1451, 510], [1451, 572], [1286, 572]], '하지마', 0.5268905162811279), ([[1285, 919], [1620, 919], [1620, 993], [1285, 993]], '마에다 리사', 0.8161556182284623), ([[41, 1837], [322, 1837], [322, 1960], [41, 1960]], '리사는', 0.6593015882483693), ([[39, 1994], [336, 1994], [336, 2126], [39, 2126]], '바보!!', 0.8534070103142337)]
[([[168, 132], [313, 132], [313, 196], [168, 196]], '리사는', 0.33018423548210607), ([[1267, 137], [1421, 137], [1421, 215], [1267, 215]], '에이!', 0.5854865312576294), ([[170, 213], [299, 213], [299, 280], [170, 280]], '올라도', 0.8046731461847351), ([[149, 297], [240, 297], [240, 364], [149, 364]], '너무', 0.999915791635173), ([[257, 300], [367, 300], [367, 364], [257, 364]], '올라!', 0.3567710518836975), ([[938, 1489], [1037, 1489], [1037, 1553], [938, 1553]], '누가', 0.9968536721718986), ([[943, 1570], [1183, 1570], [1183, 1637], [943, 1637]], '모르는건데', 0.8394563415873462), ([[1225, 2726], [1363, 2726], [1363, 2782], [1225, 2782]], '나한터', 0.8000041181189904), ([[513, 2824], [565, 2824], [565, 2868], [513, 2868]], '아', 0.9999115486631496), ([[1204, 2804], [1360, 2804], [1360, 2861], [1204, 2861]], '할 말이', 0.9240436199586849), ([[1207, 2875], [1338, 2875], [1338, 2941], [1207, 2941]], '있다는', 0.6129814224632768), ([[1203, 2954], [1326, 2954], [1326, 3016], [1203, 3016]], '/학년', 0.46581790969641296), ([[1204, 3031], [1415, 3031], [1415, 3088], [1204, 3088]], '오오타니가', 0.9987059119007325), ([[1225, 3110], [1342, 3110], [1342, 3161], [1225, 3161]], '너야?', 0.9999520975949877)]
[([[825, 137], [961, 137], [961, 188], [825, 188]], '어라 ?', 0.8375504501328505), ([[802, 204], [994, 204], [994, 268], [802, 268]], '너는 분명', 0.9222120619851893), ([[799, 280], [1041, 280], [1041, 344], [799, 344]], '아침에 버스', 0.9745640309044824), ([[805, 359], [1052, 359], [1052, 423], [805, 423]], '같이 탓엇런', 0.32478895190662765), ([[822, 439], [1048, 439], [1048, 496], [822, 496]], '아이 맞지?', 0.9616458255455467), ([[1649, 1522], [1779, 1522], [1779, 1583], [1649, 1583]], '아냐?', 0.9994590510550797), ([[1811, 2306], [1938, 2306], [1938, 2368], [1811, 2368]], '저기 ', 0.8712493777275085), ([[1603, 3060], [1660, 3060], [1660, 3120], [1603, 3120]], '저', 0.9999883175237443), ([[1602, 3146], [1740, 3146], [1740, 3214], [1602, 3214]], '저  눈 ', 0.4272819911566562)]
[([[1511, 178], [1783, 178], [1783, 258], [1511, 258]], '카와라카미', 0.4450420230221072), ([[1511, 284], [1773, 284], [1773, 377], [1511, 377]], '선배하고', 0.9994296431541443), ([[0, 372], [231, 372], [231, 462], [0, 462]], '사귀고', 0.9998929770908314), ([[0, 509], [268, 509], [268, 609], [0, 609]], '싶어요', 0.9676474932807542), ([[1895, 638], [1971, 638], [1971, 689], [1895, 689]], '카?', 0.9283723954256377), ([[108, 1609], [252, 1609], [252, 1672], [108, 1672]], '말해화', 0.8684679609299331), ([[911, 1634], [1051, 1634], [1051, 1696], [911, 1696]], '어떻게', 0.9016492398245919), ([[913, 1707], [1110, 1707], [1110, 1772], [913, 1772]], '거절하든?', 0.6446149993609219), ([[1939, 1931], [2071, 1931], [2071, 1982], [1939, 1982]], '그래서', 0.9999794900245862), ([[129, 2127], [263, 2127], [263, 2200], [129, 2200]], '랫는지', 0.08910416417873412), ([[130, 2209], [349, 2209], [349, 2273], [130, 2273]], '아뇨지부터', 0.6340633798752987), ([[130, 2285], [327, 2285], [327, 2349], [130, 2349]], '물어보라구', 0.9994294889152721), ([[1440, 2646], [1494, 2646], [1494, 2700], [1440, 2700]], '뭐', 0.9984762517093806), ([[1442, 2721], [1669, 2721], [1669, 2782], [1442, 2782]], '거 절당하긴', 0.9569461147622885), ([[1439, 2797], [1590, 2797], [1590, 2858], [1439, 2858]], '햇지만', 0.9188843346936576)]
[([[1712, 82], [1804, 82], [1804, 137], [1712, 137]], '역시', 0.9995410516723909), ([[1818, 82], [1916, 82], [1916, 134], [1818, 134]], '제가', 0.9986208123786051), ([[1710, 156], [1940, 156], [1940, 213], [1710, 213]], '여자아이라', 0.9985879668756403), ([[1712, 237], [1853, 237], [1853, 286], [1712, 286]], '그래요?', 0.999982476234436), ([[0, 600], [186, 600], [186, 662], [0, 662]], '그건 별로', 0.9970560351955562), ([[3, 679], [110, 679], [110, 741], [3, 741]], '상관', 0.999788176510925), ([[5, 752], [140, 752], [140, 817], [5, 817]], '없는데', 0.6603523760561478), ([[1833, 936], [1882, 936], [1882, 978], [1833, 978]], '아', 0.999719877789417), ([[1829, 1009], [1919, 1009], [1919, 1057], [1829, 1057]], '그게', 0.9994888812877443), ([[156, 1286], [240, 1286], [240, 1337], [156, 1337]], '라고', 0.9999847428749291), ([[130, 1355], [307, 1355], [307, 1422], [130, 1422]], '말햇거든', 0.6805909276008606), ([[202, 1764], [454, 1764], [454, 1821], [202, 1821]], '나 포기하지', 0.9779903291664727), ([[201, 1839], [371, 1839], [371, 1903], [201, 1903]], '않껏다고', 0.15613120794296265), ([[201, 1915], [426, 1915], [426, 1979], [201, 1979]], '말해버로어', 0.6460194564921057), ([[3, 3124], [108, 3124], [108, 3191], [3, 3191]], '같이', 0.9993108842984435), ([[1289, 3114], [1364, 3114], [1364, 3165], [1289, 3165]], '아!', 0.9649449367789549), ([[1054, 3162], [1265, 3162], [1265, 3223], [1054, 3223]], '카와카미', 0.8824679851531982), ([[3, 3211], [178, 3211], [178, 3280], [3, 3280]], '잇는 건', 0.16089410676420793), ([[1057, 3249], [1227, 3249], [1227, 3313], [1057, 3313]], '선배다', 0.9992894792058261)]
[([[550, 209], [696, 209], [696, 270], [550, 270]], '사이도', 0.35618938179314497), ([[713, 209], [826, 209], [826, 270], [713, 270]], '아야', 0.9995491427889441), ([[553, 298], [668, 298], [668, 360], [553, 360]], '선배', 0.9998781134898787), ([[475, 952], [670, 952], [670, 1004], [475, 1004]], '그러고보니', 0.9997028336162869), ([[453, 1024], [584, 1024], [584, 1086], [453, 1086]], '리사는', 0.25841528184318097), ([[453, 1098], [709, 1098], [709, 1162], [453, 1162]], '도서부원이라', 0.8533430821789504), ([[455, 1179], [682, 1179], [682, 1240], [455, 1240]], '같이  잇지?', 0.600789664735704)]
[([[855, 96], [950, 96], [950, 148], [855, 148]], '뭐가', 0.9363809177005686), ([[34, 183], [191, 183], [191, 232], [34, 232]], '그러니까', 0.985822872714375), ([[31, 251], [194, 251], [194, 300], [31, 300]], '카와카미', 0.9131423830986023), ([[1078, 292], [1099, 292], [1099, 321], [1078, 321]], '8', 0.40654197484755983), ([[34, 319], [167, 319], [167, 371], [34, 371]], '선배와', 0.9992531428825181), ([[1069, 338], [1225, 338], [1225, 394], [1069, 394]], '듣고 있어?', 0.6018438605343509), ([[564, 917], [640, 917], [640, 974], [564, 974]], '혹시', 0.9989276154918277), ([[564, 985], [814, 985], [814, 1042], [564, 1042]], '사이로 선배틀', 0.33904103374566763), ([[559, 1051], [812, 1051], [812, 1115], [559, 1115]], '좋아하는 건가', 0.8714359998012544), ([[567, 1127], [692, 1127], [692, 1178], [567, 1178]], '싶어서', 0.9659581184387207), ([[28, 1744], [179, 1744], [179, 1795], [28, 1795]], '더 이상', 0.9993898753272316), ([[145, 1774], [191, 1774], [191, 1795], [145, 1795]], '0 "44', 0.33979301714815036), ([[1090, 1751], [1340, 1751], [1340, 1818], [1090, 1818]], '좋아한다라_', 0.9755384890891166), ([[1090, 1836], [1421, 1836], [1421, 1903], [1090, 1903]], '좋아한다기보다', 0.9976933098691532), ([[1090, 1920], [1329, 1920], [1329, 1984], [1090, 1984]], '그건 이미', 0.9989789954051321), ([[104, 2975], [135, 2975], [135, 3031], [104, 3031]], '움', 0.7269608739623123), ([[574.6257865255518, 1913.059123696401], [893.8653283686004, 1703.4033617111672], [951.3742134744482, 1828.940876303599], [632.1346716313996, 2037.5966382888328]], '피출술', 0.06483530689094223)]
[([[1491, 81], [1641, 81], [1641, 142], [1491, 142]], '자,잠깐', 0.43278318643569946), ([[109, 117], [268, 117], [268, 174], [109, 174]], '뭐 어때', 0.6569642525064321), ([[1485, 157], [1671, 157], [1671, 218], [1485, 218]], '누가 오면', 0.7521961855210441), ([[111, 192], [404, 192], [404, 256], [111, 256]], '그냥 보여주자구', 0.9936667637633186), ([[1488, 232], [1665, 232], [1665, 293], [1488, 293]], '어쩐려고', 0.5412425398826599), ([[1353, 2674], [1555, 2674], [1555, 2738], [1353, 2738]], '좋아한다는', 0.9324129658892566), ([[1350, 2744], [1468, 2744], [1468, 2805], [1350, 2805]], '수준이', 0.9146420585022431), ([[1357, 2821], [1535, 2821], [1535, 2877], [1357, 2877]], '아니엇어', 0.7408309578895569)]
[([[601, 47], [726, 47], [726, 104], [601, 104]], '리사능', 0.22617293462892776), ([[603, 117], [730, 117], [730, 178], [603, 178]], '그 둘올', 0.739412109316223), ([[153, 172], [232, 172], [232, 226], [153, 226]], '글쎄', 0.9943038962269787), ([[604, 194], [734, 194], [734, 248], [604, 248]], '어떻게', 0.8818051688453536), ([[1913, 207], [1999, 207], [1999, 264], [1913, 264]], '좁아', 0.7020485137128877), ([[601, 262], [756, 262], [756, 319], [601, 319]], '생각해?', 0.9997442364692688), ([[1192, 1540], [1324, 1540], [1324, 1601], [1192, 1601]], '알앞어', 0.1981619312471723), ([[375, 1621], [632, 1621], [632, 1683], [375, 1683]], '사이토 선배는', 0.4310801958073827), ([[1192, 1610], [1324, 1610], [1324, 1672], [1192, 1672]], '알앗어', 0.3232734137342504), ([[378, 1695], [541, 1695], [541, 1747], [378, 1747]], '예쁘니까', 0.9238397479057312), ([[956, 2145], [1123, 2145], [1123, 2210], [956, 2210]], '선배들에', 0.9981737732887268), ([[959, 2219], [1175, 2219], [1175, 2280], [959, 2280]], '관한 것들은', 0.6519809138399044), ([[959, 2290], [1145, 2290], [1145, 2352], [959, 2352]], '그냥 내일', 0.9345714542266871), ([[957, 2364], [1122, 2364], [1122, 2420], [957, 2420]], '생각하고', 0.8456638756387874), ([[956, 2430], [1167, 2430], [1167, 2492], [956, 2492]], '오늘은  잘래', 0.9929048187776189), ([[330.35794728636165, 2906.0128874304046], [455.7771808140751, 2922.62236579372], [419.64205271363835, 3186.9871125695954], [293.2228191859249, 3170.37763420628]], '1', 0.056197165949388506)]
[([[639, 167], [816, 167], [816, 228], [639, 228]], '오늘 밤은', 0.9493186658920051), ([[1949, 203], [2083, 203], [2083, 260], [1949, 260]], '잠깐만', 0.9998477595125737), ([[642, 243], [833, 243], [833, 307], [642, 307]], '자게 두지', 0.976731312163604), ([[1950, 277], [2018, 277], [2018, 321], [1950, 321]], '오코', 0.9142019650523888), ([[645, 321], [841, 321], [841, 382], [645, 382]], '않을 거야', 0.38977893725869744), ([[1111, 2503], [1307, 2503], [1307, 2565], [1111, 2565]], '리리사 ?', 0.770971742954106), ([[187, 2535], [325, 2535], [325, 2602], [187, 2602]], '그치만', 0.9946104342082827), ([[196, 2627], [243, 2627], [243, 2665], [196, 2665]], '나', 0.9985260438348895)]
[([[926, 99], [1021, 99], [1021, 147], [926, 147]], '너가', 0.9999589492163418), ([[2203, 130], [2286, 130], [2286, 192], [2203, 192]], '오늘', 0.9999808653843955), ([[922, 165], [1038, 165], [1038, 232], [922, 232]], '공부름', 0.7289874133681604), ([[2203, 203], [2335, 203], [2335, 268], [2203, 268]], '일부러', 0.9998841675563799), ([[923, 245], [1051, 245], [1051, 302], [923, 302]], '가르처', 0.8248338246676675), ([[2204, 286], [2407, 286], [2407, 343], [2204, 343]], '너네   집에', 0.665373411561099), ([[923, 324], [1108, 324], [1108, 381], [923, 381]], '달라니까', 0.9990302920341492), ([[2207, 362], [2334, 362], [2334, 413], [2207, 413]], '자려고', 0.9998421159375621), ([[925, 399], [1120, 399], [1120, 460], [925, 460]], '온 거잖아', 0.8961837075108506), ([[2206, 434], [2365, 434], [2365, 496], [2206, 496]], '와던 건', 0.1272796748509742), ([[1016, 1295], [1108, 1295], [1108, 1352], [1016, 1352]], '히임', 0.4686396658109752), ([[958, 2293], [1136, 2293], [1136, 2354], [958, 2354]], '그랫엇지', 0.5357897281646729), ([[958, 2366], [1193, 2366], [1193, 2430], [958, 2430]], '오늘은 축제', 0.763357204046155), ([[112, 3129], [427, 3129], [427, 3214], [112, 3214]], '이게   진짜.', 0.8920156496944726)]
[([[683, 157], [890, 157], [890, 218], [683, 218]], '기다력지?', 0.4438814464539409), ([[684, 233], [908, 233], [908, 290], [684, 290]], '여긴 어때?', 0.7439147596180387), ([[166, 1389], [319, 1389], [319, 1443], [166, 1443]], '고마위~', 0.9994973540306091), ([[145, 1459], [337, 1459], [337, 1523], [145, 1523]], '잘 보이네', 0.9990952373385948), ([[144, 1543], [271, 1543], [271, 1597], [144, 1597]], '사람도', 0.977126094524823), ([[146, 1615], [326, 1615], [326, 1676], [146, 1676]], '별로 없구', 0.8539527779673357), ([[1589, 1873], [1651, 1873], [1651, 1929], [1589, 1929]], '응?', 0.993600872554638), ([[94, 2163], [169, 2163], [169, 2225], [94, 2225]], '요즘', 0.9984797992619113), ([[87, 2232], [306, 2232], [306, 2305], [87, 2305]], '누군가한테', 0.6682665925973929), ([[94, 2314], [323, 2314], [323, 2378], [94, 2378]], '고백받은 적', 0.37314881036001285), ([[116, 2395], [234, 2395], [234, 2457], [116, 2457]], '잇지?', 0.38188933407524583), ([[2088, 2479], [2254, 2479], [2254, 2541], [2088, 2541]], '키이 장', 0.488730236857685), ([[1413, 2923], [1551, 2923], [1551, 2977], [1413, 2977]], '어어 ?', 0.9065611958503723), ([[17, 2966], [106, 2966], [106, 3023], [17, 3023]], '그런', 0.999808827247783), ([[120, 2966], [303, 2966], [303, 3023], [120, 3023]], '거 아냐', 0.9997081116892836), ([[1410, 2992], [1649, 2992], [1649, 3054], [1410, 3054]], '아야는 언제', 0.9292056857313435), ([[19, 3036], [339, 3036], [339, 3102], [19, 3102]], '그냥 그런 기분이', 0.9746432555754108), ([[1410, 3068], [1738, 3068], [1738, 3132], [1410, 3132]], '그런 능력올 가진', 0.7081433578346428), ([[16, 3114], [210, 3114], [210, 3178], [16, 3178]], '들엇는데', 0.22270062565803528), ([[1410, 3146], [1747, 3146], [1747, 3208], [1410, 3208]], '사람이 된 거야?', 0.9410377615652497), ([[22, 3192], [283, 3192], [283, 3254], [22, 3254]], '정말인가보네', 0.999908553788569)]
[([[131, 257], [281, 257], [281, 311], [131, 311]], '그런 게', 0.976787076393911), ([[833, 191], [939, 191], [939, 243], [833, 243]], '그래?', 0.999992016244482), ([[1648, 261], [1789, 261], [1789, 325], [1648, 325]], '방법이', 0.796670338705855), ([[1650, 184], [1825, 184], [1825, 251], [1650, 251]], '거 절하는', 0.6463284705576682), ([[2153, 89], [2357, 89], [2357, 395], [2153, 395]], '낙', 0.000820377964445132), ([[131, 330], [273, 330], [273, 384], [131, 384]], '아니라', 0.999848791874318), ([[1651, 340], [1862, 340], [1862, 402], [1651, 402]], '잘못차나?', 0.17707424884591336), ([[482, 420], [727, 420], [727, 493], [482, 493]], '화 확실하게', 0.8856564027130645), ([[487, 503], [717, 503], [717, 567], [487, 567]], '마음을 접게', 0.5717487857603842), ([[2222, 346], [2348, 346], [2348, 591], [2222, 591]], '홀출', 0.0914250547261866), ([[489, 579], [714, 579], [714, 641], [489, 641]], '만들테니까.', 0.4562076029762176), ([[972, 1034], [1121, 1034], [1121, 1089], [972, 1089]], '그 애가', 0.9111533749449242), ([[1148, 1069], [1351, 1069], [1351, 1130], [1148, 1130]], '키이 장울', 0.4500370112975945), ([[947, 1111], [1026, 1111], [1026, 1167], [947, 1167]], '조금', 0.9998551022097123), ([[1150, 1142], [1283, 1142], [1283, 1207], [1150, 1207]], '혼자서', 0.9723060854928599), ([[945, 1175], [1128, 1175], [1128, 1255], [945, 1255]], '불쌍하게', 0.991097092628479), ([[1149, 1222], [1336, 1222], [1336, 1279], [1149, 1279]], '차지해서', 0.9287453249273836), ([[968, 1259], [1144, 1259], [1144, 1323], [968, 1323]], '느껴 젖어', 0.44090190564990256), ([[1133, 1465], [1272, 1465], [1272, 1667], [1133, 1667]], ')', 0.9832172033657685), ([[764, 2437], [848, 2437], [848, 2498], [764, 2498]], '나뿐', 0.39483011098357707), ([[859, 2447], [943, 2447], [943, 2491], [859, 2491]], '아이', 0.9998899984975229), ([[1961, 2475], [2088, 2475], [2088, 2536], [1961, 2536]], '정말로', 0.9999504457934018), ([[1962, 2555], [2089, 2555], [2089, 2603], [1962, 2603]], '나쁘네', 0.8219202805332484), ([[1727.3768986616567, 1536.024302869206], [1851.8344404947798, 1622.3808822977455], [1811.6231013383433, 1679.975697130794], [1686.1655595052202, 1594.6191177022545]], '{[', 0.05280597831211005)]
[([[1442, 1504], [1538, 1504], [1538, 1566], [1442, 1566]], '깜짝', 0.9996061182778134), ([[1440, 1579], [1575, 1579], [1575, 1646], [1440, 1646]], '놀라어', 0.7178548684182208), ([[372, 2058], [467, 2058], [467, 2115], [372, 2115]], '튀지', 0.667920856195375), ([[485, 2060], [579, 2060], [579, 2121], [485, 2121]], '않게', 0.3490066195182113), ([[374, 2133], [506, 2133], [506, 2194], [374, 2194]], '해출게', 0.3352227437057848), ([[1450, 2133], [1536, 2133], [1536, 2194], [1450, 2194]], '물이', 0.9969949052176996), ([[1449, 2210], [1594, 2210], [1594, 2278], [1449, 2278]], '튀없어', 0.8138820848509166), ([[819.4925744873755, 2837.0099068768104], [919.0689340093934, 2849.5035640309866], [883.5074255126245, 3118.9900931231896], [783.9310659906066, 3105.4964359690134]], '"', 0.37317133697092686)]
[([[1073, 1412], [1270, 1412], [1270, 1474], [1073, 1474]], '젖올멘데', 0.11410482972860336), ([[1445, 2382], [1476, 2382], [1476, 2418], [1445, 2418]], '으', 0.3785168565891581), ([[1454, 2415], [1478, 2415], [1478, 2436], [1454, 2436]], '0', 0.9999117870711984), ([[66, 3080], [213, 3080], [213, 3135], [66, 3135]], '그냥 더', 0.9668601421370574), ([[65, 3148], [293, 3148], [293, 3212], [65, 3212]], '젖어버리자', 0.9990076986481251)]
[]
[([[1869, 60], [2044, 60], [2044, 126], [1869, 126]], '하느님이', 0.9924830794334412), ([[1870, 136], [2077, 136], [2077, 204], [1870, 204]], '빨리   집에', 0.8888864804793005), ([[1870, 214], [2045, 214], [2045, 276], [1870, 276]], '돌아가서', 0.9999095797538757), ([[1870, 287], [2097, 287], [2097, 354], [1870, 354]], '공부하라네', 0.9997538548508118), ([[371, 2734], [454, 2734], [454, 2796], [371, 2796]], '오늘', 0.9999875245556333), ([[371, 2805], [563, 2805], [563, 2872], [371, 2872]], '불끗놀이는', 0.17290799453202554), ([[374, 2881], [658, 2881], [658, 2948], [374, 2948]], '약전후에 의해', 0.8188117618585624), ([[370, 2953], [671, 2953], [671, 3029], [370, 3029]], '중지되엿습니다', 0.4566709520854116), ([[2078, 3091], [2171, 3091], [2171, 3135], [2078, 3135]], '가자', 0.8460678088047011)]
[([[1174, 1927], [1274, 1927], [1274, 1978], [1174, 1978]], '리사', 0.999957853411632), ([[1315, 1978], [1444, 1978], [1444, 2032], [1315, 2032]], '고마위', 0.9997319982548313), ([[536, 2836], [782, 2836], [782, 2897], [536, 2897]], '리사는 말야', 0.6263229754622563), ([[1655, 2841], [1873, 2841], [1873, 2908], [1655, 2908]], '덕분에 조금', 0.9773268651925123), ([[539, 2909], [668, 2909], [668, 2970], [539, 2970]], '의외로', 0.9999695791841804), ([[1655, 2922], [1892, 2922], [1892, 2984], [1655, 2984]], '진 정되논 거', 0.39341923968736564), ([[539, 2987], [760, 2987], [760, 3052], [539, 3052]], '상낭하구나', 0.6708314277820576), ([[1656, 3002], [1759, 3002], [1759, 3059], [1656, 3059]], '같아', 0.9915478345958929)]
[([[1609, 142], [1758, 142], [1758, 199], [1609, 199]], '그런 거', 0.9981106246441611), ([[1611, 221], [1782, 221], [1782, 275], [1611, 275]], '아니야', 0.9998295903205872), ([[174, 307], [322, 307], [322, 374], [174, 374]], '정말로;', 0.8883969187736511), ([[129, 1655], [267, 1655], [267, 1712], [129, 1712]], '괜찮아', 0.9991832234857186), ([[122, 1727], [243, 1727], [243, 1791], [122, 1791]], '아무도', 0.9997468640471247), ([[128, 1806], [214, 1806], [214, 1867], [128, 1867]], '없는', 0.9021820741748285), ([[227, 1813], [271, 1813], [271, 1857], [227, 1857]], '거', 0.9997698201090977), ([[129, 1886], [223, 1886], [223, 1942], [129, 1942]], '같아', 0.9967172450987996), ([[1777, 2211], [1915, 2211], [1915, 2260], [1777, 2260]], '여기서', 0.9999428987503052), ([[1775, 2277], [1952, 2277], [1952, 2343], [1775, 2343]], '잠깐동안', 0.9934150576591492), ([[1773, 2354], [2014, 2354], [2014, 2419], [1773, 2419]], '비름 피하자', 0.7671172955987983), ([[913, 2996], [1014, 2996], [1014, 3053], [913, 3053]], '근데', 0.9995145028309432), ([[722, 3128], [922, 3128], [922, 3190], [722, 3190]], '키이 장은', 0.22075034614956404), ([[730, 3204], [912, 3204], [912, 3266], [730, 3266]], '안 벗어?', 0.8028606029803015)]
[([[221, 137], [411, 137], [411, 201], [221, 201]], '차가위서', 0.8451440930366516), ([[227, 216], [353, 216], [353, 278], [227, 278]], '정말로', 0.9999686844561803), ([[224, 289], [407, 289], [407, 356], [224, 356]], '기분 좋아', 0.9965801693290819), ([[636, 273], [761, 273], [761, 442], [636, 442]], '[', 0.014949082737524044), ([[2055, 844], [2249, 844], [2249, 905], [2055, 905]], '응 괜찮아', 0.9765448911886058), ([[2184, 1230], [2374, 1230], [2374, 1293], [2184, 1293]], '차가위진', 0.9734385013580322), ([[87, 1295], [118, 1295], [118, 1345], [87, 1345]], '옷', 0.9244107075814192), ([[2188, 1312], [2353, 1312], [2353, 1369], [2188, 1369]], '키이 장', 0.5164027898739033), ([[1419, 1574], [1559, 1574], [1559, 1635], [1419, 1635]], '맛있어', 0.9887353988671826), ([[1438, 1649], [1528, 1649], [1528, 1703], [1438, 1703]], '보여', 0.9960357811467442)]
[([[646, 345], [727, 345], [727, 407], [646, 407]], '조금', 0.9999290254448385), ([[649, 421], [787, 421], [787, 483], [649, 483]], '짜맛이', 0.1288340104038139), ([[802, 427], [897, 427], [897, 476], [802, 476]], '나서', 0.9999760606739739), ([[652, 500], [790, 500], [790, 561], [652, 561]], '맛있어', 0.9867157550890219), ([[1310, 1739], [1501, 1739], [1501, 1865], [1310, 1865]], '역시', 0.9997038047983008), ([[1299, 1899], [1645, 1899], [1645, 2020], [1299, 2020]], '짜증나!!', 0.5784738471204102), ([[2073, 1919], [2232, 1919], [2232, 2019], [2073, 2019]], '한편', 0.9954957928940033), ([[2075, 2045], [2273, 2045], [2273, 2145], [2075, 2145]], '그때;', 0.13968008977754867), ([[1721.33563616117, 596.027633934041], [1810.7382369951306, 677.9702984930805], [1762.66436383883, 731.972366065959], [1673.2617630048694, 650.0297015069195]], '벼"\'', 0.020048973059953144), ([[1800.1484039973755, 648.0363267692927], [1914.9869720641811, 712.4897167558447], [1873.8515960026245, 784.9636732307073], [1758.0130279358189, 720.5102832441553]], '53', 0.8248658996433874)]
[([[178, 205], [296, 205], [296, 241], [178, 241]], '하논0 손', 0.011550154897665543), ([[178, 284], [890, 284], [890, 325], [178, 325]], '발시 <니##손 50+932한이초0*. 5111-773 .', 0.0006694531573591062), ([[181, 325], [1541, 325], [1541, 369], [181, 369]], '<22*(? 00낙스`(드7디8순화 사춘 10퓨3(#"초호. #-그논7-+손초 촌하단옳< <201디1', 1.1748541808786884e-05), ([[178, 368], [1536, 368], [1536, 404], [178, 404]], "4 ') >:해70 ?*01715+015+ 답 5숨초0- 스 촌로소 < <디0&초뽑 < < 960켜01. 9101초", 0.00023037620192171434), ([[178, 409], [1541, 409], [1541, 450], [178, 450]], '의미0초모[ + + 50[하디]97한] 0 3꿀_스<호. +- 그논7-+금 표#한73*얹<화 +" . < 0 #', 0.0006865127730920686), ([[178, 450], [1546, 450], [1546, 488], [178, 488]], '뉴디0< 2그*(금 ((* 8#< < 30130*갖소#이 <<못내 ? 디<화. 디디: 지980 ##0초637 53', 0.0001584305004743751), ([[178, 493], [567, 493], [567, 532], [178, 532]], '(#한 *+10<*-디내-.', 0.0069308537019565), ([[178, 572], [1549, 572], [1549, 610], [178, 610]], '논93의꽂섭 7흐+--77#속삼<흐 ! -0(국젓8주3*0*7 포1자 그 #늘국류초 %3 { 0 없## [ ? ?_*', 6.020047511745869e-06), ([[178, 615], [1544, 615], [1544, 654], [178, 654]], "{주뭐 [통동 ' ^')#(국07' ] 0) #{주0{풍촌+5+<*50170* ! ! 907-* 단산6@느-그-그하8", 0.000696070450803447), ([[178, 656], [768, 656], [768, 697], [178, 697]], '{틈하7 <초화02근5574다<토 <1한', 0.0025766593626515887), ([[781, 656], [1549, 656], [1549, 694], [781, 694]], '*구)주 - ?초13 0)#금10디 급승표록 ( #춧 +( 내<', 0.003737892567208196), ([[178, 697], [1031, 697], [1031, 735], [178, 735]], '하0찍화+ ++379-(소-7+떤<*35 3#손중내디', 0.0005256228770729904), ([[178, 778], [1419, 778], [1419, 816], [178, 816]], '디디심 < 22한국내*?- *0{1풍습소77+2 <니한 :화 0 <}뜻 : 30 <3락(내 7화 !', 0.0002819786344825747), ([[1944, 1795], [2052, 1795], [2052, 2046], [1944, 2046]], "초'", 0.4415106302676345), ([[64, 3036], [518, 3036], [518, 3133], [64, 3133]], '<2)한국(', 0.02259617003218708), ([[548, 3033], [1185, 3033], [1185, 3130], [548, 3130]], '벼-소"속표0"', 0.005998057110676957), ([[62, 3209], [171, 3209], [171, 3253], [62, 3253]], '푹돈;;타', 0.00352362342202511), ([[195, 3209], [358, 3209], [358, 3248], [195, 3248]], '2015. 8. 16', 0.8452733398575883), ([[62, 3263], [168, 3263], [168, 3305], [62, 3305]], '푹   4', 0.34512675508630725), ([[192, 3263], [334, 3263], [334, 3307], [192, 3307]], '5/-7', 0.029488245025277138), ([[62, 3316], [670, 3316], [670, 3358], [62, 3358]], '훌+오://^기물처1.+;8@<$-,@+. 어`/도라`굳,]', 6.821992620965661e-07), ([[62, 3369], [551, 3369], [551, 3405], [62, 3405]], '훌++0://>감앙. *산++도산`;6어하곤;. <어금', 6.567007797221511e-07), ([[68, 3424], [278, 3424], [278, 3453], [68, 3453]], '0 값시료# /[맛비4-7긋장', 0.0001775767321878871), ([[74.5819557268507, 2059.0087418717317], [150.44074858554123, 2048.1043320835197], [185.4180442731493, 2317.9912581282683], [109.55925141445879, 2328.8956679164803]], "'", 0.18212729247777393)]
[]
