918517
21
[([[639, 539], [675, 539], [675, 747], [639, 747]], '1', 0.013362138108186095), ([[643, 21], [827, 21], [827, 814], [643, 814]], '{', 0.01150492416203358), ([[641, 743], [677, 743], [677, 803], [641, 803]], '움', 0.9763748119937112), ([[721, 1199], [775, 1199], [775, 1213], [721, 1213]], '마낯쁘다"', 0.00011006101835922467)]
[([[729, 1145], [857, 1145], [857, 1205], [729, 1205]], '나+)', 0.011692951075087624), ([[743, 1199], [813, 1199], [813, 1213], [743, 1213]], '냄익튼 . 구드다', 0.065594218884022)]
[([[699, 1145], [857, 1145], [857, 1205], [699, 1205]], '<뒤의)', 0.00389143917709589), ([[711, 1199], [815, 1199], [815, 1215], [711, 1215]], '";리닦 \'7', 0.010006631786192028)]
[([[700, 1152], [775, 1152], [775, 1203], [700, 1203]], "'", 0.5043731352660785), ([[813, 1147], [855, 1147], [855, 1199], [813, 1199]], '0', 0.323827619082536)]
[]
[]
[([[700, 1148], [819, 1148], [819, 1204], [700, 1204]], '7리벼', 0.0009279069983457642), ([[711, 1199], [777, 1199], [777, 1213], [711, 1213]], "''민히법익탑", 0.09192376316359749)]
[([[644, 220], [716, 220], [716, 314], [644, 314]], '5', 0.8668199227705067), ([[700, 318], [728, 318], [728, 360], [700, 360]], '4', 0.9921514622046743), ([[159, 623], [197, 623], [197, 661], [159, 661]], '4?', 0.17827795072867833), ([[699, 1145], [857, 1145], [857, 1205], [699, 1205]], '<뒤벼)', 0.002316938480362296), ([[711, 1199], [775, 1199], [775, 1213], [711, 1213]], "녹미: ' =", 0.08256538050761411)]
[([[279, 17], [347, 17], [347, 99], [279, 99]], '(', 0.08569003494770655), ([[704, 62], [782, 62], [782, 94], [704, 94]], '자아~', 0.999949206942452), ([[686, 94], [801, 94], [801, 135], [686, 135]], '웃으라구', 0.9987784624099731), ([[685, 129], [801, 129], [801, 171], [685, 171]], '미구루장', 0.7079557776451111), ([[758, 770], [820, 770], [820, 818], [758, 818]], '[', 0.11329791863410321), ([[776, 958], [808, 958], [808, 996], [776, 996]], '#"', 0.2632070897106818), ([[56, 1060], [150, 1060], [150, 1092], [56, 1092]], '찍지말아', 0.9885516166687012), ([[50, 1090], [154, 1090], [154, 1118], [50, 1118]], '주세요오~', 0.9481138569310539), ([[735, 1143], [858, 1143], [858, 1204], [735, 1204]], '6)', 0.22708806945874183), ([[151.54996302358563, 1138.2148779778327], [183.61263286001324, 1114.0376738338928], [229.45003697641437, 1180.7851220221673], [196.38736713998676, 1204.9623261661072]], '#"', 0.9338823699112909), ([[4.215535459447264, 1147.0776772972363], [34.581975961979325, 1138.0425634585406], [53.78446454055273, 1204.9223227027637], [24.418024038020675, 1213.9574365414594]], '9', 0.48912151883712696)]
[([[702, 1143], [859, 1143], [859, 1208], [702, 1208]], '싣과6)', 0.0032685415353626013), ([[721, 1199], [755, 1199], [755, 1211], [721, 1211]], '미', 0.7050461134178967)]
[([[750, 1148], [854, 1148], [854, 1200], [750, 1200]], '6디', 0.017973041785665608)]
[([[123, 39], [157, 39], [157, 59], [123, 59]], '어느', 0.9998143903247867), ([[412, 26], [464, 26], [464, 52], [412, 52]], '당신들', 0.9998216752198887), ([[634, 42], [660, 42], [660, 66], [634, 66]], '0', 0.942052112760905), ([[6, 62], [98, 62], [98, 86], [6, 86]], '월 하느건지', 0.7465198955180661), ([[110, 60], [172, 60], [172, 84], [110, 84]], '반이야?', 0.6311094997083769), ([[589, 43], [653, 43], [653, 115], [589, 115]], '"', 0.08217485302242622), ([[32, 84], [70, 84], [70, 108], [32, 108]], '알고', 0.9998245050334752), ([[10, 106], [94, 106], [94, 130], [10, 130]], '있는거야:?', 0.37432615714859757), ([[14, 126], [74, 126], [74, 152], [14, 152]], '이런 짓:', 0.9026871539214152), ([[493, 189], [585, 189], [585, 281], [493, 281]], '등', 0.014416471038774858), ([[42, 310], [178, 310], [178, 336], [42, 336]], '네녀석의 제멋대로', 0.30702567496855065), ([[643, 239], [860, 239], [860, 371], [643, 371]], '(주닭', 0.016088690369722707), ([[54, 334], [168, 334], [168, 358], [54, 358]], '에는 모두 열이', 0.6589379459225885), ([[58, 354], [166, 354], [166, 380], [58, 380]], '뻗처 있단말야', 0.5407984670678562), ([[492, 350], [584, 350], [584, 376], [492, 376]], "'햇 시끄럽단", 0.46424745331315914), ([[767, 337], [805, 337], [805, 375], [767, 375]], '0', 0.8824094578657515), ([[510, 372], [566, 372], [566, 398], [510, 398]], '말이야', 0.9998415653451065), ([[772, 370], [860, 370], [860, 488], [772, 488]], '쓰', 0.005227337689827971), ([[830, 472], [860, 472], [860, 506], [830, 506]], '엿', 0.0032585211439419837), ([[120, 572], [168, 572], [168, 596], [120, 596]], '우료~', 0.5037262439727783), ([[82, 594], [204, 594], [204, 618], [82, 618]], '스즈미아의 가슴', 0.5743109577576228), ([[110, 616], [174, 616], [174, 642], [110, 642]], '가스~음', 0.9994836449623108), ([[696, 886], [756, 886], [756, 910], [696, 910]], '너도 월', 0.6742658293941879), ([[672, 906], [780, 906], [780, 935], [672, 935]], '찍고 있는거야', 0.43575629633751467), ([[606, 1006], [660, 1006], [660, 1032], [606, 1032]], '나중에', 0.9833670735064769), ([[38, 1026], [94, 1026], [94, 1052], [38, 1052]], '너말야', 0.9996082554479221), ([[617, 1031], [653, 1031], [653, 1051], [617, 1051]], '두고', 0.9997866593188578), ([[793, 1037], [823, 1037], [823, 1055], [793, 1055]], '아~', 0.9999750491568521), ([[824, 1032], [860, 1032], [860, 1060], [824, 1060]], '물론', 0.999974121933087), ([[10, 1048], [118, 1048], [118, 1074], [10, 1074]], '전에 말햇다는', 0.5069564336650523), ([[602, 1050], [668, 1050], [668, 1074], [602, 1074]], '보라구]!', 0.24549196877403792), ([[798, 1054], [852, 1054], [852, 1078], [798, 1078]], '기억해', 0.99955519394972), ([[26, 1068], [102, 1068], [102, 1094], [26, 1094]], '것 같더만', 0.9041808192962156), ([[800, 1076], [852, 1076], [852, 1102], [800, 1102]], '두젯어', 0.2527415839701408), ([[7, 1089], [122, 1089], [122, 1119], [7, 1119]], '둘러쌍-없다고', 0.22989429945620618), ([[809, 1099], [843, 1099], [843, 1119], [809, 1119]], '이거', 0.9999710030913613), ([[22, 1112], [108, 1112], [108, 1138], [22, 1138]], '소문벗다며', 0.3531952009589533), ([[784, 1120], [860, 1120], [860, 1146], [784, 1146]], '퍼뜨길거고', 0.7430517105430274), ([[128, 1152], [200, 1152], [200, 1176], [128, 1176]], '이걸로 실현', 0.531072224624984), ([[129, 1169], [199, 1169], [199, 1189], [129, 1189]], '이라는 거지', 0.7911733238031039)]
[([[24, 0], [192, 0], [192, 160], [24, 160]], '89', 0.010743356771747384), ([[259, 0], [467, 0], [467, 127], [259, 127]], '(.간', 0.0035494031196747814), ([[541, 83], [721, 83], [721, 119], [541, 119]], '그 스즈미야가', 0.8093297808026897), ([[604, 48], [654, 48], [654, 80], [604, 80]], '아~', 0.9999863444483912), ([[582, 120], [676, 120], [676, 152], [582, 152]], '내 자지', 0.997574488986826), ([[553, 153], [705, 153], [705, 195], [553, 195]], '빨고 있다구', 0.9680521173310574), ([[263, 133], [395, 133], [395, 275], [263, 275]], '6', 0.7588044251315331), ([[738, 144], [846, 144], [846, 242], [738, 242]], '(평', 0.011707635292158076), ([[420, 548], [456, 548], [456, 572], [420, 572]], '우급', 0.9999918235211795), ([[322, 676], [374, 676], [374, 702], [322, 702]], '으흐움', 0.7432236522809142), ([[35, 757], [103, 757], [103, 823], [35, 823]], '@?', 0.0071822502646748864), ([[55, 827], [107, 827], [107, 867], [55, 867]], '(은', 0.29205872381627346), ([[184, 976], [226, 976], [226, 1006], [184, 1006]], '오', 0.009750256390648693), ([[681, 895], [849, 895], [849, 1031], [681, 1031]], '(통요', 0.027747595260553207), ([[202, 1002], [226, 1002], [226, 1058], [202, 1058]], '8', 0.43700431041034804), ([[324, 1050], [424, 1050], [424, 1078], [324, 1078]], '어이 이화', 0.5365200853267541), ([[288, 1078], [458, 1078], [458, 1110], [288, 1110]], '젖 나오고 있다구', 0.9994212800925452), ([[290, 1108], [458, 1108], [458, 1140], [290, 1140]], '진짜로 이거 임신', 0.9939637077779067), ([[302, 1136], [446, 1136], [446, 1168], [302, 1168]], '해버린걸까나?', 0.9098377593814585), ([[88.3128932627759, 957.0295618482005], [189.84936369683982, 1034.4548496659763], [147.6871067372241, 1088.9704381517995], [47.150636303160184, 1012.5451503340236]], ' 오1', 0.017797094810153517)]
[([[250, 12], [288, 12], [288, 38], [250, 38]], '빨리', 0.9999941837398596), ([[82, 38], [158, 38], [158, 66], [82, 66]], '빨리 넣제', 0.7733490637672626), ([[240, 36], [296, 36], [296, 60], [240, 60]], '하라구', 0.9998553989928635), ([[100, 60], [140, 60], [140, 84], [100, 84]], '해쥐', 0.880574609521871), ([[67, 575], [137, 575], [137, 617], [67, 617]], '어이', 0.999492758219429), ([[774, 586], [812, 586], [812, 612], [774, 612]], '슬슬', 0.3212824440384927), ([[760, 606], [826, 606], [826, 632], [760, 632]], '산다구~', 0.882728859677753), ([[65, 617], [137, 617], [137, 661], [65, 661]], '다음', 0.999976144967081), ([[681, 625], [721, 625], [721, 667], [681, 667]], '8', 0.767885458525658), ([[760, 628], [830, 628], [830, 652], [760, 652]], '스즈미야', 0.6405379176139832), ([[789, 665], [811, 665], [811, 677], [789, 677]], '아기', 0.9995990384315844), ([[772, 674], [813, 674], [813, 692], [772, 692]], '임신해라', 0.9974854588508606), ([[144, 710], [186, 710], [186, 734], [144, 734]], '이제:', 0.6993285655918516), ([[56, 744], [94, 744], [94, 768], [56, 768]], '그만', 0.9999978083645809), ([[65, 767], [85, 767], [85, 789], [65, 789]], '뒤', 0.9677964017351002), ([[134, 764], [166, 764], [166, 806], [134, 806]], '도', 0.350552794106207), ([[243, 911], [320, 911], [320, 1034], [243, 1034]], '칼', 0.02170998885748432), ([[366, 968], [392, 968], [392, 1046], [366, 1046]], '흙', 0.6632918533545116), ([[662, 1020], [700, 1020], [700, 1046], [662, 1046]], '꿀렁', 0.2539418126786526), ([[662, 1040], [700, 1040], [700, 1066], [662, 1066]], '꿀령', 0.15055318355804914), ([[718, 1008], [798, 1008], [798, 1110], [718, 1110]], "'쫓", 0.17426415292730102), ([[482, 1098], [518, 1098], [518, 1124], [482, 1124]], '부옷', 0.28886771066184225), ([[482, 1120], [518, 1120], [518, 1146], [482, 1146]], '부옷', 0.1628132464442057), ([[817, 1151], [853, 1151], [853, 1197], [817, 1197]], '표', 0.05423790939663409), ([[710.1757279044557, -13.980005168212024], [836.7723254456959, -29.990004970261012], [865.8242720955443, 225.98000516821202], [738.2276745543041, 242.990004970261]], '털', 0.008307430285765582), ([[573.6655477408436, 82.05245630871445], [684.9941118060274, 26.029091311390626], [780.3344522591564, 242.94754369128555], [669.0058881939726, 298.97090868860937]], ':', 0.018160910181254986)]
[([[129, 77], [173, 77], [173, 127], [129, 127]], '@', 0.1514050373650413), ([[810, 218], [846, 218], [846, 248], [810, 248]], '(응', 0.6139121602121402), ([[4, 214], [350, 214], [350, 530], [4, 530]], '4', 0.02044507278083163), ([[164, 556], [218, 556], [218, 620], [164, 620]], '09', 0.5164513618957776), ([[786, 585], [842, 585], [842, 705], [786, 705]], '움', 0.020035572729330875), ([[68, 762], [150, 762], [150, 836], [68, 836]], '간', 0.013430700195314282), ([[722, 709], [790, 709], [790, 830], [722, 830]], '(', 0.1266516082765179), ([[100, 832], [150, 832], [150, 894], [100, 894]], '손', 0.8983861560528226), ([[680, 836], [712, 836], [712, 872], [680, 872]], '5', 0.2834366352725546), ([[142, 864], [174, 864], [174, 902], [142, 902]], '4', 0.8709848407306708), ([[608, 964], [716, 964], [716, 990], [608, 990]], '크욕 못참켓어', 0.6253010078319274), ([[620, 986], [704, 986], [704, 1010], [620, 1010]], '스즈미야의', 0.8020075418082127), ([[0, 894], [192, 894], [192, 1154], [0, 1154]], '방', 0.009348966012199311), ([[611, 1029], [713, 1029], [713, 1057], [611, 1057]], '쑤서박논다니', 0.15516877334392723), ([[637, 1011], [689, 1011], [689, 1031], [637, 1031]], '보지에', 0.9987785847339882), ([[562, 1112], [626, 1112], [626, 1136], [562, 1136]], '최고야]!', 0.9698430555831065), ([[628.2435857346211, 749.0409887585138], [682.3176817076687, 735.1251389165108], [710.7564142653789, 854.9590112414862], [656.6823182923313, 868.8748610834892]], '닭', 0.018557380546006863)]
[([[696, 870], [724, 870], [724, 894], [696, 894]], '~', 0.1304719023184484), ([[640, 884], [698, 884], [698, 912], [640, 912]], '대느', 0.01814982555586547), ([[700, 1144], [857, 1144], [857, 1204], [700, 1204]], "'", 0.6236035461099618), ([[17.497679254335445, 850.03166610925], [47.91615733490219, 847.1063313266657], [55.502320745664555, 936.96833389075], [26.083842665097812, 939.8936686733343]], '5', 0.6087512037567855)]
[([[706, 0], [730, 0], [730, 24], [706, 24]], '5', 0.9997737535667426), ([[232, 188], [258, 188], [258, 272], [232, 272]], '물', 0.13381785508114774), ([[416, 198], [472, 198], [472, 270], [416, 270]], '팬', 0.32434080611807303), ([[165, 527], [205, 527], [205, 571], [165, 571]], ';', 0.03749982321266665), ([[13, 533], [105, 533], [105, 663], [13, 663]], '초중', 0.043530061798999), ([[205, 535], [293, 535], [293, 625], [205, 625]], '[', 0.12218237511683583), ([[394, 600], [518, 600], [518, 724], [394, 724]], '금"', 0.13673067305835607), ([[429, 735], [515, 735], [515, 845], [429, 845]], '소', 0.39087985141037507), ([[577, 682], [615, 682], [615, 799], [577, 799]], '복', 0.1964960323956042), ([[348, 832], [418, 832], [418, 858], [348, 858]], '기다렇지', 0.5803310992250504), ([[356, 854], [412, 854], [412, 878], [356, 878]], '산다구', 0.5908191800117493), ([[350, 876], [420, 876], [420, 900], [350, 900]], '스즈미야', 0.6504741907119751), ([[800, 920], [854, 920], [854, 1024], [800, 1024]], '벼', 0.8741157763981597), ([[19, 1031], [122, 1031], [122, 1069], [19, 1069]], '내 아이름', 0.6437139056512938), ([[173, 1039], [209, 1039], [209, 1083], [173, 1083]], '꿈', 0.017154620568311296), ([[456, 972], [554, 972], [554, 1100], [456, 1100]], ';', 0.03742477196170402), ([[8, 1064], [134, 1064], [134, 1096], [8, 1096]], '임신하라구!!', 0.8187694052240994), ([[512, 1096], [592, 1096], [592, 1186], [512, 1186]], '닭', 0.07619682442296583), ([[702, 1146], [856, 1146], [856, 1202], [702, 1202]], '<>', 0.017062459112837648), ([[416.3385485057395, 34.019905195275385], [497.46753608547425, 80.39948569591662], [418.6614514942605, 221.98009480472462], [336.53246391452575, 175.60051430408336]], '못', 0.20700320793520266), ([[702.6277902025136, 583.0173551668953], [737.5801110026376, 586.3253232496799], [726.3722097974864, 697.9826448331047], [691.4198889973624, 693.6746767503201]], '흙', 0.46902749247364284), ([[173.64222912360003, 724.0322601798002], [193.46175458493585, 722.0540342491989], [198.35777087639997, 782.9677398201998], [178.53824541506415, 784.9459657508011]], '약', 0.3931559508374427), ([[166.0064985989292, 1078.1253445358238], [192.56568542494924, 1062.0402020253553], [226.9935014010708, 1124.8746554641762], [200.43431457505076, 1139.9597979746447]], '8', 0.12096275763898579)]
[([[487, 3], [577, 3], [577, 157], [487, 157]], '용하', 0.04362560930142085), ([[750, 0], [846, 0], [846, 164], [750, 164]], '꿀', 0.01948145228163889), ([[491, 121], [531, 121], [531, 203], [491, 203]], '정', 0.16722467409762487), ([[532, 158], [575, 158], [575, 265], [532, 265]], '방', 0.02127047163527629), ([[302, 462], [364, 462], [364, 510], [302, 510]], '군', 0.16223304591445586), ([[172, 494], [250, 494], [250, 548], [172, 548]], '탓', 0.19337077149548154), ([[2, 532], [62, 532], [62, 564], [2, 564]], '4', 0.5692421455499961), ([[80, 518], [158, 518], [158, 570], [80, 570]], "댐 '", 0.437209814786911), ([[815, 727], [843, 727], [843, 747], [815, 747]], '29', 0.9993312793157817), ([[570, 758], [598, 758], [598, 788], [570, 788]], '*', 0.7250182026130005), ([[26, 728], [422, 728], [422, 848], [26, 848]], '대 ;다주', 0.012636753195628828), ([[89, 809], [133, 809], [133, 865], [89, 865]], '*', 0.07966892466362197), ([[802, 886], [856, 886], [856, 964], [802, 964]], '다', 0.41813149912981373), ([[345, 951], [454, 951], [454, 1163], [345, 1163]], '7', 0.9103593819077673), ([[702, 1150], [850, 1150], [850, 1202], [702, 1202]], '<우+)', 0.002988786669448018), ([[721, 1199], [775, 1199], [775, 1213], [721, 1213]], '미치번의터', 0.13355235640046859), ([[537.1964926239916, 455.0540454175381], [685.9578192999461, 488.2897963748409], [671.8035073760084, 540.9459545824619], [523.0421807000539, 507.7102036251591]], '숫  표', 0.10352505377653642), ([[728.1626818219505, 450.0502591221897], [862.9784923885055, 492.4516898837603], [843.8373181780495, 546.9497408778103], [709.0215076114945, 504.5483101162397]], '듯탓', 0.09757206825638277), ([[818.4497265149013, 769.038030907289], [850.17634339535, 766.1768839651122], [856.5502734850987, 848.961969092711], [823.82365660465, 851.8231160348878]], '국', 0.11131008756674365)]
[([[158, 12], [210, 12], [210, 64], [158, 64]], '한', 0.01556263580101419), ([[156, 66], [208, 66], [208, 226], [156, 226]], '약', 0.027686351722193914), ([[675, 95], [717, 95], [717, 201], [675, 201]], '옛', 0.27784907884870336), ([[159, 291], [226, 291], [226, 410], [159, 410]], '엔', 0.7760100576494011), ([[659, 275], [727, 275], [727, 359], [659, 359]], '뱀', 0.14378143830120482), ([[663, 359], [727, 359], [727, 437], [663, 437]], '현', 0.7636077595909683), ([[428, 510], [490, 510], [490, 534], [428, 534]], '57새불주', 0.0010015159276993626), ([[439, 579], [481, 579], [481, 599], [439, 599]], '#때', 0.08997020885195703), ([[445, 603], [479, 603], [479, 619], [445, 619]], '수6', 0.17843548459944655), ([[438, 640], [484, 640], [484, 664], [438, 664]], '묘', 0.07200224059655458), ([[420, 662], [498, 662], [498, 686], [420, 686]], '쓰버)+', 0.025738434866070747), ([[441, 705], [483, 705], [483, 725], [441, 725]], '테미', 0.004557404859356229), ([[409, 727], [515, 727], [515, 747], [409, 747]], "그'/ 기", 0.012550932241388285), ([[440, 766], [484, 766], [484, 790], [440, 790]], "혼.4'", 0.007387468125671148), ([[418, 788], [506, 788], [506, 812], [418, 812]], '7-147', 0.10803489872353976), ([[334, 810], [588, 810], [588, 834], [334, 834]], '확{명://-교서 ,`퍽어7 [0 ~라,]실머서째/', 9.84089908397856e-07), ([[433, 853], [489, 853], [489, 873], [433, 873]], ',8봄7"', 0.0007368151256373674), ([[419, 871], [504, 871], [504, 897], [419, 897]], '06/08/13', 0.9999966282497645), ([[636, 920], [698, 920], [698, 944], [636, 944]], '그 순간', 0.7045983684633762), ([[638, 942], [692, 942], [692, 966], [638, 966]], '태양계', 0.9940598011016846), ([[626, 962], [706, 962], [706, 988], [626, 988]], '제3행성은', 0.9937345301082622), ([[624, 984], [708, 984], [708, 1008], [624, 1008]], '우주로부터', 0.9997273046542724), ([[632, 1006], [702, 1006], [702, 1032], [632, 1032]], '소면햇다', 0.17075279355049133), ([[695, 1143], [860, 1143], [860, 1210], [695, 1210]], '형뒤햇)', 0.00026722392067313194), ([[711, 1199], [815, 1199], [815, 1215], [711, 1215]], "놀 '", 0.008555546447541819)]
[([[126, 826], [174, 826], [174, 884], [126, 884]], '00', 0.14006325413032814), ([[406, 928], [478, 928], [478, 1046], [406, 1046]], '깨', 0.03740059576609056), ([[429, 1065], [465, 1065], [465, 1153], [429, 1153]], '맨', 0.016724189279898605), ([[428, 1144], [456, 1144], [456, 1201], [428, 1201]], '룹', 0.009139264844798767), ([[701, 1147], [819, 1147], [819, 1203], [701, 1203]], '마4후', 0.0011469696916208568), ([[106.43454584914335, 357.1025484534895], [187.55943780809207, 324.27612358873955], [232.56545415085665, 456.8974515465105], [151.44056219190793, 489.72387641126045]], '4', 0.7913445371343641), ([[98.12616252285156, 893.0382527605078], [248.8104374220326, 942.0621358178701], [218.87383747714844, 1026.9617472394923], [67.18956257796738, 977.9378641821299]], '사 %', 0.20708610233001087)]
[([[362, 44], [520, 44], [520, 100], [362, 100]], '~4+)', 0.0025127173867076635), ([[403, 95], [437, 95], [437, 109], [403, 109]], '버미팀', 0.10142231752345104), ([[443, 95], [475, 95], [475, 109], [443, 109]], '무르', 0.10304264201085249), ([[335, 107], [525, 107], [525, 149], [335, 149]], '번역후기페이지', 0.7634735759707948), ([[7, 183], [69, 183], [69, 219], [7, 219]], '역자', 0.7805447379734151), ([[56, 202], [191, 202], [191, 279], [56, 279]], '시느', 0.910173403416107), ([[342, 318], [516, 318], [516, 346], [342, 346]], '하루히에계는 운간올', 0.45669743577622746), ([[298, 362], [560, 362], [560, 388], [298, 388]], '아사하나선배에계는 노출능옥올', 0.27669459921994827), ([[341, 403], [454, 403], [454, 431], [341, 431]], '나가토에제는', 0.4540482186019245), ([[398, 448], [462, 448], [462, 472], [398, 472]], '나가토!', 0.9740266799926758), ([[398, 470], [462, 470], [462, 494], [398, 494]], '나가토!', 0.9527146816253662), ([[390, 396], [522, 396], [522, 522], [390, 522]], '"하"', 0.05209424171055706), ([[645, 25], [822, 25], [822, 812], [645, 812]], '"', 0.052910496731706225), ([[398, 512], [456, 512], [456, 536], [398, 536]], '나가토', 0.8622451424598694), ([[397, 531], [456, 531], [456, 558], [397, 558]], '나가토', 0.9999613889857206), ([[397, 575], [456, 575], [456, 603], [397, 603]], '나가토', 0.9999463162910359), ([[398, 554], [458, 554], [458, 580], [398, 580]], '나가토', 0.999955470024361), ([[643, 543], [671, 543], [671, 610], [643, 610]], '솜', 0.14790444786285661), ([[398, 598], [456, 598], [456, 622], [398, 622]], '나가토', 0.9990203380584717), ([[398, 620], [456, 620], [456, 644], [398, 644]], '나가토', 0.9998363256454468), ([[396, 642], [456, 642], [456, 666], [396, 666]], '나가토', 0.8473670117149557), ([[398, 664], [462, 664], [462, 688], [398, 688]], '나가토!', 0.9107866591395934), ([[5, 675], [70, 675], [70, 714], [5, 714]], '식자', 0.9999056766560054), ([[397, 683], [456, 683], [456, 710], [397, 710]], '나가토', 0.9999555388494661), ([[398, 706], [462, 706], [462, 730], [398, 730]], '나가토!', 0.8689235912713869), ([[63, 697], [185, 697], [185, 773], [63, 773]], '현실', 0.999888649842092), ([[398, 728], [462, 728], [462, 752], [398, 752]], '나가토!', 0.7168988667960117), ([[398, 748], [456, 748], [456, 772], [398, 772]], '나가토', 0.9999688909318631), ([[398, 772], [462, 772], [462, 796], [398, 796]], '나가토!', 0.9485061423846873), ([[398, 792], [462, 792], [462, 816], [398, 816]], '나가토!', 0.9786695499915765), ([[193, 815], [378, 815], [378, 858], [193, 858]], '에에앗! 넘어오', 0.5875306166683153), ([[398, 814], [462, 814], [462, 838], [398, 838]], '나가토!', 0.957830223398522), ([[398, 836], [462, 836], [462, 862], [398, 862]], '나가토!', 0.9681475162506104), ([[457, 815], [647, 815], [647, 855], [457, 855]], "'지말란 말이다!", 0.5078641592500693), ([[398, 858], [456, 858], [456, 882], [398, 882]], '나가토', 0.9999057096394688), ([[218, 876], [624, 876], [624, 930], [218, 930]], '활까 귀찮아서 나가토   컬리티 거지', 0.30463338036306614), ([[399, 925], [461, 925], [461, 945], [399, 945]], '나가토!', 0.9169072508811951), ([[399, 947], [461, 947], [461, 967], [399, 967]], '나가토!', 0.9510827660560608), ([[281, 961], [381, 961], [381, 1001], [281, 1001]], '대충 화', 0.9898922318713974), ([[398, 966], [462, 966], [462, 990], [398, 990]], '나가토!', 0.9515670537948608), ([[473, 961], [559, 961], [559, 999], [473, 999]], '주세요', 0.9998847869764311), ([[398, 988], [462, 988], [462, 1012], [398, 1012]], '나가토!', 0.9009854313136277), ([[398, 1008], [462, 1008], [462, 1032], [398, 1032]], '나가토!', 0.831533941793351), ([[183, 1031], [463, 1031], [463, 1073], [183, 1073]], '솔직히 그림만 화 나가토', 0.8300761576991975), ([[398, 1052], [462, 1052], [462, 1076], [398, 1076]], '나가토!', 0.960578203201294), ([[479, 1031], [655, 1031], [655, 1073], [479, 1073]], '도 끌리장아요', 0.3009685863089632), ([[398, 1074], [462, 1074], [462, 1098], [398, 1098]], '나가토!', 0.9676604866981506), ([[698, 1148], [856, 1148], [856, 1204], [698, 1204]], '싣4+)', 0.001550987595692277), ([[711, 1199], [813, 1199], [813, 1213], [711, 1213]], '러민: 변학터 . 주다', 0.0249900826605708)]
