918804
64
[([[558, 78], [862, 78], [862, 226], [558, 226]], '[없', 0.010883860479955218), ([[503, 199], [900, 199], [900, 387], [503, 387]], '[리""거', 0.005829330162162842), ([[631, 373], [853, 373], [853, 415], [631, 415]], '[여주-.시-- 59', 0.0017027639327496262), ([[619, 403], [847, 403], [847, 445], [619, 445]], '4-장5신욕-', 9.590234889621673e-05), ([[0, 921], [55, 921], [55, 1031], [0, 1031]], '대', 0.009261103446925267), ([[11.39651465788245, 1052.0165667734607], [78.41324191869785, 1010.007764962637], [221.60348534211755, 1255.9834332265393], [155.58675808130215, 1297.9922350373631]], '틀', 0.9546736543581034)]
[([[97, 103], [149, 103], [149, 147], [97, 147]], '자아', 0.9577132809883632), ([[727, 36], [823, 36], [823, 230], [727, 230]], '꿀', 0.12359208430781621), ([[96, 168], [210, 168], [210, 222], [96, 222]], '손올 뒤로해', 0.34665480489328737), ([[724, 357], [786, 357], [786, 477], [724, 477]], '뿐', 0.007031575330223083), ([[704, 1038], [754, 1038], [754, 1086], [704, 1086]], '정말', 0.9995441701212905), ([[705, 1101], [791, 1101], [791, 1145], [705, 1145]], '변래구만', 0.16874544322490692)]
[([[628, 254], [708, 254], [708, 286], [628, 286]], '문가말월', 0.1305205225944519), ([[628, 294], [708, 294], [708, 324], [628, 324]], '해야하지', 0.9989210963249207), ([[628, 334], [682, 334], [682, 362], [628, 362]], '않나?', 0.9588801159792455), ([[751, 501], [873, 501], [873, 569], [751, 569]], '부엌미리다', 0.0033953831490465295), ([[755, 595], [871, 595], [871, 661], [755, 661]], '봉어주요', 0.46689319610595703), ([[481, 877], [537, 877], [537, 919], [481, 919]], '그렇날', 0.030105580485964775), ([[481, 937], [553, 937], [553, 981], [481, 981]], '부탁하니', 0.13655151426792145), ([[356, 1010], [434, 1010], [434, 1066], [356, 1066]], '히익!', 0.37275103842775337), ([[481, 999], [565, 999], [565, 1043], [481, 1043]], '항 수여군', 0.18241759184598996), ([[761, 1229], [797, 1229], [797, 1275], [761, 1275]], '2', 0.7968457453735169)]
[([[57, 129], [109, 129], [109, 167], [57, 167]], '아아', 0.9979206580846933), ([[57, 189], [119, 189], [119, 229], [57, 229]], '아앗!', 0.8867423801617152), ([[412, 230], [513, 230], [513, 303], [412, 303]], '{;', 0.09286336882497703), ([[37, 425], [497, 425], [497, 541], [37, 541]], '[ [펼0끼7', 0.015893328400970644), ([[559, 533], [775, 533], [775, 577], [559, 577]], '6샌 스-4-시호긋', 0.000352412772174695), ([[256, 646], [280, 646], [280, 702], [256, 702]], '후', 0.1965764147300888), ([[705, 735], [797, 735], [797, 771], [705, 771]], '아아아양', 0.9181809425354004), ([[703, 825], [774, 825], [774, 864], [703, 864]], '아아!!', 0.98349928855896), ([[65, 951], [127, 951], [127, 1011], [65, 1011]], '감사', 0.9985352056697194), ([[764, 976], [826, 976], [826, 1030], [764, 1030]], '(뼈#', 0.003997377669428658), ([[65, 1035], [151, 1035], [151, 1099], [65, 1099]], '한리다', 0.2244961937163841), ([[476, 1068], [506, 1068], [506, 1104], [476, 1104]], '중은', 0.4709829242602892), ([[471, 1119], [541, 1119], [541, 1161], [471, 1161]], '조임이군', 0.6916904449462891)]
[([[102, 136], [160, 136], [160, 188], [102, 188]], '특!', 0.15036833434868227), ([[296, 996], [372, 996], [372, 1044], [296, 1044]], '아아', 0.9999227035548407), ([[296, 1070], [398, 1070], [398, 1122], [296, 1122]], '아양!!', 0.7612574100494385), ([[573, 1159], [615, 1159], [615, 1207], [573, 1207]], '고', 0.11041535256698953)]
[([[702, 746], [770, 746], [770, 794], [702, 794]], '기분', 0.9981200099283831), ([[706, 816], [788, 816], [788, 870], [706, 870]], '좋나?', 0.45713354019567604), ([[278, 1132], [360, 1132], [360, 1212], [278, 1212]], '74', 0.45542687433274437)]
[([[797, 321], [889, 321], [889, 385], [797, 385]], '부군애', 0.0037532371102928287), ([[797, 413], [900, 413], [900, 477], [797, 477]], '려주요', 0.4588728267410327), ([[251, 543], [347, 543], [347, 587], [251, 587]], '어이 어이', 0.9552957267362949), ([[248, 604], [360, 604], [360, 654], [248, 654]], '농담이켓지', 0.8674038391502381), ([[643, 611], [839, 611], [839, 719], [643, 719]], '[사렉', 0.0019887432705390767), ([[678, 906], [736, 906], [736, 958], [678, 958]], '꼭!', 0.04538447069490051)]
[([[96, 522], [192, 522], [192, 570], [96, 570]], '앞쾌지가', 0.34939906001091003), ([[456, 580], [564, 580], [564, 630], [456, 630]], '맞으니까', 0.9824277758598328), ([[456, 648], [536, 648], [536, 698], [456, 698]], '기분이', 0.9722434154913305), ([[456, 716], [528, 716], [528, 766], [456, 766]], '좋나?', 0.8620872767476867), ([[44, 968], [144, 968], [144, 1018], [44, 1018]], '아앗-!!', 0.8129704182226043), ([[718, 1026], [750, 1026], [750, 1056], [718, 1056]], '야?', 0.5349555701627674), ([[714, 1096], [816, 1096], [816, 1148], [714, 1148]], '회 2논', 0.012891979289970998), ([[92.09672249564571, 94.05115796168225], [186.90090267483313, 135.74471639745641], [158.9032775043543, 197.94884203831776], [64.09909732516688, 155.25528360254359]], '스프', 0.042897195687478955)]
[([[158, 306], [188, 306], [188, 340], [158, 340]], '거', 0.9997509872978902), ([[153, 361], [231, 361], [231, 405], [153, 405]], '거긴!', 0.7350640813688685), ([[85, 547], [147, 547], [147, 583], [85, 583]], '그렇계', 0.6367912987709325), ([[81, 593], [167, 593], [167, 633], [81, 633]], '싶지만은', 0.4769672751426697), ([[85, 643], [165, 643], [165, 683], [85, 683]], '않울렌데', 0.23481135070323944), ([[345, 679], [427, 679], [427, 715], [345, 715]], '왜 그래?', 0.9830444821646631), ([[343, 729], [425, 729], [425, 773], [343, 773]], '동구멍올', 0.6323707103729248), ([[343, 783], [469, 783], [469, 825], [343, 825]], '괴롭혀 주는건', 0.36587335622224076), ([[343, 837], [439, 837], [439, 881], [343, 881]], '싫은거가?', 0.6818682149763048), ([[778, 780], [834, 780], [834, 874], [778, 874]], '책', 0.04075387107136863), ([[589, 1049], [800, 1049], [800, 1126], [589, 1126]], '우아아아아', 0.9900663425155308), ([[593, 1155], [743, 1155], [743, 1221], [593, 1221]], '아악~~', 0.9450644254684448), ([[166.01005050633884, 151.07035354437184], [283.6463941255486, 170.80331041613223], [269.9899494936612, 234.92964645562816], [152.3536058744514, 214.19668958386777]], '전@물)', 0.07926801592111588)]
[([[137, 163], [261, 163], [261, 223], [137, 223]], '아그아아', 0.6248495578765869), ([[137, 253], [227, 253], [227, 315], [137, 315]], '아악]', 0.3850988203621922), ([[278, 442], [326, 442], [326, 492], [278, 492]], '아;', 0.20182069319936147), ([[539, 513], [731, 513], [731, 645], [539, 645]], '셋', 0.027626778151415232), ([[709, 739], [811, 739], [811, 783], [709, 783]], '내 손가락이', 0.8789404288227319), ([[708, 798], [814, 798], [814, 846], [708, 846]], '이 구멍보다', 0.9525047860489104), ([[147, 877], [219, 877], [219, 921], [147, 921]], '아앗!', 0.8757570978604117), ([[706, 858], [770, 858], [770, 906], [706, 906]], '작은데', 0.514215834457476), ([[355, 1024], [511, 1024], [511, 1158], [355, 1158]], '4";', 0.24173688949628497)]
[([[618, 6], [756, 6], [756, 132], [618, 132]], '메', 0.02668028736982908), ([[640, 364], [688, 364], [688, 412], [640, 412]], '극', 0.8876553768282633), ([[126, 512], [220, 512], [220, 560], [126, 560]], '꼼터 큰걸', 0.03199150537601379), ([[126, 578], [244, 578], [244, 628], [126, 628]], '원하고 있지?', 0.41113073221932717), ([[782, 710], [810, 710], [810, 742], [782, 742]], '@', 0.004209028474456089)]
[([[737, 81], [825, 81], [825, 143], [737, 143]], '아앗', 0.749083154484801), ([[178, 78], [376, 78], [376, 272], [178, 272]], '히량', 0.0055258206744712695), ([[693, 303], [763, 303], [763, 347], [693, 347]], '자지틀', 0.8340850848917689), ([[693, 361], [785, 361], [785, 405], [693, 405]], '넣어주마', 0.36997574000777816), ([[78, 580], [122, 580], [122, 606], [78, 606]], '싫어', 0.9995869858700017), ([[583, 753], [691, 753], [691, 813], [583, 813]], '이 적당하', 0.10193919097377416), ([[583, 834], [683, 834], [683, 890], [583, 890]], '사이적?', 0.06603792309761047), ([[695, 1057], [767, 1057], [767, 1095], [695, 1095]], '하으욕', 0.6152399219814123), ([[150, 1078], [202, 1078], [202, 1150], [150, 1150]], '새', 0.014360319307806846), ([[459.96667006423115, 735.0766894303488], [563.7135186915724, 758.0179135291548], [550.0333299357688, 815.9233105696512], [445.28648130842754, 792.9820864708452]], '21', 0.518502079657372)]
[([[477, 89], [539, 89], [539, 157], [477, 157]], '%', 0.23924826406699484), ([[816, 162], [897, 162], [897, 351], [816, 351]], '%', 0.07211416105934987), ([[111, 425], [147, 425], [147, 475], [111, 475]], '사유', 0.09599700001268562), ([[686, 560], [766, 560], [766, 608], [686, 608]], '우아아', 0.9938135729223692), ([[687, 627], [761, 627], [761, 669], [687, 669]], '아아!!', 0.17089948058128357), ([[146, 644], [234, 644], [234, 718], [146, 718]], '하지마', 0.106061019919671), ([[192, 774], [314, 774], [314, 902], [192, 902]], '#', 0.11130477806890227)]
[([[400, 74], [426, 74], [426, 104], [400, 104]], '아', 0.998710333146974), ([[399, 133], [477, 133], [477, 175], [399, 175]], '아파--', 0.9277946352958679), ([[682, 390], [772, 390], [772, 442], [682, 442]], '평구멍이', 0.2262226939201355), ([[54, 424], [138, 424], [138, 474], [54, 474]], '나쏟아이', 0.40025192499160767), ([[681, 459], [813, 459], [813, 519], [681, 519]], '중은가 보지?', 0.38475860553232627), ([[54, 492], [102, 492], [102, 540], [54, 540]], '구만', 0.9862895898519597)]
[([[261, 609], [281, 609], [281, 653], [261, 653]], '휴', 0.2840390527612868), ([[646, 680], [702, 680], [702, 736], [646, 736]], '아앗', 0.6508250493367509), ([[505, 743], [543, 743], [543, 785], [505, 785]], '양', 0.94501193840998)]
[([[81, 73], [135, 73], [135, 111], [81, 111]], '기분', 0.9990842718343345), ([[83, 125], [151, 125], [151, 167], [83, 167]], '좋아?', 0.9963701314198439), ([[347, 849], [397, 849], [397, 887], [347, 887]], '좋앗', 0.3458137975854813), ([[496, 842], [548, 842], [548, 898], [496, 898]], '앗', 0.60764386472853), ([[135, 1131], [207, 1131], [207, 1193], [135, 1193]], '어떻밤', 0.007295878292240744)]
[([[275, 231], [337, 231], [337, 373], [275, 373]], '몇', 0.021323614546705727), ([[391, 369], [467, 369], [467, 413], [391, 413]], '어떻나.', 0.8735644221305847), ([[202, 496], [232, 496], [232, 538], [202, 538]], '호%', 0.10941336766593021), ([[92, 796], [272, 796], [272, 940], [92, 940]], '꽤@', 0.29758318613730955), ([[706, 842], [804, 842], [804, 916], [706, 916]], '엿차!', 0.7031352049872096), ([[115, 1145], [153, 1145], [153, 1181], [115, 1181]], '크극', 0.30903682149498907), ([[646, 1074], [770, 1074], [770, 1254], [646, 1254]], '@%', 0.008530840056327092), ([[470.83158752432604, 861.0684939567712], [610.1739148389973, 880.0201398860232], [595.168412475674, 965.9315060432288], [455.8260851610026, 946.9798601139768]], '{?', 0.026515758642819152)]
[([[569, 319], [623, 319], [623, 363], [569, 363]], '아싹;', 0.042514089163479894), ([[696, 454], [798, 454], [798, 590], [696, 590]], '7', 0.28100056270210416), ([[440, 834], [510, 834], [510, 890], [440, 890]], '응앗', 0.6036052988035823), ([[322, 884], [372, 884], [372, 934], [322, 934]], '맛!', 0.34697092910706384), ([[743, 1091], [787, 1091], [787, 1137], [743, 1137]], '맛!', 0.38824902566173664), ([[304.9973506193548, 85.08436865419321], [347.09744749709796, 71.1012197030985], [371.0026493806452, 155.9156313458068], [328.90255250290204, 168.89878029690152]], '꿀', 0.7153090496143513), ([[52.58358988404477, 499.0456432026939], [186.698061030365, 419.0110775435019], [330.4164101159552, 697.9543567973061], [197.301938969635, 777.9889224564981]], '젖', 0.06245003894435741)]
[([[717, 61], [817, 61], [817, 123], [717, 123]], '줄울 풀어', 0.42490411172771986), ([[713, 151], [835, 151], [835, 217], [713, 217]], '주도록하지', 0.9772478217441126), ([[797, 739], [841, 739], [841, 803], [797, 803]], '잇', 0.15795416035876997), ([[589, 809], [629, 809], [629, 849], [589, 849]], '아!', 0.8817461509861655), ([[164, 849], [397, 849], [397, 960], [164, 960]], '첫', 0.009338909094290193), ([[353, 1011], [391, 1011], [391, 1047], [353, 1047]], '그만', 0.9579422648661348), ([[349, 1067], [391, 1067], [391, 1105], [349, 1105]], '[뒤요', 0.4752437900789237), ([[203, 1191], [295, 1191], [295, 1251], [203, 1251]], '아버지', 0.9997065337720318), ([[720, 1192], [750, 1192], [750, 1238], [720, 1238]], '학', 0.6996242406080597), ([[242.22697931747607, 1014.0428138572846], [338.97750842080296, 1061.4393073590427], [309.7730206825239, 1117.9571861427153], [213.02249157919704, 1071.5606926409573]], '생꿈', 0.003707925629741668)]
[([[72, 36], [148, 36], [148, 84], [72, 84]], '반항올', 0.5606756086601827), ([[72, 98], [160, 98], [160, 146], [72, 146]], '좀 해화', 0.596792576364522), ([[752, 354], [804, 354], [804, 426], [752, 426]], '7', 0.34850014081664327), ([[523, 725], [575, 725], [575, 761], [523, 761]], '어겨서', 0.10481774726394692), ([[448, 980], [530, 980], [530, 1028], [448, 1028]], '오리아|', 0.0358503982424736), ([[294, 1022], [378, 1022], [378, 1096], [294, 1096]], '', 0.0), ([[624.8834305481831, 74.06253187883003], [737.1413904625073, 98.94599205575763], [715.1165694518169, 182.93746812116996], [603.8586095374927, 158.0540079442424]], '[ 해', 0.01381453801130669), ([[336.00496280979, 701.0496280979002], [439.5506413681124, 740.0360078512755], [407.99503719021, 820.9503719020998], [304.4493586318876, 781.9639921487245]], '777"', 0.15528623759746552)]
[([[359, 339], [423, 339], [423, 381], [359, 381]], '싫어어', 0.7249107074136392), ([[363, 395], [423, 395], [423, 431], [363, 431]], '아앗]!', 0.30750417709350586), ([[590, 406], [642, 406], [642, 464], [590, 464]], '맛!', 0.20432748820709937), ([[92, 536], [168, 536], [168, 588], [92, 588]], '동구멍온', 0.00792036671191454), ([[90, 608], [202, 608], [202, 658], [90, 658]], '아직 일핏나?', 0.2756189453432676), ([[456, 596], [504, 596], [504, 650], [456, 650]], '%', 0.2738685214083034), ([[620, 936], [660, 936], [660, 966], [620, 966]], '아!', 0.9758927032477341), ([[735, 929], [751, 929], [751, 971], [735, 971]], '흙', 0.23046230699199644), ([[778, 972], [808, 972], [808, 1014], [778, 1014]], '앗', 0.20208057507780186), ([[349, 1181], [391, 1181], [391, 1221], [349, 1221]], '십어', 0.4855134665137509), ([[77.91892355535141, 966.2189407101516], [138.71756988820755, 920.0257785539152], [215.08107644464857, 1032.7810592898484], [154.28243011179245, 1078.9742214460848]], '숲', 0.4958061831582796)]
[([[736, 72], [798, 72], [798, 122], [736, 122]], "'오}", 0.039423416447841836), ([[494, 246], [528, 246], [528, 272], [494, 272]], '크크', 0.9376005256003479), ([[112, 264], [152, 264], [152, 296], [112, 296]], '아!', 0.9895752853623182), ([[523, 403], [563, 403], [563, 447], [523, 447]], '아사', 0.26395044204179136), ([[674, 680], [748, 680], [748, 736], [674, 736]], '이계군', 0.07404047063657658), ([[673, 761], [805, 761], [805, 823], [673, 823]], '책씩싸페다', 0.015585163159226832), ([[678, 1098], [750, 1098], [750, 1180], [678, 1180]], '#', 0.004789119730909341)]
[([[289, 321], [333, 321], [333, 375], [289, 375]], '앗', 0.5508229091604768), ([[119, 389], [167, 389], [167, 429], [119, 429]], '아!', 0.9881549662176885), ([[708, 532], [820, 532], [820, 564], [708, 564]], '자지가', 0.9983222914290005), ([[706, 574], [780, 574], [780, 606], [706, 606]], '잘려', 0.12812523796061936), ([[709, 615], [815, 615], [815, 651], [709, 651]], '나갈것', 0.8763667929058828), ([[708, 660], [782, 660], [782, 692], [708, 692]], '갈군', 0.9021145162409713), ([[523, 851], [575, 851], [575, 889], [523, 889]], '아파', 0.9871757521347249), ([[116, 968], [188, 968], [188, 1056], [116, 1056]], "'", 0.05049126364439638), ([[668, 1112], [744, 1112], [744, 1244], [668, 1244]], '뱀', 0.0047311779756547545)]
[([[116, 294], [164, 294], [164, 342], [116, 342]], '야양', 0.3115598266847448), ([[782, 528], [832, 528], [832, 614], [782, 614]], '학', 0.2362453651984744), ([[106, 774], [160, 774], [160, 830], [106, 830]], '#', 0.9838147007886988), ([[348, 844], [534, 844], [534, 968], [348, 968]], '#편', 0.017469944039856546)]
[([[82, 116], [158, 116], [158, 196], [82, 196]], '47', 0.3614507570688652), ([[476, 112], [550, 112], [550, 196], [476, 196]], '객', 0.35349538869651553), ([[640, 218], [718, 218], [718, 292], [640, 292]], ')배', 0.006964865563465178), ([[120, 408], [170, 408], [170, 456], [120, 456]], '횟차', 0.2036415215730171), ([[114, 734], [181, 734], [181, 786], [114, 786]], '아아', 0.6014678705816728), ([[554, 978], [606, 978], [606, 1026], [554, 1026]], '죄송', 0.7774342672122247), ([[556, 1042], [642, 1042], [642, 1092], [556, 1092]], '합니다"', 0.11440666764974594)]
[([[256, 144], [286, 144], [286, 176], [256, 176]], '8', 0.1992933034319302), ([[42, 228], [68, 228], [68, 266], [42, 266]], '앗', 0.11288664446567864), ([[100, 384], [176, 384], [176, 458], [100, 458]], '레비', 0.0311310234572227), ([[798, 480], [878, 480], [878, 558], [798, 558]], '@젯', 0.03695720721416617), ([[0, 544], [48, 544], [48, 612], [0, 612]], '양', 0.9726194292908339), ([[261, 669], [281, 669], [281, 703], [261, 703]], '2', 0.8549201099084804), ([[696, 688], [864, 688], [864, 808], [696, 808]], '회비애', 0.02477785390908101), ([[63, 1139], [83, 1139], [83, 1165], [63, 1165]], '빠', 0.016933950804691955), ([[51.12613958504917, 1145.0478702239475], [179.88799383750722, 1185.6660010421863], [156.87386041495083, 1251.9521297760525], [28.11200616249278, 1211.3339989578137]], '내로', 0.05543781636652094)]
[([[342, 200], [394, 200], [394, 256], [342, 256]], ':', 0.013785649686735513), ([[554, 252], [650, 252], [650, 332], [554, 332]], '레비', 0.6377310208321324), ([[181, 423], [201, 423], [201, 453], [181, 453]], '쾌', 0.04415928503610744), ([[192, 418], [252, 418], [252, 474], [192, 474]], '(천아?', 0.13452671468257904), ([[730, 438], [786, 438], [786, 498], [730, 498]], '기비;', 0.01864007229224299), ([[158, 494], [274, 494], [274, 548], [158, 548]], '[아버지]나', 0.4122001307799445), ([[577, 675], [615, 675], [615, 729], [577, 729]], '후후', 0.13541340745249952), ([[803, 713], [845, 713], [845, 771], [803, 771]], '피', 0.28592503605024433), ([[492, 746], [572, 746], [572, 802], [492, 802]], '아무도', 0.7702218234482282), ([[492, 824], [558, 824], [558, 876], [492, 876]], '아야', 0.751202795449407), ([[672, 990], [810, 990], [810, 1044], [672, 1044]], '잠깐 옛날일이', 0.25829607450873376), ([[669, 1061], [833, 1061], [833, 1121], [669, 1121]], '펴올나올 뽑이야', 0.12870578211383954), ([[311, 1127], [383, 1127], [383, 1187], [311, 1187]], "'옛?", 0.14026535298469306)]
[([[48, 78], [102, 78], [102, 130], [48, 130]], '신경', 0.9255377212558307), ([[48, 150], [126, 150], [126, 200], [48, 200]], '쓰지마', 0.9774204479981085), ([[753, 337], [803, 337], [803, 375], [753, 375]], "그런끗'", 0.13152185082435608), ([[754, 390], [788, 390], [788, 422], [754, 422]], '보다', 0.9993349875138504), ([[401, 413], [445, 413], [445, 453], [401, 453]], '계속', 0.870760865121054), ([[703, 419], [751, 419], [751, 457], [703, 457]], '자아', 0.9953429212483291), ([[401, 471], [463, 471], [463, 511], [401, 511]], '하자구', 0.9986929803023035), ([[559, 1075], [633, 1075], [633, 1143], [559, 1143]], '(@아', 0.07449620219020403), ([[558.9838128076015, 328.0575527068925], [660.5459576125511, 360.17748188943267], [635.0161871923985, 433.9424472931075], [534.4540423874489, 401.82251811056733]], '대냐', 0.0037679903498769205)]
[([[146, 724], [176, 724], [176, 796], [146, 796]], '유', 0.041053982633943775), ([[112, 1076], [160, 1076], [160, 1130], [112, 1130]], '앗', 0.5512342134763095)]
[([[62, 98], [118, 98], [118, 152], [62, 152]], '맛!', 0.4500032181229796), ([[363, 119], [405, 119], [405, 181], [363, 181]], "1'", 0.3095650374076816), ([[101, 335], [167, 335], [167, 407], [101, 407]], '폐비', 0.024451572096670628), ([[99, 573], [139, 573], [139, 615], [99, 615]], '앗]', 0.02348703698606785), ([[126, 900], [196, 900], [196, 954], [126, 954]], '아위]', 0.2994151971139579), ([[784, 894], [856, 894], [856, 946], [784, 946]], "아야양'", 0.36060288548469543), ([[405.88345155201085, 79.04803800332579], [543.9531451525596, 113.88900000373312], [514.1165484479892, 220.9519619966742], [375.0468548474404, 186.11099999626688]], '@되 (', 0.09620533525588873)]
[([[857, 35], [899, 35], [899, 95], [857, 95]], '표', 0.05471753138893676), ([[220, 134], [280, 134], [280, 190], [220, 190]], '71', 0.2214796093360553), ([[641, 263], [677, 263], [677, 309], [641, 309]], '스', 0.04176642975362932), ([[639, 329], [697, 329], [697, 373], [639, 373]], '시칠기"', 0.004967627581208944), ([[495, 653], [626, 653], [626, 725], [495, 725]], ':불내', 0.0055451852836874305), ([[816, 790], [879, 790], [879, 828], [816, 828]], "'알앉어", 0.3674396574497223), ([[582, 1174], [664, 1174], [664, 1252], [582, 1252]], '4/', 0.15200732655979696)]
[([[394, 106], [516, 106], [516, 156], [394, 156]], '이쪽 구멍도', 0.9896108016276587), ([[122, 148], [182, 148], [182, 204], [122, 204]], '디8', 0.07934093689729868), ([[394, 176], [472, 176], [472, 226], [394, 226]], '해주지,', 0.9255752563476562), ([[652, 286], [702, 286], [702, 344], [652, 344]], '때', 0.6914336735268343), ([[537, 333], [605, 333], [605, 405], [537, 405]], '것', 0.002270239387912376), ([[760, 560], [822, 560], [822, 616], [760, 616]], '후회', 0.9979802466052509), ([[755, 638], [856, 638], [856, 698], [755, 698]], '하지마', 0.9986503160812276), ([[573, 825], [639, 825], [639, 945], [573, 945]], '댁', 0.17523708223304713), ([[473, 1103], [509, 1103], [509, 1147], [473, 1147]], '앗', 0.48586753355471046), ([[104.11324669488432, 1064.0437916183316], [213.87364677748485, 1111.4972049812325], [180.8867533051157, 1182.9562083816684], [72.12635322251515, 1135.5027950187675]], '동@', 0.005320719246075431)]
[([[821, 157], [837, 157], [837, 207], [821, 207]], '8', 0.997693201602047), ([[648, 390], [680, 390], [680, 434], [648, 434]], '앗', 0.24918211943836255), ([[197, 627], [333, 627], [333, 743], [197, 743]], '매째', 0.06407184246192292), ([[805, 789], [843, 789], [843, 825], [805, 825]], '하아', 0.813720335295311), ([[511, 845], [553, 845], [553, 881], [511, 881]], '하아)', 0.4601513546890384), ([[195, 1029], [235, 1029], [235, 1081], [195, 1081]], '앗', 0.599946570751829), ([[705, 1013], [823, 1013], [823, 1101], [705, 1101]], '모', 0.013716116562556557), ([[300.1878904958928, 53.04132685974987], [409.9170218939188, 99.85075488636663], [380.8121095041072, 166.95867314025014], [270.0829781060812, 120.14924511363337]], '귀티', 0.036368000440240515), ([[576.7984419294426, 113.0658215579277], [704.8386991009991, 133.08065044950047], [688.2015580705574, 225.9341784420723], [559.1613008990009, 205.91934955049953]], '방$', 0.00322778324926349), ([[839.3351366892331, 158.07460143262563], [864.9322165689223, 154.14851402447306], [871.6648633107669, 207.92539856737437], [846.0677834310777, 211.85148597552694]], '8', 0.2409808300203844)]
[([[114, 30], [178, 30], [178, 86], [114, 86]], '잠깐', 0.48333512985425287), ([[60, 94], [112, 94], [112, 152], [60, 152]], '턱', 0.09692573213556788), ([[738, 362], [804, 362], [804, 414], [738, 414]], "'찌_계;", 0.05418339793293143), ([[647, 455], [691, 455], [691, 501], [647, 501]], '미', 0.2758868296582797), ([[495, 1163], [537, 1163], [537, 1215], [495, 1215]], '앗', 0.6231288050594799), ([[567.3069630690812, 1011.0300752944345], [627.0756520907685, 1002.2739616621396], [646.6930369309188, 1141.9699247055655], [586.9243479092315, 1151.7260383378605]], '흙', 0.14742029915823096)]
[([[723, 17], [763, 17], [763, 111], [723, 111]], '$', 0.14977771520752103), ([[299, 121], [387, 121], [387, 185], [299, 185]], '어젯?', 0.047654727241369), ([[758, 540], [814, 540], [814, 594], [758, 594]], '뭐가', 0.8086990203137587), ([[757, 617], [865, 617], [865, 677], [757, 677]], '어떻나?', 0.7325380444526672), ([[127, 803], [219, 803], [219, 871], [127, 871]], '[래션; |', 0.000679126293339876), ([[540, 1034], [624, 1034], [624, 1090], [540, 1090]], '오왜', 0.022255252533469765)]
[([[149, 39], [193, 39], [193, 77], [149, 77]], '입은', 0.9994028313944213), ([[145, 87], [235, 87], [235, 129], [145, 129]], '계속 쓸쓸', 0.9726909904925854), ([[147, 141], [209, 141], [209, 181], [147, 181]], '햇젯지', 0.22726932170262495), ([[752, 304], [806, 304], [806, 358], [752, 358]], '하?', 0.99973153513111), ([[156, 344], [212, 344], [212, 392], [156, 392]], '맨', 0.08665881776090956), ([[128, 384], [212, 384], [212, 460], [128, 460]], '떼', 0.7401133287094694), ([[548, 432], [616, 432], [616, 484], [548, 484]], '%릎$', 0.013375218453400327), ([[546, 506], [622, 506], [622, 560], [546, 560]], '봄거히?', 0.024297846481204033), ([[430, 594], [486, 594], [486, 654], [430, 654]], '예', 0.20590665550261988), ([[423, 837], [441, 837], [441, 867], [423, 867]], '체', 0.2986238436949442), ([[169, 863], [255, 863], [255, 923], [169, 923]], '[#로', 0.01989918326596612), ([[400, 900], [478, 900], [478, 950], [400, 950]], '일#어?', 0.26370957493782043), ([[753, 1075], [791, 1075], [791, 1131], [753, 1131]], '싸;', 0.1073197255138541), ([[105, 1115], [191, 1115], [191, 1175], [105, 1175]], '빨게', 0.5944629676703183), ([[106, 1198], [196, 1198], [196, 1254], [106, 1254]], '해쥐', 0.9981377861446997)]
[([[619, 101], [639, 101], [639, 123], [619, 123]], '7', 0.995346488970327), ([[701, 253], [741, 253], [741, 321], [701, 321]], '틀', 0.09687264882106561), ([[604, 388], [724, 388], [724, 464], [604, 464]], '2기나', 0.1344150614407845), ([[602, 496], [776, 496], [776, 572], [602, 572]], '빨교심없나-', 0.1332631348260482), ([[237, 703], [323, 703], [323, 767], [237, 767]], '자아', 0.9980139442901101), ([[728, 743], [841, 743], [841, 807], [728, 807]], '(7>', 0.23036135733127594)]
[([[791, 337], [831, 337], [831, 389], [791, 389]], '우유', 0.4070034782443594), ([[0, 410], [96, 410], [96, 512], [0, 512]], '확어', 0.09203055829923758), ([[457, 595], [495, 595], [495, 637], [457, 637]], '너무', 0.9457070939186822), ([[454, 660], [542, 660], [542, 710], [454, 710]], '아#하지바', 0.032943228802948546), ([[665, 927], [731, 927], [731, 991], [665, 991]], '%@', 0.048414858403608096), ([[47, 1079], [61, 1079], [61, 1115], [47, 1115]], '응', 0.9465886370436785), ([[766, 1076], [774, 1076], [774, 1106], [766, 1106]], '등', 0.021495298023804787), ([[165, 1149], [181, 1149], [181, 1175], [165, 1175]], '6', 0.43400229065244744), ([[185, 1135], [197, 1135], [197, 1173], [185, 1173]], '무', 0.9960405757885873)]
[([[648, 234], [714, 234], [714, 290], [648, 290]], '째', 0.22700800675913602), ([[378, 910], [438, 910], [438, 960], [378, 960]], '우육', 0.823546446420769)]
[([[768, 108], [834, 108], [834, 158], [768, 158]], '바집다', 0.000118514798585699), ([[696, 170], [764, 170], [764, 222], [696, 222]], '좁다', 0.017326216292981582), ([[172, 252], [250, 252], [250, 306], [172, 306]], '자아:', 0.3651005632901074), ([[692, 234], [784, 234], [784, 291], [692, 291]], '깊숙이', 0.9994253978936641), ([[697, 1001], [709, 1001], [709, 1023], [697, 1023]], '7', 0.3056217078391369)]
[([[827, 159], [903, 159], [903, 201], [827, 201]], '기분', 0.9999396462463891), ([[831, 217], [901, 217], [901, 259], [831, 259]], '종지', 0.6381193376514557), ([[711, 343], [775, 343], [775, 449], [711, 449]], '꽤', 0.08952793316565621), ([[234, 474], [290, 474], [290, 548], [234, 548]], '#', 0.12281322448893661), ([[107, 543], [167, 543], [167, 603], [107, 603]], '전부', 0.9995057375445164), ([[109, 627], [237, 627], [237, 691], [109, 691]], '마시늄거야', 0.28820952199474453), ([[155, 779], [201, 779], [201, 817], [155, 817]], '명', 0.06749206911058625), ([[352, 858], [452, 858], [452, 958], [352, 958]], '7', 0.3238875898233715), ([[716, 886], [742, 886], [742, 942], [716, 942]], '육', 0.9330381234146365), ([[830, 950], [862, 950], [862, 996], [830, 996]], '우유', 0.04814149175341463), ([[670, 1184], [758, 1184], [758, 1240], [670, 1240]], '센다!', 0.0734427062663215)]
[([[30, 76], [110, 76], [110, 156], [30, 156]], '[|거', 0.00577154326464493), ([[704, 68], [796, 68], [796, 146], [704, 146]], '11골', 0.06360808111812274), ([[97, 321], [177, 321], [177, 387], [97, 387]], '&', 0.022649635381457367), ([[549, 403], [587, 403], [587, 443], [549, 443]], '위?', 0.8001930981621996), ([[623.6632739123585, 1009.2510599968492], [690.7893268770283, 962.0283564093068], [758.3367260876415, 1076.748940003151], [691.2106731229717, 1122.9716435906932]], '주 ', 0.1956120927393139)]
[([[711, 49], [805, 49], [805, 141], [711, 141]], "7{'", 0.12509901094441897), ([[505, 181], [637, 181], [637, 271], [505, 271]], "'@.답", 0.0641242191195488), ([[157, 295], [237, 295], [237, 357], [157, 357]], '시', 0.9799327956469348), ([[449, 412], [698, 412], [698, 582], [449, 582]], '곳', 0.008029279652377819), ([[143, 649], [235, 649], [235, 799], [143, 799]], '향', 0.06979058669255611), ([[369, 877], [429, 877], [429, 959], [369, 959]], '해', 0.08484075789826662), ([[194, 1162], [260, 1162], [260, 1210], [194, 1210]], '깜짝', 0.9996058654259095), ([[196, 1228], [288, 1228], [288, 1276], [196, 1276]], '놀랍지', 0.16190025881536918)]
[([[116, 114], [144, 114], [144, 148], [116, 148]], '2', 0.9893307693096745), ([[110, 174], [204, 174], [204, 222], [110, 222]], '그만뒤!', 0.9812811613082886), ([[757, 703], [809, 703], [809, 747], [757, 747]], '문가', 0.2045169378469202), ([[758, 766], [848, 766], [848, 816], [758, 816]], '문제라도', 0.4683677554130554), ([[761, 835], [821, 835], [821, 879], [761, 879]], '있냐?', 0.3180191474625718), ([[311, 1171], [353, 1171], [353, 1239], [311, 1239]], '옷', 0.983169567438896), ([[543.0430573326054, 37.0382166575665], [673.4523726265635, 84.41626434815021], [633.9569426673946, 185.9617833424335], [503.5476273734365, 137.5837356518498]], '씻어', 0.010937673656988934), ([[323.8449914182544, 289.0669261969875], [439.86584846165454, 307.3743399330498], [423.1550085817456, 394.9330738030125], [307.13415153834546, 376.6256600669502]], '세', 0.31389373635306583)]
[([[271, 73], [313, 73], [313, 109], [271, 109]], '시끄', 0.45003877769645795), ([[271, 125], [329, 125], [329, 167], [271, 167]], '/구만', 0.08980166014699711), ([[855, 339], [901, 339], [901, 383], [855, 383]], '아야', 0.3645088407244006), ([[815, 379], [861, 379], [861, 423], [815, 423]], '그만;', 0.9826518995890162), ([[395, 707], [455, 707], [455, 743], [395, 743]], '조용히', 0.9992684894520184), ([[393, 753], [477, 753], [477, 789], [393, 789]], '강간이나', 0.9864168167114258), ([[393, 797], [477, 797], [477, 833], [393, 833]], '당하라구', 0.9801153540611267), ([[806, 840], [854, 840], [854, 952], [806, 952]], '명', 0.010563385209121146)]
[([[314, 102], [394, 102], [394, 232], [314, 232]], '색', 0.01888503007297282), ([[111, 573], [147, 573], [147, 611], [111, 611]], '으응', 0.7673225698382521), ([[776, 918], [808, 918], [808, 972], [776, 972]], '응', 0.9960099999480008)]
[([[108, 56], [158, 56], [158, 114], [108, 114]], '욕', 0.8683193474685744), ([[786, 118], [862, 118], [862, 174], [786, 174]], '아양', 0.5614120599417306), ([[561, 589], [663, 589], [663, 631], [561, 631]], '자지가 박혀', 0.7633561803808241), ([[99, 649], [159, 649], [159, 693], [99, 693]], '싫어 .', 0.8204371784073305), ([[335, 621], [441, 621], [441, 709], [335, 709]], '[깨히', 0.0013211759271354693), ([[562, 646], [642, 646], [642, 694], [562, 694]], '있는#올', 0.007067088037729263), ([[562, 706], [688, 706], [688, 754], [562, 754]], '보여쥐불까나?', 0.37466639961765996), ([[78, 1018], [233, 1018], [233, 1116], [78, 1116]], '4%', 0.0015254951066237948)]
[([[769, 81], [819, 81], [819, 125], [769, 125]], "'옷차", 0.6804425048971058), ([[38, 254], [104, 254], [104, 310], [38, 310]], '아유', 0.9608152283721352), ([[595, 641], [679, 641], [679, 705], [595, 705]], '어젯?)', 0.0926622599363327), ([[522, 688], [580, 688], [580, 736], [522, 736]], '환히', 0.19318348391283524), ([[524, 758], [606, 758], [606, 806], [524, 806]], '보이지', 0.9985365001442059), ([[454, 1180], [532, 1180], [532, 1254], [454, 1254]], '#', 0.9199019806732487), ([[287.5439777606179, 406.3863310579156], [337.7052085783768, 365.0311430643421], [402.4560222393821, 452.6136689420844], [352.2947914216232, 493.9688569356579]], '%', 0.15790318587187357)]
[([[141, 63], [189, 63], [189, 99], [141, 99]], '어떤계', 0.154981176817359), ([[144, 112], [208, 112], [208, 144], [144, 144]], '보이나고', 0.8504666090011597), ([[789, 315], [855, 315], [855, 351], [789, 351]], "'어떤게", 0.4438231587409973), ([[194, 312], [274, 312], [274, 386], [194, 386]], '거', 0.24802667437974524), ([[792, 360], [856, 360], [856, 392], [792, 392]], '보이나', 0.998007285751323), ([[597, 539], [671, 539], [671, 577], [597, 577]], '자  잘', 0.7782576134286076), ([[599, 593], [705, 593], [705, 633], [599, 633]], '보여지고', 0.9983963370323181), ([[592, 644], [658, 644], [658, 693], [592, 693]], '있어 .', 0.4439170625419617), ([[227, 847], [343, 847], [343, 979], [227, 979]], '4비7', 0.009039588987302333), ([[765, 905], [813, 905], [813, 949], [765, 949]], '나의', 0.8345405333519103), ([[765, 971], [837, 971], [837, 1013], [765, 1013]], '보지에_', 0.7058818936347961), ([[216, 982], [340, 982], [340, 1134], [216, 1134]], '7', 0.2469377989859476), ([[380, 1034], [466, 1034], [466, 1088], [380, 1088]], '자지가', 0.9848965365834892), ([[381, 1110], [489, 1110], [489, 1170], [381, 1170]], '박혀있어;', 0.7382437128710831)]
[([[110, 370], [136, 370], [136, 416], [110, 416]], '욕', 0.053771559025173055), ([[742, 452], [792, 452], [792, 484], [742, 484]], '아아 .', 0.7961024045944214), ([[400, 498], [434, 498], [434, 528], [400, 528]], '아', 0.9999682905803553), ([[741, 497], [821, 497], [821, 533], [741, 533]], '잘보이논', 0.336378812789917), ([[743, 543], [819, 543], [819, 579], [743, 579]], '모양이군', 0.9955748319625854), ([[39, 691], [123, 691], [123, 775], [39, 775]], '#7', 0.13979940353022263), ([[58, 778], [136, 778], [136, 862], [58, 862]], '#', 0.9997942553500394), ([[464, 956], [514, 956], [514, 1010], [464, 1010]], '때', 0.9706918333950263), ([[93, 985], [181, 985], [181, 1029], [93, 1029]], '아아앗!', 0.7014334201812744), ([[95, 1045], [169, 1045], [169, 1089], [95, 1089]], '부서적', 0.533326790432186), ([[93, 1109], [145, 1109], [145, 1151], [93, 1151]], '버려', 0.9971725286192444)]
[([[652, 112], [704, 112], [704, 186], [652, 186]], '끼', 0.018911098850683317), ([[771, 159], [791, 159], [791, 203], [771, 203]], '병', 0.0036102509292890717), ([[685, 195], [705, 195], [705, 245], [685, 245]], '닭', 0.019677439760077187), ([[687, 325], [703, 325], [703, 369], [687, 369]], '휴', 0.05521233103224521), ([[464, 752], [514, 752], [514, 800], [464, 800]], "'계약", 0.11855938729810662), ([[464, 822], [566, 822], [566, 872], [464, 872]], '조여오논데', 0.13232632947308956)]
[([[742, 24], [816, 24], [816, 180], [742, 180]], "'", 0.02336341922127283), ([[120, 126], [172, 126], [172, 232], [120, 232]], '$', 0.03399074052580975), ([[96, 346], [126, 346], [126, 390], [96, 390]], '록', 0.4194504497411664), ([[706, 358], [810, 358], [810, 462], [706, 462]], '짓', 0.030922668376152984), ([[432, 642], [524, 642], [524, 690], [432, 690]], '기분', 0.9999319756641771), ([[436, 708], [520, 708], [520, 758], [436, 758]], '종지', 0.19411160604011654), ([[760, 736], [792, 736], [792, 776], [760, 776]], '싫', 0.28308400345844476), ([[267, 827], [321, 827], [321, 863], [267, 863]], '히익', 0.8933041684238393), ([[433, 877], [469, 877], [469, 919], [433, 919]], '앗', 0.5943683437701317), ([[247, 1003], [289, 1003], [289, 1041], [247, 1041]], '만', 0.13555513481838943), ([[25, 1139], [87, 1139], [87, 1215], [25, 1215]], '때', 0.9311234895476197)]
[([[88, 298], [182, 298], [182, 352], [88, 352]], "굽'9", 0.00038871698581218936), ([[770, 578], [854, 578], [854, 626], [770, 626]], "'이계 슬술", 0.27317690043443005), ([[116, 638], [164, 638], [164, 690], [116, 690]], '흑드', 0.07561053122936716), ([[768, 638], [832, 638], [832, 688], [768, 688]], '가불까', 0.7334235029837501), ([[157, 813], [223, 813], [223, 855], [157, 855]], '꺼=', 0.21131389807965345), ([[751, 1043], [795, 1043], [795, 1091], [751, 1091]], '물론', 0.9991594424670449), ([[113, 1093], [155, 1093], [155, 1133], [113, 1133]], '질내', 0.4063051828474707), ([[748, 1106], [832, 1106], [832, 1154], [748, 1154]], '마무리논', 0.7012626528739929), ([[113, 1149], [189, 1149], [189, 1191], [113, 1191]], '사정이다', 0.7585719227790833)]
[([[411, 443], [471, 443], [471, 485], [411, 485]], '아아악', 0.4438722349387726), ([[311, 521], [351, 521], [351, 565], [311, 565]], '앗', 0.6778260372392566), ([[467, 1001], [503, 1001], [503, 1039], [467, 1039]], '희', 0.3625196187152291), ([[277, 1035], [317, 1035], [317, 1079], [277, 1079]], '앗', 0.5572749983863368), ([[771, 1119], [813, 1119], [813, 1161], [771, 1161]], '코유', 0.08387616814244657), ([[569.9594617776758, 122.10947035507583], [625.7013292497812, 138.29779458197575], [613.0405382223242, 178.8905296449242], [558.2986707502188, 162.70220541802425]], '7버', 0.166209009461698)]
[([[755, 59], [811, 59], [811, 101], [755, 101]], '아앗', 0.7897955307091983), ([[77, 357], [346, 357], [346, 510], [77, 510]], '셋)', 0.011058606420359718), ([[699, 569], [803, 569], [803, 609], [699, 609]], '역시 레비논', 0.48678895332748945), ([[697, 627], [803, 627], [803, 665], [697, 665]], '[ (유하는결', 0.003825528277211356), ([[697, 679], [843, 679], [843, 721], [697, 721]], '계일 좋아하눈군,', 0.24536097880750227), ([[819, 949], [875, 949], [875, 993], [819, 993]], '히약', 0.89256896979188), ([[165, 1017], [323, 1017], [323, 1181], [165, 1181]], '몸', 0.00790121110870784), ([[622.127036057031, 122.06384518781088], [704.8246843901702, 149.56019037546355], [685.872963942969, 201.93615481218913], [604.1753156098298, 174.43980962453645]], '채', 0.010617496951721483), ([[382.1814642737591, 340.0872284470947], [634.3659856017606, 319.8247377441741], [635.818535726241, 481.9127715529053], [383.6340143982394, 502.1752622558259]], '~첫', 0.43183705298367214)]
[([[683, 45], [701, 45], [701, 87], [683, 87]], '응', 0.9656862676119751), ([[124, 6], [384, 6], [384, 178], [124, 178]], '젓품', 0.024810491773778986), ([[463, 301], [527, 301], [527, 433], [463, 433]], '흙', 0.18276196593939176), ([[460, 606], [536, 606], [536, 656], [460, 656]], '대', 0.20780998696233155), ([[52, 838], [118, 838], [118, 890], [52, 890]], '아을', 0.19581521739388338), ([[709, 833], [771, 833], [771, 875], [709, 875]], '하약', 0.3933760807149458), ([[160, 1002], [184, 1002], [184, 1038], [160, 1038]], '욕', 0.26242302977772525), ([[513.1626818219505, -2.949740877810335], [603.9362203139989, 38.05721277285451], [577.8373181780495, 93.94974087781034], [487.06377968600106, 53.94278722714549]], "'[", 0.16772902099859677), ([[446.1964926239916, 1056.054045417538], [540.9288929610959, 1090.0790069186646], [520.8035073760084, 1141.945954582462], [426.0711070389041, 1107.9209930813354]], '기톱', 0.028901532318720675), ([[214.97228394637955, 1171.058870333502], [330.55930661857855, 1201.218225348962], [308.02771605362045, 1275.941129666498], [193.44069338142145, 1245.781774651038]], '위', 0.2933539851263198)]
[([[258, 92], [306, 92], [306, 144], [258, 144]], '우', 0.6473145008527901), ([[409, 507], [451, 507], [451, 545], [409, 545]], "'하아", 0.9468191863650092), ([[286, 558], [310, 558], [310, 596], [286, 596]], '욕', 0.20511748534863727), ([[105, 657], [263, 657], [263, 695], [105, 695]], '이 더러운', 0.6102686705616517), ([[109, 703], [333, 703], [333, 745], [109, 745]], '보지안에 나의', 0.6124730841848697), ([[105, 753], [299, 753], [299, 795], [105, 795]], '정액올 가득', 0.6200898675643016), ([[101, 803], [260, 803], [260, 843], [101, 843]], '채워주지.', 0.696210560130109), ([[174, 944], [258, 944], [258, 998], [174, 998]], '간다::', 0.06224350258708), ([[337, 1175], [385, 1175], [385, 1213], [337, 1213]], '그마뒤', 0.43287667438669025), ([[461, 1187], [497, 1187], [497, 1223], [461, 1223]], '앗', 0.7962867462702548)]
[([[73, 15], [139, 15], [139, 99], [73, 99]], '해', 0.03952550940789856), ([[421, 45], [474, 45], [474, 86], [421, 86]], '싫어 .', 0.5884383320808411), ([[423, 95], [491, 95], [491, 131], [423, 131]], '아아양', 0.9222696978212649), ([[246, 214], [300, 214], [300, 388], [246, 388]], '%', 0.145977989684539), ([[374, 504], [480, 504], [480, 576], [374, 576]], '샌다)', 0.008998924525824062), ([[244, 624], [336, 624], [336, 696], [244, 696]], '기논문', 0.009432337205715836), ([[154, 758], [182, 758], [182, 788], [154, 788]], '가아하', 0.1525418277815805), ([[576, 878], [604, 878], [604, 946], [576, 946]], '붕', 0.0790874144801279), ([[581, 985], [647, 985], [647, 1053], [581, 1053]], '벤', 0.08989945241302255)]
[([[625, 183], [797, 183], [797, 227], [625, 227]], '그렇계 의기소침해', 0.46470648430984807), ([[504, 240], [542, 240], [542, 272], [504, 272]], '그냥', 0.9986475227858035), ([[622, 238], [846, 238], [846, 286], [622, 286]], '있으면 진짜 강간하는컷', 0.528974880439926), ([[500, 278], [574, 278], [574, 317], [500, 317]], '플레이다', 0.3223781883716583), ([[622, 298], [742, 298], [742, 346], [622, 346]], '같지 않잡아', 0.7964085040194964), ([[502, 324], [592, 324], [592, 356], [502, 356]], '라고 생각해', 0.9406199260153786), ([[178, 426], [254, 426], [254, 474], [178, 474]], "'이룩팬", 0.4706830084323883), ([[706, 414], [834, 414], [834, 462], [706, 462]], '뭐 남자라면', 0.8413889165844677), ([[65, 459], [107, 459], [107, 499], [65, 499]], '그냥', 0.9931171287904315), ([[706, 474], [856, 474], [856, 524], [706, 524]], '그런 망상낯은', 0.2979653134287689), ([[61, 509], [163, 509], [163, 553], [61, 553]], '적키!하면서', 0.01177728504699496), ([[707, 539], [783, 539], [783, 583], [707, 583]], '누구나', 0.6799882650375366), ([[62, 560], [199, 560], [199, 609], [62, 609]], '충분히 줄기리고', 0.34530096852240166), ([[465, 661], [575, 661], [575, 723], [465, 723]], '조금씩은', 0.8242797255516052), ([[465, 745], [553, 745], [553, 807], [465, 807]], '하잡아', 0.9851497150649833), ([[788, 948], [836, 948], [836, 996], [788, 996]], '나는', 0.9634679481362103), ([[98, 992], [232, 992], [232, 1046], [98, 1046]], '나는 레비와', 0.9048980147685622), ([[708, 990], [808, 990], [808, 1046], [708, 1046]], '2 }률', 0.004130126908421516), ([[95, 1065], [281, 1065], [281, 1125], [95, 1125]], '평범하계 사랑울', 0.2667954213412068), ([[709, 1067], [749, 1067], [749, 1115], [709, 1115]], '달리', 0.3268302978840344), ([[96, 1140], [256, 1140], [256, 1196], [96, 1196]], '나누고 싶다고', 0.9515836387911966)]
[([[50, 106], [86, 106], [86, 138], [50, 138]], '그건', 0.9983029998701379), ([[47, 147], [159, 147], [159, 187], [47, 187]], '너의 이기적인', 0.9792066286046301), ([[45, 195], [126, 195], [126, 236], [45, 236]], '생각이야', 0.9964125156402588), ([[65, 335], [239, 335], [239, 373], [65, 373]], '거칠계 하지 않으면', 0.9168465602180609), ([[65, 383], [287, 383], [287, 421], [65, 421]], '느끼지 못하는 나 한되는', 0.16417720364459903), ([[65, 431], [273, 431], [273, 471], [65, 471]], '꼬마들의 소갑장난갈은', 0.5963281976840872), ([[65, 481], [133, 481], [133, 517], [65, 517]], '소리야', 0.9999178227869836), ([[780, 488], [872, 488], [872, 538], [780, 538]], '(제', 0.03320547227585901), ([[529, 561], [657, 561], [657, 601], [529, 601]], '너의 그런', 0.6128143023013052), ([[747, 567], [789, 567], [789, 613], [747, 613]], '로', 0.44305771976775077), ([[529, 611], [715, 611], [715, 653], [529, 653]], '꿈갈은 소리는', 0.408959102569461), ([[529, 661], [685, 661], [685, 703], [529, 703]], '정말 마음에', 0.9181338429628525), ([[531, 715], [597, 715], [597, 753], [531, 753]], '안들.', 0.995781226496812), ([[342, 856], [416, 856], [416, 904], [342, 904]], '뭐록이', 0.5465625494884928), ([[492, 822], [564, 822], [564, 912], [492, 912]], '패', 0.009610070981216134), ([[344, 926], [452, 926], [452, 974], [344, 974]], '그렇계 가지', 0.154235060402489), ([[342, 994], [452, 994], [452, 1048], [342, 1048]], '말하다편야', 0.23470136143437395), ([[38, 1088], [122, 1088], [122, 1144], [38, 1144]], '가끔은', 0.5804334730836764), ([[578, 1100], [628, 1100], [628, 1148], [578, 1148]], ',지만', 0.31924987952675726), ([[37, 1161], [143, 1161], [143, 1221], [37, 1221]], '괜함-지', 0.12331850081682205), ([[778, 1130], [828, 1130], [828, 1200], [778, 1200]], '#', 0.8379668146371841), ([[371, 1259], [455, 1259], [455, 1299], [371, 1299]], '튼새-', 0.0008065671353164488)]
[([[670, 1258], [833, 1258], [833, 1286], [670, 1286]], "성자중}   '구0스]", 0.013693281229581146)]
[([[365, 155], [581, 155], [581, 193], [365, 193]], '0 논 +) 논', 0.20096493532963663), ([[300, 352], [638, 352], [638, 378], [300, 378]], '(하00:0<-스(와당4-시-시토-하', 1.5835911599907143e-05), ([[282, 376], [656, 376], [656, 402], [282, 402]], '5퓨]어주 7>-<41미80-33*03', 0.002210702037186884), ([[274, 446], [644, 446], [644, 472], [274, 472]], '치마-틈어0^-)#니<하:내디병"', 3.0146422326591303e-05), ([[303, 470], [633, 470], [633, 496], [303, 496]], '+시월-한+"-디<틈%하<1다', 0.00015798669566709182), ([[294, 494], [636, 494], [636, 520], [294, 520]], '#내[치롬(++해<<구*)+단(따합', 7.368567729727707e-05), ([[306, 516], [608, 516], [608, 542], [306, 542]], '[미친)-)^0*347손타#내0디답길', 0.003249320007604225), ([[308, 540], [610, 540], [610, 566], [308, 566]], '1빠} (금 #굶이궁따 팀-(*31하 -', 0.0011936583112298722), ([[263, 608], [668, 608], [668, 638], [263, 638]], '속미상3느+3#0내\') (터버(:(소병" 햇#내 !', 0.0001634930939692821), ([[414, 658], [516, 658], [516, 684], [414, 684]], '{추다스"', 0.07166952717196914), ([[273, 725], [664, 725], [664, 755], [273, 755]], '-캐5촌5*<5*<몰히하##<-*마130<', 0.0033603192032900468), ([[261, 751], [680, 751], [680, 778], [261, 778]], '-여훈스--신토예순.30<하자쁨내`내:화.', 6.730597648923249e-07), ([[214, 820], [724, 820], [724, 848], [214, 848]], '#-하 +((- 조중"하내<<출단니:내소[,어스]**', 1.777238458123321e-06), ([[235, 842], [684, 842], [684, 873], [235, 873]], "소디'-디(1/-자주쓸(-하마+갇522(운내소", 0.0012152764043203317), ([[386, 1048], [554, 1048], [554, 1074], [386, 1074]], '85148 스4-시쩌설', 0.00201863431529119)]
[([[376, 371], [572, 371], [572, 402], [376, 402]], '?4-7 씨밑물-큰1', 0.0001638595523260909), ([[438, 624], [508, 624], [508, 654], [438, 654]], '주소타', 0.030126119464221977), ([[426, 647], [520, 647], [520, 671], [426, 671]], '11/08/14', 0.9999307095866815), ([[446, 690], [498, 690], [498, 718], [446, 718]], '쓸픔', 0.01592494140503705), ([[432, 712], [514, 712], [514, 738], [432, 738]], '4-습-시쪽', 0.0008008391362541343), ([[448, 756], [496, 756], [496, 780], [448, 780]], '태]', 0.034283327694443234), ([[408, 776], [540, 776], [540, 804], [408, 804]], '그- > 넘#방', 0.14685717008739183), ([[402, 860], [542, 860], [542, 886], [402, 886]], '[^-^-시톤 주이))', 0.00013360873044025278), ([[403, 883], [539, 883], [539, 901], [403, 901]], '"++오://3-라도나*서;미/', 8.10974405633962e-05), ([[318, 908], [484, 908], [484, 934], [318, 934]], '18 * 품0변톤 사늘.', 0.0036459237845430925), ([[286, 924], [448, 924], [448, 948], [286, 948]], '주한분0 ##하-도교 #빛', 0.0037016306861449187), ([[445, 909], [657, 909], [657, 953], [445, 953]], '"둑; 꾸품출#쓸슷하호%하', 0.0010111348197459798)]
[([[366, 533], [567, 533], [567, 635], [366, 635]], '매에', 0.05281286175057514), ([[337, 615], [583, 615], [583, 727], [337, 727]], '[또', 0.01427755749792789), ([[386, 722], [498, 722], [498, 746], [386, 746]], '[:토-.`-.)', 3.8307665401817567e-05), ([[375, 719], [535, 719], [535, 781], [375, 781]], '{완또,극', 0.0010094525875180146)]
