939278
20
[([[424, 14], [568, 14], [568, 598], [424, 598]], '', 0.0), ([[12.057428275285472, 768.5033708955139], [36.63692975529848, 746.0510355171494], [77.94257172471453, 793.4966291044861], [53.36307024470152, 815.9489644828506]], '평', 0.7414807176577689)]
[([[443, 209], [487, 209], [487, 229], [443, 229]], '아가2', 0.8656653621249982), ([[115, 229], [149, 229], [149, 243], [115, 243]], '돌아가고', 0.5118998289108276), ([[442, 244], [478, 244], [478, 270], [442, 270]], '싶어', 0.5387020276092668), ([[65, 263], [99, 263], [99, 279], [65, 279]], '돌 가고', 0.1474161595106125), ([[63, 285], [99, 285], [99, 299], [63, 299]], "짙다2오 '", 0.05851222550611955), ([[287, 509], [327, 509], [327, 529], [287, 529]], '집어 ', 0.3216978185282258), ([[290, 538], [330, 538], [330, 562], [290, 562]], '돌아""\'', 0.353908622599348), ([[245, 589], [287, 589], [287, 609], [245, 609]], '갈래"""', 0.14847208014557692)]
[([[476, 284], [508, 284], [508, 314], [476, 314]], '10', 0.18953649743277498), ([[69, 515], [125, 515], [125, 551], [69, 551]], '수월히', 0.966496947889368), ([[55, 559], [139, 559], [139, 599], [55, 599]], '들어가구나', 0.42211820739830597), ([[54, 744], [84, 744], [84, 794], [54, 794]], '국', 0.9649315251615498), ([[214, 764], [240, 764], [240, 804], [214, 804]], '국', 0.8811428452645487), ([[349, 781], [393, 781], [393, 819], [349, 819]], '주', 0.007882452119255312), ([[30.546199078998804, 46.096493092491016], [91.59372783816501, -8.98396500605259], [212.4538009210012, 142.90350690750898], [151.406272161835, 197.98396500605259]], '조', 0.8688142952951381), ([[7.739090974857225, 779.0346366069717], [21.236956180191008, 777.0284796612169], [25.260909025142773, 817.9653633930283], [11.763043819808992, 819.9715203387831]], '두', 0.19331573333531882)]
[([[115, 73], [145, 73], [145, 89], [115, 89]], '아빠', 0.23861702117157257), ([[119, 105], [147, 105], [147, 121], [119, 121]], '이제', 0.6734684465101132), ([[112, 132], [154, 132], [154, 156], [112, 156]], '그럼뒤', 0.23405883914281533), ([[288, 238], [340, 238], [340, 264], [288, 264]], '11 얼굴', 0.2042160267219505), ([[278, 270], [348, 270], [348, 294], [278, 294]], '하고윗으면서', 0.29183538821316385), ([[459, 275], [485, 275], [485, 289], [459, 289]], "그만'", 0.4853505621197204), ([[419, 303], [457, 303], [457, 319], [419, 319]], '왜교래', 0.404918813765804), ([[507, 475], [577, 475], [577, 491], [507, 491]], '이저 꽤냐', 0.6319415004787996), ([[526, 506], [556, 506], [556, 536], [526, 536]], '개', 0.10943254196151031), ([[495, 539], [583, 539], [583, 575], [495, 575]], '줄아켓잡야?', 0.12979915389703686), ([[275, 625], [359, 625], [359, 714], [275, 714]], '주"', 0.0605141242752432), ([[370, 684], [454, 684], [454, 712], [370, 712]], "'뛰야 사극리", 0.3550800468667859), ([[481, 697], [559, 697], [559, 735], [481, 735]], '야 아', 0.7515302896499634), ([[368, 724], [448, 724], [448, 752], [368, 752]], '(또 가늘거니-', 0.3506119284149174), ([[492.19601035230505, 104.04050248782002], [590.0, 162.0], [555.803989647695, 218.95949751217998], [458.0, 162.0]], '사방', 0.0521256525049026), ([[346.01941932430907, 236.0970966215454], [378.59808441289243, 220.03589937299262], [414.98058067569093, 295.9029033784546], [382.40191558710757, 312.9641006270074]], '죽', 0.5047334343651677)]
[([[479, 53], [497, 53], [497, 77], [479, 77]], '+', 0.29906450775826343), ([[440, 54], [494, 54], [494, 102], [440, 102]], '우앗', 0.2426141457767704), ([[142, 94], [194, 94], [194, 120], [142, 120]], '하하하', 0.5885351662690554), ([[152, 134], [190, 134], [190, 160], [152, 160]], '뛰야', 0.11148722127278292), ([[428, 126], [474, 126], [474, 150], [428, 150]], '아아', 0.9900541377837325), ([[124, 170], [216, 170], [216, 198], [124, 198]], '[사루리관 가고', 0.6262367566210412), ([[133, 206], [206, 206], [206, 235], [133, 235]], '(치사하구나', 0.659027179848696), ([[146, 332], [190, 332], [190, 364], [146, 364]], '71내', 0.06455726173874114), ([[275, 385], [295, 385], [295, 409], [275, 409]], '쓸', 0.5031962654622681), ([[263, 421], [305, 421], [305, 435], [263, 435]], '(씨도', 0.010774029062248959), ([[171, 539], [207, 539], [207, 575], [171, 575]], '기', 0.9545471652857032), ([[161, 585], [221, 585], [221, 625], [161, 625]], '죽아다', 0.13386316600141485), ([[165, 631], [215, 631], [215, 675], [165, 675]], '불까!', 0.10049623289004483)]
[([[120, 76], [176, 76], [176, 104], [120, 104]], '사극리', 0.39759285164060837), ([[112, 118], [170, 118], [170, 142], [112, 142]], '아니도', 0.33336399924633586), ([[170, 114], [202, 114], [202, 150], [170, 150]], '쓸', 0.30726693727025634), ([[109, 155], [205, 155], [205, 191], [109, 191]], '갈 것 갈구나', 0.362491363874672), ([[444, 460], [550, 460], [550, 508], [444, 508]], '시, 실에', 0.4450291741248325), ([[449, 525], [545, 525], [545, 567], [449, 567]], '그것만은', 0.8163814544677734), ([[479, 587], [549, 587], [549, 629], [479, 629]], '안되', 0.37683132020992466), ([[73, 715], [150, 715], [150, 758], [73, 758]], '그만뒤', 0.9499387033655375)]
[([[273, 59], [315, 59], [315, 109], [273, 109]], '(', 0.04068292685543895), ([[85, 315], [131, 315], [131, 355], [85, 355]], '아', 0.9999599460797981), ([[43.42594408943397, 14.020622843132166], [104.09149328456921, 0.07480962943221758], [139.57405591056605, 168.97937715686783], [78.90850671543079, 182.92519037056778]], '"', 0.005037678812422952), ([[238.20701767945388, 135.05263259590419], [279.5742744398655, 121.0275458253983], [311.7929823205461, 221.94736740409581], [270.4257255601345, 236.9724541746017]], '부', 0.11344621099368712)]
[([[502, 412], [572, 412], [572, 436], [502, 436]], '너무해 *  엇', 0.10073612368082281), ([[511, 447], [557, 447], [557, 463], [511, 463]], '이고거  .', 0.26510986819600646), ([[315, 637], [365, 637], [365, 673], [315, 673]], '꿈에;,', 0.17463186383247375)]
[([[377, 149], [393, 149], [393, 171], [377, 171]], '꿀어', 0.12255674499169482), ([[371, 183], [401, 183], [401, 197], [371, 197]], '아냐', 0.947397333366944), ([[218, 424], [262, 424], [262, 452], [218, 452]], '여기', 0.8362650025046171)]
[([[168.44784236962576, 201.0305813266319], [241.76329605609342, 264.47979913103404], [210.55215763037424, 300.96941867336807], [138.23670394390658, 237.520200868966]], '파아이', 0.933344026636872)]
[([[18, 784], [66, 784], [66, 808], [18, 808]], '{(^^', 0.31435880064964294), ([[86, 788], [194, 788], [194, 816], [86, 816]], '*키 물3도 소67끼1', 0.013373050483573175)]
[([[249, 341], [273, 341], [273, 355], [249, 355]], '내', 0.35166921172669063), ([[460, 328], [484, 328], [484, 372], [460, 372]], '똑', 0.26995248214554124), ([[236, 366], [282, 366], [282, 390], [236, 390]], '아침박', 0.4781943231833203), ([[252, 396], [284, 396], [284, 422], [252, 422]], '맺어', 0.5308783934293656), ([[267, 493], [295, 493], [295, 507], [267, 507]], '"자고', 0.47871503178734803), ([[100, 512], [134, 512], [134, 538], [100, 538]], '점말', 0.13993187331087512), ([[254, 508], [292, 508], [292, 532], [254, 532]], '있다고', 0.7928083539009094), ([[101, 539], [139, 539], [139, 555], [101, 555]], '손마가', 0.038300723999757445), ([[103, 557], [135, 557], [135, 577], [103, 577]], '매리', 0.07382841014581645), ([[261, 553], [293, 553], [293, 571], [261, 571]], '어눈데', 0.041431944274074706), ([[91, 581], [149, 581], [149, 597], [91, 597]], '내{주1라고', 0.06615304512390677), ([[91, 601], [151, 601], [151, 619], [91, 619]], '섭화라니가', 0.12163626425889036), ([[14, 688], [68, 688], [68, 712], [14, 712]], '내갈계', 0.35711818874267837), ([[213, 701], [237, 701], [237, 717], [213, 717]], '어녁', 0.22728729242054035), ([[213, 721], [251, 721], [251, 739], [213, 739]], '제다로', 0.4453913074850775), ([[207, 741], [251, 741], [251, 759], [207, 759]], '대답해', 0.9862520290804095)]
[([[86, 36], [118, 36], [118, 62], [86, 62]], '겨우', 0.9732930309043318), ([[557, 19], [573, 19], [573, 57], [557, 57]], '통', 0.9774955776163132), ([[73, 73], [145, 73], [145, 109], [73, 109]], '일어*구나', 0.06682543697770293), ([[82, 116], [130, 116], [130, 144], [82, 144]], '사극리', 0.8808937797612062), ([[172, 138], [212, 138], [212, 168], [172, 168]], '끼익', 0.7904386882751393), ([[227, 343], [257, 343], [257, 357], [227, 357]], '시절도', 0.44701181758365516), ([[514, 348], [565, 348], [565, 378], [514, 378]], "'잠깐'", 0.7614278197288513), ([[215, 367], [269, 367], [269, 385], [215, 385]], "코5' 잡야?", 0.09704042177652324), ([[95, 375], [121, 375], [121, 395], [95, 395]], '그댁', 0.27377374031148594), ([[215, 393], [267, 393], [267, 409], [215, 409]], '점신자오다', 0.014874480824033713), ([[88, 404], [132, 404], [132, 428], [88, 428]], '아침밥', 0.5309007561497463), ([[511, 391], [567, 391], [567, 427], [511, 427]], '사무리', 0.3227387946214927), ([[91, 439], [129, 439], [129, 459], [91, 459]], '먹오럼', 0.2319664714701257), ([[369, 525], [415, 525], [415, 563], [369, 563]], '오늘은', 0.7963045835494995), ([[219, 561], [261, 561], [261, 581], [219, 581]], '그럼 나', 0.7589879600679064), ([[217, 593], [265, 593], [265, 611], [217, 611]], '이소리빵', 0.036217719316482544), ([[351, 573], [437, 573], [437, 611], [351, 611]], '일요일이야', 0.7319656457101713), ([[227, 625], [255, 625], [255, 641], [227, 641]], '재네', 0.40731938730928513), ([[353, 619], [441, 619], [441, 661], [353, 661]], '발하이화도', 0.06793762904657197), ([[212, 650], [270, 650], [270, 680], [212, 680]], '갖다불게', 0.11398894339799881), ([[58, 670], [118, 670], [118, 696], [58, 696]], '조심하렵', 0.10167039185762405), ([[362, 670], [430, 670], [430, 698], [362, 698]], '아느거니?', 0.118702223213818), ([[294, 684], [364, 684], [364, 712], [294, 712]], '그랫모가?', 0.12018956361350742)]
[([[243, 83], [307, 83], [307, 103], [243, 103]], '얼마는 잠시', 0.29554552606117435), ([[248, 112], [300, 112], [300, 138], [248, 138]], '이웃집에', 0.6095561981201172), ([[254, 142], [294, 142], [294, 170], [254, 170]], '갖다을', 0.2593006882126086), ([[342, 224], [410, 224], [410, 250], [342, 250]], '벌써 시간이', 0.12468331548337994), ([[198, 300], [250, 300], [250, 324], [198, 324]], '점 조금', 0.5040350500528472), ([[204, 332], [244, 332], [244, 356], [204, 356]], '늦자도', 0.7587786682424799), ([[201, 367], [245, 367], [245, 383], [201, 383]], '물로내가', 0.20205610990524292), ([[215, 397], [243, 397], [243, 417], [215, 417]], '미안', 0.9067730164346471), ([[269, 513], [325, 513], [325, 549], [269, 549]], '사극리', 0.16086854512659354), ([[130, 576], [158, 576], [158, 602], [130, 602]], '왜', 0.9981052322650754), ([[118, 624], [172, 624], [172, 648], [118, 648]], '@반', 0.11502291777232293), ([[268, 698], [304, 698], [304, 722], [268, 722]], '감시', 0.761049383266171), ([[238, 738], [282, 738], [282, 762], [238, 762]], '(기로', 0.5637614631103386), ([[281, 731], [333, 731], [333, 769], [281, 769]], '와불래', 0.5725786210017348)]
[([[166, 48], [224, 48], [224, 76], [166, 76]], '사구리논', 0.1982516199350357), ([[176, 90], [208, 90], [208, 118], [176, 118]], '지금', 0.972328354694348), ([[451, 93], [497, 93], [497, 109], [451, 109]], '거기예', 0.831475564855505), ([[160, 130], [232, 130], [232, 160], [160, 160]], '몇살이지?', 0.9466072883122562), ([[452, 128], [494, 128], [494, 156], [452, 156]], '앉아', 0.9259620517222392), ([[85, 323], [109, 323], [109, 337], [85, 337]], '예?', 0.4698238053487149), ([[56, 354], [124, 354], [124, 382], [56, 382]], '열다석살:', 0.4212082198954705), ([[237, 338], [327, 338], [327, 375], [237, 375]], '화난결까 ', 0.1471061345225666), ([[283, 483], [325, 483], [325, 503], [283, 503]], '그래도', 0.9064717579552769), ([[507, 485], [541, 485], [541, 499], [507, 499]], '그런가', 0.11467135835919583), ([[282, 522], [326, 522], [326, 550], [282, 550]], '이작은', 0.608861231347784), ([[496, 538], [554, 538], [554, 562], [496, 562]], '자라취구나', 0.19850471250822543), ([[398, 580], [462, 580], [462, 606], [398, 606]], '자 감깐', 0.4411390423774719), ([[411, 623], [457, 623], [457, 643], [411, 643]], '아빠', 0.2314240377957355), ([[115, 679], [153, 679], [153, 699], [115, 699]], '아직도', 0.9972231322327364), ([[104, 712], [166, 712], [166, 738], [104, 738]], '(조그말구나', 0.3886355438397887), ([[77, 729], [105, 729], [105, 745], [77, 745]], '에7', 0.5647208899163872)]
[([[94, 66], [178, 66], [178, 92], [94, 92]], '사국리의 성감월', 0.08897894928698158), ([[92, 98], [176, 98], [176, 124], [92, 124]], '확인하논거잡 ', 0.19627426105154833), ([[391, 119], [457, 119], [457, 137], [391, 137]], '무하늘거  .', 0.24804725142110998), ([[84, 178], [130, 178], [130, 202], [84, 202]], '궁하하', 0.1347859186620253), ([[81, 213], [141, 213], [141, 233], [81, 233]], '역시 더기논', 0.5807022748707136), ([[67, 249], [93, 249], [93, 263], [67, 263]], '아진', 0.217573981802787), ([[95, 247], [153, 247], [153, 267], [95, 267]], '어리6서구나', 0.26884509694523506), ([[497, 367], [523, 367], [523, 387], [497, 387]], '그럼', 0.5457973507633439), ([[354, 392], [394, 392], [394, 418], [354, 418]], '모이; .', 0.15271019310640926), ([[434, 398], [466, 398], [466, 422], [434, 422]], '실:', 0.2576388035934745), ([[494, 394], [530, 394], [530, 420], [494, 420]], '이쪽은', 0.5348030070684635), ([[348, 422], [398, 422], [398, 448], [348, 448]], '안문직더', 0.18155395984649658), ([[443, 431], [481, 431], [481, 449], [443, 449]], '그만터', 0.45115949828149315), ([[271, 523], [309, 523], [309, 541], [271, 541]], '아아', 0.9885434046739429), ([[255, 561], [325, 561], [325, 597], [255, 597]], '사극리논', 0.18095512688159943), ([[231, 608], [347, 608], [347, 644], [231, 644]], '아직 처녀구내', 0.15537200501347836)]
[([[407, 9], [477, 9], [477, 45], [407, 45]], '괜찮아', 0.8578981749338574), ([[398, 60], [488, 60], [488, 88], [398, 88]], '아빠한데', 0.9097082018852234), ([[414, 106], [476, 106], [476, 138], [414, 138]], '맡기려', 0.07101478461728257), ([[59, 159], [115, 159], [115, 175], [59, 175]], '그만:  개', 0.3905306709389452), ([[473, 349], [497, 349], [497, 365], [473, 365]], '뛰;', 0.8578597985919976), ([[463, 373], [507, 373], [507, 391], [463, 391]], '벌써 숙"', 0.30572958292778096), ([[453, 395], [518, 395], [518, 419], [453, 419]], '절칠7야?', 0.06242544495565237), ([[508, 468], [550, 468], [550, 494], [508, 494]], '하아', 0.9570164794844804), ([[469, 563], [499, 563], [499, 577], [469, 577]], '1구면', 0.2525458798843008), ([[106, 564], [134, 564], [134, 598], [106, 598]], '어1', 0.36504542064139495), ([[69, 593], [137, 593], [137, 679], [69, 679]], '엇', 0.39383516900160487), ([[52.13227816872538, 535.0952517592642], [84.56568542494924, 522.0402020253554], [108.86772183127462, 587.9047482407358], [76.43431457505076, 599.9597979746446]], '삶', 0.08553152358992921)]
[([[435, 707], [463, 707], [463, 723], [435, 723]], '{하?', 0.11875482981030297), ([[372, 716], [400, 716], [400, 740], [372, 740]], '기분', 0.9986573812539462), ([[429, 731], [473, 731], [473, 745], [429, 745]], '가버겪나', 0.3767440915107727), ([[366, 746], [408, 746], [408, 772], [366, 772]], "'앉니", 0.06689044418792353), ([[363, 781], [411, 781], [411, 801], [363, 801]], '사무리?', 0.436172217130661)]
[([[252, 48], [296, 48], [296, 74], [252, 74]], "'예?", 0.9891091825889264), ([[367, 165], [399, 165], [399, 183], [367, 183]], '그럼:', 0.14201731370150905), ([[511, 427], [543, 427], [543, 445], [511, 445]], '오바', 0.08561188890570047), ([[399, 579], [435, 579], [435, 597], [399, 597]], '거짓말', 0.6865852578814386), ([[403, 605], [435, 605], [435, 619], [403, 619]], '01싱?', 0.12520991265773773), ([[305, 637], [351, 637], [351, 653], [305, 653]], '그런거지?', 0.6790940992856491)]
[([[1071, 27], [1430, 27], [1430, 119], [1071, 119]], '인간남캐량사', 0.07673656566074162), ([[581, 99], [852, 99], [852, 258], [581, 258]], '후기', 0.9999820454897439), ([[367, 445], [1093, 445], [1093, 555], [367, 555]], '떡만 잘 치다가 죽어버리네', 0.4337454742636096), ([[444, 618], [546, 618], [546, 674], [444, 674]], '01거', 0.6971719005254989), ([[558, 604], [1022, 604], [1022, 702], [558, 702]], '원작 게임이앗지?', 0.5084419527168919), ([[342, 746], [1116, 746], [1116, 847], [342, 847]], '1거도 언젠가는 해반0-하논데,', 0.10108907867457842), ([[333, 893], [1075, 893], [1075, 1009], [333, 1009]], '빠릎 시일 내에 자살해071', 0.15588129946978665), ([[829, 1363], [893, 1363], [893, 1447], [829, 1447]], '팀', 0.999874595759195), ([[1007, 1893], [1180, 1893], [1180, 2000], [1007, 2000]], '변태', 0.3553824777401914), ([[1159.437093810085, 1909.460956478323], [1390.5631834347548, 1784.9242657370835], [1436.562906189915, 1898.539043521677], [1206.4368165652452, 2023.0757342629165]], '강간마', 0.9947217141289926), ([[891.2182845976921, 1792.0235243216891], [1036.98084346606, 1892.2945193768446], [972.7817154023079, 1983.9764756783109], [827.01915653394, 1883.7054806231554]], '레어', 0.9891465641286472)]
