953385
17
[([[73, 63], [973, 63], [973, 251], [73, 251]], '그랑불루의', 0.710757992305553), ([[82, 293], [611, 293], [611, 466], [82, 466]], '야한책', 0.9970062971115112), ([[1754, 752], [1965, 752], [1965, 845], [1754, 845]], '닦18', 0.1780298352241516), ([[1851, 843], [1960, 843], [1960, 893], [1851, 893]], '5어적', 0.013113490519141086), ([[1794, 885], [1961, 885], [1961, 939], [1794, 939]], '4마시너7', 0.001973591637624218)]
[([[73, 181], [410, 181], [410, 281], [73, 281]], '[머리말', 0.30829569697380066), ([[66, 291], [1457, 291], [1457, 395], [66, 395]], '안녕하세요 * 5 6 5 5논 스입니다 ! !', 0.07058896462505113), ([[66, 513], [487, 513], [487, 612], [66, 612]], '그랑늘루의', 0.36295412795830895), ([[512, 514], [1027, 514], [1027, 612], [512, 612]], '패치책입니다', 0.5964266551662785), ([[1039, 514], [1536, 514], [1536, 612], [1039, 612]], '! (대부분 발)', 0.9960809574779316), ([[67, 623], [1958, 623], [1958, 725], [67, 725]], '일단 지금 그리고 싶은 캐릭터클 초이스햇습니다 !', 0.5309824140813515), ([[71, 737], [402, 737], [402, 835], [71, 835]], '아시고키', 0.9993930209621273), ([[433, 739], [685, 739], [685, 835], [433, 835]], '느낌의', 0.9984268146040366), ([[715, 737], [1588, 737], [1588, 838], [715, 838]], '테레즈가 표입니다만', 0.893223929763922), ([[70, 849], [407, 849], [407, 947], [70, 947]], '초이스에', 0.8815017086597274), ([[434, 851], [1339, 851], [1339, 944], [434, 944]], '특별한 의미논 없습니다', 0.5429739809461855), ([[1359, 867], [1387, 867], [1387, 924], [1359, 924]], '!', 0.9893583966966482), ([[1414, 848], [1874, 848], [1874, 946], [1414, 946]], '진짜에요 ! !', 0.9969867799050456), ([[100, 1221], [276, 1221], [276, 1401], [100, 1401]], '5', 0.044303249977506454), ([[1682.7881500207093, 1196.0349953582715], [1881.2717526807469, 1235.64900710204], [1841.2118499792907, 1410.9650046417285], [1641.7282473192531, 1371.35099289796]], '(~', 0.5341817050171641)]
[([[15, 171], [292, 171], [292, 249], [15, 249]], '플라리스', 0.6800485849380493), ([[18, 254], [424, 254], [424, 332], [18, 332]], '크리스마스에', 0.9593490360838347), ([[17, 337], [221, 337], [221, 417], [17, 417]], '그리면', 0.9997612481058215), ([[15, 418], [292, 418], [292, 498], [15, 498]], '나온다고', 0.4827040135860443), ([[15, 504], [222, 504], [222, 579], [15, 579]], '하길래', 0.9645016062041897), ([[15, 589], [227, 589], [227, 665], [15, 665]], '그렇다', 0.22034843569989568), ([[16, 712], [104, 712], [104, 921], [16, 921]], '낮', 0.38755515744020386), ([[16, 939], [106, 939], [106, 1151], [16, 1151]], '함', 0.012932890766127747)]
[([[1472, 57], [1974, 57], [1974, 136], [1472, 136]], '테레즈 아시고키', 0.7798459760831237), ([[1475, 141], [1747, 141], [1747, 219], [1475, 219]], '여러가지', 0.9928717908442002), ([[1768, 141], [1980, 141], [1980, 217], [1768, 217]], '의미로', 0.9999949069135972), ([[1475, 225], [1976, 225], [1976, 303], [1475, 303]], '추억이 깊은 1장', 0.6294425278054114), ([[1560, 306], [1892, 306], [1892, 387], [1560, 387]], '(의미있는)', 0.5961518369065985)]
[([[77, 88], [289, 88], [289, 164], [77, 164]], '테레즈', 0.9973457346275508), ([[310, 86], [778, 86], [778, 162], [310, 162]], '아시고키 2번째', 0.9149660368214875), ([[78, 170], [218, 170], [218, 247], [78, 247]], '표지', 0.9863366041660506), ([[238, 170], [382, 170], [382, 245], [238, 245]], '맨발', 0.9925362227069522), ([[77, 251], [932, 251], [932, 332], [77, 332]], '5-:화 기다리고 있젯습니다', 0.04728264168007896)]
[([[31, 115], [466, 115], [466, 193], [31, 193]], '유월 아시고키', 0.674983902745073), ([[32, 195], [769, 195], [769, 282], [32, 282]], '첫 서프라이즈 티켓으로', 0.6921138665837675), ([[31, 282], [699, 282], [699, 360], [31, 360]], '받은 만큼 좋아합니다', 0.9760619908117)]
[([[1564, 66], [1704, 66], [1704, 142], [1564, 142]], '유월', 0.3633465431009022), ([[1725, 66], [1930, 66], [1930, 142], [1725, 142]], '기승위', 0.9577678564641776), ([[1361, 148], [1937, 148], [1937, 228], [1361, 228]], '최종 해방햇습니다', 0.4919508977623312), ([[1222, 234], [1635, 234], [1635, 309], [1222, 309]], '-버100이 멸치', 0.1143576235686782), ([[1656, 234], [1937, 234], [1937, 309], [1656, 309]], '않습니다', 0.8993300199508667)]
[([[1524, 88], [1959, 88], [1959, 164], [1524, 164]], '제타 아시고키', 0.8918438188462542), ([[1462, 167], [1963, 167], [1963, 253], [1462, 253]], '서프라이즈 티켓', 0.7147425608747959), ([[1354, 254], [1968, 254], [1968, 332], [1354, 332]], '2장재는 제타입니다', 0.8339429026635211)]
[([[1182, 35], [1987, 35], [1987, 113], [1182, 113]], '제타는 겨드랑이가 좋아요', 0.7845583864710606), ([[1519, 115], [1985, 115], [1985, 194], [1519, 194]], '최종 상한 해방', 0.9838732570765557), ([[1518, 202], [1658, 202], [1658, 278], [1518, 278]], '빨리', 0.9999523743933595), ([[1681, 202], [1985, 202], [1985, 278], [1681, 278]], '하고 싶다', 0.9999321886588006)]
[([[1402, 60], [1608, 60], [1608, 138], [1402, 138]], '파라의', 0.9998876776040166), ([[1632, 60], [1933, 60], [1933, 136], [1632, 136]], '벗은 맨발', 0.8839995105548605), ([[1333, 144], [1936, 144], [1936, 222], [1333, 222]], '~입다 ~숨다 말버릇', 0.607569146165382), ([[1362, 228], [1569, 228], [1569, 306], [1362, 306]], '캐릭터', 0.9999107338403134), ([[1592, 226], [1936, 226], [1936, 304], [1592, 304]], '좋아합니다', 0.9707130551603731), ([[1216, 310], [1637, 310], [1637, 386], [1216, 386]], '$-:화 해보면', 0.08531788342248035), ([[1661, 310], [1931, 310], [1931, 388], [1661, 388]], '엉여전력', 0.884332001209259)]
[([[1267, 35], [1939, 35], [1939, 122], [1267, 122]], '파라 음부 노출시에는', 0.8374201894045972), ([[1271, 122], [1411, 122], [1411, 200], [1271, 200]], '나의', 0.9955189431094327), ([[1432, 124], [1570, 124], [1570, 202], [1432, 202]], '것이', 0.9556128883745236), ([[1596, 124], [1940, 124], [1940, 200], [1596, 200]], '사냥당하다', 0.9822152188410781)]
[([[1469, 1527], [1984, 1527], [1984, 1608], [1469, 1608]], '붙잡넣 예름에스', 0.25872257288802625), ([[1456, 1606], [1981, 1606], [1981, 1698], [1456, 1698]], '모롭{폐트랑이', 0.014755772638357985)]
[([[38, 982], [479, 982], [479, 1062], [38, 1062]], '헤르에스 유혹', 0.6958995757623039), ([[40, 1065], [498, 1065], [498, 1141], [40, 1141]], '상한 해방 그림', 0.9933065017286296), ([[40, 1147], [316, 1147], [316, 1225], [40, 1225]], '엉덩이가', 0.9998800754547119), ([[38, 1233], [542, 1233], [542, 1308], [38, 1308]], '에로햇기 때문에', 0.8900073005101827), ([[38, 1396], [405, 1396], [405, 1476], [38, 1476]], '또한 끝나지', 0.9981352101159242), ([[425, 1398], [571, 1398], [571, 1473], [425, 1473]], '않논', 0.394103862036749), ([[43, 1489], [181, 1489], [181, 1556], [43, 1556]], '오늘', 0.9738221238080051)]
[([[1636, 185], [1984, 185], [1984, 263], [1636, 263]], '지타입니다', 0.9934740103121183), ([[1449, 269], [1981, 269], [1981, 346], [1449, 346]], '년자 코스가 가장', 0.4766249919961953), ([[1480, 354], [1750, 354], [1750, 430], [1480, 430]], '시코리터', 0.6676056385040283), ([[1772, 354], [1984, 354], [1984, 428], [1772, 428]], '높아요', 0.9997066025948411)]
[([[63, 1491], [448, 1491], [448, 1560], [63, 1560]], '게임 쪽은 이제', 0.9393093062098962), ([[467, 1495], [1086, 1495], [1086, 1558], [467, 1558]], '겨우 "라7*가 101름 넘어', 0.022757180031136713), ([[1104, 1495], [1337, 1495], [1337, 1560], [1104, 1560]], '이제서야', 0.9877926381614889), ([[62, 1558], [1641, 1558], [1641, 1632], [62, 1632]], '제법 한다는 느낌입니다 에어플레이어라고 말하지 말아주세요', 0.44389231415143926), ([[63, 1696], [558, 1696], [558, 1761], [63, 1761]], '이번에는 첫 풀컬러', 0.7252874443205248), ([[577, 1696], [1302, 1696], [1302, 1761], [577, 1761]], '책올 만들어 내놓앗습니다만', 0.713105553771915), ([[62, 1760], [1552, 1760], [1552, 1832], [62, 1832]], '언제나 풀컬러 책올 내놓는 사람은 대단하다고 생각합니다', 0.6145201655791918), ([[65, 1827], [1683, 1827], [1683, 1893], [65, 1893]], '게임이 질리지 않듣다면 다음에도 책올 만들려고 하고 있습니다', 0.4379842239749188), ([[65, 1894], [878, 1894], [878, 1961], [65, 1961]], '그 때는 잘 부탁 합니다 ! (정직)', 0.7901441539804671), ([[127, 2029], [214, 2029], [214, 2092], [127, 2092]], '(킬)', 0.030444856733083725), ([[442, 2029], [525, 2029], [525, 2092], [442, 2092]], '(3)', 0.14944575726985931), ([[663, 2026], [748, 2026], [748, 2089], [663, 2089]], '($)', 0.2771438658237457), ([[86, 2092], [394, 2092], [394, 2165], [86, 2165]], '[카타리나 !', 0.9981353774366484), ([[447, 2095], [611, 2095], [611, 2160], [447, 2160]], '비라 !', 0.9997931468564257), ([[663, 2095], [849, 2095], [849, 2162], [663, 2162]], '실바 !]', 0.8635114535301534), ([[1653, 2134], [1871, 2134], [1871, 2178], [1653, 2178]], '벼+소트채+*;', 0.0008218368244734198), ([[81, 2357], [201, 2357], [201, 2425], [81, 2425]], '각사', 0.020311028072523572), ([[78, 2488], [252, 2488], [252, 2555], [78, 2555]], '죽소터', 0.1620403026612439), ([[275, 2490], [607, 2490], [607, 2551], [275, 2551]], '2016/3/27', 0.8444895729556668), ([[77, 2551], [800, 2551], [800, 2624], [77, 2624]], '(77-부서= ) 주껴포분2)', 0.018308836273244533), ([[1162, 2530], [1967, 2530], [1967, 2669], [1162, 2669]], '-신시(:어우?', 0.0007143320502990354), ([[78, 2618], [682, 2618], [682, 2687], [78, 2687]], "종툼주 4스'1내-7", 0.003317212117902732), ([[1199, 2655], [1762, 2655], [1762, 2710], [1199, 2710]], '훌++마 //신 $나,용싣어나명', 0.0001971964400589159), ([[1772, 2658], [1932, 2658], [1932, 2708], [1772, 2708]], '00 ;명/', 0.13477595325953837), ([[75, 2683], [577, 2683], [577, 2752], [75, 2752]], '+담;++라마 @:신7어밟', 0.0006413086407014197)]
[([[141, 180], [890, 180], [890, 341], [141, 341]], '그랑블무의', 0.415434809056988), ([[952, 181], [1249, 181], [1249, 337], [952, 337]], '다리', 0.9999768193120121), ([[1309, 181], [1627, 181], [1627, 337], [1309, 337]], '많은', 0.940101235126369), ([[141, 347], [761, 347], [761, 505], [141, 505]], '패티쉬도', 0.9044162034988403), ([[806, 347], [1265, 347], [1265, 505], [806, 505]], '있다고', 0.9977636437065491), ([[1310, 348], [1622, 348], [1622, 500], [1310, 500]], '하고', 0.9999883674896276), ([[146, 512], [607, 512], [607, 671], [146, 671]], '본방도', 0.8596299886703491), ([[653, 511], [1116, 511], [1116, 674], [653, 674]], '있다고', 0.998986544288563), ([[1160, 518], [1478, 518], [1478, 667], [1160, 667]], '하는', 0.4037005311427912), ([[146, 679], [447, 679], [447, 838], [146, 838]], '여러', 0.9999771564845276), ([[494, 679], [952, 679], [952, 840], [494, 840]], '캐릭터', 0.9999053655162471), ([[1002, 679], [1824, 679], [1824, 843], [1002, 843]], '일러스트 책', 0.7298709761376738), ([[223, 837], [575, 837], [575, 937], [223, 937]], '[캐릭터)', 0.9587556704137569), ([[603, 835], [951, 835], [951, 939], [603, 939]], '플라리스', 0.8633043879109626), ([[1015, 838], [1283, 838], [1283, 936], [1015, 936]], '테레즈', 0.9914079662108224), ([[1351, 841], [1526, 841], [1526, 932], [1351, 932]], '유월', 0.8060578002200749), ([[1600, 841], [1782, 841], [1782, 930], [1600, 930]], '세타', 0.9324136128093349), ([[610, 937], [789, 937], [789, 1034], [610, 1034]], '파라', 0.999964006781098), ([[860, 940], [1208, 940], [1208, 1033], [860, 1033]], '헤로에스', 0.4092177450656891), ([[1276, 940], [1455, 940], [1455, 1029], [1276, 1029]], '지타', 0.8655650023863192), ([[76, 2609], [490, 2609], [490, 2672], [76, 2672]], '6시:43시:시', 0.001014094278059033), ([[522, 2609], [632, 2609], [632, 2672], [522, 2672]], '히0', 0.09112957516053019), ([[661, 2609], [828, 2609], [828, 2672], [661, 2672]], '5투71', 0.04218889772891998), ([[858, 2607], [1018, 2607], [1018, 2672], [858, 2672]], '3이근', 0.014867702382984948), ([[76, 2724], [581, 2724], [581, 2790], [76, 2790]], '5장746:4시마긋', 0.0003900150444997818), ([[607, 2721], [978, 2721], [978, 2794], [607, 2794]], '*밑시--41', 0.0051074487302497865), ([[1004, 2731], [1043, 2731], [1043, 2785], [1004, 2785]], '2', 1.0), ([[1081, 2724], [1528, 2724], [1528, 2790], [1081, 2790]], '(잠시:4--4디', 0.004105004455575944), ([[1558, 2727], [1884, 2727], [1884, 2787], [1558, 2787]], '[마서-.풀+5', 0.0008331012046622107), ([[1640.086474619004, 2339.052329185335], [1751.8017063450177, 2375.229864946929], [1727.913525380996, 2441.947670814665], [1617.1982936549823, 2405.770135053071]], ')) )', 0.9967643551569475)]
[([[151, 195], [758, 195], [758, 299], [151, 299]], '역식자 부가 설명', 0.7927917051905882), ([[148, 294], [1229, 294], [1229, 398], [148, 398]], '01). 년자 코스 = 년자 코스프레', 0.3481536096612143), ([[147, 392], [770, 392], [770, 501], [147, 501]], '02). 에어플레이어', 0.5236432815076875), ([[786, 415], [843, 415], [843, 476], [786, 476]], '=', 0.9998774566047928), ([[856, 392], [1828, 392], [1828, 501], [856, 501]], '에어기타 처럼 실제로 없지만', 0.994862175528736), ([[853, 495], [1735, 495], [1735, 599], [853, 599]], '하는 시능만하는 플레이어', 0.48964401809164815), ([[147, 593], [1716, 593], [1716, 702], [147, 702]], "03). 시코리티() 그 ' 주 ^ ) 원지 모르켓습니다", 0.3332982706017289), ([[315, 696], [702, 696], [702, 804], [315, 804]], '뉘양스로는', 0.2661768997567821), ([[742, 698], [1017, 698], [1017, 803], [742, 803]], '동질감"', 0.9931455850601196), ([[1093, 696], [1580, 696], [1580, 807], [1093, 807]], '인것 같은데. .', 0.40484707567211525), ([[311, 792], [1859, 792], [1859, 901], [311, 901]], '정확한 단어름 풀이활수 있으신 분이 계시다면', 0.5190653805941372), ([[316, 895], [1147, 895], [1147, 999], [316, 999]], '부디 제보 부탁드럽니다', 0.6889554206690994), ([[52, 2660], [1960, 2660], [1960, 2807], [52, 2807]], '이 이미지논 침부파일에 들어있지 않습니다', 0.35706890287688)]
