953826
8
[([[217.15350102802535, 74.12190349528619], [279.976833630141, 89.62789579623238], [272.84649897197465, 113.87809650471381], [210.02316636985898, 98.37210420376762]], '72', 0.35553103505203437)]
[([[542, 38], [814, 38], [814, 116], [542, 116]], '코우타군', 0.9968738555908203), ([[836, 38], [1204, 38], [1204, 118], [836, 118]], '긴장되나요?', 0.9384458530943), ([[892, 835], [1199, 835], [1199, 902], [892, 902]], '걱정하지 말고', 0.6328878680768493), ([[887, 947], [1219, 947], [1219, 1035], [887, 1035]], '넣어취요!', 0.488152212746426)]
[([[559, 31], [753, 31], [753, 141], [559, 141]], '예하~', 0.045906623505709), ([[981, 85], [1049, 85], [1049, 151], [981, 151]], '아', 0.2757486565492542), ([[1040, 188], [1146, 188], [1146, 266], [1040, 266]], '아~', 0.9171131571467958), ([[0, 299], [99, 299], [99, 441], [0, 441]], ':?', 0.041716738280024764), ([[1060, 666], [1164, 666], [1164, 766], [1060, 766]], '사등', 0.005056388933312015), ([[1000, 796], [1180, 796], [1180, 918], [1000, 918]], '손~', 0.0338880334922836), ([[218.41998520943426, 76.08595119113305], [278.9835557332681, 89.7440573247396], [272.58001479056577, 112.91404880886695], [213.01644426673195, 98.2559426752604]], '725', 0.5414604902035717), ([[100.05777299374985, 295.0158579143706], [380.4873638949677, 433.66663088605105], [270.94222700625016, 647.9841420856294], [-9.487363894967725, 509.33336911394895]], '{{', 0.07581216712431037), ([[405.0127388858555, 756.8292994374676], [627.668530772242, 670.5817731580149], [651.9872611141445, 752.1707005625324], [428.331469227758, 837.4182268419851]], '{034고', 0.20030130727617493)]
[([[38, 38], [92, 38], [92, 100], [38, 100]], '8', 0.014333675137592705), ([[542, 36], [618, 36], [618, 150], [542, 150]], '혼', 0.034269177700552156), ([[218.41998520943426, 76.08595119113305], [278.9835557332681, 89.7440573247396], [272.58001479056577, 112.91404880886695], [213.01644426673195, 98.2559426752604]], '725', 0.5405644395659083), ([[95.50711099750323, 308.01519815955226], [152.416102673519, 293.01082866843564], [199.49288900249678, 485.98480184044774], [141.583897326481, 500.98917133156436]], '푹', 0.47754127830381776), ([[467.38294249392027, 326.0272501812993], [521.8462849843704, 319.24787205715944], [537.6170575060797, 452.9727498187007], [483.15371501562953, 460.75212794284056]], '표', 0.267318110935296)]
[([[844, 0], [1060, 0], [1060, 202], [844, 202]], '9', 0.9711103506945165), ([[217.15350102802535, 74.12190349528619], [279.976833630141, 89.62789579623238], [272.84649897197465, 113.87809650471381], [210.02316636985898, 98.37210420376762]], '72', 0.35553103505203437)]
[([[1123, 383], [1163, 383], [1163, 445], [1123, 445]], '9', 0.7737922960882884), ([[217.15350102802535, 74.12190349528619], [279.976833630141, 89.62789579623238], [272.84649897197465, 113.87809650471381], [210.02316636985898, 98.37210420376762]], '72', 0.35553103505203437)]
[([[1086, 416], [1166, 416], [1166, 626], [1086, 626]], '책', 0.014363724789888899), ([[217.15350102802535, 74.12190349528619], [279.976833630141, 89.62789579623238], [272.84649897197465, 113.87809650471381], [210.02316636985898, 98.37210420376762]], '72', 0.35553103505203437)]
[([[213, 61], [317, 61], [317, 121], [213, 121]], '역자', 0.8267970075367852), ([[340, 62], [616, 62], [616, 124], [340, 124]], "'미키미키미", 0.7008365975427916), ([[209, 115], [322, 115], [322, 182], [209, 182]], '식자', 0.9985673921919618), ([[370, 117], [617, 117], [617, 181], [370, 181]], '미키미키미', 0.9372734859065496), ([[209, 231], [1025, 231], [1025, 297], [209, 297]], '분량도 적고 식자도 바쁘길래 혼자함', 0.9607228590081416), ([[207, 291], [619, 291], [619, 356], [207, 356]], "고로' ?이 좀 구림", 0.20996416107783952), ([[205, 339], [828, 339], [828, 413], [205, 413]], '사실 번역활것도 없지않나?', 0.5948799517546345), ([[1086, 416], [1164, 416], [1164, 618], [1086, 618]], '짧', 0.13770340485508825)]
